LagTime	Correlation

0	0.67495
0.1	0.669933
0.2	0.66246
0.3	0.654445
0.4	0.646369
0.5	0.63835
0.6	0.630424
0.7	0.622595
0.8	0.614861
0.9	0.607221
1	0.599677
1.1	0.592228
1.2	0.584873
1.3	0.577613
1.4	0.570448
1.5	0.563374
1.6	0.556388
1.7	0.549486
1.8	0.542668
1.9	0.535934
2	0.529288
2.1	0.522728
2.2	0.516248
2.3	0.509847
2.4	0.503529
2.5	0.49729
2.6	0.491127
2.7	0.48504
2.8	0.479029
2.9	0.473098
3	0.467242
3.1	0.461458
3.2	0.455747
3.3	0.450109
3.4	0.444537
3.5	0.43903
3.6	0.433588
3.7	0.428213
3.8	0.422905
3.9	0.417665
4	0.412492
4.1	0.407383
4.2	0.402344
4.3	0.39737
4.4	0.392459
4.5	0.387617
4.6	0.382837
4.7	0.378117
4.8	0.373457
4.9	0.368859
5	0.364312
5.1	0.359816
5.2	0.355376
5.3	0.350992
5.4	0.346665
5.5	0.342393
5.6	0.338177
5.7	0.334012
5.8	0.329898
5.9	0.325835
6	0.321816
6.1	0.317845
6.2	0.313921
6.3	0.310045
6.4	0.306212
6.5	0.302429
6.6	0.298691
6.7	0.295002
6.8	0.29136
6.9	0.287764
7	0.284209
7.1	0.280694
7.2	0.27722
7.3	0.273785
7.4	0.270391
7.5	0.267035
7.6	0.263717
7.7	0.260436
7.8	0.257195
7.9	0.253993
8	0.250831
8.1	0.24771
8.2	0.244634
8.3	0.241598
8.4	0.238601
8.5	0.23564
8.6	0.232718
8.7	0.229826
8.8	0.226972
8.9	0.224154
9	0.221376
9.1	0.218637
9.2	0.215934
9.3	0.213266
9.4	0.210631
9.5	0.208026
9.6	0.205448
9.7	0.202892
9.8	0.200368
9.9	0.197875
10	0.195415
10.1	0.192985
10.2	0.190584
10.3	0.188214
10.4	0.185879
10.5	0.183575
10.6	0.181305
10.7	0.17907
10.8	0.176866
10.9	0.174688
11	0.172538
11.1	0.170417
11.2	0.168324
11.3	0.166252
11.4	0.164207
11.5	0.162194
11.6	0.160209
11.7	0.158246
11.8	0.156305
11.9	0.154389
12	0.152494
12.1	0.150619
12.2	0.148765
12.3	0.146936
12.4	0.14513
12.5	0.143347
12.6	0.141586
12.7	0.139849
12.8	0.138135
12.9	0.136443
13	0.134771
13.1	0.133115
13.2	0.131471
13.3	0.129845
13.4	0.12824
13.5	0.126658
13.6	0.125102
13.7	0.123563
13.8	0.122042
13.9	0.120533
14	0.119043
14.1	0.117574
14.2	0.116119
14.3	0.114684
14.4	0.113271
14.5	0.11188
14.6	0.110508
14.7	0.109158
14.8	0.107827
14.9	0.106513
15	0.105216
15.1	0.103932
15.2	0.102664
15.3	0.101413
15.4	0.100175
15.5	0.0989526
15.6	0.0977454
15.7	0.0965522
15.8	0.0953712
15.9	0.0942027
16	0.0930478
16.1	0.0919004
16.2	0.0907704
16.3	0.0896551
16.4	0.0885534
16.5	0.0874618
16.6	0.0863787
16.7	0.0853055
16.8	0.0842474
16.9	0.0832051
17	0.08218
17.1	0.0811698
17.2	0.0801754
17.3	0.0791969
17.4	0.0782356
17.5	0.0772875
17.6	0.0763518
17.7	0.0754316
17.8	0.0745268
17.9	0.0736396
18	0.0727624
18.1	0.071891
18.2	0.0710262
18.3	0.0701736
18.4	0.0693335
18.5	0.0685061
18.6	0.0676902
18.7	0.0668846
18.8	0.066089
18.9	0.0653058
19	0.0645322
19.1	0.0637694
19.2	0.0630166
19.3	0.0622728
19.4	0.0615392
19.5	0.0608129
19.6	0.0600939
19.7	0.0593835
19.8	0.0586795
19.9	0.0579837
20	0.0572941
20.1	0.056609
20.2	0.0559318
20.3	0.0552619
20.4	0.0546001
20.5	0.0539496
20.6	0.0533055
20.7	0.0526655
20.8	0.0520329
20.9	0.0514061
21	0.0507818
21.1	0.0501598
21.2	0.0495456
21.3	0.0489371
21.4	0.0483334
21.5	0.0477332
21.6	0.047137
21.7	0.046546
21.8	0.0459651
21.9	0.0453911
22	0.0448222
22.1	0.044261
22.2	0.043708
22.3	0.0431636
22.4	0.0426238
22.5	0.0420894
22.6	0.0415608
22.7	0.0410358
22.8	0.0405167
22.9	0.0399973
23	0.0394768
23.1	0.0389613
23.2	0.0384509
23.3	0.037946
23.4	0.0374448
23.5	0.0369464
23.6	0.0364506
23.7	0.0359546
23.8	0.0354582
23.9	0.0349693
24	0.0344907
24.1	0.0340221
24.2	0.0335613
24.3	0.0331044
24.4	0.0326544
24.5	0.0322081
24.6	0.0317643
24.7	0.0313224
24.8	0.0308853
24.9	0.0304549
25	0.0300292
25.1	0.0296076
25.2	0.0291929
25.3	0.0287857
25.4	0.0283787
25.5	0.0279757
25.6	0.0275782
25.7	0.0271825
25.8	0.026787
25.9	0.0263877
26	0.0259895
26.1	0.0255925
26.2	0.0251962
26.3	0.0248066
26.4	0.0244225
26.5	0.0240453
26.6	0.0236764
26.7	0.0233148
26.8	0.0229557
26.9	0.0226004
27	0.0222504
27.1	0.0219112
27.2	0.0215784
27.3	0.0212498
27.4	0.0209236
27.5	0.0206054
27.6	0.020293
27.7	0.0199822
27.8	0.0196793
27.9	0.0193844
28	0.0190957
28.1	0.0188109
28.2	0.0185283
28.3	0.0182494
28.4	0.0179799
28.5	0.0177087
28.6	0.0174348
28.7	0.0171608
28.8	0.016885
28.9	0.0166188
29	0.016358
29.1	0.016094
29.2	0.0158294
29.3	0.0155692
29.4	0.0153187
29.5	0.0150763
29.6	0.0148435
29.7	0.0146168
29.8	0.0143956
29.9	0.014181
30	0.0139662
30.1	0.0137508
30.2	0.0135406
30.3	0.013337
30.4	0.0131344
30.5	0.0129361
30.6	0.0127409
30.7	0.0125443
30.8	0.0123463
30.9	0.0121455
31	0.0119469
31.1	0.011748
31.2	0.0115486
31.3	0.0113507
31.4	0.0111557
31.5	0.0109662
31.6	0.010781
31.7	0.0105964
31.8	0.0104139
31.9	0.0102325
32	0.0100556
32.1	0.00988523
32.2	0.0097166
32.3	0.00955389
32.4	0.00939925
32.5	0.00924748
32.6	0.00910158
32.7	0.00895883
32.8	0.00881854
32.9	0.00867989
33	0.00853993
33.1	0.00840388
33.2	0.00826592
33.3	0.00812483
33.4	0.00797866
33.5	0.00783233
33.6	0.00768803
33.7	0.00754727
33.8	0.00741159
33.9	0.0072771
34	0.00714661
34.1	0.00702156
34.2	0.00689806
34.3	0.00677507
34.4	0.00665048
34.5	0.00652591
34.6	0.00640044
34.7	0.00627652
34.8	0.00615471
34.9	0.00603552
35	0.00591841
35.1	0.00580474
35.2	0.00569487
35.3	0.00558708
35.4	0.00547913
35.5	0.0053689
35.6	0.00526063
35.7	0.00515513
35.8	0.00505243
35.9	0.00495651
36	0.004869
36.1	0.00478444
36.2	0.00470792
36.3	0.00463688
36.4	0.00457465
36.5	0.00451718
36.6	0.00446352
36.7	0.00440907
36.8	0.00435745
36.9	0.00431085
37	0.00426901
37.1	0.0042291
37.2	0.00418936
37.3	0.0041469
37.4	0.00409758
37.5	0.00404014
37.6	0.00397922
37.7	0.0039263
37.8	0.00388132
37.9	0.00384424
38	0.00380633
38.1	0.00376983
38.2	0.00373145
38.3	0.00369285
38.4	0.00365003
38.5	0.00360336
38.6	0.00355521
38.7	0.00350494
38.8	0.00345469
38.9	0.00340517
39	0.0033571
39.1	0.00330597
39.2	0.00325665
39.3	0.0032062
39.4	0.00315644
39.5	0.0031056
39.6	0.00304827
39.7	0.0029823
39.8	0.00291521
39.9	0.00284439
40	0.00276837
40.1	0.00269268
40.2	0.00261615
40.3	0.00254087
40.4	0.00247019
40.5	0.00239793
40.6	0.00232766
40.7	0.00226218
40.8	0.00219408
40.9	0.00212183
41	0.0020493
41.1	0.00197877
41.2	0.00190575
41.3	0.00183624
41.4	0.00177145
41.5	0.00170848
41.6	0.00165502
41.7	0.00159931
41.8	0.00154845
41.9	0.0015
42	0.00144922
42.1	0.00139837
42.2	0.00134279
42.3	0.00128597
42.4	0.00123037
42.5	0.00117585
42.6	0.00112006
42.7	0.00105987
42.8	0.000996073
42.9	0.000934606
43	0.000875985
43.1	0.000816078
43.2	0.00075288
43.3	0.000689938
43.4	0.00063032
43.5	0.000572859
43.6	0.000518798
43.7	0.000469405
43.8	0.0004293
43.9	0.000403393
44	0.000376531
44.1	0.000354047
44.2	0.000334627
44.3	0.000317104
44.4	0.000301016
44.5	0.00028753
44.6	0.000277858
44.7	0.000270083
44.8	0.000265545
44.9	0.000262686
45	0.000261694
45.1	0.000262451
45.2	0.000263932
45.3	0.000269872
45.4	0.000279809
45.5	0.000295553
45.6	0.000311378
45.7	0.000325076
45.8	0.000335853
45.9	0.000344996
46	0.000355989
46.1	0.000366606
46.2	0.000373155
46.3	0.000377928
46.4	0.000386211
46.5	0.000395893
46.6	0.000406205
46.7	0.000414478
46.8	0.000417308
46.9	0.000417148
47	0.000422709
47.1	0.00043411
47.2	0.000449105
47.3	0.000464461
47.4	0.000473578
47.5	0.00047783
47.6	0.000480831
47.7	0.000482678
47.8	0.000489409
47.9	0.000496372
48	0.000502954
48.1	0.000513576
48.2	0.000524733
48.3	0.000535628
48.4	0.000545246
48.5	0.000550588
48.6	0.000551451
48.7	0.000550097
48.8	0.000549878
48.9	0.000549251
49	0.000546688
49.1	0.00054214
49.2	0.000531743
49.3	0.000521422
49.4	0.000515399
49.5	0.000511213
49.6	0.000506219
49.7	0.000501698
49.8	0.000497902
49.9	0.00049251
50	0.000485703
50.1	0.0004764
50.2	0.000462365
50.3	0.000447002
50.4	0.0004273
50.5	0.000409621
50.6	0.000389819
50.7	0.000364723
50.8	0.000335791
50.9	0.000303415
51	0.000269439
51.1	0.000233805
51.2	0.000201431
51.3	0.000171388
51.4	0.000139727
51.5	0.000107622
51.6	8.11359e-05
51.7	6.01343e-05
51.8	4.45458e-05
51.9	3.32663e-05
52	2.53424e-05
52.1	1.98173e-05
52.2	1.18776e-05
52.3	-2.24859e-06
52.4	-2.00493e-05
52.5	-3.75687e-05
52.6	-5.56226e-05
52.7	-7.33998e-05
52.8	-8.83126e-05
52.9	-0.000100834
53	-0.000113869
53.1	-0.000130212
53.2	-0.000151016
53.3	-0.0001775
53.4	-0.000208989
53.5	-0.000240659
53.6	-0.000272824
53.7	-0.000305266
53.8	-0.000334041
53.9	-0.000355215
54	-0.000372557
54.1	-0.000387257
54.2	-0.000397236
54.3	-0.000403077
54.4	-0.000410367
54.5	-0.000419556
54.6	-0.000429921
54.7	-0.000439549
54.8	-0.000451266
54.9	-0.000463753
55	-0.000479033
55.1	-0.000495439
55.2	-0.000510641
55.3	-0.000526042
55.4	-0.000546317
55.5	-0.00056859
55.6	-0.000586806
55.7	-0.000599122
55.8	-0.000608281
55.9	-0.00061735
56	-0.000630384
56.1	-0.000646517
56.2	-0.000666285
56.3	-0.000693109
56.4	-0.000720985
56.5	-0.000749105
56.6	-0.000777283
56.7	-0.000804908
56.8	-0.000831168
56.9	-0.000860448
57	-0.000889334
57.1	-0.000921124
57.2	-0.000952419
57.3	-0.000985668
57.4	-0.00102134
57.5	-0.00105884
57.6	-0.00109677
57.7	-0.00113561
57.8	-0.00117502
57.9	-0.00120981
58	-0.00124332
58.1	-0.00127897
58.2	-0.00131902
58.3	-0.00136181
58.4	-0.00140324
58.5	-0.00144131
58.6	-0.00147838
58.7	-0.00150897
58.8	-0.00154052
58.9	-0.00156976
59	-0.001598
59.1	-0.00162818
59.2	-0.00165827
59.3	-0.00168863
59.4	-0.00171633
59.5	-0.00174087
59.6	-0.00176176
59.7	-0.00178583
59.8	-0.00180919
59.9	-0.00182941
60	-0.0018444
60.1	-0.00185611
60.2	-0.00186582
60.3	-0.00186882
60.4	-0.00186741
60.5	-0.00186272
60.6	-0.00185594
60.7	-0.00184388
60.8	-0.00182841
60.9	-0.00181001
61	-0.0017923
61.1	-0.00177857
61.2	-0.00176635
61.3	-0.00175382
61.4	-0.00174086
61.5	-0.00172635
61.6	-0.00171493
61.7	-0.00170382
61.8	-0.00169378
61.9	-0.00168655
62	-0.00168184
62.1	-0.0016774
62.2	-0.00167538
62.3	-0.00167343
62.4	-0.00167533
62.5	-0.00168204
62.6	-0.00168942
62.7	-0.00169555
62.8	-0.00170155
62.9	-0.00171098
63	-0.00172604
63.1	-0.00174187
63.2	-0.00175877
63.3	-0.00177311
63.4	-0.00178712
63.5	-0.00179906
63.6	-0.00180888
63.7	-0.00182088
63.8	-0.00183681
63.9	-0.0018587
64	-0.00188129
64.1	-0.00190092
64.2	-0.0019181
64.3	-0.00193527
64.4	-0.00195642
64.5	-0.00198047
64.6	-0.00200482
64.7	-0.00202615
64.8	-0.00204618
64.9	-0.00206105
65	-0.00206406
65.1	-0.0020583
65.2	-0.00205053
65.3	-0.00204088
65.4	-0.00203257
65.5	-0.00202791
65.6	-0.00202542
65.7	-0.00202397
65.8	-0.00201895
65.9	-0.00201206
66	-0.00200272
66.1	-0.00200005
66.2	-0.00200361
66.3	-0.00200849
66.4	-0.00201213
66.5	-0.00201995
66.6	-0.00203242
66.7	-0.00204312
66.8	-0.0020532
66.9	-0.00206578
67	-0.00207929
67.1	-0.00209503
67.2	-0.00210971
67.3	-0.00212218
67.4	-0.00213429
67.5	-0.0021449
67.6	-0.00215427
67.7	-0.00216309
67.8	-0.0021697
67.9	-0.00217529
68	-0.00217893
68.1	-0.0021787
68.2	-0.00217612
68.3	-0.00217423
68.4	-0.00217424
68.5	-0.00217331
68.6	-0.00216751
68.7	-0.00215404
68.8	-0.00213784
68.9	-0.00212048
69	-0.00210171
69.1	-0.00208043
69.2	-0.00206226
69.3	-0.00205105
69.4	-0.00204234
69.5	-0.0020355
69.6	-0.00202311
69.7	-0.00201257
69.8	-0.00200594
69.9	-0.00200065
70	-0.00199273
70.1	-0.0019811
70.2	-0.00196647
70.3	-0.00195121
70.4	-0.00193963
70.5	-0.00193547
70.6	-0.00193312
70.7	-0.00193278
70.8	-0.00193332
70.9	-0.00193649
71	-0.0019407
71.1	-0.00194267
71.2	-0.00194282
71.3	-0.00194212
71.4	-0.00193598
71.5	-0.00192877
71.6	-0.00192866
71.7	-0.00193816
71.8	-0.00195385
71.9	-0.00197274
72	-0.00199316
72.1	-0.00200924
72.2	-0.00202218
72.3	-0.00203546
72.4	-0.00204786
72.5	-0.00205865
72.6	-0.00206845
72.7	-0.00207811
72.8	-0.00208743
72.9	-0.00209083
73	-0.00209117
73.1	-0.00209519
73.2	-0.00210174
73.3	-0.00211277
73.4	-0.00212824
73.5	-0.00214527
73.6	-0.00216505
73.7	-0.0021773
73.8	-0.00218698
73.9	-0.00219882
74	-0.00220925
74.1	-0.00221894
74.2	-0.00222248
74.3	-0.00222286
74.4	-0.00222018
74.5	-0.00221481
74.6	-0.00220504
74.7	-0.00218927
74.8	-0.00216612
74.9	-0.00213544
75	-0.00209957
75.1	-0.00206432
75.2	-0.00202875
75.3	-0.00199231
75.4	-0.00195247
75.5	-0.00191134
75.6	-0.00186995
75.7	-0.00182667
75.8	-0.00178314
75.9	-0.00174148
76	-0.00169498
76.1	-0.00164246
76.2	-0.00159247
76.3	-0.00154266
76.4	-0.00148962
76.5	-0.00143534
76.6	-0.00137512
76.7	-0.00131515
76.8	-0.00125382
76.9	-0.00119312
77	-0.0011395
77.1	-0.00109684
77.2	-0.00106415
77.3	-0.00103605
77.4	-0.00101284
77.5	-0.000992184
77.6	-0.000980566
77.7	-0.000974108
77.8	-0.000969582
77.9	-0.000966635
78	-0.000967718
78.1	-0.000974907
78.2	-0.000984847
78.3	-0.000990922
78.4	-0.000998941
78.5	-0.0010033
78.6	-0.00100764
78.7	-0.00101431
78.8	-0.00102649
78.9	-0.00104228
79	-0.00105985
79.1	-0.00108029
79.2	-0.00110126
79.3	-0.00111966
79.4	-0.00114073
79.5	-0.00116382
79.6	-0.00118925
79.7	-0.0012196
79.8	-0.00125362
79.9	-0.00128868
80	-0.00132488
80.1	-0.00136263
80.2	-0.00139788
80.3	-0.00143556
80.4	-0.00147525
80.5	-0.00151661
80.6	-0.00155675
80.7	-0.00159515
80.8	-0.00163177
80.9	-0.0016691
81	-0.00170736
81.1	-0.00174569
81.2	-0.00177946
81.3	-0.001807
81.4	-0.00182838
81.5	-0.00185089
81.6	-0.00187404
81.7	-0.00189723
81.8	-0.0019233
81.9	-0.00195025
82	-0.00197747
82.1	-0.00200552
82.2	-0.00203372
82.3	-0.00205776
82.4	-0.00207935
82.5	-0.00209721
82.6	-0.00211498
82.7	-0.00213188
82.8	-0.00214728
82.9	-0.00216061
83	-0.00217561
83.1	-0.00218933
83.2	-0.00220221
83.3	-0.00221268
83.4	-0.0022269
83.5	-0.00224308
83.6	-0.00226284
83.7	-0.00228385
83.8	-0.00230524
83.9	-0.00232417
84	-0.00234114
84.1	-0.00235332
84.2	-0.0023667
84.3	-0.00238427
84.4	-0.00240429
84.5	-0.00242278
84.6	-0.00244047
84.7	-0.00245664
84.8	-0.00247254
84.9	-0.00248714
85	-0.00251232
85.1	-0.00254021
85.2	-0.00257006
85.3	-0.00259948
85.4	-0.00263189
85.5	-0.00265922
85.6	-0.00268163
85.7	-0.0026966
85.8	-0.00270631
85.9	-0.00271259
86	-0.0027176
86.1	-0.00272175
86.2	-0.00272602
86.3	-0.00272947
86.4	-0.00273452
86.5	-0.00274044
86.6	-0.0027469
86.7	-0.00275249
86.8	-0.00275341
86.9	-0.00274858
87	-0.00274242
87.1	-0.00273691
87.2	-0.00273233
87.3	-0.00273123
87.4	-0.00272925
87.5	-0.00272651
87.6	-0.00272066
87.7	-0.00271666
87.8	-0.00270834
87.9	-0.00269283
88	-0.00267887
88.1	-0.00266368
88.2	-0.00264305
88.3	-0.00262162
88.4	-0.00259656
88.5	-0.00257095
88.6	-0.00254785
88.7	-0.00252724
88.8	-0.00250768
88.9	-0.00248466
89	-0.00246179
89.1	-0.00243418
89.2	-0.00240347
89.3	-0.00236983
89.4	-0.00233638
89.5	-0.00230672
89.6	-0.00227857
89.7	-0.00225667
89.8	-0.00224002
89.9	-0.00221891
90	-0.00219481
90.1	-0.00216766
90.2	-0.00214208
90.3	-0.00211628
90.4	-0.00209131
90.5	-0.00206714
90.6	-0.00204501
90.7	-0.00202406
90.8	-0.00199761
90.9	-0.00196795
91	-0.00193892
91.1	-0.00191535
91.2	-0.00189303
91.3	-0.00187413
91.4	-0.00185701
91.5	-0.00184185
91.6	-0.00182939
91.7	-0.00181623
91.8	-0.00179582
91.9	-0.00177311
92	-0.00174704
92.1	-0.00171426
92.2	-0.00167879
92.3	-0.00164555
92.4	-0.00161529
92.5	-0.00159125
92.6	-0.00157213
92.7	-0.00155499
92.8	-0.00154099
92.9	-0.00152905
93	-0.00151804
93.1	-0.00150796
93.2	-0.00150149
93.3	-0.00149744
93.4	-0.00149812
93.5	-0.00149921
93.6	-0.00149989
93.7	-0.00149471
93.8	-0.00148683
93.9	-0.00147595
94	-0.00146369
94.1	-0.00144584
94.2	-0.00142595
94.3	-0.00140932
94.4	-0.00139437
94.5	-0.00137552
94.6	-0.00134925
94.7	-0.00131268
94.8	-0.00127219
94.9	-0.00122629
95	-0.00118041
95.1	-0.00113238
95.2	-0.00108404
95.3	-0.0010316
95.4	-0.000977531
95.5	-0.000928014
95.6	-0.000887072
95.7	-0.000858882
95.8	-0.00083802
95.9	-0.000816666
96	-0.000793849
96.1	-0.000771779
96.2	-0.000750294
96.3	-0.000731899
96.4	-0.000712793
96.5	-0.000696445
96.6	-0.000681532
96.7	-0.000673566
96.8	-0.000670851
96.9	-0.000669123
97	-0.000663938
97.1	-0.000654507
97.2	-0.000642099
97.3	-0.000628262
97.4	-0.00061362
97.5	-0.000596083
97.6	-0.000574312
97.7	-0.000546963
97.8	-0.000515217
97.9	-0.000479753
98	-0.000446395
98.1	-0.000413162
98.2	-0.000376549
98.3	-0.000335254
98.4	-0.000290186
98.5	-0.000245059
98.6	-0.00020487
98.7	-0.000171594
98.8	-0.000140508
98.9	-0.000107741
99	-7.81126e-05
99.1	-4.91343e-05
99.2	-2.2869e-05
99.3	-2.72337e-06
99.4	1.65064e-05
99.5	3.37042e-05
99.6	5.43223e-05
99.7	8.14294e-05
99.8	0.000117261
99.9	0.000157913
100	0.000197915
100.1	0.000235136
100.2	0.000272742
100.3	0.000307741
100.4	0.000345909
100.5	0.000382905
100.6	0.000420117
100.7	0.000452258
100.8	0.000484513
100.9	0.000517156
101	0.000547417
101.1	0.000572192
101.2	0.000589137
101.3	0.000603473
101.4	0.000612463
101.5	0.000618888
101.6	0.000625228
101.7	0.000633679
101.8	0.000640429
101.9	0.000645219
102	0.000647393
102.1	0.000653011
102.2	0.000658072
102.3	0.000666463
102.4	0.00068092
102.5	0.000696553
102.6	0.000713111
102.7	0.000735566
102.8	0.000761726
102.9	0.000788794
103	0.000808062
103.1	0.000821701
103.2	0.000832817
103.3	0.000841796
103.4	0.000850475
103.5	0.000865056
103.6	0.000883081
103.7	0.00090432
103.8	0.000922501
103.9	0.000937697
104	0.000949426
104.1	0.000955436
104.2	0.000955639
104.3	0.000954633
104.4	0.000953701
104.5	0.000956666
104.6	0.000962055
104.7	0.000969306
104.8	0.000976545
104.9	0.000988133
105	0.00100601
105.1	0.00102705
105.2	0.00104909
105.3	0.00107025
105.4	0.00109356
105.5	0.00111756
105.6	0.00114192
105.7	0.00116429
105.8	0.00118612
105.9	0.0012039
106	0.00122146
106.1	0.00124243
106.2	0.00126492
106.3	0.00128889
106.4	0.00131183
106.5	0.00133491
106.6	0.00135658
106.7	0.00137204
106.8	0.0013849
106.9	0.00139039
107	0.0013947
107.1	0.00139987
107.2	0.0014086
107.3	0.00141426
107.4	0.00142185
107.5	0.00142608
107.6	0.00142491
107.7	0.00142431
107.8	0.00143223
107.9	0.00144651
108	0.001461
108.1	0.00147023
108.2	0.00147899
108.3	0.00148797
108.4	0.00149433
108.5	0.00149765
108.6	0.0015017
108.7	0.00150366
108.8	0.00150498
108.9	0.0015057
109	0.00150706
109.1	0.0015103
109.2	0.00151329
109.3	0.00151718
109.4	0.00152299
109.5	0.00152376
109.6	0.00152476
109.7	0.00152368
109.8	0.00152552
109.9	0.00153535
110	0.00154538
110.1	0.00155289
110.2	0.00155113
110.3	0.0015458
110.4	0.00153829
110.5	0.00152913
110.6	0.00152554
110.7	0.00152163
110.8	0.00151672
110.9	0.00151264
111	0.00150704
111.1	0.00150159
111.2	0.00149505
111.3	0.00149093
111.4	0.00148632
111.5	0.00148322
111.6	0.00148188
111.7	0.00148253
111.8	0.00148721
111.9	0.00149068
112	0.00149292
112.1	0.00149721
112.2	0.00150261
112.3	0.00150841
112.4	0.00151213
112.5	0.00152107
112.6	0.00153475
112.7	0.00155053
112.8	0.00156724
112.9	0.00157934
113	0.00158943
113.1	0.00159919
113.2	0.00160647
113.3	0.00161642
113.4	0.0016334
113.5	0.0016561
113.6	0.00168051
113.7	0.00170065
113.8	0.0017166
113.9	0.00173076
114	0.00174409
114.1	0.00176045
114.2	0.00177755
114.3	0.00179732
114.4	0.00181736
114.5	0.00183763
114.6	0.00185972
114.7	0.0018835
114.8	0.00190632
114.9	0.00192661
115	0.00194613
115.1	0.00196368
115.2	0.00198043
115.3	0.00199388
115.4	0.00201021
115.5	0.00202993
115.6	0.00204792
115.7	0.0020623
115.8	0.00207315
115.9	0.00207662
116	0.00207624
116.1	0.0020701
116.2	0.00206345
116.3	0.00205883
116.4	0.00205698
116.5	0.0020578
116.6	0.00205772
116.7	0.00205931
116.8	0.00205703
116.9	0.00205184
117	0.00204611
117.1	0.00203851
117.2	0.00202895
117.3	0.00201353
117.4	0.00199202
117.5	0.00196817
117.6	0.00194602
117.7	0.00192455
117.8	0.00190243
117.9	0.00187662
118	0.00184498
118.1	0.00180797
118.2	0.0017686
118.3	0.00173064
118.4	0.00169511
118.5	0.00165469
118.6	0.00161231
118.7	0.0015687
118.8	0.00152809
118.9	0.00149193
119	0.00145618
119.1	0.00142038
119.2	0.0013818
119.3	0.00134467
119.4	0.00131036
119.5	0.00127316
119.6	0.0012368
119.7	0.00120062
119.8	0.00116474
119.9	0.00112993
120	0.00110012
120.1	0.00107283
120.2	0.00104768
120.3	0.00102567
120.4	0.00100475
120.5	0.000982708
120.6	0.000958877
120.7	0.000931517
120.8	0.000898151
120.9	0.000857934
121	0.000818598
121.1	0.000784728
121.2	0.000755115
121.3	0.000726356
121.4	0.000696939
121.5	0.000666527
121.6	0.000637457
121.7	0.000606107
121.8	0.000575014
121.9	0.000541677
122	0.000506173
122.1	0.000470207
122.2	0.000432293
122.3	0.000396848
122.4	0.000361895
122.5	0.000329004
122.6	0.000293579
122.7	0.000258315
122.8	0.000216691
122.9	0.000170142
123	0.000121205
123.1	7.19437e-05
123.2	2.68629e-05
123.3	-1.52792e-05
123.4	-5.58263e-05
123.5	-9.80673e-05
123.6	-0.000135707
123.7	-0.000166981
123.8	-0.000196169
123.9	-0.000226895
124	-0.000254239
124.1	-0.000273959
124.2	-0.000288469
124.3	-0.000304703
124.4	-0.000320584
124.5	-0.000337587
124.6	-0.000354589
124.7	-0.000369957
124.8	-0.000383642
124.9	-0.000399036
125	-0.000414579
125.1	-0.000429505
125.2	-0.000445248
125.3	-0.000462278
125.4	-0.000473988
125.5	-0.000480335
125.6	-0.000485963
125.7	-0.000495505
125.8	-0.00050279
125.9	-0.000510702
126	-0.000522813
126.1	-0.000540629
126.2	-0.000557234
126.3	-0.00057192
126.4	-0.000581714
126.5	-0.000591795
126.6	-0.000598782
126.7	-0.000609324
126.8	-0.000624298
126.9	-0.000639882
127	-0.000654491
127.1	-0.000667879
127.2	-0.000676175
127.3	-0.000682446
127.4	-0.000689884
127.5	-0.000699733
127.6	-0.000712057
127.7	-0.000723737
127.8	-0.000735464
127.9	-0.000749626
128	-0.000760938
128.1	-0.000777115
128.2	-0.000791853
128.3	-0.000807908
128.4	-0.000825336
128.5	-0.00084051
128.6	-0.000851066
128.7	-0.000858963
128.8	-0.00086976
128.9	-0.000878624
129	-0.000883192
129.1	-0.000884178
129.2	-0.000886123
129.3	-0.000887321
129.4	-0.000887629
129.5	-0.000890321
129.6	-0.000896627
129.7	-0.000904396
129.8	-0.000911476
129.9	-0.00092271
130	-0.000939082
130.1	-0.000964015
130.2	-0.000993796
130.3	-0.00102485
130.4	-0.00105668
130.5	-0.00108774
130.6	-0.0011206
130.7	-0.00114948
130.8	-0.00117476
130.9	-0.00119396
131	-0.00121002
131.1	-0.00122357
131.2	-0.00123537
131.3	-0.00125046
131.4	-0.00126902
131.5	-0.00128459
131.6	-0.00129918
131.7	-0.00131174
131.8	-0.00131922
131.9	-0.00132167
132	-0.00132462
132.1	-0.0013274
132.2	-0.00133135
132.3	-0.00133426
132.4	-0.00133934
132.5	-0.0013447
132.6	-0.00135528
132.7	-0.00136755
132.8	-0.00138646
132.9	-0.00141188
133	-0.00143472
133.1	-0.00145869
133.2	-0.00148502
133.3	-0.00150615
133.4	-0.00152472
133.5	-0.00153967
133.6	-0.00154901
133.7	-0.0015563
133.8	-0.00156038
133.9	-0.00156005
134	-0.0015544
134.1	-0.00154283
134.2	-0.00152983
134.3	-0.00151988
134.4	-0.00150799
134.5	-0.0014987
134.6	-0.00148794
134.7	-0.00147673
134.8	-0.00146461
134.9	-0.00145137
135	-0.0014391
135.1	-0.00142629
135.2	-0.00141658
135.3	-0.00140809
135.4	-0.00139992
135.5	-0.00139202
135.6	-0.00138444
135.7	-0.00137817
135.8	-0.00137624
135.9	-0.00137793
136	-0.00138724
136.1	-0.00139937
136.2	-0.00141697
136.3	-0.0014354
136.4	-0.00145229
136.5	-0.00147051
136.6	-0.00148645
136.7	-0.00149989
136.8	-0.00152173
136.9	-0.00154424
137	-0.00156887
137.1	-0.00159672
137.2	-0.0016259
137.3	-0.00165211
137.4	-0.00167153
137.5	-0.00168594
137.6	-0.0016927
137.7	-0.00169651
137.8	-0.00170054
137.9	-0.00170353
138	-0.00170964
138.1	-0.00171646
138.2	-0.00172391
138.3	-0.00173105
138.4	-0.00173558
138.5	-0.00173782
138.6	-0.00173385
138.7	-0.00172832
138.8	-0.0017213
138.9	-0.00171656
139	-0.00171718
139.1	-0.00171905
139.2	-0.00172125
139.3	-0.00172405
139.4	-0.00172859
139.5	-0.00173384
139.6	-0.00174227
139.7	-0.00175223
139.8	-0.00176417
139.9	-0.00177752
140	-0.00179203
140.1	-0.00180646
140.2	-0.00182033
140.3	-0.0018318
140.4	-0.00183603
140.5	-0.00184071
140.6	-0.00184419
140.7	-0.00184453
140.8	-0.00184458
140.9	-0.00184577
141	-0.00184964
141.1	-0.00185533
141.2	-0.00186161
141.3	-0.00186736
141.4	-0.00187069
141.5	-0.00187057
141.6	-0.00187391
141.7	-0.00187861
141.8	-0.00188781
141.9	-0.00189732
142	-0.00191147
142.1	-0.00192798
142.2	-0.00194499
142.3	-0.00196394
142.4	-0.00198341
142.5	-0.00200478
142.6	-0.00202369
142.7	-0.00204147
142.8	-0.00205697
142.9	-0.00207816
143	-0.0020976
143.1	-0.00211409
143.2	-0.00212874
143.3	-0.00214555
143.4	-0.0021646
143.5	-0.00218485
143.6	-0.00220381
143.7	-0.00222137
143.8	-0.00223661
143.9	-0.00224881
144	-0.00225607
144.1	-0.00225767
144.2	-0.00225153
144.3	-0.00224619
144.4	-0.0022398
144.5	-0.00223197
144.6	-0.00222353
144.7	-0.00221633
144.8	-0.00221162
144.9	-0.00221026
145	-0.00220735
145.1	-0.00220069
145.2	-0.00219501
145.3	-0.00218829
145.4	-0.00217153
145.5	-0.00215046
145.6	-0.00213069
145.7	-0.00210909
145.8	-0.00208558
145.9	-0.00205884
146	-0.00202516
146.1	-0.00199418
146.2	-0.00197057
146.3	-0.00195334
146.4	-0.00194045
146.5	-0.00192739
146.6	-0.00191219
146.7	-0.00190504
146.8	-0.00189634
146.9	-0.0018828
147	-0.00186619
147.1	-0.001848
147.2	-0.00183005
147.3	-0.00181057
147.4	-0.00178742
147.5	-0.00176704
147.6	-0.00175243
147.7	-0.00174248
147.8	-0.00173587
147.9	-0.00173502
148	-0.00173915
148.1	-0.00174787
148.2	-0.0017563
148.3	-0.00176747
148.4	-0.00177593
148.5	-0.00178507
148.6	-0.00179396
148.7	-0.00180315
148.8	-0.00181606
148.9	-0.00183167
149	-0.00184903
149.1	-0.00186954
149.2	-0.00189191
149.3	-0.00191553
149.4	-0.00193971
149.5	-0.00196127
149.6	-0.00198076
149.7	-0.00199713
149.8	-0.0020084
149.9	-0.00201461
150	-0.00201841
150.1	-0.00201784
150.2	-0.0020167
150.3	-0.00201265
150.4	-0.00201586
150.5	-0.00202537
150.6	-0.00203559
150.7	-0.00204632
150.8	-0.00205554
150.9	-0.0020576
151	-0.00205785
151.1	-0.00205864
151.2	-0.00205995
151.3	-0.00206148
151.4	-0.00206334
151.5	-0.00206732
151.6	-0.00207576
151.7	-0.00208418
151.8	-0.0020952
151.9	-0.00210725
152	-0.00211981
152.1	-0.00213039
152.2	-0.00213834
152.3	-0.00214106
152.4	-0.00213688
152.5	-0.00213137
152.6	-0.00212659
152.7	-0.00211748
152.8	-0.00210683
152.9	-0.00209467
153	-0.00208536
153.1	-0.0020756
153.2	-0.00207122
153.3	-0.00207195
153.4	-0.00206966
153.5	-0.00206487
153.6	-0.00205439
153.7	-0.00204278
153.8	-0.00202929
153.9	-0.00201328
154	-0.0019983
154.1	-0.00198243
154.2	-0.00196537
154.3	-0.00195253
154.4	-0.00194783
154.5	-0.00194943
154.6	-0.00194552
154.7	-0.001936
154.8	-0.00192646
154.9	-0.00191467
155	-0.00190562
155.1	-0.00189416
155.2	-0.00188136
155.3	-0.00186577
155.4	-0.00184905
155.5	-0.00182877
155.6	-0.00180625
155.7	-0.00177973
155.8	-0.00175149
155.9	-0.00171694
156	-0.00167938
156.1	-0.00163993
156.2	-0.00159921
156.3	-0.00155762
156.4	-0.00151546
156.5	-0.00147491
156.6	-0.00143372
156.7	-0.00139195
156.8	-0.00134968
156.9	-0.00130795
157	-0.00126628
157.1	-0.0012209
157.2	-0.00117286
157.3	-0.00112317
157.4	-0.00107216
157.5	-0.00102193
157.6	-0.000971948
157.7	-0.000924918
157.8	-0.000884916
157.9	-0.000848674
158	-0.000808902
158.1	-0.000768362
158.2	-0.000731157
158.3	-0.000701446
158.4	-0.000675403
158.5	-0.000648499
158.6	-0.000615421
158.7	-0.00058252
158.8	-0.000554356
158.9	-0.000529249
159	-0.000502834
159.1	-0.00047761
159.2	-0.000452711
159.3	-0.000429241
159.4	-0.000401166
159.5	-0.000368331
159.6	-0.000337139
159.7	-0.000304656
159.8	-0.000271804
159.9	-0.000245924
160	-0.000220719
160.1	-0.000195424
160.2	-0.000170421
160.3	-0.000138839
160.4	-0.000105561
160.5	-7.33368e-05
160.6	-4.01516e-05
160.7	-7.80816e-06
160.8	2.30515e-05
160.9	5.16435e-05
161	8.1254e-05
161.1	0.000109174
161.2	0.000135743
161.3	0.000160544
161.4	0.000182351
161.5	0.000198317
161.6	0.000214322
161.7	0.000228633
161.8	0.000237241
161.9	0.000242807
162	0.000249586
162.1	0.000259104
162.2	0.000270734
162.3	0.000285082
162.4	0.000305734
162.5	0.000332428
162.6	0.000361569
162.7	0.000392126
162.8	0.000418256
162.9	0.00043906
163	0.000457168
163.1	0.000471394
163.2	0.000483827
163.3	0.000496302
163.4	0.000507022
163.5	0.000519822
163.6	0.000540019
163.7	0.000566148
163.8	0.000598079
163.9	0.000631732
164	0.000662165
164.1	0.000691597
164.2	0.000723009
164.3	0.00075316
164.4	0.000780519
164.5	0.000807238
164.6	0.000832528
164.7	0.000852292
164.8	0.000869348
164.9	0.000879728
165	0.000884649
165.1	0.000882513
165.2	0.000879265
165.3	0.000879879
165.4	0.000880459
165.5	0.000886785
165.6	0.000897944
165.7	0.000910926
165.8	0.000923534
165.9	0.000934754
166	0.000943828
166.1	0.000953125
166.2	0.000960878
166.3	0.000966539
166.4	0.000964561
166.5	0.000957048
166.6	0.000945378
166.7	0.000936262
166.8	0.000925914
166.9	0.00091246
167	0.00089725
167.1	0.000884549
167.2	0.000870085
167.3	0.000850449
167.4	0.000830267
167.5	0.000814224
167.6	0.000806006
167.7	0.00080231
167.8	0.000801318
167.9	0.000797753
168	0.000801542
168.1	0.000802271
168.2	0.000792249
168.3	0.000778667
168.4	0.000767971
168.5	0.000756504
168.6	0.000748545
168.7	0.000743006
168.8	0.000732168
168.9	0.000723839
169	0.000715672
169.1	0.000713962
169.2	0.000714931
169.3	0.000715355
169.4	0.000719099
169.5	0.000723999
169.6	0.00073167
169.7	0.00073825
169.8	0.000737759
169.9	0.000732242
170	0.000725773
170.1	0.000723155
170.2	0.000727342
170.3	0.000734233
170.4	0.000741797
170.5	0.000750652
170.6	0.000762969
170.7	0.000780481
170.8	0.000798969
170.9	0.000813768
171	0.000828193
171.1	0.00084597
171.2	0.000869408
171.3	0.000887488
171.4	0.000895499
171.5	0.00089503
171.6	0.000892126
171.7	0.000888551
171.8	0.000885232
171.9	0.000883013
172	0.000881769
172.1	0.00088346
172.2	0.000889095
172.3	0.000896081
172.4	0.000897813
172.5	0.000896568
172.6	0.000891572
172.7	0.000884485
172.8	0.00087596
172.9	0.00086403
173	0.000852778
173.1	0.000837839
173.2	0.000817737
173.3	0.00079396
173.4	0.000764258
173.5	0.000733989
173.6	0.000708725
173.7	0.000686778
173.8	0.00066356
173.9	0.00063873
174	0.000609047
174.1	0.000582614
174.2	0.000557644
174.3	0.000526796
174.4	0.000492042
174.5	0.000452684
174.6	0.000412993
174.7	0.00037144
174.8	0.000328525
174.9	0.000282935
175	0.000231879
175.1	0.000184816
175.2	0.000138356
175.3	9.01302e-05
175.4	4.14474e-05
175.5	-4.93515e-06
175.6	-5.11014e-05
175.7	-0.000104745
175.8	-0.000162084
175.9	-0.000220703
176	-0.000279257
176.1	-0.000338944
176.2	-0.000392625
176.3	-0.000441964
176.4	-0.000483705
176.5	-0.000524655
176.6	-0.000561834
176.7	-0.000592239
176.8	-0.000618919
176.9	-0.000645744
177	-0.000670522
177.1	-0.000692713
177.2	-0.000712391
177.3	-0.000732081
177.4	-0.000754992
177.5	-0.000784049
177.6	-0.000812258
177.7	-0.000840028
177.8	-0.000868297
177.9	-0.00089875
178	-0.000933408
178.1	-0.00097219
178.2	-0.0010104
178.3	-0.00104255
178.4	-0.00106875
178.5	-0.00109135
178.6	-0.00111452
178.7	-0.00114095
178.8	-0.00117442
178.9	-0.00121373
179	-0.00125398
179.1	-0.00129049
179.2	-0.00132061
179.3	-0.00134496
179.4	-0.00136728
179.5	-0.00138831
179.6	-0.00140451
179.7	-0.00141876
179.8	-0.00142954
179.9	-0.00143334
180	-0.00143135
180.1	-0.00142697
180.2	-0.00142483
180.3	-0.00141618
180.4	-0.00140597
180.5	-0.00139468
180.6	-0.00137932
180.7	-0.00136742
180.8	-0.00135724
180.9	-0.00134768
181	-0.00133937
181.1	-0.00132533
181.2	-0.00130263
181.3	-0.00127883
181.4	-0.00125336
181.5	-0.00122845
181.6	-0.00120061
181.7	-0.00117096
181.8	-0.00113805
181.9	-0.00109842
182	-0.00105631
182.1	-0.0010159
182.2	-0.000975748
182.3	-0.000936158
182.4	-0.000899538
182.5	-0.00085774
182.6	-0.00081453
182.7	-0.000771683
182.8	-0.000733168
182.9	-0.000698385
183	-0.000666092
183.1	-0.00063495
183.2	-0.000604163
183.3	-0.000568674
183.4	-0.000529446
183.5	-0.000487081
183.6	-0.00044669
183.7	-0.000406286
183.8	-0.000365829
183.9	-0.000326331
184	-0.000286742
184.1	-0.000250002
184.2	-0.000213845
184.3	-0.000177732
184.4	-0.00014144
184.5	-0.000111437
184.6	-8.69141e-05
184.7	-5.9985e-05
184.8	-2.75993e-05
184.9	7.74388e-06
185	4.25008e-05
185.1	7.79475e-05
185.2	0.000113787
185.3	0.000149993
185.4	0.000183291
185.5	0.000213026
185.6	0.000246339
185.7	0.000283749
185.8	0.000322397
185.9	0.000358576
186	0.000391872
186.1	0.00042012
186.2	0.0004422
186.3	0.000462504
186.4	0.000486489
186.5	0.00051817
186.6	0.00055366
186.7	0.00059299
186.8	0.000629238
186.9	0.000665566
187	0.000701579
187.1	0.00073376
187.2	0.000762231
187.3	0.000784035
187.4	0.000801443
187.5	0.000816804
187.6	0.000826833
187.7	0.000837117
187.8	0.000845429
187.9	0.000851817
188	0.000855114
188.1	0.000854335
188.2	0.000853752
188.3	0.000853507
188.4	0.000849249
188.5	0.000839453
188.6	0.000830685
188.7	0.000822501
188.8	0.000814019
188.9	0.000800212
189	0.00078212
189.1	0.00076136
189.2	0.000741415
189.3	0.000720504
189.4	0.000700486
189.5	0.000681698
189.6	0.000664812
189.7	0.000650732
189.8	0.000636403
189.9	0.000619842
190	0.000601523
190.1	0.000582224
190.2	0.000559275
190.3	0.000534892
190.4	0.000509144
190.5	0.000483108
190.6	0.000457175
190.7	0.000430897
190.8	0.000408719
190.9	0.000388459
191	0.000368848
191.1	0.0003514
191.2	0.000331986
191.3	0.000310229
191.4	0.000287745
191.5	0.00026407
191.6	0.000243621
191.7	0.000227531
191.8	0.000211525
191.9	0.000196175
192	0.000181648
192.1	0.000169371
192.2	0.000156392
192.3	0.000138245
192.4	0.000120747
192.5	0.000103631
192.6	8.89076e-05
192.7	7.58118e-05
192.8	6.2214e-05
192.9	4.65853e-05
193	2.90684e-05
193.1	8.00773e-06
193.2	-6.02089e-06
193.3	-1.47433e-05
193.4	-2.33218e-05
193.5	-3.39268e-05
193.6	-4.78493e-05
193.7	-6.26379e-05
193.8	-7.91261e-05
193.9	-9.39268e-05
194	-0.000106926
194.1	-0.00011993
194.2	-0.000126094
194.3	-0.000131834
194.4	-0.000135406
194.5	-0.000135435
194.6	-0.00013452
194.7	-0.000134618
194.8	-0.000130978
194.9	-0.000126678
195	-0.000126902
195.1	-0.000135764
195.2	-0.000147713
195.3	-0.000158598
195.4	-0.000176228
195.5	-0.000198035
195.6	-0.000222713
195.7	-0.000247794
195.8	-0.000272345
195.9	-0.000294583
196	-0.000317413
196.1	-0.000345924
196.2	-0.000378741
196.3	-0.000414768
196.4	-0.000450544
196.5	-0.000483966
196.6	-0.000513534
196.7	-0.000542899
196.8	-0.000574423
196.9	-0.000612344
197	-0.000656033
197.1	-0.00069794
197.2	-0.000735016
197.3	-0.000765851
197.4	-0.000793225
197.5	-0.000815217
197.6	-0.000837592
197.7	-0.000858243
197.8	-0.000875607
197.9	-0.000892435
198	-0.000911301
198.1	-0.000928838
198.2	-0.000947963
198.3	-0.000966816
198.4	-0.000985926
198.5	-0.00100671
198.6	-0.00103097
198.7	-0.00105967
198.8	-0.00109523
198.9	-0.00113514
199	-0.00117844
199.1	-0.00122131
199.2	-0.001262
199.3	-0.0012928
199.4	-0.00131592
199.5	-0.00133594
199.6	-0.00135228
199.7	-0.0013704
199.8	-0.0013897
199.9	-0.00141015
200	-0.00142663
200.1	-0.00144158
200.2	-0.00145727
200.3	-0.00147217
200.4	-0.00148408
200.5	-0.00149682
200.6	-0.00151137
200.7	-0.00152684
200.8	-0.00154351
200.9	-0.00156255
201	-0.00158895
201.1	-0.00161741
201.2	-0.00164693
201.3	-0.00167338
201.4	-0.00169702
201.5	-0.00172863
201.6	-0.00176153
201.7	-0.00179344
201.8	-0.0018201
201.9	-0.00184339
202	-0.00186392
202.1	-0.00187809
202.2	-0.00188821
202.3	-0.00189579
202.4	-0.00190177
202.5	-0.00191229
202.6	-0.00192125
202.7	-0.00193357
202.8	-0.00194943
202.9	-0.00196996
203	-0.00199152
203.1	-0.00201267
203.2	-0.00203743
203.3	-0.00205767
203.4	-0.00207363
203.5	-0.00208567
203.6	-0.00209375
203.7	-0.0020974
203.8	-0.00209864
203.9	-0.00209933
204	-0.00210161
204.1	-0.00210267
204.2	-0.00210341
204.3	-0.00210624
204.4	-0.00210413
204.5	-0.00209882
204.6	-0.00209584
204.7	-0.00209692
204.8	-0.00210222
204.9	-0.00211019
205	-0.00212578
205.1	-0.00215054
205.2	-0.00217978
205.3	-0.00221662
205.4	-0.00225799
205.5	-0.00229823
205.6	-0.00233182
205.7	-0.00236634
205.8	-0.00239788
205.9	-0.00242956
206	-0.00246263
206.1	-0.00249835
206.2	-0.00253657
206.3	-0.00257075
206.4	-0.00260633
206.5	-0.00264302
206.6	-0.00268192
206.7	-0.00272208
206.8	-0.00276855
206.9	-0.0028184
207	-0.00286557
207.1	-0.00291629
207.2	-0.00296103
207.3	-0.00299855
207.4	-0.00303002
207.5	-0.0030511
207.6	-0.00306948
207.7	-0.00309008
207.8	-0.00310439
207.9	-0.00311682
208	-0.0031347
208.1	-0.00315737
208.2	-0.00318033
208.3	-0.00319757
208.4	-0.00321036
208.5	-0.00321783
208.6	-0.00322259
208.7	-0.00322871
208.8	-0.0032348
208.9	-0.00323964
209	-0.00325537
209.1	-0.00327672
209.2	-0.00330306
209.3	-0.0033326
209.4	-0.00336278
209.5	-0.00339503
209.6	-0.00342235
209.7	-0.00344296
209.8	-0.00346226
209.9	-0.00348533
210	-0.00351346
210.1	-0.00354503
210.2	-0.00357731
210.3	-0.00360398
210.4	-0.0036252
210.5	-0.00363963
210.6	-0.0036503
210.7	-0.00365367
210.8	-0.00365266
210.9	-0.00364913
211	-0.00364459
211.1	-0.00364499
211.2	-0.00365174
211.3	-0.00366364
211.4	-0.00368203
211.5	-0.00369832
211.6	-0.0037092
211.7	-0.00371556
211.8	-0.00371682
211.9	-0.00371746
212	-0.00371684
212.1	-0.00370846
212.2	-0.00370376
212.3	-0.0037053
212.4	-0.00370526
212.5	-0.00369939
212.6	-0.0036862
212.7	-0.00367097
212.8	-0.00365798
212.9	-0.00364622
213	-0.00363006
213.1	-0.0036129
213.2	-0.00359625
213.3	-0.00357584
213.4	-0.00355476
213.5	-0.00353299
213.6	-0.00350653
213.7	-0.0034819
213.8	-0.00345914
213.9	-0.00344328
214	-0.00343572
214.1	-0.00343025
214.2	-0.00342685
214.3	-0.00342103
214.4	-0.0034107
214.5	-0.00340031
214.6	-0.00338878
214.7	-0.00337927
214.8	-0.00336992
214.9	-0.00335917
215	-0.00334515
215.1	-0.00333365
215.2	-0.0033193
215.3	-0.00330726
215.4	-0.00329889
215.5	-0.00329207
215.6	-0.00328233
215.7	-0.00327341
215.8	-0.00326366
215.9	-0.00325476
216	-0.00325083
216.1	-0.00324832
216.2	-0.00324953
216.3	-0.00325056
216.4	-0.00324796
216.5	-0.00324136
216.6	-0.003226
216.7	-0.00320361
216.8	-0.00317863
216.9	-0.00315035
217	-0.0031136
217.1	-0.00307435
217.2	-0.00303378
217.3	-0.00299461
217.4	-0.00295501
217.5	-0.00291457
217.6	-0.00287224
217.7	-0.00282827
217.8	-0.00278204
217.9	-0.00273787
218	-0.0026984
218.1	-0.00266072
218.2	-0.00262224
218.3	-0.00258448
218.4	-0.00255071
218.5	-0.00252315
218.6	-0.00250065
218.7	-0.00247792
218.8	-0.00245929
218.9	-0.00243965
219	-0.00242039
219.1	-0.00240236
219.2	-0.00238044
219.3	-0.0023561
219.4	-0.00232855
219.5	-0.00229824
219.6	-0.00226511
219.7	-0.00222875
219.8	-0.00218759
219.9	-0.00214368
220	-0.00210593
220.1	-0.00206786
220.2	-0.00202544
220.3	-0.00198039
220.4	-0.00193238
220.5	-0.00188476
220.6	-0.0018348
220.7	-0.00178115
220.8	-0.00172703
220.9	-0.00167591
221	-0.00163373
221.1	-0.00159735
221.2	-0.00155816
221.3	-0.00151198
221.4	-0.00146539
221.5	-0.00142481
221.6	-0.00138693
221.7	-0.00134958
221.8	-0.00131845
221.9	-0.0012921
222	-0.00126816
222.1	-0.00124246
222.2	-0.00122074
222.3	-0.00119836
222.4	-0.00117856
222.5	-0.00116257
222.6	-0.00115101
222.7	-0.00114225
222.8	-0.0011344
222.9	-0.00113007
223	-0.00113328
223.1	-0.00114077
223.2	-0.00114807
223.3	-0.00115654
223.4	-0.00115845
223.5	-0.00115551
223.6	-0.00115151
223.7	-0.00114468
223.8	-0.00113903
223.9	-0.00113529
224	-0.00113043
224.1	-0.00111834
224.2	-0.00109685
224.3	-0.00106872
224.4	-0.00104349
224.5	-0.00101908
224.6	-0.000997533
224.7	-0.000976165
224.8	-0.000951305
224.9	-0.000923446
225	-0.000892382
225.1	-0.000856875
225.2	-0.000824059
225.3	-0.000785505
225.4	-0.000742929
225.5	-0.000699153
225.6	-0.000650449
225.7	-0.000600563
225.8	-0.000557441
225.9	-0.000520409
226	-0.000485382
226.1	-0.000457772
226.2	-0.000435328
226.3	-0.000419296
226.4	-0.000411267
226.5	-0.000407795
226.6	-0.000409
226.7	-0.000411468
226.8	-0.00041441
226.9	-0.000417423
227	-0.000418109
227.1	-0.000419992
227.2	-0.000414044
227.3	-0.000404447
227.4	-0.00039511
227.5	-0.00038523
227.6	-0.000382079
227.7	-0.000383156
227.8	-0.00038432
227.9	-0.000382641
228	-0.00038045
228.1	-0.000378472
228.2	-0.000378859
228.3	-0.000377589
228.4	-0.000378995
228.5	-0.000381342
228.6	-0.000380716
228.7	-0.000378084
228.8	-0.000376006
228.9	-0.000377786
229	-0.000384995
229.1	-0.000392367
229.2	-0.000399644
229.3	-0.000407741
229.4	-0.000416982
229.5	-0.000430892
229.6	-0.000447777
229.7	-0.000470209
229.8	-0.000491811
229.9	-0.000512281
230	-0.000535718
230.1	-0.000560786
230.2	-0.00059007
230.3	-0.000618354
230.4	-0.000645386
230.5	-0.000670515
230.6	-0.000692033
230.7	-0.000716131
230.8	-0.000736957
230.9	-0.000754002
231	-0.000769353
231.1	-0.000783973
231.2	-0.000798693
231.3	-0.000816715
231.4	-0.000838844
231.5	-0.000859436
231.6	-0.000883174
231.7	-0.000905733
231.8	-0.000921993
231.9	-0.000933138
232	-0.000943567
232.1	-0.000954948
232.2	-0.000970095
232.3	-0.000987713
232.4	-0.00100297
232.5	-0.00101835
232.6	-0.00103476
232.7	-0.0010495
232.8	-0.00106304
232.9	-0.00107492
233	-0.00108536
233.1	-0.00109081
233.2	-0.00109042
233.3	-0.00108852
233.4	-0.00108851
233.5	-0.00109064
233.6	-0.0010934
233.7	-0.00109316
233.8	-0.0010919
233.9	-0.00109199
234	-0.00109103
234.1	-0.00108732
234.2	-0.00108523
234.3	-0.00108552
234.4	-0.00108858
234.5	-0.00109821
234.6	-0.00111217
234.7	-0.00112748
234.8	-0.00114604
234.9	-0.00116261
235	-0.00118013
235.1	-0.00119937
235.2	-0.00122015
235.3	-0.00123803
235.4	-0.001251
235.5	-0.00126168
235.6	-0.00127144
235.7	-0.0012779
235.8	-0.00128479
235.9	-0.00129598
236	-0.00131053
236.1	-0.00132976
236.2	-0.00134917
236.3	-0.00136809
236.4	-0.0013815
236.5	-0.0013919
236.6	-0.00140171
236.7	-0.00141414
236.8	-0.00142529
236.9	-0.00143489
237	-0.00144926
237.1	-0.00146823
237.2	-0.00148674
237.3	-0.00150106
237.4	-0.0015202
237.5	-0.00154222
237.6	-0.00156135
237.7	-0.00157974
237.8	-0.00160211
237.9	-0.00162501
238	-0.00164692
238.1	-0.00166741
238.2	-0.0016848
238.3	-0.00169806
238.4	-0.00170702
238.5	-0.00171357
238.6	-0.00171923
238.7	-0.00171982
238.8	-0.00172122
238.9	-0.00172786
239	-0.00173952
239.1	-0.00175091
239.2	-0.0017667
239.3	-0.00178338
239.4	-0.00179789
239.5	-0.00181262
239.6	-0.00182886
239.7	-0.00184199
239.8	-0.00185134
239.9	-0.00186294
240	-0.0018797
240.1	-0.00189731
240.2	-0.00191906
240.3	-0.00194476
240.4	-0.00197611
240.5	-0.00201037
240.6	-0.00204387
240.7	-0.00208084
240.8	-0.00212025
240.9	-0.00215952
241	-0.00219698
241.1	-0.00223218
241.2	-0.00226509
241.3	-0.0022928
241.4	-0.00231871
241.5	-0.00234024
241.6	-0.00235944
241.7	-0.00237671
241.8	-0.00239003
241.9	-0.00240334
242	-0.0024179
242.1	-0.00243577
242.2	-0.0024568
242.3	-0.00247615
242.4	-0.00249728
242.5	-0.00252178
242.6	-0.0025413
242.7	-0.00255992
242.8	-0.00257584
242.9	-0.00259116
243	-0.00260864
243.1	-0.00262626
243.2	-0.00264496
243.3	-0.00266551
243.4	-0.00268192
243.5	-0.00269251
243.6	-0.00269698
243.7	-0.00270297
243.8	-0.0027093
243.9	-0.00272001
244	-0.00273233
244.1	-0.00274809
244.2	-0.00277191
244.3	-0.00279789
244.4	-0.0028183
244.5	-0.0028354
244.6	-0.00284735
244.7	-0.00285665
244.8	-0.00286938
244.9	-0.00288456
245	-0.00290408
245.1	-0.00293026
245.2	-0.00295746
245.3	-0.00297901
245.4	-0.00299672
245.5	-0.00301336
245.6	-0.00303075
245.7	-0.00304124
245.8	-0.00304746
245.9	-0.00305226
246	-0.00306005
246.1	-0.00307037
246.2	-0.00307988
246.3	-0.00308704
246.4	-0.00309662
246.5	-0.0031048
246.6	-0.00311608
246.7	-0.0031287
246.8	-0.0031406
246.9	-0.00315293
247	-0.00316578
247.1	-0.00317154
247.2	-0.00317725
247.3	-0.00318462
247.4	-0.00319632
247.5	-0.00321401
247.6	-0.00323316
247.7	-0.00325449
247.8	-0.00327298
247.9	-0.00329007
248	-0.00330558
248.1	-0.00331839
248.2	-0.00333336
248.3	-0.00335224
248.4	-0.0033773
248.5	-0.00339945
248.6	-0.00342318
248.7	-0.00344456
248.8	-0.00346001
248.9	-0.00347336
249	-0.00348608
249.1	-0.00349844
249.2	-0.00350957
249.3	-0.00352155
249.4	-0.00353253
249.5	-0.00353771
249.6	-0.00353874
249.7	-0.00354541
249.8	-0.00355356
249.9	-0.00356276
250	-0.00357355
250.1	-0.00358374
250.2	-0.00359243
250.3	-0.00359954
250.4	-0.00360252
250.5	-0.00360903
250.6	-0.00362109
250.7	-0.00363547
250.8	-0.00365139
250.9	-0.0036676
251	-0.00368078
251.1	-0.00369783
251.2	-0.00371305
251.3	-0.00372753
251.4	-0.00374311
251.5	-0.00375863
251.6	-0.00377385
251.7	-0.00378315
251.8	-0.00379283
251.9	-0.00380947
252	-0.00383079
252.1	-0.00385415
252.2	-0.00387794
252.3	-0.00390079
252.4	-0.00392391
252.5	-0.00395198
252.6	-0.00398324
252.7	-0.00401829
252.8	-0.00405019
252.9	-0.00407867
253	-0.00410779
253.1	-0.00414054
253.2	-0.00417419
253.3	-0.00420853
253.4	-0.00424521
253.5	-0.00428094
253.6	-0.00432126
253.7	-0.00436026
253.8	-0.0044011
253.9	-0.00444244
254	-0.00448051
254.1	-0.00451502
254.2	-0.00454702
254.3	-0.0045794
254.4	-0.00461355
254.5	-0.00464336
254.6	-0.00466597
254.7	-0.0046854
254.8	-0.00470387
254.9	-0.00472306
255	-0.00474109
255.1	-0.00475662
255.2	-0.00477082
255.3	-0.0047773
255.4	-0.00478586
255.5	-0.00479229
255.6	-0.0047988
255.7	-0.00480523
255.8	-0.00481299
255.9	-0.00482452
256	-0.00483529
256.1	-0.00484476
256.2	-0.00485394
256.3	-0.00486914
256.4	-0.00488531
256.5	-0.00489955
256.6	-0.00491396
256.7	-0.00492884
256.8	-0.00494052
256.9	-0.00495147
257	-0.00495883
257.1	-0.00496371
257.2	-0.00496258
257.3	-0.00496347
257.4	-0.0049678
257.5	-0.00497196
257.6	-0.00497173
257.7	-0.00496928
257.8	-0.00496493
257.9	-0.00495897
258	-0.00495222
258.1	-0.00493769
258.2	-0.00491575
258.3	-0.00488992
258.4	-0.00486314
258.5	-0.00483507
258.6	-0.00480828
258.7	-0.00478111
258.8	-0.00475647
258.9	-0.0047311
259	-0.00470197
259.1	-0.00466621
259.2	-0.00462259
259.3	-0.00457964
259.4	-0.00453577
259.5	-0.00449474
259.6	-0.00445768
259.7	-0.0044233
259.8	-0.00439068
259.9	-0.00436395
260	-0.00433919
260.1	-0.00431833
260.2	-0.0042987
260.3	-0.00428149
260.4	-0.00426698
260.5	-0.0042531
260.6	-0.00423889
260.7	-0.00422226
260.8	-0.0042068
260.9	-0.00419302
261	-0.00418167
261.1	-0.00416963
261.2	-0.00415808
261.3	-0.00414548
261.4	-0.00413321
261.5	-0.00412269
261.6	-0.00411419
261.7	-0.00410624
261.8	-0.004095
261.9	-0.00408362
262	-0.00406848
262.1	-0.00404831
262.2	-0.00402436
262.3	-0.00400116
262.4	-0.00397878
262.5	-0.00395854
262.6	-0.00393954
262.7	-0.00392375
262.8	-0.00390519
262.9	-0.00388636
263	-0.00386985
263.1	-0.0038538
263.2	-0.00383617
263.3	-0.00382402
263.4	-0.00381527
263.5	-0.00380526
263.6	-0.00379505
263.7	-0.00378396
263.8	-0.00377932
263.9	-0.00378131
264	-0.00378712
264.1	-0.00379636
264.2	-0.00379916
264.3	-0.00380062
264.4	-0.00380265
264.5	-0.00380684
264.6	-0.0038188
264.7	-0.00383194
264.8	-0.00384525
264.9	-0.0038577
265	-0.00387141
265.1	-0.00388307
265.2	-0.00389216
265.3	-0.00389867
265.4	-0.00390458
265.5	-0.00391035
265.6	-0.00391647
265.7	-0.00392399
265.8	-0.00392888
265.9	-0.00393514
266	-0.00394607
266.1	-0.00396389
266.2	-0.00398551
266.3	-0.00400189
266.4	-0.00401736
266.5	-0.00402767
266.6	-0.00404085
266.7	-0.00405223
266.8	-0.004068
266.9	-0.00408639
267	-0.00410622
267.1	-0.00412788
267.2	-0.00415272
267.3	-0.0041748
267.4	-0.00419606
267.5	-0.00421265
267.6	-0.0042283
267.7	-0.00424679
267.8	-0.00426544
267.9	-0.00428461
268	-0.00430167
268.1	-0.00431974
268.2	-0.00433848
268.3	-0.00435966
268.4	-0.00438292
268.5	-0.00440279
268.6	-0.00442081
268.7	-0.00443659
268.8	-0.00445535
268.9	-0.00447507
269	-0.00449708
269.1	-0.00452241
269.2	-0.0045507
269.3	-0.00457859
269.4	-0.0046057
269.5	-0.00463375
269.6	-0.00466754
269.7	-0.00470591
269.8	-0.00474328
269.9	-0.00478132
270	-0.00482154
270.1	-0.00485731
270.2	-0.00488595
270.3	-0.00491442
270.4	-0.00494685
270.5	-0.00498122
270.6	-0.00501597
270.7	-0.0050468
270.8	-0.00507337
270.9	-0.00509334
271	-0.00510278
271.1	-0.00510508
271.2	-0.00509936
271.3	-0.00508698
271.4	-0.00507108
271.5	-0.00505303
271.6	-0.00503415
271.7	-0.00501492
271.8	-0.00499006
271.9	-0.00496099
272	-0.00493057
272.1	-0.00490019
272.2	-0.00487198
272.3	-0.0048397
272.4	-0.00480813
272.5	-0.00477632
272.6	-0.00474748
272.7	-0.00472121
272.8	-0.00469512
272.9	-0.00467157
273	-0.00464678
273.1	-0.00462193
273.2	-0.00459828
273.3	-0.0045737
273.4	-0.00454702
273.5	-0.00451839
273.6	-0.00449226
273.7	-0.0044649
273.8	-0.00443898
273.9	-0.00441798
274	-0.00440099
274.1	-0.00438643
274.2	-0.00436878
274.3	-0.00434711
274.4	-0.00431826
274.5	-0.00428487
274.6	-0.00424827
274.7	-0.00421165
274.8	-0.00417418
274.9	-0.00413332
275	-0.00409385
275.1	-0.0040547
275.2	-0.00401308
275.3	-0.00397284
275.4	-0.00393245
275.5	-0.00388689
275.6	-0.00383852
275.7	-0.0037875
275.8	-0.00373567
275.9	-0.003685
276	-0.00363663
276.1	-0.00359173
276.2	-0.0035473
276.3	-0.00350583
276.4	-0.00346007
276.5	-0.0034182
276.6	-0.00337974
276.7	-0.00333567
276.8	-0.00328962
276.9	-0.00324468
277	-0.00320355
277.1	-0.00316195
277.2	-0.00312448
277.3	-0.00308855
277.4	-0.00305362
277.5	-0.00302039
277.6	-0.00299071
277.7	-0.00296448
277.8	-0.00293915
277.9	-0.00291747
278	-0.00289492
278.1	-0.00287294
278.2	-0.00285462
278.3	-0.00284133
278.4	-0.00283258
278.5	-0.00282703
278.6	-0.00282161
278.7	-0.00281596
278.8	-0.00281087
278.9	-0.00280452
279	-0.0027953
279.1	-0.00279005
279.2	-0.00279012
279.3	-0.00279094
279.4	-0.00279382
279.5	-0.00279478
279.6	-0.00279569
279.7	-0.00280174
279.8	-0.0028068
279.9	-0.00281141
280	-0.00281296
280.1	-0.00280903
280.2	-0.00280161
280.3	-0.00279152
280.4	-0.00278144
280.5	-0.00276798
280.6	-0.00275326
280.7	-0.00273804
280.8	-0.00272164
280.9	-0.00270427
281	-0.00268984
281.1	-0.0026779
281.2	-0.00266658
281.3	-0.0026557
281.4	-0.00264541
281.5	-0.00263221
281.6	-0.00261197
281.7	-0.00258808
281.8	-0.00256524
281.9	-0.00254451
282	-0.00252632
282.1	-0.00250923
282.2	-0.0024905
282.3	-0.00246499
282.4	-0.00244109
282.5	-0.00241815
282.6	-0.00239943
282.7	-0.002388
282.8	-0.00237788
282.9	-0.00236527
283	-0.00235132
283.1	-0.00233467
283.2	-0.00231545
283.3	-0.00229678
283.4	-0.00227626
283.5	-0.0022508
283.6	-0.00222597
283.7	-0.00220459
283.8	-0.00218204
283.9	-0.00216113
284	-0.00214517
284.1	-0.00213678
284.2	-0.00213787
284.3	-0.00213763
284.4	-0.00214029
284.5	-0.00214924
284.6	-0.00217081
284.7	-0.00219642
284.8	-0.00222725
284.9	-0.00225829
285	-0.00228843
285.1	-0.00231786
285.2	-0.00234564
285.3	-0.0023755
285.4	-0.00241091
285.5	-0.00244739
285.6	-0.00248213
285.7	-0.00250992
285.8	-0.00253347
285.9	-0.00255374
286	-0.00257731
286.1	-0.00259875
286.2	-0.00261913
286.3	-0.00264121
286.4	-0.00266583
286.5	-0.00268613
286.6	-0.00270393
286.7	-0.00271931
286.8	-0.00273538
286.9	-0.00275502
287	-0.0027817
287.1	-0.00281089
287.2	-0.00284337
287.3	-0.00287306
287.4	-0.00289931
287.5	-0.00292153
287.6	-0.00294034
287.7	-0.00295619
287.8	-0.00296742
287.9	-0.00297502
288	-0.00298529
288.1	-0.00299311
288.2	-0.00299669
288.3	-0.00300174
288.4	-0.00300905
288.5	-0.00302258
288.6	-0.00303773
288.7	-0.00305243
288.8	-0.00307067
288.9	-0.00309008
289	-0.00311004
289.1	-0.0031305
289.2	-0.00315271
289.3	-0.00317468
289.4	-0.00319784
289.5	-0.00321759
289.6	-0.0032298
289.7	-0.00323677
289.8	-0.00324308
289.9	-0.00325219
290	-0.00326261
290.1	-0.00326893
290.2	-0.00327859
290.3	-0.00328857
290.4	-0.00330212
290.5	-0.00332208
290.6	-0.00334441
290.7	-0.00336814
290.8	-0.00338913
290.9	-0.00340297
291	-0.00341709
291.1	-0.00343593
291.2	-0.00345561
291.3	-0.00347344
291.4	-0.00349072
291.5	-0.00350579
291.6	-0.00351614
291.7	-0.00352351
291.8	-0.00352698
291.9	-0.00353027
292	-0.00352674
292.1	-0.00351886
292.2	-0.00351405
292.3	-0.00351229
292.4	-0.0035062
292.5	-0.00350436
292.6	-0.00351078
292.7	-0.00352132
292.8	-0.00352918
292.9	-0.00354129
293	-0.0035559
293.1	-0.00356691
293.2	-0.00357457
293.3	-0.00357658
293.4	-0.00357483
293.5	-0.00356791
293.6	-0.00355835
293.7	-0.00355032
293.8	-0.00354056
293.9	-0.00352654
294	-0.003512
294.1	-0.00349614
294.2	-0.00347795
294.3	-0.00345564
294.4	-0.00343413
294.5	-0.00341861
294.6	-0.00340281
294.7	-0.00338853
294.8	-0.0033696
294.9	-0.00335267
295	-0.00333699
295.1	-0.00332427
295.2	-0.00331253
295.3	-0.00329715
295.4	-0.00328187
295.5	-0.00327177
295.6	-0.0032654
295.7	-0.00326138
295.8	-0.0032551
295.9	-0.00324538
296	-0.0032336
296.1	-0.00322349
296.2	-0.00321193
296.3	-0.00320105
296.4	-0.00318803
296.5	-0.00317274
296.6	-0.00316025
296.7	-0.00314987
296.8	-0.00313945
296.9	-0.00313116
297	-0.00311928
297.1	-0.00310038
297.2	-0.00307021
297.3	-0.00303751
297.4	-0.00300623
297.5	-0.00298179
297.6	-0.00296042
297.7	-0.00294
297.8	-0.00291636
297.9	-0.00289062
298	-0.00286487
298.1	-0.00284318
298.2	-0.00282226
298.3	-0.00280307
298.4	-0.00278326
298.5	-0.00276327
298.6	-0.00274361
298.7	-0.00272184
298.8	-0.00269795
298.9	-0.002671
299	-0.00264584
299.1	-0.00262438
299.2	-0.00260099
299.3	-0.00257715
299.4	-0.00254708
299.5	-0.00251237
299.6	-0.0024753
299.7	-0.00243977
299.8	-0.00240238
299.9	-0.00236461
300	-0.00233093
300.1	-0.00230199
300.2	-0.00227369
300.3	-0.00223925
300.4	-0.0022032
300.5	-0.00216765
300.6	-0.00212563
300.7	-0.00208389
300.8	-0.00204173
300.9	-0.00199393
301	-0.00194498
301.1	-0.00189834
301.2	-0.00185435
301.3	-0.00181382
301.4	-0.00177669
301.5	-0.00174389
301.6	-0.00171043
301.7	-0.00168223
301.8	-0.00166108
301.9	-0.00163916
302	-0.00161507
302.1	-0.00158869
302.2	-0.00156206
302.3	-0.0015381
302.4	-0.00151387
302.5	-0.0014892
302.6	-0.00146704
302.7	-0.00144719
302.8	-0.00142813
302.9	-0.00140956
303	-0.00138897
303.1	-0.00137099
303.2	-0.00135344
303.3	-0.00133391
303.4	-0.00130903
303.5	-0.00127845
303.6	-0.00124732
303.7	-0.00122724
303.8	-0.00121421
303.9	-0.00120472
304	-0.00119504
304.1	-0.00119067
304.2	-0.00119014
304.3	-0.00118654
304.4	-0.00118028
304.5	-0.0011745
304.6	-0.00117037
304.7	-0.0011686
304.8	-0.00116746
304.9	-0.00116395
305	-0.00115859
305.1	-0.00115492
305.2	-0.00115397
305.3	-0.00115689
305.4	-0.00116434
305.5	-0.00116701
305.6	-0.00116386
305.7	-0.00115832
305.8	-0.00115296
305.9	-0.00114823
306	-0.00114512
306.1	-0.00113801
306.2	-0.00113019
306.3	-0.00112422
306.4	-0.00111834
306.5	-0.00111266
306.6	-0.00110587
306.7	-0.00109442
306.8	-0.00107863
306.9	-0.00105809
307	-0.00103905
307.1	-0.00102293
307.2	-0.00100537
307.3	-0.00099304
307.4	-0.000983933
307.5	-0.000974535
307.6	-0.000965228
307.7	-0.000951167
307.8	-0.000933768
307.9	-0.000909855
308	-0.000882646
308.1	-0.000858541
308.2	-0.000833534
308.3	-0.00081069
308.4	-0.000793591
308.5	-0.000777143
308.6	-0.000765512
308.7	-0.000758186
308.8	-0.000755482
308.9	-0.00076081
309	-0.000771683
309.1	-0.000786068
309.2	-0.000805792
309.3	-0.000827543
309.4	-0.000849787
309.5	-0.00087358
309.6	-0.000900592
309.7	-0.000930538
309.8	-0.000957615
309.9	-0.000978844
310	-0.000999889
310.1	-0.00102105
310.2	-0.00104163
310.3	-0.00105856
310.4	-0.001075
310.5	-0.00108979
310.6	-0.00110559
310.7	-0.00111881
310.8	-0.00112947
310.9	-0.00114177
311	-0.00115657
311.1	-0.00117219
311.2	-0.00118574
311.3	-0.00119761
311.4	-0.00120604
311.5	-0.00121663
311.6	-0.00123076
311.7	-0.001241
311.8	-0.00124813
311.9	-0.00125286
312	-0.00125081
312.1	-0.00124967
312.2	-0.00124679
312.3	-0.00124539
312.4	-0.00124489
312.5	-0.00124049
312.6	-0.0012331
312.7	-0.00122858
312.8	-0.00122177
312.9	-0.00121244
313	-0.00119886
313.1	-0.0011835
313.2	-0.00116828
313.3	-0.00114832
313.4	-0.00112732
313.5	-0.00111331
313.6	-0.00109747
313.7	-0.00108416
313.8	-0.00107424
313.9	-0.00107356
314	-0.00107536
314.1	-0.00108361
314.2	-0.00109545
314.3	-0.00110855
314.4	-0.00111972
314.5	-0.00112973
314.6	-0.001141
314.7	-0.00115565
314.8	-0.00117428
314.9	-0.00119596
315	-0.00121707
315.1	-0.00124095
315.2	-0.00126673
315.3	-0.00129032
315.4	-0.00131305
315.5	-0.00134011
315.6	-0.00136836
315.7	-0.00139703
315.8	-0.00142228
315.9	-0.00144423
316	-0.00146428
316.1	-0.00148541
316.2	-0.00151105
316.3	-0.00153843
316.4	-0.00156399
316.5	-0.00159058
316.6	-0.0016184
316.7	-0.00164964
316.8	-0.00168118
316.9	-0.0017119
317	-0.00174218
317.1	-0.00177573
317.2	-0.00180902
317.3	-0.0018388
317.4	-0.00186323
317.5	-0.00188265
317.6	-0.00189876
317.7	-0.00191183
317.8	-0.00192619
317.9	-0.00194208
318	-0.00195676
318.1	-0.00197074
318.2	-0.0019863
318.3	-0.00200518
318.4	-0.00202285
318.5	-0.00203684
318.6	-0.00204363
318.7	-0.00204771
318.8	-0.00204545
318.9	-0.00204231
319	-0.0020415
319.1	-0.00204362
319.2	-0.00205039
319.3	-0.00205434
319.4	-0.00205715
319.5	-0.00205871
319.6	-0.00205932
319.7	-0.00205965
319.8	-0.00206246
319.9	-0.00206326
320	-0.00206206
320.1	-0.00206263
320.2	-0.00206278
320.3	-0.00206213
320.4	-0.00205853
320.5	-0.00205472
320.6	-0.00205488
320.7	-0.00205863
320.8	-0.00205901
320.9	-0.00205805
321	-0.00205522
321.1	-0.00205145
321.2	-0.00204358
321.3	-0.0020351
321.4	-0.00202779
321.5	-0.00202216
321.6	-0.00201779
321.7	-0.00202045
321.8	-0.0020263
321.9	-0.00203033
322	-0.00203287
322.1	-0.00203521
322.2	-0.0020398
322.3	-0.0020459
322.4	-0.00205309
322.5	-0.00205768
322.6	-0.00206242
322.7	-0.00206793
322.8	-0.00207568
322.9	-0.00208566
323	-0.00209068
323.1	-0.002091
323.2	-0.00208869
323.3	-0.00208292
323.4	-0.00207352
323.5	-0.00206324
323.6	-0.00205158
323.7	-0.00203782
323.8	-0.00202342
323.9	-0.00200597
324	-0.00198603
324.1	-0.00196409
324.2	-0.00193934
324.3	-0.00191815
324.4	-0.00189699
324.5	-0.00187694
324.6	-0.00185375
324.7	-0.00183091
324.8	-0.00180824
324.9	-0.00178696
325	-0.00176867
325.1	-0.00174666
325.2	-0.00172444
325.3	-0.00170277
325.4	-0.00168185
325.5	-0.00166206
325.6	-0.00164913
325.7	-0.00163865
325.8	-0.00162965
325.9	-0.00162051
326	-0.00161545
326.1	-0.00160907
326.2	-0.00160478
326.3	-0.00160453
326.4	-0.00161011
326.5	-0.00162246
326.6	-0.00163885
326.7	-0.00165602
326.8	-0.00167087
326.9	-0.00168412
327	-0.00170081
327.1	-0.00171794
327.2	-0.00173642
327.3	-0.00175526
327.4	-0.00177396
327.5	-0.00179238
327.6	-0.00180953
327.7	-0.00182134
327.8	-0.001834
327.9	-0.00184597
328	-0.00185692
328.1	-0.00186552
328.2	-0.00187008
328.3	-0.00187669
328.4	-0.00188224
328.5	-0.00188487
328.6	-0.00189097
328.7	-0.00189826
328.8	-0.00189953
328.9	-0.00189313
329	-0.00187765
329.1	-0.00185456
329.2	-0.0018312
329.3	-0.00181048
329.4	-0.00179586
329.5	-0.00178358
329.6	-0.00176859
329.7	-0.00174793
329.8	-0.00172842
329.9	-0.00170645
330	-0.00168297
330.1	-0.00165382
330.2	-0.00162196
330.3	-0.00158675
330.4	-0.00154815
330.5	-0.00150922
330.6	-0.00147192
330.7	-0.00143014
330.8	-0.00138057
330.9	-0.00132583
331	-0.00126862
331.1	-0.00120927
331.2	-0.00114925
331.3	-0.00109429
331.4	-0.00103806
331.5	-0.000977983
331.6	-0.000916605
331.7	-0.000850965
331.8	-0.000784241
331.9	-0.000719571
332	-0.000659763
332.1	-0.000604397
332.2	-0.000551912
332.3	-0.000502281
332.4	-0.000453747
332.5	-0.000406515
332.6	-0.000360483
332.7	-0.000318838
332.8	-0.000279157
332.9	-0.000240433
333	-0.00019946
333.1	-0.000154966
333.2	-0.000109129
333.3	-6.20829e-05
333.4	-1.839e-05
333.5	2.27478e-05
333.6	5.75284e-05
333.7	8.91945e-05
333.8	0.000121427
333.9	0.000154107
334	0.000182946
334.1	0.000205115
334.2	0.000225397
334.3	0.000248418
334.4	0.000277986
334.5	0.000307395
334.6	0.000335474
334.7	0.000363745
334.8	0.000391649
334.9	0.000421518
335	0.000456176
335.1	0.000493357
335.2	0.000529524
335.3	0.000565622
335.4	0.000603922
335.5	0.000645067
335.6	0.000695378
335.7	0.000750551
335.8	0.000810054
335.9	0.000866171
336	0.000918569
336.1	0.000968689
336.2	0.0010181
336.3	0.00106388
336.4	0.00110926
336.5	0.00115235
336.6	0.00119116
336.7	0.00123033
336.8	0.00127042
336.9	0.00130999
337	0.00134558
337.1	0.00137713
337.2	0.00140555
337.3	0.00143264
337.4	0.00145836
337.5	0.00148199
337.6	0.00150217
337.7	0.00151839
337.8	0.00152954
337.9	0.00153538
338	0.00153987
338.1	0.00154653
338.2	0.00155269
338.3	0.00156339
338.4	0.00157073
338.5	0.00157486
338.6	0.00157564
338.7	0.00157907
338.8	0.00158034
338.9	0.00157903
339	0.00157907
339.1	0.00157773
339.2	0.00157505
339.3	0.00157247
339.4	0.00157074
339.5	0.00156862
339.6	0.00156512
339.7	0.00156124
339.8	0.00155256
339.9	0.0015429
340	0.00153185
340.1	0.00151892
340.2	0.00150281
340.3	0.00148033
340.4	0.00145215
340.5	0.00142279
340.6	0.00139305
340.7	0.00136265
340.8	0.00132526
340.9	0.00128416
341	0.00124144
341.1	0.00119603
341.2	0.00114452
341.3	0.00109432
341.4	0.00104526
341.5	0.000995312
341.6	0.000945548
341.7	0.000893964
341.8	0.00083891
341.9	0.000781785
342	0.000726575
342.1	0.000670434
342.2	0.000615331
342.3	0.000562087
342.4	0.000509556
342.5	0.000458734
342.6	0.000411488
342.7	0.000367026
342.8	0.000324191
342.9	0.000283463
343	0.000242657
343.1	0.000200603
343.2	0.000158226
343.3	0.000113822
343.4	7.21096e-05
343.5	3.79122e-05
343.6	6.61733e-06
343.7	-2.36061e-05
343.8	-5.3273e-05
343.9	-8.24288e-05
344	-0.000116964
344.1	-0.000153525
344.2	-0.000189984
344.3	-0.000224978
344.4	-0.000262324
344.5	-0.00030004
344.6	-0.000336654
344.7	-0.000375426
344.8	-0.000411492
344.9	-0.000449717
345	-0.000488475
345.1	-0.000531696
345.2	-0.000578305
345.3	-0.000629151
345.4	-0.000681593
345.5	-0.000732852
345.6	-0.000781779
345.7	-0.000836616
345.8	-0.000891834
345.9	-0.000945189
346	-0.000993837
346.1	-0.00104081
346.2	-0.00109131
346.3	-0.00114139
346.4	-0.00119179
346.5	-0.001242
346.6	-0.00128971
346.7	-0.00133319
346.8	-0.00137983
346.9	-0.00143006
347	-0.00147679
347.1	-0.00152233
347.2	-0.00156853
347.3	-0.00161578
347.4	-0.00166193
347.5	-0.00170414
347.6	-0.00174189
347.7	-0.00177328
347.8	-0.00179977
347.9	-0.00182416
348	-0.00184112
348.1	-0.00185329
348.2	-0.00186272
348.3	-0.00187227
348.4	-0.00187853
348.5	-0.00188248
348.6	-0.00189028
348.7	-0.00190095
348.8	-0.00191088
348.9	-0.00191298
349	-0.00191397
349.1	-0.00190978
349.2	-0.00190222
349.3	-0.00189149
349.4	-0.00188344
349.5	-0.00187644
349.6	-0.00186775
349.7	-0.00185295
349.8	-0.00183677
349.9	-0.00182035
350	-0.00180817
350.1	-0.0017948
350.2	-0.00178222
350.3	-0.00177106
350.4	-0.00176023
350.5	-0.0017462
350.6	-0.0017307
350.7	-0.00172094
350.8	-0.0017119
350.9	-0.00170323
351	-0.00169589
351.1	-0.00169134
351.2	-0.00168932
351.3	-0.00168923
351.4	-0.00168834
351.5	-0.0016867
351.6	-0.00168214
351.7	-0.00167727
351.8	-0.00167564
351.9	-0.00167804
352	-0.00167995
352.1	-0.00168202
352.2	-0.00168059
352.3	-0.00167416
352.4	-0.00166354
352.5	-0.0016509
352.6	-0.00163453
352.7	-0.00162095
352.8	-0.00160931
352.9	-0.00159898
353	-0.00158825
353.1	-0.00157732
353.2	-0.00156464
353.3	-0.00155407
353.4	-0.00154797
353.5	-0.00154777
353.6	-0.00154406
353.7	-0.00153521
353.8	-0.00152627
353.9	-0.00151548
354	-0.00150977
354.1	-0.00150552
354.2	-0.00150056
354.3	-0.00149185
354.4	-0.00147685
354.5	-0.00145717
354.6	-0.00144026
354.7	-0.00142548
354.8	-0.00140955
354.9	-0.00138877
355	-0.00136506
355.1	-0.00133776
355.2	-0.00131097
355.3	-0.00128204
355.4	-0.00125116
355.5	-0.00121553
355.6	-0.00117826
355.7	-0.00114137
355.8	-0.00110598
355.9	-0.00106917
356	-0.00102995
356.1	-0.000989876
356.2	-0.000954516
356.3	-0.000917012
356.4	-0.000880645
356.5	-0.000844562
356.6	-0.000809959
356.7	-0.000762941
356.8	-0.000710187
356.9	-0.000655396
357	-0.000598569
357.1	-0.000540332
357.2	-0.000478299
357.3	-0.000415435
357.4	-0.000354114
357.5	-0.000292744
357.6	-0.000228227
357.7	-0.000164903
357.8	-0.000102598
357.9	-4.27402e-05
358	1.46672e-05
358.1	6.85795e-05
358.2	0.000119814
358.3	0.000171566
358.4	0.000217348
358.5	0.000262627
358.6	0.000310651
358.7	0.000359436
358.8	0.000409392
358.9	0.000454113
359	0.000500462
359.1	0.0005435
359.2	0.000584064
359.3	0.000616845
359.4	0.0006419
359.5	0.00066575
359.6	0.000692412
359.7	0.000716048
359.8	0.000739305
359.9	0.000756072
360	0.000769752
360.1	0.000785933
360.2	0.000802882
360.3	0.000818781
360.4	0.000830055
360.5	0.000837326
360.6	0.000842305
360.7	0.000848354
360.8	0.000855314
360.9	0.000866614
361	0.000875714
361.1	0.000880723
361.2	0.000884588
361.3	0.000887932
361.4	0.000890263
361.5	0.000891372
361.6	0.00088739
361.7	0.000882038
361.8	0.000877394
361.9	0.000869473
362	0.000856593
362.1	0.000842297
362.2	0.00082777
362.3	0.000811615
362.4	0.000800748
362.5	0.000794051
362.6	0.000792648
362.7	0.000793989
362.8	0.000796984
362.9	0.000800305
363	0.000804304
363.1	0.000809606
363.2	0.000820352
363.3	0.000829691
363.4	0.000837226
363.5	0.000842775
363.6	0.000848696
363.7	0.000851636
363.8	0.000853191
363.9	0.000858306
364	0.000865962
364.1	0.000873757
364.2	0.000884025
364.3	0.000896375
364.4	0.000911686
364.5	0.00093088
364.6	0.000952233
364.7	0.000974986
364.8	0.00100041
364.9	0.00102991
365	0.00105957
365.1	0.00108696
365.2	0.00111208
365.3	0.00113361
365.4	0.00115304
365.5	0.00117072
365.6	0.00118743
365.7	0.00120832
365.8	0.0012293
365.9	0.00125003
366	0.00126805
366.1	0.00128189
366.2	0.00129098
366.3	0.00130166
366.4	0.00131058
366.5	0.00132091
366.6	0.00133406
366.7	0.00134944
366.8	0.00136734
366.9	0.00138553
367	0.00140316
367.1	0.00141966
367.2	0.00143307
367.3	0.00144268
367.4	0.0014484
367.5	0.00145068
367.6	0.00144891
367.7	0.00144575
367.8	0.00144255
367.9	0.00144274
368	0.0014445
368.1	0.00144761
368.2	0.00144553
368.3	0.00144135
368.4	0.00143582
368.5	0.00142699
368.6	0.00141662
368.7	0.00140546
368.8	0.00139692
368.9	0.00138927
369	0.00137985
369.1	0.00136655
369.2	0.00134878
369.3	0.00132772
369.4	0.00130245
369.5	0.00128064
369.6	0.00125996
369.7	0.00124336
369.8	0.00122754
369.9	0.00121461
370	0.00120114
370.1	0.00118593
370.2	0.00116962
370.3	0.00115021
370.4	0.0011303
370.5	0.00111106
370.6	0.0010927
370.7	0.00107614
370.8	0.00106193
370.9	0.00104946
371	0.0010373
371.1	0.00102396
371.2	0.00101249
371.3	0.00100336
371.4	0.000992927
371.5	0.000980982
371.6	0.000967148
371.7	0.000952579
371.8	0.00094042
371.9	0.000929121
372	0.000915605
372.1	0.000900705
372.2	0.00088748
372.3	0.00087211
372.4	0.000850772
372.5	0.000822811
372.6	0.000793138
372.7	0.000763076
372.8	0.000736013
372.9	0.000713782
373	0.0006949
373.1	0.000676434
373.2	0.000656083
373.3	0.000636674
373.4	0.000623693
373.5	0.000611613
373.6	0.000601159
373.7	0.000590073
373.8	0.000577647
373.9	0.000564063
374	0.000553266
374.1	0.000540762
374.2	0.000528127
374.3	0.000512908
374.4	0.000499871
374.5	0.000485473
374.6	0.000473679
374.7	0.000465826
374.8	0.00046061
374.9	0.000455663
375	0.000451491
375.1	0.000448179
375.2	0.000446313
375.3	0.000443668
375.4	0.000436573
375.5	0.000425394
375.6	0.00041025
375.7	0.000391721
375.8	0.000372144
375.9	0.000352607
376	0.000330862
376.1	0.000305109
376.2	0.000278055
376.3	0.000251286
376.4	0.00022613
376.5	0.000206828
376.6	0.000190651
376.7	0.000176576
376.8	0.000161793
376.9	0.000148743
377	0.000139012
377.1	0.000128665
377.2	0.000117941
377.3	0.000107159
377.4	9.67131e-05
377.5	8.99444e-05
377.6	8.39386e-05
377.7	7.47751e-05
377.8	6.55595e-05
377.9	5.2814e-05
378	4.32662e-05
378.1	2.89039e-05
378.2	4.50684e-06
378.3	-2.09356e-05
378.4	-3.84557e-05
378.5	-4.68389e-05
378.6	-4.66602e-05
378.7	-4.11183e-05
378.8	-3.22869e-05
378.9	-1.98803e-05
379	-3.18423e-06
379.1	9.24739e-06
379.2	1.77145e-05
379.3	2.69681e-05
379.4	3.27401e-05
379.5	3.27554e-05
379.6	2.74375e-05
379.7	1.88002e-05
379.8	1.06975e-05
379.9	4.60706e-06
380	-4.44763e-06
380.1	-1.71293e-05
380.2	-3.09433e-05
380.3	-4.32584e-05
380.4	-5.28068e-05
380.5	-5.80216e-05
380.6	-5.9994e-05
380.7	-6.32253e-05
380.8	-6.62702e-05
380.9	-6.67135e-05
381	-6.49032e-05
381.1	-5.89587e-05
381.2	-4.69721e-05
381.3	-3.45759e-05
381.4	-2.61571e-05
381.5	-2.13188e-05
381.6	-1.58172e-05
381.7	-8.31388e-06
381.8	-2.23779e-06
381.9	5.14202e-06
382	1.27391e-05
382.1	1.93546e-05
382.2	2.86572e-05
382.3	3.71045e-05
382.4	4.40333e-05
382.5	5.11011e-05
382.6	5.48453e-05
382.7	5.80389e-05
382.8	6.34819e-05
382.9	6.67868e-05
383	6.88901e-05
383.1	6.38964e-05
383.2	6.03871e-05
383.3	5.83838e-05
383.4	5.54108e-05
383.5	5.493e-05
383.6	5.13692e-05
383.7	4.88458e-05
383.8	5.02665e-05
383.9	5.14745e-05
384	4.97172e-05
384.1	4.19236e-05
384.2	3.65727e-05
384.3	3.30994e-05
384.4	2.58447e-05
384.5	1.6874e-05
384.6	1.01484e-05
384.7	7.40532e-06
384.8	3.90183e-06
384.9	2.91014e-06
385	7.92946e-07
385.1	-3.45821e-06
385.2	-3.77403e-06
385.3	-1.60545e-06
385.4	1.47314e-07
385.5	3.42071e-06
385.6	5.13266e-06
385.7	7.0243e-06
385.8	6.02988e-06
385.9	-2.69006e-07
386	-1.48014e-05
386.1	-3.30378e-05
386.2	-5.65658e-05
386.3	-8.75295e-05
386.4	-0.000124617
386.5	-0.000163211
386.6	-0.00020218
386.7	-0.000244036
386.8	-0.000288802
386.9	-0.000333936
387	-0.000377563
387.1	-0.000417179
387.2	-0.000455156
387.3	-0.00049009
387.4	-0.000519699
387.5	-0.000538407
387.6	-0.00054973
387.7	-0.000560129
387.8	-0.000566285
387.9	-0.000574787
388	-0.000589744
388.1	-0.000607409
388.2	-0.000621161
388.3	-0.000634728
388.4	-0.000644979
388.5	-0.000655548
388.6	-0.000671434
388.7	-0.000693894
388.8	-0.000718342
388.9	-0.00074247
389	-0.000766806
389.1	-0.000791998
389.2	-0.000816629
389.3	-0.000841994
389.4	-0.000868303
389.5	-0.000894197
389.6	-0.000920615
389.7	-0.000946328
389.8	-0.000968258
389.9	-0.000987669
390	-0.00100384
390.1	-0.0010166
390.2	-0.00102757
390.3	-0.00103782
390.4	-0.00104354
390.5	-0.00104747
390.6	-0.00105085
390.7	-0.00105025
390.8	-0.00104849
390.9	-0.00104706
391	-0.00104503
391.1	-0.00104496
391.2	-0.00104465
391.3	-0.00104197
391.4	-0.00103587
391.5	-0.00102553
391.6	-0.00101163
391.7	-0.000990186
391.8	-0.000963559
391.9	-0.000938908
392	-0.000915972
392.1	-0.00089409
392.2	-0.000870229
392.3	-0.000845079
392.4	-0.000819098
392.5	-0.000796022
392.6	-0.000774525
392.7	-0.000750729
392.8	-0.000725402
392.9	-0.000700425
393	-0.000674259
393.1	-0.000645129
393.2	-0.000615824
393.3	-0.000583219
393.4	-0.000552048
393.5	-0.000521824
393.6	-0.000489348
393.7	-0.000449333
393.8	-0.000409686
393.9	-0.000372598
394	-0.00033885
394.1	-0.000308385
394.2	-0.000284689
394.3	-0.000265189
394.4	-0.000249268
394.5	-0.00023619
394.6	-0.000220744
394.7	-0.000203831
394.8	-0.000190446
394.9	-0.000183722
395	-0.000178912
395.1	-0.000180295
395.2	-0.000183082
395.3	-0.000185416
395.4	-0.000187395
395.5	-0.000191929
395.6	-0.000194878
395.7	-0.00019837
395.8	-0.000203963
395.9	-0.000204013
396	-0.000201548
396.1	-0.00020013
396.2	-0.000200334
396.3	-0.000201341
396.4	-0.000201996
396.5	-0.000203497
396.6	-0.000205262
396.7	-0.000207764
396.8	-0.000206657
396.9	-0.00020144
397	-0.000190411
397.1	-0.000174127
397.2	-0.00015649
397.3	-0.000134809
397.4	-0.000107169
397.5	-7.87036e-05
397.6	-5.28737e-05
397.7	-2.71351e-05
397.8	-1.81678e-06
397.9	2.3851e-05
398	5.34952e-05
398.1	8.01119e-05
398.2	0.000105602
398.3	0.000127703
398.4	0.000147444
398.5	0.000165432
398.6	0.000182587
398.7	0.000196945
398.8	0.00021187
398.9	0.000224405
399	0.000236635
399.1	0.000253616
399.2	0.000274528
399.3	0.000295712
399.4	0.000318074
399.5	0.000336512
399.6	0.000354524
399.7	0.000372648
399.8	0.000386489
399.9	0.000401735
400	0.000419595
400.1	0.000435378
400.2	0.000452312
400.3	0.000470719
400.4	0.000490682
400.5	0.00051162
400.6	0.000528284
400.7	0.000544055
400.8	0.000556395
400.9	0.000566766
401	0.000573863
401.1	0.00057899
401.2	0.000581632
401.3	0.000583481
401.4	0.000584505
401.5	0.000579362
401.6	0.000570913
401.7	0.00055983
401.8	0.000547431
401.9	0.000532225
402	0.000513717
402.1	0.000492941
402.2	0.000477958
402.3	0.000465387
402.4	0.000459182
402.5	0.000459708
402.6	0.000471385
402.7	0.000487559
402.8	0.00050407
402.9	0.000521596
403	0.000541201
403.1	0.00056206
403.2	0.000584329
403.3	0.000608802
403.4	0.000633376
403.5	0.000656395
403.6	0.000680014
403.7	0.000702357
403.8	0.00072563
403.9	0.000750513
404	0.000777478
404.1	0.000805653
404.2	0.000834004
404.3	0.000863076
404.4	0.000888936
404.5	0.00091216
404.6	0.000927459
404.7	0.000939982
404.8	0.00094882
404.9	0.000953446
405	0.000958653
405.1	0.000964203
405.2	0.000966754
405.3	0.000966441
405.4	0.000969949
405.5	0.000981079
405.6	0.000994344
405.7	0.00101249
405.8	0.00103516
405.9	0.00106008
406	0.00108247
406.1	0.0011052
406.2	0.00112755
406.3	0.00115044
406.4	0.0011729
406.5	0.00119294
406.6	0.00121066
406.7	0.00123069
406.8	0.00125455
406.9	0.00128204
407	0.00131103
407.1	0.00134124
407.2	0.00137159
407.3	0.00140201
407.4	0.00143319
407.5	0.00146058
407.6	0.00148493
407.7	0.00150508
407.8	0.00152561
407.9	0.00154098
408	0.00154934
408.1	0.00155465
408.2	0.00155817
408.3	0.00155897
408.4	0.0015556
408.5	0.00154882
408.6	0.00153745
408.7	0.00152358
408.8	0.00150674
408.9	0.00149097
409	0.00147821
409.1	0.00146207
409.2	0.00144208
409.3	0.0014247
409.4	0.00141114
409.5	0.00140456
409.6	0.0014013
409.7	0.00140081
409.8	0.00141094
409.9	0.00143005
410	0.0014508
410.1	0.00147098
410.2	0.00148786
410.3	0.00150727
410.4	0.0015273
410.5	0.00154479
410.6	0.00155681
410.7	0.00156499
410.8	0.00157314
410.9	0.00158046
411	0.00158316
411.1	0.00158972
411.2	0.00159918
411.3	0.00160896
411.4	0.00161371
411.5	0.00161611
411.6	0.00161849
411.7	0.00161966
411.8	0.00161395
411.9	0.00160598
412	0.00159438
412.1	0.00158151
412.2	0.00156972
412.3	0.00156066
412.4	0.00154793
412.5	0.0015327
412.6	0.00151927
412.7	0.00151096
412.8	0.00150232
412.9	0.00149395
413	0.00148066
413.1	0.00146868
413.2	0.00145668
413.3	0.00144846
413.4	0.00143418
413.5	0.00141394
413.6	0.00139105
413.7	0.00137076
413.8	0.00135128
413.9	0.00133026
414	0.00130597
414.1	0.00127937
414.2	0.00125065
414.3	0.00122075
414.4	0.00118901
414.5	0.00115925
414.6	0.0011322
414.7	0.0011113
414.8	0.0010985
414.9	0.00108989
415	0.00108305
415.1	0.00107584
415.2	0.0010678
415.3	0.00106187
415.4	0.0010564
415.5	0.00105181
415.6	0.00105016
415.7	0.0010483
415.8	0.00104672
415.9	0.00104636
416	0.00104543
416.1	0.00104398
416.2	0.00104439
416.3	0.00104622
416.4	0.0010512
416.5	0.00105586
416.6	0.00106392
416.7	0.00107718
416.8	0.00109802
416.9	0.00112465
417	0.0011505
417.1	0.0011737
417.2	0.00119912
417.3	0.00122496
417.4	0.00124923
417.5	0.00127331
417.6	0.00129049
417.7	0.00130372
417.8	0.00131164
417.9	0.0013251
418	0.00134142
418.1	0.00136163
418.2	0.00137859
418.3	0.00139686
418.4	0.00141273
418.5	0.00142693
418.6	0.00143763
418.7	0.00144783
418.8	0.00146213
418.9	0.00147919
419	0.00150206
419.1	0.00151913
419.2	0.0015322
419.3	0.00153993
419.4	0.00154512
419.5	0.0015528
419.6	0.00155863
419.7	0.00155948
419.8	0.00155707
419.9	0.00155783
420	0.00155667
420.1	0.00155102
420.2	0.00154572
420.3	0.00154136
420.4	0.00153905
420.5	0.00153431
420.6	0.00152991
420.7	0.00152572
420.8	0.00151981
420.9	0.00151427
421	0.00150605
421.1	0.00149544
421.2	0.00148511
421.3	0.00147616
421.4	0.00146868
421.5	0.00145848
421.6	0.00144549
421.7	0.00143068
421.8	0.00141451
421.9	0.00139797
422	0.00138317
422.1	0.00136726
422.2	0.00135309
422.3	0.0013421
422.4	0.001331
422.5	0.00132005
422.6	0.00130778
422.7	0.0012966
422.8	0.00128152
422.9	0.00126689
423	0.00125356
423.1	0.00124202
423.2	0.0012279
423.3	0.00121325
423.4	0.00119995
423.5	0.00118475
423.6	0.00116502
423.7	0.00114216
423.8	0.00112232
423.9	0.00110776
424	0.00110203
424.1	0.00110482
424.2	0.00110929
424.3	0.00111513
424.4	0.00111768
424.5	0.00111995
424.6	0.00112275
424.7	0.00112879
424.8	0.00113592
424.9	0.00114026
425	0.00114228
425.1	0.00114251
425.2	0.00114504
425.3	0.00115694
425.4	0.00117377
425.5	0.00119323
425.6	0.00120982
425.7	0.00122502
425.8	0.00123823
425.9	0.00125305
426	0.00126751
426.1	0.00127946
426.2	0.00128522
426.3	0.001286
426.4	0.00128569
426.5	0.00128669
426.6	0.00128541
426.7	0.00128409
426.8	0.00128216
426.9	0.00128533
427	0.0012895
427.1	0.00129222
427.2	0.00129342
427.3	0.00129056
427.4	0.00128386
427.5	0.00127092
427.6	0.00125484
427.7	0.00123621
427.8	0.00122347
427.9	0.00121285
428	0.00120086
428.1	0.00119038
428.2	0.00118077
428.3	0.00117694
428.4	0.00117616
428.5	0.00117757
428.6	0.0011758
428.7	0.0011734
428.8	0.00117374
428.9	0.00117621
429	0.00118033
429.1	0.00118621
429.2	0.00119249
429.3	0.00120283
429.4	0.00121346
429.5	0.00122417
429.6	0.00123354
429.7	0.00123995
429.8	0.00124677
429.9	0.00125504
430	0.00126039
430.1	0.00126463
430.2	0.0012702
430.3	0.00128076
430.4	0.00128974
430.5	0.00129371
430.6	0.00129693
430.7	0.0012986
430.8	0.00130176
430.9	0.00130071
431	0.00129398
431.1	0.00128375
431.2	0.00127506
431.3	0.0012656
431.4	0.00125772
431.5	0.00124895
431.6	0.00124365
431.7	0.00123493
431.8	0.00122463
431.9	0.00121795
432	0.00121553
432.1	0.0012157
432.2	0.00121704
432.3	0.00121307
432.4	0.00121438
432.5	0.00122263
432.6	0.00123024
432.7	0.0012355
432.8	0.00124507
432.9	0.00125413
433	0.00126451
433.1	0.0012786
433.2	0.00129646
433.3	0.00132022
433.4	0.00134022
433.5	0.00135777
433.6	0.0013702
433.7	0.00137943
433.8	0.00139064
433.9	0.00140133
434	0.00141108
434.1	0.00142434
434.2	0.00143892
434.3	0.00145458
434.4	0.00146982
434.5	0.00148603
434.6	0.00150521
434.7	0.00152302
434.8	0.00153555
434.9	0.0015461
435	0.00155443
435.1	0.00155733
435.2	0.00156047
435.3	0.00156864
435.4	0.00157772
435.5	0.00158664
435.6	0.00159637
435.7	0.00160261
435.8	0.00160709
435.9	0.00160604
436	0.00160521
436.1	0.001604
436.2	0.00160261
436.3	0.00160087
436.4	0.00159945
436.5	0.00159546
436.6	0.00158864
436.7	0.00158161
436.8	0.00157221
436.9	0.00156529
437	0.00155912
437.1	0.00155249
437.2	0.00154389
437.3	0.00153845
437.4	0.00153592
437.5	0.00153365
437.6	0.00153017
437.7	0.00152586
437.8	0.0015197
437.9	0.00151141
438	0.0015047
438.1	0.00150198
438.2	0.00150463
438.3	0.00151168
438.4	0.00151483
438.5	0.00151518
438.6	0.00151373
438.7	0.00151321
438.8	0.00151169
438.9	0.00151319
439	0.00151545
439.1	0.00152082
439.2	0.00153152
439.3	0.00154453
439.4	0.00155898
439.5	0.0015775
439.6	0.00160131
439.7	0.00163205
439.8	0.00166731
439.9	0.00170732
440	0.00174806
440.1	0.00178079
440.2	0.00181141
440.3	0.00184074
440.4	0.00186697
440.5	0.00188731
440.6	0.00190739
440.7	0.00192391
440.8	0.00193679
440.9	0.00194984
441	0.00196285
441.1	0.00197769
441.2	0.00199269
441.3	0.00200814
441.4	0.00201757
441.5	0.00202677
441.6	0.00203684
441.7	0.00204969
441.8	0.00206439
441.9	0.0020785
442	0.00208796
442.1	0.00209183
442.2	0.00209096
442.3	0.00208705
442.4	0.00208574
442.5	0.00208603
442.6	0.00208546
442.7	0.0020888
442.8	0.00209681
442.9	0.00210341
443	0.00211004
443.1	0.00211915
443.2	0.00212131
443.3	0.00211743
443.4	0.00210966
443.5	0.00210118
443.6	0.00209508
443.7	0.00208899
443.8	0.00208161
443.9	0.00207334
444	0.00206386
444.1	0.00205326
444.2	0.00204047
444.3	0.00202671
444.4	0.00200705
444.5	0.00198457
444.6	0.00195908
444.7	0.00193059
444.8	0.00190066
444.9	0.00186831
445	0.00183964
445.1	0.00181218
445.2	0.00178767
445.3	0.0017637
445.4	0.00174251
445.5	0.00172388
445.6	0.00170629
445.7	0.00168537
445.8	0.00165605
445.9	0.00162221
446	0.00159032
446.1	0.00156312
446.2	0.00154269
446.3	0.00153
446.4	0.00152451
446.5	0.00152323
446.6	0.00152775
446.7	0.00153425
446.8	0.0015378
446.9	0.00153579
447	0.00153367
447.1	0.00152804
447.2	0.00152184
447.3	0.00151554
447.4	0.001513
447.5	0.00151333
447.6	0.00151313
447.7	0.00150842
447.8	0.00150248
447.9	0.00149339
448	0.00148228
448.1	0.00146596
448.2	0.00144874
448.3	0.0014298
448.4	0.00141361
448.5	0.00139942
448.6	0.0013849
448.7	0.0013724
448.8	0.00135604
448.9	0.00133493
449	0.00131552
449.1	0.00129857
449.2	0.00128338
449.3	0.00126947
449.4	0.00125425
449.5	0.00124084
449.6	0.00122974
449.7	0.00122503
449.8	0.00121959
449.9	0.00121441
450	0.00120833
450.1	0.00120088
450.2	0.00119339
450.3	0.00118845
450.4	0.00118295
450.5	0.00117264
450.6	0.00116156
450.7	0.00115407
450.8	0.00115018
450.9	0.00114576
451	0.00114313
451.1	0.00114254
451.2	0.00114558
451.3	0.00115175
451.4	0.00116137
451.5	0.00116854
451.6	0.00117636
451.7	0.00118695
451.8	0.00119971
451.9	0.00121643
452	0.00123669
452.1	0.00125883
452.2	0.00128201
452.3	0.00130134
452.4	0.00131803
452.5	0.00133557
452.6	0.00135359
452.7	0.00137037
452.8	0.00138738
452.9	0.00140782
453	0.00142693
453.1	0.00144951
453.2	0.00147377
453.3	0.00150015
453.4	0.00152197
453.5	0.00154488
453.6	0.00156779
453.7	0.00158869
453.8	0.00160702
453.9	0.00162354
454	0.00163816
454.1	0.00165684
454.2	0.00168263
454.3	0.00171704
454.4	0.00175368
454.5	0.00179163
454.6	0.00183317
454.7	0.00187739
454.8	0.00192272
454.9	0.00196814
455	0.00200925
455.1	0.00205102
455.2	0.00209424
455.3	0.0021409
455.4	0.00218483
455.5	0.00223152
455.6	0.00228307
455.7	0.0023459
455.8	0.00240987
455.9	0.00247261
456	0.00253309
456.1	0.00259428
456.2	0.0026536
456.3	0.00270933
456.4	0.00276
456.5	0.00281259
456.6	0.00286745
456.7	0.00292554
456.8	0.00298865
456.9	0.00305304
457	0.00311379
457.1	0.00317126
457.2	0.00322742
457.3	0.00328096
457.4	0.00333285
457.5	0.0033846
457.6	0.00343591
457.7	0.00348634
457.8	0.00353522
457.9	0.00357688
458	0.00362056
458.1	0.00366342
458.2	0.00370812
458.3	0.00374773
458.4	0.00378654
458.5	0.00382392
458.6	0.00385575
458.7	0.00387917
458.8	0.00390021
458.9	0.00392129
459	0.00394152
459.1	0.00396075
459.2	0.00398062
459.3	0.00400033
459.4	0.00401822
459.5	0.00403067
459.6	0.00403837
459.7	0.00404233
459.8	0.00404067
459.9	0.00403688
460	0.0040335
460.1	0.00403149
460.2	0.00403059
460.3	0.00403132
460.4	0.00403114
460.5	0.0040319
460.6	0.00403019
460.7	0.00402911
460.8	0.00403149
460.9	0.00404103
461	0.00405154
461.1	0.00405709
461.2	0.00405913
461.3	0.00405858
461.4	0.00405821
461.5	0.00405904
461.6	0.00406162
461.7	0.00405974
461.8	0.00405669
461.9	0.00405319
462	0.0040484
462.1	0.00404399
462.2	0.00404151
462.3	0.00403736
462.4	0.0040305
462.5	0.00401691
462.6	0.00400009
462.7	0.00398429
462.8	0.00396422
462.9	0.00394141
463	0.00391736
463.1	0.00389865
463.2	0.00388202
463.3	0.00386358
463.4	0.00384213
463.5	0.00381676
463.6	0.00379165
463.7	0.00376699
463.8	0.00373947
463.9	0.00370884
464	0.00367832
464.1	0.0036461
464.2	0.00361312
464.3	0.00358161
464.4	0.00354962
464.5	0.0035182
464.6	0.00348772
464.7	0.00345707
464.8	0.00343165
464.9	0.00340442
465	0.00338125
465.1	0.00335913
465.2	0.00333283
465.3	0.00330374
465.4	0.00326941
465.5	0.0032291
465.6	0.00319213
465.7	0.00315515
465.8	0.00311983
465.9	0.00308975
466	0.00306383
466.1	0.0030428
466.2	0.00301962
466.3	0.00299344
466.4	0.00296618
466.5	0.00293736
466.6	0.00290755
466.7	0.00287619
466.8	0.00284123
466.9	0.00280389
467	0.00276902
467.1	0.00273556
467.2	0.00270482
467.3	0.00267298
467.4	0.00263862
467.5	0.00260332
467.6	0.00256815
467.7	0.00253647
467.8	0.00250439
467.9	0.00247523
468	0.00244615
468.1	0.00241457
468.2	0.00238398
468.3	0.00235672
468.4	0.00233355
468.5	0.00231364
468.6	0.00229241
468.7	0.00226806
468.8	0.00224687
468.9	0.00222559
469	0.00220747
469.1	0.00219246
469.2	0.00218079
469.3	0.00216795
469.4	0.00215154
469.5	0.00213658
469.6	0.00212409
469.7	0.00211377
469.8	0.00210589
469.9	0.00210315
470	0.00210404
470.1	0.00210336
470.2	0.00210188
470.3	0.00209735
470.4	0.00209202
470.5	0.00208994
470.6	0.00208803
470.7	0.00208664
470.8	0.00208838
470.9	0.00208891
471	0.00208805
471.1	0.00209176
471.2	0.0020967
471.3	0.00209592
471.4	0.0020917
471.5	0.00209287
471.6	0.00209081
471.7	0.00208584
471.8	0.00207615
471.9	0.00206682
472	0.00205792
472.1	0.00204913
472.2	0.00204752
472.3	0.00205446
472.4	0.00206877
472.5	0.00208943
472.6	0.00211412
472.7	0.00213979
472.8	0.00216466
472.9	0.00218538
473	0.00220197
473.1	0.00221241
473.2	0.00222064
473.3	0.00222416
473.4	0.00221937
473.5	0.00221061
473.6	0.00219789
473.7	0.00217958
473.8	0.00216408
473.9	0.00215536
474	0.0021452
474.1	0.00213443
474.2	0.00212223
474.3	0.00211195
474.4	0.00210308
474.5	0.00209375
474.6	0.00208401
474.7	0.00207423
474.8	0.00206415
474.9	0.00205763
475	0.00204987
475.1	0.00203922
475.2	0.00202431
475.3	0.00200673
475.4	0.00198755
475.5	0.00197074
475.6	0.00195356
475.7	0.00194218
475.8	0.00193473
475.9	0.00192742
476	0.00192197
476.1	0.00192017
476.2	0.00192789
476.3	0.00193887
476.4	0.00194924
476.5	0.00195789
476.6	0.00196576
476.7	0.00197037
476.8	0.00197026
476.9	0.00196992
477	0.00196957
477.1	0.00197012
477.2	0.00197101
477.3	0.00196968
477.4	0.00197428
477.5	0.00198367
477.6	0.0019937
477.7	0.00200001
477.8	0.0020002
477.9	0.00200074
478	0.00199875
478.1	0.00199834
478.2	0.0020018
478.3	0.00200618
478.4	0.00200642
478.5	0.00200359
478.6	0.002
478.7	0.00200304
478.8	0.00200904
478.9	0.00201571
479	0.00202123
479.1	0.00202948
479.2	0.00203861
479.3	0.00205106
479.4	0.00206633
479.5	0.00207963
479.6	0.00209143
479.7	0.00210117
479.8	0.00210989
479.9	0.00210827
480	0.0021017
480.1	0.00209273
480.2	0.0020872
480.3	0.00208008
480.4	0.00207062
480.5	0.0020614
480.6	0.00204909
480.7	0.00203537
480.8	0.00202324
480.9	0.00200673
481	0.001991
481.1	0.00197861
481.2	0.00196975
481.3	0.0019628
481.4	0.00195526
481.5	0.00194658
481.6	0.00193374
481.7	0.00191587
481.8	0.00189633
481.9	0.00187486
482	0.0018556
482.1	0.00183818
482.2	0.00182288
482.3	0.00180281
482.4	0.00177853
482.5	0.00174865
482.6	0.00171971
482.7	0.00169323
482.8	0.00166706
482.9	0.00163966
483	0.00161018
483.1	0.00158015
483.2	0.00155186
483.3	0.00152932
483.4	0.00151277
483.5	0.00150127
483.6	0.00149759
483.7	0.00149844
483.8	0.0014993
483.9	0.00149934
484	0.00149836
484.1	0.00149395
484.2	0.00148801
484.3	0.00148341
484.4	0.00148145
484.5	0.00148135
484.6	0.00147962
484.7	0.00147552
484.8	0.00147086
484.9	0.00147058
485	0.00147092
485.1	0.00147314
485.2	0.00147938
485.3	0.00148491
485.4	0.0014865
485.5	0.00148805
485.6	0.00149302
485.7	0.00150564
485.8	0.00152104
485.9	0.0015391
486	0.00155771
486.1	0.00157405
486.2	0.00158685
486.3	0.00159485
486.4	0.0016007
486.5	0.00160817
486.6	0.00161939
486.7	0.00163464
486.8	0.00165014
486.9	0.00166265
487	0.00167475
487.1	0.00168419
487.2	0.00169107
487.3	0.00169303
487.4	0.00168818
487.5	0.00167615
487.6	0.00165802
487.7	0.00163753
487.8	0.00161546
487.9	0.00159901
488	0.00158927
488.1	0.00158071
488.2	0.00157531
488.3	0.00156556
488.4	0.00155858
488.5	0.00155231
488.6	0.00154574
488.7	0.00153661
488.8	0.00152815
488.9	0.00152064
489	0.00151605
489.1	0.00151413
489.2	0.00151139
489.3	0.00151171
489.4	0.00151055
489.5	0.00150574
489.6	0.00150033
489.7	0.00149662
489.8	0.00149357
489.9	0.00148584
490	0.00147381
490.1	0.00145368
490.2	0.00143425
490.3	0.00141623
490.4	0.00139856
490.5	0.00138706
490.6	0.00137633
490.7	0.00136478
490.8	0.00135672
490.9	0.00134549
491	0.00132759
491.1	0.00130567
491.2	0.00128217
491.3	0.00125663
491.4	0.0012316
491.5	0.00120928
491.6	0.00118765
491.7	0.00116108
491.8	0.00113215
491.9	0.00110123
492	0.00107205
492.1	0.00104816
492.2	0.00102191
492.3	0.000997359
492.4	0.000974328
492.5	0.000952921
492.6	0.000933627
492.7	0.000915158
492.8	0.00089768
492.9	0.000876188
493	0.000855593
493.1	0.000837773
493.2	0.000820379
493.3	0.000801369
493.4	0.000781825
493.5	0.000764373
493.6	0.000746935
493.7	0.000731528
493.8	0.000716289
493.9	0.000696406
494	0.000672717
494.1	0.000653493
494.2	0.000638406
494.3	0.000623408
494.4	0.000608975
494.5	0.000596896
494.6	0.00058788
494.7	0.000582051
494.8	0.000579388
494.9	0.000574863
495	0.000567918
495.1	0.000566551
495.2	0.000563349
495.3	0.000559508
495.4	0.000557111
495.5	0.000558394
495.6	0.000554568
495.7	0.00055018
495.8	0.000548013
495.9	0.000545211
496	0.000549885
496.1	0.000557971
496.2	0.000563071
496.3	0.000562612
496.4	0.000558879
496.5	0.000555505
496.6	0.000551924
496.7	0.000547193
496.8	0.000543315
496.9	0.000540893
497	0.000540809
497.1	0.000542426
497.2	0.000546268
497.3	0.00054892
497.4	0.0005516
497.5	0.000554469
497.6	0.000560347
497.7	0.000570277
497.8	0.000580746
497.9	0.000594157
498	0.000611201
498.1	0.000627729
498.2	0.000639321
498.3	0.000646346
498.4	0.000650842
498.5	0.000654716
498.6	0.000659947
498.7	0.00066105
498.8	0.000661589
498.9	0.000661046
499	0.000664187
499.1	0.000671403
499.2	0.000680909
499.3	0.000689044
499.4	0.000699968
499.5	0.00071133
499.6	0.000719078
499.7	0.000723589
499.8	0.000721418
499.9	0.00071428
500	0.000709521
