LagTime	Correlation

0	1.78787
0.1	1.78286
0.2	1.77537
0.3	1.7673
0.4	1.75914
0.5	1.751
0.6	1.74293
0.7	1.73491
0.8	1.72697
0.9	1.71909
1	1.71127
1.1	1.70351
1.2	1.6958
1.3	1.68816
1.4	1.68059
1.5	1.67307
1.6	1.6656
1.7	1.6582
1.8	1.65085
1.9	1.64355
2	1.63631
2.1	1.62913
2.2	1.622
2.3	1.61492
2.4	1.6079
2.5	1.60093
2.6	1.59402
2.7	1.58716
2.8	1.58036
2.9	1.57361
3	1.56692
3.1	1.56028
3.2	1.55369
3.3	1.54715
3.4	1.54065
3.5	1.53419
3.6	1.52777
3.7	1.52139
3.8	1.51505
3.9	1.50875
4	1.5025
4.1	1.4963
4.2	1.49015
4.3	1.48403
4.4	1.47795
4.5	1.47191
4.6	1.46591
4.7	1.45995
4.8	1.45403
4.9	1.44815
5	1.4423
5.1	1.4365
5.2	1.43073
5.3	1.425
5.4	1.41931
5.5	1.41365
5.6	1.40803
5.7	1.40245
5.8	1.39689
5.9	1.39138
6	1.38589
6.1	1.38045
6.2	1.37503
6.3	1.36966
6.4	1.36432
6.5	1.35901
6.6	1.35374
6.7	1.34849
6.8	1.34328
6.9	1.3381
7	1.33295
7.1	1.32783
7.2	1.32275
7.3	1.3177
7.4	1.31269
7.5	1.3077
7.6	1.30276
7.7	1.29785
7.8	1.29298
7.9	1.28815
8	1.28335
8.1	1.27858
8.2	1.27385
8.3	1.26913
8.4	1.26445
8.5	1.25978
8.6	1.25515
8.7	1.25055
8.8	1.24598
8.9	1.24143
9	1.23691
9.1	1.23241
9.2	1.22795
9.3	1.22351
9.4	1.2191
9.5	1.21473
9.6	1.21038
9.7	1.20605
9.8	1.20175
9.9	1.19749
10	1.19325
10.1	1.18903
10.2	1.18484
10.3	1.18067
10.4	1.17652
10.5	1.17239
10.6	1.1683
10.7	1.16424
10.8	1.16019
10.9	1.15616
11	1.15216
11.1	1.14817
11.2	1.14421
11.3	1.14026
11.4	1.13634
11.5	1.13244
11.6	1.12856
11.7	1.12471
11.8	1.12088
11.9	1.11706
12	1.11327
12.1	1.10951
12.2	1.10576
12.3	1.10203
12.4	1.09833
12.5	1.09463
12.6	1.09096
12.7	1.08731
12.8	1.08367
12.9	1.08005
13	1.07645
13.1	1.07288
13.2	1.06933
13.3	1.0658
13.4	1.06229
13.5	1.0588
13.6	1.05533
13.7	1.05187
13.8	1.04844
13.9	1.04502
14	1.04161
14.1	1.03822
14.2	1.03484
14.3	1.03148
14.4	1.02813
14.5	1.0248
14.6	1.02149
14.7	1.0182
14.8	1.01493
14.9	1.01167
15	1.00843
15.1	1.00521
15.2	1.002
15.3	0.998808
15.4	0.995638
15.5	0.992489
15.6	0.989356
15.7	0.986239
15.8	0.983133
15.9	0.980043
16	0.976966
16.1	0.97391
16.2	0.970872
16.3	0.967846
16.4	0.964825
16.5	0.961819
16.6	0.958829
16.7	0.955849
16.8	0.952877
16.9	0.949919
17	0.946974
17.1	0.944048
17.2	0.94114
17.3	0.938249
17.4	0.935372
17.5	0.932508
17.6	0.929661
17.7	0.926826
17.8	0.924006
17.9	0.9212
18	0.918411
18.1	0.915632
18.2	0.912863
18.3	0.910104
18.4	0.907355
18.5	0.904621
18.6	0.901897
18.7	0.899179
18.8	0.896469
18.9	0.893771
19	0.891085
19.1	0.88841
19.2	0.885744
19.3	0.883087
19.4	0.880439
19.5	0.877798
19.6	0.875165
19.7	0.87254
19.8	0.869927
19.9	0.867328
20	0.864742
20.1	0.862165
20.2	0.859598
20.3	0.857043
20.4	0.8545
20.5	0.851969
20.6	0.84945
20.7	0.846944
20.8	0.844446
20.9	0.841961
21	0.839487
21.1	0.837031
21.2	0.834591
21.3	0.832162
21.4	0.829741
21.5	0.827328
21.6	0.824925
21.7	0.822534
21.8	0.820155
21.9	0.817788
22	0.815431
22.1	0.813088
22.2	0.810759
22.3	0.808439
22.4	0.80613
22.5	0.803831
22.6	0.801538
22.7	0.799251
22.8	0.796977
22.9	0.794714
23	0.792457
23.1	0.790207
23.2	0.787958
23.3	0.785708
23.4	0.783459
23.5	0.781218
23.6	0.778984
23.7	0.776758
23.8	0.774537
23.9	0.772324
24	0.770114
24.1	0.767914
24.2	0.765725
24.3	0.763542
24.4	0.761369
24.5	0.759209
24.6	0.75706
24.7	0.754921
24.8	0.752789
24.9	0.750663
25	0.748545
25.1	0.74644
25.2	0.744347
25.3	0.742259
25.4	0.740181
25.5	0.738109
25.6	0.736047
25.7	0.733992
25.8	0.731945
25.9	0.729907
26	0.727872
26.1	0.725847
26.2	0.72383
26.3	0.721821
26.4	0.71982
26.5	0.717823
26.6	0.715832
26.7	0.713843
26.8	0.711857
26.9	0.709882
27	0.707918
27.1	0.705968
27.2	0.704023
27.3	0.702084
27.4	0.700153
27.5	0.698229
27.6	0.696314
27.7	0.694406
27.8	0.69251
27.9	0.690621
28	0.688738
28.1	0.686866
28.2	0.685007
28.3	0.683151
28.4	0.681305
28.5	0.679468
28.6	0.677634
28.7	0.675802
28.8	0.673973
28.9	0.672146
29	0.670325
29.1	0.668508
29.2	0.666698
29.3	0.664892
29.4	0.663092
29.5	0.661298
29.6	0.659515
29.7	0.657739
29.8	0.655972
29.9	0.654217
30	0.652468
30.1	0.650726
30.2	0.648993
30.3	0.647264
30.4	0.645545
30.5	0.643827
30.6	0.642112
30.7	0.640405
30.8	0.638704
30.9	0.637006
31	0.635312
31.1	0.633618
31.2	0.631923
31.3	0.630227
31.4	0.628532
31.5	0.62684
31.6	0.625153
31.7	0.623473
31.8	0.621795
31.9	0.620123
32	0.61846
32.1	0.616802
32.2	0.615153
32.3	0.613506
32.4	0.611864
32.5	0.610228
32.6	0.608601
32.7	0.606979
32.8	0.605361
32.9	0.603748
33	0.602138
33.1	0.600529
33.2	0.598923
33.3	0.597319
33.4	0.595719
33.5	0.594121
33.6	0.592527
33.7	0.59094
33.8	0.589356
33.9	0.587777
34	0.586197
34.1	0.584618
34.2	0.583043
34.3	0.581478
34.4	0.579924
34.5	0.57838
34.6	0.57684
34.7	0.575304
34.8	0.573775
34.9	0.572251
35	0.570727
35.1	0.569211
35.2	0.567703
35.3	0.566201
35.4	0.564701
35.5	0.563207
35.6	0.561719
35.7	0.560231
35.8	0.558743
35.9	0.557259
36	0.555775
36.1	0.554296
36.2	0.552819
36.3	0.551342
36.4	0.549868
36.5	0.548395
36.6	0.546923
36.7	0.545459
36.8	0.544004
36.9	0.542562
37	0.541127
37.1	0.5397
37.2	0.538278
37.3	0.536857
37.4	0.535438
37.5	0.534023
37.6	0.532615
37.7	0.53121
37.8	0.529812
37.9	0.528413
38	0.527012
38.1	0.525611
38.2	0.524208
38.3	0.522807
38.4	0.521406
38.5	0.520008
38.6	0.518614
38.7	0.517226
38.8	0.515843
38.9	0.514469
39	0.513097
39.1	0.511726
39.2	0.510359
39.3	0.508998
39.4	0.507642
39.5	0.506284
39.6	0.504926
39.7	0.503565
39.8	0.502208
39.9	0.500856
40	0.499508
40.1	0.498169
40.2	0.496829
40.3	0.495497
40.4	0.494173
40.5	0.492853
40.6	0.491535
40.7	0.490223
40.8	0.488917
40.9	0.48762
41	0.486332
41.1	0.48505
41.2	0.48378
41.3	0.482514
41.4	0.481254
41.5	0.48
41.6	0.478752
41.7	0.477507
41.8	0.476271
41.9	0.47504
42	0.473815
42.1	0.472597
42.2	0.471385
42.3	0.470182
42.4	0.468983
42.5	0.467783
42.6	0.466585
42.7	0.465393
42.8	0.464207
42.9	0.463031
43	0.461863
43.1	0.460701
43.2	0.459543
43.3	0.458389
43.4	0.457241
43.5	0.456097
43.6	0.454958
43.7	0.45382
43.8	0.45268
43.9	0.451541
44	0.450403
44.1	0.44927
44.2	0.44814
44.3	0.447012
44.4	0.445885
44.5	0.444757
44.6	0.443635
44.7	0.442511
44.8	0.441384
44.9	0.440258
45	0.439134
45.1	0.438009
45.2	0.436884
45.3	0.435761
45.4	0.434642
45.5	0.433526
45.6	0.432418
45.7	0.431315
45.8	0.430216
45.9	0.429116
46	0.428016
46.1	0.426919
46.2	0.425828
46.3	0.424737
46.4	0.423644
46.5	0.422548
46.6	0.421457
46.7	0.42037
46.8	0.419293
46.9	0.418223
47	0.417156
47.1	0.416092
47.2	0.415028
47.3	0.413969
47.4	0.412908
47.5	0.411848
47.6	0.410788
47.7	0.409725
47.8	0.408664
47.9	0.40761
48	0.406563
48.1	0.405521
48.2	0.404476
48.3	0.403432
48.4	0.402394
48.5	0.401362
48.6	0.400332
48.7	0.399307
48.8	0.398285
48.9	0.39726
49	0.396238
49.1	0.395216
49.2	0.394192
49.3	0.393171
49.4	0.392159
49.5	0.391152
49.6	0.390145
49.7	0.389143
49.8	0.388145
49.9	0.387145
50	0.386144
50.1	0.385143
50.2	0.384141
50.3	0.383142
50.4	0.382145
50.5	0.381161
50.6	0.380189
50.7	0.379218
50.8	0.378245
50.9	0.377277
51	0.376316
51.1	0.375358
51.2	0.374399
51.3	0.373438
51.4	0.372481
51.5	0.37152
51.6	0.370557
51.7	0.369593
51.8	0.368631
51.9	0.36767
52	0.366706
52.1	0.365747
52.2	0.364793
52.3	0.363841
52.4	0.36289
52.5	0.361938
52.6	0.360985
52.7	0.360032
52.8	0.359084
52.9	0.358138
53	0.357191
53.1	0.356244
53.2	0.355297
53.3	0.354356
53.4	0.353416
53.5	0.352473
53.6	0.351529
53.7	0.350584
53.8	0.349643
53.9	0.348704
54	0.347772
54.1	0.346841
54.2	0.345913
54.3	0.344991
54.4	0.344075
54.5	0.343167
54.6	0.342266
54.7	0.341366
54.8	0.340466
54.9	0.33957
55	0.338681
55.1	0.3378
55.2	0.33692
55.3	0.336043
55.4	0.335164
55.5	0.334279
55.6	0.333391
55.7	0.332502
55.8	0.331616
55.9	0.330735
56	0.329856
56.1	0.328982
56.2	0.328115
56.3	0.327251
56.4	0.326386
56.5	0.325515
56.6	0.324646
56.7	0.323782
56.8	0.322923
56.9	0.322062
57	0.321197
57.1	0.32033
57.2	0.319466
57.3	0.318602
57.4	0.317741
57.5	0.316874
57.6	0.316006
57.7	0.31514
57.8	0.31427
57.9	0.313399
58	0.312528
58.1	0.311659
58.2	0.310792
58.3	0.309926
58.4	0.309063
58.5	0.308203
58.6	0.307351
58.7	0.306506
58.8	0.305669
58.9	0.304836
59	0.304011
59.1	0.303188
59.2	0.302358
59.3	0.301525
59.4	0.300695
59.5	0.299868
59.6	0.29905
59.7	0.298236
59.8	0.297421
59.9	0.296605
60	0.295792
60.1	0.294983
60.2	0.294172
60.3	0.293364
60.4	0.292561
60.5	0.291763
60.6	0.290972
60.7	0.29018
60.8	0.289389
60.9	0.288601
61	0.287819
61.1	0.287039
61.2	0.286259
61.3	0.285482
61.4	0.284701
61.5	0.283921
61.6	0.283141
61.7	0.282361
61.8	0.281583
61.9	0.28081
62	0.280043
62.1	0.279279
62.2	0.278514
62.3	0.27775
62.4	0.276983
62.5	0.276214
62.6	0.275446
62.7	0.274679
62.8	0.273918
62.9	0.273164
63	0.272414
63.1	0.271659
63.2	0.270895
63.3	0.270125
63.4	0.269353
63.5	0.268583
63.6	0.267809
63.7	0.267038
63.8	0.266266
63.9	0.265496
64	0.264732
64.1	0.263971
64.2	0.263208
64.3	0.262447
64.4	0.261692
64.5	0.260943
64.6	0.260202
64.7	0.259466
64.8	0.258735
64.9	0.258011
65	0.257291
65.1	0.256572
65.2	0.255851
65.3	0.255129
65.4	0.254413
65.5	0.253696
65.6	0.25298
65.7	0.252264
65.8	0.251544
65.9	0.250823
66	0.250111
66.1	0.249399
66.2	0.248685
66.3	0.247971
66.4	0.247257
66.5	0.24655
66.6	0.245853
66.7	0.245156
66.8	0.24446
66.9	0.243769
67	0.243081
67.1	0.242394
67.2	0.241709
67.3	0.241026
67.4	0.240346
67.5	0.239668
67.6	0.238993
67.7	0.23832
67.8	0.237648
67.9	0.236984
68	0.236317
68.1	0.235649
68.2	0.234979
68.3	0.234311
68.4	0.233646
68.5	0.232986
68.6	0.232332
68.7	0.231681
68.8	0.23103
68.9	0.230382
69	0.229734
69.1	0.229091
69.2	0.228451
69.3	0.227814
69.4	0.227183
69.5	0.226557
69.6	0.225935
69.7	0.22531
69.8	0.224683
69.9	0.224052
70	0.223423
70.1	0.222798
70.2	0.22218
70.3	0.221564
70.4	0.220956
70.5	0.220356
70.6	0.219767
70.7	0.219181
70.8	0.218597
70.9	0.218014
71	0.21743
71.1	0.216841
71.2	0.216248
71.3	0.215653
71.4	0.215058
71.5	0.214466
71.6	0.213874
71.7	0.213286
71.8	0.212704
71.9	0.212122
72	0.211544
72.1	0.210965
72.2	0.210388
72.3	0.209807
72.4	0.209229
72.5	0.208653
72.6	0.208078
72.7	0.207505
72.8	0.206932
72.9	0.206366
73	0.205806
73.1	0.205251
73.2	0.2047
73.3	0.204153
73.4	0.203602
73.5	0.203054
73.6	0.202509
73.7	0.201964
73.8	0.201422
73.9	0.20088
74	0.200341
74.1	0.1998
74.2	0.199257
74.3	0.198711
74.4	0.198167
74.5	0.197623
74.6	0.19708
74.7	0.196542
74.8	0.196005
74.9	0.195472
75	0.194946
75.1	0.194424
75.2	0.193906
75.3	0.193384
75.4	0.192861
75.5	0.192332
75.6	0.191797
75.7	0.191259
75.8	0.190723
75.9	0.190191
76	0.189662
76.1	0.189135
76.2	0.188606
76.3	0.188083
76.4	0.187566
76.5	0.187057
76.6	0.186544
76.7	0.186026
76.8	0.185506
76.9	0.184988
77	0.18447
77.1	0.183955
77.2	0.183444
77.3	0.182935
77.4	0.182429
77.5	0.18193
77.6	0.181432
77.7	0.180934
77.8	0.180435
77.9	0.179933
78	0.179431
78.1	0.178929
78.2	0.178427
78.3	0.177925
78.4	0.177424
78.5	0.176924
78.6	0.176434
78.7	0.175946
78.8	0.175462
78.9	0.174983
79	0.174513
79.1	0.174052
79.2	0.173594
79.3	0.173133
79.4	0.17267
79.5	0.172203
79.6	0.171731
79.7	0.171261
79.8	0.170791
79.9	0.170325
80	0.169861
80.1	0.1694
80.2	0.168944
80.3	0.168492
80.4	0.168044
80.5	0.1676
80.6	0.167159
80.7	0.166713
80.8	0.166267
80.9	0.165815
81	0.165362
81.1	0.164907
81.2	0.164453
81.3	0.163998
81.4	0.163549
81.5	0.163103
81.6	0.162665
81.7	0.16223
81.8	0.161798
81.9	0.161366
82	0.160934
82.1	0.160498
82.2	0.160064
82.3	0.159632
82.4	0.159206
82.5	0.158786
82.6	0.158374
82.7	0.15797
82.8	0.157573
82.9	0.157175
83	0.156774
83.1	0.156373
83.2	0.155968
83.3	0.155566
83.4	0.155169
83.5	0.154778
83.6	0.154385
83.7	0.15399
83.8	0.153592
83.9	0.15319
84	0.15279
84.1	0.152391
84.2	0.151995
84.3	0.151599
84.4	0.151203
84.5	0.150808
84.6	0.150418
84.7	0.150032
84.8	0.149652
84.9	0.149272
85	0.14889
85.1	0.148509
85.2	0.148125
85.3	0.14774
85.4	0.147363
85.5	0.146984
85.6	0.146602
85.7	0.146216
85.8	0.145832
85.9	0.145452
86	0.145074
86.1	0.144693
86.2	0.144309
86.3	0.143929
86.4	0.14355
86.5	0.143175
86.6	0.142803
86.7	0.142427
86.8	0.14205
86.9	0.141675
87	0.1413
87.1	0.140925
87.2	0.140552
87.3	0.140177
87.4	0.139801
87.5	0.139426
87.6	0.139045
87.7	0.138665
87.8	0.138287
87.9	0.137911
88	0.137536
88.1	0.13716
88.2	0.136782
88.3	0.136403
88.4	0.136027
88.5	0.135652
88.6	0.135278
88.7	0.134904
88.8	0.134529
88.9	0.134153
89	0.133781
89.1	0.133413
89.2	0.133045
89.3	0.132678
89.4	0.132309
89.5	0.131939
89.6	0.131566
89.7	0.131195
89.8	0.130821
89.9	0.130453
90	0.130087
90.1	0.12972
90.2	0.129354
90.3	0.128987
90.4	0.12862
90.5	0.128259
90.6	0.127903
90.7	0.12755
90.8	0.127198
90.9	0.126845
91	0.12649
91.1	0.126135
91.2	0.125784
91.3	0.125437
91.4	0.125091
91.5	0.124747
91.6	0.124405
91.7	0.12406
91.8	0.123715
91.9	0.123371
92	0.123024
92.1	0.122676
92.2	0.12232
92.3	0.121971
92.4	0.121627
92.5	0.121284
92.6	0.12094
92.7	0.120592
92.8	0.120237
92.9	0.119882
93	0.119528
93.1	0.119177
93.2	0.118828
93.3	0.118475
93.4	0.118115
93.5	0.117754
93.6	0.117395
93.7	0.117044
93.8	0.116699
93.9	0.116356
94	0.116013
94.1	0.115664
94.2	0.115318
94.3	0.114974
94.4	0.114631
94.5	0.114288
94.6	0.113943
94.7	0.113596
94.8	0.113248
94.9	0.112901
95	0.11255
95.1	0.1122
95.2	0.111857
95.3	0.111516
95.4	0.11118
95.5	0.110845
95.6	0.110512
95.7	0.110178
95.8	0.109843
95.9	0.10951
96	0.109177
96.1	0.108844
96.2	0.108514
96.3	0.108182
96.4	0.10785
96.5	0.107517
96.6	0.107183
96.7	0.10685
96.8	0.106513
96.9	0.106175
97	0.105832
97.1	0.105489
97.2	0.10514
97.3	0.104786
97.4	0.104433
97.5	0.104081
97.6	0.103724
97.7	0.103367
97.8	0.103009
97.9	0.102654
98	0.102305
98.1	0.101954
98.2	0.101604
98.3	0.101256
98.4	0.100907
98.5	0.100563
98.6	0.100222
98.7	0.0998818
98.8	0.0995454
98.9	0.099209
99	0.0988746
99.1	0.0985445
99.2	0.098221
99.3	0.0979037
99.4	0.0975918
99.5	0.0972797
99.6	0.0969689
99.7	0.0966578
99.8	0.0963433
99.9	0.0960298
100	0.0957132
100.1	0.0953954
100.2	0.095076
100.3	0.094753
100.4	0.0944322
100.5	0.0941172
100.6	0.0938022
100.7	0.093486
100.8	0.093166
100.9	0.0928422
101	0.0925156
101.1	0.0921879
101.2	0.0918595
101.3	0.0915292
101.4	0.0911977
101.5	0.0908663
101.6	0.0905381
101.7	0.0902142
101.8	0.0898941
101.9	0.089575
102	0.0892566
102.1	0.0889381
102.2	0.0886225
102.3	0.088306
102.4	0.0879878
102.5	0.0876704
102.6	0.0873564
102.7	0.0870457
102.8	0.0867389
102.9	0.0864329
103	0.0861351
103.1	0.0858407
103.2	0.0855423
103.3	0.0852422
103.4	0.0849402
103.5	0.0846389
103.6	0.084342
103.7	0.0840454
103.8	0.0837546
103.9	0.0834666
104	0.0831827
104.1	0.0828979
104.2	0.0826132
104.3	0.082327
104.4	0.08204
104.5	0.081757
104.6	0.0814789
104.7	0.0812042
104.8	0.0809301
104.9	0.0806569
105	0.0803856
105.1	0.0801195
105.2	0.0798517
105.3	0.0795836
105.4	0.0793142
105.5	0.0790443
105.6	0.078772
105.7	0.0785041
105.8	0.0782349
105.9	0.0779685
106	0.0776978
106.1	0.0774304
106.2	0.0771639
106.3	0.0769005
106.4	0.0766405
106.5	0.0763798
106.6	0.0761195
106.7	0.0758599
106.8	0.0755947
106.9	0.0753257
107	0.0750541
107.1	0.0747745
107.2	0.0744928
107.3	0.0742142
107.4	0.0739383
107.5	0.0736641
107.6	0.073391
107.7	0.0731239
107.8	0.0728628
107.9	0.0726057
108	0.0723499
108.1	0.0720884
108.2	0.0718278
108.3	0.0715707
108.4	0.0713167
108.5	0.0710684
108.6	0.0708279
108.7	0.0705847
108.8	0.070341
108.9	0.0700999
109	0.0698547
109.1	0.0696055
109.2	0.069363
109.3	0.0691224
109.4	0.0688863
109.5	0.068644
109.6	0.068402
109.7	0.0681581
109.8	0.0679156
109.9	0.0676786
110	0.0674424
110.1	0.0672075
110.2	0.0669718
110.3	0.0667318
110.4	0.0664967
110.5	0.0662658
110.6	0.0660431
110.7	0.065824
110.8	0.0656105
110.9	0.0653971
111	0.0651834
111.1	0.0649703
111.2	0.0647611
111.3	0.064554
111.4	0.0643522
111.5	0.0641485
111.6	0.0639421
111.7	0.0637414
111.8	0.063542
111.9	0.0633393
112	0.0631357
112.1	0.0629327
112.2	0.0627293
112.3	0.0625268
112.4	0.0623291
112.5	0.0621328
112.6	0.0619401
112.7	0.0617477
112.8	0.061555
112.9	0.0613632
113	0.0611754
113.1	0.060986
113.2	0.0607961
113.3	0.0606062
113.4	0.0604143
113.5	0.0602253
113.6	0.0600402
113.7	0.059856
113.8	0.0596771
113.9	0.0595037
114	0.0593319
114.1	0.0591564
114.2	0.0589841
114.3	0.0588101
114.4	0.0586389
114.5	0.0584694
114.6	0.0582985
114.7	0.0581279
114.8	0.0579585
114.9	0.0577866
115	0.0576119
115.1	0.0574323
115.2	0.0572518
115.3	0.0570715
115.4	0.0568898
115.5	0.0567039
115.6	0.0565171
115.7	0.0563278
115.8	0.0561387
115.9	0.0559462
116	0.0557523
116.1	0.0555617
116.2	0.05537
116.3	0.0551783
116.4	0.0549875
116.5	0.0547945
116.6	0.0545963
116.7	0.0543975
116.8	0.0541986
116.9	0.0540008
117	0.0538034
117.1	0.0536079
117.2	0.0534081
117.3	0.0532021
117.4	0.0529992
117.5	0.0527969
117.6	0.0525959
117.7	0.0523957
117.8	0.0521932
117.9	0.0519864
118	0.0517802
118.1	0.0515774
118.2	0.0513797
118.3	0.0511865
118.4	0.0509978
118.5	0.0508107
118.6	0.0506251
118.7	0.0504398
118.8	0.0502552
118.9	0.0500769
119	0.0499039
119.1	0.0497352
119.2	0.0495684
119.3	0.0494029
119.4	0.0492382
119.5	0.0490763
119.6	0.0489152
119.7	0.0487547
119.8	0.048592
119.9	0.0484261
120	0.0482549
120.1	0.048077
120.2	0.047894
120.3	0.0477087
120.4	0.0475247
120.5	0.0473391
120.6	0.0471528
120.7	0.0469628
120.8	0.0467751
120.9	0.046587
121	0.0463985
121.1	0.0462118
121.2	0.0460277
121.3	0.045846
121.4	0.045669
121.5	0.045493
121.6	0.0453202
121.7	0.0451512
121.8	0.0449816
121.9	0.0448094
122	0.0446366
122.1	0.0444644
122.2	0.0442957
122.3	0.0441285
122.4	0.043959
122.5	0.0437882
122.6	0.0436167
122.7	0.0434494
122.8	0.0432839
122.9	0.0431174
123	0.0429481
123.1	0.0427791
123.2	0.0426088
123.3	0.0424397
123.4	0.0422688
123.5	0.0420972
123.6	0.0419357
123.7	0.0417809
123.8	0.0416307
123.9	0.0414844
124	0.0413422
124.1	0.0412041
124.2	0.0410639
124.3	0.0409183
124.4	0.040771
124.5	0.0406208
124.6	0.0404652
124.7	0.0403089
124.8	0.0401606
124.9	0.0400173
125	0.0398791
125.1	0.0397397
125.2	0.0395996
125.3	0.0394609
125.4	0.0393216
125.5	0.0391903
125.6	0.039058
125.7	0.0389217
125.8	0.0387851
125.9	0.0386514
126	0.0385179
126.1	0.0383822
126.2	0.038246
126.3	0.038112
126.4	0.0379757
126.5	0.0378409
126.6	0.037708
126.7	0.0375791
126.8	0.0374522
126.9	0.0373277
127	0.0372061
127.1	0.0370855
127.2	0.0369653
127.3	0.0368493
127.4	0.0367333
127.5	0.0366148
127.6	0.0364893
127.7	0.0363656
127.8	0.0362447
127.9	0.0361234
128	0.0360054
128.1	0.035885
128.2	0.0357658
128.3	0.0356445
128.4	0.0355207
128.5	0.0353963
128.6	0.0352754
128.7	0.0351511
128.8	0.0350227
128.9	0.034894
129	0.0347686
129.1	0.0346412
129.2	0.034513
129.3	0.0343827
129.4	0.0342479
129.5	0.034113
129.6	0.0339805
129.7	0.0338481
129.8	0.0337183
129.9	0.0335952
130	0.0334739
130.1	0.0333493
130.2	0.033222
130.3	0.0330915
130.4	0.0329605
130.5	0.0328292
130.6	0.0326967
130.7	0.0325642
130.8	0.0324327
130.9	0.0323001
131	0.032165
131.1	0.0320344
131.2	0.0319102
131.3	0.0317873
131.4	0.0316702
131.5	0.0315596
131.6	0.0314514
131.7	0.0313473
131.8	0.0312462
131.9	0.0311461
132	0.0310467
132.1	0.0309464
132.2	0.0308437
132.3	0.0307386
132.4	0.0306315
132.5	0.0305221
132.6	0.0304107
132.7	0.0302987
132.8	0.0301847
132.9	0.0300738
133	0.0299622
133.1	0.029852
133.2	0.0297392
133.3	0.0296302
133.4	0.0295212
133.5	0.0294086
133.6	0.0292963
133.7	0.029187
133.8	0.0290763
133.9	0.0289653
134	0.0288594
134.1	0.0287537
134.2	0.0286478
134.3	0.0285411
134.4	0.0284359
134.5	0.0283305
134.6	0.0282275
134.7	0.0281209
134.8	0.0280136
134.9	0.0279083
135	0.0278065
135.1	0.0277082
135.2	0.0276062
135.3	0.0275062
135.4	0.0274088
135.5	0.0273151
135.6	0.0272181
135.7	0.0271193
135.8	0.0270153
135.9	0.0269057
136	0.0267889
136.1	0.0266717
136.2	0.0265558
136.3	0.0264372
136.4	0.0263117
136.5	0.0261787
136.6	0.0260418
136.7	0.0259046
136.8	0.0257639
136.9	0.0256249
137	0.0254866
137.1	0.0253497
137.2	0.0252155
137.3	0.0250781
137.4	0.0249399
137.5	0.0247992
137.6	0.0246566
137.7	0.0245096
137.8	0.0243615
137.9	0.0242148
138	0.0240732
138.1	0.0239335
138.2	0.0237947
138.3	0.023657
138.4	0.0235177
138.5	0.0233745
138.6	0.0232279
138.7	0.0230823
138.8	0.0229395
138.9	0.0227971
139	0.0226509
139.1	0.0225091
139.2	0.0223648
139.3	0.0222197
139.4	0.0220755
139.5	0.0219313
139.6	0.0217874
139.7	0.021643
139.8	0.0214988
139.9	0.0213584
140	0.0212164
140.1	0.0210746
140.2	0.0209306
140.3	0.0207928
140.4	0.0206623
140.5	0.020537
140.6	0.0204198
140.7	0.0203025
140.8	0.0201901
140.9	0.0200797
141	0.0199677
141.1	0.019855
141.2	0.019748
141.3	0.0196421
141.4	0.0195349
141.5	0.019427
141.6	0.0193126
141.7	0.0191878
141.8	0.0190577
141.9	0.0189306
142	0.0188107
142.1	0.0186931
142.2	0.0185716
142.3	0.0184522
142.4	0.0183369
142.5	0.018226
142.6	0.0181159
142.7	0.0180089
142.8	0.0179071
142.9	0.0178071
143	0.0177115
143.1	0.017624
143.2	0.0175427
143.3	0.0174646
143.4	0.0173942
143.5	0.0173256
143.6	0.017255
143.7	0.0171864
143.8	0.0171253
143.9	0.017069
144	0.0170157
144.1	0.0169638
144.2	0.016911
144.3	0.0168548
144.4	0.0167938
144.5	0.0167279
144.6	0.0166634
144.7	0.0166035
144.8	0.0165431
144.9	0.0164847
145	0.0164305
145.1	0.0163837
145.2	0.0163415
145.3	0.016297
145.4	0.0162507
145.5	0.0162041
145.6	0.0161595
145.7	0.0161162
145.8	0.016074
145.9	0.0160323
146	0.0159962
146.1	0.0159599
146.2	0.0159191
146.3	0.015878
146.4	0.0158416
146.5	0.0158092
146.6	0.0157776
146.7	0.0157463
146.8	0.0157195
146.9	0.0156996
147	0.0156845
147.1	0.0156713
147.2	0.0156555
147.3	0.0156391
147.4	0.0156235
147.5	0.0156094
147.6	0.0155941
147.7	0.015576
147.8	0.015558
147.9	0.0155428
148	0.0155263
148.1	0.015513
148.2	0.0155012
148.3	0.0154895
148.4	0.015482
148.5	0.0154747
148.6	0.0154667
148.7	0.0154612
148.8	0.0154553
148.9	0.0154478
149	0.0154413
149.1	0.0154327
149.2	0.0154211
149.3	0.0154089
149.4	0.0153953
149.5	0.0153798
149.6	0.015364
149.7	0.0153449
149.8	0.0153215
149.9	0.0153023
150	0.015287
150.1	0.0152777
150.2	0.0152686
150.3	0.0152654
150.4	0.0152601
150.5	0.0152507
150.6	0.0152404
150.7	0.0152327
150.8	0.0152238
150.9	0.0152184
151	0.0152174
151.1	0.0152226
151.2	0.0152314
151.3	0.0152427
151.4	0.0152528
151.5	0.0152647
151.6	0.015278
151.7	0.0152876
151.8	0.0152953
151.9	0.0153
152	0.0153058
152.1	0.0153132
152.2	0.0153179
152.3	0.0153203
152.4	0.0153157
152.5	0.0153049
152.6	0.0152901
152.7	0.0152739
152.8	0.0152608
152.9	0.0152497
153	0.0152414
153.1	0.0152361
153.2	0.0152307
153.3	0.0152234
153.4	0.0152113
153.5	0.0151987
153.6	0.0151896
153.7	0.0151788
153.8	0.0151658
153.9	0.0151522
154	0.0151432
154.1	0.0151344
154.2	0.0151298
154.3	0.0151246
154.4	0.0151179
154.5	0.0151111
154.6	0.0151035
154.7	0.0150931
154.8	0.015084
154.9	0.0150781
155	0.0150725
155.1	0.0150663
155.2	0.0150634
155.3	0.0150597
155.4	0.015057
155.5	0.0150546
155.6	0.0150562
155.7	0.0150667
155.8	0.0150871
155.9	0.0151078
156	0.0151318
156.1	0.0151581
156.2	0.0151905
156.3	0.015229
156.4	0.0152723
156.5	0.0153238
156.6	0.0153785
156.7	0.0154314
156.8	0.0154844
156.9	0.0155345
157	0.0155861
157.1	0.0156336
157.2	0.0156824
157.3	0.0157355
157.4	0.0157868
157.5	0.015838
157.6	0.0158824
157.7	0.0159266
157.8	0.0159753
157.9	0.0160269
158	0.0160828
158.1	0.0161446
158.2	0.0162088
158.3	0.0162699
158.4	0.0163298
158.5	0.0163905
158.6	0.0164469
158.7	0.0164939
158.8	0.0165375
158.9	0.0165741
159	0.0166025
159.1	0.0166248
159.2	0.0166477
159.3	0.0166705
159.4	0.0166894
159.5	0.016707
159.6	0.0167199
159.7	0.0167296
159.8	0.016737
159.9	0.0167427
160	0.0167488
160.1	0.0167544
160.2	0.0167598
160.3	0.0167664
160.4	0.0167732
160.5	0.0167862
160.6	0.0167977
160.7	0.0168107
160.8	0.0168292
160.9	0.0168463
161	0.0168668
161.1	0.0168918
161.2	0.0169143
161.3	0.0169374
161.4	0.0169578
161.5	0.0169775
161.6	0.0169967
161.7	0.0170163
161.8	0.017039
161.9	0.0170604
162	0.0170826
162.1	0.0171096
162.2	0.0171403
162.3	0.0171708
162.4	0.0172032
162.5	0.0172353
162.6	0.0172654
162.7	0.0172945
162.8	0.0173249
162.9	0.017361
163	0.0173995
163.1	0.0174419
163.2	0.0174851
163.3	0.0175244
163.4	0.0175641
163.5	0.0176047
163.6	0.0176452
163.7	0.0176818
163.8	0.0177238
163.9	0.0177707
164	0.0178178
164.1	0.017866
164.2	0.017915
164.3	0.017965
164.4	0.0180112
164.5	0.0180542
164.6	0.0180973
164.7	0.0181387
164.8	0.0181801
164.9	0.018226
165	0.0182772
165.1	0.0183301
165.2	0.0183871
165.3	0.0184477
165.4	0.0185136
165.5	0.0185776
165.6	0.0186394
165.7	0.0186939
165.8	0.0187456
165.9	0.0187938
166	0.0188418
166.1	0.0188843
166.2	0.0189266
166.3	0.0189727
166.4	0.0190218
166.5	0.0190765
166.6	0.0191384
166.7	0.0191991
166.8	0.0192568
166.9	0.0193118
167	0.0193626
167.1	0.0194099
167.2	0.019453
167.3	0.0194929
167.4	0.0195307
167.5	0.0195694
167.6	0.0196104
167.7	0.0196577
167.8	0.0197073
167.9	0.0197571
168	0.0198062
168.1	0.0198553
168.2	0.019899
168.3	0.019942
168.4	0.0199836
168.5	0.0200182
168.6	0.0200496
168.7	0.0200787
168.8	0.0201074
168.9	0.0201317
169	0.0201524
169.1	0.0201725
169.2	0.0201902
169.3	0.0202068
169.4	0.0202278
169.5	0.0202509
169.6	0.0202758
169.7	0.0202987
169.8	0.0203212
169.9	0.0203472
170	0.0203738
170.1	0.0203978
170.2	0.0204271
170.3	0.0204581
170.4	0.0204945
170.5	0.0205344
170.6	0.020571
170.7	0.0206021
170.8	0.0206352
170.9	0.0206692
171	0.0207035
171.1	0.0207339
171.2	0.0207631
171.3	0.0207946
171.4	0.0208241
171.5	0.0208501
171.6	0.0208731
171.7	0.0208953
171.8	0.0209184
171.9	0.0209478
172	0.0209816
172.1	0.0210204
172.2	0.0210635
172.3	0.021109
172.4	0.0211546
172.5	0.0211991
172.6	0.0212417
172.7	0.021281
172.8	0.0213127
172.9	0.0213395
173	0.021366
173.1	0.0213887
173.2	0.021411
173.3	0.021432
173.4	0.0214557
173.5	0.0214762
173.6	0.0214981
173.7	0.0215209
173.8	0.0215423
173.9	0.0215628
174	0.0215806
174.1	0.0215957
174.2	0.0216138
174.3	0.0216304
174.4	0.0216474
174.5	0.0216609
174.6	0.0216765
174.7	0.0216909
174.8	0.0217033
174.9	0.0217185
175	0.0217357
175.1	0.0217519
175.2	0.0217585
175.3	0.0217624
175.4	0.0217635
175.5	0.0217617
175.6	0.0217581
175.7	0.0217559
175.8	0.0217572
175.9	0.0217619
176	0.0217668
176.1	0.0217698
176.2	0.0217755
176.3	0.0217781
176.4	0.0217824
176.5	0.0217909
176.6	0.0218009
176.7	0.0218136
176.8	0.0218301
176.9	0.0218526
177	0.0218735
177.1	0.0218889
177.2	0.0218995
177.3	0.0219127
177.4	0.0219279
177.5	0.0219464
177.6	0.0219627
177.7	0.0219745
177.8	0.0219879
177.9	0.0219994
178	0.0220124
178.1	0.0220255
178.2	0.0220379
178.3	0.0220473
178.4	0.022059
178.5	0.0220737
178.6	0.0220841
178.7	0.0220887
178.8	0.0220814
178.9	0.0220737
179	0.0220636
179.1	0.0220541
179.2	0.022043
179.3	0.0220312
179.4	0.0220131
179.5	0.0219951
179.6	0.0219835
179.7	0.0219756
179.8	0.0219651
179.9	0.0219502
180	0.0219355
180.1	0.02192
180.2	0.0219071
180.3	0.0218917
180.4	0.0218732
180.5	0.0218513
180.6	0.0218315
180.7	0.0218049
180.8	0.0217747
180.9	0.0217395
181	0.0217017
181.1	0.0216648
181.2	0.021628
181.3	0.0215881
181.4	0.0215463
181.5	0.0215006
181.6	0.0214555
181.7	0.0214108
181.8	0.0213627
181.9	0.021321
182	0.0212841
182.1	0.0212484
182.2	0.0212116
182.3	0.0211702
182.4	0.021128
182.5	0.021088
182.6	0.0210511
182.7	0.0210197
182.8	0.0209935
182.9	0.020962
183	0.0209243
183.1	0.0208875
183.2	0.0208556
183.3	0.0208211
183.4	0.0207902
183.5	0.0207601
183.6	0.0207329
183.7	0.0207073
183.8	0.0206811
183.9	0.0206541
184	0.0206285
184.1	0.0206045
184.2	0.0205826
184.3	0.0205637
184.4	0.0205432
184.5	0.0205223
184.6	0.0205066
184.7	0.0204907
184.8	0.0204778
184.9	0.0204681
185	0.0204612
185.1	0.0204547
185.2	0.0204477
185.3	0.0204382
185.4	0.0204327
185.5	0.0204271
185.6	0.0204195
185.7	0.0204056
185.8	0.0203869
185.9	0.0203683
186	0.0203446
186.1	0.0203169
186.2	0.0202865
186.3	0.0202492
186.4	0.0202038
186.5	0.0201571
186.6	0.0201109
186.7	0.0200616
186.8	0.0200126
186.9	0.0199654
187	0.0199181
187.1	0.019875
187.2	0.0198368
187.3	0.0198017
187.4	0.0197643
187.5	0.019731
187.6	0.0196958
187.7	0.0196566
187.8	0.0196154
187.9	0.0195685
188	0.0195209
188.1	0.0194781
188.2	0.0194373
188.3	0.0193982
188.4	0.0193605
188.5	0.0193261
188.6	0.019289
188.7	0.0192485
188.8	0.0192051
188.9	0.0191657
189	0.019128
189.1	0.0190945
189.2	0.0190618
189.3	0.0190289
189.4	0.0189965
189.5	0.0189663
189.6	0.0189381
189.7	0.0189129
189.8	0.018887
189.9	0.0188688
190	0.0188521
190.1	0.0188323
190.2	0.018808
190.3	0.0187827
190.4	0.0187557
190.5	0.018729
190.6	0.0187033
190.7	0.0186779
190.8	0.0186533
190.9	0.018628
191	0.0186012
191.1	0.018578
191.2	0.0185573
191.3	0.0185408
191.4	0.0185279
191.5	0.0185127
191.6	0.0185007
191.7	0.0184942
191.8	0.0184914
191.9	0.0184835
192	0.0184705
192.1	0.0184572
192.2	0.018444
192.3	0.0184307
192.4	0.0184203
192.5	0.0184185
192.6	0.0184245
192.7	0.0184339
192.8	0.0184409
192.9	0.0184491
193	0.0184591
193.1	0.0184697
193.2	0.0184813
193.3	0.0184968
193.4	0.0185133
193.5	0.0185282
193.6	0.0185416
193.7	0.0185559
193.8	0.0185726
193.9	0.0185929
194	0.0186129
194.1	0.0186351
194.2	0.0186542
194.3	0.018671
194.4	0.018686
194.5	0.0187037
194.6	0.0187259
194.7	0.0187487
194.8	0.0187714
194.9	0.0187969
195	0.0188213
195.1	0.0188451
195.2	0.018866
195.3	0.0188834
195.4	0.0189
195.5	0.0189155
195.6	0.0189272
195.7	0.0189355
195.8	0.0189422
195.9	0.018948
196	0.0189516
196.1	0.0189546
196.2	0.0189473
196.3	0.0189308
196.4	0.0189064
196.5	0.0188822
196.6	0.0188615
196.7	0.0188407
196.8	0.0188157
196.9	0.0187866
197	0.0187578
197.1	0.0187288
197.2	0.0187006
197.3	0.0186673
197.4	0.0186277
197.5	0.018588
197.6	0.0185515
197.7	0.0185195
197.8	0.0184852
197.9	0.018449
198	0.0184105
198.1	0.0183721
198.2	0.0183348
198.3	0.0182994
198.4	0.0182654
198.5	0.0182312
198.6	0.0181977
198.7	0.0181642
198.8	0.0181342
198.9	0.0181041
199	0.0180757
199.1	0.0180441
199.2	0.0180073
199.3	0.0179704
199.4	0.0179343
199.5	0.017901
199.6	0.0178708
199.7	0.0178341
199.8	0.0177902
199.9	0.017746
200	0.0177079
200.1	0.0176713
200.2	0.017637
200.3	0.0176037
200.4	0.0175723
200.5	0.0175375
200.6	0.0174958
200.7	0.0174518
200.8	0.0174082
200.9	0.0173609
201	0.0173118
201.1	0.0172615
201.2	0.0172086
201.3	0.0171544
201.4	0.0170987
201.5	0.0170474
201.6	0.0169958
201.7	0.0169484
201.8	0.0169056
201.9	0.0168643
202	0.0168244
202.1	0.0167855
202.2	0.0167491
202.3	0.0167124
202.4	0.0166739
202.5	0.0166314
202.6	0.016583
202.7	0.0165359
202.8	0.0164914
202.9	0.0164475
203	0.0164079
203.1	0.0163709
203.2	0.0163358
203.3	0.0163057
203.4	0.0162821
203.5	0.0162613
203.6	0.0162381
203.7	0.0162126
203.8	0.0161889
203.9	0.0161626
204	0.0161333
204.1	0.0161045
204.2	0.0160821
204.3	0.0160661
204.4	0.0160549
204.5	0.0160487
204.6	0.0160443
204.7	0.0160376
204.8	0.0160336
204.9	0.0160361
205	0.0160407
205.1	0.0160449
205.2	0.0160497
205.3	0.0160567
205.4	0.016064
205.5	0.0160691
205.6	0.0160739
205.7	0.0160766
205.8	0.0160783
205.9	0.0160854
206	0.0160962
206.1	0.0161106
206.2	0.016131
206.3	0.0161563
206.4	0.0161837
206.5	0.016217
206.6	0.0162524
206.7	0.0162909
206.8	0.0163343
206.9	0.0163781
207	0.0164203
207.1	0.0164647
207.2	0.0165106
207.3	0.016558
207.4	0.0166021
207.5	0.0166411
207.6	0.0166822
207.7	0.0167255
207.8	0.0167728
207.9	0.0168234
208	0.0168752
208.1	0.0169275
208.2	0.0169749
208.3	0.0170186
208.4	0.0170616
208.5	0.0171065
208.6	0.0171554
208.7	0.0172056
208.8	0.0172592
208.9	0.0173103
209	0.0173623
209.1	0.0174144
209.2	0.0174658
209.3	0.0175224
209.4	0.0175796
209.5	0.0176337
209.6	0.0176825
209.7	0.0177269
209.8	0.0177695
209.9	0.0178149
210	0.0178621
210.1	0.017908
210.2	0.0179513
210.3	0.0179938
210.4	0.0180413
210.5	0.018091
210.6	0.018139
210.7	0.0181841
210.8	0.0182271
210.9	0.018266
211	0.018301
211.1	0.0183302
211.2	0.0183539
211.3	0.0183776
211.4	0.0183989
211.5	0.0184229
211.6	0.0184504
211.7	0.0184807
211.8	0.0185133
211.9	0.0185438
212	0.0185707
212.1	0.0185979
212.2	0.0186258
212.3	0.0186491
212.4	0.0186692
212.5	0.0186875
212.6	0.0186992
212.7	0.0187058
212.8	0.0187085
212.9	0.018709
213	0.018708
213.1	0.0187057
213.2	0.0187015
213.3	0.0186969
213.4	0.0186891
213.5	0.0186793
213.6	0.0186712
213.7	0.0186646
213.8	0.0186646
213.9	0.0186712
214	0.0186841
214.1	0.0186991
214.2	0.0187152
214.3	0.0187313
214.4	0.0187432
214.5	0.0187484
214.6	0.018754
214.7	0.0187594
214.8	0.018765
214.9	0.0187713
215	0.0187735
215.1	0.01877
215.2	0.0187594
215.3	0.0187452
215.4	0.0187257
215.5	0.0187083
215.6	0.0186916
215.7	0.0186774
215.8	0.0186603
215.9	0.0186413
216	0.0186208
216.1	0.0185992
216.2	0.0185747
216.3	0.0185448
216.4	0.0185102
216.5	0.0184687
216.6	0.0184254
216.7	0.018378
216.8	0.018331
216.9	0.0182848
217	0.0182404
217.1	0.0181957
217.2	0.0181498
217.3	0.0181012
217.4	0.0180541
217.5	0.0180064
217.6	0.0179559
217.7	0.0179027
217.8	0.0178466
217.9	0.0177919
218	0.0177395
218.1	0.0176937
218.2	0.0176505
218.3	0.0176038
218.4	0.017556
218.5	0.0175081
218.6	0.0174611
218.7	0.0174148
218.8	0.0173693
218.9	0.0173258
219	0.0172843
219.1	0.0172473
219.2	0.0172083
219.3	0.0171688
219.4	0.0171299
219.5	0.0170924
219.6	0.0170599
219.7	0.0170293
219.8	0.016999
219.9	0.0169659
220	0.0169294
220.1	0.0168876
220.2	0.0168438
220.3	0.016802
220.4	0.0167627
220.5	0.0167236
220.6	0.0166857
220.7	0.0166495
220.8	0.0166082
220.9	0.0165665
221	0.0165244
221.1	0.0164821
221.2	0.0164339
221.3	0.0163828
221.4	0.0163322
221.5	0.0162849
221.6	0.0162415
221.7	0.0161966
221.8	0.0161482
221.9	0.0160977
222	0.0160441
222.1	0.0159907
222.2	0.0159388
222.3	0.0158944
222.4	0.0158546
222.5	0.0158134
222.6	0.0157722
222.7	0.0157319
222.8	0.0156917
222.9	0.0156493
223	0.0156031
223.1	0.0155538
223.2	0.015505
223.3	0.0154513
223.4	0.0153934
223.5	0.0153346
223.6	0.015276
223.7	0.0152233
223.8	0.0151787
223.9	0.0151433
224	0.0151129
224.1	0.0150878
224.2	0.0150639
224.3	0.0150391
224.4	0.015019
224.5	0.0149999
224.6	0.0149809
224.7	0.0149589
224.8	0.0149327
224.9	0.0149031
225	0.0148712
225.1	0.0148364
225.2	0.0147961
225.3	0.0147472
225.4	0.0147009
225.5	0.0146559
225.6	0.0146138
225.7	0.0145741
225.8	0.0145343
225.9	0.0144932
226	0.0144529
226.1	0.0144175
226.2	0.0143866
226.3	0.0143602
226.4	0.0143377
226.5	0.0143147
226.6	0.0142903
226.7	0.0142625
226.8	0.0142354
226.9	0.0142022
227	0.014166
227.1	0.0141318
227.2	0.0141044
227.3	0.0140803
227.4	0.0140615
227.5	0.0140464
227.6	0.0140332
227.7	0.0140216
227.8	0.0140096
227.9	0.0140009
228	0.013994
228.1	0.0139912
228.2	0.0139873
228.3	0.0139827
228.4	0.0139766
228.5	0.0139728
228.6	0.0139725
228.7	0.0139657
228.8	0.0139523
228.9	0.0139389
229	0.013922
229.1	0.0139048
229.2	0.0138864
229.3	0.0138723
229.4	0.0138613
229.5	0.0138534
229.6	0.0138455
229.7	0.0138434
229.8	0.0138437
229.9	0.0138441
230	0.0138438
230.1	0.0138426
230.2	0.0138415
230.3	0.013841
230.4	0.0138444
230.5	0.0138428
230.6	0.0138386
230.7	0.0138337
230.8	0.0138279
230.9	0.0138225
231	0.0138167
231.1	0.0138106
231.2	0.0138048
231.3	0.013801
231.4	0.0138
231.5	0.0137966
231.6	0.013794
231.7	0.0137923
231.8	0.0137923
231.9	0.0137909
232	0.0137898
232.1	0.0137897
232.2	0.0137896
232.3	0.0137899
232.4	0.0137895
232.5	0.0137895
232.6	0.0137917
232.7	0.0137935
232.8	0.013797
232.9	0.0138022
233	0.013809
233.1	0.0138214
233.2	0.0138382
233.3	0.0138576
233.4	0.0138764
233.5	0.0138906
233.6	0.013903
233.7	0.0139154
233.8	0.013924
233.9	0.0139352
234	0.0139489
234.1	0.0139628
234.2	0.0139714
234.3	0.0139781
234.4	0.0139813
234.5	0.0139867
234.6	0.0139924
234.7	0.0139955
234.8	0.0139933
234.9	0.0139886
235	0.013981
235.1	0.0139716
235.2	0.013968
235.3	0.0139651
235.4	0.0139641
235.5	0.0139649
235.6	0.0139615
235.7	0.0139552
235.8	0.0139524
235.9	0.0139491
236	0.0139419
236.1	0.0139279
236.2	0.0139066
236.3	0.0138791
236.4	0.0138443
236.5	0.0138033
236.6	0.0137586
236.7	0.0137141
236.8	0.0136663
236.9	0.0136152
237	0.0135619
237.1	0.0135081
237.2	0.0134462
237.3	0.0133815
237.4	0.0133197
237.5	0.0132627
237.6	0.0132059
237.7	0.0131496
237.8	0.0130956
237.9	0.0130429
238	0.012991
238.1	0.0129353
238.2	0.0128794
238.3	0.0128232
238.4	0.0127687
238.5	0.0127177
238.6	0.0126675
238.7	0.0126178
238.8	0.0125642
238.9	0.0125048
239	0.0124419
239.1	0.0123806
239.2	0.0123171
239.3	0.0122533
239.4	0.0121856
239.5	0.0121142
239.6	0.0120405
239.7	0.0119656
239.8	0.0118912
239.9	0.0118158
240	0.0117402
240.1	0.0116641
240.2	0.0115861
240.3	0.0115073
240.4	0.0114222
240.5	0.0113307
240.6	0.0112409
240.7	0.0111538
240.8	0.0110745
240.9	0.0109979
241	0.0109236
241.1	0.0108499
241.2	0.0107766
241.3	0.0107049
241.4	0.010633
241.5	0.0105554
241.6	0.0104759
241.7	0.010396
241.8	0.0103196
241.9	0.0102509
242	0.0101867
242.1	0.0101273
242.2	0.0100694
242.3	0.0100132
242.4	0.00995282
242.5	0.00989175
242.6	0.00983406
242.7	0.00977277
242.8	0.00971106
242.9	0.00964887
243	0.00958535
243.1	0.00951597
243.2	0.00944361
243.3	0.00937088
243.4	0.00929834
243.5	0.00922653
243.6	0.00915631
243.7	0.0090911
243.8	0.00902892
243.9	0.00897072
244	0.00891474
244.1	0.00886121
244.2	0.00881043
244.3	0.00876046
244.4	0.00871096
244.5	0.0086638
244.6	0.00861947
244.7	0.00857398
244.8	0.00852766
244.9	0.00847722
245	0.00841897
245.1	0.00835728
245.2	0.00829166
245.3	0.00821872
245.4	0.00814
245.5	0.00806106
245.6	0.00798205
245.7	0.00790525
245.8	0.00783487
245.9	0.00776358
246	0.00768529
246.1	0.00759797
246.2	0.00751072
246.3	0.00742198
246.4	0.00733572
246.5	0.00724945
246.6	0.00716668
246.7	0.00708586
246.8	0.00701219
246.9	0.00694275
247	0.00687509
247.1	0.00680448
247.2	0.00673473
247.3	0.00666029
247.4	0.00658612
247.5	0.00650818
247.6	0.00643017
247.7	0.0063536
247.8	0.00627624
247.9	0.00620419
248	0.00614062
248.1	0.00608302
248.2	0.00602978
248.3	0.00597601
248.4	0.00591775
248.5	0.00586163
248.6	0.00580543
248.7	0.00575032
248.8	0.00569942
248.9	0.0056496
249	0.00559641
249.1	0.00554442
249.2	0.00549396
249.3	0.00544392
249.4	0.00539293
249.5	0.00534284
249.6	0.00529275
249.7	0.00524659
249.8	0.00519982
249.9	0.00515286
250	0.00510618
250.1	0.00506067
250.2	0.00501483
250.3	0.00496308
250.4	0.00490761
250.5	0.00485133
250.6	0.00479745
250.7	0.00474374
250.8	0.00469367
250.9	0.00464624
251	0.00459532
251.1	0.00454497
251.2	0.00449513
251.3	0.00444377
251.4	0.00438851
251.5	0.00433622
251.6	0.00428836
251.7	0.00424296
251.8	0.00420008
251.9	0.00415721
252	0.00412076
252.1	0.00408683
252.2	0.00405412
252.3	0.00402655
252.4	0.00399586
252.5	0.00396357
252.6	0.00392876
252.7	0.00389076
252.8	0.00385233
252.9	0.00381987
253	0.00378692
253.1	0.00375615
253.2	0.0037266
253.3	0.00369496
253.4	0.00366312
253.5	0.00362689
253.6	0.00358555
253.7	0.00354336
253.8	0.00350031
253.9	0.00345629
254	0.00340959
254.1	0.00336234
254.2	0.00331702
254.3	0.00327031
254.4	0.00322579
254.5	0.00318084
254.6	0.00314072
254.7	0.00310767
254.8	0.00307616
254.9	0.00304756
255	0.00301899
255.1	0.00298935
255.2	0.00296066
255.3	0.00293043
255.4	0.0028959
255.5	0.00286078
255.6	0.00282362
255.7	0.0027893
255.8	0.00275181
255.9	0.00271246
256	0.00267239
256.1	0.00262851
256.2	0.00258137
256.3	0.00253058
256.4	0.00248024
256.5	0.0024286
256.6	0.00237877
256.7	0.00233354
256.8	0.00228805
256.9	0.00224045
257	0.00219502
257.1	0.00214975
257.2	0.00210491
257.3	0.00205814
257.4	0.00200638
257.5	0.00195215
257.6	0.0019001
257.7	0.00185276
257.8	0.0018107
257.9	0.00177214
258	0.00173462
258.1	0.00169953
258.2	0.00166815
258.3	0.00163588
258.4	0.0016075
258.5	0.00158085
258.6	0.00155276
258.7	0.00151743
258.8	0.00147839
258.9	0.00143733
259	0.00139535
259.1	0.00136052
259.2	0.00132696
259.3	0.00129499
259.4	0.00126153
259.5	0.00122443
259.6	0.00118331
259.7	0.00114168
259.8	0.001099
259.9	0.00105546
260	0.00101074
260.1	0.000967661
260.2	0.000928524
260.3	0.000894658
260.4	0.000861778
260.5	0.000830665
260.6	0.000801562
260.7	0.000771222
260.8	0.000745077
260.9	0.000727835
261	0.000713543
261.1	0.000704127
261.2	0.000697332
261.3	0.000692521
261.4	0.00068959
261.5	0.000688263
261.6	0.000690325
261.7	0.000697269
261.8	0.00071038
261.9	0.0007266
262	0.000739802
262.1	0.000751758
262.2	0.000762662
262.3	0.00077622
262.4	0.000789706
262.5	0.000803904
262.6	0.000813513
262.7	0.000820285
262.8	0.00082586
262.9	0.000832123
263	0.000836234
263.1	0.000839169
263.2	0.000840043
263.3	0.00084036
263.4	0.000833663
263.5	0.000825671
263.6	0.000816905
263.7	0.00080887
263.8	0.000799103
263.9	0.000787308
264	0.000771645
264.1	0.000748436
264.2	0.000721073
264.3	0.000693265
264.4	0.000663434
264.5	0.000634916
264.6	0.00060864
264.7	0.000588969
264.8	0.000564599
264.9	0.000539046
265	0.000510843
265.1	0.000484378
265.2	0.000455596
265.3	0.00042728
265.4	0.000400798
265.5	0.000378459
265.6	0.000356291
265.7	0.000337517
265.8	0.000322114
265.9	0.000302733
266	0.000281678
266.1	0.000256651
266.2	0.000225942
266.3	0.000195632
266.4	0.000164838
266.5	0.00013505
266.6	0.000104693
266.7	7.96517e-05
266.8	5.50103e-05
266.9	2.52576e-05
267	-9.98114e-06
267.1	-4.53337e-05
267.2	-8.45554e-05
267.3	-0.000121002
267.4	-0.000154343
267.5	-0.000183663
267.6	-0.000212287
267.7	-0.000246589
267.8	-0.000287339
267.9	-0.000329891
268	-0.000376745
268.1	-0.000427055
268.2	-0.000473005
268.3	-0.0005184
268.4	-0.000561375
268.5	-0.000601668
268.6	-0.000636899
268.7	-0.000667451
268.8	-0.000695394
268.9	-0.000720837
269	-0.00075013
269.1	-0.000780895
269.2	-0.000813328
269.3	-0.000847272
269.4	-0.000883329
269.5	-0.000925228
269.6	-0.000970756
269.7	-0.00101035
269.8	-0.00104626
269.9	-0.00108173
270	-0.00111704
270.1	-0.00114965
270.2	-0.00118715
270.3	-0.00123273
270.4	-0.00128387
270.5	-0.00133938
270.6	-0.00139691
270.7	-0.00145119
270.8	-0.00150273
270.9	-0.00155361
271	-0.00160249
271.1	-0.00164802
271.2	-0.00169041
271.3	-0.00173313
271.4	-0.00177799
271.5	-0.00181596
271.6	-0.00184903
271.7	-0.00187709
271.8	-0.00190428
271.9	-0.00193012
272	-0.0019579
272.1	-0.00198802
272.2	-0.00201623
272.3	-0.0020491
272.4	-0.00208271
272.5	-0.00211739
272.6	-0.00215542
272.7	-0.00219377
272.8	-0.00223464
272.9	-0.00227921
273	-0.00232694
273.1	-0.0023726
273.2	-0.00241915
273.3	-0.00246544
273.4	-0.00250989
273.5	-0.00255329
273.6	-0.00259121
273.7	-0.00262967
273.8	-0.00266643
273.9	-0.00270394
274	-0.00274651
274.1	-0.00279284
274.2	-0.00284014
274.3	-0.00288782
274.4	-0.00293616
274.5	-0.00298166
274.6	-0.00302759
274.7	-0.00307525
274.8	-0.0031187
274.9	-0.00315876
275	-0.00319674
275.1	-0.00323866
275.2	-0.0032872
275.3	-0.00333644
275.4	-0.00338673
275.5	-0.00343873
275.6	-0.00349022
275.7	-0.00353905
275.8	-0.00358643
275.9	-0.00363208
276	-0.00367858
276.1	-0.00372441
276.2	-0.0037738
276.3	-0.00382993
276.4	-0.00388542
276.5	-0.00393892
276.6	-0.00399054
276.7	-0.00403971
276.8	-0.00408575
276.9	-0.00412891
277	-0.00417508
277.1	-0.00421802
277.2	-0.00425497
277.3	-0.00428172
277.4	-0.00430527
277.5	-0.00433019
277.6	-0.00435182
277.7	-0.00436853
277.8	-0.00438102
277.9	-0.00439442
278	-0.00440712
278.1	-0.00441522
278.2	-0.0044254
278.3	-0.00443984
278.4	-0.00445393
278.5	-0.00446831
278.6	-0.00448166
278.7	-0.00449396
278.8	-0.00450434
278.9	-0.0045178
279	-0.00453123
279.1	-0.00454984
279.2	-0.00457264
279.3	-0.00460028
279.4	-0.00462963
279.5	-0.00466144
279.6	-0.00469397
279.7	-0.00472648
279.8	-0.004756
279.9	-0.00478413
280	-0.0048108
280.1	-0.00484066
280.2	-0.00487329
280.3	-0.00490455
280.4	-0.00493777
280.5	-0.0049706
280.6	-0.00500305
280.7	-0.00503704
280.8	-0.00506887
280.9	-0.00510016
281	-0.00512898
281.1	-0.00515729
281.2	-0.00518678
281.3	-0.00522206
281.4	-0.00525612
281.5	-0.00528783
281.6	-0.00532037
281.7	-0.00535131
281.8	-0.00538504
281.9	-0.00541756
282	-0.00545606
282.1	-0.0054984
282.2	-0.00553588
282.3	-0.00557594
282.4	-0.00561764
282.5	-0.00566026
282.6	-0.00569557
282.7	-0.00572401
282.8	-0.00575092
282.9	-0.00577889
283	-0.00580514
283.1	-0.00583402
283.2	-0.00586528
283.3	-0.00589716
283.4	-0.00593091
283.5	-0.00596392
283.6	-0.00599266
283.7	-0.00601498
283.8	-0.00603466
283.9	-0.00605926
284	-0.00608753
284.1	-0.00611229
284.2	-0.00614085
284.3	-0.00616845
284.4	-0.00619322
284.5	-0.00621557
284.6	-0.00623144
284.7	-0.00624375
284.8	-0.00624975
284.9	-0.00625688
285	-0.00626241
285.1	-0.00626877
285.2	-0.00627431
285.3	-0.00627924
285.4	-0.00627995
285.5	-0.00628027
285.6	-0.00627907
285.7	-0.00627534
285.8	-0.0062771
285.9	-0.00628101
286	-0.00628784
286.1	-0.00629003
286.2	-0.00629408
286.3	-0.00629746
286.4	-0.0062991
286.5	-0.00630272
286.6	-0.00630822
286.7	-0.00631633
286.8	-0.00632568
286.9	-0.00633116
287	-0.00633821
287.1	-0.0063522
287.2	-0.00636644
287.3	-0.00638016
287.4	-0.00639275
287.5	-0.00640654
287.6	-0.0064203
287.7	-0.00643415
287.8	-0.00644808
287.9	-0.00646496
288	-0.00648482
288.1	-0.00650492
288.2	-0.00652366
288.3	-0.00654231
288.4	-0.00655735
288.5	-0.00657131
288.6	-0.00658267
288.7	-0.00659548
288.8	-0.00660869
288.9	-0.00662274
289	-0.00664007
289.1	-0.00665789
289.2	-0.00667181
289.3	-0.00668868
289.4	-0.00670911
289.5	-0.00674003
289.6	-0.00677635
289.7	-0.00681735
289.8	-0.00686097
289.9	-0.00690675
290	-0.006955
290.1	-0.00699963
290.2	-0.00703588
290.3	-0.00707066
290.4	-0.00710771
290.5	-0.00714417
290.6	-0.00717786
290.7	-0.00720709
290.8	-0.00723235
290.9	-0.00725985
291	-0.00728615
291.1	-0.00731114
291.2	-0.00734038
291.3	-0.00737313
291.4	-0.00740664
291.5	-0.00744393
291.6	-0.00748269
291.7	-0.0075154
291.8	-0.00754638
291.9	-0.00757607
292	-0.00761245
292.1	-0.00765078
292.2	-0.00769121
292.3	-0.00773348
292.4	-0.0077767
292.5	-0.00781891
292.6	-0.00786724
292.7	-0.00792151
292.8	-0.00797669
292.9	-0.00803292
293	-0.00809221
293.1	-0.00815415
293.2	-0.00821757
293.3	-0.008283
293.4	-0.00834626
293.5	-0.00841153
293.6	-0.00847724
293.7	-0.00855102
293.8	-0.00862778
293.9	-0.00870117
294	-0.00876994
294.1	-0.00882993
294.2	-0.00888994
294.3	-0.00895036
294.4	-0.0090068
294.5	-0.00905975
294.6	-0.00911218
294.7	-0.0091668
294.8	-0.00921983
294.9	-0.00927158
295	-0.00932503
295.1	-0.00937759
295.2	-0.00943164
295.3	-0.00948852
295.4	-0.00954618
295.5	-0.00960157
295.6	-0.00965472
295.7	-0.00970691
295.8	-0.00975722
295.9	-0.0098057
296	-0.00985555
296.1	-0.00990487
296.2	-0.00995361
296.3	-0.0100064
296.4	-0.010063
296.5	-0.0101225
296.6	-0.0101816
296.7	-0.0102392
296.8	-0.0102961
296.9	-0.0103546
297	-0.0104135
297.1	-0.0104732
297.2	-0.010531
297.3	-0.0105877
297.4	-0.0106408
297.5	-0.0106874
297.6	-0.0107292
297.7	-0.0107648
297.8	-0.0107983
297.9	-0.0108305
298	-0.0108651
298.1	-0.0109024
298.2	-0.0109431
298.3	-0.01099
298.4	-0.0110335
298.5	-0.0110732
298.6	-0.0111114
298.7	-0.0111499
298.8	-0.0111862
298.9	-0.0112213
299	-0.0112561
299.1	-0.011291
299.2	-0.0113249
299.3	-0.0113628
299.4	-0.0114066
299.5	-0.0114546
299.6	-0.0115013
299.7	-0.0115486
299.8	-0.0115918
299.9	-0.0116308
300	-0.0116686
300.1	-0.0117083
300.2	-0.0117452
300.3	-0.0117826
300.4	-0.0118223
300.5	-0.011861
300.6	-0.0119038
300.7	-0.0119481
300.8	-0.0119934
300.9	-0.0120428
301	-0.012092
301.1	-0.0121446
301.2	-0.0121956
301.3	-0.0122471
301.4	-0.0122979
301.5	-0.0123468
301.6	-0.0123946
301.7	-0.0124422
301.8	-0.0124921
301.9	-0.0125466
302	-0.0126037
302.1	-0.0126666
302.2	-0.0127286
302.3	-0.0127873
302.4	-0.0128405
302.5	-0.0128922
302.6	-0.0129466
302.7	-0.0130007
302.8	-0.0130464
302.9	-0.0130891
303	-0.0131287
303.1	-0.0131697
303.2	-0.0132084
303.3	-0.013242
303.4	-0.0132719
303.5	-0.0133034
303.6	-0.0133304
303.7	-0.0133549
303.8	-0.0133805
303.9	-0.0134031
304	-0.0134219
304.1	-0.0134414
304.2	-0.0134611
304.3	-0.0134817
304.4	-0.013509
304.5	-0.0135403
304.6	-0.0135731
304.7	-0.0136135
304.8	-0.0136518
304.9	-0.0136852
305	-0.0137187
305.1	-0.0137557
305.2	-0.0137968
305.3	-0.0138387
305.4	-0.0138826
305.5	-0.0139315
305.6	-0.0139768
305.7	-0.0140239
305.8	-0.0140689
305.9	-0.0141104
306	-0.0141522
306.1	-0.014192
306.2	-0.0142312
306.3	-0.0142722
306.4	-0.0143136
306.5	-0.0143549
306.6	-0.0143951
306.7	-0.014438
306.8	-0.0144817
306.9	-0.0145282
307	-0.0145747
307.1	-0.0146167
307.2	-0.014652
307.3	-0.0146832
307.4	-0.0147102
307.5	-0.0147363
307.6	-0.0147606
307.7	-0.0147889
307.8	-0.0148211
307.9	-0.0148507
308	-0.0148803
308.1	-0.014907
308.2	-0.0149301
308.3	-0.0149513
308.4	-0.0149723
308.5	-0.0149924
308.6	-0.0150121
308.7	-0.015034
308.8	-0.015063
308.9	-0.0150926
309	-0.0151233
309.1	-0.015154
309.2	-0.015186
309.3	-0.01522
309.4	-0.0152543
309.5	-0.0152862
309.6	-0.0153199
309.7	-0.0153586
309.8	-0.0153964
309.9	-0.0154307
310	-0.015464
310.1	-0.0154906
310.2	-0.0155156
310.3	-0.0155438
310.4	-0.0155754
310.5	-0.0156066
310.6	-0.0156322
310.7	-0.0156545
310.8	-0.0156759
310.9	-0.0156914
311	-0.0157065
311.1	-0.0157217
311.2	-0.015736
311.3	-0.0157498
311.4	-0.0157652
311.5	-0.0157831
311.6	-0.0158018
311.7	-0.0158115
311.8	-0.0158221
311.9	-0.0158332
312	-0.0158447
312.1	-0.0158528
312.2	-0.0158613
312.3	-0.0158692
312.4	-0.0158745
312.5	-0.0158777
312.6	-0.0158791
312.7	-0.0158798
312.8	-0.0158797
312.9	-0.015876
313	-0.015871
313.1	-0.0158672
313.2	-0.0158621
313.3	-0.0158556
313.4	-0.0158483
313.5	-0.0158365
313.6	-0.0158266
313.7	-0.0158144
313.8	-0.0158029
313.9	-0.0157957
314	-0.0157929
314.1	-0.0157889
314.2	-0.0157859
314.3	-0.0157836
314.4	-0.015777
314.5	-0.0157657
314.6	-0.0157563
314.7	-0.0157484
314.8	-0.0157439
314.9	-0.0157404
315	-0.015733
315.1	-0.015727
315.2	-0.0157187
315.3	-0.0157107
315.4	-0.0157043
315.5	-0.0157036
315.6	-0.0157068
315.7	-0.0157146
315.8	-0.0157248
315.9	-0.0157367
316	-0.0157487
316.1	-0.0157603
316.2	-0.0157752
316.3	-0.0157919
316.4	-0.0158099
316.5	-0.0158284
316.6	-0.0158462
316.7	-0.015871
316.8	-0.0158973
316.9	-0.0159263
317	-0.0159517
317.1	-0.0159755
317.2	-0.0160001
317.3	-0.0160287
317.4	-0.0160538
317.5	-0.0160806
317.6	-0.0161047
317.7	-0.0161283
317.8	-0.0161527
317.9	-0.0161823
318	-0.0162118
318.1	-0.0162406
318.2	-0.0162731
318.3	-0.016309
318.4	-0.0163485
318.5	-0.0163913
318.6	-0.0164348
318.7	-0.0164807
318.8	-0.0165263
318.9	-0.0165718
319	-0.0166165
319.1	-0.0166629
319.2	-0.0167126
319.3	-0.0167677
319.4	-0.016831
319.5	-0.0169011
319.6	-0.0169723
319.7	-0.0170417
319.8	-0.0171103
319.9	-0.0171775
320	-0.017245
320.1	-0.0173113
320.2	-0.0173755
320.3	-0.0174409
320.4	-0.0175087
320.5	-0.0175776
320.6	-0.0176373
320.7	-0.0176872
320.8	-0.0177316
320.9	-0.017774
321	-0.0178124
321.1	-0.0178519
321.2	-0.0178852
321.3	-0.0179129
321.4	-0.0179354
321.5	-0.0179566
321.6	-0.0179768
321.7	-0.0180039
321.8	-0.0180384
321.9	-0.0180717
322	-0.0181054
322.1	-0.0181423
322.2	-0.0181809
322.3	-0.0182207
322.4	-0.018268
322.5	-0.0183193
322.6	-0.0183725
322.7	-0.0184291
322.8	-0.018484
322.9	-0.0185389
323	-0.0185956
323.1	-0.0186529
323.2	-0.0187105
323.3	-0.0187658
323.4	-0.0188172
323.5	-0.0188672
323.6	-0.0189181
323.7	-0.018968
323.8	-0.0190206
323.9	-0.0190757
324	-0.0191357
324.1	-0.0191991
324.2	-0.0192625
324.3	-0.0193202
324.4	-0.0193751
324.5	-0.0194316
324.6	-0.0194873
324.7	-0.0195466
324.8	-0.0196078
324.9	-0.0196695
325	-0.0197338
325.1	-0.0197983
325.2	-0.0198628
325.3	-0.0199234
325.4	-0.019981
325.5	-0.0200394
325.6	-0.0200935
325.7	-0.020147
325.8	-0.0202003
325.9	-0.020253
326	-0.0203091
326.1	-0.0203693
326.2	-0.0204282
326.3	-0.020482
326.4	-0.0205348
326.5	-0.0205886
326.6	-0.0206392
326.7	-0.0206887
326.8	-0.0207365
326.9	-0.0207785
327	-0.0208154
327.1	-0.0208515
327.2	-0.0208898
327.3	-0.020928
327.4	-0.0209705
327.5	-0.0210083
327.6	-0.0210388
327.7	-0.021068
327.8	-0.0210961
327.9	-0.0211233
328	-0.0211541
328.1	-0.0211838
328.2	-0.0212107
328.3	-0.0212344
328.4	-0.0212529
328.5	-0.0212695
328.6	-0.0212867
328.7	-0.0213033
328.8	-0.021316
328.9	-0.0213272
329	-0.0213357
329.1	-0.021344
329.2	-0.0213524
329.3	-0.0213628
329.4	-0.0213768
329.5	-0.021392
329.6	-0.0214022
329.7	-0.0214052
329.8	-0.021406
329.9	-0.0214044
330	-0.0214023
330.1	-0.0214025
330.2	-0.0214039
330.3	-0.0214074
330.4	-0.0214109
330.5	-0.0214118
330.6	-0.0214103
330.7	-0.0214054
330.8	-0.0214005
330.9	-0.0213936
331	-0.0213852
331.1	-0.0213717
331.2	-0.0213531
331.3	-0.0213385
331.4	-0.0213246
331.5	-0.0213087
331.6	-0.0212932
331.7	-0.0212831
331.8	-0.0212745
331.9	-0.0212678
332	-0.0212554
332.1	-0.0212401
332.2	-0.0212228
332.3	-0.0212047
332.4	-0.0211865
332.5	-0.0211754
332.6	-0.0211699
332.7	-0.0211659
332.8	-0.0211639
332.9	-0.0211635
333	-0.0211627
333.1	-0.0211603
333.2	-0.0211522
333.3	-0.0211443
333.4	-0.0211363
333.5	-0.0211321
333.6	-0.0211301
333.7	-0.021134
333.8	-0.0211386
333.9	-0.0211405
334	-0.0211436
334.1	-0.0211474
334.2	-0.0211498
334.3	-0.0211439
334.4	-0.0211363
334.5	-0.0211275
334.6	-0.0211186
334.7	-0.0211091
334.8	-0.0211
334.9	-0.0210893
335	-0.0210766
335.1	-0.0210631
335.2	-0.0210462
335.3	-0.0210271
335.4	-0.0210044
335.5	-0.0209827
335.6	-0.0209703
335.7	-0.0209604
335.8	-0.020952
335.9	-0.0209379
336	-0.020927
336.1	-0.0209174
336.2	-0.0209052
336.3	-0.0208944
336.4	-0.0208858
336.5	-0.0208713
336.6	-0.0208535
336.7	-0.02083
336.8	-0.0208037
336.9	-0.0207731
337	-0.0207405
337.1	-0.020704
337.2	-0.0206687
337.3	-0.0206359
337.4	-0.0206074
337.5	-0.0205819
337.6	-0.0205561
337.7	-0.0205324
337.8	-0.020514
337.9	-0.020495
338	-0.0204756
338.1	-0.0204594
338.2	-0.0204484
338.3	-0.0204397
338.4	-0.0204345
338.5	-0.0204326
338.6	-0.0204349
338.7	-0.0204422
338.8	-0.0204525
338.9	-0.0204633
339	-0.0204715
339.1	-0.0204804
339.2	-0.0204872
339.3	-0.020492
339.4	-0.0204896
339.5	-0.0204873
339.6	-0.0204871
339.7	-0.020484
339.8	-0.020482
339.9	-0.0204836
340	-0.0204879
340.1	-0.0204916
340.2	-0.0204938
340.3	-0.0204967
340.4	-0.0205009
340.5	-0.0205056
340.6	-0.0205058
340.7	-0.0204998
340.8	-0.0204923
340.9	-0.0204794
341	-0.0204671
341.1	-0.0204584
341.2	-0.0204529
341.3	-0.0204512
341.4	-0.0204552
341.5	-0.0204586
341.6	-0.0204552
341.7	-0.0204504
341.8	-0.0204444
341.9	-0.0204378
342	-0.0204314
342.1	-0.0204235
342.2	-0.0204089
342.3	-0.0203927
342.4	-0.0203702
342.5	-0.020342
342.6	-0.0203134
342.7	-0.0202864
342.8	-0.0202618
342.9	-0.0202315
343	-0.0202006
343.1	-0.020171
343.2	-0.0201387
343.3	-0.0201043
343.4	-0.0200664
343.5	-0.0200241
343.6	-0.0199806
343.7	-0.0199385
343.8	-0.0198997
343.9	-0.0198635
344	-0.0198278
344.1	-0.0197946
344.2	-0.0197596
344.3	-0.0197215
344.4	-0.0196835
344.5	-0.0196444
344.6	-0.0196058
344.7	-0.0195704
344.8	-0.019538
344.9	-0.0195083
345	-0.0194839
345.1	-0.0194623
345.2	-0.0194441
345.3	-0.0194233
345.4	-0.0193988
345.5	-0.0193668
345.6	-0.019336
345.7	-0.0193043
345.8	-0.0192726
345.9	-0.0192443
346	-0.019216
346.1	-0.0191857
346.2	-0.0191529
346.3	-0.0191204
346.4	-0.019087
346.5	-0.0190516
346.6	-0.019017
346.7	-0.0189806
346.8	-0.0189483
346.9	-0.0189133
347	-0.018877
347.1	-0.0188383
347.2	-0.0187944
347.3	-0.0187482
347.4	-0.0186996
347.5	-0.0186553
347.6	-0.0186112
347.7	-0.0185632
347.8	-0.0185183
347.9	-0.0184743
348	-0.0184317
348.1	-0.0183928
348.2	-0.018353
348.3	-0.0183115
348.4	-0.0182661
348.5	-0.0182198
348.6	-0.0181802
348.7	-0.0181448
348.8	-0.018106
348.9	-0.0180635
349	-0.0180187
349.1	-0.017968
349.2	-0.0179103
349.3	-0.0178468
349.4	-0.0177759
349.5	-0.0177058
349.6	-0.0176368
349.7	-0.0175738
349.8	-0.017513
349.9	-0.0174512
350	-0.0173862
350.1	-0.01732
350.2	-0.0172481
350.3	-0.0171738
350.4	-0.0170982
350.5	-0.0170208
350.6	-0.0169442
350.7	-0.01687
350.8	-0.0167981
350.9	-0.0167241
351	-0.0166495
351.1	-0.0165801
351.2	-0.0165152
351.3	-0.016451
351.4	-0.0163878
351.5	-0.0163256
351.6	-0.0162666
351.7	-0.0162073
351.8	-0.0161505
351.9	-0.0160921
352	-0.0160381
352.1	-0.0159888
352.2	-0.0159437
352.3	-0.0158967
352.4	-0.0158449
352.5	-0.0157908
352.6	-0.0157349
352.7	-0.0156794
352.8	-0.0156258
352.9	-0.0155742
353	-0.0155271
353.1	-0.0154805
353.2	-0.015437
353.3	-0.0153956
353.4	-0.0153579
353.5	-0.0153189
353.6	-0.0152751
353.7	-0.0152259
353.8	-0.0151719
353.9	-0.0151135
354	-0.0150534
354.1	-0.0149941
354.2	-0.0149339
354.3	-0.0148777
354.4	-0.0148256
354.5	-0.0147723
354.6	-0.0147171
354.7	-0.0146682
354.8	-0.0146234
354.9	-0.0145799
355	-0.0145418
355.1	-0.0145082
355.2	-0.0144769
355.3	-0.014449
355.4	-0.0144223
355.5	-0.014395
355.6	-0.014372
355.7	-0.0143485
355.8	-0.0143254
355.9	-0.0142958
356	-0.0142643
356.1	-0.0142271
356.2	-0.0141876
356.3	-0.0141499
356.4	-0.0141174
356.5	-0.0140844
356.6	-0.0140516
356.7	-0.0140234
356.8	-0.0139994
356.9	-0.0139764
357	-0.0139538
357.1	-0.0139339
357.2	-0.013916
357.3	-0.0139001
357.4	-0.0138866
357.5	-0.0138734
357.6	-0.0138631
357.7	-0.013851
357.8	-0.013837
357.9	-0.0138247
358	-0.0138089
358.1	-0.0137924
358.2	-0.0137759
358.3	-0.0137578
358.4	-0.0137392
358.5	-0.0137182
358.6	-0.0136977
358.7	-0.0136741
358.8	-0.0136479
358.9	-0.0136273
359	-0.0136057
359.1	-0.0135834
359.2	-0.0135535
359.3	-0.0135214
359.4	-0.0134904
359.5	-0.0134519
359.6	-0.0134109
359.7	-0.0133707
359.8	-0.0133285
359.9	-0.0132847
360	-0.013244
360.1	-0.0132015
360.2	-0.0131559
360.3	-0.0131105
360.4	-0.0130683
360.5	-0.0130258
360.6	-0.0129826
360.7	-0.0129432
360.8	-0.0129106
360.9	-0.0128791
361	-0.0128491
361.1	-0.0128156
361.2	-0.0127855
361.3	-0.0127582
361.4	-0.0127346
361.5	-0.0127112
361.6	-0.0126854
361.7	-0.0126589
361.8	-0.0126348
361.9	-0.0126134
362	-0.0125934
362.1	-0.0125763
362.2	-0.0125598
362.3	-0.0125415
362.4	-0.0125165
362.5	-0.0124914
362.6	-0.0124637
362.7	-0.0124381
362.8	-0.0124159
362.9	-0.0123952
363	-0.0123748
363.1	-0.0123568
363.2	-0.0123401
363.3	-0.0123228
363.4	-0.0123036
363.5	-0.0122885
363.6	-0.0122788
363.7	-0.0122742
363.8	-0.0122716
363.9	-0.0122665
364	-0.0122541
364.1	-0.0122408
364.2	-0.0122289
364.3	-0.0122174
364.4	-0.0122062
364.5	-0.0121955
364.6	-0.012187
364.7	-0.0121759
364.8	-0.0121633
364.9	-0.0121483
365	-0.0121355
365.1	-0.0121232
365.2	-0.0121092
365.3	-0.0121017
365.4	-0.0120961
365.5	-0.0120892
365.6	-0.0120826
365.7	-0.0120744
365.8	-0.0120589
365.9	-0.012043
366	-0.0120281
366.1	-0.012013
366.2	-0.0119972
366.3	-0.0119817
366.4	-0.0119649
366.5	-0.0119478
366.6	-0.0119357
366.7	-0.0119254
366.8	-0.0119136
366.9	-0.0118954
367	-0.0118659
367.1	-0.0118342
367.2	-0.011799
367.3	-0.0117574
367.4	-0.0117111
367.5	-0.0116632
367.6	-0.0116125
367.7	-0.0115623
367.8	-0.011515
367.9	-0.0114707
368	-0.0114333
368.1	-0.0113959
368.2	-0.0113578
368.3	-0.0113158
368.4	-0.0112711
368.5	-0.0112195
368.6	-0.0111677
368.7	-0.0111159
368.8	-0.0110649
368.9	-0.0110164
369	-0.0109685
369.1	-0.0109163
369.2	-0.0108617
369.3	-0.0108042
369.4	-0.0107384
369.5	-0.0106643
369.6	-0.0105883
369.7	-0.0105114
369.8	-0.0104331
369.9	-0.0103579
370	-0.0102837
370.1	-0.0102086
370.2	-0.0101292
370.3	-0.0100512
370.4	-0.00997396
370.5	-0.00989643
370.6	-0.00981898
370.7	-0.00974186
370.8	-0.00966782
370.9	-0.00959322
371	-0.00952337
371.1	-0.00946048
371.2	-0.00940389
371.3	-0.00935229
371.4	-0.00930411
371.5	-0.00926383
371.6	-0.00922611
371.7	-0.00919607
371.8	-0.0091703
371.9	-0.0091525
372	-0.00913718
372.1	-0.00911824
372.2	-0.00910288
372.3	-0.0090916
372.4	-0.00908276
372.5	-0.00907627
372.6	-0.00907363
372.7	-0.00907458
372.8	-0.00907455
372.9	-0.00907604
373	-0.00907855
373.1	-0.00908597
373.2	-0.00909543
373.3	-0.00910154
373.4	-0.00910549
373.5	-0.0091023
373.6	-0.00909437
373.7	-0.00908154
373.8	-0.0090671
373.9	-0.00905234
374	-0.00903988
374.1	-0.00902578
374.2	-0.00901587
374.3	-0.00900957
374.4	-0.00900637
374.5	-0.00900847
374.6	-0.00901171
374.7	-0.00901947
374.8	-0.00902979
374.9	-0.00904315
375	-0.00905637
375.1	-0.00907331
375.2	-0.00908827
375.3	-0.00910091
375.4	-0.00911515
375.5	-0.0091277
375.6	-0.00913646
375.7	-0.0091425
375.8	-0.00914589
375.9	-0.00914843
376	-0.00914313
376.1	-0.00913295
376.2	-0.00911762
376.3	-0.00910129
376.4	-0.00908668
376.5	-0.00907274
376.6	-0.00905692
376.7	-0.00903956
376.8	-0.00902027
376.9	-0.00900296
377	-0.00898992
377.1	-0.0089755
377.2	-0.00895861
377.3	-0.00893979
377.4	-0.00891687
377.5	-0.0088935
377.6	-0.00887049
377.7	-0.00884833
377.8	-0.0088268
377.9	-0.00880379
378	-0.00878374
378.1	-0.00876605
378.2	-0.00874796
378.3	-0.00872988
378.4	-0.00871424
378.5	-0.00870294
378.6	-0.00869273
378.7	-0.00868095
378.8	-0.00866616
378.9	-0.00864795
379	-0.00863001
379.1	-0.00861705
379.2	-0.00860601
379.3	-0.00859145
379.4	-0.00857442
379.5	-0.00855435
379.6	-0.00853077
379.7	-0.00851023
379.8	-0.00849507
379.9	-0.0084826
380	-0.00847315
380.1	-0.0084611
380.2	-0.00844279
380.3	-0.00842063
380.4	-0.00839783
380.5	-0.00837012
380.6	-0.0083454
380.7	-0.00832589
380.8	-0.00830381
380.9	-0.0082788
381	-0.00824823
381.1	-0.00821688
381.2	-0.0081832
381.3	-0.00815332
381.4	-0.00812799
381.5	-0.00810446
381.6	-0.00808124
381.7	-0.00806014
381.8	-0.00803815
381.9	-0.00801809
382	-0.00799959
382.1	-0.00797717
382.2	-0.0079493
382.3	-0.00792207
382.4	-0.0078909
382.5	-0.0078556
382.6	-0.00781692
382.7	-0.00777602
382.8	-0.00773215
382.9	-0.00768249
383	-0.00763014
383.1	-0.00757525
383.2	-0.0075251
383.3	-0.00747847
383.4	-0.00742925
383.5	-0.00737473
383.6	-0.00731541
383.7	-0.00725893
383.8	-0.00720639
383.9	-0.00715749
384	-0.00710344
384.1	-0.00704742
384.2	-0.00699107
384.3	-0.00693716
384.4	-0.00688246
384.5	-0.00683221
384.6	-0.00678126
384.7	-0.00672393
384.8	-0.00666052
384.9	-0.00659919
385	-0.00654241
385.1	-0.00648819
385.2	-0.00643393
385.3	-0.00637448
385.4	-0.00631186
385.5	-0.00624945
385.6	-0.00618654
385.7	-0.00612337
385.8	-0.00606137
385.9	-0.00600152
386	-0.00594386
386.1	-0.00588527
386.2	-0.00582774
386.3	-0.00576806
386.4	-0.0057046
386.5	-0.00563438
386.6	-0.00556033
386.7	-0.00548331
386.8	-0.00540434
386.9	-0.00532485
387	-0.00524917
387.1	-0.00517335
387.2	-0.00509385
387.3	-0.00501209
387.4	-0.00493182
387.5	-0.0048517
387.6	-0.00477296
387.7	-0.00469679
387.8	-0.00462218
387.9	-0.00454604
388	-0.00447055
388.1	-0.0043992
388.2	-0.00433732
388.3	-0.0042843
388.4	-0.00423819
388.5	-0.00419317
388.6	-0.00415245
388.7	-0.00411515
388.8	-0.00407419
388.9	-0.00403351
389	-0.00399582
389.1	-0.00396019
389.2	-0.00392353
389.3	-0.00388965
389.4	-0.00385492
389.5	-0.00382183
389.6	-0.00378709
389.7	-0.00375165
389.8	-0.00371472
389.9	-0.00367652
390	-0.00363627
390.1	-0.0035968
390.2	-0.00355761
390.3	-0.00352081
390.4	-0.00348488
390.5	-0.00344725
390.6	-0.00341339
390.7	-0.00338098
390.8	-0.00334919
390.9	-0.00332002
391	-0.00328322
391.1	-0.00323904
391.2	-0.00319362
391.3	-0.00315135
391.4	-0.00311587
391.5	-0.00308393
391.6	-0.00305365
391.7	-0.00301983
391.8	-0.00299045
391.9	-0.0029637
392	-0.00293718
392.1	-0.00290987
392.2	-0.00288497
392.3	-0.00286228
392.4	-0.00283676
392.5	-0.00281136
392.6	-0.00277901
392.7	-0.00274346
392.8	-0.0027049
392.9	-0.00266909
393	-0.00263674
393.1	-0.00260558
393.2	-0.00257294
393.3	-0.00253879
393.4	-0.00250233
393.5	-0.00246797
393.6	-0.00243422
393.7	-0.0023987
393.8	-0.00236362
393.9	-0.00232991
394	-0.00229485
394.1	-0.00225642
394.2	-0.00221471
394.3	-0.00217615
394.4	-0.00214348
394.5	-0.00210944
394.6	-0.00207793
394.7	-0.00204984
394.8	-0.00202374
394.9	-0.00200219
395	-0.00197984
395.1	-0.00195884
395.2	-0.0019369
395.3	-0.00191449
395.4	-0.00188912
395.5	-0.00186
395.6	-0.00182991
395.7	-0.00180479
395.8	-0.00178391
395.9	-0.00176272
396	-0.00173981
396.1	-0.00171801
396.2	-0.00169929
396.3	-0.00168165
396.4	-0.00167401
396.5	-0.00167279
396.6	-0.00167413
396.7	-0.00167752
396.8	-0.00168922
396.9	-0.00170577
397	-0.00172854
397.1	-0.0017553
397.2	-0.00178435
397.3	-0.00181524
397.4	-0.0018485
397.5	-0.00188449
397.6	-0.0019193
397.7	-0.00195418
397.8	-0.00199356
397.9	-0.00203727
398	-0.00207874
398.1	-0.00211951
398.2	-0.00216087
398.3	-0.0021999
398.4	-0.00223612
398.5	-0.00226346
398.6	-0.00227979
398.7	-0.00229481
398.8	-0.00230797
398.9	-0.00232202
399	-0.00233573
399.1	-0.00234931
399.2	-0.00236215
399.3	-0.0023755
399.4	-0.00238444
399.5	-0.0023934
399.6	-0.0024006
399.7	-0.00240504
399.8	-0.00240737
399.9	-0.00241265
400	-0.00242124
400.1	-0.00243137
400.2	-0.00244346
400.3	-0.00245428
400.4	-0.00246126
400.5	-0.00246564
400.6	-0.00246631
400.7	-0.00246475
400.8	-0.00246257
400.9	-0.00245924
401	-0.00245745
401.1	-0.00245709
401.2	-0.00245938
401.3	-0.00245975
401.4	-0.00245784
401.5	-0.00245236
401.6	-0.00244787
401.7	-0.0024495
401.8	-0.00245513
401.9	-0.00246456
402	-0.00247265
402.1	-0.00248496
402.2	-0.00249737
402.3	-0.00250639
402.4	-0.00251241
402.5	-0.00251833
402.6	-0.00253108
402.7	-0.00255086
402.8	-0.00257906
402.9	-0.00261017
403	-0.00263898
403.1	-0.00266572
403.2	-0.0026918
403.3	-0.00271878
403.4	-0.00274575
403.5	-0.0027702
403.6	-0.00279305
403.7	-0.0028181
403.8	-0.00284693
403.9	-0.00287909
404	-0.00291059
404.1	-0.00293979
404.2	-0.00296694
404.3	-0.00299007
404.4	-0.00301553
404.5	-0.00304378
404.6	-0.00307836
404.7	-0.00311471
404.8	-0.00315332
404.9	-0.00319469
405	-0.0032375
405.1	-0.00328495
405.2	-0.00333497
405.3	-0.00338631
405.4	-0.00344409
405.5	-0.00350748
405.6	-0.00357249
405.7	-0.00363868
405.8	-0.00370484
405.9	-0.00377145
406	-0.00383593
406.1	-0.00390138
406.2	-0.00396472
406.3	-0.00402778
406.4	-0.00409148
406.5	-0.00415875
406.6	-0.00422553
406.7	-0.00428964
406.8	-0.00435432
406.9	-0.00441519
407	-0.00446647
407.1	-0.00451471
407.2	-0.00456335
407.3	-0.00461223
407.4	-0.00466276
407.5	-0.0047166
407.6	-0.00477298
407.7	-0.00482653
407.8	-0.00487945
407.9	-0.00493021
408	-0.00498029
408.1	-0.00502992
408.2	-0.00507836
408.3	-0.00512383
408.4	-0.00516654
408.5	-0.00521295
408.6	-0.00525684
408.7	-0.00530133
408.8	-0.0053461
408.9	-0.0053902
409	-0.00543087
409.1	-0.00547386
409.2	-0.00552075
409.3	-0.00556881
409.4	-0.00561547
409.5	-0.00566427
409.6	-0.00571309
409.7	-0.00576199
409.8	-0.00580835
409.9	-0.0058569
410	-0.00590249
410.1	-0.00594964
410.2	-0.00599901
410.3	-0.00604806
410.4	-0.00609531
410.5	-0.00614244
410.6	-0.00619051
410.7	-0.00623887
410.8	-0.00629163
410.9	-0.00634798
411	-0.00640946
411.1	-0.00647529
411.2	-0.00654499
411.3	-0.00661259
411.4	-0.0066756
411.5	-0.00673551
411.6	-0.00679725
411.7	-0.00685822
411.8	-0.00691975
411.9	-0.00698256
412	-0.0070427
412.1	-0.00709503
412.2	-0.00714575
412.3	-0.00719398
412.4	-0.0072452
412.5	-0.00729564
412.6	-0.00734542
412.7	-0.00738835
412.8	-0.00742559
412.9	-0.00745728
413	-0.00748941
413.1	-0.00752193
413.2	-0.00755302
413.3	-0.0075864
413.4	-0.00762197
413.5	-0.00765913
413.6	-0.0076944
413.7	-0.007725
413.8	-0.00774876
413.9	-0.00776878
414	-0.00778594
414.1	-0.00780159
414.2	-0.00781956
414.3	-0.00784107
414.4	-0.00786542
414.5	-0.00788942
414.6	-0.00791077
414.7	-0.00793219
414.8	-0.00796168
414.9	-0.00799585
415	-0.00802947
415.1	-0.00805776
415.2	-0.00808555
415.3	-0.00811834
415.4	-0.00815515
415.5	-0.00818913
415.6	-0.00822068
415.7	-0.00824988
415.8	-0.00827454
415.9	-0.00829545
416	-0.00830802
416.1	-0.00831721
416.2	-0.00832357
416.3	-0.00832804
416.4	-0.00833386
416.5	-0.00834338
416.6	-0.00835104
416.7	-0.00835985
416.8	-0.00836651
416.9	-0.0083733
417	-0.00838155
417.1	-0.00839341
417.2	-0.00840938
417.3	-0.00842496
417.4	-0.00843982
417.5	-0.00845818
417.6	-0.00847353
417.7	-0.00848759
417.8	-0.00849628
417.9	-0.0084979
418	-0.00850207
418.1	-0.00850711
418.2	-0.00851132
418.3	-0.00850974
418.4	-0.00850495
418.5	-0.0085001
418.6	-0.00849622
418.7	-0.0084965
418.8	-0.00850051
418.9	-0.00850469
419	-0.00850982
419.1	-0.0085193
419.2	-0.00852435
419.3	-0.0085272
419.4	-0.00853091
419.5	-0.00853978
419.6	-0.00855014
419.7	-0.00856465
419.8	-0.00857789
419.9	-0.00858787
420	-0.00859345
420.1	-0.00859717
420.2	-0.0086007
420.3	-0.00860603
420.4	-0.00861101
420.5	-0.00861744
420.6	-0.00862972
420.7	-0.00864211
420.8	-0.00865412
420.9	-0.00866447
421	-0.0086762
421.1	-0.00868492
421.2	-0.00869444
421.3	-0.00870079
421.4	-0.00870982
421.5	-0.00871592
421.6	-0.00872505
421.7	-0.00873226
421.8	-0.00874156
421.9	-0.00875336
422	-0.00875839
422.1	-0.00875696
422.2	-0.00875349
422.3	-0.00874821
422.4	-0.00874018
422.5	-0.00873337
422.6	-0.00872828
422.7	-0.00872356
422.8	-0.00872067
422.9	-0.00871674
423	-0.00870716
423.1	-0.00869222
423.2	-0.00867772
423.3	-0.00866457
423.4	-0.00865311
423.5	-0.00864469
423.6	-0.00863998
423.7	-0.00863729
423.8	-0.0086364
423.9	-0.00863488
424	-0.00863091
424.1	-0.00862648
424.2	-0.00862306
424.3	-0.00861878
424.4	-0.00861563
424.5	-0.00861647
424.6	-0.00862022
424.7	-0.00862071
424.8	-0.00861707
424.9	-0.00860591
425	-0.00859066
425.1	-0.00857761
425.2	-0.00856342
425.3	-0.00855188
425.4	-0.00854014
425.5	-0.0085247
425.6	-0.00850379
425.7	-0.00848153
425.8	-0.00845875
425.9	-0.00843379
426	-0.0084084
426.1	-0.00838508
426.2	-0.00835944
426.3	-0.00833364
426.4	-0.00831051
426.5	-0.00828922
426.6	-0.00826685
426.7	-0.00824129
426.8	-0.00821578
426.9	-0.00819539
427	-0.00817454
427.1	-0.00815582
427.2	-0.00813815
427.3	-0.0081224
427.4	-0.00810105
427.5	-0.00807545
427.6	-0.00804863
427.7	-0.00801687
427.8	-0.00798039
427.9	-0.00794076
428	-0.00789919
428.1	-0.00785973
428.2	-0.00782267
428.3	-0.00779275
428.4	-0.0077674
428.5	-0.00774731
428.6	-0.00773173
428.7	-0.007719
428.8	-0.00770741
428.9	-0.00770018
429	-0.0076906
429.1	-0.00767811
429.2	-0.00766887
429.3	-0.00766652
429.4	-0.00766674
429.5	-0.00766654
429.6	-0.00766318
429.7	-0.00765523
429.8	-0.00764035
429.9	-0.00761982
430	-0.00759579
430.1	-0.00756987
430.2	-0.0075408
430.3	-0.00751003
430.4	-0.00748158
430.5	-0.00745479
430.6	-0.00742935
430.7	-0.00740428
430.8	-0.00737671
430.9	-0.00734744
431	-0.00731487
431.1	-0.00728247
431.2	-0.00725089
431.3	-0.00721913
431.4	-0.00718414
431.5	-0.00714953
431.6	-0.00711455
431.7	-0.00708071
431.8	-0.00704568
431.9	-0.00701544
432	-0.0069836
432.1	-0.00695052
432.2	-0.00691495
432.3	-0.00687775
432.4	-0.0068369
432.5	-0.00679693
432.6	-0.00675475
432.7	-0.00671701
432.8	-0.00667909
432.9	-0.00663972
433	-0.0066012
433.1	-0.00657033
433.2	-0.00654286
433.3	-0.00651988
433.4	-0.0064983
433.5	-0.00647417
433.6	-0.00645401
433.7	-0.00643769
433.8	-0.00642026
433.9	-0.00640325
434	-0.00638611
434.1	-0.00635776
434.2	-0.00632805
434.3	-0.00629893
434.4	-0.00626935
434.5	-0.00623911
434.6	-0.00620651
434.7	-0.00617288
434.8	-0.00613796
434.9	-0.00610004
435	-0.00605993
435.1	-0.00602064
435.2	-0.00598318
435.3	-0.00594741
435.4	-0.00590924
435.5	-0.00586685
435.6	-0.00582219
435.7	-0.00577609
435.8	-0.00572694
435.9	-0.00567374
436	-0.00561779
436.1	-0.0055597
436.2	-0.00549743
436.3	-0.00542998
436.4	-0.00536628
436.5	-0.00530303
436.6	-0.00524031
436.7	-0.00518188
436.8	-0.00512133
436.9	-0.00506403
437	-0.00501048
437.1	-0.00496391
437.2	-0.00492324
437.3	-0.00488614
437.4	-0.00484843
437.5	-0.00481238
437.6	-0.00477787
437.7	-0.00474374
437.8	-0.00471063
437.9	-0.0046801
438	-0.00465421
438.1	-0.00462758
438.2	-0.00460395
438.3	-0.00458425
438.4	-0.00456508
438.5	-0.00455055
438.6	-0.00453747
438.7	-0.00452517
438.8	-0.00451563
438.9	-0.00451015
439	-0.00450229
439.1	-0.00449231
439.2	-0.00448183
439.3	-0.0044724
439.4	-0.00446353
439.5	-0.00445205
439.6	-0.00443992
439.7	-0.00442752
439.8	-0.00441267
439.9	-0.00440605
440	-0.00440939
440.1	-0.00441457
440.2	-0.00441484
440.3	-0.00441644
440.4	-0.00441666
440.5	-0.00442023
440.6	-0.00442401
440.7	-0.00443012
440.8	-0.00443829
440.9	-0.00444484
441	-0.00445559
441.1	-0.00446905
441.2	-0.00448673
441.3	-0.00450589
441.4	-0.00452824
441.5	-0.00455298
441.6	-0.00457324
441.7	-0.00459264
441.8	-0.00460785
441.9	-0.00461613
442	-0.00461671
442.1	-0.00461929
442.2	-0.00462831
442.3	-0.0046387
442.4	-0.00464716
442.5	-0.004658
442.6	-0.0046762
442.7	-0.00469573
442.8	-0.00471493
442.9	-0.00473256
443	-0.00474602
443.1	-0.00475711
443.2	-0.00476944
443.3	-0.00478814
443.4	-0.00481127
443.5	-0.00483098
443.6	-0.00484984
443.7	-0.00486641
443.8	-0.00488367
443.9	-0.00490106
444	-0.00491755
444.1	-0.00493057
444.2	-0.00494501
444.3	-0.00496134
444.4	-0.00498162
444.5	-0.00500307
444.6	-0.00502706
444.7	-0.00504931
444.8	-0.00506837
444.9	-0.0050841
445	-0.00509427
445.1	-0.00510327
445.2	-0.00510942
445.3	-0.00510848
445.4	-0.00510322
445.5	-0.00509116
445.6	-0.00507828
445.7	-0.00506501
445.8	-0.00504803
445.9	-0.00503464
446	-0.00502119
446.1	-0.00500767
446.2	-0.00499342
446.3	-0.00497762
446.4	-0.00496117
446.5	-0.00494676
446.6	-0.00493445
446.7	-0.00492392
446.8	-0.00491545
446.9	-0.00490516
447	-0.00489479
447.1	-0.0048837
447.2	-0.00486753
447.3	-0.00484702
447.4	-0.00482541
447.5	-0.00480268
447.6	-0.00477933
447.7	-0.00475042
447.8	-0.00471716
447.9	-0.00468055
448	-0.00463539
448.1	-0.00458807
448.2	-0.00453759
448.3	-0.0044906
448.4	-0.00444495
448.5	-0.00439977
448.6	-0.00435848
448.7	-0.0043256
448.8	-0.00429451
448.9	-0.00426735
449	-0.00424231
449.1	-0.00421455
449.2	-0.00418274
449.3	-0.00414611
449.4	-0.00410343
449.5	-0.0040596
449.6	-0.00401836
449.7	-0.00398081
449.8	-0.00394374
449.9	-0.00390315
450	-0.00385762
450.1	-0.00381043
450.2	-0.00376636
450.3	-0.00371838
450.4	-0.00366981
450.5	-0.00362401
450.6	-0.00358153
450.7	-0.00353898
450.8	-0.00349341
450.9	-0.00344782
451	-0.00340693
451.1	-0.00337026
451.2	-0.0033357
451.3	-0.00329889
451.4	-0.00326302
451.5	-0.00322955
451.6	-0.00319573
451.7	-0.00315936
451.8	-0.00312129
451.9	-0.00308141
452	-0.00304372
452.1	-0.00300848
452.2	-0.00297448
452.3	-0.00294485
452.4	-0.00291321
452.5	-0.00288498
452.6	-0.00286084
452.7	-0.00283686
452.8	-0.00281524
452.9	-0.00279587
453	-0.00278073
453.1	-0.00276937
453.2	-0.00276125
453.3	-0.00275536
453.4	-0.00275348
453.5	-0.00275588
453.6	-0.00276035
453.7	-0.00276788
453.8	-0.00277483
453.9	-0.00278167
454	-0.00278682
454.1	-0.00279367
454.2	-0.00280385
454.3	-0.00281772
454.4	-0.00282976
454.5	-0.00283917
454.6	-0.00284682
454.7	-0.00285012
454.8	-0.00285209
454.9	-0.00284565
455	-0.00284021
455.1	-0.00283863
455.2	-0.0028364
455.3	-0.00282849
455.4	-0.00281684
455.5	-0.00280096
455.6	-0.00278859
455.7	-0.00277735
455.8	-0.00276285
455.9	-0.00274699
456	-0.00272961
456.1	-0.00271414
456.2	-0.00270082
456.3	-0.00268792
456.4	-0.00266956
456.5	-0.00264631
456.6	-0.00262055
456.7	-0.00259369
456.8	-0.00256385
456.9	-0.00253669
457	-0.00251333
457.1	-0.00249654
457.2	-0.00248005
457.3	-0.00246674
457.4	-0.00246002
457.5	-0.00245302
457.6	-0.00244541
457.7	-0.00243243
457.8	-0.00242057
457.9	-0.00241028
458	-0.00239799
458.1	-0.00238508
458.2	-0.00237126
458.3	-0.00235239
458.4	-0.00232641
458.5	-0.00229398
458.6	-0.00225841
458.7	-0.0022219
458.8	-0.00219197
458.9	-0.00216279
459	-0.00213284
459.1	-0.00210212
459.2	-0.00207553
459.3	-0.00204988
459.4	-0.00202017
459.5	-0.00198768
459.6	-0.00194949
459.7	-0.00190774
459.8	-0.00186869
459.9	-0.00183615
460	-0.00180927
460.1	-0.00178551
460.2	-0.0017615
460.3	-0.00173684
460.4	-0.00171255
460.5	-0.00168901
460.6	-0.00166466
460.7	-0.00163695
460.8	-0.00160436
460.9	-0.00156794
461	-0.00152989
461.1	-0.0014912
461.2	-0.00145413
461.3	-0.00142109
461.4	-0.001389
461.5	-0.00135412
461.6	-0.00131702
461.7	-0.00127656
461.8	-0.00123047
461.9	-0.00117802
462	-0.00112819
462.1	-0.00108202
462.2	-0.00103962
462.3	-0.0010042
462.4	-0.000976461
462.5	-0.000953091
462.6	-0.000930391
462.7	-0.000911172
462.8	-0.000895612
462.9	-0.000876862
463	-0.000851342
463.1	-0.000818627
463.2	-0.000779298
463.3	-0.00073163
463.4	-0.000680551
463.5	-0.000626309
463.6	-0.000574257
463.7	-0.000526873
463.8	-0.00048338
463.9	-0.000436166
464	-0.000385759
464.1	-0.00033404
464.2	-0.00028613
464.3	-0.000243358
464.4	-0.00020438
464.5	-0.000170051
464.6	-0.000135584
464.7	-0.000106475
464.8	-8.07088e-05
464.9	-6.08488e-05
465	-4.50015e-05
465.1	-3.22322e-05
465.2	-2.30514e-05
465.3	-1.96577e-05
465.4	-2.00851e-05
465.5	-1.75999e-05
465.6	-1.51619e-05
465.7	-1.53875e-05
465.8	-1.47927e-05
465.9	-8.66128e-06
466	-6.06855e-07
466.1	6.77691e-06
466.2	1.34152e-05
466.3	1.48425e-05
466.4	1.39485e-05
466.5	6.26662e-06
466.6	9.65319e-07
466.7	-5.29677e-06
466.8	-1.10709e-05
466.9	-1.80003e-05
467	-2.59409e-05
467.1	-3.54754e-05
467.2	-4.81756e-05
467.3	-6.00481e-05
467.4	-6.67115e-05
467.5	-6.75237e-05
467.6	-6.41431e-05
467.7	-6.06402e-05
467.8	-6.01579e-05
467.9	-5.82551e-05
468	-5.65355e-05
468.1	-5.49077e-05
468.2	-5.33845e-05
468.3	-5.55441e-05
468.4	-6.45706e-05
468.5	-7.36065e-05
468.6	-8.55291e-05
468.7	-0.000100789
468.8	-0.000116969
468.9	-0.000135474
469	-0.000154523
469.1	-0.000174451
469.2	-0.000194956
469.3	-0.000211475
469.4	-0.000230906
469.5	-0.000245899
469.6	-0.000261889
469.7	-0.000279928
469.8	-0.000294921
469.9	-0.000304638
470	-0.000315476
470.1	-0.000331854
470.2	-0.000355896
470.3	-0.000383444
470.4	-0.000415208
470.5	-0.000448317
470.6	-0.00048059
470.7	-0.000514016
470.8	-0.000545341
470.9	-0.000572554
471	-0.000600432
471.1	-0.000626737
471.2	-0.000655215
471.3	-0.000683827
471.4	-0.000712861
471.5	-0.000746966
471.6	-0.000783494
471.7	-0.000818954
471.8	-0.000847729
471.9	-0.000874539
472	-0.000900524
472.1	-0.000924049
472.2	-0.000953819
472.3	-0.000988439
472.4	-0.00101936
472.5	-0.00104751
472.6	-0.00107131
472.7	-0.00109104
472.8	-0.00110948
472.9	-0.00112992
473	-0.00114978
473.1	-0.00117123
473.2	-0.00119488
473.3	-0.00121165
473.4	-0.00122454
473.5	-0.00123266
473.6	-0.00123383
473.7	-0.00123067
473.8	-0.00122277
473.9	-0.00121761
474	-0.0012157
474.1	-0.00121468
474.2	-0.00121361
474.3	-0.00121393
474.4	-0.00121925
474.5	-0.00122774
474.6	-0.00123523
474.7	-0.00124145
474.8	-0.00124484
474.9	-0.00125004
475	-0.00125481
475.1	-0.00125574
475.2	-0.00125268
475.3	-0.00124616
475.4	-0.00123966
475.5	-0.00123068
475.6	-0.00121404
475.7	-0.00119161
475.8	-0.00116421
475.9	-0.00114066
476	-0.00112361
476.1	-0.00111065
476.2	-0.00109633
476.3	-0.0010787
476.4	-0.00106277
476.5	-0.00105127
476.6	-0.00104444
476.7	-0.00104309
476.8	-0.00104994
476.9	-0.00105991
477	-0.00106921
477.1	-0.00107427
477.2	-0.00107309
477.3	-0.00106429
477.4	-0.00105153
477.5	-0.00103788
477.6	-0.00102279
477.7	-0.00100184
477.8	-0.000981564
477.9	-0.000959917
478	-0.000933839
478.1	-0.000908485
478.2	-0.000887115
478.3	-0.000863425
478.4	-0.000839255
478.5	-0.000814262
478.6	-0.000790488
478.7	-0.000766576
478.8	-0.000742797
478.9	-0.000723728
479	-0.00070612
479.1	-0.000687114
479.2	-0.000663552
479.3	-0.00063964
479.4	-0.00061388
479.5	-0.000587006
479.6	-0.000562345
479.7	-0.000544886
479.8	-0.000533534
479.9	-0.00052138
480	-0.000512979
480.1	-0.000512265
480.2	-0.000514264
480.3	-0.000521571
480.4	-0.000533151
480.5	-0.000547371
480.6	-0.000565505
480.7	-0.000584
480.8	-0.000604717
480.9	-0.000627756
481	-0.000646188
481.1	-0.00065419
481.2	-0.000660075
481.3	-0.00066605
481.4	-0.000670773
481.5	-0.000674321
481.6	-0.000675036
481.7	-0.000675714
481.8	-0.000675496
481.9	-0.000671468
482	-0.000662852
482.1	-0.000652374
482.2	-0.000643745
482.3	-0.000632504
482.4	-0.000619812
482.5	-0.000603043
482.6	-0.000587854
482.7	-0.000573069
482.8	-0.000559676
482.9	-0.000554718
483	-0.000552408
483.1	-0.00055024
483.2	-0.000545746
483.3	-0.000541999
483.4	-0.000543472
483.5	-0.000548922
483.6	-0.000550483
483.7	-0.000549056
483.8	-0.000542632
483.9	-0.000530424
484	-0.000517154
484.1	-0.00050521
484.2	-0.000493971
484.3	-0.000483828
484.4	-0.000477034
484.5	-0.000474875
484.6	-0.000481187
484.7	-0.00049092
484.8	-0.000504157
484.9	-0.000525207
485	-0.000552536
485.1	-0.000577977
485.2	-0.000600763
485.3	-0.000625303
485.4	-0.000651516
485.5	-0.000677926
485.6	-0.000704859
485.7	-0.000729263
485.8	-0.000754736
485.9	-0.000789937
486	-0.000830736
486.1	-0.00087501
486.2	-0.000923103
486.3	-0.00097225
486.4	-0.00102291
486.5	-0.00106896
486.6	-0.00111071
486.7	-0.00114976
486.8	-0.0011868
486.9	-0.00122441
487	-0.00126315
487.1	-0.00130427
487.2	-0.00134374
487.3	-0.00137951
487.4	-0.00141177
487.5	-0.00143659
487.6	-0.00146633
487.7	-0.00149679
487.8	-0.00152562
487.9	-0.00156041
488	-0.0016002
488.1	-0.00164546
488.2	-0.00169144
488.3	-0.00173285
488.4	-0.00177006
488.5	-0.00179724
488.6	-0.0018218
488.7	-0.00184591
488.8	-0.00186606
488.9	-0.00188505
489	-0.00189978
489.1	-0.00191483
489.2	-0.00193075
489.3	-0.00194876
489.4	-0.00196833
489.5	-0.00198892
489.6	-0.00200721
489.7	-0.00202324
489.8	-0.00203824
489.9	-0.00205241
490	-0.00206419
490.1	-0.00207183
490.2	-0.00208445
490.3	-0.0020975
490.4	-0.00211337
490.5	-0.00212813
490.6	-0.00214513
490.7	-0.00216719
490.8	-0.00219432
490.9	-0.00221978
491	-0.00224039
491.1	-0.00225481
491.2	-0.00226673
491.3	-0.00227675
491.4	-0.0022877
491.5	-0.00229985
491.6	-0.00231379
491.7	-0.00232945
491.8	-0.00234004
491.9	-0.00234465
492	-0.00234411
492.1	-0.00234303
492.2	-0.00234022
492.3	-0.00233865
492.4	-0.00234286
492.5	-0.00234665
492.6	-0.00235421
492.7	-0.00236149
492.8	-0.00236434
492.9	-0.00236208
493	-0.00235541
493.1	-0.00235016
493.2	-0.00234658
493.3	-0.00234153
493.4	-0.00234121
493.5	-0.00234706
493.6	-0.00235718
493.7	-0.00237458
493.8	-0.00239822
493.9	-0.00242784
494	-0.00246047
494.1	-0.00249324
494.2	-0.00252353
494.3	-0.0025543
494.4	-0.00258336
494.5	-0.00261629
494.6	-0.00265369
494.7	-0.00268939
494.8	-0.00272561
494.9	-0.00276634
495	-0.00281358
495.1	-0.00286048
495.2	-0.00290161
495.3	-0.00293981
495.4	-0.00297141
495.5	-0.00300049
495.6	-0.00303276
495.7	-0.00306297
495.8	-0.00309135
495.9	-0.00311976
496	-0.00314895
496.1	-0.00318024
496.2	-0.00321158
496.3	-0.0032437
496.4	-0.00327847
496.5	-0.00331458
496.6	-0.00335665
496.7	-0.00340063
496.8	-0.00344694
496.9	-0.00349053
497	-0.00352779
497.1	-0.00356337
497.2	-0.00360308
497.3	-0.00364303
497.4	-0.00368325
497.5	-0.00372262
497.6	-0.00375605
497.7	-0.00378841
497.8	-0.00382213
497.9	-0.00385994
498	-0.0039005
498.1	-0.00394105
498.2	-0.00398505
498.3	-0.00403165
498.4	-0.00407699
498.5	-0.00411941
498.6	-0.00416216
498.7	-0.00420783
498.8	-0.0042547
498.9	-0.0043048
499	-0.00435533
499.1	-0.00441123
499.2	-0.00446671
499.3	-0.00452115
499.4	-0.0045772
499.5	-0.00463503
499.6	-0.00469426
499.7	-0.00475643
499.8	-0.0048175
499.9	-0.00487378
500	-0.00492779
