LagTime	Correlation

0	0.671131
0.1	0.666111
0.2	0.658628
0.3	0.650594
0.4	0.642496
0.5	0.634451
0.6	0.626491
0.7	0.618626
0.8	0.610854
0.9	0.603178
1	0.595599
1.1	0.588111
1.2	0.580714
1.3	0.573403
1.4	0.566182
1.5	0.559052
1.6	0.55201
1.7	0.545054
1.8	0.53819
1.9	0.531417
2	0.52473
2.1	0.518126
2.2	0.511606
2.3	0.505172
2.4	0.498815
2.5	0.492534
2.6	0.486334
2.7	0.480208
2.8	0.474159
2.9	0.468187
3	0.462293
3.1	0.456473
3.2	0.450727
3.3	0.445053
3.4	0.439449
3.5	0.433924
3.6	0.428472
3.7	0.42309
3.8	0.417773
3.9	0.412525
4	0.407349
4.1	0.402241
4.2	0.397198
4.3	0.392214
4.4	0.387292
4.5	0.382429
4.6	0.377623
4.7	0.372877
4.8	0.368186
4.9	0.363553
5	0.358979
5.1	0.354461
5.2	0.349997
5.3	0.345586
5.4	0.341231
5.5	0.336931
5.6	0.33268
5.7	0.328485
5.8	0.324343
5.9	0.320251
6	0.316211
6.1	0.31222
6.2	0.308279
6.3	0.304383
6.4	0.300534
6.5	0.296734
6.6	0.292979
6.7	0.289276
6.8	0.285626
6.9	0.282023
7	0.278465
7.1	0.274951
7.2	0.271481
7.3	0.268057
7.4	0.264673
7.5	0.261333
7.6	0.258031
7.7	0.254769
7.8	0.251549
7.9	0.248372
8	0.245235
8.1	0.242139
8.2	0.239085
8.3	0.236063
8.4	0.233083
8.5	0.230144
8.6	0.227244
8.7	0.224387
8.8	0.22157
8.9	0.218791
9	0.216053
9.1	0.213348
9.2	0.210677
9.3	0.208039
9.4	0.205435
9.5	0.202868
9.6	0.200333
9.7	0.197828
9.8	0.195355
9.9	0.19291
10	0.190493
10.1	0.188104
10.2	0.185745
10.3	0.183414
10.4	0.18111
10.5	0.178829
10.6	0.176574
10.7	0.174349
10.8	0.172149
10.9	0.169974
11	0.167825
11.1	0.165701
11.2	0.163604
11.3	0.161533
11.4	0.159484
11.5	0.15746
11.6	0.155467
11.7	0.153506
11.8	0.15157
11.9	0.149655
12	0.147761
12.1	0.145889
12.2	0.144039
12.3	0.142216
12.4	0.140415
12.5	0.138637
12.6	0.136882
12.7	0.135153
12.8	0.133444
12.9	0.131757
13	0.130085
13.1	0.128437
13.2	0.126811
13.3	0.125201
13.4	0.123607
13.5	0.122035
13.6	0.120483
13.7	0.118955
13.8	0.117447
13.9	0.115956
14	0.114484
14.1	0.113036
14.2	0.111607
14.3	0.110194
14.4	0.108804
14.5	0.10743
14.6	0.106069
14.7	0.104725
14.8	0.103395
14.9	0.102085
15	0.100788
15.1	0.0995054
15.2	0.0982336
15.3	0.0969767
15.4	0.0957339
15.5	0.0945027
15.6	0.0932829
15.7	0.0920772
15.8	0.090889
15.9	0.0897214
16	0.0885732
16.1	0.0874421
16.2	0.0863251
16.3	0.085215
16.4	0.0841161
16.5	0.0830317
16.6	0.0819634
16.7	0.0809124
16.8	0.0798746
16.9	0.078851
17	0.0778415
17.1	0.0768448
17.2	0.0758573
17.3	0.074878
17.4	0.0739116
17.5	0.0729543
17.6	0.0720093
17.7	0.0710791
17.8	0.070161
17.9	0.0692522
18	0.0683536
18.1	0.0674617
18.2	0.0665763
18.3	0.0657017
18.4	0.0648428
18.5	0.0639977
18.6	0.0631639
18.7	0.0623442
18.8	0.0615381
18.9	0.06074
19	0.0599517
19.1	0.0591707
19.2	0.0583983
19.3	0.0576389
19.4	0.0568875
19.5	0.056141
19.6	0.0554048
19.7	0.054683
19.8	0.0539758
19.9	0.0532819
20	0.0525955
20.1	0.0519171
20.2	0.0512451
20.3	0.0505826
20.4	0.0499312
20.5	0.049291
20.6	0.0486567
20.7	0.0480313
20.8	0.0474151
20.9	0.0468075
21	0.0462091
21.1	0.0456157
21.2	0.0450252
21.3	0.0444414
21.4	0.0438665
21.5	0.0433004
21.6	0.0427487
21.7	0.0422072
21.8	0.0416724
21.9	0.0411481
22	0.0406281
22.1	0.040111
22.2	0.0395941
22.3	0.0390801
22.4	0.0385695
22.5	0.0380619
22.6	0.0375622
22.7	0.0370764
22.8	0.0365953
22.9	0.0361125
23	0.0356332
23.1	0.0351597
23.2	0.0347004
23.3	0.034254
23.4	0.0338189
23.5	0.03339
23.6	0.0329624
23.7	0.0325405
23.8	0.0321214
23.9	0.0317065
24	0.0312993
24.1	0.0309023
24.2	0.0305087
24.3	0.0301165
24.4	0.0297263
24.5	0.0293379
24.6	0.0289562
24.7	0.0285799
24.8	0.0282125
24.9	0.0278517
25	0.0275
25.1	0.0271598
25.2	0.0268285
25.3	0.0265024
25.4	0.0261782
25.5	0.0258565
25.6	0.0255357
25.7	0.0252234
25.8	0.0249147
25.9	0.0246086
26	0.0243097
26.1	0.0240114
26.2	0.0237126
26.3	0.0234163
26.4	0.0231221
26.5	0.022831
26.6	0.0225411
26.7	0.0222558
26.8	0.0219729
26.9	0.0216918
27	0.0214098
27.1	0.0211271
27.2	0.020848
27.3	0.0205688
27.4	0.0202934
27.5	0.0200271
27.6	0.0197653
27.7	0.0195012
27.8	0.0192362
27.9	0.0189725
28	0.0187123
28.1	0.0184574
28.2	0.0182083
28.3	0.0179628
28.4	0.0177203
28.5	0.0174835
28.6	0.0172505
28.7	0.0170206
28.8	0.0167914
28.9	0.0165659
29	0.0163449
29.1	0.0161299
29.2	0.0159213
29.3	0.015709
29.4	0.0154951
29.5	0.0152846
29.6	0.0150758
29.7	0.0148692
29.8	0.0146618
29.9	0.0144556
30	0.0142525
30.1	0.0140517
30.2	0.0138573
30.3	0.0136678
30.4	0.0134764
30.5	0.0132835
30.6	0.0130905
30.7	0.0128957
30.8	0.012698
30.9	0.0124997
31	0.012303
31.1	0.0121161
31.2	0.0119353
31.3	0.0117526
31.4	0.0115692
31.5	0.0113918
31.6	0.0112153
31.7	0.0110382
31.8	0.0108656
31.9	0.010696
32	0.0105236
32.1	0.0103533
32.2	0.0101886
32.3	0.0100265
32.4	0.00986535
32.5	0.00970783
32.6	0.00955521
32.7	0.00940341
32.8	0.00924359
32.9	0.00907818
33	0.00891049
33.1	0.00874616
33.2	0.00858527
33.3	0.00842804
33.4	0.00827415
33.5	0.00812339
33.6	0.00797304
33.7	0.00782824
33.8	0.00768426
33.9	0.00754256
34	0.00739975
34.1	0.00725816
34.2	0.0071241
34.3	0.00699891
34.4	0.00687556
34.5	0.00675598
34.6	0.00663763
34.7	0.00652698
34.8	0.00642459
34.9	0.00633295
35	0.00624861
35.1	0.00617124
35.2	0.00609773
35.3	0.00602704
35.4	0.00595644
35.5	0.00588228
35.6	0.00581241
35.7	0.00575288
35.8	0.00569714
35.9	0.00564426
36	0.00559012
36.1	0.00553773
36.2	0.00548902
36.3	0.00544545
36.4	0.0054042
36.5	0.0053646
36.6	0.00532534
36.7	0.00528836
36.8	0.00525557
36.9	0.00522722
37	0.00520008
37.1	0.00516886
37.2	0.00513177
37.3	0.00509148
37.4	0.00505595
37.5	0.00502908
37.6	0.00500737
37.7	0.00498626
37.8	0.00496854
37.9	0.00495113
38	0.00493556
38.1	0.00492159
38.2	0.00491126
38.3	0.00490635
38.4	0.00490739
38.5	0.00491208
38.6	0.00492119
38.7	0.00493472
38.8	0.00495683
38.9	0.00498491
39	0.00501635
39.1	0.00504665
39.2	0.00507179
39.3	0.0050874
39.4	0.00509664
39.5	0.00509838
39.6	0.00509512
39.7	0.00508986
39.8	0.00507803
39.9	0.00505919
40	0.00504046
40.1	0.00502092
40.2	0.00500279
40.3	0.00498791
40.4	0.00497615
40.5	0.00495683
40.6	0.00493149
40.7	0.00490189
40.8	0.00486691
40.9	0.0048331
41	0.00479754
41.1	0.00476204
41.2	0.00472817
41.3	0.00469336
41.4	0.00465099
41.5	0.00460495
41.6	0.0045566
41.7	0.00450953
41.8	0.00446416
41.9	0.00442548
42	0.004389
42.1	0.00435021
42.2	0.00431582
42.3	0.00428891
42.4	0.0042669
42.5	0.00425108
42.6	0.00423648
42.7	0.0042237
42.8	0.00420932
42.9	0.00419651
43	0.0041857
43.1	0.00417809
43.2	0.00417289
43.3	0.00416403
43.4	0.00415622
43.5	0.0041459
43.6	0.00413294
43.7	0.00412594
43.8	0.00412132
43.9	0.00411869
44	0.00411597
44.1	0.00412125
44.2	0.00413005
44.3	0.00414001
44.4	0.00415282
44.5	0.00416555
44.6	0.00418137
44.7	0.00419372
44.8	0.0042036
44.9	0.00420536
45	0.00420064
45.1	0.00419762
45.2	0.004196
45.3	0.00418808
45.4	0.00417345
45.5	0.00415552
45.6	0.00413686
45.7	0.00411378
45.8	0.00408589
45.9	0.00406236
46	0.00404409
46.1	0.00402475
46.2	0.00400639
46.3	0.0039895
46.4	0.00398071
46.5	0.00397562
46.6	0.00396829
46.7	0.00395536
46.8	0.00393953
46.9	0.00392995
47	0.003914
47.1	0.00388822
47.2	0.00386271
47.3	0.00383886
47.4	0.00381231
47.5	0.00378255
47.6	0.00375167
47.7	0.00372167
47.8	0.003691
47.9	0.00365789
48	0.00362257
48.1	0.00358555
48.2	0.00354638
48.3	0.00350225
48.4	0.003454
48.5	0.00340327
48.6	0.00335155
48.7	0.00329483
48.8	0.00323776
48.9	0.00317988
49	0.00312277
49.1	0.00306329
49.2	0.0029974
49.3	0.00293074
49.4	0.00286915
49.5	0.00281307
49.6	0.00276005
49.7	0.00271076
49.8	0.00266795
49.9	0.00263051
50	0.00260169
50.1	0.0025768
50.2	0.00255396
50.3	0.00253476
50.4	0.00251544
50.5	0.00249343
50.6	0.00247102
50.7	0.00244945
50.8	0.00242939
50.9	0.00241155
51	0.00239664
51.1	0.00238062
51.2	0.00235951
51.3	0.00234048
51.4	0.0023257
51.5	0.00231257
51.6	0.0023008
51.7	0.00229258
51.8	0.00229144
51.9	0.00228872
52	0.00228796
52.1	0.00229087
52.2	0.00229588
52.3	0.00230386
52.4	0.00231481
52.5	0.00232665
52.6	0.00233694
52.7	0.00234712
52.8	0.00235396
52.9	0.00235553
53	0.00235848
53.1	0.00236129
53.2	0.00236718
53.3	0.00237206
53.4	0.00237839
53.5	0.00238623
53.6	0.00239474
53.7	0.00240305
53.8	0.00241544
53.9	0.00242995
54	0.00244776
54.1	0.00246549
54.2	0.00248007
54.3	0.00249259
54.4	0.00250027
54.5	0.00250723
54.6	0.00252122
54.7	0.00253831
54.8	0.0025528
54.9	0.00256541
55	0.0025751
55.1	0.00257862
55.2	0.00258431
55.3	0.00258889
55.4	0.00259263
55.5	0.00259624
55.6	0.00259623
55.7	0.00259616
55.8	0.00259765
55.9	0.00259545
56	0.00259343
56.1	0.00259624
56.2	0.00260127
56.3	0.0026005
56.4	0.00259415
56.5	0.00258587
56.6	0.00258018
56.7	0.00257755
56.8	0.0025807
56.9	0.00258733
57	0.00259341
57.1	0.0026019
57.2	0.00260769
57.3	0.00261526
57.4	0.00262202
57.5	0.00262768
57.6	0.00263138
57.7	0.00263549
57.8	0.00264585
57.9	0.00265722
58	0.00266709
58.1	0.00267562
58.2	0.00268198
58.3	0.00268191
58.4	0.00267477
58.5	0.0026625
58.6	0.00264802
58.7	0.00263305
58.8	0.0026211
58.9	0.00261669
59	0.00261519
59.1	0.00261311
59.2	0.00261144
59.3	0.00260829
59.4	0.00260241
59.5	0.0025966
59.6	0.00259608
59.7	0.00259645
59.8	0.0025938
59.9	0.00258536
60	0.00257054
60.1	0.00255064
60.2	0.00252449
60.3	0.00249817
60.4	0.0024719
60.5	0.00244587
60.6	0.00242102
60.7	0.00239473
60.8	0.00236939
60.9	0.0023497
61	0.00233539
61.1	0.00232668
61.2	0.00232202
61.3	0.00231861
61.4	0.00231449
61.5	0.00230778
61.6	0.00229889
61.7	0.00229095
61.8	0.00228552
61.9	0.00228418
62	0.00228521
62.1	0.0022918
62.2	0.00230078
62.3	0.00231249
62.4	0.00232804
62.5	0.00234122
62.6	0.00234615
62.7	0.0023485
62.8	0.00235051
62.9	0.00235463
63	0.00236201
63.1	0.00236601
63.2	0.00236514
63.3	0.00236191
63.4	0.00236219
63.5	0.00236401
63.6	0.00236672
63.7	0.00236977
63.8	0.00237768
63.9	0.00238639
64	0.00238925
64.1	0.00239311
64.2	0.00239425
64.3	0.00239376
64.4	0.00238598
64.5	0.00237864
64.6	0.00237191
64.7	0.00236624
64.8	0.00236019
64.9	0.00235077
65	0.0023388
65.1	0.00232009
65.2	0.00229803
65.3	0.00227373
65.4	0.00224313
65.5	0.00220948
65.6	0.00217461
65.7	0.00213976
65.8	0.00210787
65.9	0.0020811
66	0.00205206
66.1	0.00201618
66.2	0.00198198
66.3	0.00195204
66.4	0.00192486
66.5	0.00189612
66.6	0.00186541
66.7	0.00183129
66.8	0.00178958
66.9	0.00174
67	0.00168968
67.1	0.0016408
67.2	0.00159351
67.3	0.00154687
67.4	0.00149181
67.5	0.00143679
67.6	0.00137945
67.7	0.00132162
67.8	0.00126738
67.9	0.00121158
68	0.001155
68.1	0.0010959
68.2	0.00103012
68.3	0.000966803
68.4	0.000908829
68.5	0.000856813
68.6	0.000808401
68.7	0.000765456
68.8	0.000725295
68.9	0.000688173
69	0.000646398
69.1	0.000601464
69.2	0.000557621
69.3	0.00052083
69.4	0.000485957
69.5	0.000446877
69.6	0.000395273
69.7	0.000340158
69.8	0.000287943
69.9	0.000239726
70	0.000194429
70.1	0.000148312
70.2	9.70518e-05
70.3	4.88501e-05
70.4	1.65516e-06
70.5	-4.50669e-05
70.6	-9.02291e-05
70.7	-0.000133112
70.8	-0.000174095
70.9	-0.000219771
71	-0.000267132
71.1	-0.000311845
71.2	-0.000356927
71.3	-0.000401256
71.4	-0.00044198
71.5	-0.000481569
71.6	-0.000518417
71.7	-0.000546566
71.8	-0.000571115
71.9	-0.000594647
72	-0.000621489
72.1	-0.000648115
72.2	-0.000672596
72.3	-0.000698757
72.4	-0.000720895
72.5	-0.000736964
72.6	-0.000751143
72.7	-0.000767367
72.8	-0.000781925
72.9	-0.00079179
73	-0.000795691
73.1	-0.000795028
73.2	-0.000795639
73.3	-0.00079481
73.4	-0.000787399
73.5	-0.000772523
73.6	-0.000754797
73.7	-0.000734408
73.8	-0.000717354
73.9	-0.000701867
74	-0.000689433
74.1	-0.000679033
74.2	-0.000672773
74.3	-0.000664616
74.4	-0.000656823
74.5	-0.000650519
74.6	-0.000645022
74.7	-0.000644962
74.8	-0.000644199
74.9	-0.000644184
75	-0.000641709
75.1	-0.000638807
75.2	-0.000625213
75.3	-0.000605742
75.4	-0.000584954
75.5	-0.0005617
75.6	-0.000537822
75.7	-0.00051991
75.8	-0.000502241
75.9	-0.000484326
76	-0.000464416
76.1	-0.000440856
76.2	-0.000413081
76.3	-0.000381669
76.4	-0.000347116
76.5	-0.000315328
76.6	-0.000286873
76.7	-0.000264781
76.8	-0.000243459
76.9	-0.000225168
77	-0.000211212
77.1	-0.000203111
77.2	-0.000197827
77.3	-0.000195016
77.4	-0.000190741
77.5	-0.000185921
77.6	-0.00018179
77.7	-0.000179109
77.8	-0.000170191
77.9	-0.000159789
78	-0.000146765
78.1	-0.00013003
78.2	-0.00011429
78.3	-9.56583e-05
78.4	-7.52142e-05
78.5	-5.46565e-05
78.6	-2.91991e-05
78.7	-3.95942e-06
78.8	2.15412e-05
78.9	4.96016e-05
79	7.36906e-05
79.1	9.41993e-05
79.2	0.000110855
79.3	0.000126599
79.4	0.000142734
79.5	0.000158666
79.6	0.000178872
79.7	0.000201395
79.8	0.00022396
79.9	0.000243089
80	0.000260831
80.1	0.000277394
80.2	0.000292263
80.3	0.00031275
80.4	0.000333353
80.5	0.000351918
80.6	0.000372959
80.7	0.00039544
80.8	0.000422417
80.9	0.000455627
81	0.00049304
81.1	0.000530964
81.2	0.000564019
81.3	0.000595238
81.4	0.000630179
81.5	0.000665982
81.6	0.000704207
81.7	0.000744365
81.8	0.000779819
81.9	0.000814621
82	0.000850936
82.1	0.00088819
82.2	0.000930161
82.3	0.000974738
82.4	0.00102122
82.5	0.00106416
82.6	0.00110744
82.7	0.00115064
82.8	0.0011927
82.9	0.00123743
83	0.0012792
83.1	0.00131785
83.2	0.00135082
83.3	0.0013805
83.4	0.00141131
83.5	0.00143914
83.6	0.00146322
83.7	0.00148221
83.8	0.00149584
83.9	0.00150868
84	0.00152256
84.1	0.00153606
84.2	0.00154772
84.3	0.00156091
84.4	0.00157635
84.5	0.00158662
84.6	0.00158656
84.7	0.00158306
84.8	0.00157664
84.9	0.00157189
85	0.00156533
85.1	0.00155684
85.2	0.00155163
85.3	0.00155064
85.4	0.00155094
85.5	0.00154794
85.6	0.00153938
85.7	0.00152686
85.8	0.00150923
85.9	0.00148652
86	0.00146577
86.1	0.00144773
86.2	0.00143064
86.3	0.00141389
86.4	0.00139953
86.5	0.00138046
86.6	0.00136624
86.7	0.00136041
86.8	0.00135736
86.9	0.00135801
87	0.00135778
87.1	0.00135633
87.2	0.00135228
87.3	0.00134
87.4	0.00131874
87.5	0.00129546
87.6	0.001272
87.7	0.00124441
87.8	0.00121455
87.9	0.00118688
88	0.00116275
88.1	0.0011411
88.2	0.00112196
88.3	0.00110174
88.4	0.00108327
88.5	0.00106829
88.6	0.00105125
88.7	0.0010333
88.8	0.00101073
88.9	0.00098613
89	0.000958251
89.1	0.000931911
89.2	0.000909764
89.3	0.000888445
89.4	0.00086836
89.5	0.000847952
89.6	0.000823593
89.7	0.000796746
89.8	0.000771714
89.9	0.00074899
90	0.000722766
90.1	0.000693495
90.2	0.000662884
90.3	0.000633521
90.4	0.000598524
90.5	0.000560492
90.6	0.000524279
90.7	0.000491635
90.8	0.000459765
90.9	0.000426941
91	0.000396116
91.1	0.000359113
91.2	0.000316003
91.3	0.00027064
91.4	0.000224396
91.5	0.000173638
91.6	0.000121984
91.7	7.13349e-05
91.8	2.48221e-05
91.9	-1.87996e-05
92	-6.22619e-05
92.1	-0.00010682
92.2	-0.000146398
92.3	-0.000180486
92.4	-0.000212122
92.5	-0.00024369
92.6	-0.000274898
92.7	-0.00030157
92.8	-0.000324808
92.9	-0.000347707
93	-0.000365647
93.1	-0.000382396
93.2	-0.000393989
93.3	-0.000396436
93.4	-0.000399136
93.5	-0.000400031
93.6	-0.000403738
93.7	-0.000405834
93.8	-0.000402484
93.9	-0.000395457
94	-0.000390571
94.1	-0.000383911
94.2	-0.000373001
94.3	-0.000365294
94.4	-0.000360647
94.5	-0.000357835
94.6	-0.00035509
94.7	-0.000352639
94.8	-0.000346751
94.9	-0.000341468
95	-0.000335079
95.1	-0.000327558
95.2	-0.000318326
95.3	-0.000307598
95.4	-0.000295382
95.5	-0.00028587
95.6	-0.000280326
95.7	-0.000276508
95.8	-0.000273134
95.9	-0.000269649
96	-0.000265545
96.1	-0.00026212
96.2	-0.000255848
96.3	-0.000245433
96.4	-0.000231201
96.5	-0.000210811
96.6	-0.0001842
96.7	-0.000151765
96.8	-0.000115182
96.9	-7.3328e-05
97	-3.11758e-05
97.1	1.32318e-05
97.2	5.81636e-05
97.3	9.83484e-05
97.4	0.000139816
97.5	0.000178711
97.6	0.000222073
97.7	0.000266566
97.8	0.000315689
97.9	0.000363212
98	0.000412566
98.1	0.00046338
98.2	0.000513046
98.3	0.000559795
98.4	0.000599451
98.5	0.00063047
98.6	0.000659077
98.7	0.000686855
98.8	0.000708825
98.9	0.00072355
99	0.0007328
99.1	0.000741925
99.2	0.000754633
99.3	0.000768363
99.4	0.000779136
99.5	0.00078687
99.6	0.000795547
99.7	0.000799083
99.8	0.000805088
99.9	0.000808367
100	0.000812542
100.1	0.000823598
100.2	0.000838923
100.3	0.000854106
100.4	0.00087006
100.5	0.000889395
100.6	0.000914323
100.7	0.000940479
100.8	0.000969458
100.9	0.000996579
101	0.00102726
101.1	0.00105933
101.2	0.00109662
101.3	0.00113489
101.4	0.00117467
101.5	0.00121526
101.6	0.00125543
101.7	0.00129452
101.8	0.00132905
101.9	0.00135894
102	0.00138263
102.1	0.00140392
102.2	0.0014229
102.3	0.00144801
102.4	0.00147579
102.5	0.00151002
102.6	0.00154304
102.7	0.00156654
102.8	0.00158507
102.9	0.00160506
103	0.00162204
103.1	0.00163498
103.2	0.00164771
103.3	0.00166485
103.4	0.00168164
103.5	0.00169719
103.6	0.00171497
103.7	0.00173683
103.8	0.00176363
103.9	0.00179115
104	0.0018222
104.1	0.00185767
104.2	0.00189704
104.3	0.00194133
104.4	0.00199006
104.5	0.00204137
104.6	0.00208929
104.7	0.00213202
104.8	0.00217318
104.9	0.00221315
105	0.00225103
105.1	0.00228991
105.2	0.00232975
105.3	0.00236986
105.4	0.00241007
105.5	0.00244786
105.6	0.00248602
105.7	0.00252387
105.8	0.00255656
105.9	0.00259023
106	0.00262962
106.1	0.0026732
106.2	0.0027114
106.3	0.00274641
106.4	0.00278217
106.5	0.00281884
106.6	0.00285025
106.7	0.00287517
106.8	0.00289633
106.9	0.00291288
107	0.00292983
107.1	0.00295358
107.2	0.00298321
107.3	0.00301975
107.4	0.00305991
107.5	0.00309732
107.6	0.00313214
107.7	0.00316931
107.8	0.0032093
107.9	0.00325067
108	0.00329779
108.1	0.00334194
108.2	0.00337919
108.3	0.00341593
108.4	0.00345161
108.5	0.00348625
108.6	0.00352035
108.7	0.00355365
108.8	0.00359271
108.9	0.00363329
109	0.00367384
109.1	0.00371543
109.2	0.0037548
109.3	0.003792
109.4	0.00382672
109.5	0.00385756
109.6	0.00388479
109.7	0.00390984
109.8	0.00393816
109.9	0.00396296
110	0.00398237
110.1	0.0039993
110.2	0.00400977
110.3	0.00401313
110.4	0.00401601
110.5	0.00401965
110.6	0.00402349
110.7	0.00402927
110.8	0.00403396
110.9	0.00404104
111	0.00404723
111.1	0.0040509
111.2	0.00405458
111.3	0.00405842
111.4	0.00406954
111.5	0.00408667
111.6	0.00410376
111.7	0.00412169
111.8	0.0041393
111.9	0.00415909
112	0.00417698
112.1	0.0041911
112.2	0.00420422
112.3	0.00421537
112.4	0.00422435
112.5	0.00423203
112.6	0.00423679
112.7	0.00424047
112.8	0.00424067
112.9	0.00423996
113	0.00423683
113.1	0.00423419
113.2	0.00422958
113.3	0.00422411
113.4	0.00422128
113.5	0.00421809
113.6	0.00421423
113.7	0.00421235
113.8	0.00421013
113.9	0.0042066
114	0.00420213
114.1	0.00419447
114.2	0.00417987
114.3	0.00415784
114.4	0.00412992
114.5	0.00410286
114.6	0.00407402
114.7	0.0040396
114.8	0.00400207
114.9	0.00396243
115	0.00392059
115.1	0.0038745
115.2	0.00382487
115.3	0.00377397
115.4	0.00372093
115.5	0.00366751
115.6	0.00361561
115.7	0.00356723
115.8	0.00351883
115.9	0.00347008
116	0.00342367
116.1	0.00337638
116.2	0.00332858
116.3	0.00327966
116.4	0.0032357
116.5	0.00319678
116.6	0.00316486
116.7	0.00313598
116.8	0.0031073
116.9	0.00308264
117	0.00306106
117.1	0.00303664
117.2	0.00300901
117.3	0.00298622
117.4	0.00297063
117.5	0.00295747
117.6	0.00294767
117.7	0.00294106
117.8	0.00293574
117.9	0.00292682
118	0.00291723
118.1	0.00290743
118.2	0.00290035
118.3	0.0028984
118.4	0.00289657
118.5	0.0028954
118.6	0.00289567
118.7	0.00289667
118.8	0.00289206
118.9	0.0028852
119	0.0028734
119.1	0.00286235
119.2	0.00285552
119.3	0.00284669
119.4	0.002841
119.5	0.00284241
119.6	0.00284268
119.7	0.00284332
119.8	0.002844
119.9	0.00284494
120	0.00284751
120.1	0.00285153
120.2	0.00285692
120.3	0.0028618
120.4	0.00286536
120.5	0.00287289
120.6	0.00288417
120.7	0.00289834
120.8	0.00290788
120.9	0.0029085
121	0.00290873
121.1	0.00290849
121.2	0.00290353
121.3	0.00289618
121.4	0.00288621
121.5	0.00287586
121.6	0.00286076
121.7	0.00284551
121.8	0.00283271
121.9	0.00281706
122	0.00279839
122.1	0.00277716
122.2	0.00275102
122.3	0.00272268
122.4	0.00269675
122.5	0.00267266
122.6	0.00265487
122.7	0.00264131
122.8	0.00262758
122.9	0.00261484
123	0.00260546
123.1	0.00260038
123.2	0.00259999
123.3	0.00260445
123.4	0.00260707
123.5	0.00261164
123.6	0.00262214
123.7	0.00263516
123.8	0.00265181
123.9	0.00266887
124	0.00268255
124.1	0.00269152
124.2	0.00270021
124.3	0.00270955
124.4	0.00271978
124.5	0.00272634
124.6	0.00273136
124.7	0.00273313
124.8	0.00273156
124.9	0.00272759
125	0.0027281
125.1	0.00273011
125.2	0.0027293
125.3	0.00272701
125.4	0.0027273
125.5	0.00272953
125.6	0.00272659
125.7	0.00271798
125.8	0.00271026
125.9	0.00270569
126	0.00270315
126.1	0.00270067
126.2	0.00269826
126.3	0.00269683
126.4	0.00269479
126.5	0.00269903
126.6	0.00270696
126.7	0.00271445
126.8	0.00272121
126.9	0.00272515
127	0.00273024
127.1	0.00273596
127.2	0.00274222
127.3	0.00274721
127.4	0.00274782
127.5	0.00274694
127.6	0.00274575
127.7	0.00274362
127.8	0.00274202
127.9	0.00273948
128	0.00273924
128.1	0.00273974
128.2	0.002738
128.3	0.00273428
128.4	0.00272907
128.5	0.00272374
128.6	0.00271297
128.7	0.00270019
128.8	0.00268874
128.9	0.00268091
129	0.00267371
129.1	0.00266594
129.2	0.00265722
129.3	0.0026482
129.4	0.00264878
129.5	0.00265666
129.6	0.00267021
129.7	0.00268561
129.8	0.0027036
129.9	0.00271817
130	0.00272946
130.1	0.00273558
130.2	0.00273833
130.3	0.00274001
130.4	0.00274164
130.5	0.00273719
130.6	0.00272634
130.7	0.00271209
130.8	0.00269552
130.9	0.00267441
131	0.00265184
131.1	0.00262375
131.2	0.00259672
131.3	0.00256844
131.4	0.00254159
131.5	0.00251608
131.6	0.00249622
131.7	0.00247934
131.8	0.00246366
131.9	0.00244939
132	0.00243653
132.1	0.00242536
132.2	0.00241069
132.3	0.00239372
132.4	0.00237585
132.5	0.00236013
132.6	0.00234401
132.7	0.00233205
132.8	0.00232052
132.9	0.00231
133	0.00229849
133.1	0.00228768
133.2	0.00227513
133.3	0.00226607
133.4	0.00225697
133.5	0.00224508
133.6	0.00223075
133.7	0.00221815
133.8	0.00221121
133.9	0.00220731
134	0.00220698
134.1	0.0022012
134.2	0.00219029
134.3	0.00217306
134.4	0.00214908
134.5	0.00212128
134.6	0.00209335
134.7	0.00206347
134.8	0.00203045
134.9	0.00200156
135	0.00197109
135.1	0.00193608
135.2	0.00190246
135.3	0.00186961
135.4	0.00183182
135.5	0.00179577
135.6	0.00176263
135.7	0.00173315
135.8	0.00170407
135.9	0.00167028
136	0.00163296
136.1	0.00158951
136.2	0.00154196
136.3	0.00149186
136.4	0.001439
136.5	0.00138856
136.6	0.00134363
136.7	0.00130336
136.8	0.00126192
136.9	0.00121969
137	0.00117878
137.1	0.00113612
137.2	0.00109152
137.3	0.00104465
137.4	0.000996622
137.5	0.000946858
137.6	0.000895236
137.7	0.000841112
137.8	0.000786456
137.9	0.000731485
138	0.000680207
138.1	0.000629757
138.2	0.000579152
138.3	0.000529247
138.4	0.000486748
138.5	0.000454408
138.6	0.000425684
138.7	0.000396493
138.8	0.00037251
138.9	0.000354503
139	0.000336026
139.1	0.000311244
139.2	0.000284228
139.3	0.000256993
139.4	0.000230051
139.5	0.000201601
139.6	0.000176105
139.7	0.000151597
139.8	0.000126666
139.9	0.00010274
140	8.29095e-05
140.1	6.51748e-05
140.2	4.90914e-05
140.3	3.51832e-05
140.4	2.5297e-05
140.5	1.8837e-05
140.6	1.54255e-05
140.7	1.12298e-05
140.8	5.56857e-06
140.9	2.12785e-06
141	5.12628e-06
141.1	1.05063e-05
141.2	2.12443e-05
141.3	3.58365e-05
141.4	5.22095e-05
141.5	7.35988e-05
141.6	9.81617e-05
141.7	0.000129737
141.8	0.000163728
141.9	0.00019389
142	0.000220783
142.1	0.000248338
142.2	0.000276877
142.3	0.000303226
142.4	0.000327201
142.5	0.00034781
142.6	0.000368703
142.7	0.000390255
142.8	0.000416277
142.9	0.00044358
143	0.000473463
143.1	0.000505835
143.2	0.000540874
143.3	0.000577065
143.4	0.00061528
143.5	0.000652459
143.6	0.000685941
143.7	0.000717819
143.8	0.000745989
143.9	0.000767515
144	0.000782338
144.1	0.000793972
144.2	0.000803399
144.3	0.000812137
144.4	0.000819925
144.5	0.000832202
144.6	0.000844986
144.7	0.000855583
144.8	0.00086516
144.9	0.000876527
145	0.000886022
145.1	0.000889847
145.2	0.000888623
145.3	0.0008844
145.4	0.000881002
145.5	0.00087692
145.6	0.000864313
145.7	0.000845729
145.8	0.000827946
145.9	0.000810825
146	0.000797027
146.1	0.000784707
146.2	0.000770245
146.3	0.000747625
146.4	0.000725651
146.5	0.000701048
146.6	0.000678014
146.7	0.000655889
146.8	0.000634145
146.9	0.00061382
147	0.000589984
147.1	0.000567686
147.2	0.000546878
147.3	0.000526624
147.4	0.000505089
147.5	0.000482761
147.6	0.000460257
147.7	0.000432826
147.8	0.000399372
147.9	0.000367378
148	0.000339076
148.1	0.000316372
148.2	0.000300311
148.3	0.000287685
148.4	0.000277848
148.5	0.000270683
148.6	0.000263618
148.7	0.000255916
148.8	0.000246269
148.9	0.000239361
149	0.000232142
149.1	0.000220847
149.2	0.000208121
149.3	0.000199215
149.4	0.000192611
149.5	0.00018827
149.6	0.000188296
149.7	0.000189382
149.8	0.000186633
149.9	0.000181838
150	0.000175146
150.1	0.000167021
150.2	0.000157808
150.3	0.00013991
150.4	0.000120337
150.5	0.000104661
150.6	9.09165e-05
150.7	7.63891e-05
150.8	6.65648e-05
150.9	6.20432e-05
151	6.18763e-05
151.1	6.39597e-05
151.2	7.09277e-05
151.3	8.43345e-05
151.4	0.000101258
151.5	0.000125127
151.6	0.000149645
151.7	0.000175825
151.8	0.000197222
151.9	0.000215527
152	0.000226825
152.1	0.00023409
152.2	0.000242506
152.3	0.000247047
152.4	0.000247618
152.5	0.000248415
152.6	0.000249092
152.7	0.000249504
152.8	0.000249244
152.9	0.0002493
153	0.000251741
153.1	0.000258462
153.2	0.000268773
153.3	0.000281569
153.4	0.000293724
153.5	0.000303728
153.6	0.000313784
153.7	0.00032699
153.8	0.000340057
153.9	0.000353315
154	0.000367551
154.1	0.000378238
154.2	0.000385011
154.3	0.000387932
154.4	0.000391297
154.5	0.000399481
154.6	0.000405231
154.7	0.000410912
154.8	0.000413919
154.9	0.000418232
155	0.000422976
155.1	0.000427005
155.2	0.000433881
155.3	0.000436821
155.4	0.000440405
155.5	0.000444185
155.6	0.000446504
155.7	0.000447138
155.8	0.00044787
155.9	0.00044772
156	0.000442708
156.1	0.000437367
156.2	0.000431625
156.3	0.000425374
156.4	0.000416437
156.5	0.000406038
156.6	0.000394262
156.7	0.000379703
156.8	0.000363408
156.9	0.000351979
157	0.000342923
157.1	0.000336806
157.2	0.000325666
157.3	0.000305722
157.4	0.000284495
157.5	0.00026168
157.6	0.000240296
157.7	0.000218622
157.8	0.00020067
157.9	0.000184716
158	0.00016772
158.1	0.000149235
158.2	0.000122957
158.3	9.43043e-05
158.4	6.42e-05
158.5	3.77511e-05
158.6	1.38934e-05
158.7	-8.65325e-06
158.8	-3.27922e-05
158.9	-5.38196e-05
159	-6.71166e-05
159.1	-8.0092e-05
159.2	-9.11916e-05
159.3	-9.87546e-05
159.4	-0.000103242
159.5	-0.000106313
159.6	-0.000107039
159.7	-0.000107748
159.8	-0.000115774
159.9	-0.000128852
160	-0.00014475
160.1	-0.000166497
160.2	-0.00019807
160.3	-0.000233489
160.4	-0.00026895
160.5	-0.000302868
160.6	-0.000337156
160.7	-0.000375115
160.8	-0.000412613
160.9	-0.000449108
161	-0.000481919
161.1	-0.000515743
161.2	-0.000551588
161.3	-0.000586947
161.4	-0.000620831
161.5	-0.000647737
161.6	-0.000670621
161.7	-0.000689988
161.8	-0.000705949
161.9	-0.000715433
162	-0.000714131
162.1	-0.000704792
162.2	-0.000685695
162.3	-0.000662943
162.4	-0.000637922
162.5	-0.000617303
162.6	-0.0006016
162.7	-0.00058929
162.8	-0.000577713
162.9	-0.000568153
163	-0.000556966
163.1	-0.000543865
163.2	-0.000530194
163.3	-0.000517555
163.4	-0.000506685
163.5	-0.000496046
163.6	-0.000482085
163.7	-0.000471847
163.8	-0.000464759
163.9	-0.000462481
164	-0.000466088
164.1	-0.000478815
164.2	-0.000496419
164.3	-0.000513722
164.4	-0.000533478
164.5	-0.000552133
164.6	-0.000571934
164.7	-0.00059455
164.8	-0.00061876
164.9	-0.000644676
165	-0.000670551
165.1	-0.000697584
165.2	-0.000727747
165.3	-0.000758333
165.4	-0.000791713
165.5	-0.000824303
165.6	-0.000858529
165.7	-0.000889971
165.8	-0.000916773
165.9	-0.000936054
166	-0.000948695
166.1	-0.000958395
166.2	-0.000961015
166.3	-0.000959186
166.4	-0.000958858
166.5	-0.000956207
166.6	-0.000949257
166.7	-0.00094203
166.8	-0.00092874
166.9	-0.000909457
167	-0.000889582
167.1	-0.00086965
167.2	-0.000843418
167.3	-0.000811217
167.4	-0.000771854
167.5	-0.000730149
167.6	-0.000687894
167.7	-0.000653411
167.8	-0.000623496
167.9	-0.000594348
168	-0.000562598
168.1	-0.000535405
168.2	-0.000508672
168.3	-0.000480612
168.4	-0.000449389
168.5	-0.000418639
168.6	-0.000391457
168.7	-0.000363007
168.8	-0.000334797
168.9	-0.000303905
169	-0.000270379
169.1	-0.000232665
169.2	-0.00019534
169.3	-0.00015935
169.4	-0.000123866
169.5	-9.09189e-05
169.6	-6.09737e-05
169.7	-3.72416e-05
169.8	-1.45472e-05
169.9	9.10672e-06
170	3.06337e-05
170.1	4.90794e-05
170.2	6.60686e-05
170.3	8.12797e-05
170.4	9.72173e-05
170.5	0.000114704
170.6	0.000138967
170.7	0.000167827
170.8	0.000204829
170.9	0.000247669
171	0.000294598
171.1	0.000343558
171.2	0.000396323
171.3	0.000451686
171.4	0.000507663
171.5	0.00056437
171.6	0.000618303
171.7	0.000668754
171.8	0.000711188
171.9	0.000752423
172	0.000791125
172.1	0.000824326
172.2	0.000859685
172.3	0.000898891
172.4	0.000943522
172.5	0.000991608
172.6	0.00104138
172.7	0.00109102
172.8	0.00114024
172.9	0.00119002
173	0.00124781
173.1	0.00130465
173.2	0.00135792
173.3	0.00140769
173.4	0.00145506
173.5	0.00150035
173.6	0.00154545
173.7	0.00158955
173.8	0.00163684
173.9	0.00168556
174	0.00173349
174.1	0.00178399
174.2	0.00183492
174.3	0.00188561
174.4	0.00193717
174.5	0.00198955
174.6	0.0020398
174.7	0.00208445
174.8	0.00212928
174.9	0.00217266
175	0.00221689
175.1	0.00225844
175.2	0.00229514
175.3	0.00233264
175.4	0.00236972
175.5	0.00240668
175.6	0.00244262
175.7	0.00247468
175.8	0.00250264
175.9	0.00253074
176	0.00255542
176.1	0.00258011
176.2	0.00260207
176.3	0.00262403
176.4	0.00264378
176.5	0.00265994
176.6	0.00267172
176.7	0.00267881
176.8	0.00268518
176.9	0.00268938
177	0.00269219
177.1	0.00268493
177.2	0.00267486
177.3	0.00266513
177.4	0.00265615
177.5	0.00264892
177.6	0.00264499
177.7	0.00264252
177.8	0.00263752
177.9	0.00262775
178	0.00261567
178.1	0.00261241
178.2	0.00260882
178.3	0.00260577
178.4	0.00260137
178.5	0.00259358
178.6	0.00258973
178.7	0.00258972
178.8	0.00258941
178.9	0.00259561
179	0.00259988
179.1	0.00259927
179.2	0.00259955
179.3	0.00260057
179.4	0.00260318
179.5	0.00261094
179.6	0.00261026
179.7	0.00260349
179.8	0.00259369
179.9	0.00257885
180	0.00255519
180.1	0.00252682
180.2	0.00249511
180.3	0.00246069
180.4	0.00242157
180.5	0.00237662
180.6	0.00232805
180.7	0.00228455
180.8	0.00224706
180.9	0.00220788
181	0.00216885
181.1	0.0021297
181.2	0.00209472
181.3	0.00206581
181.4	0.00203523
181.5	0.00200622
181.6	0.00197367
181.7	0.00194028
181.8	0.00190191
181.9	0.00186171
182	0.00182361
182.1	0.00178918
182.2	0.00175503
182.3	0.00172388
182.4	0.00169633
182.5	0.00166926
182.6	0.00164423
182.7	0.00162441
182.8	0.00160881
182.9	0.00159233
183	0.00157598
183.1	0.00156193
183.2	0.00155121
183.3	0.00153377
183.4	0.00151081
183.5	0.00148426
183.6	0.00145549
183.7	0.00142997
183.8	0.00141034
183.9	0.00139485
184	0.00138003
184.1	0.00136698
184.2	0.00135155
184.3	0.00133242
184.4	0.00131251
184.5	0.00129227
184.6	0.00127403
184.7	0.00125858
184.8	0.00124508
184.9	0.00122994
185	0.00121812
185.1	0.00120624
185.2	0.00119106
185.3	0.00117478
185.4	0.00116174
185.5	0.0011485
185.6	0.00113331
185.7	0.00111934
185.8	0.00110574
185.9	0.00108998
186	0.00107102
186.1	0.00105434
186.2	0.00104245
186.3	0.00103573
186.4	0.00102313
186.5	0.00101145
186.6	0.000995854
186.7	0.000979725
186.8	0.000956636
186.9	0.000929535
187	0.000900084
187.1	0.000875151
187.2	0.000849858
187.3	0.000828691
187.4	0.000815699
187.5	0.000807115
187.6	0.00080413
187.7	0.000806184
187.8	0.000814596
187.9	0.000825788
188	0.000845267
188.1	0.000869145
188.2	0.000897619
188.3	0.000927463
188.4	0.000958567
188.5	0.000997912
188.6	0.00103772
188.7	0.0010737
188.8	0.00110804
188.9	0.00114308
189	0.00117381
189.1	0.00120674
189.2	0.00124103
189.3	0.00127898
189.4	0.0013158
189.5	0.00135515
189.6	0.00139386
189.7	0.00143328
189.8	0.00147134
189.9	0.00151005
190	0.00154992
190.1	0.00158464
190.2	0.00161226
190.3	0.00163592
190.4	0.00165219
190.5	0.0016566
190.6	0.00165508
190.7	0.00165313
190.8	0.00165042
190.9	0.00164031
191	0.00162402
191.1	0.00160917
191.2	0.00158882
191.3	0.00156667
191.4	0.00154469
191.5	0.00152655
191.6	0.00151127
191.7	0.00150231
191.8	0.00149313
191.9	0.00148277
192	0.0014759
192.1	0.00146924
192.2	0.00146561
192.3	0.00146558
192.4	0.00145928
192.5	0.00145135
192.6	0.00143968
192.7	0.00142607
192.8	0.00141422
192.9	0.00140426
193	0.0013962
193.1	0.00138735
193.2	0.00138017
193.3	0.00137179
193.4	0.00135711
193.5	0.00134169
193.6	0.00132888
193.7	0.00131952
193.8	0.00131064
193.9	0.00129592
194	0.00127945
194.1	0.00125906
194.2	0.00123774
194.3	0.00121716
194.4	0.00119425
194.5	0.00116694
194.6	0.00113803
194.7	0.00110784
194.8	0.00107624
194.9	0.00104367
195	0.00101068
195.1	0.000977617
195.2	0.000946761
195.3	0.000912004
195.4	0.000871329
195.5	0.000830822
195.6	0.000798036
195.7	0.000770704
195.8	0.000747257
195.9	0.000728106
196	0.000709282
196.1	0.00069438
196.2	0.000677752
196.3	0.00065962
196.4	0.000645096
196.5	0.000638107
196.6	0.000634653
196.7	0.000635996
196.8	0.000640794
196.9	0.000644125
197	0.000643771
197.1	0.000643204
197.2	0.000642166
197.3	0.000644064
197.4	0.000645789
197.5	0.00065114
197.6	0.000658657
197.7	0.000670062
197.8	0.00068279
197.9	0.000696046
198	0.000705152
198.1	0.000709794
198.2	0.00071577
198.3	0.000719722
198.4	0.000723636
198.5	0.000728135
198.6	0.00072999
198.7	0.000730168
198.8	0.000729927
198.9	0.000724413
199	0.000719682
199.1	0.000710698
199.2	0.000701571
199.3	0.000691782
199.4	0.000686303
199.5	0.000680357
199.6	0.000673808
199.7	0.000659328
199.8	0.000646407
199.9	0.000633171
200	0.000619301
200.1	0.000605719
200.2	0.000592771
200.3	0.000584804
200.4	0.00057292
200.5	0.000560701
200.6	0.000541338
200.7	0.000516407
200.8	0.000487898
200.9	0.000458576
201	0.000432411
201.1	0.000404607
201.2	0.000374986
201.3	0.000343773
201.4	0.000311878
201.5	0.000280276
201.6	0.000251364
201.7	0.000223922
201.8	0.000196812
201.9	0.000163486
202	0.000133107
202.1	0.000105871
202.2	7.72134e-05
202.3	4.70402e-05
202.4	1.78777e-05
202.5	-1.38771e-05
202.6	-4.50909e-05
202.7	-7.74298e-05
202.8	-0.000110857
202.9	-0.000147175
203	-0.000189719
203.1	-0.000236027
203.2	-0.000279641
203.3	-0.000320255
203.4	-0.000355716
203.5	-0.000388042
203.6	-0.000420516
203.7	-0.000453657
203.8	-0.000482054
203.9	-0.000507702
204	-0.000528735
204.1	-0.000544246
204.2	-0.000558765
204.3	-0.000569489
204.4	-0.000573909
204.5	-0.000572346
204.6	-0.000570414
204.7	-0.000563565
204.8	-0.000551838
204.9	-0.000536606
205	-0.000524152
205.1	-0.000514455
205.2	-0.000506403
205.3	-0.000497207
205.4	-0.000487727
205.5	-0.0004763
205.6	-0.000464667
205.7	-0.000449973
205.8	-0.000433453
205.9	-0.00041613
206	-0.000398528
206.1	-0.000378725
206.2	-0.000359558
206.3	-0.000342985
206.4	-0.000325081
206.5	-0.000304413
206.6	-0.000284446
206.7	-0.000257765
206.8	-0.000228155
206.9	-0.000195097
207	-0.000159888
207.1	-0.000125286
207.2	-9.30485e-05
207.3	-5.88192e-05
207.4	-1.89885e-05
207.5	2.11085e-05
207.6	5.90738e-05
207.7	9.57195e-05
207.8	0.00013529
207.9	0.000177771
208	0.000220746
208.1	0.000264872
208.2	0.000309405
208.3	0.000353833
208.4	0.000403165
208.5	0.000455869
208.6	0.000507664
208.7	0.000556877
208.8	0.000610646
208.9	0.0006592
209	0.000702099
209.1	0.000746311
209.2	0.000794316
209.3	0.000841081
209.4	0.000884231
209.5	0.000928039
209.6	0.00097026
209.7	0.00101411
209.8	0.00105931
209.9	0.00110222
210	0.00114437
210.1	0.00118515
210.2	0.00122438
210.3	0.00126344
210.4	0.00130063
210.5	0.00133794
210.6	0.00136747
210.7	0.00139264
210.8	0.00142187
210.9	0.00145572
211	0.00148991
211.1	0.00152555
211.2	0.00156257
211.3	0.00159715
211.4	0.00162682
211.5	0.00164848
211.6	0.00166638
211.7	0.00168046
211.8	0.00169027
211.9	0.00169447
212	0.00169585
212.1	0.00169515
212.2	0.00170034
212.3	0.00170579
212.4	0.00171854
212.5	0.001732
212.6	0.00174391
212.7	0.00175713
212.8	0.00177066
212.9	0.00178831
213	0.00180914
213.1	0.00182678
213.2	0.00184353
213.3	0.00186541
213.4	0.00188796
213.5	0.00190988
213.6	0.00193632
213.7	0.00196403
213.8	0.00199161
213.9	0.00201581
214	0.00203295
214.1	0.00204022
214.2	0.00203907
214.3	0.00203455
214.4	0.00202996
214.5	0.0020299
214.6	0.0020354
214.7	0.00204486
214.8	0.00205573
214.9	0.00206921
215	0.00208708
215.1	0.0021081
215.2	0.00213219
215.3	0.00216011
215.4	0.00218519
215.5	0.00220276
215.6	0.00221557
215.7	0.00222284
215.8	0.0022263
215.9	0.00222402
216	0.00222054
216.1	0.00222248
216.2	0.00222442
216.3	0.00222447
216.4	0.00222612
216.5	0.00222588
216.6	0.00222433
216.7	0.00222663
216.8	0.00223309
216.9	0.00223957
217	0.00225266
217.1	0.00226985
217.2	0.00228783
217.3	0.00230822
217.4	0.00232615
217.5	0.00234122
217.6	0.00235839
217.7	0.00237439
217.8	0.00238803
217.9	0.00240417
218	0.00242479
218.1	0.00244668
218.2	0.00247063
218.3	0.00249328
218.4	0.00251368
218.5	0.00252967
218.6	0.00254181
218.7	0.00255569
218.8	0.00257201
218.9	0.00258548
219	0.00259745
219.1	0.00260805
219.2	0.00261979
219.3	0.00262947
219.4	0.0026375
219.5	0.00264394
219.6	0.00265019
219.7	0.00265632
219.8	0.00266103
219.9	0.0026629
220	0.00266772
220.1	0.00267454
220.2	0.00268102
220.3	0.00269511
220.4	0.00271367
220.5	0.00272727
220.6	0.00273943
220.7	0.0027473
220.8	0.00275554
220.9	0.00276428
221	0.00277292
221.1	0.00278168
221.2	0.00279006
221.3	0.00280303
221.4	0.00281585
221.5	0.00282672
221.6	0.00283778
221.7	0.00285222
221.8	0.00286486
221.9	0.00287212
222	0.00286855
222.1	0.00286123
222.2	0.00284962
222.3	0.00283864
222.4	0.00282399
222.5	0.00280582
222.6	0.00279104
222.7	0.0027807
222.8	0.002772
222.9	0.00275965
223	0.00274046
223.1	0.0027129
223.2	0.00268046
223.3	0.00264629
223.4	0.0026125
223.5	0.00257603
223.6	0.0025322
223.7	0.0024883
223.8	0.00244659
223.9	0.00241108
224	0.00237945
224.1	0.00235225
224.2	0.00232978
224.3	0.00230765
224.4	0.00228719
224.5	0.0022704
224.6	0.00225779
224.7	0.00224489
224.8	0.00222668
224.9	0.00220337
225	0.0021783
225.1	0.00215585
225.2	0.00213563
225.3	0.00211396
225.4	0.00208637
225.5	0.00205803
225.6	0.00203598
225.7	0.00201395
225.8	0.0019899
225.9	0.0019684
226	0.00194764
226.1	0.00192678
226.2	0.00190893
226.3	0.00189112
226.4	0.00187436
226.5	0.00186827
226.6	0.00187043
226.7	0.00187554
226.8	0.00187864
226.9	0.00187514
227	0.00187041
227.1	0.00186766
227.2	0.00186511
227.3	0.00185851
227.4	0.0018517
227.5	0.00184652
227.6	0.00184255
227.7	0.00184121
227.8	0.00184077
227.9	0.00183877
228	0.00183279
228.1	0.00182124
228.2	0.00181203
228.3	0.00180211
228.4	0.00179306
228.5	0.00177902
228.6	0.0017654
228.7	0.00175622
228.8	0.00174773
228.9	0.00174152
229	0.00174047
229.1	0.00173378
229.2	0.00172001
229.3	0.00170514
229.4	0.00168778
229.5	0.00166883
229.6	0.00165143
229.7	0.00163173
229.8	0.00160763
229.9	0.00158014
230	0.00154485
230.1	0.00150462
230.2	0.0014619
230.3	0.00142071
230.4	0.00137824
230.5	0.00133607
230.6	0.00129011
230.7	0.00124311
230.8	0.0011949
230.9	0.00114902
231	0.00110151
231.1	0.00105778
231.2	0.0010127
231.3	0.000971554
231.4	0.000932487
231.5	0.000896979
231.6	0.000863245
231.7	0.000836497
231.8	0.000811259
231.9	0.000781905
232	0.000754257
232.1	0.000726288
232.2	0.000692465
232.3	0.000663554
232.4	0.000638612
232.5	0.000619691
232.6	0.00060102
232.7	0.000583395
232.8	0.000564755
232.9	0.00053989
233	0.00051532
233.1	0.000491152
233.2	0.000465279
233.3	0.000441163
233.4	0.00042239
233.5	0.000407847
233.6	0.000393102
233.7	0.000379702
233.8	0.000367396
233.9	0.000355905
234	0.000344334
234.1	0.000337357
234.2	0.000329686
234.3	0.000319102
234.4	0.000309
234.5	0.000302292
234.6	0.000305941
234.7	0.000318072
234.8	0.000330556
234.9	0.000343194
235	0.000353318
235.1	0.000360754
235.2	0.000367198
235.3	0.00037504
235.4	0.000382081
235.5	0.000387148
235.6	0.000389613
235.7	0.000393032
235.8	0.000399287
235.9	0.0004053
236	0.000409698
236.1	0.000410875
236.2	0.000406966
236.3	0.000398661
236.4	0.000387549
236.5	0.000370582
236.6	0.000350584
236.7	0.000326424
236.8	0.00030035
236.9	0.000276754
237	0.000256719
237.1	0.000245024
237.2	0.00024158
237.3	0.000243343
237.4	0.000244947
237.5	0.000245352
237.6	0.000246942
237.7	0.000248712
237.8	0.000248131
237.9	0.000250311
238	0.000252339
238.1	0.000255675
238.2	0.000259809
238.3	0.000264532
238.4	0.000273589
238.5	0.000288636
238.6	0.000309127
238.7	0.000335872
238.8	0.000364066
238.9	0.000390321
239	0.000411887
239.1	0.000431117
239.2	0.000450349
239.3	0.000473296
239.4	0.000499977
239.5	0.000528124
239.6	0.000559991
239.7	0.000592201
239.8	0.000627081
239.9	0.000664778
240	0.000700391
240.1	0.000734968
240.2	0.000763666
240.3	0.000789888
240.4	0.00081066
240.5	0.000831389
240.6	0.000856483
240.7	0.000886569
240.8	0.000922898
240.9	0.000956248
241	0.000988207
241.1	0.00102063
241.2	0.00105428
241.3	0.00109014
241.4	0.00112663
241.5	0.00116349
241.6	0.00120567
241.7	0.00124517
241.8	0.00128915
241.9	0.00133116
242	0.00137277
242.1	0.00141426
242.2	0.00145015
242.3	0.00148657
242.4	0.00152691
242.5	0.00156819
242.6	0.00160963
242.7	0.00165417
242.8	0.00170086
242.9	0.00174506
243	0.00178797
243.1	0.00182795
243.2	0.00186765
243.3	0.00190451
243.4	0.00193742
243.5	0.00197022
243.6	0.00200673
243.7	0.0020438
243.8	0.00208164
243.9	0.00212131
244	0.00215995
244.1	0.00220148
244.2	0.00224279
244.3	0.00227977
244.4	0.00231566
244.5	0.00235086
244.6	0.0023811
244.7	0.00241036
244.8	0.00244324
244.9	0.00247102
245	0.00249561
245.1	0.0025215
245.2	0.00254766
245.3	0.00257243
245.4	0.00259916
245.5	0.00262594
245.6	0.00265812
245.7	0.00269477
245.8	0.00273424
245.9	0.0027748
246	0.00281726
246.1	0.00285917
246.2	0.00289769
246.3	0.00293888
246.4	0.00298364
246.5	0.00303088
246.6	0.00308315
246.7	0.00314028
246.8	0.00319635
246.9	0.00325355
247	0.00330713
247.1	0.00335586
247.2	0.00340355
247.3	0.00345257
247.4	0.00349935
247.5	0.00353926
247.6	0.00358219
247.7	0.00362481
247.8	0.0036638
247.9	0.00370357
248	0.0037408
248.1	0.00377284
248.2	0.00380031
248.3	0.00382355
248.4	0.00383853
248.5	0.00384895
248.6	0.00386026
248.7	0.00387011
248.8	0.00388077
248.9	0.00389522
249	0.00390715
249.1	0.00391808
249.2	0.00392198
249.3	0.00392544
249.4	0.0039248
249.5	0.00391926
249.6	0.00391141
249.7	0.00390087
249.8	0.00388575
249.9	0.00386772
250	0.00384799
250.1	0.00383
250.2	0.0038135
250.3	0.00379766
250.4	0.00378248
250.5	0.00377139
250.6	0.00375823
250.7	0.00374236
250.8	0.00372065
250.9	0.00369572
251	0.00366945
251.1	0.00364193
251.2	0.003616
251.3	0.00358627
251.4	0.00355418
251.5	0.00351724
251.6	0.00347832
251.7	0.00343345
251.8	0.00338476
251.9	0.00332834
252	0.00326462
252.1	0.00319949
252.2	0.00314209
252.3	0.00309025
252.4	0.00303941
252.5	0.00298789
252.6	0.0029382
252.7	0.00289266
252.8	0.00284222
252.9	0.00278766
253	0.00273259
253.1	0.00267571
253.2	0.00261782
253.3	0.00256095
253.4	0.00250913
253.5	0.00246185
253.6	0.00241851
253.7	0.00237816
253.8	0.00234154
253.9	0.0023075
254	0.00227931
254.1	0.00225878
254.2	0.00223826
254.3	0.00221982
254.4	0.00219917
254.5	0.00217704
254.6	0.00215182
254.7	0.00212408
254.8	0.00209311
254.9	0.00206059
255	0.00203047
255.1	0.0020042
255.2	0.00197754
255.3	0.00194911
255.4	0.00192157
255.5	0.00188824
255.6	0.00185325
255.7	0.00182192
255.8	0.00179278
255.9	0.00176864
256	0.00174915
256.1	0.00172792
256.2	0.00170933
256.3	0.00169321
256.4	0.00167455
256.5	0.00165433
256.6	0.00163158
256.7	0.00160494
256.8	0.00157551
256.9	0.001545
257	0.00151598
257.1	0.00148935
257.2	0.00146203
257.3	0.00143719
257.4	0.00141009
257.5	0.0013837
257.6	0.00135872
257.7	0.0013365
257.8	0.00131231
257.9	0.00128284
258	0.00125203
258.1	0.0012213
258.2	0.0011897
258.3	0.00115053
258.4	0.00110597
258.5	0.00105998
258.6	0.00101409
258.7	0.000967167
258.8	0.000918055
258.9	0.000872391
259	0.000828797
259.1	0.000790452
259.2	0.000758862
259.3	0.000732218
259.4	0.000703232
259.5	0.00067449
259.6	0.000642052
259.7	0.00061099
259.8	0.000576678
259.9	0.000538453
260	0.000501782
260.1	0.000464058
260.2	0.000420679
260.3	0.000375683
260.4	0.000326351
260.5	0.000276216
260.6	0.000232236
260.7	0.000194655
260.8	0.0001613
260.9	0.000129028
261	9.33898e-05
261.1	5.98772e-05
261.2	3.17514e-05
261.3	6.39755e-06
261.4	-2.0513e-05
261.5	-4.79262e-05
261.6	-7.57716e-05
261.7	-0.00010523
261.8	-0.000135211
261.9	-0.000159809
262	-0.00017912
262.1	-0.00019429
262.2	-0.00020541
262.3	-0.000213003
262.4	-0.000219477
262.5	-0.000220809
262.6	-0.000217373
262.7	-0.000209263
262.8	-0.000199933
262.9	-0.000188834
263	-0.000176723
263.1	-0.000163672
263.2	-0.000145583
263.3	-0.000130077
263.4	-0.00011748
263.5	-0.000109769
263.6	-0.000104291
263.7	-9.88333e-05
263.8	-9.6986e-05
263.9	-9.67698e-05
264	-0.000100208
264.1	-0.000103884
264.2	-0.000100184
264.3	-9.05037e-05
264.4	-8.12128e-05
264.5	-7.03631e-05
264.6	-5.44202e-05
264.7	-3.467e-05
264.8	-9.24689e-06
264.9	2.11493e-05
265	5.38174e-05
265.1	8.51572e-05
265.2	0.000112272
265.3	0.000133891
265.4	0.000153837
265.5	0.000173689
265.6	0.000193173
265.7	0.000213239
265.8	0.000232488
265.9	0.000248683
266	0.000269806
266.1	0.000295171
266.2	0.000323818
266.3	0.00034925
266.4	0.000374016
266.5	0.000395697
266.6	0.000416773
266.7	0.000437027
266.8	0.000454305
266.9	0.000463704
267	0.00046306
267.1	0.00045501
267.2	0.000442425
267.3	0.000425865
267.4	0.000410136
267.5	0.000392556
267.6	0.000374192
267.7	0.000356906
267.8	0.000343089
267.9	0.000331223
268	0.000318661
268.1	0.000308202
268.2	0.00029665
268.3	0.000285345
268.4	0.000268847
268.5	0.000247752
268.6	0.000222538
268.7	0.000195902
268.8	0.000168995
268.9	0.000138455
269	0.000105681
269.1	6.83533e-05
269.2	3.20551e-05
269.3	-4.05993e-06
269.4	-3.95184e-05
269.5	-7.40697e-05
269.6	-0.000108571
269.7	-0.000140901
269.8	-0.000167739
269.9	-0.000193448
270	-0.000214003
270.1	-0.000232076
270.2	-0.000252719
270.3	-0.000275999
270.4	-0.00029493
270.5	-0.000305845
270.6	-0.000314093
270.7	-0.000326233
270.8	-0.000345355
270.9	-0.000366942
271	-0.000391567
271.1	-0.000416409
271.2	-0.000445876
271.3	-0.000479937
271.4	-0.000514587
271.5	-0.000547765
271.6	-0.000581049
271.7	-0.000609084
271.8	-0.000631691
271.9	-0.000647427
272	-0.000656695
272.1	-0.000662613
272.2	-0.000665999
272.3	-0.000671204
272.4	-0.000677072
272.5	-0.000687791
272.6	-0.000703914
272.7	-0.000723844
272.8	-0.000745761
272.9	-0.000769215
273	-0.000791215
273.1	-0.000812935
273.2	-0.000830812
273.3	-0.000848755
273.4	-0.00086702
273.5	-0.000885897
273.6	-0.000905871
273.7	-0.000926742
273.8	-0.000949431
273.9	-0.000974935
274	-0.00100037
274.1	-0.00102021
274.2	-0.00103742
274.3	-0.00104896
274.4	-0.00105693
274.5	-0.00107041
274.6	-0.00108527
274.7	-0.00109413
274.8	-0.00109722
274.9	-0.00109863
275	-0.00110082
275.1	-0.00110462
275.2	-0.00111286
275.3	-0.00112213
275.4	-0.00113064
275.5	-0.00113752
275.6	-0.00113931
275.7	-0.0011424
275.8	-0.00114808
275.9	-0.00115775
276	-0.00116887
276.1	-0.00117875
276.2	-0.0011869
276.3	-0.00118939
276.4	-0.00119005
276.5	-0.00119341
276.6	-0.00119843
276.7	-0.00120923
276.8	-0.00122476
276.9	-0.00124256
277	-0.00126416
277.1	-0.00128388
277.2	-0.00130225
277.3	-0.00131798
277.4	-0.00133754
277.5	-0.00135869
277.6	-0.00138069
277.7	-0.00140243
277.8	-0.00142349
277.9	-0.00144466
278	-0.00146614
278.1	-0.00148664
278.2	-0.00150677
278.3	-0.00152981
278.4	-0.00155553
278.5	-0.00157942
278.6	-0.00159886
278.7	-0.00162252
278.8	-0.00164698
278.9	-0.00166958
279	-0.00169289
279.1	-0.00171472
279.2	-0.00173754
279.3	-0.00175648
279.4	-0.00177376
279.5	-0.00178937
279.6	-0.00179832
279.7	-0.00180143
279.8	-0.00180981
279.9	-0.00181886
280	-0.00183
280.1	-0.00184392
280.2	-0.0018665
280.3	-0.00189496
280.4	-0.00192672
280.5	-0.00195958
280.6	-0.00198862
280.7	-0.00201749
280.8	-0.00204611
280.9	-0.00207302
281	-0.00209754
281.1	-0.0021191
281.2	-0.00213836
281.3	-0.0021578
281.4	-0.00217585
281.5	-0.00219311
281.6	-0.00220998
281.7	-0.00222988
281.8	-0.0022485
281.9	-0.00226858
282	-0.00229439
282.1	-0.00232403
282.2	-0.00235333
282.3	-0.00238088
282.4	-0.00240368
282.5	-0.00242214
282.6	-0.00243832
282.7	-0.00245672
282.8	-0.00247494
282.9	-0.00249071
283	-0.00250176
283.1	-0.00250926
283.2	-0.00251636
283.3	-0.00252793
283.4	-0.00253692
283.5	-0.00254309
283.6	-0.00254822
283.7	-0.00255249
283.8	-0.00255222
283.9	-0.00255026
284	-0.00254779
284.1	-0.00254665
284.2	-0.00254668
284.3	-0.00254803
284.4	-0.00254722
284.5	-0.00254769
284.6	-0.00254615
284.7	-0.00254115
284.8	-0.00253915
284.9	-0.00254292
285	-0.00255099
285.1	-0.00255547
285.2	-0.00255391
285.3	-0.00254493
285.4	-0.00253398
285.5	-0.00252216
285.6	-0.00251247
285.7	-0.00250845
285.8	-0.00250453
285.9	-0.00250262
286	-0.002497
286.1	-0.00249266
286.2	-0.00249024
286.3	-0.00248648
286.4	-0.00248313
286.5	-0.00247868
286.6	-0.00247409
286.7	-0.00246958
286.8	-0.00246402
286.9	-0.00245962
287	-0.00245744
287.1	-0.00245511
287.2	-0.00244813
287.3	-0.00243683
287.4	-0.00242575
287.5	-0.00241395
287.6	-0.00240451
287.7	-0.00239525
287.8	-0.00238523
287.9	-0.00237614
288	-0.00236645
288.1	-0.00235108
288.2	-0.00233395
288.3	-0.00231798
288.4	-0.00230608
288.5	-0.00229429
288.6	-0.00228018
288.7	-0.00226136
288.8	-0.00224026
288.9	-0.00221914
289	-0.00219821
289.1	-0.00217582
289.2	-0.00215279
289.3	-0.00213024
289.4	-0.00211482
289.5	-0.0020956
289.6	-0.00207477
289.7	-0.00205816
289.8	-0.00204143
289.9	-0.00203104
290	-0.00202478
290.1	-0.00202447
290.2	-0.00203653
290.3	-0.0020543
290.4	-0.00207222
290.5	-0.00208788
290.6	-0.00210381
290.7	-0.00212021
290.8	-0.00214064
290.9	-0.00216618
291	-0.00219177
291.1	-0.00222175
291.2	-0.00225599
291.3	-0.00229158
291.4	-0.00232763
291.5	-0.00236429
291.6	-0.00240074
291.7	-0.00243384
291.8	-0.00246474
291.9	-0.00249472
292	-0.00252248
292.1	-0.0025467
292.2	-0.00257356
292.3	-0.00260118
292.4	-0.00262823
292.5	-0.00265825
292.6	-0.00269179
292.7	-0.00272627
292.8	-0.00276169
292.9	-0.00279663
293	-0.0028312
293.1	-0.00286912
293.2	-0.00290564
293.3	-0.00294117
293.4	-0.00297717
293.5	-0.00301119
293.6	-0.00304586
293.7	-0.00308198
293.8	-0.00311853
293.9	-0.00314739
294	-0.00316934
294.1	-0.00318707
294.2	-0.00320448
294.3	-0.00322112
294.4	-0.0032333
294.5	-0.00324156
294.6	-0.00324645
294.7	-0.00324848
294.8	-0.00324904
294.9	-0.00325107
295	-0.00325214
295.1	-0.00325437
295.2	-0.00325585
295.3	-0.00324979
295.4	-0.00324169
295.5	-0.00323362
295.6	-0.00322881
295.7	-0.00322558
295.8	-0.00322374
295.9	-0.00322223
296	-0.0032168
296.1	-0.00321132
296.2	-0.00321284
296.3	-0.0032184
296.4	-0.00322504
296.5	-0.00323238
296.6	-0.00323771
296.7	-0.00324208
296.8	-0.0032451
296.9	-0.00324979
297	-0.00325581
297.1	-0.00326484
297.2	-0.00327423
297.3	-0.00328355
297.4	-0.00329105
297.5	-0.00330134
297.6	-0.00331273
297.7	-0.00332138
297.8	-0.00332966
297.9	-0.00333919
298	-0.00334824
298.1	-0.00335865
298.2	-0.00336765
298.3	-0.00338102
298.4	-0.0033996
298.5	-0.00341954
298.6	-0.00344112
298.7	-0.00346074
298.8	-0.00347897
298.9	-0.00349857
299	-0.00351783
299.1	-0.00353642
299.2	-0.00354856
299.3	-0.00355718
299.4	-0.00356503
299.5	-0.00356943
299.6	-0.00357616
299.7	-0.00358309
299.8	-0.00359401
299.9	-0.00360512
300	-0.00361819
300.1	-0.0036302
300.2	-0.00364153
300.3	-0.00364752
300.4	-0.00365328
300.5	-0.00366168
300.6	-0.00367565
300.7	-0.00369498
300.8	-0.00371166
300.9	-0.00372461
301	-0.00373728
301.1	-0.00374925
301.2	-0.00376472
301.3	-0.00378078
301.4	-0.00379233
301.5	-0.0038015
301.6	-0.00380686
301.7	-0.00380871
301.8	-0.00380833
301.9	-0.0038054
302	-0.00379878
302.1	-0.00379363
302.2	-0.00379128
302.3	-0.00378611
302.4	-0.00377975
302.5	-0.00376846
302.6	-0.00375431
302.7	-0.00373882
302.8	-0.00372299
302.9	-0.0037079
303	-0.00368994
303.1	-0.00367018
303.2	-0.0036514
303.3	-0.00363299
303.4	-0.00361629
303.5	-0.00360154
303.6	-0.00358661
303.7	-0.00357388
303.8	-0.00356031
303.9	-0.00354609
304	-0.00353268
304.1	-0.00351696
304.2	-0.00349997
304.3	-0.00348366
304.4	-0.00347197
304.5	-0.00346079
304.6	-0.00344557
304.7	-0.00342545
304.8	-0.00339679
304.9	-0.00336184
305	-0.00332285
305.1	-0.0032839
305.2	-0.00324781
305.3	-0.00320841
305.4	-0.00316596
305.5	-0.00311896
305.6	-0.00306914
305.7	-0.00302348
305.8	-0.00298216
305.9	-0.00294489
306	-0.00291371
306.1	-0.00288415
306.2	-0.00285667
306.3	-0.00283082
306.4	-0.00280808
306.5	-0.00278714
306.6	-0.00276332
306.7	-0.00274021
306.8	-0.00271666
306.9	-0.00269394
307	-0.00267206
307.1	-0.00265194
307.2	-0.00263171
307.3	-0.00261116
307.4	-0.00259135
307.5	-0.00257046
307.6	-0.00254607
307.7	-0.00251956
307.8	-0.00248994
307.9	-0.00245972
308	-0.00242992
308.1	-0.002398
308.2	-0.00236494
308.3	-0.00233265
308.4	-0.00230504
308.5	-0.0022834
308.6	-0.00226328
308.7	-0.00224514
308.8	-0.00223093
308.9	-0.00221716
309	-0.00220658
309.1	-0.00220159
309.2	-0.00220137
309.3	-0.00220331
309.4	-0.00220767
309.5	-0.00221427
309.6	-0.00221638
309.7	-0.00221325
309.8	-0.00220232
309.9	-0.00218743
310	-0.00217425
310.1	-0.00216399
310.2	-0.00215743
310.3	-0.00214857
310.4	-0.00214063
310.5	-0.00213427
310.6	-0.00212745
310.7	-0.00212104
310.8	-0.00211255
310.9	-0.00210457
311	-0.00209338
311.1	-0.00208595
311.2	-0.00207964
311.3	-0.00208036
311.4	-0.00208176
311.5	-0.00207876
311.6	-0.00206994
311.7	-0.00205701
311.8	-0.00204458
311.9	-0.00203382
312	-0.00202515
312.1	-0.00201691
312.2	-0.0020065
312.3	-0.00199581
312.4	-0.00198383
312.5	-0.00197352
312.6	-0.00196113
312.7	-0.00194853
312.8	-0.00193272
312.9	-0.00191263
313	-0.00188908
313.1	-0.00186496
313.2	-0.00184425
313.3	-0.00182173
313.4	-0.00179926
313.5	-0.00177402
313.6	-0.00174719
313.7	-0.00172134
313.8	-0.0016942
313.9	-0.00167243
314	-0.00166129
314.1	-0.00165793
314.2	-0.00165708
314.3	-0.00165991
314.4	-0.00166841
314.5	-0.00168215
314.6	-0.00169623
314.7	-0.00171021
314.8	-0.00172205
314.9	-0.00173006
315	-0.00173923
315.1	-0.00175222
315.2	-0.00176835
315.3	-0.00178435
315.4	-0.00180076
315.5	-0.00181867
315.6	-0.00183514
315.7	-0.00185029
315.8	-0.00186566
315.9	-0.00188182
316	-0.00190058
316.1	-0.00192239
316.2	-0.00195122
316.3	-0.00198813
316.4	-0.002027
316.5	-0.00206484
316.6	-0.00210704
316.7	-0.00214838
316.8	-0.00218853
316.9	-0.00221932
317	-0.00224088
317.1	-0.00225999
317.2	-0.00227387
317.3	-0.00228315
317.4	-0.00228595
317.5	-0.00228754
317.6	-0.00228723
317.7	-0.00229256
317.8	-0.0023003
317.9	-0.00230402
318	-0.00231075
318.1	-0.00232111
318.2	-0.00233521
318.3	-0.00235086
318.4	-0.00236834
318.5	-0.00238516
318.6	-0.00240125
318.7	-0.00241276
318.8	-0.00242055
318.9	-0.00242529
319	-0.00242727
319.1	-0.0024312
319.2	-0.00243652
319.3	-0.00244231
319.4	-0.0024527
319.5	-0.00246694
319.6	-0.00248277
319.7	-0.00250133
319.8	-0.00252299
319.9	-0.00254375
320	-0.00256559
320.1	-0.00258988
320.2	-0.00261644
320.3	-0.00263949
320.4	-0.0026612
320.5	-0.00267796
320.6	-0.00269183
320.7	-0.00270259
320.8	-0.00270516
320.9	-0.00270405
321	-0.00270281
321.1	-0.0027026
321.2	-0.00270687
321.3	-0.00271628
321.4	-0.00272828
321.5	-0.00274206
321.6	-0.00275584
321.7	-0.00277019
321.8	-0.00278561
321.9	-0.00279648
322	-0.00280381
322.1	-0.00280686
322.2	-0.00281338
322.3	-0.00282335
322.4	-0.00283262
322.5	-0.0028393
322.6	-0.00284124
322.7	-0.00284172
322.8	-0.00284166
322.9	-0.00284286
323	-0.0028422
323.1	-0.00283975
323.2	-0.00283098
323.3	-0.00282462
323.4	-0.00282333
323.5	-0.00282322
323.6	-0.00282505
323.7	-0.00282741
323.8	-0.00283032
323.9	-0.00283294
324	-0.00283484
324.1	-0.00283379
324.2	-0.0028335
324.3	-0.00283045
324.4	-0.00282683
324.5	-0.00282136
324.6	-0.0028142
324.7	-0.00280646
324.8	-0.0027993
324.9	-0.00278879
325	-0.00277657
325.1	-0.0027658
325.2	-0.00275632
325.3	-0.00275048
325.4	-0.00274276
325.5	-0.00273387
325.6	-0.00272466
325.7	-0.00271566
325.8	-0.00270603
325.9	-0.00269848
326	-0.00269002
326.1	-0.00268384
326.2	-0.00268107
326.3	-0.00268129
326.4	-0.00267798
326.5	-0.00266796
326.6	-0.00265508
326.7	-0.00264662
326.8	-0.00264147
326.9	-0.00263993
327	-0.00264306
327.1	-0.00264443
327.2	-0.00264773
327.3	-0.00265671
327.4	-0.00267
327.5	-0.00268622
327.6	-0.00270143
327.7	-0.00271861
327.8	-0.00273576
327.9	-0.00274963
328	-0.00276334
328.1	-0.00278253
328.2	-0.00280708
328.3	-0.00282881
328.4	-0.00284703
328.5	-0.00286728
328.6	-0.00288413
328.7	-0.00290169
328.8	-0.00291554
328.9	-0.00292826
329	-0.0029392
329.1	-0.00294527
329.2	-0.00295273
329.3	-0.0029617
329.4	-0.00296905
329.5	-0.00298146
329.6	-0.00299907
329.7	-0.00301833
329.8	-0.00304353
329.9	-0.00306945
330	-0.00309529
330.1	-0.00312306
330.2	-0.00314793
330.3	-0.00317025
330.4	-0.00318975
330.5	-0.00321061
330.6	-0.00323374
330.7	-0.00325887
330.8	-0.00328185
330.9	-0.00329964
331	-0.00331803
331.1	-0.00333767
331.2	-0.00335576
331.3	-0.00337087
331.4	-0.00338409
331.5	-0.00339148
331.6	-0.00339651
331.7	-0.0033943
331.8	-0.00338813
331.9	-0.00338189
332	-0.00337531
332.1	-0.003368
332.2	-0.00336317
332.3	-0.00336509
332.4	-0.00336749
332.5	-0.00337392
332.6	-0.00337452
332.7	-0.00337009
332.8	-0.00336721
332.9	-0.00336293
333	-0.00335771
333.1	-0.00335104
333.2	-0.00334758
333.3	-0.00334691
333.4	-0.00334642
333.5	-0.00334785
333.6	-0.00335074
333.7	-0.00335808
333.8	-0.00336894
333.9	-0.00338327
334	-0.00340262
334.1	-0.00342772
334.2	-0.00345742
334.3	-0.00349477
334.4	-0.00353112
334.5	-0.00356836
334.6	-0.00360488
334.7	-0.00364017
334.8	-0.00366455
334.9	-0.00368311
335	-0.00369676
335.1	-0.00370645
335.2	-0.00370907
335.3	-0.00371038
335.4	-0.00371492
335.5	-0.00372255
335.6	-0.00372854
335.7	-0.00373392
335.8	-0.00374112
335.9	-0.00374992
336	-0.00375845
336.1	-0.00376667
336.2	-0.00377259
336.3	-0.00377513
336.4	-0.00377129
336.5	-0.00376575
336.6	-0.00375771
336.7	-0.00374935
336.8	-0.00374103
336.9	-0.00373181
337	-0.00372533
337.1	-0.00371806
337.2	-0.00370936
337.3	-0.00370215
337.4	-0.00369897
337.5	-0.00369744
337.6	-0.00369897
337.7	-0.00370255
337.8	-0.00371021
337.9	-0.00371512
338	-0.00371953
338.1	-0.00372158
338.2	-0.00372754
338.3	-0.00373325
338.4	-0.00373869
338.5	-0.00374114
338.6	-0.0037391
338.7	-0.00373424
338.8	-0.00372771
338.9	-0.00372293
339	-0.00371833
339.1	-0.00371157
339.2	-0.0037003
339.3	-0.0036862
339.4	-0.00367062
339.5	-0.00365361
339.6	-0.00363452
339.7	-0.00361437
339.8	-0.00359394
339.9	-0.00357762
340	-0.00355949
340.1	-0.00353826
340.2	-0.0035096
340.3	-0.00347797
340.4	-0.00344688
340.5	-0.00341923
340.6	-0.00339162
340.7	-0.00336299
340.8	-0.00333468
340.9	-0.00331121
341	-0.00328718
341.1	-0.00326885
341.2	-0.00325937
341.3	-0.00324809
341.4	-0.00323849
341.5	-0.00323008
341.6	-0.00322288
341.7	-0.00321373
341.8	-0.00320086
341.9	-0.00318241
342	-0.00315823
342.1	-0.00312879
342.2	-0.00310237
342.3	-0.00307804
342.4	-0.00305423
342.5	-0.0030303
342.6	-0.00300419
342.7	-0.00298075
342.8	-0.00295896
342.9	-0.00293533
343	-0.00291571
343.1	-0.00289878
343.2	-0.00288294
343.3	-0.00286515
343.4	-0.00285059
343.5	-0.0028355
343.6	-0.00282014
343.7	-0.00280655
343.8	-0.00279447
343.9	-0.00278554
344	-0.00278387
344.1	-0.00278995
344.2	-0.00279594
344.3	-0.00280043
344.4	-0.00280521
344.5	-0.0028099
344.6	-0.00281722
344.7	-0.00282733
344.8	-0.00284034
344.9	-0.00285334
345	-0.00286843
345.1	-0.00288419
345.2	-0.00289822
345.3	-0.00291299
345.4	-0.00292812
345.5	-0.00294471
345.6	-0.00296258
345.7	-0.00298278
345.8	-0.00300323
345.9	-0.00302151
346	-0.00303808
346.1	-0.00305052
346.2	-0.00306544
346.3	-0.00308457
346.4	-0.00310514
346.5	-0.00312792
346.6	-0.00315171
346.7	-0.00317896
346.8	-0.00321292
346.9	-0.00324527
347	-0.00327839
347.1	-0.00331478
347.2	-0.00334857
347.3	-0.00338276
347.4	-0.00341771
347.5	-0.0034506
347.6	-0.00348156
347.7	-0.00351077
347.8	-0.00353992
347.9	-0.00357204
348	-0.00360059
348.1	-0.00362952
348.2	-0.00365891
348.3	-0.00368936
348.4	-0.00372213
348.5	-0.00375254
348.6	-0.00377738
348.7	-0.00379411
348.8	-0.0038069
348.9	-0.00382199
349	-0.00383941
349.1	-0.00385863
349.2	-0.00387136
349.3	-0.00387998
349.4	-0.00388488
349.5	-0.00389222
349.6	-0.00390228
349.7	-0.00391314
349.8	-0.00392648
349.9	-0.00393766
350	-0.00394722
350.1	-0.0039557
350.2	-0.00396868
350.3	-0.00398799
350.4	-0.00401003
350.5	-0.00403624
350.6	-0.00405953
350.7	-0.00407767
350.8	-0.00409616
350.9	-0.0041097
351	-0.00412263
351.1	-0.00413613
351.2	-0.00414897
351.3	-0.0041609
351.4	-0.00417544
351.5	-0.00419047
351.6	-0.00420584
351.7	-0.00422424
351.8	-0.00424446
351.9	-0.00426455
352	-0.00428592
352.1	-0.0043079
352.2	-0.00433055
352.3	-0.00435549
352.4	-0.00438404
352.5	-0.00440753
352.6	-0.00442493
352.7	-0.00443654
352.8	-0.00444876
352.9	-0.00445974
353	-0.00447307
353.1	-0.00448892
353.2	-0.00450307
353.3	-0.00451696
353.4	-0.00452949
353.5	-0.00454041
353.6	-0.00454831
353.7	-0.00455555
353.8	-0.00456472
353.9	-0.00457505
354	-0.00458619
354.1	-0.00459866
354.2	-0.00461378
354.3	-0.00463105
354.4	-0.0046568
354.5	-0.00468724
354.6	-0.00471769
354.7	-0.00475009
354.8	-0.00478715
354.9	-0.00482222
355	-0.00486046
355.1	-0.00489982
355.2	-0.00493737
355.3	-0.00497322
355.4	-0.00500356
355.5	-0.0050331
355.6	-0.00505705
355.7	-0.00507533
355.8	-0.00508991
355.9	-0.00510237
356	-0.00511301
356.1	-0.0051163
356.2	-0.0051179
356.3	-0.00512363
356.4	-0.00512839
356.5	-0.00513609
356.6	-0.00514914
356.7	-0.00515908
356.8	-0.00516772
356.9	-0.00517457
357	-0.00517992
357.1	-0.00518797
357.2	-0.00519995
357.3	-0.00521138
357.4	-0.00521778
357.5	-0.0052228
357.6	-0.00523252
357.7	-0.00524454
357.8	-0.00525218
357.9	-0.00525696
358	-0.00526203
358.1	-0.00526792
358.2	-0.00527246
358.3	-0.00527138
358.4	-0.00526673
358.5	-0.00526102
358.6	-0.00525942
358.7	-0.0052601
358.8	-0.00525858
358.9	-0.0052526
359	-0.00524637
359.1	-0.00523921
359.2	-0.00523526
359.3	-0.00522926
359.4	-0.00521965
359.5	-0.0052073
359.6	-0.00519508
359.7	-0.00518494
359.8	-0.00516926
359.9	-0.00515214
360	-0.00513903
360.1	-0.0051245
360.2	-0.0051033
360.3	-0.00508207
360.4	-0.00506201
360.5	-0.00504581
360.6	-0.00502963
360.7	-0.00500879
360.8	-0.00498843
360.9	-0.00497011
361	-0.00495369
361.1	-0.00494035
361.2	-0.00492709
361.3	-0.00491239
361.4	-0.00489832
361.5	-0.00488414
361.6	-0.00486989
361.7	-0.00485945
361.8	-0.00485021
361.9	-0.00484496
362	-0.00484261
362.1	-0.00484297
362.2	-0.00484376
362.3	-0.00484562
362.4	-0.00484696
362.5	-0.00485155
362.6	-0.00485976
362.7	-0.00486906
362.8	-0.00488118
362.9	-0.0048892
363	-0.00489572
363.1	-0.00489518
363.2	-0.00489771
363.3	-0.00490061
363.4	-0.00490605
363.5	-0.00491015
363.6	-0.00491269
363.7	-0.004913
363.8	-0.00490558
363.9	-0.00489411
364	-0.00487975
364.1	-0.00486669
364.2	-0.00485131
364.3	-0.00483366
364.4	-0.00482074
364.5	-0.00480988
364.6	-0.00479668
364.7	-0.00478166
364.8	-0.00476983
364.9	-0.00475663
365	-0.00474387
365.1	-0.00473394
365.2	-0.0047261
365.3	-0.00471295
365.4	-0.00469557
365.5	-0.00467516
365.6	-0.00465472
365.7	-0.00463467
365.8	-0.00461667
365.9	-0.00460131
366	-0.00458572
366.1	-0.00457177
366.2	-0.00455918
366.3	-0.0045456
366.4	-0.0045302
366.5	-0.00451249
366.6	-0.00449307
366.7	-0.00447023
366.8	-0.00444119
366.9	-0.00441099
367	-0.00438158
367.1	-0.00435776
367.2	-0.00433181
367.3	-0.00430644
367.4	-0.00428369
367.5	-0.00426477
367.6	-0.0042494
367.7	-0.00423436
367.8	-0.00422202
367.9	-0.00421135
368	-0.00419795
368.1	-0.00418089
368.2	-0.00416143
368.3	-0.00414199
368.4	-0.00412312
368.5	-0.00410364
368.6	-0.00408573
368.7	-0.00407458
368.8	-0.00406648
368.9	-0.00406476
369	-0.00406668
369.1	-0.00407277
369.2	-0.00408315
369.3	-0.00409378
369.4	-0.00410285
369.5	-0.00411209
369.6	-0.00412392
369.7	-0.00413754
369.8	-0.0041592
369.9	-0.00418462
370	-0.00420629
370.1	-0.00422463
370.2	-0.00424451
370.3	-0.0042634
370.4	-0.00428433
370.5	-0.004305
370.6	-0.00432543
370.7	-0.00434461
370.8	-0.00436554
370.9	-0.00438902
371	-0.00441928
371.1	-0.00445181
371.2	-0.00448399
371.3	-0.00451086
371.4	-0.00452996
371.5	-0.00454182
371.6	-0.00455368
371.7	-0.00456841
371.8	-0.00458258
371.9	-0.00459531
372	-0.00460437
372.1	-0.0046118
372.2	-0.00461545
372.3	-0.00461339
372.4	-0.00461044
372.5	-0.00460644
372.6	-0.00459916
372.7	-0.00458647
372.8	-0.00456947
372.9	-0.00454694
373	-0.0045227
373.1	-0.00449841
373.2	-0.00447285
373.3	-0.00444348
373.4	-0.00441661
373.5	-0.00438992
373.6	-0.00436931
373.7	-0.00435193
373.8	-0.00434091
373.9	-0.00432781
374	-0.00431383
374.1	-0.00429459
374.2	-0.00427266
374.3	-0.00425528
374.4	-0.00424809
374.5	-0.00424648
374.6	-0.00424314
374.7	-0.00423525
374.8	-0.00422354
374.9	-0.00421014
375	-0.00419969
375.1	-0.00419716
375.2	-0.00419803
375.3	-0.00419888
375.4	-0.00420158
375.5	-0.00420373
375.6	-0.00420304
375.7	-0.00419983
375.8	-0.00419462
375.9	-0.00418962
376	-0.00419207
376.1	-0.00419054
376.2	-0.00418638
376.3	-0.00418478
376.4	-0.00418402
376.5	-0.00418662
376.6	-0.00418722
376.7	-0.00418621
376.8	-0.00418922
376.9	-0.00418916
377	-0.00418924
377.1	-0.00418998
377.2	-0.00419166
377.3	-0.00419234
377.4	-0.00419099
377.5	-0.00418921
377.6	-0.00418484
377.7	-0.00417862
377.8	-0.00417261
377.9	-0.00416548
378	-0.00416055
378.1	-0.00415365
378.2	-0.00414675
378.3	-0.00413874
378.4	-0.0041337
378.5	-0.00413194
378.6	-0.00413131
378.7	-0.00413072
378.8	-0.00413405
378.9	-0.00414002
379	-0.00413718
379.1	-0.00413437
379.2	-0.00413358
379.3	-0.00413112
379.4	-0.0041268
379.5	-0.00411687
379.6	-0.0041043
379.7	-0.0040891
379.8	-0.00407649
379.9	-0.00406434
380	-0.00405024
380.1	-0.00403009
380.2	-0.00401007
380.3	-0.00398612
380.4	-0.0039602
380.5	-0.00393466
380.6	-0.00391141
380.7	-0.00389049
380.8	-0.00387364
380.9	-0.00385737
381	-0.00384154
381.1	-0.00382213
381.2	-0.00380326
381.3	-0.00378531
381.4	-0.00376822
381.5	-0.00375369
381.6	-0.00373966
381.7	-0.00372576
381.8	-0.00371034
381.9	-0.00369158
382	-0.00367585
382.1	-0.0036597
382.2	-0.00364306
382.3	-0.00362908
382.4	-0.00361816
382.5	-0.00360816
382.6	-0.00359875
382.7	-0.00358642
382.8	-0.00357107
382.9	-0.00355124
383	-0.00352511
383.1	-0.00349173
383.2	-0.00345759
383.3	-0.00342576
383.4	-0.00339612
383.5	-0.00335858
383.6	-0.00331317
383.7	-0.00326445
383.8	-0.00320961
383.9	-0.00315157
384	-0.00309349
384.1	-0.0030312
384.2	-0.00296216
384.3	-0.00289051
384.4	-0.00281494
384.5	-0.00273674
384.6	-0.00265775
384.7	-0.00258049
384.8	-0.00250177
384.9	-0.00242716
385	-0.00235745
385.1	-0.00228829
385.2	-0.00222443
385.3	-0.00216326
385.4	-0.00210569
385.5	-0.00204916
385.6	-0.00199107
385.7	-0.00193734
385.8	-0.00189249
385.9	-0.00185366
386	-0.00182126
386.1	-0.00179199
386.2	-0.00176191
386.3	-0.00173792
386.4	-0.00171555
386.5	-0.00169582
386.6	-0.00167874
386.7	-0.00166077
386.8	-0.00164073
386.9	-0.00162069
387	-0.00159791
387.1	-0.00157708
387.2	-0.00155519
387.3	-0.00153426
387.4	-0.00151017
387.5	-0.00148495
387.6	-0.00146202
387.7	-0.00144301
387.8	-0.00142717
387.9	-0.0014108
388	-0.00139297
388.1	-0.00137083
388.2	-0.00134828
388.3	-0.00132705
388.4	-0.0013022
388.5	-0.00127299
388.6	-0.00124394
388.7	-0.00121106
388.8	-0.00116834
388.9	-0.00112161
389	-0.0010696
389.1	-0.00102106
389.2	-0.000977477
389.3	-0.000939987
389.4	-0.00089875
389.5	-0.000857763
389.6	-0.000816641
389.7	-0.000776216
389.8	-0.000736253
389.9	-0.000701591
390	-0.000671404
390.1	-0.000645546
390.2	-0.000622243
390.3	-0.000602412
390.4	-0.000583345
390.5	-0.00056115
390.6	-0.000543381
390.7	-0.000530575
390.8	-0.000514556
390.9	-0.000500332
391	-0.000483992
391.1	-0.000468201
391.2	-0.000450993
391.3	-0.000429761
391.4	-0.000404101
391.5	-0.000377327
391.6	-0.000352021
391.7	-0.000329093
391.8	-0.00030594
391.9	-0.000276501
392	-0.000245425
392.1	-0.000210622
392.2	-0.000174627
392.3	-0.000138049
392.4	-0.000103426
392.5	-7.25219e-05
392.6	-4.67974e-05
392.7	-2.23475e-05
392.8	-1.55692e-06
392.9	1.47627e-05
393	3.24925e-05
393.1	5.48152e-05
393.2	8.07637e-05
393.3	0.000107172
393.4	0.000134961
393.5	0.000161372
393.6	0.000179532
393.7	0.000193221
393.8	0.00020885
393.9	0.000231218
394	0.000252052
394.1	0.000277593
394.2	0.000305947
394.3	0.000335958
394.4	0.000369818
394.5	0.000403399
394.6	0.000433192
394.7	0.00045856
394.8	0.000480721
394.9	0.000501473
395	0.000522954
395.1	0.000544174
395.2	0.000562204
395.3	0.000582914
395.4	0.000605206
395.5	0.000629031
395.6	0.000650881
395.7	0.000674896
395.8	0.000697274
395.9	0.00071577
396	0.000727962
396.1	0.000736141
396.2	0.000741339
396.3	0.000748622
396.4	0.00076105
396.5	0.000774968
396.6	0.000784943
396.7	0.000793615
396.8	0.000804532
396.9	0.000818369
397	0.000833048
397.1	0.000847795
397.2	0.000860821
397.3	0.000872357
397.4	0.000884873
397.5	0.000894844
397.6	0.000899421
397.7	0.000900133
397.8	0.000900643
397.9	0.000905401
398	0.000907754
398.1	0.000905602
398.2	0.000898633
398.3	0.000885269
398.4	0.000871802
398.5	0.000859269
398.6	0.000845674
398.7	0.000830997
398.8	0.000818293
398.9	0.000806189
399	0.000797279
399.1	0.000787777
399.2	0.000777689
399.3	0.000765635
399.4	0.00075294
399.5	0.000734695
399.6	0.000716011
399.7	0.000694998
399.8	0.000673681
399.9	0.000651101
400	0.000630208
400.1	0.000611235
400.2	0.000594607
400.3	0.000576956
400.4	0.000561605
400.5	0.000551885
400.6	0.000547839
400.7	0.000545973
400.8	0.000547425
400.9	0.000546406
401	0.000545315
401.1	0.000541671
401.2	0.000538598
401.3	0.000536772
401.4	0.00053362
401.5	0.000529187
401.6	0.000522534
401.7	0.000513731
401.8	0.000499751
401.9	0.000482059
402	0.000463152
402.1	0.000443372
402.2	0.00042239
402.3	0.000403292
402.4	0.000387878
402.5	0.000378734
402.6	0.000374022
402.7	0.000371678
402.8	0.000371758
402.9	0.000376217
403	0.000379181
403.1	0.000381555
403.2	0.000383369
403.3	0.000392895
403.4	0.000401739
403.5	0.000409668
403.6	0.000420422
403.7	0.000431088
403.8	0.000441797
403.9	0.00045504
404	0.00047145
404.1	0.000488507
404.2	0.000508247
404.3	0.000528852
404.4	0.000545626
404.5	0.000560369
404.6	0.000570279
404.7	0.000576986
404.8	0.000582703
404.9	0.000584909
405	0.000584795
405.1	0.000577063
405.2	0.000563951
405.3	0.000546134
405.4	0.000526071
405.5	0.000508485
405.6	0.000494155
405.7	0.000478556
405.8	0.000457783
405.9	0.000431411
406	0.000401186
406.1	0.000372343
406.2	0.000342662
406.3	0.00031385
406.4	0.000283982
406.5	0.000255462
406.6	0.000228348
406.7	0.000201413
406.8	0.000176637
406.9	0.000156269
407	0.000139641
407.1	0.000125915
407.2	0.000114042
407.3	0.000102303
407.4	8.89208e-05
407.5	7.89884e-05
407.6	7.25617e-05
407.7	7.01679e-05
407.8	6.84453e-05
407.9	6.69317e-05
408	6.27859e-05
408.1	5.87478e-05
408.2	5.46837e-05
408.3	5.38183e-05
408.4	5.21958e-05
408.5	5.16925e-05
408.6	5.51278e-05
408.7	5.40352e-05
408.8	4.60862e-05
408.9	3.12229e-05
409	1.40264e-05
409.1	-1.08437e-06
409.2	-1.15174e-05
409.3	-1.25185e-05
409.4	-6.60206e-06
409.5	6.50069e-06
409.6	2.20782e-05
409.7	3.98129e-05
409.8	5.09761e-05
409.9	5.88627e-05
410	6.61242e-05
410.1	7.07724e-05
410.2	7.13932e-05
410.3	6.77381e-05
410.4	6.48686e-05
410.5	6.20407e-05
410.6	5.40586e-05
410.7	4.3918e-05
410.8	3.12487e-05
410.9	1.94027e-05
411	3.33758e-06
411.1	-1.58279e-05
411.2	-3.84722e-05
411.3	-6.70198e-05
411.4	-9.69267e-05
411.5	-0.000125629
411.6	-0.000149603
411.7	-0.000165386
411.8	-0.000177624
411.9	-0.000186397
412	-0.000193175
412.1	-0.000197069
412.2	-0.000200699
412.3	-0.000206978
412.4	-0.000218437
412.5	-0.000229075
412.6	-0.00024001
412.7	-0.000249738
412.8	-0.000254635
412.9	-0.000250989
413	-0.000244367
413.1	-0.000234587
413.2	-0.000225876
413.3	-0.000219376
413.4	-0.00021763
413.5	-0.000218365
413.6	-0.000220248
413.7	-0.000226177
413.8	-0.000236351
413.9	-0.000238872
414	-0.000233827
414.1	-0.000224978
414.2	-0.000217933
414.3	-0.000215151
414.4	-0.000215349
414.5	-0.000218581
414.6	-0.000224534
414.7	-0.000235586
414.8	-0.000246006
414.9	-0.000259826
415	-0.000274725
415.1	-0.000289659
415.2	-0.000304964
415.3	-0.00032354
415.4	-0.0003438
415.5	-0.000361962
415.6	-0.000375244
415.7	-0.00038332
415.8	-0.000385584
415.9	-0.00038066
416	-0.000364147
416.1	-0.000344402
416.2	-0.000321172
416.3	-0.000290601
416.4	-0.000256246
416.5	-0.000221535
416.6	-0.000194703
416.7	-0.00017065
416.8	-0.000152425
416.9	-0.000143523
417	-0.00013941
417.1	-0.000134117
417.2	-0.000126089
417.3	-0.000115039
417.4	-0.000102574
417.5	-9.04974e-05
417.6	-7.92387e-05
417.7	-7.11174e-05
417.8	-6.52481e-05
417.9	-5.95559e-05
418	-5.32489e-05
418.1	-4.45722e-05
418.2	-3.41292e-05
418.3	-2.33088e-05
418.4	-1.24999e-05
418.5	-4.4813e-06
418.6	3.16624e-07
418.7	2.23411e-06
418.8	4.1855e-08
418.9	-4.45892e-06
419	-5.88519e-06
419.1	-7.37066e-06
419.2	-1.23725e-05
419.3	-1.41934e-05
419.4	-1.51904e-05
419.5	-1.23208e-05
419.6	-7.71837e-06
419.7	-3.01922e-06
419.8	-2.17511e-07
419.9	-2.33535e-06
420	-5.34203e-06
420.1	-7.91627e-06
420.2	-8.50668e-06
420.3	-6.78813e-06
420.4	-2.00034e-06
420.5	4.20704e-06
420.6	7.04315e-06
420.7	1.42621e-05
420.8	2.81505e-05
420.9	4.28625e-05
421	5.60461e-05
421.1	6.82324e-05
421.2	7.94445e-05
421.3	8.89027e-05
421.4	9.8397e-05
421.5	0.000106948
421.6	0.000114505
421.7	0.000126448
421.8	0.000136043
421.9	0.0001441
422	0.00015218
422.1	0.000164871
422.2	0.000178003
422.3	0.000190653
422.4	0.000199628
422.5	0.000206479
422.6	0.000213248
422.7	0.000219383
422.8	0.000229162
422.9	0.00023771
423	0.00024281
423.1	0.000246809
423.2	0.000249394
423.3	0.000251341
423.4	0.000249821
423.5	0.000245591
423.6	0.000239305
423.7	0.000233995
423.8	0.000225939
423.9	0.000215877
424	0.000201911
424.1	0.000181524
424.2	0.000162676
424.3	0.000146745
424.4	0.000132028
424.5	0.00011305
424.6	9.13623e-05
424.7	7.13771e-05
424.8	5.27751e-05
424.9	3.6759e-05
425	1.8501e-05
425.1	-3.61268e-06
425.2	-2.78956e-05
425.3	-5.81454e-05
425.4	-8.98576e-05
425.5	-0.000119924
425.6	-0.00014621
425.7	-0.000169291
425.8	-0.000192449
425.9	-0.000215988
426	-0.000236829
426.1	-0.000256331
426.2	-0.000277927
426.3	-0.0003003
426.4	-0.000320665
426.5	-0.000337249
426.6	-0.000352855
426.7	-0.000368405
426.8	-0.000384832
426.9	-0.000397807
427	-0.000408253
427.1	-0.000416961
427.2	-0.000425857
427.3	-0.000435362
427.4	-0.000446179
427.5	-0.000461234
427.6	-0.000477894
427.7	-0.000494811
427.8	-0.000507254
427.9	-0.000513908
428	-0.000523556
428.1	-0.000532679
428.2	-0.000535927
428.3	-0.000539636
428.4	-0.000544996
428.5	-0.000549569
428.6	-0.00055627
428.7	-0.000563754
428.8	-0.000572627
428.9	-0.000587594
429	-0.000610788
429.1	-0.000638306
429.2	-0.000666503
429.3	-0.0006954
429.4	-0.000721936
429.5	-0.000746878
429.6	-0.000775819
429.7	-0.000806546
429.8	-0.000841098
429.9	-0.000875316
430	-0.000907419
430.1	-0.000937229
430.2	-0.000964484
430.3	-0.00099508
430.4	-0.00102828
430.5	-0.00105531
430.6	-0.00107448
430.7	-0.00109185
430.8	-0.00110559
430.9	-0.00111653
431	-0.00112344
431.1	-0.00113131
431.2	-0.00114011
431.3	-0.0011517
431.4	-0.00116356
431.5	-0.00117483
431.6	-0.00118562
431.7	-0.00119716
431.8	-0.00121107
431.9	-0.00122891
432	-0.00124775
432.1	-0.00126139
432.2	-0.00127152
432.3	-0.00128155
432.4	-0.00129144
432.5	-0.00129901
432.6	-0.00130344
432.7	-0.00130604
432.8	-0.0013076
432.9	-0.00130763
433	-0.00130898
433.1	-0.00131049
433.2	-0.00130726
433.3	-0.00130511
433.4	-0.00130249
433.5	-0.00129969
433.6	-0.00129496
433.7	-0.00129103
433.8	-0.00128483
433.9	-0.00127555
434	-0.00126508
434.1	-0.00125888
434.2	-0.00125625
434.3	-0.00125516
434.4	-0.00125581
434.5	-0.00125814
434.6	-0.00126435
434.7	-0.00127381
434.8	-0.00128793
434.9	-0.00130657
435	-0.00132308
435.1	-0.0013323
435.2	-0.00134376
435.3	-0.00135237
435.4	-0.00136245
435.5	-0.00137351
435.6	-0.00138326
435.7	-0.00139549
435.8	-0.00140955
435.9	-0.00141728
436	-0.00142109
436.1	-0.00142126
436.2	-0.0014165
436.3	-0.00140926
436.4	-0.00139578
436.5	-0.00138133
436.6	-0.00136416
436.7	-0.00134431
436.8	-0.00132115
436.9	-0.00129885
437	-0.0012795
437.1	-0.00125724
437.2	-0.00123514
437.3	-0.00121121
437.4	-0.00118288
437.5	-0.00115778
437.6	-0.00113175
437.7	-0.00110451
437.8	-0.00107714
437.9	-0.00105004
438	-0.00102317
438.1	-0.000992633
438.2	-0.000959223
438.3	-0.000929072
438.4	-0.000907551
438.5	-0.000888182
438.6	-0.00086816
438.7	-0.000849186
438.8	-0.000829773
438.9	-0.00081695
439	-0.00080829
439.1	-0.000799088
439.2	-0.000783996
439.3	-0.000764697
439.4	-0.000739809
439.5	-0.000711667
439.6	-0.000682453
439.7	-0.000654467
439.8	-0.000633225
439.9	-0.000617677
440	-0.000602484
440.1	-0.000586016
440.2	-0.0005695
440.3	-0.000555824
440.4	-0.000542455
440.5	-0.000527015
440.6	-0.000513478
440.7	-0.000497388
440.8	-0.000478941
440.9	-0.000459654
441	-0.000441885
441.1	-0.000429537
441.2	-0.000422001
441.3	-0.000414542
441.4	-0.000412461
441.5	-0.000411486
441.6	-0.000411964
441.7	-0.000413975
441.8	-0.000416946
441.9	-0.000416776
442	-0.000413034
442.1	-0.000411885
442.2	-0.000414675
442.3	-0.000416486
442.4	-0.000419162
442.5	-0.000422276
442.6	-0.000426041
442.7	-0.000430228
442.8	-0.000439485
442.9	-0.00045139
443	-0.000459469
443.1	-0.000464512
443.2	-0.000464645
443.3	-0.000464333
443.4	-0.000467168
443.5	-0.000473951
443.6	-0.000476633
443.7	-0.000480181
443.8	-0.000488988
443.9	-0.00050156
444	-0.000514908
444.1	-0.000528305
444.2	-0.000541262
444.3	-0.000556652
444.4	-0.00057595
444.5	-0.000591169
444.6	-0.000600393
444.7	-0.000605239
444.8	-0.000602503
444.9	-0.000599496
445	-0.000598461
445.1	-0.000596683
445.2	-0.000594922
445.3	-0.00059313
445.4	-0.000589605
445.5	-0.000585714
445.6	-0.000582742
445.7	-0.00058228
445.8	-0.000580017
445.9	-0.000573127
446	-0.00056378
446.1	-0.000556797
446.2	-0.000552188
446.3	-0.000548682
446.4	-0.000550003
446.5	-0.000550861
446.6	-0.000547577
446.7	-0.000541701
446.8	-0.000536274
446.9	-0.000529492
447	-0.000524022
447.1	-0.000516739
447.2	-0.000510277
447.3	-0.000503504
447.4	-0.000497378
447.5	-0.000494247
447.6	-0.000489852
447.7	-0.000489128
447.8	-0.000489839
447.9	-0.000489756
448	-0.00048196
448.1	-0.000467449
448.2	-0.000451328
448.3	-0.000433817
448.4	-0.000413662
448.5	-0.000394572
448.6	-0.000376473
448.7	-0.000354521
448.8	-0.00033051
448.9	-0.000309693
449	-0.000292214
449.1	-0.000276121
449.2	-0.000254499
449.3	-0.000230989
449.4	-0.000209121
449.5	-0.000179983
449.6	-0.000155706
449.7	-0.000133251
449.8	-0.000113782
449.9	-9.43344e-05
450	-7.52905e-05
450.1	-5.87879e-05
450.2	-4.75889e-05
450.3	-3.49243e-05
450.4	-2.36137e-05
450.5	-1.22593e-05
450.6	-2.59614e-07
450.7	1.56754e-05
450.8	3.91349e-05
450.9	6.7328e-05
451	9.60961e-05
451.1	0.000122904
451.2	0.000150193
451.3	0.00017642
451.4	0.000202655
451.5	0.000226284
451.6	0.000247745
451.7	0.000265585
451.8	0.000280805
451.9	0.000294764
452	0.000311483
452.1	0.000326228
452.2	0.000340094
452.3	0.000351164
452.4	0.000356749
452.5	0.000358306
452.6	0.00035967
452.7	0.000355976
452.8	0.0003527
452.9	0.000347107
453	0.000338744
453.1	0.000333675
453.2	0.00032825
453.3	0.000319751
453.4	0.00031045
453.5	0.000301047
453.6	0.00029458
453.7	0.000287252
453.8	0.000279696
453.9	0.000271964
454	0.00026429
454.1	0.000257195
454.2	0.000245932
454.3	0.000232675
454.4	0.000217458
454.5	0.000203843
454.6	0.000188079
454.7	0.000175848
454.8	0.000170548
454.9	0.000173683
455	0.000182515
455.1	0.000189659
455.2	0.000193649
455.3	0.00020138
455.4	0.000209728
455.5	0.000216628
455.6	0.000222987
455.7	0.000230399
455.8	0.000238567
455.9	0.000238791
456	0.000231122
456.1	0.000223788
456.2	0.000220627
456.3	0.000216155
456.4	0.00020957
456.5	0.000203462
456.6	0.000199506
456.7	0.000195695
456.8	0.000191213
456.9	0.000186789
457	0.000177472
457.1	0.000166644
457.2	0.000158045
457.3	0.000151621
457.4	0.000144494
457.5	0.000133208
457.6	0.000120209
457.7	0.000110848
457.8	0.000101963
457.9	9.12177e-05
458	8.16014e-05
458.1	6.87661e-05
458.2	5.70411e-05
458.3	4.88353e-05
458.4	3.97952e-05
458.5	3.07362e-05
458.6	2.07786e-05
458.7	9.68015e-06
458.8	-4.47464e-06
458.9	-1.97602e-05
459	-3.2168e-05
459.1	-4.53936e-05
459.2	-5.82027e-05
459.3	-7.38613e-05
459.4	-8.63001e-05
459.5	-0.000100824
459.6	-0.000120835
459.7	-0.000145362
459.8	-0.000169591
459.9	-0.000193102
460	-0.000220153
460.1	-0.000251834
460.2	-0.000277502
460.3	-0.000300887
460.4	-0.000327611
460.5	-0.000359367
460.6	-0.000391486
460.7	-0.000421825
460.8	-0.000449215
460.9	-0.000472267
461	-0.000491247
461.1	-0.000506305
461.2	-0.000519857
461.3	-0.000528719
461.4	-0.00052701
461.5	-0.000520866
461.6	-0.000505399
461.7	-0.000483548
461.8	-0.000458422
461.9	-0.000432985
462	-0.00040315
462.1	-0.000373103
462.2	-0.000342367
462.3	-0.000314613
462.4	-0.000283741
462.5	-0.000256768
462.6	-0.000227832
462.7	-0.00020678
462.8	-0.000188342
462.9	-0.000173769
463	-0.000158818
463.1	-0.000143391
463.2	-0.000117904
463.3	-9.24935e-05
463.4	-7.02755e-05
463.5	-4.95625e-05
463.6	-2.91788e-05
463.7	-2.95985e-06
463.8	2.93092e-05
463.9	6.69062e-05
464	0.000111997
464.1	0.000159566
464.2	0.00020744
464.3	0.000255319
464.4	0.000302205
464.5	0.000343473
464.6	0.000382055
464.7	0.000421611
464.8	0.000463148
464.9	0.000505801
465	0.000542231
465.1	0.000576031
465.2	0.000608139
465.3	0.000638033
465.4	0.000667726
465.5	0.00069671
465.6	0.000728049
465.7	0.000758115
465.8	0.00078632
465.9	0.000820548
466	0.000857925
466.1	0.000892212
466.2	0.000920579
466.3	0.00094578
466.4	0.000972994
466.5	0.0010081
466.6	0.00104428
466.7	0.00107413
466.8	0.00109471
466.9	0.00110661
467	0.00111697
467.1	0.00112742
467.2	0.00113209
467.3	0.00113943
467.4	0.00114832
467.5	0.00115476
467.6	0.00116051
467.7	0.00117016
467.8	0.00117753
467.9	0.0011784
468	0.00117637
468.1	0.00117137
468.2	0.00117382
468.3	0.00117861
468.4	0.00117893
468.5	0.00117361
468.6	0.00116797
468.7	0.0011687
468.8	0.00117718
468.9	0.00119468
469	0.00122058
469.1	0.00125254
469.2	0.00128196
469.3	0.0013112
469.4	0.00133764
469.5	0.00136249
469.6	0.00138709
469.7	0.00141103
469.8	0.00143246
469.9	0.00144866
470	0.00146277
470.1	0.00147742
470.2	0.00149006
470.3	0.00150237
470.4	0.00151512
470.5	0.00153011
470.6	0.0015485
470.7	0.00156996
470.8	0.00159093
470.9	0.00160825
471	0.00162378
471.1	0.00164057
471.2	0.00165746
471.3	0.00166815
471.4	0.00167515
471.5	0.00167655
471.6	0.0016771
471.7	0.00168537
471.8	0.00170032
471.9	0.00171212
472	0.00172146
472.1	0.00172913
472.2	0.00173134
472.3	0.00173057
472.4	0.0017298
472.5	0.00173131
472.6	0.00173433
472.7	0.00173547
472.8	0.00173471
472.9	0.00173658
473	0.00173778
473.1	0.00173803
473.2	0.00173693
473.3	0.00173198
473.4	0.00172456
473.5	0.00171689
473.6	0.0017131
473.7	0.00170741
473.8	0.00170367
473.9	0.00170497
474	0.00170566
474.1	0.00170576
474.2	0.00170454
474.3	0.00170131
474.4	0.00169609
474.5	0.0016899
474.6	0.00168318
474.7	0.0016801
474.8	0.00168133
474.9	0.00168263
475	0.00167987
475.1	0.00167559
475.2	0.00166687
475.3	0.0016548
475.4	0.00164017
475.5	0.00162271
475.6	0.00160385
475.7	0.00158917
475.8	0.00157758
475.9	0.00156477
476	0.00154887
476.1	0.0015313
476.2	0.00151382
476.3	0.00149525
476.4	0.00147674
476.5	0.00145603
476.6	0.00143575
476.7	0.00141518
476.8	0.00139743
476.9	0.00138048
477	0.00136413
477.1	0.00134825
477.2	0.00133666
477.3	0.00132676
477.4	0.00132036
477.5	0.00131348
477.6	0.00131074
477.7	0.00131065
477.8	0.00131667
477.9	0.00132415
478	0.0013333
478.1	0.00134618
478.2	0.00136357
478.3	0.00138621
478.4	0.00140697
478.5	0.00142462
478.6	0.00144375
478.7	0.00145882
478.8	0.0014698
478.9	0.00148356
479	0.00149583
479.1	0.00150551
479.2	0.00150559
479.3	0.00150432
479.4	0.0015027
479.5	0.0014952
479.6	0.00148666
479.7	0.00148118
479.8	0.00147227
479.9	0.00146557
480	0.00146058
480.1	0.0014527
480.2	0.00143721
480.3	0.00141702
480.4	0.00139492
480.5	0.00137216
480.6	0.00134663
480.7	0.00131995
480.8	0.00129448
480.9	0.00127037
481	0.00124676
481.1	0.00122574
481.2	0.00120609
481.3	0.00118977
481.4	0.00118017
481.5	0.00117514
481.6	0.00117028
481.7	0.00116686
481.8	0.00116223
481.9	0.00115544
482	0.00114959
482.1	0.00114464
482.2	0.00113974
482.3	0.00113332
482.4	0.00112659
482.5	0.00111774
482.6	0.00109978
482.7	0.00107696
482.8	0.00105221
482.9	0.0010272
483	0.00100603
483.1	0.000989353
483.2	0.000973188
483.3	0.000954744
483.4	0.000933754
483.5	0.000917552
483.6	0.000903686
483.7	0.000891066
483.8	0.000879287
483.9	0.00087066
484	0.000858083
484.1	0.00083736
484.2	0.000813165
484.3	0.000786921
484.4	0.000756144
484.5	0.000727419
484.6	0.000703124
484.7	0.000678396
484.8	0.000650509
484.9	0.000622404
485	0.000597866
485.1	0.00057579
485.2	0.000556539
485.3	0.00053955
485.4	0.000520934
485.5	0.000499379
485.6	0.000478668
485.7	0.00046017
485.8	0.000442155
485.9	0.000429311
486	0.000423384
486.1	0.000425269
486.2	0.00042969
486.3	0.00043203
486.4	0.000433785
486.5	0.000437404
486.6	0.000442377
486.7	0.000447368
486.8	0.000449714
486.9	0.000450351
487	0.000451688
487.1	0.000451278
487.2	0.000446221
487.3	0.000441573
487.4	0.000439048
487.5	0.000431815
487.6	0.000422166
487.7	0.000409336
487.8	0.000394932
487.9	0.000377176
488	0.000361385
488.1	0.000347291
488.2	0.000333535
488.3	0.000319407
488.4	0.000309316
488.5	0.000299792
488.6	0.000293764
488.7	0.000292285
488.8	0.000288148
488.9	0.000277354
489	0.000262093
489.1	0.000243323
489.2	0.000224637
489.3	0.000206002
489.4	0.000182347
489.5	0.000153167
489.6	0.000124054
489.7	9.5569e-05
489.8	6.91323e-05
489.9	4.37242e-05
490	2.31767e-05
490.1	2.70673e-06
490.2	-1.74822e-05
490.3	-3.82639e-05
490.4	-6.57565e-05
490.5	-9.72949e-05
490.6	-0.000132445
490.7	-0.000164185
490.8	-0.000194123
490.9	-0.000221409
491	-0.00024518
491.1	-0.000269581
491.2	-0.000293452
491.3	-0.000315952
491.4	-0.000342319
491.5	-0.000373879
491.6	-0.000412098
491.7	-0.000446728
491.8	-0.000483633
491.9	-0.000521028
492	-0.00056152
492.1	-0.000605786
492.2	-0.000650196
492.3	-0.000689813
492.4	-0.000719186
492.5	-0.000749826
492.6	-0.000781239
492.7	-0.000813602
492.8	-0.000848227
492.9	-0.000882797
493	-0.000918457
493.1	-0.000952096
493.2	-0.000986946
493.3	-0.00102133
493.4	-0.0010515
493.5	-0.00107651
493.6	-0.00109945
493.7	-0.00111835
493.8	-0.00113578
493.9	-0.00116141
494	-0.00119278
494.1	-0.00122743
494.2	-0.00126446
494.3	-0.00129954
494.4	-0.00133351
494.5	-0.00136511
494.6	-0.00139039
494.7	-0.00140712
494.8	-0.00141542
494.9	-0.00142545
495	-0.00143768
495.1	-0.00144915
495.2	-0.00146384
495.3	-0.00147871
495.4	-0.0014871
495.5	-0.00149792
495.6	-0.00151295
495.7	-0.00152851
495.8	-0.00154702
495.9	-0.00156444
496	-0.00158204
496.1	-0.00160099
496.2	-0.00162246
496.3	-0.00163958
496.4	-0.00164899
496.5	-0.00165509
496.6	-0.00165431
496.7	-0.00165163
496.8	-0.00164978
496.9	-0.00164752
497	-0.00164378
497.1	-0.00163725
497.2	-0.00162637
497.3	-0.00161688
497.4	-0.00161166
497.5	-0.0016097
497.6	-0.00161495
497.7	-0.00162784
497.8	-0.00164428
497.9	-0.00166338
498	-0.00168569
498.1	-0.00170825
498.2	-0.00173442
498.3	-0.00176495
498.4	-0.00180022
498.5	-0.00183874
498.6	-0.00187881
498.7	-0.00191588
498.8	-0.00194602
498.9	-0.00196662
499	-0.00198564
499.1	-0.00200631
499.2	-0.00202444
499.3	-0.0020375
499.4	-0.00204943
499.5	-0.00206259
499.6	-0.00207877
499.7	-0.00209342
499.8	-0.00210725
499.9	-0.00211888
500	-0.00212846
