LagTime	Correlation

0	2.56321
0.1	2.5582
0.2	2.55071
0.3	2.54266
0.4	2.5345
0.5	2.52637
0.6	2.51829
0.7	2.51027
0.8	2.50231
0.9	2.49441
1	2.48656
1.1	2.47876
1.2	2.47102
1.3	2.46333
1.4	2.45568
1.5	2.4481
1.6	2.44056
1.7	2.43308
1.8	2.42565
1.9	2.41828
2	2.41096
2.1	2.40368
2.2	2.39646
2.3	2.38928
2.4	2.38215
2.5	2.37506
2.6	2.36802
2.7	2.36102
2.8	2.35407
2.9	2.34717
3	2.34031
3.1	2.3335
3.2	2.32674
3.3	2.32002
3.4	2.31335
3.5	2.30672
3.6	2.30013
3.7	2.29359
3.8	2.2871
3.9	2.28065
4	2.27423
4.1	2.26786
4.2	2.26152
4.3	2.25523
4.4	2.24898
4.5	2.24276
4.6	2.23658
4.7	2.23044
4.8	2.22433
4.9	2.21825
5	2.21221
5.1	2.20621
5.2	2.20023
5.3	2.1943
5.4	2.18841
5.5	2.18254
5.6	2.17671
5.7	2.17091
5.8	2.16514
5.9	2.1594
6	2.15369
6.1	2.148
6.2	2.14235
6.3	2.13672
6.4	2.13112
6.5	2.12555
6.6	2.12001
6.7	2.1145
6.8	2.10902
6.9	2.10357
7	2.09815
7.1	2.09276
7.2	2.0874
7.3	2.08206
7.4	2.07674
7.5	2.07145
7.6	2.06618
7.7	2.06095
7.8	2.05574
7.9	2.05057
8	2.04541
8.1	2.04029
8.2	2.0352
8.3	2.03013
8.4	2.02508
8.5	2.02005
8.6	2.01504
8.7	2.01005
8.8	2.00509
8.9	2.00016
9	1.99525
9.1	1.99037
9.2	1.98551
9.3	1.98068
9.4	1.97586
9.5	1.97105
9.6	1.96626
9.7	1.96149
9.8	1.95674
9.9	1.95201
10	1.9473
10.1	1.94261
10.2	1.93795
10.3	1.93331
10.4	1.9287
10.5	1.9241
10.6	1.91953
10.7	1.91497
10.8	1.91044
10.9	1.90593
11	1.90144
11.1	1.89696
11.2	1.89251
11.3	1.88808
11.4	1.88367
11.5	1.87927
11.6	1.8749
11.7	1.87053
11.8	1.86618
11.9	1.86185
12	1.85753
12.1	1.85324
12.2	1.84895
12.3	1.84469
12.4	1.84044
12.5	1.83623
12.6	1.83203
12.7	1.82786
12.8	1.82369
12.9	1.81954
13	1.81541
13.1	1.81131
13.2	1.80722
13.3	1.80315
13.4	1.79909
13.5	1.79505
13.6	1.79103
13.7	1.78701
13.8	1.783
13.9	1.779
14	1.77501
14.1	1.77104
14.2	1.76708
14.3	1.76314
14.4	1.75921
14.5	1.7553
14.6	1.75139
14.7	1.74751
14.8	1.74364
14.9	1.73979
15	1.73594
15.1	1.73211
15.2	1.7283
15.3	1.72451
15.4	1.72074
15.5	1.71698
15.6	1.71323
15.7	1.70951
15.8	1.7058
15.9	1.7021
16	1.69842
16.1	1.69476
16.2	1.69112
16.3	1.68749
16.4	1.68387
16.5	1.68028
16.6	1.67669
16.7	1.67312
16.8	1.66957
16.9	1.66602
17	1.66248
17.1	1.65896
17.2	1.65544
17.3	1.65193
17.4	1.64842
17.5	1.64492
17.6	1.64143
17.7	1.63796
17.8	1.63449
17.9	1.63104
18	1.62759
18.1	1.62416
18.2	1.62073
18.3	1.61732
18.4	1.61391
18.5	1.61052
18.6	1.60714
18.7	1.60376
18.8	1.60039
18.9	1.59704
19	1.59369
19.1	1.59035
19.2	1.58702
19.3	1.58371
19.4	1.58041
19.5	1.57712
19.6	1.57384
19.7	1.57057
19.8	1.56732
19.9	1.56406
20	1.56081
20.1	1.55757
20.2	1.55433
20.3	1.5511
20.4	1.54787
20.5	1.54466
20.6	1.54145
20.7	1.53825
20.8	1.53506
20.9	1.53187
21	1.52869
21.1	1.52552
21.2	1.52236
21.3	1.51922
21.4	1.51608
21.5	1.51295
21.6	1.50983
21.7	1.50672
21.8	1.50362
21.9	1.50053
22	1.49746
22.1	1.49439
22.2	1.49133
22.3	1.48827
22.4	1.48523
22.5	1.4822
22.6	1.47918
22.7	1.47616
22.8	1.47315
22.9	1.47015
23	1.46715
23.1	1.46415
23.2	1.46117
23.3	1.4582
23.4	1.45524
23.5	1.45229
23.6	1.44934
23.7	1.4464
23.8	1.44348
23.9	1.44055
24	1.43764
24.1	1.43473
24.2	1.43183
24.3	1.42893
24.4	1.42605
24.5	1.42316
24.6	1.42029
24.7	1.41742
24.8	1.41457
24.9	1.41173
25	1.4089
25.1	1.40607
25.2	1.40324
25.3	1.40043
25.4	1.39764
25.5	1.39485
25.6	1.39206
25.7	1.38929
25.8	1.38652
25.9	1.38375
26	1.38099
26.1	1.37823
26.2	1.37549
26.3	1.37275
26.4	1.37002
26.5	1.3673
26.6	1.36458
26.7	1.36187
26.8	1.35918
26.9	1.3565
27	1.35383
27.1	1.35117
27.2	1.34852
27.3	1.34588
27.4	1.34324
27.5	1.34061
27.6	1.33798
27.7	1.33536
27.8	1.33275
27.9	1.33014
28	1.32755
28.1	1.32495
28.2	1.32236
28.3	1.31978
28.4	1.3172
28.5	1.31464
28.6	1.31207
28.7	1.30951
28.8	1.30694
28.9	1.30438
29	1.30182
29.1	1.29928
29.2	1.29673
29.3	1.2942
29.4	1.29167
29.5	1.28914
29.6	1.28662
29.7	1.28411
29.8	1.2816
29.9	1.2791
30	1.27661
30.1	1.27413
30.2	1.27165
30.3	1.26918
30.4	1.26671
30.5	1.26425
30.6	1.2618
30.7	1.25935
30.8	1.25691
30.9	1.25448
31	1.25205
31.1	1.24963
31.2	1.24721
31.3	1.24479
31.4	1.24239
31.5	1.23998
31.6	1.23758
31.7	1.23519
31.8	1.23279
31.9	1.2304
32	1.22803
32.1	1.22566
32.2	1.2233
32.3	1.22095
32.4	1.2186
32.5	1.21625
32.6	1.21391
32.7	1.21158
32.8	1.20924
32.9	1.2069
33	1.20456
33.1	1.20223
33.2	1.1999
33.3	1.19757
33.4	1.19525
33.5	1.19293
33.6	1.19062
33.7	1.18831
33.8	1.186
33.9	1.1837
34	1.18141
34.1	1.17912
34.2	1.17684
34.3	1.17455
34.4	1.17227
34.5	1.17
34.6	1.16773
34.7	1.16547
34.8	1.16322
34.9	1.16097
35	1.15872
35.1	1.15648
35.2	1.15424
35.3	1.15201
35.4	1.14978
35.5	1.14756
35.6	1.14534
35.7	1.14312
35.8	1.14091
35.9	1.13871
36	1.1365
36.1	1.1343
36.2	1.1321
36.3	1.12991
36.4	1.12772
36.5	1.12553
36.6	1.12336
36.7	1.12119
36.8	1.11902
36.9	1.11687
37	1.11472
37.1	1.11257
37.2	1.11043
37.3	1.1083
37.4	1.10617
37.5	1.10404
37.6	1.10192
37.7	1.0998
37.8	1.09769
37.9	1.09558
38	1.09348
38.1	1.09139
38.2	1.08929
38.3	1.08719
38.4	1.0851
38.5	1.083
38.6	1.08091
38.7	1.07881
38.8	1.07671
38.9	1.07461
39	1.07252
39.1	1.07043
39.2	1.06835
39.3	1.06627
39.4	1.06419
39.5	1.06211
39.6	1.06004
39.7	1.05798
39.8	1.05593
39.9	1.05387
40	1.05182
40.1	1.04978
40.2	1.04774
40.3	1.0457
40.4	1.04368
40.5	1.04167
40.6	1.03967
40.7	1.03767
40.8	1.03567
40.9	1.03368
41	1.03169
41.1	1.02969
41.2	1.0277
41.3	1.02571
41.4	1.02372
41.5	1.02174
41.6	1.01976
41.7	1.01779
41.8	1.01582
41.9	1.01386
42	1.01191
42.1	1.00997
42.2	1.00803
42.3	1.00611
42.4	1.00418
42.5	1.00226
42.6	1.00034
42.7	0.998412
42.8	0.996495
42.9	0.994578
43	0.992665
43.1	0.990757
43.2	0.988856
43.3	0.986959
43.4	0.985064
43.5	0.983173
43.6	0.981287
43.7	0.979405
43.8	0.977523
43.9	0.975641
44	0.973763
44.1	0.97189
44.2	0.970023
44.3	0.968162
44.4	0.966303
44.5	0.964444
44.6	0.962584
44.7	0.96073
44.8	0.958881
44.9	0.957038
45	0.955203
45.1	0.953379
45.2	0.951563
45.3	0.949746
45.4	0.947932
45.5	0.94612
45.6	0.944313
45.7	0.94251
45.8	0.940715
45.9	0.938926
46	0.937138
46.1	0.935358
46.2	0.933584
46.3	0.931809
46.4	0.930035
46.5	0.928266
46.6	0.9265
46.7	0.924736
46.8	0.922973
46.9	0.921216
47	0.919465
47.1	0.917719
47.2	0.91598
47.3	0.914247
47.4	0.912516
47.5	0.910784
47.6	0.90905
47.7	0.90732
47.8	0.905596
47.9	0.903883
48	0.902177
48.1	0.900479
48.2	0.898779
48.3	0.897085
48.4	0.895397
48.5	0.893714
48.6	0.892037
48.7	0.890367
48.8	0.888699
48.9	0.887039
49	0.885387
49.1	0.883744
49.2	0.8821
49.3	0.880458
49.4	0.87882
49.5	0.877189
49.6	0.875561
49.7	0.873934
49.8	0.872313
49.9	0.870696
50	0.86908
50.1	0.867467
50.2	0.865853
50.3	0.864242
50.4	0.862633
50.5	0.861025
50.6	0.859419
50.7	0.857819
50.8	0.856221
50.9	0.854624
51	0.853023
51.1	0.851425
51.2	0.849829
51.3	0.84824
51.4	0.846661
51.5	0.845088
51.6	0.843519
51.7	0.841956
51.8	0.840394
51.9	0.838831
52	0.837272
52.1	0.835713
52.2	0.834153
52.3	0.832593
52.4	0.831028
52.5	0.829469
52.6	0.827915
52.7	0.826363
52.8	0.824815
52.9	0.823276
53	0.821741
53.1	0.820207
53.2	0.818671
53.3	0.817127
53.4	0.815585
53.5	0.814042
53.6	0.812503
53.7	0.81097
53.8	0.809446
53.9	0.807925
54	0.806406
54.1	0.804896
54.2	0.803395
54.3	0.8019
54.4	0.800407
54.5	0.798922
54.6	0.797444
54.7	0.795968
54.8	0.794496
54.9	0.793028
55	0.791568
55.1	0.790111
55.2	0.788657
55.3	0.787205
55.4	0.785762
55.5	0.784323
55.6	0.782889
55.7	0.781459
55.8	0.780032
55.9	0.778605
56	0.777175
56.1	0.775746
56.2	0.774315
56.3	0.772887
56.4	0.771462
56.5	0.770043
56.6	0.768629
56.7	0.767222
56.8	0.765822
56.9	0.764426
57	0.763028
57.1	0.761634
57.2	0.760238
57.3	0.758844
57.4	0.757445
57.5	0.756038
57.6	0.754634
57.7	0.753229
57.8	0.751824
57.9	0.750423
58	0.749027
58.1	0.747636
58.2	0.746243
58.3	0.744852
58.4	0.743462
58.5	0.742074
58.6	0.740689
58.7	0.739308
58.8	0.737933
58.9	0.736563
59	0.735199
59.1	0.733837
59.2	0.732473
59.3	0.731107
59.4	0.729741
59.5	0.728374
59.6	0.727015
59.7	0.725664
59.8	0.724317
59.9	0.722976
60	0.721636
60.1	0.720303
60.2	0.718975
60.3	0.717658
60.4	0.716346
60.5	0.715031
60.6	0.713716
60.7	0.712402
60.8	0.711085
60.9	0.70977
61	0.708459
61.1	0.707154
61.2	0.70585
61.3	0.704543
61.4	0.703234
61.5	0.701924
61.6	0.700615
61.7	0.699312
61.8	0.698019
61.9	0.696734
62	0.695456
62.1	0.69418
62.2	0.692901
62.3	0.691625
62.4	0.69035
62.5	0.689076
62.6	0.687796
62.7	0.686515
62.8	0.685235
62.9	0.683955
63	0.682672
63.1	0.68139
63.2	0.680109
63.3	0.67883
63.4	0.677556
63.5	0.676288
63.6	0.675029
63.7	0.673775
63.8	0.672526
63.9	0.67128
64	0.67003
64.1	0.668778
64.2	0.667524
64.3	0.666273
64.4	0.665021
64.5	0.663766
64.6	0.662509
64.7	0.661251
64.8	0.659995
64.9	0.658743
65	0.657486
65.1	0.65623
65.2	0.654975
65.3	0.653716
65.4	0.652455
65.5	0.651197
65.6	0.649945
65.7	0.648693
65.8	0.647441
65.9	0.646194
66	0.644947
66.1	0.643702
66.2	0.642464
66.3	0.641223
66.4	0.639984
66.5	0.63875
66.6	0.637523
66.7	0.636302
66.8	0.635088
66.9	0.633874
67	0.632664
67.1	0.631455
67.2	0.630246
67.3	0.629039
67.4	0.627836
67.5	0.626637
67.6	0.625436
67.7	0.624235
67.8	0.623033
67.9	0.621829
68	0.620629
68.1	0.619436
68.2	0.618251
68.3	0.61707
68.4	0.615893
68.5	0.614715
68.6	0.613542
68.7	0.612371
68.8	0.6112
68.9	0.610024
69	0.608849
69.1	0.607679
69.2	0.606513
69.3	0.605351
69.4	0.60419
69.5	0.603025
69.6	0.60186
69.7	0.600691
69.8	0.599518
69.9	0.59835
70	0.597183
70.1	0.596017
70.2	0.594853
70.3	0.59369
70.4	0.592534
70.5	0.59138
70.6	0.590225
70.7	0.589072
70.8	0.587924
70.9	0.58678
71	0.585641
71.1	0.584505
71.2	0.583378
71.3	0.582257
71.4	0.581139
71.5	0.580023
71.6	0.578914
71.7	0.577812
71.8	0.576708
71.9	0.575603
72	0.574498
72.1	0.573391
72.2	0.572285
72.3	0.571176
72.4	0.570067
72.5	0.568962
72.6	0.567859
72.7	0.566758
72.8	0.565652
72.9	0.564545
73	0.563441
73.1	0.562341
73.2	0.561248
73.3	0.560161
73.4	0.559081
73.5	0.558002
73.6	0.556922
73.7	0.555842
73.8	0.554765
73.9	0.553687
74	0.55261
74.1	0.551532
74.2	0.550455
74.3	0.549382
74.4	0.548312
74.5	0.54724
74.6	0.546168
74.7	0.5451
74.8	0.544034
74.9	0.542969
75	0.541908
75.1	0.540847
75.2	0.539786
75.3	0.53873
75.4	0.53768
75.5	0.536631
75.6	0.535584
75.7	0.534547
75.8	0.533517
75.9	0.53249
76	0.531465
76.1	0.53044
76.2	0.529419
76.3	0.528401
76.4	0.527381
76.5	0.526366
76.6	0.525353
76.7	0.524333
76.8	0.523309
76.9	0.522283
77	0.521253
77.1	0.520219
77.2	0.519186
77.3	0.51815
77.4	0.517107
77.5	0.516063
77.6	0.515022
77.7	0.513983
77.8	0.512947
77.9	0.511909
78	0.510868
78.1	0.509823
78.2	0.508784
78.3	0.507748
78.4	0.506712
78.5	0.50568
78.6	0.504652
78.7	0.503626
78.8	0.502607
78.9	0.501595
79	0.500584
79.1	0.499574
79.2	0.498566
79.3	0.497555
79.4	0.496554
79.5	0.495557
79.6	0.494568
79.7	0.493586
79.8	0.492607
79.9	0.491628
80	0.490655
80.1	0.489685
80.2	0.488726
80.3	0.487772
80.4	0.486814
80.5	0.485857
80.6	0.484901
80.7	0.483948
80.8	0.482993
80.9	0.482036
81	0.481085
81.1	0.480137
81.2	0.47919
81.3	0.478241
81.4	0.47729
81.5	0.476339
81.6	0.475386
81.7	0.474434
81.8	0.473483
81.9	0.472532
82	0.471584
82.1	0.470633
82.2	0.469682
82.3	0.468731
82.4	0.467783
82.5	0.466841
82.6	0.465906
82.7	0.464972
82.8	0.464039
82.9	0.463107
83	0.462181
83.1	0.461258
83.2	0.460338
83.3	0.459419
83.4	0.458502
83.5	0.457587
83.6	0.456669
83.7	0.455747
83.8	0.454822
83.9	0.453894
84	0.452968
84.1	0.452045
84.2	0.451124
84.3	0.450201
84.4	0.449277
84.5	0.448355
84.6	0.447435
84.7	0.446517
84.8	0.445603
84.9	0.444692
85	0.443787
85.1	0.442886
85.2	0.441986
85.3	0.441088
85.4	0.44019
85.5	0.439293
85.6	0.438396
85.7	0.437507
85.8	0.436622
85.9	0.435741
86	0.434861
86.1	0.43398
86.2	0.4331
86.3	0.432223
86.4	0.43135
86.5	0.430481
86.6	0.429614
86.7	0.428749
86.8	0.427883
86.9	0.427023
87	0.426168
87.1	0.425315
87.2	0.424465
87.3	0.423618
87.4	0.422776
87.5	0.421939
87.6	0.421107
87.7	0.420275
87.8	0.419447
87.9	0.418622
88	0.417797
88.1	0.416976
88.2	0.41616
88.3	0.415343
88.4	0.414525
88.5	0.413705
88.6	0.412894
88.7	0.41209
88.8	0.411292
88.9	0.4105
89	0.409714
89.1	0.408928
89.2	0.408145
89.3	0.407364
89.4	0.406583
89.5	0.4058
89.6	0.405013
89.7	0.404228
89.8	0.403448
89.9	0.402668
90	0.401884
90.1	0.401103
90.2	0.400331
90.3	0.399562
90.4	0.398797
90.5	0.398035
90.6	0.397273
90.7	0.39651
90.8	0.395751
90.9	0.394993
91	0.394236
91.1	0.393482
91.2	0.39273
91.3	0.391981
91.4	0.391236
91.5	0.390495
91.6	0.389755
91.7	0.389016
91.8	0.388275
91.9	0.387536
92	0.386803
92.1	0.386073
92.2	0.385343
92.3	0.384612
92.4	0.38388
92.5	0.383141
92.6	0.382398
92.7	0.381655
92.8	0.380915
92.9	0.380178
93	0.379442
93.1	0.378702
93.2	0.37796
93.3	0.377215
93.4	0.376464
93.5	0.375714
93.6	0.374966
93.7	0.374225
93.8	0.373485
93.9	0.372744
94	0.372
94.1	0.371255
94.2	0.37051
94.3	0.36977
94.4	0.369033
94.5	0.368298
94.6	0.367567
94.7	0.366832
94.8	0.366093
94.9	0.365354
95	0.364616
95.1	0.363884
95.2	0.363156
95.3	0.362434
95.4	0.361717
95.5	0.361004
95.6	0.3603
95.7	0.359599
95.8	0.358896
95.9	0.358199
96	0.35751
96.1	0.356821
96.2	0.356128
96.3	0.355434
96.4	0.354741
96.5	0.35405
96.6	0.353366
96.7	0.352687
96.8	0.352019
96.9	0.35136
97	0.350707
97.1	0.350057
97.2	0.349406
97.3	0.348756
97.4	0.348107
97.5	0.347454
97.6	0.346799
97.7	0.346153
97.8	0.345514
97.9	0.344879
98	0.344248
98.1	0.343617
98.2	0.34298
98.3	0.342342
98.4	0.341704
98.5	0.34107
98.6	0.34044
98.7	0.339814
98.8	0.339188
98.9	0.338561
99	0.337938
99.1	0.337322
99.2	0.33671
99.3	0.336103
99.4	0.335499
99.5	0.334888
99.6	0.334276
99.7	0.333666
99.8	0.333051
99.9	0.332432
100	0.33182
100.1	0.331206
100.2	0.330592
100.3	0.329982
100.4	0.329376
100.5	0.328772
100.6	0.328167
100.7	0.327563
100.8	0.326962
100.9	0.326363
101	0.325766
101.1	0.325172
101.2	0.324585
101.3	0.324002
101.4	0.323421
101.5	0.322846
101.6	0.322275
101.7	0.321704
101.8	0.321131
101.9	0.320555
102	0.319978
102.1	0.3194
102.2	0.318821
102.3	0.318244
102.4	0.317671
102.5	0.317099
102.6	0.31653
102.7	0.315962
102.8	0.315396
102.9	0.31483
103	0.314265
103.1	0.3137
103.2	0.313136
103.3	0.312575
103.4	0.312016
103.5	0.311456
103.6	0.3109
103.7	0.310352
103.8	0.309806
103.9	0.309262
104	0.308721
104.1	0.308181
104.2	0.307643
104.3	0.307105
104.4	0.306566
104.5	0.306025
104.6	0.30548
104.7	0.304931
104.8	0.30438
104.9	0.303827
105	0.303272
105.1	0.302715
105.2	0.302155
105.3	0.30159
105.4	0.301025
105.5	0.300459
105.6	0.29989
105.7	0.299321
105.8	0.298749
105.9	0.298174
106	0.297597
106.1	0.297019
106.2	0.296443
106.3	0.295868
106.4	0.295289
106.5	0.294707
106.6	0.294124
106.7	0.293548
106.8	0.292978
106.9	0.292413
107	0.291841
107.1	0.291263
107.2	0.290691
107.3	0.290118
107.4	0.289545
107.5	0.288971
107.6	0.288396
107.7	0.28782
107.8	0.287249
107.9	0.286685
108	0.28612
108.1	0.285553
108.2	0.284988
108.3	0.284423
108.4	0.283855
108.5	0.283285
108.6	0.282718
108.7	0.282151
108.8	0.281586
108.9	0.281027
109	0.280473
109.1	0.279916
109.2	0.27936
109.3	0.278798
109.4	0.278234
109.5	0.27767
109.6	0.277111
109.7	0.276554
109.8	0.276
109.9	0.275447
110	0.274901
110.1	0.274363
110.2	0.273829
110.3	0.273301
110.4	0.272769
110.5	0.272233
110.6	0.271695
110.7	0.271157
110.8	0.270619
110.9	0.270086
111	0.269556
111.1	0.269029
111.2	0.268506
111.3	0.267987
111.4	0.267467
111.5	0.266948
111.6	0.266431
111.7	0.265913
111.8	0.265391
111.9	0.264863
112	0.264331
112.1	0.263796
112.2	0.263258
112.3	0.26272
112.4	0.262181
112.5	0.261646
112.6	0.261109
112.7	0.260572
112.8	0.260042
112.9	0.259516
113	0.258989
113.1	0.258464
113.2	0.257934
113.3	0.257403
113.4	0.256872
113.5	0.256337
113.6	0.255802
113.7	0.255268
113.8	0.254734
113.9	0.254205
114	0.253675
114.1	0.253138
114.2	0.252597
114.3	0.252051
114.4	0.251505
114.5	0.250955
114.6	0.250406
114.7	0.249862
114.8	0.249325
114.9	0.248793
115	0.248262
115.1	0.24773
115.2	0.247197
115.3	0.246662
115.4	0.246131
115.5	0.2456
115.6	0.245071
115.7	0.244541
115.8	0.244007
115.9	0.243474
116	0.242944
116.1	0.242411
116.2	0.24188
116.3	0.241348
116.4	0.240813
116.5	0.24028
116.6	0.239744
116.7	0.239205
116.8	0.238665
116.9	0.23813
117	0.237598
117.1	0.23707
117.2	0.236543
117.3	0.236018
117.4	0.235496
117.5	0.234976
117.6	0.234455
117.7	0.233935
117.8	0.233419
117.9	0.232905
118	0.232392
118.1	0.231881
118.2	0.231368
118.3	0.230857
118.4	0.230347
118.5	0.229834
118.6	0.229322
118.7	0.228811
118.8	0.228303
118.9	0.227794
119	0.227283
119.1	0.226777
119.2	0.226277
119.3	0.225778
119.4	0.22528
119.5	0.224783
119.6	0.224285
119.7	0.223789
119.8	0.223294
119.9	0.222802
120	0.22232
120.1	0.221846
120.2	0.221376
120.3	0.220903
120.4	0.220426
120.5	0.21995
120.6	0.219468
120.7	0.218986
120.8	0.218503
120.9	0.218024
121	0.217545
121.1	0.217065
121.2	0.216586
121.3	0.216112
121.4	0.215637
121.5	0.215168
121.6	0.2147
121.7	0.21423
121.8	0.213764
121.9	0.213301
122	0.212838
122.1	0.212373
122.2	0.21191
122.3	0.211455
122.4	0.211014
122.5	0.21058
122.6	0.210149
122.7	0.209723
122.8	0.209298
122.9	0.208868
123	0.208437
123.1	0.208007
123.2	0.20758
123.3	0.207156
123.4	0.206742
123.5	0.206334
123.6	0.205928
123.7	0.205529
123.8	0.205134
123.9	0.20474
124	0.204347
124.1	0.203952
124.2	0.203557
124.3	0.203159
124.4	0.202763
124.5	0.202369
124.6	0.201975
124.7	0.201578
124.8	0.201175
124.9	0.200771
125	0.20037
125.1	0.199968
125.2	0.199566
125.3	0.199163
125.4	0.198763
125.5	0.198369
125.6	0.197981
125.7	0.197598
125.8	0.197217
125.9	0.196835
126	0.196451
126.1	0.196067
126.2	0.195689
126.3	0.195316
126.4	0.194947
126.5	0.194583
126.6	0.194221
126.7	0.193864
126.8	0.193508
126.9	0.193151
127	0.192792
127.1	0.192429
127.2	0.192067
127.3	0.191709
127.4	0.191347
127.5	0.190985
127.6	0.190625
127.7	0.190268
127.8	0.189918
127.9	0.189566
128	0.189214
128.1	0.188867
128.2	0.188522
128.3	0.188176
128.4	0.187829
128.5	0.187483
128.6	0.187138
128.7	0.186795
128.8	0.186451
128.9	0.186109
129	0.185766
129.1	0.185418
129.2	0.185063
129.3	0.184708
129.4	0.184357
129.5	0.184007
129.6	0.183657
129.7	0.183305
129.8	0.182954
129.9	0.182606
130	0.182257
130.1	0.181908
130.2	0.181557
130.3	0.181205
130.4	0.180852
130.5	0.180498
130.6	0.180142
130.7	0.179783
130.8	0.179427
130.9	0.179072
131	0.178722
131.1	0.178374
131.2	0.178031
131.3	0.177688
131.4	0.177347
131.5	0.177011
131.6	0.176679
131.7	0.176354
131.8	0.17603
131.9	0.17571
132	0.175392
132.1	0.175072
132.2	0.174752
132.3	0.174433
132.4	0.174108
132.5	0.173782
132.6	0.173458
132.7	0.173137
132.8	0.172817
132.9	0.172496
133	0.172177
133.1	0.17186
133.2	0.171543
133.3	0.171227
133.4	0.170909
133.5	0.17059
133.6	0.17027
133.7	0.169952
133.8	0.169633
133.9	0.169313
134	0.168994
134.1	0.168679
134.2	0.168371
134.3	0.168068
134.4	0.167765
134.5	0.167465
134.6	0.167165
134.7	0.166867
134.8	0.166569
134.9	0.166267
135	0.165965
135.1	0.165662
135.2	0.165362
135.3	0.165063
135.4	0.164759
135.5	0.164454
135.6	0.164148
135.7	0.16384
135.8	0.163533
135.9	0.163226
136	0.162921
136.1	0.162621
136.2	0.162319
136.3	0.162017
136.4	0.161715
136.5	0.161414
136.6	0.161108
136.7	0.160802
136.8	0.160492
136.9	0.16018
137	0.159868
137.1	0.159557
137.2	0.15925
137.3	0.158946
137.4	0.158648
137.5	0.158354
137.6	0.158061
137.7	0.157773
137.8	0.157487
137.9	0.157204
138	0.156924
138.1	0.156646
138.2	0.156376
138.3	0.15611
138.4	0.155843
138.5	0.155569
138.6	0.155292
138.7	0.155017
138.8	0.154742
138.9	0.154471
139	0.154204
139.1	0.153942
139.2	0.153683
139.3	0.153429
139.4	0.153184
139.5	0.15294
139.6	0.152687
139.7	0.15243
139.8	0.152168
139.9	0.151912
140	0.151658
140.1	0.151403
140.2	0.151144
140.3	0.150883
140.4	0.150624
140.5	0.150367
140.6	0.150109
140.7	0.149853
140.8	0.149598
140.9	0.149343
141	0.14909
141.1	0.148839
141.2	0.148589
141.3	0.148341
141.4	0.148093
141.5	0.147846
141.6	0.147599
141.7	0.147353
141.8	0.147108
141.9	0.146864
142	0.146623
142.1	0.146385
142.2	0.146154
142.3	0.145918
142.4	0.145679
142.5	0.14544
142.6	0.145199
142.7	0.144962
142.8	0.144727
142.9	0.14449
143	0.144253
143.1	0.144015
143.2	0.143782
143.3	0.143543
143.4	0.143309
143.5	0.143074
143.6	0.142836
143.7	0.142598
143.8	0.142365
143.9	0.142135
144	0.141907
144.1	0.141685
144.2	0.141464
144.3	0.141242
144.4	0.141021
144.5	0.140796
144.6	0.140567
144.7	0.140337
144.8	0.140104
144.9	0.139869
145	0.139632
145.1	0.139394
145.2	0.139156
145.3	0.138913
145.4	0.138667
145.5	0.138423
145.6	0.138181
145.7	0.137941
145.8	0.137704
145.9	0.13747
146	0.137235
146.1	0.136999
146.2	0.13676
146.3	0.136524
146.4	0.136286
146.5	0.136052
146.6	0.135814
146.7	0.135574
146.8	0.135336
146.9	0.135097
147	0.134858
147.1	0.134621
147.2	0.134388
147.3	0.134161
147.4	0.133934
147.5	0.133706
147.6	0.13348
147.7	0.13326
147.8	0.133043
147.9	0.132828
148	0.13261
148.1	0.132391
148.2	0.132176
148.3	0.131966
148.4	0.131759
148.5	0.131553
148.6	0.131346
148.7	0.131136
148.8	0.130926
148.9	0.130717
149	0.130504
149.1	0.130286
149.2	0.130063
149.3	0.129837
149.4	0.129607
149.5	0.129375
149.6	0.129146
149.7	0.128924
149.8	0.128703
149.9	0.128481
150	0.128257
150.1	0.128031
150.2	0.127804
150.3	0.127576
150.4	0.127353
150.5	0.127122
150.6	0.126883
150.7	0.126642
150.8	0.126404
150.9	0.126167
151	0.125931
151.1	0.125697
151.2	0.125466
151.3	0.125245
151.4	0.125032
151.5	0.124823
151.6	0.124612
151.7	0.1244
151.8	0.124188
151.9	0.123974
152	0.123754
152.1	0.123534
152.2	0.123314
152.3	0.123095
152.4	0.122883
152.5	0.122671
152.6	0.122456
152.7	0.122237
152.8	0.122018
152.9	0.121802
153	0.121589
153.1	0.121374
153.2	0.12116
153.3	0.120949
153.4	0.120739
153.5	0.120539
153.6	0.120341
153.7	0.120144
153.8	0.119945
153.9	0.119741
154	0.119536
154.1	0.119325
154.2	0.119116
154.3	0.118908
154.4	0.118702
154.5	0.118499
154.6	0.118293
154.7	0.118084
154.8	0.117876
154.9	0.117671
155	0.117466
155.1	0.117261
155.2	0.117056
155.3	0.116847
155.4	0.116637
155.5	0.116429
155.6	0.116221
155.7	0.116013
155.8	0.115805
155.9	0.115597
156	0.115385
156.1	0.115173
156.2	0.114958
156.3	0.114743
156.4	0.114525
156.5	0.114304
156.6	0.114081
156.7	0.113862
156.8	0.113642
156.9	0.113423
157	0.113209
157.1	0.113
157.2	0.112801
157.3	0.112604
157.4	0.11241
157.5	0.112216
157.6	0.112026
157.7	0.111838
157.8	0.111655
157.9	0.111477
158	0.11131
158.1	0.111148
158.2	0.110993
158.3	0.110838
158.4	0.110682
158.5	0.110527
158.6	0.110371
158.7	0.110215
158.8	0.110061
158.9	0.109908
159	0.109753
159.1	0.109596
159.2	0.109436
159.3	0.109271
159.4	0.109107
159.5	0.108943
159.6	0.108781
159.7	0.108616
159.8	0.108447
159.9	0.108278
160	0.108106
160.1	0.107935
160.2	0.107762
160.3	0.10759
160.4	0.107418
160.5	0.107243
160.6	0.107066
160.7	0.106897
160.8	0.106734
160.9	0.106577
161	0.106419
161.1	0.106259
161.2	0.106098
161.3	0.105932
161.4	0.10576
161.5	0.105582
161.6	0.105401
161.7	0.105214
161.8	0.105025
161.9	0.104836
162	0.104647
162.1	0.10446
162.2	0.104271
162.3	0.104084
162.4	0.103899
162.5	0.103718
162.6	0.103542
162.7	0.103372
162.8	0.103203
162.9	0.103032
163	0.102857
163.1	0.102675
163.2	0.102493
163.3	0.102312
163.4	0.102139
163.5	0.101971
163.6	0.101806
163.7	0.101639
163.8	0.101471
163.9	0.101307
164	0.101144
164.1	0.100982
164.2	0.100818
164.3	0.100651
164.4	0.100483
164.5	0.10031
164.6	0.100137
164.7	0.0999604
164.8	0.0997858
164.9	0.0996097
165	0.099433
165.1	0.099262
165.2	0.0990911
165.3	0.0989175
165.4	0.0987442
165.5	0.0985685
165.6	0.0983969
165.7	0.0982255
165.8	0.0980495
165.9	0.0978748
166	0.0977002
166.1	0.0975203
166.2	0.0973405
166.3	0.0971648
166.4	0.0969933
166.5	0.0968158
166.6	0.0966385
166.7	0.0964624
166.8	0.0962843
166.9	0.0961035
167	0.0959187
167.1	0.0957328
167.2	0.095546
167.3	0.0953602
167.4	0.0951713
167.5	0.0949807
167.6	0.0947874
167.7	0.0945904
167.8	0.0943944
167.9	0.0941982
168	0.0940004
168.1	0.0938022
168.2	0.0936068
168.3	0.0934093
168.4	0.0932094
168.5	0.0930117
168.6	0.0928154
168.7	0.092615
168.8	0.092408
168.9	0.0922016
169	0.0919945
169.1	0.091786
169.2	0.0915775
169.3	0.0913659
169.4	0.0911546
169.5	0.0909471
169.6	0.0907382
169.7	0.0905287
169.8	0.0903253
169.9	0.0901272
170	0.0899349
170.1	0.0897486
170.2	0.0895674
170.3	0.0893857
170.4	0.0892014
170.5	0.0890192
170.6	0.088836
170.7	0.0886516
170.8	0.088463
170.9	0.08827
171	0.0880763
171.1	0.0878828
171.2	0.0876917
171.3	0.0875022
171.4	0.0873152
171.5	0.0871276
171.6	0.0869381
171.7	0.0867493
171.8	0.0865662
171.9	0.0863855
172	0.0862125
172.1	0.0860413
172.2	0.0858748
172.3	0.0857087
172.4	0.0855383
172.5	0.0853664
172.6	0.0851908
172.7	0.0850155
172.8	0.0848423
172.9	0.0846649
173	0.0844919
173.1	0.0843157
173.2	0.0841404
173.3	0.0839635
173.4	0.0837899
173.5	0.0836119
173.6	0.0834313
173.7	0.0832467
173.8	0.0830565
173.9	0.0828618
174	0.0826682
174.1	0.0824766
174.2	0.0822847
174.3	0.0820922
174.4	0.0818989
174.5	0.0817029
174.6	0.081509
174.7	0.0813195
174.8	0.0811306
174.9	0.0809394
175	0.0807536
175.1	0.0805695
175.2	0.0803861
175.3	0.0801999
175.4	0.0800108
175.5	0.0798187
175.6	0.0796251
175.7	0.0794325
175.8	0.0792395
175.9	0.0790505
176	0.0788641
176.1	0.0786791
176.2	0.0784946
176.3	0.0783148
176.4	0.0781376
176.5	0.0779595
176.6	0.0777797
176.7	0.0776047
176.8	0.0774339
176.9	0.0772623
177	0.0770924
177.1	0.0769175
177.2	0.0767386
177.3	0.0765618
177.4	0.076384
177.5	0.0762135
177.6	0.0760426
177.7	0.075873
177.8	0.0757087
177.9	0.0755452
178	0.075384
178.1	0.0752275
178.2	0.0750767
178.3	0.07493
178.4	0.0747862
178.5	0.0746435
178.6	0.074501
178.7	0.0743566
178.8	0.0742145
178.9	0.0740712
179	0.0739265
179.1	0.0737765
179.2	0.0736233
179.3	0.0734691
179.4	0.0733171
179.5	0.0731703
179.6	0.0730257
179.7	0.0728819
179.8	0.0727375
179.9	0.0725918
180	0.0724449
180.1	0.0722996
180.2	0.0721533
180.3	0.0720095
180.4	0.0718643
180.5	0.0717222
180.6	0.0715815
180.7	0.0714414
180.8	0.0712989
180.9	0.0711488
181	0.0709906
181.1	0.0708283
181.2	0.0706627
181.3	0.0704972
181.4	0.0703361
181.5	0.0701779
181.6	0.0700203
181.7	0.0698615
181.8	0.0696976
181.9	0.069531
182	0.0693696
182.1	0.0692121
182.2	0.0690579
182.3	0.0688995
182.4	0.0687375
182.5	0.0685764
182.6	0.0684134
182.7	0.0682508
182.8	0.0680859
182.9	0.0679194
183	0.067756
183.1	0.0675976
183.2	0.0674403
183.3	0.0672811
183.4	0.067121
183.5	0.0669584
183.6	0.0667984
183.7	0.0666391
183.8	0.066479
183.9	0.0663153
184	0.0661495
184.1	0.0659829
184.2	0.0658134
184.3	0.0656444
184.4	0.0654725
184.5	0.0653039
184.6	0.0651402
184.7	0.064979
184.8	0.0648211
184.9	0.0646634
185	0.0645045
185.1	0.0643483
185.2	0.0641968
185.3	0.0640439
185.4	0.0638966
185.5	0.0637524
185.6	0.0636095
185.7	0.0634649
185.8	0.0633121
185.9	0.0631536
186	0.0629931
186.1	0.062829
186.2	0.0626647
186.3	0.0625019
186.4	0.0623464
186.5	0.0621933
186.6	0.0620448
186.7	0.0619003
186.8	0.0617578
186.9	0.0616109
187	0.0614626
187.1	0.0613131
187.2	0.0611654
187.3	0.0610188
187.4	0.0608757
187.5	0.0607297
187.6	0.060575
187.7	0.0604162
187.8	0.0602519
187.9	0.0600836
188	0.059916
188.1	0.059753
188.2	0.059586
188.3	0.0594149
188.4	0.0592404
188.5	0.0590618
188.6	0.0588775
188.7	0.0586905
188.8	0.0585
188.9	0.0583069
189	0.0581124
189.1	0.0579165
189.2	0.0577212
189.3	0.0575305
189.4	0.0573394
189.5	0.0571474
189.6	0.0569585
189.7	0.0567739
189.8	0.0565946
189.9	0.0564147
190	0.0562324
190.1	0.0560515
190.2	0.0558747
190.3	0.0557003
190.4	0.0555221
190.5	0.0553406
190.6	0.0551535
190.7	0.054964
190.8	0.0547766
190.9	0.0545897
191	0.054402
191.1	0.0542171
191.2	0.0540334
191.3	0.0538563
191.4	0.0536834
191.5	0.0535079
191.6	0.0533332
191.7	0.0531574
191.8	0.0529829
191.9	0.052809
192	0.052635
192.1	0.0524654
192.2	0.0522968
192.3	0.0521298
192.4	0.0519644
192.5	0.0518023
192.6	0.0516488
192.7	0.0514988
192.8	0.051355
192.9	0.0512122
193	0.0510745
193.1	0.0509375
193.2	0.0508041
193.3	0.0506743
193.4	0.0505487
193.5	0.0504252
193.6	0.0503027
193.7	0.0501801
193.8	0.0500612
193.9	0.0499446
194	0.0498237
194.1	0.0497015
194.2	0.0495759
194.3	0.0494476
194.4	0.0493195
194.5	0.0491908
194.6	0.0490594
194.7	0.048932
194.8	0.0488089
194.9	0.0486866
195	0.0485649
195.1	0.0484422
195.2	0.0483209
195.3	0.0482036
195.4	0.0480903
195.5	0.047977
195.6	0.0478621
195.7	0.0477448
195.8	0.0476288
195.9	0.0475136
196	0.0474015
196.1	0.047296
196.2	0.0471915
196.3	0.0470938
196.4	0.0469981
196.5	0.0468993
196.6	0.0467987
196.7	0.0466961
196.8	0.0465936
196.9	0.0464919
197	0.0463901
197.1	0.0462881
197.2	0.0461883
197.3	0.0460897
197.4	0.0459931
197.5	0.0458996
197.6	0.0458058
197.7	0.045712
197.8	0.0456171
197.9	0.0455234
198	0.0454305
198.1	0.045342
198.2	0.0452572
198.3	0.0451744
198.4	0.0450946
198.5	0.0450142
198.6	0.0449315
198.7	0.04484
198.8	0.0447438
198.9	0.04464
199	0.0445325
199.1	0.0444209
199.2	0.0443044
199.3	0.0441828
199.4	0.0440591
199.5	0.0439332
199.6	0.0438093
199.7	0.0436876
199.8	0.0435653
199.9	0.0434421
200	0.0433117
200.1	0.04318
200.2	0.0430501
200.3	0.0429194
200.4	0.0427869
200.5	0.0426566
200.6	0.0425303
200.7	0.0424131
200.8	0.0423033
200.9	0.0422009
201	0.0421052
201.1	0.0420129
201.2	0.0419218
201.3	0.0418294
201.4	0.0417348
201.5	0.0416394
201.6	0.0415435
201.7	0.041447
201.8	0.0413531
201.9	0.0412631
202	0.0411728
202.1	0.0410806
202.2	0.0409846
202.3	0.0408859
202.4	0.0407903
202.5	0.040696
202.6	0.0406049
202.7	0.0405159
202.8	0.0404278
202.9	0.0403382
203	0.0402494
203.1	0.0401607
203.2	0.0400695
203.3	0.0399754
203.4	0.0398763
203.5	0.039777
203.6	0.0396782
203.7	0.0395781
203.8	0.039482
203.9	0.0393864
204	0.0392889
204.1	0.0391971
204.2	0.0391104
204.3	0.0390245
204.4	0.0389406
204.5	0.0388565
204.6	0.0387736
204.7	0.038693
204.8	0.0386139
204.9	0.0385386
205	0.0384706
205.1	0.0384042
205.2	0.0383384
205.3	0.038273
205.4	0.03821
205.5	0.03815
205.6	0.038092
205.7	0.0380355
205.8	0.037982
205.9	0.0379327
206	0.0378824
206.1	0.0378367
206.2	0.0377913
206.3	0.0377455
206.4	0.0377001
206.5	0.0376549
206.6	0.0376136
206.7	0.037581
206.8	0.0375486
206.9	0.0375163
207	0.0374877
207.1	0.0374609
207.2	0.037436
207.3	0.0374133
207.4	0.0373924
207.5	0.0373695
207.6	0.0373462
207.7	0.0373271
207.8	0.0373122
207.9	0.0372967
208	0.0372865
208.1	0.0372787
208.2	0.0372661
208.3	0.0372509
208.4	0.0372333
208.5	0.0372152
208.6	0.0371953
208.7	0.0371769
208.8	0.0371593
208.9	0.0371438
209	0.0371244
209.1	0.0371002
209.2	0.0370723
209.3	0.0370436
209.4	0.0370126
209.5	0.0369807
209.6	0.0369471
209.7	0.0369147
209.8	0.0368817
209.9	0.0368471
210	0.0368153
210.1	0.0367845
210.2	0.0367553
210.3	0.0367269
210.4	0.0367
210.5	0.0366736
210.6	0.0366533
210.7	0.0366353
210.8	0.036619
210.9	0.036605
211	0.0365893
211.1	0.0365745
211.2	0.0365628
211.3	0.0365542
211.4	0.0365489
211.5	0.0365439
211.6	0.0365342
211.7	0.0365229
211.8	0.0365106
211.9	0.0364965
212	0.0364821
212.1	0.0364629
212.2	0.0364441
212.3	0.0364259
212.4	0.0364022
212.5	0.0363719
212.6	0.0363365
212.7	0.0362999
212.8	0.0362603
212.9	0.0362177
213	0.0361769
213.1	0.0361402
213.2	0.0361061
213.3	0.0360698
213.4	0.0360299
213.5	0.0359902
213.6	0.0359495
213.7	0.0359113
213.8	0.0358742
213.9	0.0358402
214	0.0358073
214.1	0.0357751
214.2	0.0357402
214.3	0.0357048
214.4	0.0356712
214.5	0.0356309
214.6	0.0355929
214.7	0.0355592
214.8	0.0355302
214.9	0.0355024
215	0.0354797
215.1	0.0354606
215.2	0.0354455
215.3	0.0354356
215.4	0.0354263
215.5	0.0354162
215.6	0.0354074
215.7	0.0353988
215.8	0.0353936
215.9	0.0353901
216	0.03539
216.1	0.035389
216.2	0.0353893
216.3	0.0353896
216.4	0.035384
216.5	0.0353767
216.6	0.0353662
216.7	0.0353533
216.8	0.0353413
216.9	0.0353318
217	0.0353276
217.1	0.0353287
217.2	0.0353275
217.3	0.0353214
217.4	0.0353174
217.5	0.0353128
217.6	0.0353084
217.7	0.0353077
217.8	0.035313
217.9	0.0353283
218	0.0353517
218.1	0.0353829
218.2	0.0354127
218.3	0.0354408
218.4	0.03547
218.5	0.035495
218.6	0.0355212
218.7	0.0355438
218.8	0.0355642
218.9	0.0355787
219	0.0355879
219.1	0.035587
219.2	0.035578
219.3	0.0355654
219.4	0.03555
219.5	0.0355335
219.6	0.0355142
219.7	0.035496
219.8	0.0354782
219.9	0.0354633
220	0.0354497
220.1	0.0354434
220.2	0.0354402
220.3	0.0354354
220.4	0.0354363
220.5	0.0354409
220.6	0.0354453
220.7	0.0354568
220.8	0.0354706
220.9	0.0354836
221	0.0354934
221.1	0.0355012
221.2	0.0355089
221.3	0.035516
221.4	0.0355206
221.5	0.0355213
221.6	0.0355239
221.7	0.0355306
221.8	0.0355382
221.9	0.0355455
222	0.0355526
222.1	0.0355563
222.2	0.0355552
222.3	0.035546
222.4	0.0355312
222.5	0.0355148
222.6	0.0354939
222.7	0.0354729
222.8	0.035445
222.9	0.0354138
223	0.0353844
223.1	0.0353573
223.2	0.0353318
223.3	0.0353042
223.4	0.0352785
223.5	0.0352539
223.6	0.0352296
223.7	0.0352039
223.8	0.0351769
223.9	0.0351476
224	0.0351173
224.1	0.035086
224.2	0.0350544
224.3	0.0350251
224.4	0.0349991
224.5	0.0349775
224.6	0.0349527
224.7	0.0349254
224.8	0.0349003
224.9	0.0348743
225	0.0348464
225.1	0.0348192
225.2	0.0347915
225.3	0.0347625
225.4	0.0347313
225.5	0.0347018
225.6	0.0346789
225.7	0.0346541
225.8	0.0346239
225.9	0.0345926
226	0.0345585
226.1	0.0345252
226.2	0.0345025
226.3	0.0344896
226.4	0.0344768
226.5	0.0344632
226.6	0.0344433
226.7	0.0344144
226.8	0.0343804
226.9	0.0343455
227	0.0343137
227.1	0.0342866
227.2	0.034261
227.3	0.0342373
227.4	0.0342175
227.5	0.0341965
227.6	0.0341794
227.7	0.0341693
227.8	0.0341546
227.9	0.0341356
228	0.03412
228.1	0.034106
228.2	0.034095
228.3	0.0340839
228.4	0.034074
228.5	0.0340641
228.6	0.0340546
228.7	0.0340458
228.8	0.0340365
228.9	0.0340235
229	0.0340092
229.1	0.0339955
229.2	0.0339839
229.3	0.0339687
229.4	0.0339505
229.5	0.0339272
229.6	0.033903
229.7	0.0338761
229.8	0.0338504
229.9	0.033824
230	0.0337991
230.1	0.0337753
230.2	0.0337507
230.3	0.0337264
230.4	0.0336985
230.5	0.033669
230.6	0.0336408
230.7	0.0336145
230.8	0.0335901
230.9	0.033565
231	0.0335417
231.1	0.0335141
231.2	0.0334796
231.3	0.0334413
231.4	0.0334015
231.5	0.0333646
231.6	0.0333295
231.7	0.0332937
231.8	0.033256
231.9	0.0332139
232	0.0331714
232.1	0.0331261
232.2	0.0330804
232.3	0.0330333
232.4	0.0329829
232.5	0.032932
232.6	0.032882
232.7	0.0328342
232.8	0.0327916
232.9	0.0327478
233	0.0327063
233.1	0.032664
233.2	0.032618
233.3	0.0325685
233.4	0.0325204
233.5	0.0324774
233.6	0.0324374
233.7	0.0323976
233.8	0.0323567
233.9	0.0323188
234	0.0322865
234.1	0.0322628
234.2	0.0322517
234.3	0.0322467
234.4	0.0322454
234.5	0.0322465
234.6	0.0322498
234.7	0.032259
234.8	0.0322719
234.9	0.0322887
235	0.0323078
235.1	0.0323299
235.2	0.0323537
235.3	0.0323788
235.4	0.0324018
235.5	0.0324234
235.6	0.0324524
235.7	0.0324873
235.8	0.0325236
235.9	0.0325611
236	0.032597
236.1	0.0326306
236.2	0.0326544
236.3	0.0326795
236.4	0.0327057
236.5	0.0327297
236.6	0.0327559
236.7	0.0327803
236.8	0.0328035
236.9	0.0328207
237	0.0328358
237.1	0.0328515
237.2	0.032864
237.3	0.032874
237.4	0.032882
237.5	0.0328918
237.6	0.0329012
237.7	0.0329093
237.8	0.0329175
237.9	0.0329246
238	0.0329399
238.1	0.0329588
238.2	0.0329768
238.3	0.0329941
238.4	0.0330119
238.5	0.0330285
238.6	0.0330455
238.7	0.0330611
238.8	0.0330695
238.9	0.0330812
239	0.0330931
239.1	0.033107
239.2	0.0331237
239.3	0.0331347
239.4	0.0331396
239.5	0.033143
239.6	0.0331425
239.7	0.0331411
239.8	0.0331363
239.9	0.033135
240	0.0331389
240.1	0.0331449
240.2	0.033154
240.3	0.033167
240.4	0.0331825
240.5	0.0331977
240.6	0.033211
240.7	0.0332201
240.8	0.0332247
240.9	0.0332273
241	0.0332317
241.1	0.0332321
241.2	0.033233
241.3	0.033235
241.4	0.0332408
241.5	0.033246
241.6	0.0332507
241.7	0.0332546
241.8	0.0332582
241.9	0.0332619
242	0.0332715
242.1	0.0332827
242.2	0.0332905
242.3	0.0332971
242.4	0.0333019
242.5	0.0333064
242.6	0.0333141
242.7	0.0333256
242.8	0.0333377
242.9	0.0333493
243	0.033362
243.1	0.0333762
243.2	0.0333891
243.3	0.0334022
243.4	0.033413
243.5	0.0334197
243.6	0.0334248
243.7	0.0334281
243.8	0.0334311
243.9	0.033435
244	0.033432
244.1	0.0334218
244.2	0.0334015
244.3	0.0333794
244.4	0.0333531
244.5	0.0333268
244.6	0.0332988
244.7	0.0332695
244.8	0.0332369
244.9	0.0331956
245	0.0331512
245.1	0.0331065
245.2	0.0330614
245.3	0.0330116
245.4	0.0329572
245.5	0.0328973
245.6	0.0328318
245.7	0.0327664
245.8	0.0326978
245.9	0.0326283
246	0.0325589
246.1	0.0324906
246.2	0.032425
246.3	0.0323602
246.4	0.0323005
246.5	0.032248
246.6	0.0321978
246.7	0.0321497
246.8	0.0320992
246.9	0.0320445
247	0.0319921
247.1	0.0319479
247.2	0.0319053
247.3	0.0318634
247.4	0.0318184
247.5	0.0317702
247.6	0.0317233
247.7	0.0316765
247.8	0.0316249
247.9	0.0315659
248	0.0315047
248.1	0.0314417
248.2	0.0313745
248.3	0.0313031
248.4	0.0312293
248.5	0.0311536
248.6	0.0310761
248.7	0.0309988
248.8	0.0309237
248.9	0.0308519
249	0.0307815
249.1	0.0307102
249.2	0.0306355
249.3	0.0305656
249.4	0.0304971
249.5	0.0304356
249.6	0.0303777
249.7	0.03032
249.8	0.030265
249.9	0.030209
250	0.030152
250.1	0.0300895
250.2	0.0300288
250.3	0.0299726
250.4	0.0299185
250.5	0.029869
250.6	0.0298192
250.7	0.0297652
250.8	0.0297071
250.9	0.0296524
251	0.0296051
251.1	0.0295657
251.2	0.0295315
251.3	0.029499
251.4	0.0294704
251.5	0.0294456
251.6	0.0294231
251.7	0.0294034
251.8	0.0293834
251.9	0.0293652
252	0.0293464
252.1	0.0293296
252.2	0.0293158
252.3	0.0292976
252.4	0.029276
252.5	0.0292538
252.6	0.0292354
252.7	0.029219
252.8	0.0292002
252.9	0.0291789
253	0.0291598
253.1	0.0291447
253.2	0.0291314
253.3	0.0291241
253.4	0.0291223
253.5	0.0291211
253.6	0.0291176
253.7	0.0291091
253.8	0.0291002
253.9	0.029087
254	0.0290729
254.1	0.0290595
254.2	0.029049
254.3	0.0290366
254.4	0.0290214
254.5	0.0290116
254.6	0.0289984
254.7	0.0289872
254.8	0.0289752
254.9	0.0289682
255	0.0289618
255.1	0.0289535
255.2	0.0289457
255.3	0.0289388
255.4	0.0289317
255.5	0.0289262
255.6	0.0289225
255.7	0.0289211
255.8	0.0289194
255.9	0.0289172
256	0.0289105
256.1	0.0289028
256.2	0.0288923
256.3	0.0288777
256.4	0.0288679
256.5	0.0288593
256.6	0.0288543
256.7	0.0288504
256.8	0.0288509
256.9	0.02885
257	0.0288504
257.1	0.0288545
257.2	0.0288597
257.3	0.0288656
257.4	0.0288747
257.5	0.0288901
257.6	0.0289103
257.7	0.0289301
257.8	0.0289518
257.9	0.0289763
258	0.0290005
258.1	0.0290256
258.2	0.0290428
258.3	0.0290568
258.4	0.0290704
258.5	0.029086
258.6	0.0291
258.7	0.0291112
258.8	0.0291199
258.9	0.0291281
259	0.0291355
259.1	0.0291441
259.2	0.0291525
259.3	0.0291586
259.4	0.0291611
259.5	0.0291584
259.6	0.029156
259.7	0.0291511
259.8	0.0291441
259.9	0.0291348
260	0.0291251
260.1	0.0291168
260.2	0.0291065
260.3	0.0290965
260.4	0.0290876
260.5	0.0290796
260.6	0.0290733
260.7	0.0290656
260.8	0.0290542
260.9	0.0290386
261	0.0290231
261.1	0.029009
261.2	0.0289921
261.3	0.0289729
261.4	0.0289478
261.5	0.0289212
261.6	0.0288979
261.7	0.0288735
261.8	0.0288521
261.9	0.0288329
262	0.0288131
262.1	0.0287906
262.2	0.0287657
262.3	0.0287389
262.4	0.0287134
262.5	0.0286868
262.6	0.0286627
262.7	0.028638
262.8	0.0286116
262.9	0.0285814
263	0.0285465
263.1	0.0285148
263.2	0.0284796
263.3	0.0284399
263.4	0.0283993
263.5	0.0283577
263.6	0.0283186
263.7	0.0282773
263.8	0.0282335
263.9	0.0281843
264	0.0281378
264.1	0.0280991
264.2	0.0280639
264.3	0.0280324
264.4	0.0280005
264.5	0.0279701
264.6	0.0279424
264.7	0.0279182
264.8	0.0278949
264.9	0.0278739
265	0.0278508
265.1	0.0278253
265.2	0.0278033
265.3	0.0277785
265.4	0.0277544
265.5	0.0277283
265.6	0.027703
265.7	0.0276771
265.8	0.0276494
265.9	0.0276215
266	0.0275965
266.1	0.0275723
266.2	0.027549
266.3	0.0275315
266.4	0.0275168
266.5	0.0275045
266.6	0.0274925
266.7	0.0274806
266.8	0.0274733
266.9	0.0274706
267	0.0274646
267.1	0.0274598
267.2	0.0274565
267.3	0.027456
267.4	0.027453
267.5	0.0274464
267.6	0.0274407
267.7	0.0274375
267.8	0.0274374
267.9	0.0274349
268	0.0274306
268.1	0.0274269
268.2	0.0274182
268.3	0.0274049
268.4	0.0273922
268.5	0.027382
268.6	0.0273724
268.7	0.0273646
268.8	0.0273561
268.9	0.0273478
269	0.0273386
269.1	0.0273292
269.2	0.0273191
269.3	0.0273105
269.4	0.027304
269.5	0.0272956
269.6	0.0272809
269.7	0.0272659
269.8	0.0272537
269.9	0.0272386
270	0.0272237
270.1	0.027209
270.2	0.0271953
270.3	0.0271788
270.4	0.0271622
270.5	0.0271437
270.6	0.0271234
270.7	0.0271054
270.8	0.0270945
270.9	0.0270843
271	0.0270746
271.1	0.0270655
271.2	0.0270601
271.3	0.0270563
271.4	0.0270554
271.5	0.0270565
271.6	0.0270574
271.7	0.0270592
271.8	0.0270565
271.9	0.0270492
272	0.0270377
272.1	0.0270222
272.2	0.0270022
272.3	0.0269872
272.4	0.0269764
272.5	0.0269701
272.6	0.0269706
272.7	0.0269796
272.8	0.0269946
272.9	0.0270084
273	0.0270196
273.1	0.0270234
273.2	0.0270223
273.3	0.0270244
273.4	0.0270288
273.5	0.0270361
273.6	0.027049
273.7	0.0270629
273.8	0.0270755
273.9	0.0270851
274	0.0270957
274.1	0.027104
274.2	0.0271083
274.3	0.02711
274.4	0.0271111
274.5	0.0271096
274.6	0.0271106
274.7	0.0271082
274.8	0.027109
274.9	0.0271098
275	0.0271074
275.1	0.0270998
275.2	0.0270903
275.3	0.027079
275.4	0.0270695
275.5	0.0270618
275.6	0.0270537
275.7	0.0270473
275.8	0.0270459
275.9	0.0270467
276	0.027046
276.1	0.0270393
276.2	0.0270304
276.3	0.0270223
276.4	0.0270112
276.5	0.0269982
276.6	0.0269867
276.7	0.0269698
276.8	0.0269479
276.9	0.0269241
277	0.0268977
277.1	0.0268677
277.2	0.0268338
277.3	0.0267953
277.4	0.0267529
277.5	0.0267074
277.6	0.026657
277.7	0.0266021
277.8	0.0265439
277.9	0.0264873
278	0.0264321
278.1	0.0263759
278.2	0.0263193
278.3	0.0262646
278.4	0.026207
278.5	0.0261488
278.6	0.0260883
278.7	0.0260208
278.8	0.0259526
278.9	0.0258823
279	0.0258155
279.1	0.0257564
279.2	0.0256972
279.3	0.0256357
279.4	0.0255731
279.5	0.0255106
279.6	0.0254528
279.7	0.0254029
279.8	0.0253483
279.9	0.0252935
280	0.0252368
280.1	0.0251765
280.2	0.0251141
280.3	0.0250485
280.4	0.0249828
280.5	0.0249168
280.6	0.0248512
280.7	0.0247885
280.8	0.024728
280.9	0.0246666
281	0.0246047
281.1	0.0245427
281.2	0.0244815
281.3	0.0244169
281.4	0.0243476
281.5	0.024273
281.6	0.0241932
281.7	0.0241116
281.8	0.0240301
281.9	0.023948
282	0.0238657
282.1	0.0237834
282.2	0.0237032
282.3	0.0236211
282.4	0.0235415
282.5	0.0234643
282.6	0.0233907
282.7	0.0233178
282.8	0.0232472
282.9	0.0231798
283	0.0231118
283.1	0.0230396
283.2	0.022969
283.3	0.0229016
283.4	0.0228355
283.5	0.0227682
283.6	0.022698
283.7	0.0226237
283.8	0.022548
283.9	0.0224673
284	0.0223884
284.1	0.0223108
284.2	0.0222325
284.3	0.0221555
284.4	0.0220786
284.5	0.0220021
284.6	0.0219228
284.7	0.0218436
284.8	0.0217668
284.9	0.0216874
285	0.021604
285.1	0.0215177
285.2	0.02143
285.3	0.021346
285.4	0.0212569
285.5	0.0211621
285.6	0.0210628
285.7	0.0209635
285.8	0.0208693
285.9	0.0207792
286	0.020691
286.1	0.0206019
286.2	0.0205143
286.3	0.0204324
286.4	0.02035
286.5	0.0202681
286.6	0.0201881
286.7	0.0201097
286.8	0.0200328
286.9	0.0199574
287	0.0198848
287.1	0.0198119
287.2	0.0197387
287.3	0.0196614
287.4	0.0195844
287.5	0.0195096
287.6	0.0194425
287.7	0.0193834
287.8	0.0193316
287.9	0.0192831
288	0.0192334
288.1	0.0191808
288.2	0.0191315
288.3	0.0190802
288.4	0.0190266
288.5	0.01897
288.6	0.0189141
288.7	0.0188564
288.8	0.0187929
288.9	0.0187301
289	0.0186677
289.1	0.0186068
289.2	0.0185464
289.3	0.0184854
289.4	0.0184322
289.5	0.0183831
289.6	0.0183323
289.7	0.018281
289.8	0.0182332
289.9	0.0181861
290	0.0181388
290.1	0.0180922
290.2	0.0180453
290.3	0.017997
290.4	0.0179491
290.5	0.0179006
290.6	0.0178528
290.7	0.0178122
290.8	0.0177766
290.9	0.017742
291	0.0177052
291.1	0.0176668
291.2	0.0176226
291.3	0.0175758
291.4	0.0175329
291.5	0.0174906
291.6	0.0174462
291.7	0.0174016
291.8	0.0173553
291.9	0.0173111
292	0.0172626
292.1	0.0172142
292.2	0.0171673
292.3	0.0171201
292.4	0.0170711
292.5	0.0170188
292.6	0.0169665
292.7	0.0169149
292.8	0.0168626
292.9	0.0168081
293	0.0167594
293.1	0.0167114
293.2	0.0166644
293.3	0.0166189
293.4	0.0165738
293.5	0.0165327
293.6	0.0164957
293.7	0.0164612
293.8	0.0164272
293.9	0.0163925
294	0.0163586
294.1	0.0163253
294.2	0.0162938
294.3	0.016263
294.4	0.0162304
294.5	0.0161984
294.6	0.0161662
294.7	0.0161348
294.8	0.0161029
294.9	0.0160681
295	0.016031
295.1	0.0159946
295.2	0.0159584
295.3	0.0159218
295.4	0.0158899
295.5	0.0158659
295.6	0.0158472
295.7	0.0158284
295.8	0.0158078
295.9	0.0157916
296	0.0157785
296.1	0.0157617
296.2	0.0157425
296.3	0.0157254
296.4	0.015708
296.5	0.0156925
296.6	0.0156771
296.7	0.0156578
296.8	0.0156351
296.9	0.0156121
297	0.0155924
297.1	0.0155778
297.2	0.0155646
297.3	0.015551
297.4	0.0155412
297.5	0.0155355
297.6	0.0155298
297.7	0.0155252
297.8	0.0155205
297.9	0.0155179
298	0.0155157
298.1	0.0155095
298.2	0.0155061
298.3	0.0155017
298.4	0.0154969
298.5	0.0154906
298.6	0.0154863
298.7	0.0154751
298.8	0.0154611
298.9	0.0154449
299	0.0154252
299.1	0.0154053
299.2	0.0153881
299.3	0.0153666
299.4	0.0153387
299.5	0.0153026
299.6	0.0152632
299.7	0.015222
299.8	0.0151836
299.9	0.0151469
300	0.0151084
300.1	0.0150672
300.2	0.0150275
300.3	0.014988
300.4	0.0149474
300.5	0.0149088
300.6	0.0148741
300.7	0.0148399
300.8	0.014802
300.9	0.0147628
301	0.014725
301.1	0.0146903
301.2	0.0146562
301.3	0.0146196
301.4	0.01458
301.5	0.0145372
301.6	0.0144978
301.7	0.0144625
301.8	0.0144295
301.9	0.0143984
302	0.014373
302.1	0.0143526
302.2	0.0143352
302.3	0.0143182
302.4	0.0142996
302.5	0.0142774
302.6	0.0142563
302.7	0.0142347
302.8	0.0142107
302.9	0.0141895
303	0.0141673
303.1	0.0141483
303.2	0.0141315
303.3	0.0141135
303.4	0.0140967
303.5	0.0140811
303.6	0.0140674
303.7	0.0140581
303.8	0.0140467
303.9	0.0140297
304	0.0140152
304.1	0.0140044
304.2	0.0139964
304.3	0.0139925
304.4	0.0139896
304.5	0.0139902
304.6	0.013995
304.7	0.0140046
304.8	0.0140184
304.9	0.0140364
305	0.0140578
305.1	0.0140765
305.2	0.0140961
305.3	0.014117
305.4	0.0141383
305.5	0.0141595
305.6	0.0141769
305.7	0.0141927
305.8	0.0142036
305.9	0.014213
306	0.0142201
306.1	0.0142235
306.2	0.014225
306.3	0.0142245
306.4	0.0142208
306.5	0.0142143
306.6	0.0142076
306.7	0.0142008
306.8	0.0141982
306.9	0.0142004
307	0.014203
307.1	0.0142061
307.2	0.014207
307.3	0.0142009
307.4	0.0141959
307.5	0.0141879
307.6	0.0141798
307.7	0.0141748
307.8	0.0141705
307.9	0.0141624
308	0.0141465
308.1	0.0141284
308.2	0.0141144
308.3	0.0141023
308.4	0.0140922
308.5	0.0140794
308.6	0.0140633
308.7	0.0140515
308.8	0.014039
308.9	0.0140264
309	0.0140187
309.1	0.0140161
309.2	0.0140178
309.3	0.0140217
309.4	0.0140275
309.5	0.0140284
309.6	0.0140284
309.7	0.0140286
309.8	0.0140335
309.9	0.0140417
310	0.0140504
310.1	0.0140618
310.2	0.0140697
310.3	0.0140726
310.4	0.0140734
310.5	0.0140735
310.6	0.0140694
310.7	0.0140632
310.8	0.0140603
310.9	0.014064
311	0.0140724
311.1	0.0140801
311.2	0.0140906
311.3	0.0141006
311.4	0.0141105
311.5	0.0141209
311.6	0.0141337
311.7	0.0141503
311.8	0.0141663
311.9	0.014181
312	0.0141965
312.1	0.0142125
312.2	0.014223
312.3	0.0142214
312.4	0.0142126
312.5	0.014203
312.6	0.0141927
312.7	0.0141851
312.8	0.0141808
312.9	0.0141821
313	0.014189
313.1	0.0141965
313.2	0.0142006
313.3	0.0142049
313.4	0.014211
313.5	0.0142173
313.6	0.0142197
313.7	0.0142183
313.8	0.0142202
313.9	0.0142245
314	0.0142313
314.1	0.0142432
314.2	0.0142548
314.3	0.0142671
314.4	0.0142786
314.5	0.0142918
314.6	0.0143013
314.7	0.0143074
314.8	0.0143172
314.9	0.0143305
315	0.0143457
315.1	0.0143583
315.2	0.014367
315.3	0.0143751
315.4	0.0143781
315.5	0.0143759
315.6	0.0143717
315.7	0.0143735
315.8	0.0143752
315.9	0.0143765
316	0.0143803
316.1	0.0143794
316.2	0.0143772
316.3	0.0143693
316.4	0.0143573
316.5	0.0143448
316.6	0.0143337
316.7	0.0143208
316.8	0.0143135
316.9	0.0143095
317	0.0143037
317.1	0.0142941
317.2	0.0142859
317.3	0.0142777
317.4	0.0142663
317.5	0.0142509
317.6	0.0142364
317.7	0.0142235
317.8	0.0142107
317.9	0.0141958
318	0.0141749
318.1	0.014144
318.2	0.0141098
318.3	0.0140745
318.4	0.0140355
318.5	0.0139927
318.6	0.0139471
318.7	0.0138997
318.8	0.013853
318.9	0.0138072
319	0.0137642
319.1	0.0137248
319.2	0.0136874
319.3	0.013649
319.4	0.0136191
319.5	0.0135953
319.6	0.0135778
319.7	0.0135657
319.8	0.0135583
319.9	0.0135572
320	0.0135581
320.1	0.0135598
320.2	0.0135646
320.3	0.0135676
320.4	0.0135735
320.5	0.0135813
320.6	0.0135917
320.7	0.0135957
320.8	0.0135952
320.9	0.0135976
321	0.0136007
321.1	0.0135996
321.2	0.0135949
321.3	0.0135852
321.4	0.0135741
321.5	0.0135575
321.6	0.013533
321.7	0.0135076
321.8	0.0134847
321.9	0.0134634
322	0.0134431
322.1	0.0134241
322.2	0.0134069
322.3	0.0133913
322.4	0.0133751
322.5	0.0133598
322.6	0.0133431
322.7	0.0133307
322.8	0.0133218
322.9	0.0133121
323	0.013305
323.1	0.0132993
323.2	0.0132952
323.3	0.0132916
323.4	0.0132843
323.5	0.0132767
323.6	0.0132686
323.7	0.0132597
323.8	0.0132489
323.9	0.0132374
324	0.0132263
324.1	0.013216
324.2	0.0132039
324.3	0.0131873
324.4	0.0131675
324.5	0.0131482
324.6	0.0131293
324.7	0.0131149
324.8	0.0131013
324.9	0.0130895
325	0.013077
325.1	0.0130664
325.2	0.013055
325.3	0.0130475
325.4	0.0130436
325.5	0.01304
325.6	0.0130387
325.7	0.013036
325.8	0.0130352
325.9	0.0130326
326	0.0130275
326.1	0.0130197
326.2	0.0130156
326.3	0.0130069
326.4	0.0129984
326.5	0.0129874
326.6	0.01298
326.7	0.0129738
326.8	0.0129714
326.9	0.0129717
327	0.012967
327.1	0.0129613
327.2	0.0129579
327.3	0.012955
327.4	0.0129511
327.5	0.012944
327.6	0.012937
327.7	0.0129281
327.8	0.0129192
327.9	0.0129091
328	0.0128964
328.1	0.0128823
328.2	0.0128731
328.3	0.0128652
328.4	0.0128517
328.5	0.0128339
328.6	0.0128107
328.7	0.0127847
328.8	0.0127605
328.9	0.0127358
329	0.012711
329.1	0.0126879
329.2	0.0126618
329.3	0.0126342
329.4	0.0126037
329.5	0.0125691
329.6	0.0125297
329.7	0.0124848
329.8	0.0124382
329.9	0.0123925
330	0.0123421
330.1	0.0122917
330.2	0.0122421
330.3	0.0121959
330.4	0.0121554
330.5	0.0121232
330.6	0.0120949
330.7	0.0120693
330.8	0.0120446
330.9	0.0120199
331	0.0119972
331.1	0.0119779
331.2	0.0119601
331.3	0.0119414
331.4	0.0119231
331.5	0.0119036
331.6	0.0118836
331.7	0.0118601
331.8	0.0118334
331.9	0.0118076
332	0.0117827
332.1	0.0117606
332.2	0.0117391
332.3	0.0117155
332.4	0.011692
332.5	0.011669
332.6	0.011642
332.7	0.011614
332.8	0.0115839
332.9	0.0115528
333	0.011522
333.1	0.0114926
333.2	0.0114691
333.3	0.0114519
333.4	0.0114376
333.5	0.0114229
333.6	0.0114088
333.7	0.0114002
333.8	0.0113957
333.9	0.0113919
334	0.0113858
334.1	0.0113771
334.2	0.0113702
334.3	0.0113666
334.4	0.0113695
334.5	0.0113788
334.6	0.0113897
334.7	0.0113992
334.8	0.0114074
334.9	0.0114189
335	0.0114349
335.1	0.011449
335.2	0.0114638
335.3	0.01148
335.4	0.0114916
335.5	0.0115052
335.6	0.0115199
335.7	0.0115322
335.8	0.0115456
335.9	0.0115603
336	0.0115776
336.1	0.0115974
336.2	0.01162
336.3	0.0116404
336.4	0.011657
336.5	0.0116745
336.6	0.0116913
336.7	0.0117029
336.8	0.0117149
336.9	0.0117277
337	0.0117404
337.1	0.0117499
337.2	0.0117521
337.3	0.0117527
337.4	0.0117514
337.5	0.0117449
337.6	0.0117366
337.7	0.0117258
337.8	0.0117072
337.9	0.0116849
338	0.0116645
338.1	0.0116416
338.2	0.0116189
338.3	0.0116003
338.4	0.0115812
338.5	0.0115686
338.6	0.0115657
338.7	0.0115692
338.8	0.0115717
338.9	0.0115706
339	0.0115664
339.1	0.0115665
339.2	0.0115731
339.3	0.0115842
339.4	0.0115932
339.5	0.0115985
339.6	0.0116013
339.7	0.0116005
339.8	0.0115959
339.9	0.0115913
340	0.0115904
340.1	0.0115893
340.2	0.0115884
340.3	0.0115904
340.4	0.0115931
340.5	0.0115994
340.6	0.0116072
340.7	0.0116171
340.8	0.0116306
340.9	0.0116462
341	0.0116656
341.1	0.0116851
341.2	0.0117055
341.3	0.0117181
341.4	0.0117239
341.5	0.0117221
341.6	0.0117125
341.7	0.0117001
341.8	0.0116832
341.9	0.011662
342	0.0116403
342.1	0.0116257
342.2	0.0116199
342.3	0.0116188
342.4	0.0116143
342.5	0.0116043
342.6	0.0115915
342.7	0.0115769
342.8	0.0115592
342.9	0.0115405
343	0.0115164
343.1	0.0114931
343.2	0.0114653
343.3	0.0114335
343.4	0.0114019
343.5	0.0113673
343.6	0.0113284
343.7	0.0112862
343.8	0.0112429
343.9	0.0112039
344	0.0111668
344.1	0.0111309
344.2	0.0110923
344.3	0.0110505
344.4	0.0110084
344.5	0.0109634
344.6	0.0109166
344.7	0.010866
344.8	0.0108153
344.9	0.0107674
345	0.0107237
345.1	0.0106838
345.2	0.0106492
345.3	0.0106079
345.4	0.0105574
345.5	0.0105021
345.6	0.010446
345.7	0.0103889
345.8	0.0103365
345.9	0.0102812
346	0.0102191
346.1	0.0101533
346.2	0.0100895
346.3	0.0100296
346.4	0.00997099
346.5	0.00991161
346.6	0.00984971
346.7	0.00978386
346.8	0.00971707
346.9	0.00964473
347	0.00957592
347.1	0.00951134
347.2	0.00944896
347.3	0.00938946
347.4	0.00933206
347.5	0.00927296
347.6	0.00921398
347.7	0.0091549
347.8	0.00909715
347.9	0.00904367
348	0.00899541
348.1	0.00895005
348.2	0.00890407
348.3	0.0088579
348.4	0.00881196
348.5	0.00876794
348.6	0.00872633
348.7	0.00869263
348.8	0.00865877
348.9	0.00862055
349	0.00857787
349.1	0.00852975
349.2	0.00847619
349.3	0.00841907
349.4	0.00835811
349.5	0.00829187
349.6	0.00822772
349.7	0.00817047
349.8	0.0081159
349.9	0.0080664
350	0.00801536
350.1	0.00795985
350.2	0.00790097
350.3	0.00784022
350.4	0.00778038
350.5	0.00772713
350.6	0.00767784
350.7	0.00762564
350.8	0.0075759
350.9	0.0075266
351	0.00748008
351.1	0.00743463
351.2	0.00739021
351.3	0.00734959
351.4	0.00730684
351.5	0.0072583
351.6	0.00720936
351.7	0.00715894
351.8	0.00711212
351.9	0.00706539
352	0.00701999
352.1	0.00697376
352.2	0.00692423
352.3	0.00687116
352.4	0.00681286
352.5	0.00675387
352.6	0.00669468
352.7	0.00663331
352.8	0.00657456
352.9	0.00651668
353	0.00646572
353.1	0.00642873
353.2	0.00639889
353.3	0.00637447
353.4	0.00635095
353.5	0.00632519
353.6	0.0063013
353.7	0.00627799
353.8	0.00625679
353.9	0.00623763
354	0.00622233
354.1	0.00620632
354.2	0.00618884
354.3	0.00616739
354.4	0.00614864
354.5	0.00612965
354.6	0.00610879
354.7	0.00608317
354.8	0.00605476
354.9	0.00602595
355	0.00600212
355.1	0.00598067
355.2	0.00596021
355.3	0.00593727
355.4	0.00590753
355.5	0.00587783
355.6	0.0058459
355.7	0.00581258
355.8	0.00577643
355.9	0.0057425
356	0.00571193
356.1	0.005682
356.2	0.00565346
356.3	0.0056244
356.4	0.00559449
356.5	0.00556354
356.6	0.00553007
356.7	0.0054965
356.8	0.00546565
356.9	0.00543796
357	0.00541205
357.1	0.00538941
357.2	0.00536834
357.3	0.00534704
357.4	0.00532822
357.5	0.00530942
357.6	0.0052956
357.7	0.00528561
357.8	0.0052822
357.9	0.00527951
358	0.00527053
358.1	0.00525788
358.2	0.00524178
358.3	0.00522827
358.4	0.00521379
358.5	0.00520115
358.6	0.00519106
358.7	0.00518639
358.8	0.00518483
358.9	0.00518355
359	0.00518348
359.1	0.00518225
359.2	0.00517925
359.3	0.00517521
359.4	0.00517359
359.5	0.00517578
359.6	0.00518003
359.7	0.00518268
359.8	0.00518414
359.9	0.00518304
360	0.00518062
360.1	0.00517584
360.2	0.00517024
360.3	0.00516365
360.4	0.00515532
360.5	0.00514493
360.6	0.00513505
360.7	0.00512654
360.8	0.00512145
360.9	0.0051204
361	0.00512465
361.1	0.00513016
361.2	0.00514
361.3	0.0051502
361.4	0.00515875
361.5	0.00516239
361.6	0.00516068
361.7	0.00515072
361.8	0.00513748
361.9	0.0051223
362	0.00510452
362.1	0.00509083
362.2	0.0050813
362.3	0.00507301
362.4	0.00506351
362.5	0.00505236
362.6	0.00504003
362.7	0.00502954
362.8	0.0050268
362.9	0.00502347
363	0.00501782
363.1	0.00501178
363.2	0.00500726
363.3	0.00499905
363.4	0.00499217
363.5	0.00498824
363.6	0.00498713
363.7	0.00498435
363.8	0.00498104
363.9	0.00497174
364	0.00496177
364.1	0.00494699
364.2	0.00493157
364.3	0.00491078
364.4	0.00488581
364.5	0.00486412
364.6	0.00485082
364.7	0.00484247
364.8	0.00483749
364.9	0.00483061
365	0.0048208
365.1	0.00480956
365.2	0.00479754
365.3	0.00477967
365.4	0.00475848
365.5	0.00473891
365.6	0.00472005
365.7	0.00470501
365.8	0.00469279
365.9	0.00468539
366	0.00468145
366.1	0.00467769
366.2	0.00467321
366.3	0.00467388
366.4	0.00467361
366.5	0.00467047
366.6	0.00466277
366.7	0.00465475
366.8	0.00464624
366.9	0.00464188
367	0.00464056
367.1	0.0046341
367.2	0.00462566
367.3	0.00461831
367.4	0.00461031
367.5	0.00460392
367.6	0.00459648
367.7	0.00458587
367.8	0.00457315
367.9	0.00455666
368	0.00453521
368.1	0.00451339
368.2	0.00449334
368.3	0.00447389
368.4	0.00444943
368.5	0.0044237
368.6	0.00440275
368.7	0.00438576
368.8	0.00436748
368.9	0.00434651
369	0.0043245
369.1	0.00430564
369.2	0.00429133
369.3	0.00427869
369.4	0.00426537
369.5	0.00424877
369.6	0.00423493
369.7	0.00422229
369.8	0.00421607
369.9	0.00421266
370	0.00420981
370.1	0.0042101
370.2	0.00421349
370.3	0.00421698
370.4	0.00422129
370.5	0.00422639
370.6	0.00423159
370.7	0.00423526
370.8	0.00424155
370.9	0.00425133
371	0.00426383
371.1	0.00427522
371.2	0.00428811
371.3	0.00429969
371.4	0.00430945
371.5	0.0043216
371.6	0.00433226
371.7	0.00434025
371.8	0.00434652
371.9	0.00435393
372	0.00435562
372.1	0.00436107
372.2	0.00437019
372.3	0.00437662
372.4	0.00438435
372.5	0.00439505
372.6	0.00440905
372.7	0.00442381
372.8	0.00443924
372.9	0.00445471
373	0.00446622
373.1	0.00447368
373.2	0.0044803
373.3	0.00449191
373.4	0.00450463
373.5	0.00451533
373.6	0.00452686
373.7	0.0045365
373.8	0.00454791
373.9	0.00456064
374	0.00457058
374.1	0.00458302
374.2	0.00459411
374.3	0.00460554
374.4	0.00461716
374.5	0.00463002
374.6	0.00464384
374.7	0.00465843
374.8	0.00467443
374.9	0.00469153
375	0.0047111
375.1	0.00472789
375.2	0.00474757
375.3	0.00476775
375.4	0.00479072
375.5	0.00481804
375.6	0.00484784
375.7	0.00487974
375.8	0.00490787
375.9	0.00492739
376	0.00493733
376.1	0.00494328
376.2	0.00494808
376.3	0.00494708
376.4	0.00494468
376.5	0.00494294
376.6	0.00494302
376.7	0.00494312
376.8	0.00494371
376.9	0.00494441
377	0.00494597
377.1	0.00495129
377.2	0.00495452
377.3	0.00495701
377.4	0.00495932
377.5	0.00495862
377.6	0.00495704
377.7	0.00495678
377.8	0.00495785
377.9	0.00495784
378	0.00495733
378.1	0.00495533
378.2	0.0049508
378.3	0.00494118
378.4	0.00492577
378.5	0.00490904
378.6	0.00489339
378.7	0.00488165
378.8	0.00487229
378.9	0.00487128
379	0.0048777
379.1	0.00488089
379.2	0.00488805
379.3	0.00489675
379.4	0.00489945
379.5	0.00489692
379.6	0.00488913
379.7	0.00487768
379.8	0.00485837
379.9	0.00483282
380	0.00480302
380.1	0.00477064
380.2	0.00473687
380.3	0.00470315
380.4	0.00466536
380.5	0.00463064
380.6	0.00460054
380.7	0.00457397
380.8	0.00454967
380.9	0.00452665
381	0.00450419
381.1	0.00448234
381.2	0.00446001
381.3	0.00444257
381.4	0.00442743
381.5	0.00440804
381.6	0.00438505
381.7	0.00436368
381.8	0.00434409
381.9	0.00432715
382	0.00431026
382.1	0.00429071
382.2	0.00426981
382.3	0.00425144
382.4	0.00423372
382.5	0.00421719
382.6	0.00420356
382.7	0.00418891
382.8	0.0041758
382.9	0.00416573
383	0.00415496
383.1	0.00414153
383.2	0.00412239
383.3	0.0041052
383.4	0.0040881
383.5	0.00407045
383.6	0.00404881
383.7	0.00402509
383.8	0.00400259
383.9	0.00398255
384	0.00395874
384.1	0.00393671
384.2	0.00391543
384.3	0.00389492
384.4	0.0038763
384.5	0.00385828
384.6	0.00384224
384.7	0.00382805
384.8	0.00381869
384.9	0.00381768
385	0.00381725
385.1	0.00381563
385.2	0.00381666
385.3	0.00381744
385.4	0.00381688
385.5	0.00381225
385.6	0.00380178
385.7	0.00379307
385.8	0.00378786
385.9	0.00378671
386	0.00378842
386.1	0.00379208
386.2	0.00379676
386.3	0.00380332
386.4	0.00381411
386.5	0.00382747
386.6	0.00383849
386.7	0.0038477
386.8	0.00385572
386.9	0.00386628
387	0.00388113
387.1	0.00389673
387.2	0.00391216
387.3	0.00392526
387.4	0.00393567
387.5	0.00394253
387.6	0.00394757
387.7	0.00395342
387.8	0.00396319
387.9	0.00397501
388	0.00398295
388.1	0.00398721
388.2	0.0039893
388.3	0.00398453
388.4	0.00397977
388.5	0.00397289
388.6	0.00396572
388.7	0.00396444
388.8	0.00397015
388.9	0.00397832
389	0.00399001
389.1	0.00400269
389.2	0.00401585
389.3	0.0040282
389.4	0.00404226
389.5	0.0040544
389.6	0.00406692
389.7	0.00407938
389.8	0.0040897
389.9	0.0041014
390	0.00411495
390.1	0.00412659
390.2	0.00413169
390.3	0.00413536
390.4	0.00414206
390.5	0.00415397
390.6	0.00416666
390.7	0.00417486
390.8	0.00418568
390.9	0.00419832
391	0.00421614
391.1	0.00423507
391.2	0.00425173
391.3	0.00426875
391.4	0.00429224
391.5	0.0043086
391.6	0.00431904
391.7	0.00432459
391.8	0.00432529
391.9	0.00432441
392	0.00432063
392.1	0.00431458
392.2	0.00430825
392.3	0.00430655
392.4	0.00430825
392.5	0.00430957
392.6	0.00431609
392.7	0.00432413
392.8	0.00433469
392.9	0.00434659
393	0.00435807
393.1	0.00436897
393.2	0.00438311
393.3	0.0043977
393.4	0.00441308
393.5	0.00442081
393.6	0.00442723
393.7	0.00443201
393.8	0.00443361
393.9	0.00443288
394	0.00443131
394.1	0.0044265
394.2	0.00442128
394.3	0.00441132
394.4	0.00439678
394.5	0.00437555
394.6	0.00434523
394.7	0.00430355
394.8	0.00425543
394.9	0.00420615
395	0.00415646
395.1	0.00410585
395.2	0.00405214
395.3	0.00399321
395.4	0.00392816
395.5	0.00386153
395.6	0.00379642
395.7	0.00373658
395.8	0.00368102
395.9	0.00362632
396	0.00356946
396.1	0.00351277
396.2	0.00345878
396.3	0.00340473
396.4	0.00335165
396.5	0.0033015
396.6	0.00324919
396.7	0.00319958
396.8	0.00315277
396.9	0.00311074
397	0.00307338
397.1	0.00304319
397.2	0.00301773
397.3	0.00299327
397.4	0.0029732
397.5	0.00295859
397.6	0.00294334
397.7	0.00292574
397.8	0.00290054
397.9	0.00286874
398	0.00283104
398.1	0.00279101
398.2	0.00274903
398.3	0.00270229
398.4	0.00264908
398.5	0.00259485
398.6	0.00254209
398.7	0.00249181
398.8	0.00244038
398.9	0.00238951
399	0.00233676
399.1	0.00228611
399.2	0.00223407
399.3	0.00218267
399.4	0.00212764
399.5	0.00207351
399.6	0.00201854
399.7	0.00196797
399.8	0.00191779
399.9	0.00186495
400	0.00181112
400.1	0.00175371
400.2	0.00169077
400.3	0.00162617
400.4	0.00156469
400.5	0.00150378
400.6	0.00144073
400.7	0.00137719
400.8	0.00131648
400.9	0.0012577
401	0.00120332
401.1	0.00115338
401.2	0.00110655
401.3	0.00105925
401.4	0.00100996
401.5	0.000961744
401.6	0.000913995
401.7	0.000870136
401.8	0.000826564
401.9	0.000783071
402	0.000742126
402.1	0.000701946
402.2	0.000658498
402.3	0.000616815
402.4	0.000576882
402.5	0.000537271
402.6	0.000494688
402.7	0.000448864
402.8	0.000398095
402.9	0.000347866
403	0.000293066
403.1	0.000236055
403.2	0.000180618
403.3	0.000123679
403.4	6.02198e-05
403.5	-4.61437e-06
403.6	-7.03457e-05
403.7	-0.000132894
403.8	-0.000195257
403.9	-0.000257897
404	-0.000319421
404.1	-0.000380304
404.2	-0.00043599
404.3	-0.000491542
404.4	-0.000551478
404.5	-0.000617261
404.6	-0.00068431
404.7	-0.000751632
404.8	-0.000822622
404.9	-0.000900133
405	-0.000975096
405.1	-0.00104585
405.2	-0.00111894
405.3	-0.00118711
405.4	-0.00125285
405.5	-0.00131676
405.6	-0.00138064
405.7	-0.0014425
405.8	-0.00150473
405.9	-0.00156357
406	-0.00162192
406.1	-0.00167919
406.2	-0.00173603
406.3	-0.00178522
406.4	-0.0018296
406.5	-0.00187548
406.6	-0.00191698
406.7	-0.00195218
406.8	-0.00198479
406.9	-0.00201503
407	-0.00203939
407.1	-0.00206001
407.2	-0.00208093
407.3	-0.0020991
407.4	-0.00211913
407.5	-0.00213902
407.6	-0.00215257
407.7	-0.00216569
407.8	-0.00217485
407.9	-0.00218055
408	-0.00218706
408.1	-0.00219379
408.2	-0.0021976
408.3	-0.00219789
408.4	-0.00219182
408.5	-0.00218315
408.6	-0.00217849
408.7	-0.0021748
408.8	-0.00217383
408.9	-0.00216912
409	-0.0021646
409.1	-0.00216243
409.2	-0.00216576
409.3	-0.00216647
409.4	-0.00216314
409.5	-0.00215948
409.6	-0.00215494
409.7	-0.00215422
409.8	-0.00215607
409.9	-0.00216413
410	-0.00217964
410.1	-0.00219782
410.2	-0.00222036
410.3	-0.00224542
410.4	-0.002268
410.5	-0.00229246
410.6	-0.00232096
410.7	-0.0023481
410.8	-0.00237794
410.9	-0.00240772
411	-0.0024357
411.1	-0.00246231
411.2	-0.00248814
411.3	-0.00251455
411.4	-0.0025352
411.5	-0.0025505
411.6	-0.00255729
411.7	-0.00256364
411.8	-0.00256702
411.9	-0.00256458
412	-0.00256051
412.1	-0.00255476
412.2	-0.00254817
412.3	-0.00254171
412.4	-0.0025318
412.5	-0.00251942
412.6	-0.00250516
412.7	-0.00248562
412.8	-0.00246496
412.9	-0.0024398
413	-0.00241356
413.1	-0.00238821
413.2	-0.002362
413.3	-0.00233078
413.4	-0.00229931
413.5	-0.00226541
413.6	-0.00222957
413.7	-0.00218952
413.8	-0.00214853
413.9	-0.00210453
414	-0.00206262
414.1	-0.00202099
414.2	-0.00197972
414.3	-0.00194071
414.4	-0.0019043
414.5	-0.00187324
414.6	-0.00185036
414.7	-0.00182867
414.8	-0.0018044
414.9	-0.00177981
415	-0.00175689
415.1	-0.0017384
415.2	-0.00171706
415.3	-0.00169658
415.4	-0.00168164
415.5	-0.0016672
415.6	-0.00165727
415.7	-0.00164674
415.8	-0.00163634
415.9	-0.00162453
416	-0.00161045
416.1	-0.00160015
416.2	-0.00158664
416.3	-0.00156746
416.4	-0.00154876
416.5	-0.00152776
416.6	-0.00150428
416.7	-0.00148502
416.8	-0.00146427
416.9	-0.00143806
417	-0.00140655
417.1	-0.00137248
417.2	-0.00133384
417.3	-0.00128957
417.4	-0.00124357
417.5	-0.00119855
417.6	-0.00115839
417.7	-0.00112083
417.8	-0.0010865
417.9	-0.00104985
418	-0.00100842
418.1	-0.000963669
418.2	-0.000918569
418.3	-0.000873397
418.4	-0.00082861
418.5	-0.000786338
418.6	-0.000746858
418.7	-0.000703815
418.8	-0.000659142
418.9	-0.000613901
419	-0.000566221
419.1	-0.000514914
419.2	-0.000459277
419.3	-0.000401538
419.4	-0.000345413
419.5	-0.000290375
419.6	-0.000233748
419.7	-0.000176914
419.8	-0.00011896
419.9	-6.13143e-05
420	-1.61862e-06
420.1	5.99919e-05
420.2	0.000116197
420.3	0.000168457
420.4	0.000221247
420.5	0.000277331
420.6	0.000331088
420.7	0.000382982
420.8	0.000439771
420.9	0.000496872
421	0.000554051
421.1	0.000611918
421.2	0.000673255
421.3	0.00073714
421.4	0.000797908
421.5	0.0008535
421.6	0.000902898
421.7	0.000949695
421.8	0.000995908
421.9	0.00103967
422	0.00108052
422.1	0.00112064
422.2	0.00116049
422.3	0.00120287
422.4	0.00125223
422.5	0.00130624
422.6	0.00136826
422.7	0.00142922
422.8	0.0014881
422.9	0.00154474
423	0.00160382
423.1	0.00166642
423.2	0.0017293
423.3	0.00178697
423.4	0.00184084
423.5	0.00189053
423.6	0.00193786
423.7	0.00198655
423.8	0.00203188
423.9	0.00207866
424	0.00212368
424.1	0.00217281
424.2	0.00223019
424.3	0.00228874
424.4	0.002349
424.5	0.0024068
424.6	0.00246302
424.7	0.00251665
424.8	0.0025678
424.9	0.00261633
425	0.0026623
425.1	0.00270331
425.2	0.0027412
425.3	0.00277992
425.4	0.00282128
425.5	0.00286103
425.6	0.00290488
425.7	0.00294708
425.8	0.0029897
425.9	0.00303613
426	0.00308059
426.1	0.00311575
426.2	0.00314024
426.3	0.00316529
426.4	0.00319481
426.5	0.00322839
426.6	0.00326102
426.7	0.00329318
426.8	0.00332333
426.9	0.00334757
427	0.00336574
427.1	0.00338457
427.2	0.00340626
427.3	0.00343292
427.4	0.00346124
427.5	0.00348439
427.6	0.00350483
427.7	0.00351685
427.8	0.00352147
427.9	0.00352222
428	0.00352223
428.1	0.00352054
428.2	0.00351265
428.3	0.00350041
428.4	0.00348005
428.5	0.00345498
428.6	0.00342897
428.7	0.00340393
428.8	0.00337617
428.9	0.00334462
429	0.00331696
429.1	0.00328867
429.2	0.0032585
429.3	0.00322229
429.4	0.00318768
429.5	0.00315524
429.6	0.00312281
429.7	0.0030915
429.8	0.003061
429.9	0.00303426
430	0.00301881
430.1	0.00300846
430.2	0.00300146
430.3	0.00299267
430.4	0.0029796
430.5	0.00296305
430.6	0.00294591
430.7	0.00293104
430.8	0.00291854
430.9	0.00290438
431	0.00289276
431.1	0.00288555
431.2	0.00288333
431.3	0.00288986
431.4	0.00289519
431.5	0.00289854
431.6	0.00289646
431.7	0.00288728
431.8	0.00287823
431.9	0.00286854
432	0.00285655
432.1	0.00284178
432.2	0.0028273
432.3	0.00281553
432.4	0.00280084
432.5	0.00278416
432.6	0.00276501
432.7	0.00274396
432.8	0.00272495
432.9	0.00270498
433	0.00268566
433.1	0.00266224
433.2	0.00263943
433.3	0.00261756
433.4	0.00259741
433.5	0.00257498
433.6	0.00254498
433.7	0.00250672
433.8	0.00246604
433.9	0.0024245
434	0.0023876
434.1	0.00235633
434.2	0.00232823
434.3	0.00230175
434.4	0.00227061
434.5	0.00223422
434.6	0.00219502
434.7	0.00215617
434.8	0.00211756
434.9	0.00208266
435	0.00205178
435.1	0.0020202
435.2	0.00198658
435.3	0.00194955
435.4	0.00190801
435.5	0.00186777
435.6	0.00183032
435.7	0.00179582
435.8	0.00176846
435.9	0.00174738
436	0.0017321
436.1	0.00171765
436.2	0.00170436
436.3	0.0016915
436.4	0.00167135
436.5	0.00164435
436.6	0.00161291
436.7	0.00157736
436.8	0.00153972
436.9	0.00150678
437	0.00147302
437.1	0.00143963
437.2	0.0014039
437.3	0.00136069
437.4	0.00131503
437.5	0.00126218
437.6	0.00120679
437.7	0.00115078
437.8	0.00109667
437.9	0.00104606
438	0.000998619
438.1	0.000950992
438.2	0.000905333
438.3	0.000857022
438.4	0.000802041
438.5	0.000743488
438.6	0.000685201
438.7	0.000626711
438.8	0.000563244
438.9	0.00049655
439	0.000426189
439.1	0.00035622
439.2	0.000287187
439.3	0.000220357
439.4	0.000160913
439.5	0.000104715
439.6	4.83399e-05
439.7	-4.48061e-06
439.8	-5.96708e-05
439.9	-0.000124296
440	-0.00019633
440.1	-0.000269988
440.2	-0.000345748
440.3	-0.000422467
440.4	-0.00050285
440.5	-0.000582504
440.6	-0.000665955
440.7	-0.000741551
440.8	-0.000807359
440.9	-0.000873216
441	-0.000937961
441.1	-0.00100067
441.2	-0.00106217
441.3	-0.0011215
441.4	-0.00118328
441.5	-0.00124781
441.6	-0.00131542
441.7	-0.00138771
441.8	-0.00146044
441.9	-0.00153098
442	-0.00159609
442.1	-0.00165504
442.2	-0.0017073
442.3	-0.00175261
442.4	-0.00179518
442.5	-0.0018389
442.6	-0.00188642
442.7	-0.00193484
442.8	-0.00198338
442.9	-0.00203067
443	-0.00207274
443.1	-0.00211749
443.2	-0.0021609
443.3	-0.00220482
443.4	-0.00225306
443.5	-0.00229824
443.6	-0.00234074
443.7	-0.00238193
443.8	-0.00242026
443.9	-0.00245528
444	-0.00249131
444.1	-0.00252572
444.2	-0.00255687
444.3	-0.00258867
444.4	-0.00262326
444.5	-0.00266458
444.6	-0.00270918
444.7	-0.00275556
444.8	-0.00280361
444.9	-0.00285222
445	-0.0029005
445.1	-0.00294876
445.2	-0.00299413
445.3	-0.00303897
445.4	-0.0030809
445.5	-0.00312038
445.6	-0.00315999
445.7	-0.00319932
445.8	-0.00324005
445.9	-0.00328501
446	-0.00332963
446.1	-0.00337243
446.2	-0.00341712
446.3	-0.00346124
446.4	-0.00351076
446.5	-0.00356717
446.6	-0.00362627
446.7	-0.0036885
446.8	-0.00375009
446.9	-0.00381163
447	-0.0038664
447.1	-0.00391711
447.2	-0.0039637
447.3	-0.00400783
447.4	-0.00404974
447.5	-0.00408746
447.6	-0.00411775
447.7	-0.00414332
447.8	-0.00416254
447.9	-0.0041783
448	-0.004193
448.1	-0.00420283
448.2	-0.00421422
448.3	-0.00422859
448.4	-0.00424416
448.5	-0.00426063
448.6	-0.00428149
448.7	-0.0043039
448.8	-0.00432496
448.9	-0.0043466
449	-0.00437626
449.1	-0.00440706
449.2	-0.00443805
449.3	-0.00446841
449.4	-0.00449949
449.5	-0.0045253
449.6	-0.00455125
449.7	-0.00457469
449.8	-0.00459486
449.9	-0.00461264
450	-0.00462781
450.1	-0.00464098
450.2	-0.00465558
450.3	-0.00466983
450.4	-0.00468146
450.5	-0.00469331
450.6	-0.00470896
450.7	-0.00472418
450.8	-0.00473904
450.9	-0.00474759
451	-0.00475219
451.1	-0.00475346
451.2	-0.00475768
451.3	-0.00476013
451.4	-0.00476285
451.5	-0.00476776
451.6	-0.00477164
451.7	-0.00477692
451.8	-0.00478593
451.9	-0.00479647
452	-0.00480656
452.1	-0.00481548
452.2	-0.00482348
452.3	-0.00483312
452.4	-0.00484619
452.5	-0.00486197
452.6	-0.00487754
452.7	-0.00488975
452.8	-0.00489453
452.9	-0.00489828
453	-0.00490633
453.1	-0.00491682
453.2	-0.00493236
453.3	-0.00495002
453.4	-0.00497069
453.5	-0.004995
453.6	-0.00502307
453.7	-0.00505044
453.8	-0.00507754
453.9	-0.00510497
454	-0.00512789
454.1	-0.00515274
454.2	-0.00517484
454.3	-0.00519674
454.4	-0.00522117
454.5	-0.00524395
454.6	-0.00526262
454.7	-0.00527696
454.8	-0.00529134
454.9	-0.00531041
455	-0.00532469
455.1	-0.00533816
455.2	-0.00535527
455.3	-0.0053734
455.4	-0.00539252
455.5	-0.00541082
455.6	-0.00542612
455.7	-0.00544581
455.8	-0.00546742
455.9	-0.00549147
456	-0.00551866
456.1	-0.00554334
456.2	-0.0055665
456.3	-0.00558475
456.4	-0.00559857
456.5	-0.00560877
456.6	-0.00561787
456.7	-0.0056222
456.8	-0.00562869
456.9	-0.00563377
457	-0.00563751
457.1	-0.00564336
457.2	-0.0056551
457.3	-0.00566531
457.4	-0.00567463
457.5	-0.00567816
457.6	-0.00568058
457.7	-0.00568445
457.8	-0.00568972
457.9	-0.00568616
458	-0.00567815
458.1	-0.00566942
458.2	-0.00565833
458.3	-0.00564517
458.4	-0.00563702
458.5	-0.00563113
458.6	-0.00562454
458.7	-0.00561003
458.8	-0.00559263
458.9	-0.00557531
459	-0.00555541
459.1	-0.00553843
459.2	-0.00552363
459.3	-0.00550642
459.4	-0.00549174
459.5	-0.00548464
459.6	-0.00548488
459.7	-0.00548764
459.8	-0.00548939
459.9	-0.00549404
460	-0.00550192
460.1	-0.00551127
460.2	-0.00551656
460.3	-0.00552362
460.4	-0.00552873
460.5	-0.00553747
460.6	-0.00554675
460.7	-0.00555551
460.8	-0.00555746
460.9	-0.0055548
461	-0.00555275
461.1	-0.00555048
461.2	-0.0055446
461.3	-0.00554311
461.4	-0.00554494
461.5	-0.00554949
461.6	-0.00555632
461.7	-0.00556075
461.8	-0.00556503
461.9	-0.00556984
462	-0.00557919
462.1	-0.00558627
462.2	-0.00559347
462.3	-0.00560125
462.4	-0.0056113
462.5	-0.00562098
462.6	-0.00562817
462.7	-0.00563095
462.8	-0.00563086
462.9	-0.00563418
463	-0.00563858
463.1	-0.00564023
463.2	-0.00564509
463.3	-0.00565184
463.4	-0.00565407
463.5	-0.00565659
463.6	-0.00566341
463.7	-0.00567068
463.8	-0.00567778
463.9	-0.00568798
464	-0.00569942
464.1	-0.00571313
464.2	-0.0057258
464.3	-0.00574102
464.4	-0.00575525
464.5	-0.00576677
464.6	-0.00577531
464.7	-0.00577796
464.8	-0.00577677
464.9	-0.00577461
465	-0.00577066
465.1	-0.00576324
465.2	-0.00575899
465.3	-0.00575873
465.4	-0.00575849
465.5	-0.00575614
465.6	-0.00575317
465.7	-0.0057536
465.8	-0.00575523
465.9	-0.00576044
466	-0.00576797
466.1	-0.00578121
466.2	-0.00579829
466.3	-0.00581659
466.4	-0.00583622
466.5	-0.00585269
466.6	-0.00586815
466.7	-0.00588039
466.8	-0.00588825
466.9	-0.00589475
467	-0.00590041
467.1	-0.00590772
467.2	-0.00592192
467.3	-0.00593751
467.4	-0.00594853
467.5	-0.00596511
467.6	-0.00598275
467.7	-0.00600439
467.8	-0.00602829
467.9	-0.00606167
468	-0.00609706
468.1	-0.00613537
468.2	-0.00617635
468.3	-0.00621586
468.4	-0.00625482
468.5	-0.0062924
468.6	-0.00632973
468.7	-0.00636648
468.8	-0.00640389
468.9	-0.00644634
469	-0.00649242
469.1	-0.00653843
469.2	-0.00658099
469.3	-0.00661996
469.4	-0.0066573
469.5	-0.00669649
469.6	-0.00673746
469.7	-0.0067815
469.8	-0.00682467
469.9	-0.00686856
470	-0.00691425
470.1	-0.00696341
470.2	-0.00701523
470.3	-0.00707436
470.4	-0.00713232
470.5	-0.00719173
470.6	-0.00725722
470.7	-0.00732641
470.8	-0.0073969
470.9	-0.00747132
471	-0.0075432
471.1	-0.00761608
471.2	-0.00769672
471.3	-0.00778069
471.4	-0.00786113
471.5	-0.00793971
471.6	-0.00801487
471.7	-0.00808652
471.8	-0.00815724
471.9	-0.00822682
472	-0.00829303
472.1	-0.0083554
472.2	-0.00841366
472.3	-0.00846821
472.4	-0.00852223
472.5	-0.00857381
472.6	-0.00862464
472.7	-0.00867259
472.8	-0.00871642
472.9	-0.0087556
473	-0.00878804
473.1	-0.00881446
473.2	-0.00883892
473.3	-0.00886367
473.4	-0.00889617
473.5	-0.00892706
473.6	-0.00895851
473.7	-0.00898855
473.8	-0.00901698
473.9	-0.00904213
474	-0.00907167
474.1	-0.00910262
474.2	-0.00913727
474.3	-0.00917123
474.4	-0.00920289
474.5	-0.00922702
474.6	-0.00924852
474.7	-0.00926954
474.8	-0.00928985
474.9	-0.00931434
475	-0.00934405
475.1	-0.0093743
475.2	-0.00940782
475.3	-0.00944348
475.4	-0.00947521
475.5	-0.00950364
475.6	-0.00953189
475.7	-0.00956043
475.8	-0.00958906
475.9	-0.00962155
476	-0.00965636
476.1	-0.00968959
476.2	-0.00971899
476.3	-0.00974446
476.4	-0.00976309
476.5	-0.00977573
476.6	-0.00978609
476.7	-0.00979759
476.8	-0.00981227
476.9	-0.00983393
477	-0.00986472
477.1	-0.00990132
477.2	-0.00994162
477.3	-0.00998579
477.4	-0.0100278
477.5	-0.0100665
477.6	-0.0101072
477.7	-0.0101484
477.8	-0.0101917
477.9	-0.0102362
478	-0.0102816
478.1	-0.0103298
478.2	-0.0103783
478.3	-0.0104259
478.4	-0.0104728
478.5	-0.0105189
478.6	-0.0105626
478.7	-0.0106079
478.8	-0.0106506
478.9	-0.0106942
479	-0.0107367
479.1	-0.0107778
479.2	-0.0108166
479.3	-0.0108513
479.4	-0.0108834
479.5	-0.0109201
479.6	-0.010963
479.7	-0.0110095
479.8	-0.0110516
479.9	-0.0110884
480	-0.0111211
480.1	-0.0111556
480.2	-0.011188
480.3	-0.01122
480.4	-0.0112502
480.5	-0.0112803
480.6	-0.0113128
480.7	-0.0113498
480.8	-0.0113854
480.9	-0.0114208
481	-0.0114557
481.1	-0.0114872
481.2	-0.0115118
481.3	-0.0115316
481.4	-0.0115486
481.5	-0.0115683
481.6	-0.0115856
481.7	-0.0115987
481.8	-0.0116129
481.9	-0.0116278
482	-0.0116487
482.1	-0.0116714
482.2	-0.0116899
482.3	-0.0117069
482.4	-0.0117242
482.5	-0.0117459
482.6	-0.0117724
482.7	-0.0117952
482.8	-0.0118182
482.9	-0.0118428
483	-0.0118611
483.1	-0.0118778
483.2	-0.0118965
483.3	-0.0119135
483.4	-0.0119294
483.5	-0.0119417
483.6	-0.0119541
483.7	-0.0119747
483.8	-0.0120017
483.9	-0.0120348
484	-0.0120686
484.1	-0.0121014
484.2	-0.0121372
484.3	-0.0121742
484.4	-0.0122057
484.5	-0.012232
484.6	-0.0122541
484.7	-0.0122765
484.8	-0.0123008
484.9	-0.0123295
485	-0.0123563
485.1	-0.0123874
485.2	-0.0124211
485.3	-0.0124578
485.4	-0.0124994
485.5	-0.0125438
485.6	-0.0125867
485.7	-0.0126269
485.8	-0.0126665
485.9	-0.0127065
486	-0.0127392
486.1	-0.0127649
486.2	-0.0127903
486.3	-0.0128189
486.4	-0.0128467
486.5	-0.012876
486.6	-0.0129066
486.7	-0.01294
486.8	-0.0129714
486.9	-0.0129982
487	-0.013021
487.1	-0.0130436
487.2	-0.0130637
487.3	-0.0130866
487.4	-0.013111
487.5	-0.0131373
487.6	-0.013167
487.7	-0.0131997
487.8	-0.0132352
487.9	-0.0132673
488	-0.0132934
488.1	-0.0133198
488.2	-0.013346
488.3	-0.0133722
488.4	-0.0133978
488.5	-0.0134279
488.6	-0.0134677
488.7	-0.0135098
488.8	-0.0135543
488.9	-0.0135963
489	-0.0136345
489.1	-0.0136751
489.2	-0.0137127
489.3	-0.0137441
489.4	-0.0137741
489.5	-0.0138045
489.6	-0.013839
489.7	-0.0138757
489.8	-0.0139129
489.9	-0.0139465
490	-0.0139778
490.1	-0.0140061
490.2	-0.0140314
490.3	-0.01406
490.4	-0.0140859
490.5	-0.0141142
490.6	-0.0141417
490.7	-0.0141701
490.8	-0.014202
490.9	-0.0142374
491	-0.014275
491.1	-0.0143181
491.2	-0.0143632
491.3	-0.0144051
491.4	-0.014451
491.5	-0.0144986
491.6	-0.0145443
491.7	-0.014585
491.8	-0.0146179
491.9	-0.0146484
492	-0.0146796
492.1	-0.0147095
492.2	-0.0147392
492.3	-0.0147733
492.4	-0.0148097
492.5	-0.0148451
492.6	-0.014879
492.7	-0.0149126
492.8	-0.014944
492.9	-0.0149779
493	-0.0150115
493.1	-0.015048
493.2	-0.015084
493.3	-0.0151203
493.4	-0.0151587
493.5	-0.0151999
493.6	-0.0152456
493.7	-0.0152913
493.8	-0.0153315
493.9	-0.01537
494	-0.0154074
494.1	-0.0154432
494.2	-0.0154737
494.3	-0.0154999
494.4	-0.0155243
494.5	-0.0155494
494.6	-0.0155742
494.7	-0.015596
494.8	-0.0156142
494.9	-0.0156291
495	-0.0156423
495.1	-0.0156581
495.2	-0.0156708
495.3	-0.0156812
495.4	-0.0156918
495.5	-0.0156957
495.6	-0.0156966
495.7	-0.0156999
495.8	-0.0157049
495.9	-0.0157065
496	-0.0157085
496.1	-0.0157082
496.2	-0.01571
496.3	-0.0157186
496.4	-0.0157297
496.5	-0.0157423
496.6	-0.0157531
496.7	-0.0157633
496.8	-0.0157757
496.9	-0.0157934
497	-0.0158143
497.1	-0.0158406
497.2	-0.0158695
497.3	-0.0159016
497.4	-0.0159355
497.5	-0.015966
497.6	-0.0159886
497.7	-0.016013
497.8	-0.0160393
497.9	-0.0160634
498	-0.0160853
498.1	-0.0161053
498.2	-0.0161244
498.3	-0.0161415
498.4	-0.0161554
498.5	-0.0161691
498.6	-0.0161812
498.7	-0.0161903
498.8	-0.0161997
498.9	-0.016217
499	-0.0162394
499.1	-0.0162636
499.2	-0.0162869
499.3	-0.0163097
499.4	-0.0163311
499.5	-0.0163559
499.6	-0.0163821
499.7	-0.0164093
499.8	-0.0164371
499.9	-0.0164624
500	-0.0164843
