LagTime	Correlation

0	1.95885
0.1	1.95384
0.2	1.94635
0.3	1.9383
0.4	1.93017
0.5	1.92206
0.6	1.914
0.7	1.90601
0.8	1.89807
0.9	1.89019
1	1.88238
1.1	1.87463
1.2	1.86694
1.3	1.85931
1.4	1.85175
1.5	1.84424
1.6	1.83679
1.7	1.82939
1.8	1.82204
1.9	1.81475
2	1.80751
2.1	1.80032
2.2	1.79318
2.3	1.7861
2.4	1.77907
2.5	1.77209
2.6	1.76517
2.7	1.7583
2.8	1.75149
2.9	1.74473
3	1.73803
3.1	1.73137
3.2	1.72476
3.3	1.71819
3.4	1.71166
3.5	1.70518
3.6	1.69874
3.7	1.69234
3.8	1.68598
3.9	1.67967
4	1.67342
4.1	1.6672
4.2	1.66103
4.3	1.6549
4.4	1.64882
4.5	1.64278
4.6	1.63678
4.7	1.63082
4.8	1.62491
4.9	1.61904
5	1.61322
5.1	1.60744
5.2	1.6017
5.3	1.596
5.4	1.59033
5.5	1.5847
5.6	1.57912
5.7	1.57357
5.8	1.56804
5.9	1.56255
6	1.55709
6.1	1.55167
6.2	1.54628
6.3	1.54093
6.4	1.53563
6.5	1.53035
6.6	1.52512
6.7	1.51992
6.8	1.51475
6.9	1.50962
7	1.50451
7.1	1.49943
7.2	1.49439
7.3	1.48938
7.4	1.48441
7.5	1.47946
7.6	1.47455
7.7	1.46967
7.8	1.46482
7.9	1.46
8	1.45522
8.1	1.45047
8.2	1.44575
8.3	1.44106
8.4	1.43639
8.5	1.43175
8.6	1.42715
8.7	1.42258
8.8	1.41802
8.9	1.41349
9	1.40899
9.1	1.40451
9.2	1.40004
9.3	1.3956
9.4	1.39118
9.5	1.38678
9.6	1.3824
9.7	1.37805
9.8	1.37372
9.9	1.36942
10	1.36515
10.1	1.3609
10.2	1.35668
10.3	1.35247
10.4	1.34829
10.5	1.34413
10.6	1.33999
10.7	1.33588
10.8	1.3318
10.9	1.32774
11	1.32369
11.1	1.31967
11.2	1.31568
11.3	1.31171
11.4	1.30776
11.5	1.30384
11.6	1.29993
11.7	1.29604
11.8	1.29217
11.9	1.28833
12	1.2845
12.1	1.28069
12.2	1.2769
12.3	1.27312
12.4	1.26936
12.5	1.26562
12.6	1.26189
12.7	1.25817
12.8	1.25448
12.9	1.2508
13	1.24714
13.1	1.2435
13.2	1.23987
13.3	1.23626
13.4	1.23267
13.5	1.22909
13.6	1.22553
13.7	1.22198
13.8	1.21844
13.9	1.21492
14	1.2114
14.1	1.2079
14.2	1.20442
14.3	1.20097
14.4	1.19753
14.5	1.19412
14.6	1.19072
14.7	1.18734
14.8	1.18399
14.9	1.18064
15	1.17732
15.1	1.174
15.2	1.17068
15.3	1.16739
15.4	1.16411
15.5	1.16084
15.6	1.15758
15.7	1.15434
15.8	1.15111
15.9	1.1479
16	1.14471
16.1	1.14155
16.2	1.1384
16.3	1.13526
16.4	1.13215
16.5	1.12905
16.6	1.12596
16.7	1.12289
16.8	1.11984
16.9	1.11679
17	1.11376
17.1	1.11074
17.2	1.10773
17.3	1.10472
17.4	1.10172
17.5	1.09873
17.6	1.09575
17.7	1.0928
17.8	1.08985
17.9	1.08692
18	1.084
18.1	1.08108
18.2	1.07818
18.3	1.07529
18.4	1.07241
18.5	1.06955
18.6	1.06671
18.7	1.06388
18.8	1.06105
18.9	1.05823
19	1.05543
19.1	1.05263
19.2	1.04984
19.3	1.04706
19.4	1.04428
19.5	1.04152
19.6	1.03876
19.7	1.03602
19.8	1.03328
19.9	1.03056
20	1.02785
20.1	1.02514
20.2	1.02244
20.3	1.01974
20.4	1.01706
20.5	1.01439
20.6	1.01173
20.7	1.00908
20.8	1.00644
20.9	1.00381
21	1.00119
21.1	0.998575
21.2	0.995967
21.3	0.993367
21.4	0.990774
21.5	0.988189
21.6	0.985616
21.7	0.983056
21.8	0.980512
21.9	0.977983
22	0.975468
22.1	0.972969
22.2	0.970484
22.3	0.968008
22.4	0.965535
22.5	0.963068
22.6	0.960607
22.7	0.958157
22.8	0.955717
22.9	0.953285
23	0.950863
23.1	0.948456
23.2	0.946065
23.3	0.943686
23.4	0.941316
23.5	0.938956
23.6	0.936605
23.7	0.934266
23.8	0.931935
23.9	0.929612
24	0.927299
24.1	0.924996
24.2	0.922705
24.3	0.920425
24.4	0.918152
24.5	0.915887
24.6	0.913631
24.7	0.91138
24.8	0.90914
24.9	0.906905
25	0.904674
25.1	0.902449
25.2	0.90023
25.3	0.89802
25.4	0.895816
25.5	0.893615
25.6	0.89142
25.7	0.88923
25.8	0.887046
25.9	0.884871
26	0.882707
26.1	0.880555
26.2	0.878416
26.3	0.876289
26.4	0.874171
26.5	0.87206
26.6	0.869959
26.7	0.867864
26.8	0.865773
26.9	0.863688
27	0.861605
27.1	0.85953
27.2	0.857463
27.3	0.855398
27.4	0.853334
27.5	0.851274
27.6	0.849217
27.7	0.847163
27.8	0.845116
27.9	0.843074
28	0.841034
28.1	0.839
28.2	0.83697
28.3	0.834949
28.4	0.832936
28.5	0.830932
28.6	0.828931
28.7	0.826932
28.8	0.824932
28.9	0.822935
29	0.820942
29.1	0.818952
29.2	0.816968
29.3	0.814992
29.4	0.813021
29.5	0.811055
29.6	0.80909
29.7	0.807127
29.8	0.805169
29.9	0.803216
30	0.801271
30.1	0.799332
30.2	0.797396
30.3	0.79547
30.4	0.793547
30.5	0.79163
30.6	0.789718
30.7	0.787811
30.8	0.785911
30.9	0.784015
31	0.782116
31.1	0.780222
31.2	0.778338
31.3	0.776464
31.4	0.774594
31.5	0.772728
31.6	0.770869
31.7	0.769012
31.8	0.767157
31.9	0.765309
32	0.763468
32.1	0.761629
32.2	0.759794
32.3	0.757963
32.4	0.756138
32.5	0.754319
32.6	0.752506
32.7	0.750694
32.8	0.748882
32.9	0.747078
33	0.745284
33.1	0.743495
33.2	0.741715
33.3	0.739942
33.4	0.738173
33.5	0.736404
33.6	0.734638
33.7	0.732873
33.8	0.731109
33.9	0.729344
34	0.727582
34.1	0.725822
34.2	0.724065
34.3	0.72231
34.4	0.72056
34.5	0.718814
34.6	0.717071
34.7	0.715326
34.8	0.713581
34.9	0.711836
35	0.710095
35.1	0.708359
35.2	0.70663
35.3	0.704906
35.4	0.703179
35.5	0.70145
35.6	0.699725
35.7	0.698008
35.8	0.696295
35.9	0.69459
36	0.692892
36.1	0.691207
36.2	0.689534
36.3	0.687874
36.4	0.686227
36.5	0.684584
36.6	0.68295
36.7	0.681328
36.8	0.679711
36.9	0.678098
37	0.676492
37.1	0.674889
37.2	0.673291
37.3	0.671698
37.4	0.670107
37.5	0.66852
37.6	0.666935
37.7	0.665353
37.8	0.663772
37.9	0.662192
38	0.66062
38.1	0.659051
38.2	0.657487
38.3	0.655933
38.4	0.654386
38.5	0.652845
38.6	0.651306
38.7	0.649773
38.8	0.648242
38.9	0.64671
39	0.64518
39.1	0.643655
39.2	0.642133
39.3	0.640613
39.4	0.639098
39.5	0.637584
39.6	0.636074
39.7	0.634565
39.8	0.633056
39.9	0.631551
40	0.630053
40.1	0.628562
40.2	0.627076
40.3	0.625596
40.4	0.624122
40.5	0.622651
40.6	0.621188
40.7	0.619733
40.8	0.618286
40.9	0.616848
41	0.615409
41.1	0.613977
41.2	0.61255
41.3	0.611125
41.4	0.609703
41.5	0.608285
41.6	0.606875
41.7	0.605469
41.8	0.604063
41.9	0.602658
42	0.601255
42.1	0.599854
42.2	0.598459
42.3	0.597073
42.4	0.595695
42.5	0.594321
42.6	0.592947
42.7	0.591569
42.8	0.590191
42.9	0.58881
43	0.587429
43.1	0.586046
43.2	0.584664
43.3	0.583278
43.4	0.581898
43.5	0.580516
43.6	0.57913
43.7	0.577738
43.8	0.576342
43.9	0.574952
44	0.573563
44.1	0.572175
44.2	0.570789
44.3	0.569406
44.4	0.568025
44.5	0.566646
44.6	0.565273
44.7	0.563903
44.8	0.562535
44.9	0.561169
45	0.559806
45.1	0.558448
45.2	0.557096
45.3	0.555751
45.4	0.554415
45.5	0.553083
45.6	0.551754
45.7	0.550426
45.8	0.549103
45.9	0.547781
46	0.546461
46.1	0.545147
46.2	0.543835
46.3	0.542532
46.4	0.541235
46.5	0.539938
46.6	0.538647
46.7	0.53736
46.8	0.536075
46.9	0.534793
47	0.533517
47.1	0.532245
47.2	0.530976
47.3	0.529711
47.4	0.528455
47.5	0.527206
47.6	0.525961
47.7	0.52472
47.8	0.523485
47.9	0.52225
48	0.521018
48.1	0.519786
48.2	0.518556
48.3	0.517328
48.4	0.516098
48.5	0.514868
48.6	0.51364
48.7	0.512416
48.8	0.511199
48.9	0.509982
49	0.508758
49.1	0.50753
49.2	0.506297
49.3	0.505061
49.4	0.503827
49.5	0.502598
49.6	0.501369
49.7	0.500143
49.8	0.498921
49.9	0.497702
50	0.496492
50.1	0.495289
50.2	0.494088
50.3	0.492885
50.4	0.49169
50.5	0.490502
50.6	0.489322
50.7	0.488146
50.8	0.486974
50.9	0.485808
51	0.484644
51.1	0.483486
51.2	0.482331
51.3	0.48118
51.4	0.480029
51.5	0.478877
51.6	0.47773
51.7	0.476586
51.8	0.475449
51.9	0.474314
52	0.473178
52.1	0.472043
52.2	0.470911
52.3	0.469779
52.4	0.468651
52.5	0.467521
52.6	0.466389
52.7	0.465264
52.8	0.464143
52.9	0.463023
53	0.461898
53.1	0.460773
53.2	0.459656
53.3	0.458549
53.4	0.457451
53.5	0.45636
53.6	0.455273
53.7	0.454191
53.8	0.453114
53.9	0.452038
54	0.450965
54.1	0.449896
54.2	0.448836
54.3	0.447776
54.4	0.446718
54.5	0.445664
54.6	0.444614
54.7	0.443561
54.8	0.44251
54.9	0.441459
55	0.440413
55.1	0.439374
55.2	0.438337
55.3	0.437303
55.4	0.436271
55.5	0.43524
55.6	0.434217
55.7	0.433197
55.8	0.43218
55.9	0.431163
56	0.43015
56.1	0.429139
56.2	0.428132
56.3	0.427124
56.4	0.426118
56.5	0.425122
56.6	0.424133
56.7	0.423145
56.8	0.422163
56.9	0.421188
57	0.420218
57.1	0.419253
57.2	0.41829
57.3	0.417333
57.4	0.41638
57.5	0.415428
57.6	0.414481
57.7	0.413534
57.8	0.412592
57.9	0.411653
58	0.410715
58.1	0.409779
58.2	0.408845
58.3	0.407914
58.4	0.406986
58.5	0.406061
58.6	0.405138
58.7	0.404211
58.8	0.403281
58.9	0.40235
59	0.40142
59.1	0.400496
59.2	0.399573
59.3	0.398648
59.4	0.397718
59.5	0.396795
59.6	0.395882
59.7	0.394971
59.8	0.394063
59.9	0.393155
60	0.392247
60.1	0.39134
60.2	0.390432
60.3	0.38952
60.4	0.388607
60.5	0.387694
60.6	0.38678
60.7	0.385871
60.8	0.384961
60.9	0.384053
61	0.383145
61.1	0.38224
61.2	0.38134
61.3	0.380444
61.4	0.37955
61.5	0.378656
61.6	0.377759
61.7	0.376865
61.8	0.375975
61.9	0.375088
62	0.374206
62.1	0.373329
62.2	0.37246
62.3	0.371595
62.4	0.370737
62.5	0.369881
62.6	0.369022
62.7	0.36817
62.8	0.367321
62.9	0.366473
63	0.365627
63.1	0.364783
63.2	0.363938
63.3	0.363091
63.4	0.36225
63.5	0.361413
63.6	0.360576
63.7	0.359738
63.8	0.358903
63.9	0.35807
64	0.357243
64.1	0.356419
64.2	0.355595
64.3	0.354774
64.4	0.353954
64.5	0.353134
64.6	0.352316
64.7	0.351505
64.8	0.350699
64.9	0.349895
65	0.349087
65.1	0.348275
65.2	0.347459
65.3	0.34664
65.4	0.34582
65.5	0.344998
65.6	0.34418
65.7	0.343364
65.8	0.342556
65.9	0.34175
66	0.34095
66.1	0.34015
66.2	0.339349
66.3	0.338546
66.4	0.337743
66.5	0.33694
66.6	0.336141
66.7	0.335342
66.8	0.33454
66.9	0.333738
67	0.332934
67.1	0.332128
67.2	0.331327
67.3	0.330528
67.4	0.329726
67.5	0.328922
67.6	0.328117
67.7	0.327319
67.8	0.326528
67.9	0.32574
68	0.324952
68.1	0.32416
68.2	0.323368
68.3	0.322577
68.4	0.321794
68.5	0.321015
68.6	0.320232
68.7	0.319449
68.8	0.318662
68.9	0.317874
69	0.317088
69.1	0.316304
69.2	0.315524
69.3	0.314745
69.4	0.31397
69.5	0.313197
69.6	0.312421
69.7	0.311644
69.8	0.310874
69.9	0.310106
70	0.309341
70.1	0.308581
70.2	0.307822
70.3	0.307064
70.4	0.306312
70.5	0.305564
70.6	0.304819
70.7	0.304076
70.8	0.303335
70.9	0.302592
71	0.301847
71.1	0.301103
71.2	0.300359
71.3	0.299615
71.4	0.298871
71.5	0.298123
71.6	0.297378
71.7	0.296633
71.8	0.295885
71.9	0.295139
72	0.294396
72.1	0.293653
72.2	0.292909
72.3	0.292162
72.4	0.291423
72.5	0.290692
72.6	0.289964
72.7	0.289239
72.8	0.288517
72.9	0.287796
73	0.287076
73.1	0.286353
73.2	0.285632
73.3	0.284917
73.4	0.284204
73.5	0.283492
73.6	0.282786
73.7	0.282086
73.8	0.281389
73.9	0.280692
74	0.279995
74.1	0.279299
74.2	0.278609
74.3	0.277927
74.4	0.277244
74.5	0.276558
74.6	0.275871
74.7	0.275182
74.8	0.274494
74.9	0.273811
75	0.273131
75.1	0.272455
75.2	0.271782
75.3	0.271112
75.4	0.270448
75.5	0.269787
75.6	0.269126
75.7	0.268462
75.8	0.267799
75.9	0.26714
76	0.266485
76.1	0.26583
76.2	0.265172
76.3	0.264511
76.4	0.263848
76.5	0.263187
76.6	0.262524
76.7	0.261863
76.8	0.261201
76.9	0.260538
77	0.259879
77.1	0.259223
77.2	0.25857
77.3	0.257925
77.4	0.257284
77.5	0.256648
77.6	0.256009
77.7	0.255365
77.8	0.254722
77.9	0.254082
78	0.253454
78.1	0.252834
78.2	0.252216
78.3	0.251595
78.4	0.250971
78.5	0.250348
78.6	0.249722
78.7	0.249099
78.8	0.248483
78.9	0.247873
79	0.247266
79.1	0.246663
79.2	0.246056
79.3	0.245445
79.4	0.244838
79.5	0.244235
79.6	0.243638
79.7	0.243041
79.8	0.242449
79.9	0.241855
80	0.241261
80.1	0.240664
80.2	0.24007
80.3	0.239478
80.4	0.238886
80.5	0.238295
80.6	0.237706
80.7	0.237116
80.8	0.236524
80.9	0.235932
81	0.23534
81.1	0.234751
81.2	0.234163
81.3	0.233572
81.4	0.232977
81.5	0.232379
81.6	0.231784
81.7	0.231196
81.8	0.230612
81.9	0.230032
82	0.229454
82.1	0.228873
82.2	0.228294
82.3	0.227716
82.4	0.227139
82.5	0.226566
82.6	0.225995
82.7	0.225431
82.8	0.224867
82.9	0.224299
83	0.223731
83.1	0.223162
83.2	0.222598
83.3	0.222037
83.4	0.221481
83.5	0.220928
83.6	0.220376
83.7	0.21983
83.8	0.219289
83.9	0.218753
84	0.21822
84.1	0.217687
84.2	0.217152
84.3	0.216611
84.4	0.216069
84.5	0.215528
84.6	0.214992
84.7	0.214457
84.8	0.213925
84.9	0.213387
85	0.212848
85.1	0.212308
85.2	0.211774
85.3	0.211247
85.4	0.210726
85.5	0.210208
85.6	0.209692
85.7	0.209185
85.8	0.208683
85.9	0.208184
86	0.207682
86.1	0.207178
86.2	0.206673
86.3	0.206168
86.4	0.205662
86.5	0.205154
86.6	0.204651
86.7	0.204149
86.8	0.203654
86.9	0.203163
87	0.202677
87.1	0.202194
87.2	0.201714
87.3	0.201234
87.4	0.200754
87.5	0.200268
87.6	0.199782
87.7	0.199294
87.8	0.198807
87.9	0.19832
88	0.197832
88.1	0.197348
88.2	0.196873
88.3	0.196398
88.4	0.195928
88.5	0.19546
88.6	0.194993
88.7	0.194529
88.8	0.194066
88.9	0.193607
89	0.193149
89.1	0.192692
89.2	0.192235
89.3	0.191778
89.4	0.191324
89.5	0.190873
89.6	0.19042
89.7	0.18997
89.8	0.189521
89.9	0.189073
90	0.188631
90.1	0.188194
90.2	0.187761
90.3	0.18733
90.4	0.186898
90.5	0.186463
90.6	0.186025
90.7	0.185581
90.8	0.185137
90.9	0.184693
91	0.184253
91.1	0.183814
91.2	0.183374
91.3	0.182933
91.4	0.182492
91.5	0.18205
91.6	0.181609
91.7	0.181168
91.8	0.180729
91.9	0.180293
92	0.179864
92.1	0.179441
92.2	0.179022
92.3	0.1786
92.4	0.178176
92.5	0.177754
92.6	0.177331
92.7	0.176908
92.8	0.176488
92.9	0.176069
93	0.175653
93.1	0.175241
93.2	0.174832
93.3	0.174425
93.4	0.174022
93.5	0.173618
93.6	0.173213
93.7	0.172811
93.8	0.172413
93.9	0.172011
94	0.171604
94.1	0.1712
94.2	0.170798
94.3	0.170395
94.4	0.16999
94.5	0.169584
94.6	0.169174
94.7	0.16877
94.8	0.16837
94.9	0.167974
95	0.167582
95.1	0.167191
95.2	0.166806
95.3	0.166426
95.4	0.166046
95.5	0.165661
95.6	0.165273
95.7	0.164886
95.8	0.164502
95.9	0.164118
96	0.163735
96.1	0.163354
96.2	0.162973
96.3	0.162588
96.4	0.1622
96.5	0.161818
96.6	0.161435
96.7	0.161048
96.8	0.160658
96.9	0.160268
97	0.159882
97.1	0.159503
97.2	0.159126
97.3	0.158752
97.4	0.158385
97.5	0.158015
97.6	0.157644
97.7	0.157276
97.8	0.156912
97.9	0.15655
98	0.156187
98.1	0.155823
98.2	0.155463
98.3	0.155104
98.4	0.154745
98.5	0.154379
98.6	0.154008
98.7	0.153636
98.8	0.153266
98.9	0.152896
99	0.152526
99.1	0.152164
99.2	0.151806
99.3	0.151449
99.4	0.15109
99.5	0.150735
99.6	0.150378
99.7	0.150025
99.8	0.149674
99.9	0.149327
100	0.148985
100.1	0.148644
100.2	0.148302
100.3	0.147956
100.4	0.147609
100.5	0.14726
100.6	0.146911
100.7	0.146562
100.8	0.146208
100.9	0.145845
101	0.14548
101.1	0.145117
101.2	0.144761
101.3	0.144404
101.4	0.144051
101.5	0.143702
101.6	0.143359
101.7	0.143017
101.8	0.142678
101.9	0.142344
102	0.142012
102.1	0.14168
102.2	0.141352
102.3	0.141018
102.4	0.140679
102.5	0.140339
102.6	0.139997
102.7	0.139656
102.8	0.139318
102.9	0.138982
103	0.138648
103.1	0.138312
103.2	0.137972
103.3	0.137631
103.4	0.137291
103.5	0.136952
103.6	0.136613
103.7	0.136277
103.8	0.135945
103.9	0.135613
104	0.135279
104.1	0.13494
104.2	0.134603
104.3	0.134268
104.4	0.133943
104.5	0.133622
104.6	0.133303
104.7	0.132986
104.8	0.132669
104.9	0.132355
105	0.132046
105.1	0.13174
105.2	0.131439
105.3	0.131137
105.4	0.130838
105.5	0.13054
105.6	0.130243
105.7	0.129945
105.8	0.129648
105.9	0.129348
106	0.129048
106.1	0.128749
106.2	0.12845
106.3	0.128152
106.4	0.127859
106.5	0.12757
106.6	0.127276
106.7	0.126981
106.8	0.126688
106.9	0.126392
107	0.126099
107.1	0.125813
107.2	0.125528
107.3	0.125242
107.4	0.124953
107.5	0.124665
107.6	0.124377
107.7	0.124098
107.8	0.123821
107.9	0.123545
108	0.123267
108.1	0.122988
108.2	0.12271
108.3	0.122437
108.4	0.122166
108.5	0.121892
108.6	0.121614
108.7	0.121331
108.8	0.121049
108.9	0.120766
109	0.120483
109.1	0.120197
109.2	0.119904
109.3	0.119606
109.4	0.119309
109.5	0.119008
109.6	0.118708
109.7	0.118408
109.8	0.118112
109.9	0.117815
110	0.117512
110.1	0.117204
110.2	0.116887
110.3	0.116566
110.4	0.116241
110.5	0.115915
110.6	0.115594
110.7	0.115277
110.8	0.114963
110.9	0.114654
111	0.114349
111.1	0.114042
111.2	0.113732
111.3	0.113421
111.4	0.113109
111.5	0.112797
111.6	0.112487
111.7	0.112181
111.8	0.111878
111.9	0.111574
112	0.111271
112.1	0.110965
112.2	0.11066
112.3	0.110363
112.4	0.110069
112.5	0.109777
112.6	0.109487
112.7	0.109193
112.8	0.108896
112.9	0.108595
113	0.108292
113.1	0.107989
113.2	0.10769
113.3	0.107395
113.4	0.107108
113.5	0.106818
113.6	0.10653
113.7	0.106241
113.8	0.105952
113.9	0.105667
114	0.105382
114.1	0.105103
114.2	0.104828
114.3	0.104553
114.4	0.104281
114.5	0.104014
114.6	0.103751
114.7	0.103489
114.8	0.10323
114.9	0.10297
115	0.102704
115.1	0.102433
115.2	0.102156
115.3	0.101879
115.4	0.101604
115.5	0.10133
115.6	0.101062
115.7	0.100805
115.8	0.100548
115.9	0.100294
116	0.100047
116.1	0.0998007
116.2	0.0995516
116.3	0.0993019
116.4	0.0990532
116.5	0.098803
116.6	0.0985538
116.7	0.0983018
116.8	0.0980467
116.9	0.0977897
117	0.0975342
117.1	0.0972803
117.2	0.0970284
117.3	0.0967729
117.4	0.096516
117.5	0.0962583
117.6	0.0959926
117.7	0.0957199
117.8	0.0954451
117.9	0.0951744
118	0.0949055
118.1	0.0946345
118.2	0.094364
118.3	0.0940965
118.4	0.0938333
118.5	0.0935709
118.6	0.0933112
118.7	0.0930562
118.8	0.0928081
118.9	0.0925618
119	0.092313
119.1	0.0920668
119.2	0.0918258
119.3	0.09159
119.4	0.0913543
119.5	0.0911215
119.6	0.0908914
119.7	0.0906621
119.8	0.0904346
119.9	0.0902121
120	0.0899925
120.1	0.089774
120.2	0.0895542
120.3	0.0893306
120.4	0.0891108
120.5	0.0888907
120.6	0.0886754
120.7	0.0884615
120.8	0.0882477
120.9	0.0880409
121	0.0878323
121.1	0.0876241
121.2	0.0874152
121.3	0.0872083
121.4	0.0870082
121.5	0.0868076
121.6	0.0866082
121.7	0.0864111
121.8	0.0862173
121.9	0.0860258
122	0.085835
122.1	0.0856459
122.2	0.0854579
122.3	0.085269
122.4	0.0850741
122.5	0.0848736
122.6	0.0846642
122.7	0.0844489
122.8	0.0842323
122.9	0.0840153
123	0.083796
123.1	0.0835799
123.2	0.0833676
123.3	0.0831515
123.4	0.0829396
123.5	0.0827297
123.6	0.0825172
123.7	0.0823076
123.8	0.0820975
123.9	0.0818843
124	0.0816705
124.1	0.0814531
124.2	0.0812366
124.3	0.0810193
124.4	0.0808021
124.5	0.0805824
124.6	0.0803619
124.7	0.0801426
124.8	0.0799277
124.9	0.0797137
125	0.0794951
125.1	0.0792781
125.2	0.0790636
125.3	0.0788491
125.4	0.0786376
125.5	0.0784303
125.6	0.0782255
125.7	0.0780224
125.8	0.0778214
125.9	0.0776231
126	0.0774287
126.1	0.0772327
126.2	0.0770375
126.3	0.076844
126.4	0.0766514
126.5	0.0764568
126.6	0.0762616
126.7	0.0760649
126.8	0.0758712
126.9	0.0756735
127	0.0754778
127.1	0.0752824
127.2	0.0750832
127.3	0.0748827
127.4	0.0746824
127.5	0.0744871
127.6	0.0742917
127.7	0.0741004
127.8	0.0739125
127.9	0.0737241
128	0.0735404
128.1	0.0733563
128.2	0.0731708
128.3	0.0729806
128.4	0.0727925
128.5	0.0726064
128.6	0.0724233
128.7	0.0722433
128.8	0.0720624
128.9	0.0718791
129	0.0716931
129.1	0.0715106
129.2	0.0713316
129.3	0.071154
129.4	0.0709768
129.5	0.0707988
129.6	0.070619
129.7	0.0704363
129.8	0.0702535
129.9	0.07007
130	0.0698867
130.1	0.0697062
130.2	0.0695303
130.3	0.0693597
130.4	0.0691902
130.5	0.0690221
130.6	0.0688572
130.7	0.0686981
130.8	0.068542
130.9	0.0683824
131	0.0682232
131.1	0.0680644
131.2	0.0679032
131.3	0.0677441
131.4	0.067584
131.5	0.0674219
131.6	0.0672604
131.7	0.0670989
131.8	0.0669356
131.9	0.0667728
132	0.0666081
132.1	0.0664458
132.2	0.0662911
132.3	0.0661339
132.4	0.0659748
132.5	0.0658167
132.6	0.0656578
132.7	0.0655023
132.8	0.0653463
132.9	0.0651899
133	0.0650335
133.1	0.0648774
133.2	0.0647174
133.3	0.0645537
133.4	0.064384
133.5	0.0642098
133.6	0.064032
133.7	0.0638549
133.8	0.063673
133.9	0.0634898
134	0.0633029
134.1	0.0631167
134.2	0.0629335
134.3	0.0627514
134.4	0.0625681
134.5	0.0623849
134.6	0.0621983
134.7	0.0620135
134.8	0.0618283
134.9	0.0616406
135	0.0614519
135.1	0.0612615
135.2	0.0610682
135.3	0.0608743
135.4	0.0606804
135.5	0.0604882
135.6	0.0602966
135.7	0.0601011
135.8	0.059905
135.9	0.0597069
136	0.0595058
136.1	0.0593008
136.2	0.059095
136.3	0.0588909
136.4	0.0586851
136.5	0.0584834
136.6	0.0582871
136.7	0.0580944
136.8	0.0579026
136.9	0.0577132
137	0.0575239
137.1	0.0573356
137.2	0.05715
137.3	0.0569663
137.4	0.0567854
137.5	0.0566027
137.6	0.0564231
137.7	0.0562424
137.8	0.056063
137.9	0.0558851
138	0.0557086
138.1	0.05553
138.2	0.0553463
138.3	0.0551612
138.4	0.054981
138.5	0.0547978
138.6	0.0546202
138.7	0.0544427
138.8	0.0542644
138.9	0.0540866
139	0.0539087
139.1	0.0537315
139.2	0.0535549
139.3	0.0533754
139.4	0.0531958
139.5	0.053017
139.6	0.0528388
139.7	0.0526579
139.8	0.0524793
139.9	0.0523055
140	0.0521338
140.1	0.0519659
140.2	0.0518011
140.3	0.051636
140.4	0.05147
140.5	0.0513067
140.6	0.0511469
140.7	0.0509902
140.8	0.0508378
140.9	0.0506854
141	0.0505354
141.1	0.0503887
141.2	0.0502445
141.3	0.0500989
141.4	0.0499555
141.5	0.0498125
141.6	0.0496678
141.7	0.0495189
141.8	0.0493701
141.9	0.0492237
142	0.0490763
142.1	0.0489269
142.2	0.0487777
142.3	0.0486232
142.4	0.0484671
142.5	0.0483099
142.6	0.0481532
142.7	0.0480012
142.8	0.0478503
142.9	0.0476967
143	0.0475454
143.1	0.0473952
143.2	0.0472483
143.3	0.0471012
143.4	0.0469594
143.5	0.0468211
143.6	0.0466834
143.7	0.0465425
143.8	0.0463992
143.9	0.0462556
144	0.0461127
144.1	0.0459736
144.2	0.0458361
144.3	0.0456974
144.4	0.0455557
144.5	0.0454108
144.6	0.0452657
144.7	0.0451227
144.8	0.044985
144.9	0.0448466
145	0.0447077
145.1	0.0445694
145.2	0.0444305
145.3	0.0442875
145.4	0.0441441
145.5	0.0440049
145.6	0.0438689
145.7	0.0437385
145.8	0.0436115
145.9	0.04349
146	0.0433709
146.1	0.0432516
146.2	0.0431326
146.3	0.0430139
146.4	0.0428961
146.5	0.0427801
146.6	0.042664
146.7	0.0425486
146.8	0.0424344
146.9	0.042319
147	0.0422076
147.1	0.0420967
147.2	0.0419857
147.3	0.0418754
147.4	0.0417646
147.5	0.0416575
147.6	0.0415522
147.7	0.0414505
147.8	0.0413556
147.9	0.0412648
148	0.0411814
148.1	0.0410963
148.2	0.0410061
148.3	0.0409146
148.4	0.0408245
148.5	0.0407342
148.6	0.0406394
148.7	0.0405433
148.8	0.0404454
148.9	0.0403563
149	0.0402717
149.1	0.0401887
149.2	0.0401057
149.3	0.0400294
149.4	0.0399577
149.5	0.0398883
149.6	0.0398156
149.7	0.0397382
149.8	0.0396596
149.9	0.0395837
150	0.0395058
150.1	0.0394312
150.2	0.0393524
150.3	0.0392703
150.4	0.0391914
150.5	0.0391133
150.6	0.0390395
150.7	0.0389697
150.8	0.0389019
150.9	0.0388318
151	0.0387622
151.1	0.0386884
151.2	0.03861
151.3	0.0385305
151.4	0.0384556
151.5	0.0383815
151.6	0.0383052
151.7	0.0382241
151.8	0.0381368
151.9	0.0380488
152	0.0379617
152.1	0.0378742
152.2	0.037789
152.3	0.0377003
152.4	0.0376147
152.5	0.0375355
152.6	0.0374567
152.7	0.0373755
152.8	0.0372968
152.9	0.037221
153	0.0371469
153.1	0.0370713
153.2	0.0369905
153.3	0.036905
153.4	0.0368133
153.5	0.0367195
153.6	0.0366271
153.7	0.0365341
153.8	0.0364418
153.9	0.0363493
154	0.0362562
154.1	0.0361618
154.2	0.0360685
154.3	0.0359748
154.4	0.0358799
154.5	0.0357854
154.6	0.0356898
154.7	0.0355945
154.8	0.0355009
154.9	0.0354055
155	0.0353099
155.1	0.0352108
155.2	0.0351067
155.3	0.0349982
155.4	0.0348855
155.5	0.0347743
155.6	0.0346677
155.7	0.0345658
155.8	0.0344711
155.9	0.0343822
156	0.0342934
156.1	0.0342054
156.2	0.0341178
156.3	0.034035
156.4	0.0339544
156.5	0.033883
156.6	0.0338143
156.7	0.0337437
156.8	0.0336729
156.9	0.0336005
157	0.0335328
157.1	0.0334698
157.2	0.0334124
157.3	0.0333545
157.4	0.0332956
157.5	0.0332371
157.6	0.0331771
157.7	0.0331146
157.8	0.0330543
157.9	0.0329941
158	0.0329324
158.1	0.0328709
158.2	0.0328079
158.3	0.0327454
158.4	0.0326811
158.5	0.0326122
158.6	0.032547
158.7	0.0324851
158.8	0.0324268
158.9	0.0323723
159	0.0323182
159.1	0.0322632
159.2	0.0322051
159.3	0.0321417
159.4	0.0320739
159.5	0.032002
159.6	0.0319279
159.7	0.0318569
159.8	0.031792
159.9	0.0317249
160	0.0316511
160.1	0.0315694
160.2	0.0314824
160.3	0.0313911
160.4	0.031294
160.5	0.0311971
160.6	0.0310953
160.7	0.0309981
160.8	0.0309077
160.9	0.0308228
161	0.0307354
161.1	0.0306444
161.2	0.0305542
161.3	0.0304682
161.4	0.0303849
161.5	0.0303096
161.6	0.0302405
161.7	0.0301703
161.8	0.030104
161.9	0.030042
162	0.0299779
162.1	0.0299125
162.2	0.0298455
162.3	0.0297808
162.4	0.0297185
162.5	0.0296586
162.6	0.0295994
162.7	0.0295391
162.8	0.0294796
162.9	0.0294189
163	0.02936
163.1	0.0293054
163.2	0.0292558
163.3	0.0292105
163.4	0.0291681
163.5	0.0291294
163.6	0.0290898
163.7	0.029051
163.8	0.0290164
163.9	0.0289931
164	0.028972
164.1	0.0289509
164.2	0.0289359
164.3	0.0289211
164.4	0.0289052
164.5	0.0288834
164.6	0.0288645
164.7	0.0288498
164.8	0.0288357
164.9	0.0288193
165	0.0288011
165.1	0.0287799
165.2	0.0287573
165.3	0.0287298
165.4	0.0286952
165.5	0.0286552
165.6	0.0286131
165.7	0.0285706
165.8	0.0285251
165.9	0.0284767
166	0.0284212
166.1	0.0283597
166.2	0.028294
166.3	0.0282272
166.4	0.0281632
166.5	0.0280998
166.6	0.0280353
166.7	0.0279732
166.8	0.0279169
166.9	0.02786
167	0.0278052
167.1	0.0277525
167.2	0.0277028
167.3	0.0276524
167.4	0.0275981
167.5	0.0275427
167.6	0.0274863
167.7	0.0274362
167.8	0.0273907
167.9	0.0273487
168	0.027309
168.1	0.0272654
168.2	0.0272176
168.3	0.027164
168.4	0.0271096
168.5	0.0270531
168.6	0.026996
168.7	0.0269413
168.8	0.0268894
168.9	0.0268403
169	0.0267908
169.1	0.0267357
169.2	0.0266783
169.3	0.0266149
169.4	0.0265518
169.5	0.0264852
169.6	0.0264146
169.7	0.0263465
169.8	0.0262803
169.9	0.0262169
170	0.0261518
170.1	0.0260818
170.2	0.0260086
170.3	0.0259362
170.4	0.0258601
170.5	0.0257795
170.6	0.0257029
170.7	0.0256307
170.8	0.0255596
170.9	0.0254904
171	0.025425
171.1	0.0253657
171.2	0.0253051
171.3	0.0252422
171.4	0.0251777
171.5	0.0251117
171.6	0.0250448
171.7	0.0249826
171.8	0.024923
171.9	0.0248656
172	0.0248081
172.1	0.0247545
172.2	0.0247015
172.3	0.0246516
172.4	0.0246056
172.5	0.0245585
172.6	0.0245125
172.7	0.024463
172.8	0.0244104
172.9	0.0243551
173	0.0243068
173.1	0.0242683
173.2	0.0242327
173.3	0.0241973
173.4	0.0241583
173.5	0.0241146
173.6	0.0240683
173.7	0.0240213
173.8	0.0239773
173.9	0.0239338
174	0.0238886
174.1	0.0238438
174.2	0.0237932
174.3	0.0237365
174.4	0.0236757
174.5	0.0236132
174.6	0.0235477
174.7	0.0234858
174.8	0.0234298
174.9	0.0233748
175	0.0233191
175.1	0.0232653
175.2	0.0232081
175.3	0.0231516
175.4	0.0230942
175.5	0.0230375
175.6	0.0229815
175.7	0.0229274
175.8	0.0228726
175.9	0.0228205
176	0.0227696
176.1	0.0227209
176.2	0.0226677
176.3	0.0226156
176.4	0.0225591
176.5	0.0224981
176.6	0.0224358
176.7	0.0223788
176.8	0.0223183
176.9	0.0222532
177	0.0221858
177.1	0.0221218
177.2	0.0220561
177.3	0.0219918
177.4	0.0219312
177.5	0.0218694
177.6	0.0218058
177.7	0.0217428
177.8	0.0216815
177.9	0.0216218
178	0.0215622
178.1	0.0215012
178.2	0.0214426
178.3	0.0213841
178.4	0.0213208
178.5	0.0212594
178.6	0.0211962
178.7	0.021134
178.8	0.0210754
178.9	0.0210169
179	0.0209585
179.1	0.0209062
179.2	0.0208567
179.3	0.0208106
179.4	0.0207642
179.5	0.0207185
179.6	0.0206733
179.7	0.020627
179.8	0.0205808
179.9	0.020538
180	0.0205014
180.1	0.0204594
180.2	0.0204131
180.3	0.0203682
180.4	0.0203232
180.5	0.0202746
180.6	0.0202263
180.7	0.0201781
180.8	0.0201285
180.9	0.0200786
181	0.0200252
181.1	0.0199698
181.2	0.0199149
181.3	0.0198635
181.4	0.0198173
181.5	0.019776
181.6	0.0197376
181.7	0.0197031
181.8	0.0196678
181.9	0.0196326
182	0.0195992
182.1	0.0195677
182.2	0.0195396
182.3	0.019511
182.4	0.0194839
182.5	0.0194568
182.6	0.0194315
182.7	0.0193989
182.8	0.0193617
182.9	0.0193278
183	0.0192959
183.1	0.019267
183.2	0.0192398
183.3	0.0192106
183.4	0.0191777
183.5	0.0191402
183.6	0.0190984
183.7	0.0190592
183.8	0.0190202
183.9	0.0189811
184	0.0189391
184.1	0.0189002
184.2	0.0188588
184.3	0.0188148
184.4	0.0187688
184.5	0.0187187
184.6	0.0186662
184.7	0.0186103
184.8	0.0185583
184.9	0.0185077
185	0.0184524
185.1	0.0184031
185.2	0.0183574
185.3	0.0183117
185.4	0.0182656
185.5	0.018217
185.6	0.0181665
185.7	0.0181171
185.8	0.0180641
185.9	0.0180075
186	0.0179509
186.1	0.0178923
186.2	0.017835
186.3	0.0177785
186.4	0.0177248
186.5	0.0176698
186.6	0.0176103
186.7	0.0175509
186.8	0.0174926
186.9	0.0174368
187	0.0173849
187.1	0.0173315
187.2	0.0172736
187.3	0.0172073
187.4	0.0171423
187.5	0.0170798
187.6	0.0170161
187.7	0.0169524
187.8	0.0168916
187.9	0.0168343
188	0.016779
188.1	0.0167238
188.2	0.0166665
188.3	0.0166076
188.4	0.0165471
188.5	0.0164855
188.6	0.0164273
188.7	0.0163758
188.8	0.0163278
188.9	0.0162793
189	0.0162313
189.1	0.0161827
189.2	0.0161335
189.3	0.0160901
189.4	0.0160535
189.5	0.0160184
189.6	0.0159805
189.7	0.0159411
189.8	0.0158991
189.9	0.0158512
190	0.0157976
190.1	0.0157406
190.2	0.0156827
190.3	0.0156268
190.4	0.0155737
190.5	0.0155221
190.6	0.0154731
190.7	0.0154294
190.8	0.0153925
190.9	0.0153609
191	0.0153319
191.1	0.0153004
191.2	0.0152652
191.3	0.0152273
191.4	0.0151883
191.5	0.0151481
191.6	0.0151056
191.7	0.0150628
191.8	0.0150198
191.9	0.0149787
192	0.0149415
192.1	0.0149091
192.2	0.014879
192.3	0.0148481
192.4	0.0148164
192.5	0.0147763
192.6	0.0147375
192.7	0.014705
192.8	0.0146789
192.9	0.0146565
193	0.0146365
193.1	0.0146187
193.2	0.0146031
193.3	0.0145884
193.4	0.0145714
193.5	0.0145512
193.6	0.0145286
193.7	0.0145035
193.8	0.0144796
193.9	0.0144547
194	0.0144262
194.1	0.0143996
194.2	0.0143699
194.3	0.0143389
194.4	0.0143066
194.5	0.0142822
194.6	0.0142607
194.7	0.01424
194.8	0.014218
194.9	0.0141967
195	0.0141807
195.1	0.014168
195.2	0.0141583
195.3	0.0141495
195.4	0.0141409
195.5	0.0141291
195.6	0.01412
195.7	0.0141164
195.8	0.0141205
195.9	0.0141261
196	0.0141306
196.1	0.0141366
196.2	0.0141454
196.3	0.0141558
196.4	0.0141651
196.5	0.014172
196.6	0.0141764
196.7	0.0141836
196.8	0.0141891
196.9	0.0141904
197	0.0141908
197.1	0.0141925
197.2	0.0141952
197.3	0.0142003
197.4	0.014212
197.5	0.0142246
197.6	0.0142389
197.7	0.0142561
197.8	0.0142724
197.9	0.0142913
198	0.0143083
198.1	0.0143273
198.2	0.0143446
198.3	0.0143561
198.4	0.0143643
198.5	0.0143697
198.6	0.0143697
198.7	0.0143694
198.8	0.0143676
198.9	0.0143633
199	0.0143544
199.1	0.0143411
199.2	0.0143256
199.3	0.0143096
199.4	0.0142896
199.5	0.0142683
199.6	0.014247
199.7	0.0142234
199.8	0.014206
199.9	0.0141903
200	0.0141736
200.1	0.0141554
200.2	0.0141348
200.3	0.0141142
200.4	0.0140928
200.5	0.014077
200.6	0.0140615
200.7	0.0140454
200.8	0.0140278
200.9	0.014009
201	0.0139943
201.1	0.0139798
201.2	0.0139646
201.3	0.0139487
201.4	0.0139332
201.5	0.0139204
201.6	0.0139125
201.7	0.0139081
201.8	0.0139036
201.9	0.0139026
202	0.0139093
202.1	0.0139231
202.2	0.0139398
202.3	0.0139594
202.4	0.0139789
202.5	0.0139981
202.6	0.0140198
202.7	0.014043
202.8	0.0140638
202.9	0.0140826
203	0.0141004
203.1	0.0141143
203.2	0.0141289
203.3	0.0141444
203.4	0.0141572
203.5	0.0141727
203.6	0.0141918
203.7	0.0142107
203.8	0.0142262
203.9	0.01424
204	0.0142523
204.1	0.0142632
204.2	0.0142812
204.3	0.0143033
204.4	0.0143326
204.5	0.0143619
204.6	0.0143857
204.7	0.0144103
204.8	0.0144373
204.9	0.0144673
205	0.0144935
205.1	0.0145189
205.2	0.0145419
205.3	0.0145616
205.4	0.0145758
205.5	0.0145855
205.6	0.0145912
205.7	0.0145959
205.8	0.0145977
205.9	0.0145945
206	0.0145892
206.1	0.0145845
206.2	0.01458
206.3	0.0145748
206.4	0.0145725
206.5	0.0145718
206.6	0.0145722
206.7	0.0145727
206.8	0.0145698
206.9	0.014566
207	0.0145655
207.1	0.0145686
207.2	0.0145712
207.3	0.014573
207.4	0.0145768
207.5	0.0145826
207.6	0.0145932
207.7	0.0146077
207.8	0.0146199
207.9	0.0146359
208	0.014657
208.1	0.0146819
208.2	0.014707
208.3	0.0147328
208.4	0.0147627
208.5	0.0147891
208.6	0.0148114
208.7	0.0148307
208.8	0.0148469
208.9	0.0148632
209	0.0148787
209.1	0.0148944
209.2	0.01491
209.3	0.0149256
209.4	0.0149443
209.5	0.0149655
209.6	0.014984
209.7	0.0149947
209.8	0.0149998
209.9	0.0149961
210	0.0149899
210.1	0.0149809
210.2	0.0149706
210.3	0.0149636
210.4	0.014958
210.5	0.0149529
210.6	0.014954
210.7	0.0149603
210.8	0.0149669
210.9	0.0149763
211	0.0149895
211.1	0.0150011
211.2	0.0150096
211.3	0.0150185
211.4	0.015029
211.5	0.0150392
211.6	0.0150526
211.7	0.0150712
211.8	0.0150986
211.9	0.0151267
212	0.0151572
212.1	0.0151867
212.2	0.0152129
212.3	0.0152371
212.4	0.0152643
212.5	0.0152938
212.6	0.0153217
212.7	0.0153501
212.8	0.0153814
212.9	0.0154123
213	0.0154402
213.1	0.0154627
213.2	0.0154843
213.3	0.0155062
213.4	0.015524
213.5	0.0155368
213.6	0.0155464
213.7	0.0155586
213.8	0.0155646
213.9	0.0155604
214	0.0155475
214.1	0.0155296
214.2	0.0155079
214.3	0.0154845
214.4	0.0154597
214.5	0.0154345
214.6	0.0154093
214.7	0.0153814
214.8	0.015351
214.9	0.0153209
215	0.0152918
215.1	0.0152669
215.2	0.0152434
215.3	0.0152229
215.4	0.0152023
215.5	0.0151849
215.6	0.0151708
215.7	0.0151552
215.8	0.0151433
215.9	0.0151339
216	0.0151245
216.1	0.0151145
216.2	0.0151066
216.3	0.0150989
216.4	0.0150907
216.5	0.0150804
216.6	0.0150653
216.7	0.0150501
216.8	0.0150329
216.9	0.0150155
217	0.0149964
217.1	0.0149779
217.2	0.0149572
217.3	0.014935
217.4	0.0149104
217.5	0.0148881
217.6	0.0148688
217.7	0.0148488
217.8	0.0148296
217.9	0.014809
218	0.0147878
218.1	0.0147661
218.2	0.0147435
218.3	0.014722
218.4	0.0147041
218.5	0.0146908
218.6	0.0146747
218.7	0.0146561
218.8	0.0146394
218.9	0.0146242
219	0.0146052
219.1	0.0145828
219.2	0.0145535
219.3	0.0145205
219.4	0.0144853
219.5	0.0144452
219.6	0.0144015
219.7	0.0143574
219.8	0.0143107
219.9	0.0142603
220	0.0142111
220.1	0.014165
220.2	0.0141195
220.3	0.0140757
220.4	0.0140355
220.5	0.0139923
220.6	0.0139458
220.7	0.0138957
220.8	0.013852
220.9	0.0138109
221	0.0137736
221.1	0.0137444
221.2	0.0137188
221.3	0.0136969
221.4	0.0136776
221.5	0.0136588
221.6	0.0136411
221.7	0.0136271
221.8	0.0136142
221.9	0.0135994
222	0.013581
222.1	0.0135567
222.2	0.0135307
222.3	0.0135028
222.4	0.0134763
222.5	0.0134548
222.6	0.013433
222.7	0.0134099
222.8	0.0133904
222.9	0.0133721
223	0.0133553
223.1	0.0133346
223.2	0.0133057
223.3	0.0132737
223.4	0.0132415
223.5	0.0132085
223.6	0.0131738
223.7	0.0131381
223.8	0.0130995
223.9	0.0130575
224	0.0130176
224.1	0.0129777
224.2	0.0129434
224.3	0.0129066
224.4	0.0128696
224.5	0.0128323
224.6	0.0127943
224.7	0.0127601
224.8	0.0127234
224.9	0.0126826
225	0.0126365
225.1	0.0125942
225.2	0.0125532
225.3	0.0125115
225.4	0.0124718
225.5	0.0124342
225.6	0.0123957
225.7	0.012358
225.8	0.0123206
225.9	0.0122837
226	0.012251
226.1	0.0122202
226.2	0.0121917
226.3	0.0121627
226.4	0.0121341
226.5	0.0121044
226.6	0.012076
226.7	0.0120479
226.8	0.0120199
226.9	0.0119926
227	0.0119621
227.1	0.0119279
227.2	0.0118889
227.3	0.0118491
227.4	0.0118106
227.5	0.0117712
227.6	0.0117306
227.7	0.0116944
227.8	0.0116548
227.9	0.0116102
228	0.0115628
228.1	0.0115167
228.2	0.0114666
228.3	0.0114121
228.4	0.0113557
228.5	0.0112997
228.6	0.0112451
228.7	0.0111954
228.8	0.0111505
228.9	0.0111119
229	0.0110711
229.1	0.0110272
229.2	0.0109819
229.3	0.0109357
229.4	0.0108901
229.5	0.010846
229.6	0.0108012
229.7	0.0107519
229.8	0.0107007
229.9	0.0106513
230	0.0106038
230.1	0.0105583
230.2	0.0105155
230.3	0.010467
230.4	0.0104142
230.5	0.0103643
230.6	0.0103176
230.7	0.0102707
230.8	0.0102183
230.9	0.0101652
231	0.0101101
231.1	0.0100553
231.2	0.0100031
231.3	0.00994977
231.4	0.00989381
231.5	0.00983552
231.6	0.00977819
231.7	0.00971981
231.8	0.00965938
231.9	0.00960311
232	0.00955273
232.1	0.00950591
232.2	0.0094584
232.3	0.00941295
232.4	0.00936809
232.5	0.00932438
232.6	0.00927854
232.7	0.00922868
232.8	0.00918035
232.9	0.00913534
233	0.00909592
233.1	0.00905971
233.2	0.00902845
233.3	0.00900004
233.4	0.00897486
233.5	0.00894917
233.6	0.00892668
233.7	0.00890527
233.8	0.00888083
233.9	0.00884855
234	0.00880742
234.1	0.00876298
234.2	0.00871951
234.3	0.00867709
234.4	0.00863403
234.5	0.00858702
234.6	0.00854181
234.7	0.00849559
234.8	0.00844905
234.9	0.0083976
235	0.00834366
235.1	0.00828524
235.2	0.00822447
235.3	0.0081644
235.4	0.00810179
235.5	0.00803666
235.6	0.00796912
235.7	0.00789986
235.8	0.00783656
235.9	0.00777765
236	0.0077241
236.1	0.00767144
236.2	0.00762263
236.3	0.00757137
236.4	0.00751707
236.5	0.00746336
236.6	0.00740681
236.7	0.0073448
236.8	0.00728196
236.9	0.00721951
237	0.00716119
237.1	0.00710313
237.2	0.00704259
237.3	0.00698009
237.4	0.00691982
237.5	0.00685732
237.6	0.00679495
237.7	0.00673475
237.8	0.00667481
237.9	0.00661805
238	0.00656033
238.1	0.00650609
238.2	0.0064534
238.3	0.00639657
238.4	0.00633564
238.5	0.00627222
238.6	0.00621345
238.7	0.00616264
238.8	0.00611718
238.9	0.00607206
239	0.00603381
239.1	0.00600211
239.2	0.00597131
239.3	0.00594495
239.4	0.00591861
239.5	0.00589087
239.6	0.00586751
239.7	0.00585225
239.8	0.00583837
239.9	0.00582277
240	0.00581007
240.1	0.0057963
240.2	0.005781
240.3	0.00576228
240.4	0.00573862
240.5	0.00571774
240.6	0.00570221
240.7	0.00569364
240.8	0.00568736
240.9	0.00567909
241	0.00567405
241.1	0.00566751
241.2	0.00565494
241.3	0.00563489
241.4	0.0056092
241.5	0.00557651
241.6	0.00553811
241.7	0.00550135
241.8	0.00546868
241.9	0.00543657
242	0.00540302
242.1	0.0053727
242.2	0.00534686
242.3	0.0053253
242.4	0.00530659
242.5	0.00528654
242.6	0.0052662
242.7	0.0052455
242.8	0.00522506
242.9	0.00519719
243	0.00516595
243.1	0.00513832
243.2	0.00511272
243.3	0.00509259
243.4	0.00507919
243.5	0.0050665
243.6	0.00505184
243.7	0.00503851
243.8	0.00502888
243.9	0.0050229
244	0.00501557
244.1	0.00501088
244.2	0.00500761
244.3	0.00500278
244.4	0.00500255
244.5	0.00500124
244.6	0.00499622
244.7	0.00498957
244.8	0.00498322
244.9	0.00497761
245	0.00496965
245.1	0.00496262
245.2	0.00494957
245.3	0.00493618
245.4	0.00492185
245.5	0.0049084
245.6	0.00489649
245.7	0.00488379
245.8	0.00486875
245.9	0.00485729
246	0.00484402
246.1	0.00482936
246.2	0.00481553
246.3	0.00480512
246.4	0.00479325
246.5	0.00477068
246.6	0.00474264
246.7	0.00471178
246.8	0.00468221
246.9	0.00465551
247	0.00463052
247.1	0.00460663
247.2	0.00458699
247.3	0.00457206
247.4	0.0045595
247.5	0.0045454
247.6	0.0045333
247.7	0.00452686
247.8	0.00452131
247.9	0.00451556
248	0.0045116
248.1	0.00450872
248.2	0.00450141
248.3	0.00449054
248.4	0.00447953
248.5	0.00447451
248.6	0.00447676
248.7	0.00448583
248.8	0.00449691
248.9	0.00449824
249	0.00449749
249.1	0.0044995
249.2	0.00449851
249.3	0.00449505
249.4	0.00448987
249.5	0.00448416
249.6	0.00447633
249.7	0.00446716
249.8	0.00445418
249.9	0.00443805
250	0.00442228
250.1	0.00440493
250.2	0.00438842
250.3	0.00437206
250.4	0.00435901
250.5	0.00434812
250.6	0.00433518
250.7	0.00431973
250.8	0.00430222
250.9	0.00428035
251	0.00425627
251.1	0.00423128
251.2	0.00420571
251.3	0.0041798
251.4	0.00415157
251.5	0.00412541
251.6	0.00409886
251.7	0.00407235
251.8	0.00404816
251.9	0.00402314
252	0.00399807
252.1	0.00397124
252.2	0.00395392
252.3	0.00394332
252.4	0.00393484
252.5	0.00392584
252.6	0.00391483
252.7	0.00390078
252.8	0.00388682
252.9	0.00387265
253	0.00385613
253.1	0.00384356
253.2	0.00383582
253.3	0.0038302
253.4	0.00381907
253.5	0.00380751
253.6	0.00379548
253.7	0.00378532
253.8	0.00377366
253.9	0.00376152
254	0.00374597
254.1	0.00372857
254.2	0.00370872
254.3	0.00368556
254.4	0.00365789
254.5	0.00363088
254.6	0.00360393
254.7	0.00357372
254.8	0.00354244
254.9	0.00351089
255	0.00347861
255.1	0.00344307
255.2	0.00340781
255.3	0.00336966
255.4	0.00332766
255.5	0.00328356
255.6	0.00323891
255.7	0.00319352
255.8	0.00314614
255.9	0.00309453
256	0.00303933
256.1	0.00298213
256.2	0.00292189
256.3	0.00285892
256.4	0.00279562
256.5	0.0027369
256.6	0.00268467
256.7	0.00263517
256.8	0.00258931
256.9	0.00254643
257	0.00250574
257.1	0.00246644
257.2	0.00243247
257.3	0.00240123
257.4	0.00236678
257.5	0.00233707
257.6	0.00230588
257.7	0.00227398
257.8	0.00223885
257.9	0.00219954
258	0.00216025
258.1	0.0021239
258.2	0.00209088
258.3	0.002058
258.4	0.00202669
258.5	0.00199847
258.6	0.0019721
258.7	0.00194791
258.8	0.00192531
258.9	0.0019038
259	0.00188639
259.1	0.00186976
259.2	0.00184972
259.3	0.0018223
259.4	0.00178964
259.5	0.00175856
259.6	0.0017283
259.7	0.00169838
259.8	0.00167184
259.9	0.0016528
260	0.00163674
260.1	0.00161813
260.2	0.00159567
260.3	0.00156799
260.4	0.00153385
260.5	0.00149599
260.6	0.00145787
260.7	0.00141887
260.8	0.00137615
260.9	0.0013366
261	0.00129906
261.1	0.0012648
261.2	0.001229
261.3	0.00119308
261.4	0.0011542
261.5	0.0011104
261.6	0.00105856
261.7	0.00100093
261.8	0.000939184
261.9	0.000882268
262	0.00082665
262.1	0.000771523
262.2	0.000715498
262.3	0.000653055
262.4	0.000586304
262.5	0.000518207
262.6	0.000455467
262.7	0.000398919
262.8	0.00034593
262.9	0.000290997
263	0.000238596
263.1	0.000189844
263.2	0.000138736
263.3	8.52518e-05
263.4	3.21737e-05
263.5	-1.58223e-05
263.6	-5.72554e-05
263.7	-9.50214e-05
263.8	-0.000133721
263.9	-0.000177447
264	-0.00021935
264.1	-0.000258999
264.2	-0.00029676
264.3	-0.000330734
264.4	-0.000363682
264.5	-0.000391683
264.6	-0.000415955
264.7	-0.000434477
264.8	-0.000446351
264.9	-0.000454803
265	-0.000461688
265.1	-0.000471421
265.2	-0.000478409
265.3	-0.000489204
265.4	-0.000500875
265.5	-0.000508287
265.6	-0.000514354
265.7	-0.000522103
265.8	-0.000536358
265.9	-0.000551434
266	-0.000568988
266.1	-0.000587964
266.2	-0.000607342
266.3	-0.000622256
266.4	-0.000635934
266.5	-0.000646142
266.6	-0.000649933
266.7	-0.000651717
266.8	-0.000654743
266.9	-0.000659485
267	-0.000669567
267.1	-0.000681279
267.2	-0.00069083
267.3	-0.000699897
267.4	-0.000707935
267.5	-0.000716651
267.6	-0.000726578
267.7	-0.000738026
267.8	-0.000748257
267.9	-0.000758888
268	-0.000769254
268.1	-0.00077735
268.2	-0.000782906
268.3	-0.000786351
268.4	-0.000789552
268.5	-0.000792286
268.6	-0.000795259
268.7	-0.000795657
268.8	-0.000796262
268.9	-0.000800104
269	-0.000801462
269.1	-0.000801871
269.2	-0.000802879
269.3	-0.000802238
269.4	-0.000801067
269.5	-0.000794843
269.6	-0.000783613
269.7	-0.000769721
269.8	-0.000753507
269.9	-0.000735497
270	-0.000723774
270.1	-0.000721166
270.2	-0.000723982
270.3	-0.000732005
270.4	-0.000742295
270.5	-0.000753862
270.6	-0.000767217
270.7	-0.000779731
270.8	-0.000786815
270.9	-0.000788446
271	-0.000790498
271.1	-0.000794619
271.2	-0.000793373
271.3	-0.000790398
271.4	-0.000784883
271.5	-0.000780184
271.6	-0.000775155
271.7	-0.00077305
271.8	-0.000767688
271.9	-0.000762046
272	-0.000760953
272.1	-0.000759912
272.2	-0.00075505
272.3	-0.000748549
272.4	-0.000741545
272.5	-0.000739662
272.6	-0.00073752
272.7	-0.000736555
272.8	-0.000735371
272.9	-0.000733535
273	-0.000729874
273.1	-0.00072631
273.2	-0.000714165
273.3	-0.000701862
273.4	-0.000692929
273.5	-0.000686663
273.6	-0.000688865
273.7	-0.000698014
273.8	-0.000709209
273.9	-0.00072442
274	-0.000740144
274.1	-0.00075612
274.2	-0.000776062
274.3	-0.000797753
274.4	-0.000817986
274.5	-0.000838277
274.6	-0.000852639
274.7	-0.000859616
274.8	-0.00085708
274.9	-0.000853172
275	-0.00084903
275.1	-0.000844613
275.2	-0.000839763
275.3	-0.000836617
275.4	-0.000834736
275.5	-0.000833122
275.6	-0.000834018
275.7	-0.000835259
275.8	-0.000835927
275.9	-0.000833424
276	-0.000832697
276.1	-0.000831485
276.2	-0.000828732
276.3	-0.000825111
276.4	-0.000822021
276.5	-0.000824235
276.6	-0.000827548
276.7	-0.000830289
276.8	-0.00082961
276.9	-0.000826888
277	-0.000822168
277.1	-0.000817523
277.2	-0.00081385
277.3	-0.0008119
277.4	-0.000808631
277.5	-0.000804912
277.6	-0.000805837
277.7	-0.000806602
277.8	-0.00080264
277.9	-0.000792513
278	-0.000780388
278.1	-0.0007674
278.2	-0.000760358
278.3	-0.000760716
278.4	-0.000759868
278.5	-0.000765306
278.6	-0.000775586
278.7	-0.00078455
278.8	-0.000796917
278.9	-0.000807133
279	-0.000815863
279.1	-0.000821035
279.2	-0.000824427
279.3	-0.000831084
279.4	-0.000841336
279.5	-0.000855676
279.6	-0.000869984
279.7	-0.000884974
279.8	-0.000904913
279.9	-0.000928074
280	-0.000951001
280.1	-0.000978129
280.2	-0.00100366
280.3	-0.00102988
280.4	-0.00105183
280.5	-0.00107289
280.6	-0.00109804
280.7	-0.00112246
280.8	-0.0011452
280.9	-0.00116519
281	-0.00118418
281.1	-0.00120601
281.2	-0.00123135
281.3	-0.00125516
281.4	-0.00127614
281.5	-0.00129617
281.6	-0.00131253
281.7	-0.00132617
281.8	-0.00133946
281.9	-0.00135727
282	-0.00138247
282.1	-0.00140776
282.2	-0.00143133
282.3	-0.00145401
282.4	-0.00147678
282.5	-0.00150062
282.6	-0.00152861
282.7	-0.00156056
282.8	-0.00160098
282.9	-0.00164636
283	-0.00169758
283.1	-0.00175189
283.2	-0.00180723
283.3	-0.00186284
283.4	-0.00192106
283.5	-0.00198026
283.6	-0.0020392
283.7	-0.00209692
283.8	-0.00215268
283.9	-0.00220656
284	-0.00225874
284.1	-0.00231022
284.2	-0.00236564
284.3	-0.00242495
284.4	-0.00248336
284.5	-0.00254187
284.6	-0.00260582
284.7	-0.00267205
284.8	-0.00273883
284.9	-0.00280553
285	-0.00287521
285.1	-0.00294174
285.2	-0.00301072
285.3	-0.00307927
285.4	-0.00314416
285.5	-0.00320736
285.6	-0.0032691
285.7	-0.00333023
285.8	-0.00339479
285.9	-0.00346742
286	-0.00354444
286.1	-0.00361897
286.2	-0.00369936
286.3	-0.00378107
286.4	-0.00386855
286.5	-0.0039595
286.6	-0.00405574
286.7	-0.00415417
286.8	-0.00425256
286.9	-0.00434765
287	-0.00443635
287.1	-0.00452042
287.2	-0.00459685
287.3	-0.00467209
287.4	-0.00474027
287.5	-0.00480311
287.6	-0.00486361
287.7	-0.00492058
287.8	-0.00498317
287.9	-0.00504973
288	-0.0051177
288.1	-0.00518434
288.2	-0.00525237
288.3	-0.00532456
288.4	-0.0053944
288.5	-0.0054611
288.6	-0.00552526
288.7	-0.00558994
288.8	-0.00565623
288.9	-0.00572835
289	-0.00579855
289.1	-0.00586253
289.2	-0.00592156
289.3	-0.0059769
289.4	-0.00602835
289.5	-0.00607526
289.6	-0.0061226
289.7	-0.00617053
289.8	-0.00621463
289.9	-0.00625951
290	-0.00630736
290.1	-0.00636027
290.2	-0.0064154
290.3	-0.00647019
290.4	-0.00652747
290.5	-0.00659027
290.6	-0.00665612
290.7	-0.0067235
290.8	-0.00679323
290.9	-0.00686487
291	-0.00693485
291.1	-0.00700329
291.2	-0.00706861
291.3	-0.00713454
291.4	-0.00720016
291.5	-0.00726802
291.6	-0.00733431
291.7	-0.00739887
291.8	-0.00746257
291.9	-0.0075236
292	-0.00758866
292.1	-0.00765731
292.2	-0.00772935
292.3	-0.00779867
292.4	-0.00786503
292.5	-0.00792827
292.6	-0.00798758
292.7	-0.00804859
292.8	-0.00810961
292.9	-0.00816629
293	-0.00822074
293.1	-0.00828108
293.2	-0.00834236
293.3	-0.00840569
293.4	-0.00847112
293.5	-0.00854246
293.6	-0.00861397
293.7	-0.00868037
293.8	-0.00874519
293.9	-0.00881319
294	-0.00888107
294.1	-0.00894452
294.2	-0.00900468
294.3	-0.00905861
294.4	-0.00911185
294.5	-0.00916308
294.6	-0.00920986
294.7	-0.00924902
294.8	-0.00928326
294.9	-0.00931994
295	-0.00936169
295.1	-0.00940663
295.2	-0.00944988
295.3	-0.00949031
295.4	-0.00952921
295.5	-0.00956407
295.6	-0.00960055
295.7	-0.00963192
295.8	-0.00966091
295.9	-0.00968842
296	-0.00971392
296.1	-0.00973879
296.2	-0.00976274
296.3	-0.00978613
296.4	-0.00981263
296.5	-0.00983613
296.6	-0.0098543
296.7	-0.00987182
296.8	-0.0098887
296.9	-0.00990381
297	-0.00991999
297.1	-0.00993562
297.2	-0.00994841
297.3	-0.00995999
297.4	-0.00997115
297.5	-0.00997968
297.6	-0.00998655
297.7	-0.00999235
297.8	-0.0100036
297.9	-0.0100132
298	-0.010021
298.1	-0.0100262
298.2	-0.0100346
298.3	-0.0100437
298.4	-0.0100544
298.5	-0.0100642
298.6	-0.0100753
298.7	-0.0100834
298.8	-0.010086
298.9	-0.0100863
299	-0.0100827
299.1	-0.0100806
299.2	-0.0100787
299.3	-0.0100834
299.4	-0.0100915
299.5	-0.0101037
299.6	-0.0101199
299.7	-0.0101346
299.8	-0.010151
299.9	-0.0101712
300	-0.0101932
300.1	-0.0102129
300.2	-0.0102318
300.3	-0.0102529
300.4	-0.0102761
300.5	-0.0102945
300.6	-0.0103128
300.7	-0.0103259
300.8	-0.0103408
300.9	-0.0103528
301	-0.0103655
301.1	-0.0103774
301.2	-0.0103882
301.3	-0.0103929
301.4	-0.0103923
301.5	-0.010386
301.6	-0.0103746
301.7	-0.0103603
301.8	-0.0103433
301.9	-0.0103186
302	-0.0102929
302.1	-0.0102658
302.2	-0.0102385
302.3	-0.0102165
302.4	-0.0101961
302.5	-0.0101821
302.6	-0.0101703
302.7	-0.0101635
302.8	-0.0101613
302.9	-0.0101688
303	-0.0101747
303.1	-0.0101792
303.2	-0.0101823
303.3	-0.0101823
303.4	-0.0101796
303.5	-0.0101764
303.6	-0.0101754
303.7	-0.0101755
303.8	-0.0101768
303.9	-0.010179
304	-0.0101856
304.1	-0.0101922
304.2	-0.0102001
304.3	-0.0102079
304.4	-0.010216
304.5	-0.0102251
304.6	-0.0102375
304.7	-0.0102506
304.8	-0.0102588
304.9	-0.0102663
305	-0.010274
305.1	-0.0102843
305.2	-0.0102993
305.3	-0.010315
305.4	-0.010328
305.5	-0.0103448
305.6	-0.0103612
305.7	-0.0103718
305.8	-0.0103789
305.9	-0.0103818
306	-0.0103859
306.1	-0.0103936
306.2	-0.0104048
306.3	-0.0104156
306.4	-0.0104266
306.5	-0.010439
306.6	-0.0104485
306.7	-0.0104583
306.8	-0.010469
306.9	-0.0104781
307	-0.0104921
307.1	-0.010497
307.2	-0.0104935
307.3	-0.0104798
307.4	-0.010465
307.5	-0.0104478
307.6	-0.0104313
307.7	-0.0104132
307.8	-0.0103946
307.9	-0.0103764
308	-0.0103547
308.1	-0.0103303
308.2	-0.0103027
308.3	-0.0102748
308.4	-0.0102483
308.5	-0.0102233
308.6	-0.0101993
308.7	-0.0101781
308.8	-0.0101597
308.9	-0.0101413
309	-0.0101245
309.1	-0.0101103
309.2	-0.0100946
309.3	-0.0100788
309.4	-0.0100594
309.5	-0.0100383
309.6	-0.010019
309.7	-0.0100001
309.8	-0.00998197
309.9	-0.00996527
310	-0.00994746
310.1	-0.00992747
310.2	-0.00991143
310.3	-0.00989871
310.4	-0.00988525
310.5	-0.00987153
310.6	-0.00984874
310.7	-0.00981853
310.8	-0.00978313
310.9	-0.00974512
311	-0.00970725
311.1	-0.0096695
311.2	-0.00962971
311.3	-0.00958938
311.4	-0.00954926
311.5	-0.00951002
311.6	-0.00946793
311.7	-0.00942188
311.8	-0.00937331
311.9	-0.00932203
312	-0.00927645
312.1	-0.00923743
312.2	-0.00920202
312.3	-0.00917114
312.4	-0.00914659
312.5	-0.00912658
312.6	-0.0091098
312.7	-0.00909342
312.8	-0.00907407
312.9	-0.00905292
313	-0.00903877
313.1	-0.00902599
313.2	-0.00901155
313.3	-0.00899999
313.4	-0.00899005
313.5	-0.00897826
313.6	-0.0089619
313.7	-0.00894064
313.8	-0.00892029
313.9	-0.00889373
314	-0.00886744
314.1	-0.00884458
314.2	-0.0088259
314.3	-0.00880729
314.4	-0.00878699
314.5	-0.00876594
314.6	-0.00874585
314.7	-0.00872411
314.8	-0.00870013
314.9	-0.00867582
315	-0.0086488
315.1	-0.0086218
315.2	-0.00858969
315.3	-0.00854853
315.4	-0.0085052
315.5	-0.00845798
315.6	-0.00840602
315.7	-0.00834728
315.8	-0.00828856
315.9	-0.00823423
316	-0.00818278
316.1	-0.00813828
316.2	-0.00809883
316.3	-0.00805388
316.4	-0.00800208
316.5	-0.00794637
316.6	-0.00789086
316.7	-0.00783316
316.8	-0.00776833
316.9	-0.00769484
317	-0.00761703
317.1	-0.00753563
317.2	-0.00745249
317.3	-0.00736807
317.4	-0.00728404
317.5	-0.00720052
317.6	-0.00711839
317.7	-0.00703738
317.8	-0.00695493
317.9	-0.00687013
318	-0.00678506
318.1	-0.0067021
318.2	-0.00661614
318.3	-0.00653715
318.4	-0.00646248
318.5	-0.0063883
318.6	-0.0063099
318.7	-0.00623037
318.8	-0.00615214
318.9	-0.00607442
319	-0.00599407
319.1	-0.00591506
319.2	-0.00583875
319.3	-0.00576925
319.4	-0.00570853
319.5	-0.00565402
319.6	-0.00560187
319.7	-0.00554983
319.8	-0.00549693
319.9	-0.0054457
320	-0.00539899
320.1	-0.00535296
320.2	-0.00530266
320.3	-0.00525814
320.4	-0.00521808
320.5	-0.00517924
320.6	-0.00513807
320.7	-0.00509635
320.8	-0.00505767
320.9	-0.00502189
321	-0.00498253
321.1	-0.00494125
321.2	-0.0048959
321.3	-0.00484764
321.4	-0.00479977
321.5	-0.00475546
321.6	-0.0047062
321.7	-0.00465616
321.8	-0.00460974
321.9	-0.00456518
322	-0.00452195
322.1	-0.00447713
322.2	-0.00443411
322.3	-0.00439279
322.4	-0.00435427
322.5	-0.00431583
322.6	-0.00427733
322.7	-0.00424029
322.8	-0.00420364
322.9	-0.00416438
323	-0.00412377
323.1	-0.00408535
323.2	-0.00404405
323.3	-0.00400174
323.4	-0.00395496
323.5	-0.00390547
323.6	-0.00385615
323.7	-0.00380805
323.8	-0.00375732
323.9	-0.00370836
324	-0.00365774
324.1	-0.00360273
324.2	-0.00354648
324.3	-0.00349214
324.4	-0.00343573
324.5	-0.00337758
324.6	-0.00332446
324.7	-0.00327848
324.8	-0.00323749
324.9	-0.00319814
325	-0.0031553
325.1	-0.00311738
325.2	-0.00307784
325.3	-0.00303913
325.4	-0.00299912
325.5	-0.00296064
325.6	-0.00292573
325.7	-0.00289069
325.8	-0.00285431
325.9	-0.00281952
326	-0.00278582
326.1	-0.00275375
326.2	-0.00271851
326.3	-0.00268215
326.4	-0.00264446
326.5	-0.00260511
326.6	-0.00256104
326.7	-0.00251491
326.8	-0.00246682
326.9	-0.00241423
327	-0.00235715
327.1	-0.00229646
327.2	-0.00223059
327.3	-0.00216328
327.4	-0.00209572
327.5	-0.00202658
327.6	-0.0019546
327.7	-0.00188186
327.8	-0.00181126
327.9	-0.0017397
328	-0.00166568
328.1	-0.00159478
328.2	-0.00153163
328.3	-0.00146949
328.4	-0.00140558
328.5	-0.001345
328.6	-0.00129105
328.7	-0.00124101
328.8	-0.00119641
328.9	-0.00115586
329	-0.00112047
329.1	-0.00109126
329.2	-0.00106093
329.3	-0.00102826
329.4	-0.000999648
329.5	-0.000972149
329.6	-0.00094184
329.7	-0.000909594
329.8	-0.000876875
329.9	-0.000846722
330	-0.000819288
330.1	-0.000793247
330.2	-0.000769122
330.3	-0.000745796
330.4	-0.000725057
330.5	-0.000711174
330.6	-0.000695684
330.7	-0.00067554
330.8	-0.000657157
330.9	-0.000642068
331	-0.000626023
331.1	-0.000605565
331.2	-0.000581376
331.3	-0.000549831
331.4	-0.000515749
331.5	-0.000476015
331.6	-0.00042759
331.7	-0.00037575
331.8	-0.000319619
331.9	-0.000262042
332	-0.000206554
332.1	-0.000151
332.2	-9.79512e-05
332.3	-4.55603e-05
332.4	7.56669e-06
332.5	6.2887e-05
332.6	0.00011803
332.7	0.000171102
332.8	0.000222838
332.9	0.000273515
333	0.0003239
333.1	0.000368477
333.2	0.000410381
333.3	0.000454554
333.4	0.000502727
333.5	0.000548245
333.6	0.000592529
333.7	0.000636487
333.8	0.000683777
333.9	0.00073553
334	0.000797323
334.1	0.000865064
334.2	0.000935887
334.3	0.00100066
334.4	0.00106237
334.5	0.00112343
334.6	0.00118715
334.7	0.00124874
334.8	0.0013105
334.9	0.00137113
335	0.00142553
335.1	0.0014755
335.2	0.00152031
335.3	0.00156264
335.4	0.00160415
335.5	0.00164289
335.6	0.00168142
335.7	0.00171916
335.8	0.00175094
335.9	0.00177783
336	0.00179868
336.1	0.00181209
336.2	0.00182284
336.3	0.00182994
336.4	0.00183789
336.5	0.0018457
336.6	0.00184486
336.7	0.00183716
336.8	0.00182677
336.9	0.00181521
337	0.00180328
337.1	0.00178864
337.2	0.00176922
337.3	0.00175357
337.4	0.0017389
337.5	0.00172156
337.6	0.00170163
337.7	0.00168318
337.8	0.00166823
337.9	0.00165682
338	0.00164696
338.1	0.00163611
338.2	0.001627
338.3	0.00162029
338.4	0.00160606
338.5	0.00158715
338.6	0.00155905
338.7	0.00152967
338.8	0.00150073
338.9	0.00146937
339	0.00143255
339.1	0.00139755
339.2	0.00136088
339.3	0.00132742
339.4	0.00129793
339.5	0.00127025
339.6	0.00124401
339.7	0.00121175
339.8	0.00117762
339.9	0.00115101
340	0.0011306
340.1	0.00111386
340.2	0.00109903
340.3	0.00108296
340.4	0.00106796
340.5	0.00105289
340.6	0.00103635
340.7	0.00102002
340.8	0.00100452
340.9	0.000989324
341	0.000971399
341.1	0.000953318
341.2	0.000941074
341.3	0.000935738
341.4	0.000934206
341.5	0.000935046
341.6	0.000930208
341.7	0.000916582
341.8	0.000901354
341.9	0.000883229
342	0.000857436
342.1	0.000826002
342.2	0.000792
342.3	0.000759153
342.4	0.000727884
342.5	0.00069513
342.6	0.000659726
342.7	0.000628962
342.8	0.00059616
342.9	0.00056119
343	0.00052639
343.1	0.000490749
343.2	0.000457784
343.3	0.000421776
343.4	0.000385729
343.5	0.000356396
343.6	0.000328799
343.7	0.000303309
343.8	0.000279647
343.9	0.000253085
344	0.000225352
344.1	0.000201125
344.2	0.000179931
344.3	0.000164455
344.4	0.00015385
344.5	0.000145514
344.6	0.000138157
344.7	0.00012976
344.8	0.000119413
344.9	0.000106103
345	8.83579e-05
345.1	7.52359e-05
345.2	6.76576e-05
345.3	5.83955e-05
345.4	4.06824e-05
345.5	2.07166e-05
345.6	-2.12678e-07
345.7	-2.0667e-05
345.8	-3.92121e-05
345.9	-6.22371e-05
346	-8.85318e-05
346.1	-0.000117136
346.2	-0.000146876
346.3	-0.000181852
346.4	-0.000215276
346.5	-0.000246115
346.6	-0.00027291
346.7	-0.000292304
346.8	-0.000306501
346.9	-0.000313562
347	-0.000318264
347.1	-0.000325123
347.2	-0.000335594
347.3	-0.000343153
347.4	-0.000353697
347.5	-0.000364205
347.6	-0.000376548
347.7	-0.000391669
347.8	-0.000413013
347.9	-0.000435737
348	-0.000455973
348.1	-0.000474073
348.2	-0.000495185
348.3	-0.00051212
348.4	-0.00052213
348.5	-0.000525368
348.6	-0.000526599
348.7	-0.000527306
348.8	-0.000533839
348.9	-0.000536221
349	-0.000538407
349.1	-0.000540989
349.2	-0.000545509
349.3	-0.000547416
349.4	-0.000545913
349.5	-0.000542591
349.6	-0.000532948
349.7	-0.000522034
349.8	-0.000514103
349.9	-0.000502221
350	-0.000489824
350.1	-0.000479342
350.2	-0.00047619
350.3	-0.000470206
350.4	-0.000465465
350.5	-0.000461544
350.6	-0.0004536
350.7	-0.000443946
350.8	-0.000430116
350.9	-0.000411186
351	-0.00039099
351.1	-0.000374232
351.2	-0.000366067
351.3	-0.00036058
351.4	-0.000361532
351.5	-0.000363755
351.6	-0.000363983
351.7	-0.000364824
351.8	-0.000362134
351.9	-0.000361615
352	-0.000362779
352.1	-0.000360716
352.2	-0.000359273
352.3	-0.000358517
352.4	-0.000355558
352.5	-0.000351551
352.6	-0.000349503
352.7	-0.000343406
352.8	-0.000335771
352.9	-0.000333522
353	-0.00033543
353.1	-0.00033893
353.2	-0.000343418
353.3	-0.000343641
353.4	-0.000339086
353.5	-0.000335741
353.6	-0.000331824
353.7	-0.000329991
353.8	-0.000327386
353.9	-0.000323982
354	-0.000323295
354.1	-0.000318768
354.2	-0.000311412
354.3	-0.000304579
354.4	-0.000301005
354.5	-0.000304141
354.6	-0.00030564
354.7	-0.000307657
354.8	-0.000308012
354.9	-0.000306878
355	-0.000304628
355.1	-0.000300618
355.2	-0.000296938
355.3	-0.000289392
355.4	-0.000280697
355.5	-0.00026722
355.6	-0.000244176
355.7	-0.000217214
355.8	-0.00018516
355.9	-0.000143496
356	-9.36953e-05
356.1	-4.42033e-05
356.2	6.93208e-06
356.3	6.13941e-05
356.4	0.000112549
356.5	0.000162237
356.6	0.000208685
356.7	0.000256364
356.8	0.000302365
356.9	0.000349332
357	0.000396343
357.1	0.00043777
357.2	0.000477267
357.3	0.000514341
357.4	0.000544745
357.5	0.000575142
357.6	0.000611243
357.7	0.000647134
357.8	0.000678393
357.9	0.000702775
358	0.000726333
358.1	0.00074594
358.2	0.00076338
358.3	0.000773837
358.4	0.000784269
358.5	0.000794154
358.6	0.000803975
358.7	0.000813504
358.8	0.00082311
358.9	0.000834858
359	0.000851444
359.1	0.000872639
359.2	0.000896097
359.3	0.000922102
359.4	0.000948002
359.5	0.000974811
359.6	0.00100389
359.7	0.00103094
359.8	0.00105357
359.9	0.00107857
360	0.0011044
360.1	0.00112739
360.2	0.00115169
360.3	0.00118115
360.4	0.00121448
360.5	0.00125209
360.6	0.00129225
360.7	0.00133398
360.8	0.00137948
360.9	0.00142167
361	0.0014624
361.1	0.00149774
361.2	0.00152989
361.3	0.00155744
361.4	0.00158152
361.5	0.00160134
361.6	0.00161589
361.7	0.00162798
361.8	0.00163901
361.9	0.0016436
362	0.00164718
362.1	0.00164967
362.2	0.00165757
362.3	0.00166948
362.4	0.00168773
362.5	0.00170854
362.6	0.00172795
362.7	0.0017465
362.8	0.00176163
362.9	0.00177731
363	0.00179156
363.1	0.00180635
363.2	0.0018237
363.3	0.00183763
363.4	0.00184654
363.5	0.00185066
363.6	0.00184842
363.7	0.00184344
363.8	0.00184454
363.9	0.00185118
364	0.00185948
364.1	0.00186146
364.2	0.00185557
364.3	0.00184732
364.4	0.00183258
364.5	0.00181521
364.6	0.00179309
364.7	0.0017657
364.8	0.00173403
364.9	0.00169593
365	0.00165261
365.1	0.00160748
365.2	0.00156548
365.3	0.00152396
365.4	0.00148242
365.5	0.00144161
365.6	0.00140099
365.7	0.00136181
365.8	0.00132938
365.9	0.00130184
366	0.00127586
366.1	0.00124853
366.2	0.00121689
366.3	0.0011801
366.4	0.00113585
366.5	0.00109007
366.6	0.00104527
366.7	0.000999803
366.8	0.000952618
366.9	0.000899736
367	0.000840494
367.1	0.000774198
367.2	0.000706066
367.3	0.000635473
367.4	0.000568369
367.5	0.000501113
367.6	0.000427075
367.7	0.000354689
367.8	0.000286143
367.9	0.000219532
368	0.000155185
368.1	8.7734e-05
368.2	2.64527e-05
368.3	-3.52713e-05
368.4	-0.000100273
368.5	-0.000165799
368.6	-0.000227005
368.7	-0.000280056
368.8	-0.000334564
368.9	-0.00039176
369	-0.000449222
369.1	-0.000509811
369.2	-0.000570878
369.3	-0.000631418
369.4	-0.000693663
369.5	-0.000751903
369.6	-0.000803868
369.7	-0.000853782
369.8	-0.000899143
369.9	-0.000937116
370	-0.000966713
370.1	-0.000995805
370.2	-0.0010229
370.3	-0.00105075
370.4	-0.00107476
370.5	-0.00109297
370.6	-0.00110676
370.7	-0.0011181
370.8	-0.00113139
370.9	-0.00114406
371	-0.0011592
371.1	-0.00117539
371.2	-0.00119471
371.3	-0.00121851
371.4	-0.00124207
371.5	-0.00126567
371.6	-0.00128863
371.7	-0.00131602
371.8	-0.00134221
371.9	-0.00137161
372	-0.00140254
372.1	-0.00143352
372.2	-0.00146764
372.3	-0.00150359
372.4	-0.00154118
372.5	-0.00157592
372.6	-0.00161488
372.7	-0.00166132
372.8	-0.00171058
372.9	-0.00176414
373	-0.00181907
373.1	-0.00187541
373.2	-0.00192927
373.3	-0.00197276
373.4	-0.0020097
373.5	-0.00204469
373.6	-0.00208061
373.7	-0.00212
373.8	-0.00215475
373.9	-0.00218802
374	-0.00221648
374.1	-0.00223513
374.2	-0.00224919
374.3	-0.00225689
374.4	-0.00225696
374.5	-0.00225909
374.6	-0.00226231
374.7	-0.0022634
374.8	-0.0022653
374.9	-0.00227063
375	-0.0022777
375.1	-0.00228425
375.2	-0.00229044
375.3	-0.0022911
375.4	-0.0022879
375.5	-0.00228667
375.6	-0.00228578
375.7	-0.00228888
375.8	-0.00229675
375.9	-0.00230737
376	-0.00231383
376.1	-0.002325
376.2	-0.00233465
376.3	-0.00234546
376.4	-0.00235764
376.5	-0.00237114
376.6	-0.00238731
376.7	-0.0024043
376.8	-0.00242636
376.9	-0.00245829
377	-0.00249172
377.1	-0.0025173
377.2	-0.00253673
377.3	-0.00254994
377.4	-0.00255322
377.5	-0.00255096
377.6	-0.00254508
377.7	-0.0025359
377.8	-0.00252768
377.9	-0.00252414
378	-0.00252176
378.1	-0.00251504
378.2	-0.00251137
378.3	-0.00250956
378.4	-0.00251389
378.5	-0.00251895
378.6	-0.00252295
378.7	-0.00252724
378.8	-0.00252751
378.9	-0.00252411
379	-0.00251521
379.1	-0.00250456
379.2	-0.00249414
379.3	-0.0024845
379.4	-0.00246812
379.5	-0.00245005
379.6	-0.00243134
379.7	-0.00241595
379.8	-0.00240472
379.9	-0.00240242
380	-0.00240155
380.1	-0.00240096
380.2	-0.00239797
380.3	-0.00239136
380.4	-0.00238814
380.5	-0.0023834
380.6	-0.00237865
380.7	-0.0023759
380.8	-0.00236748
380.9	-0.00235279
381	-0.00233757
381.1	-0.00232497
381.2	-0.00231186
381.3	-0.00229795
381.4	-0.00228458
381.5	-0.00227586
381.6	-0.00226647
381.7	-0.00225846
381.8	-0.00225141
381.9	-0.00224661
382	-0.00224395
382.1	-0.00224368
382.2	-0.00224375
382.3	-0.00224047
382.4	-0.00223254
382.5	-0.00222298
382.6	-0.00221381
382.7	-0.00220666
382.8	-0.00219709
382.9	-0.00218745
383	-0.00218229
383.1	-0.00217938
383.2	-0.00217622
383.3	-0.00217421
383.4	-0.0021729
383.5	-0.00217568
383.6	-0.00217982
383.7	-0.00218084
383.8	-0.00217944
383.9	-0.00217404
384	-0.00216631
384.1	-0.00215976
384.2	-0.00215425
384.3	-0.00215174
384.4	-0.00215962
384.5	-0.0021754
384.6	-0.00219013
384.7	-0.00220791
384.8	-0.00223102
384.9	-0.0022559
385	-0.00228247
385.1	-0.00231116
385.2	-0.00234167
385.3	-0.00237267
385.4	-0.00240904
385.5	-0.00244696
385.6	-0.00248087
385.7	-0.00250965
385.8	-0.00253169
385.9	-0.00255298
386	-0.00256736
386.1	-0.00257792
386.2	-0.00258783
386.3	-0.0026006
386.4	-0.00261865
386.5	-0.00263806
386.6	-0.00265338
386.7	-0.00266203
386.8	-0.00267005
386.9	-0.00268083
387	-0.00269449
387.1	-0.00271014
387.2	-0.00273246
387.3	-0.00276201
387.4	-0.00279387
387.5	-0.00282923
387.6	-0.00286555
387.7	-0.0029004
387.8	-0.00293257
387.9	-0.00296526
388	-0.00299878
388.1	-0.00302854
388.2	-0.00305237
388.3	-0.00307309
388.4	-0.00309121
388.5	-0.00310952
388.6	-0.00312691
388.7	-0.00314237
388.8	-0.00315669
388.9	-0.00317189
389	-0.00318534
389.1	-0.00319901
389.2	-0.00320358
389.3	-0.00320531
389.4	-0.00320374
389.5	-0.00320423
389.6	-0.00320064
389.7	-0.00320343
389.8	-0.00320593
389.9	-0.00320579
390	-0.003209
390.1	-0.00321559
390.2	-0.00322199
390.3	-0.003229
390.4	-0.00323723
390.5	-0.00324598
390.6	-0.0032524
390.7	-0.00325935
390.8	-0.00326701
390.9	-0.00327671
391	-0.00328374
391.1	-0.00328527
391.2	-0.00328122
391.3	-0.00327642
391.4	-0.0032692
391.5	-0.0032626
391.6	-0.00325645
391.7	-0.00325043
391.8	-0.00324573
391.9	-0.00324278
392	-0.00323734
392.1	-0.00323299
392.2	-0.00323022
392.3	-0.00322757
392.4	-0.00322458
392.5	-0.00322866
392.6	-0.00323797
392.7	-0.00324737
392.8	-0.00325941
392.9	-0.00327038
393	-0.0032787
393.1	-0.00328548
393.2	-0.00329198
393.3	-0.00329925
393.4	-0.00330616
393.5	-0.00331113
393.6	-0.00331841
393.7	-0.00333234
393.8	-0.00334667
393.9	-0.00336222
394	-0.00337966
394.1	-0.00339961
394.2	-0.00342029
394.3	-0.00344167
394.4	-0.00346239
394.5	-0.00347922
394.6	-0.00349746
394.7	-0.003519
394.8	-0.00354154
394.9	-0.00356163
395	-0.0035796
395.1	-0.00359521
395.2	-0.00360787
395.3	-0.00361886
395.4	-0.00362983
395.5	-0.00363601
395.6	-0.003642
395.7	-0.00364832
395.8	-0.00365154
395.9	-0.00365671
396	-0.00366342
396.1	-0.00367034
396.2	-0.00367953
396.3	-0.00368437
396.4	-0.00368953
396.5	-0.0036997
396.6	-0.00370924
396.7	-0.00371702
396.8	-0.00372321
396.9	-0.00372809
397	-0.00373042
397.1	-0.00372759
397.2	-0.00371978
397.3	-0.00370884
397.4	-0.00369366
397.5	-0.00367226
397.6	-0.00364961
397.7	-0.0036314
397.8	-0.00361632
397.9	-0.00360625
398	-0.00359723
398.1	-0.0035867
398.2	-0.00358126
398.3	-0.00358107
398.4	-0.00357961
398.5	-0.00358003
398.6	-0.00358662
398.7	-0.00359639
398.8	-0.00360822
398.9	-0.00362006
399	-0.00363784
399.1	-0.00366342
399.2	-0.00369386
399.3	-0.00372992
399.4	-0.00376531
399.5	-0.00379753
399.6	-0.00383048
399.7	-0.00386162
399.8	-0.00389094
399.9	-0.00391953
400	-0.00395446
400.1	-0.00399013
400.2	-0.00402427
400.3	-0.00405613
400.4	-0.00409107
400.5	-0.0041259
400.6	-0.00415919
400.7	-0.00419392
400.8	-0.00422552
400.9	-0.00424983
401	-0.00426579
401.1	-0.00427993
401.2	-0.00429465
401.3	-0.00430793
401.4	-0.00432396
401.5	-0.00433705
401.6	-0.00434951
401.7	-0.00436061
401.8	-0.00437302
401.9	-0.00438053
402	-0.00438592
402.1	-0.00439344
402.2	-0.00440621
402.3	-0.00442372
402.4	-0.00444356
402.5	-0.00446486
402.6	-0.00448992
402.7	-0.00451759
402.8	-0.00454357
402.9	-0.0045674
403	-0.00459323
403.1	-0.00462675
403.2	-0.00465939
403.3	-0.00468731
403.4	-0.00471339
403.5	-0.00473873
403.6	-0.004767
403.7	-0.00480086
403.8	-0.00483973
403.9	-0.00487532
404	-0.00491468
404.1	-0.00495962
404.2	-0.00500557
404.3	-0.00505183
404.4	-0.00510221
404.5	-0.00515447
404.6	-0.00520488
404.7	-0.00525843
404.8	-0.00531713
404.9	-0.00537642
405	-0.00543293
405.1	-0.00548767
405.2	-0.00553576
405.3	-0.00557978
405.4	-0.00562038
405.5	-0.00565818
405.6	-0.00569036
405.7	-0.00572125
405.8	-0.00575093
405.9	-0.00578879
406	-0.00582927
406.1	-0.00586396
406.2	-0.00589725
406.3	-0.00593312
406.4	-0.00596649
406.5	-0.00600169
406.6	-0.00603989
406.7	-0.0060823
406.8	-0.00612583
406.9	-0.00617087
407	-0.00621944
407.1	-0.00627284
407.2	-0.00633135
407.3	-0.00639181
407.4	-0.00645184
407.5	-0.00651587
407.6	-0.00658355
407.7	-0.00666081
407.8	-0.00674247
407.9	-0.00682753
408	-0.00691382
408.1	-0.00700467
408.2	-0.00709566
408.3	-0.00718053
408.4	-0.007267
408.5	-0.00735189
408.6	-0.00743201
408.7	-0.0075079
408.8	-0.00758541
408.9	-0.00766262
409	-0.00773858
409.1	-0.00781336
409.2	-0.00788351
409.3	-0.00795795
409.4	-0.00803497
409.5	-0.00811141
409.6	-0.00818775
409.7	-0.008263
409.8	-0.00833537
409.9	-0.00841075
410	-0.00848383
410.1	-0.00855701
410.2	-0.00862642
410.3	-0.00870001
410.4	-0.00877671
410.5	-0.00884885
410.6	-0.00891745
410.7	-0.00898516
410.8	-0.0090483
410.9	-0.00911021
411	-0.00917155
411.1	-0.00922977
411.2	-0.00928871
411.3	-0.00935164
411.4	-0.00942031
411.5	-0.00948761
411.6	-0.00955522
411.7	-0.00962457
411.8	-0.00969313
411.9	-0.0097638
412	-0.00983493
412.1	-0.00990372
412.2	-0.00997533
412.3	-0.0100523
412.4	-0.0101313
412.5	-0.0102082
412.6	-0.0102834
412.7	-0.0103569
412.8	-0.0104273
412.9	-0.0104963
413	-0.0105608
413.1	-0.0106222
413.2	-0.0106798
413.3	-0.0107361
413.4	-0.010792
413.5	-0.0108459
413.6	-0.010904
413.7	-0.0109617
413.8	-0.0110197
413.9	-0.0110805
414	-0.0111425
414.1	-0.0112014
414.2	-0.0112567
414.3	-0.0113065
414.4	-0.0113553
414.5	-0.0114097
414.6	-0.0114685
414.7	-0.0115309
414.8	-0.0115975
414.9	-0.011666
415	-0.0117317
415.1	-0.0117934
415.2	-0.011853
415.3	-0.011911
415.4	-0.0119716
415.5	-0.0120379
415.6	-0.0121083
415.7	-0.012175
415.8	-0.012246
415.9	-0.0123208
416	-0.012401
416.1	-0.0124857
416.2	-0.0125705
416.3	-0.0126562
416.4	-0.0127395
416.5	-0.0128192
416.6	-0.0128958
416.7	-0.0129662
416.8	-0.0130294
416.9	-0.0130906
417	-0.0131521
417.1	-0.0132198
417.2	-0.0132889
417.3	-0.013364
417.4	-0.0134385
417.5	-0.0135099
417.6	-0.0135856
417.7	-0.01366
417.8	-0.0137334
417.9	-0.013804
418	-0.0138716
418.1	-0.0139387
418.2	-0.0140074
418.3	-0.0140781
418.4	-0.0141503
418.5	-0.0142235
418.6	-0.0142962
418.7	-0.0143695
418.8	-0.0144425
418.9	-0.0145158
419	-0.0145898
419.1	-0.0146647
419.2	-0.0147363
419.3	-0.014807
419.4	-0.0148763
419.5	-0.0149467
419.6	-0.0150152
419.7	-0.0150825
419.8	-0.0151528
419.9	-0.0152246
420	-0.0152976
420.1	-0.015376
420.2	-0.0154569
420.3	-0.0155364
420.4	-0.015611
420.5	-0.0156817
420.6	-0.0157482
420.7	-0.015815
420.8	-0.0158783
420.9	-0.0159358
421	-0.0159899
421.1	-0.0160458
421.2	-0.0161018
421.3	-0.0161564
421.4	-0.016208
421.5	-0.0162561
421.6	-0.0163018
421.7	-0.0163453
421.8	-0.0163872
421.9	-0.0164273
422	-0.0164669
422.1	-0.0165071
422.2	-0.0165512
422.3	-0.0165991
422.4	-0.016649
422.5	-0.0166994
422.6	-0.0167521
422.7	-0.0168079
422.8	-0.0168655
422.9	-0.0169273
423	-0.0169891
423.1	-0.0170513
423.2	-0.01711
423.3	-0.0171681
423.4	-0.0172219
423.5	-0.0172753
423.6	-0.0173268
423.7	-0.0173759
423.8	-0.0174242
423.9	-0.0174716
424	-0.01752
424.1	-0.0175677
424.2	-0.0176199
424.3	-0.0176722
424.4	-0.0177254
424.5	-0.0177747
424.6	-0.017815
424.7	-0.0178528
424.8	-0.0178855
424.9	-0.0179206
425	-0.0179595
425.1	-0.0179976
425.2	-0.0180353
425.3	-0.0180788
425.4	-0.0181251
425.5	-0.0181723
425.6	-0.0182158
425.7	-0.0182638
425.8	-0.0183117
425.9	-0.0183605
426	-0.0184058
426.1	-0.0184539
426.2	-0.0185007
426.3	-0.0185472
426.4	-0.0185961
426.5	-0.0186455
426.6	-0.0186926
426.7	-0.0187408
426.8	-0.0187883
426.9	-0.0188318
427	-0.0188732
427.1	-0.0189158
427.2	-0.0189539
427.3	-0.0189954
427.4	-0.0190389
427.5	-0.0190786
427.6	-0.0191227
427.7	-0.0191733
427.8	-0.0192266
427.9	-0.0192762
428	-0.0193242
428.1	-0.0193751
428.2	-0.0194267
428.3	-0.0194772
428.4	-0.0195253
428.5	-0.0195698
428.6	-0.0196119
428.7	-0.0196518
428.8	-0.0196899
428.9	-0.019725
429	-0.0197609
429.1	-0.0197942
429.2	-0.0198291
429.3	-0.0198676
429.4	-0.0199106
429.5	-0.0199564
429.6	-0.0199956
429.7	-0.0200303
429.8	-0.0200638
429.9	-0.0200928
430	-0.0201155
430.1	-0.020133
430.2	-0.0201459
430.3	-0.0201567
430.4	-0.0201677
430.5	-0.0201751
430.6	-0.0201808
430.7	-0.0201871
430.8	-0.0201899
430.9	-0.0201881
431	-0.0201811
431.1	-0.0201767
431.2	-0.0201774
431.3	-0.0201838
431.4	-0.0201883
431.5	-0.0201971
431.6	-0.0202084
431.7	-0.0202244
431.8	-0.0202463
431.9	-0.0202725
432	-0.020306
432.1	-0.0203441
432.2	-0.0203839
432.3	-0.0204215
432.4	-0.0204576
432.5	-0.0204893
432.6	-0.020517
432.7	-0.0205422
432.8	-0.0205658
432.9	-0.02059
433	-0.0206127
433.1	-0.0206343
433.2	-0.0206619
433.3	-0.0206858
433.4	-0.0207092
433.5	-0.0207318
433.6	-0.02075
433.7	-0.0207593
433.8	-0.0207628
433.9	-0.0207628
434	-0.0207612
434.1	-0.0207641
434.2	-0.0207687
434.3	-0.0207748
434.4	-0.0207794
434.5	-0.0207833
434.6	-0.0207859
434.7	-0.0207865
434.8	-0.0207878
434.9	-0.0207884
435	-0.0207821
435.1	-0.0207668
435.2	-0.0207475
435.3	-0.0207265
435.4	-0.0207047
435.5	-0.0206825
435.6	-0.0206564
435.7	-0.02063
435.8	-0.0206078
435.9	-0.0205816
436	-0.0205518
436.1	-0.0205202
436.2	-0.020489
436.3	-0.0204642
436.4	-0.0204431
436.5	-0.0204259
436.6	-0.020407
436.7	-0.0203861
436.8	-0.0203649
436.9	-0.020348
437	-0.0203296
437.1	-0.0203114
437.2	-0.0202932
437.3	-0.0202753
437.4	-0.0202555
437.5	-0.0202355
437.6	-0.0202169
437.7	-0.0202005
437.8	-0.0201862
437.9	-0.0201718
438	-0.020154
438.1	-0.0201366
438.2	-0.0201255
438.3	-0.0201094
438.4	-0.0200926
438.5	-0.0200821
438.6	-0.0200712
438.7	-0.0200607
438.8	-0.0200524
438.9	-0.0200413
439	-0.0200269
439.1	-0.0200156
439.2	-0.0200088
439.3	-0.0200008
439.4	-0.0199962
439.5	-0.019993
439.6	-0.0199921
439.7	-0.0199952
439.8	-0.0200038
439.9	-0.0200148
440	-0.0200247
440.1	-0.0200347
440.2	-0.0200505
440.3	-0.020068
440.4	-0.0200856
440.5	-0.0201054
440.6	-0.0201316
440.7	-0.0201629
440.8	-0.0201992
440.9	-0.020239
441	-0.0202777
441.1	-0.0203184
441.2	-0.0203585
441.3	-0.0203986
441.4	-0.0204352
441.5	-0.0204704
441.6	-0.0205007
441.7	-0.0205231
441.8	-0.0205435
441.9	-0.0205657
442	-0.0205906
442.1	-0.0206151
442.2	-0.0206325
442.3	-0.0206502
442.4	-0.0206729
442.5	-0.0206944
442.6	-0.0207146
442.7	-0.020734
442.8	-0.0207538
442.9	-0.0207768
443	-0.0208039
443.1	-0.0208298
443.2	-0.020853
443.3	-0.0208717
443.4	-0.0208887
443.5	-0.0209091
443.6	-0.0209309
443.7	-0.0209507
443.8	-0.0209729
443.9	-0.0209925
444	-0.0210067
444.1	-0.0210242
444.2	-0.0210378
444.3	-0.0210494
444.4	-0.0210605
444.5	-0.0210712
444.6	-0.0210865
444.7	-0.0211029
444.8	-0.021124
444.9	-0.021144
445	-0.0211627
445.1	-0.021186
445.2	-0.0212071
445.3	-0.0212213
445.4	-0.0212353
445.5	-0.0212505
445.6	-0.0212631
445.7	-0.0212779
445.8	-0.021288
445.9	-0.0212955
446	-0.0213051
446.1	-0.0213163
446.2	-0.0213309
446.3	-0.0213511
446.4	-0.0213741
446.5	-0.0213985
446.6	-0.0214222
446.7	-0.0214484
446.8	-0.0214775
446.9	-0.0215095
447	-0.0215424
447.1	-0.0215766
447.2	-0.0216157
447.3	-0.0216599
447.4	-0.0217093
447.5	-0.0217595
447.6	-0.0218098
447.7	-0.0218599
447.8	-0.0219096
447.9	-0.0219566
448	-0.0220036
448.1	-0.0220456
448.2	-0.0220908
448.3	-0.0221427
448.4	-0.0221974
448.5	-0.0222572
448.6	-0.0223185
448.7	-0.0223832
448.8	-0.0224512
448.9	-0.0225224
449	-0.0225969
449.1	-0.0226741
449.2	-0.0227493
449.3	-0.0228192
449.4	-0.0228869
449.5	-0.0229561
449.6	-0.0230291
449.7	-0.0231047
449.8	-0.0231824
449.9	-0.0232624
450	-0.0233393
450.1	-0.0234144
450.2	-0.0234787
450.3	-0.0235373
450.4	-0.0235931
450.5	-0.023647
450.6	-0.0236983
450.7	-0.0237489
450.8	-0.0237956
450.9	-0.0238408
451	-0.0238802
451.1	-0.0239145
451.2	-0.0239453
451.3	-0.0239769
451.4	-0.0240114
451.5	-0.0240503
451.6	-0.0240868
451.7	-0.0241189
451.8	-0.0241466
451.9	-0.0241715
452	-0.0241994
452.1	-0.0242283
452.2	-0.0242613
452.3	-0.0242934
452.4	-0.0243243
452.5	-0.0243541
452.6	-0.0243869
452.7	-0.0244206
452.8	-0.0244559
452.9	-0.0244934
453	-0.024529
453.1	-0.0245619
453.2	-0.0245932
453.3	-0.0246235
453.4	-0.0246537
453.5	-0.0246803
453.6	-0.0247062
453.7	-0.024735
453.8	-0.024767
453.9	-0.0247985
454	-0.0248281
454.1	-0.0248536
454.2	-0.0248805
454.3	-0.0249112
454.4	-0.0249402
454.5	-0.0249659
454.6	-0.0249925
454.7	-0.0250206
454.8	-0.0250504
454.9	-0.0250776
455	-0.0251041
455.1	-0.0251311
455.2	-0.0251564
455.3	-0.0251768
455.4	-0.0251973
455.5	-0.025214
455.6	-0.025229
455.7	-0.0252383
455.8	-0.0252438
455.9	-0.0252424
456	-0.0252365
456.1	-0.0252241
456.2	-0.0252069
456.3	-0.025186
456.4	-0.0251671
456.5	-0.0251498
456.6	-0.0251325
456.7	-0.025111
456.8	-0.025088
456.9	-0.0250628
457	-0.0250364
457.1	-0.0250124
457.2	-0.0249905
457.3	-0.0249646
457.4	-0.024938
457.5	-0.0249088
457.6	-0.0248778
457.7	-0.0248405
457.8	-0.0248
457.9	-0.0247582
458	-0.0247134
458.1	-0.0246655
458.2	-0.0246155
458.3	-0.0245649
458.4	-0.0245138
458.5	-0.0244621
458.6	-0.0244134
458.7	-0.0243612
458.8	-0.0243056
458.9	-0.0242429
459	-0.024175
459.1	-0.0241092
459.2	-0.0240464
459.3	-0.0239849
459.4	-0.0239271
459.5	-0.023877
459.6	-0.0238329
459.7	-0.0237939
459.8	-0.0237585
459.9	-0.0237244
460	-0.0236899
460.1	-0.0236548
460.2	-0.0236161
460.3	-0.023579
460.4	-0.0235429
460.5	-0.0235034
460.6	-0.0234641
460.7	-0.0234271
460.8	-0.0233908
460.9	-0.0233538
461	-0.0233128
461.1	-0.0232698
461.2	-0.0232283
461.3	-0.0231926
461.4	-0.023162
461.5	-0.0231345
461.6	-0.023111
461.7	-0.0230847
461.8	-0.0230572
461.9	-0.0230262
462	-0.0229978
462.1	-0.0229689
462.2	-0.0229367
462.3	-0.0229006
462.4	-0.0228632
462.5	-0.0228278
462.6	-0.0227994
462.7	-0.0227738
462.8	-0.0227513
462.9	-0.0227288
463	-0.0227067
463.1	-0.0226785
463.2	-0.0226431
463.3	-0.0226035
463.4	-0.0225647
463.5	-0.0225287
463.6	-0.0224987
463.7	-0.0224709
463.8	-0.0224441
463.9	-0.0224181
464	-0.0223918
464.1	-0.022364
464.2	-0.0223381
464.3	-0.0223108
464.4	-0.0222813
464.5	-0.0222468
464.6	-0.0222085
464.7	-0.0221668
464.8	-0.0221222
464.9	-0.0220716
465	-0.0220182
465.1	-0.0219607
465.2	-0.0219013
465.3	-0.0218442
465.4	-0.0217849
465.5	-0.0217274
465.6	-0.0216698
465.7	-0.0216059
465.8	-0.0215366
465.9	-0.0214625
466	-0.0213838
466.1	-0.0213037
466.2	-0.0212242
466.3	-0.0211493
466.4	-0.0210791
466.5	-0.0210146
466.6	-0.0209548
466.7	-0.0209039
466.8	-0.0208593
466.9	-0.0208183
467	-0.0207796
467.1	-0.0207492
467.2	-0.0207213
467.3	-0.020691
467.4	-0.0206605
467.5	-0.0206291
467.6	-0.0205977
467.7	-0.0205673
467.8	-0.0205397
467.9	-0.0205101
468	-0.0204785
468.1	-0.0204401
468.2	-0.0203998
468.3	-0.0203579
468.4	-0.0203153
468.5	-0.020273
468.6	-0.0202288
468.7	-0.0201831
468.8	-0.0201395
468.9	-0.0200946
469	-0.0200508
469.1	-0.0200121
469.2	-0.0199744
469.3	-0.0199424
469.4	-0.019914
469.5	-0.0198837
469.6	-0.0198527
469.7	-0.0198278
469.8	-0.0198033
469.9	-0.0197844
470	-0.0197712
470.1	-0.0197615
470.2	-0.0197543
470.3	-0.0197486
470.4	-0.0197442
470.5	-0.0197454
470.6	-0.0197529
470.7	-0.0197632
470.8	-0.0197682
470.9	-0.0197704
471	-0.0197677
471.1	-0.0197641
471.2	-0.0197589
471.3	-0.0197554
471.4	-0.01975
471.5	-0.0197454
471.6	-0.0197427
471.7	-0.0197409
471.8	-0.0197385
471.9	-0.0197355
472	-0.0197373
472.1	-0.0197404
472.2	-0.019738
472.3	-0.0197304
472.4	-0.0197213
472.5	-0.0197143
472.6	-0.0197129
472.7	-0.0197166
472.8	-0.0197128
472.9	-0.0197067
473	-0.0196997
473.1	-0.0196918
473.2	-0.0196848
473.3	-0.0196765
473.4	-0.0196693
473.5	-0.0196677
473.6	-0.0196673
473.7	-0.0196653
473.8	-0.0196628
473.9	-0.0196582
474	-0.0196458
474.1	-0.01963
474.2	-0.0196108
474.3	-0.0195899
474.4	-0.01957
474.5	-0.0195528
474.6	-0.0195393
474.7	-0.0195282
474.8	-0.0195178
474.9	-0.0195069
475	-0.0194954
475.1	-0.019483
475.2	-0.0194648
475.3	-0.0194406
475.4	-0.0194092
475.5	-0.0193744
475.6	-0.0193364
475.7	-0.0192947
475.8	-0.0192544
475.9	-0.0192109
476	-0.0191648
476.1	-0.0191151
476.2	-0.0190629
476.3	-0.0190116
476.4	-0.0189586
476.5	-0.0189021
476.6	-0.0188433
476.7	-0.0187826
476.8	-0.0187216
476.9	-0.0186592
477	-0.0186005
477.1	-0.0185438
477.2	-0.0184899
477.3	-0.0184387
477.4	-0.0183881
477.5	-0.018342
477.6	-0.0182977
477.7	-0.0182551
477.8	-0.0182152
477.9	-0.0181753
478	-0.0181334
478.1	-0.0180903
478.2	-0.0180464
478.3	-0.0179994
478.4	-0.0179482
478.5	-0.0178994
478.6	-0.0178523
478.7	-0.0178048
478.8	-0.017761
478.9	-0.0177198
479	-0.0176766
479.1	-0.017629
479.2	-0.0175732
479.3	-0.0175154
479.4	-0.0174568
479.5	-0.0173998
479.6	-0.0173413
479.7	-0.0172774
479.8	-0.0172126
479.9	-0.0171487
480	-0.0170882
480.1	-0.0170279
480.2	-0.0169695
480.3	-0.0169159
480.4	-0.0168697
480.5	-0.0168267
480.6	-0.0167892
480.7	-0.0167507
480.8	-0.0167097
480.9	-0.0166694
481	-0.0166284
481.1	-0.0165858
481.2	-0.016544
481.3	-0.0165052
481.4	-0.0164661
481.5	-0.0164313
481.6	-0.0163992
481.7	-0.0163713
481.8	-0.016344
481.9	-0.0163135
482	-0.0162812
482.1	-0.0162432
482.2	-0.0162009
482.3	-0.0161607
482.4	-0.0161211
482.5	-0.0160804
482.6	-0.0160386
482.7	-0.0159966
482.8	-0.0159546
482.9	-0.0159059
483	-0.0158492
483.1	-0.0157896
483.2	-0.015726
483.3	-0.015663
483.4	-0.0156043
483.5	-0.0155482
483.6	-0.0154928
483.7	-0.0154391
483.8	-0.0153863
483.9	-0.0153334
484	-0.0152832
484.1	-0.0152402
484.2	-0.0152009
484.3	-0.0151639
484.4	-0.015124
484.5	-0.0150817
484.6	-0.0150391
484.7	-0.0149936
484.8	-0.0149461
484.9	-0.0148988
485	-0.0148508
485.1	-0.0148009
485.2	-0.0147542
485.3	-0.0147115
485.4	-0.0146693
485.5	-0.0146269
485.6	-0.0145865
485.7	-0.014549
485.8	-0.0145123
485.9	-0.0144737
486	-0.0144354
486.1	-0.0143992
486.2	-0.0143662
486.3	-0.014328
486.4	-0.0142888
486.5	-0.0142457
486.6	-0.0142029
486.7	-0.0141624
486.8	-0.0141219
486.9	-0.0140824
487	-0.014043
487.1	-0.014006
487.2	-0.0139745
487.3	-0.0139456
487.4	-0.013913
487.5	-0.0138762
487.6	-0.0138378
487.7	-0.0138018
487.8	-0.0137676
487.9	-0.0137343
488	-0.0137029
488.1	-0.0136718
488.2	-0.0136435
488.3	-0.0136151
488.4	-0.0135842
488.5	-0.0135494
488.6	-0.0135144
488.7	-0.0134805
488.8	-0.0134466
488.9	-0.0134153
489	-0.0133892
489.1	-0.0133688
489.2	-0.013348
489.3	-0.0133271
489.4	-0.0133042
489.5	-0.0132763
489.6	-0.0132435
489.7	-0.0132047
489.8	-0.01316
489.9	-0.0131081
490	-0.0130558
490.1	-0.0130062
490.2	-0.0129572
490.3	-0.01291
490.4	-0.0128666
490.5	-0.0128265
490.6	-0.0127862
490.7	-0.012743
490.8	-0.0126979
490.9	-0.0126482
491	-0.0125933
491.1	-0.012532
491.2	-0.01247
491.3	-0.0124076
491.4	-0.0123345
491.5	-0.0122554
491.6	-0.012176
491.7	-0.0120991
491.8	-0.0120251
491.9	-0.0119521
492	-0.0118808
492.1	-0.0118112
492.2	-0.0117431
492.3	-0.0116822
492.4	-0.0116236
492.5	-0.0115667
492.6	-0.0115114
492.7	-0.0114568
492.8	-0.0114048
492.9	-0.0113561
493	-0.011307
493.1	-0.0112576
493.2	-0.0112111
493.3	-0.0111677
493.4	-0.0111279
493.5	-0.0110916
493.6	-0.0110584
493.7	-0.0110245
493.8	-0.0109869
493.9	-0.010949
494	-0.0109107
494.1	-0.0108726
494.2	-0.0108304
494.3	-0.0107818
494.4	-0.0107308
494.5	-0.0106819
494.6	-0.0106339
494.7	-0.0105866
494.8	-0.0105423
494.9	-0.0105005
495	-0.0104571
495.1	-0.0104127
495.2	-0.0103654
495.3	-0.0103179
495.4	-0.0102712
495.5	-0.010227
495.6	-0.0101864
495.7	-0.0101427
495.8	-0.0100952
495.9	-0.0100453
496	-0.00999645
496.1	-0.00994705
496.2	-0.00989659
496.3	-0.00984535
496.4	-0.00979377
496.5	-0.00974677
496.6	-0.00970354
496.7	-0.00965663
496.8	-0.00960695
496.9	-0.00955713
497	-0.00951044
497.1	-0.00946414
497.2	-0.00942193
497.3	-0.00938174
497.4	-0.00934477
497.5	-0.00930795
497.6	-0.0092685
497.7	-0.00922887
497.8	-0.0091887
497.9	-0.00914616
498	-0.00910865
498.1	-0.00907322
498.2	-0.00903402
498.3	-0.00899298
498.4	-0.00895012
498.5	-0.00890366
498.6	-0.00885655
498.7	-0.00881182
498.8	-0.00876224
498.9	-0.00870592
499	-0.00864365
499.1	-0.00858489
499.2	-0.00852541
499.3	-0.00846134
499.4	-0.00839156
499.5	-0.00831357
499.6	-0.00823525
499.7	-0.00816178
499.8	-0.00808414
499.9	-0.00800341
500	-0.00792278
