LagTime	Correlation

0	2.73378
0.1	2.72877
0.2	2.72129
0.3	2.71323
0.4	2.70507
0.5	2.69694
0.6	2.68885
0.7	2.68081
0.8	2.67283
0.9	2.6649
1	2.65704
1.1	2.64924
1.2	2.64149
1.3	2.6338
1.4	2.62616
1.5	2.61857
1.6	2.61103
1.7	2.60355
1.8	2.59611
1.9	2.58872
2	2.58137
2.1	2.57407
2.2	2.56682
2.3	2.55961
2.4	2.55245
2.5	2.54534
2.6	2.53826
2.7	2.53123
2.8	2.52424
2.9	2.5173
3	2.5104
3.1	2.50355
3.2	2.49673
3.3	2.48996
3.4	2.48324
3.5	2.47655
3.6	2.4699
3.7	2.46329
3.8	2.45672
3.9	2.45018
4	2.44367
4.1	2.4372
4.2	2.43077
4.3	2.42439
4.4	2.41804
4.5	2.41174
4.6	2.40546
4.7	2.39923
4.8	2.39303
4.9	2.38686
5	2.38073
5.1	2.37463
5.2	2.36856
5.3	2.36253
5.4	2.35654
5.5	2.35057
5.6	2.34463
5.7	2.33872
5.8	2.33284
5.9	2.32699
6	2.32116
6.1	2.31537
6.2	2.3096
6.3	2.30387
6.4	2.29816
6.5	2.29248
6.6	2.28684
6.7	2.28123
6.8	2.27565
6.9	2.27011
7	2.26459
7.1	2.2591
7.2	2.25364
7.3	2.2482
7.4	2.24279
7.5	2.2374
7.6	2.23204
7.7	2.2267
7.8	2.22139
7.9	2.21611
8	2.21085
8.1	2.20562
8.2	2.20042
8.3	2.19525
8.4	2.1901
8.5	2.18498
8.6	2.17988
8.7	2.1748
8.8	2.16974
8.9	2.16471
9	2.15971
9.1	2.15473
9.2	2.14978
9.3	2.14485
9.4	2.13994
9.5	2.13506
9.6	2.13019
9.7	2.12535
9.8	2.12053
9.9	2.11572
10	2.11094
10.1	2.10617
10.2	2.10143
10.3	2.09671
10.4	2.09201
10.5	2.08734
10.6	2.08268
10.7	2.07806
10.8	2.07345
10.9	2.06886
11	2.06428
11.1	2.05973
11.2	2.0552
11.3	2.05069
11.4	2.04619
11.5	2.04172
11.6	2.03725
11.7	2.0328
11.8	2.02837
11.9	2.02395
12	2.01955
12.1	2.01517
12.2	2.01082
12.3	2.00649
12.4	2.00218
12.5	1.99789
12.6	1.99361
12.7	1.98936
12.8	1.98512
12.9	1.98089
13	1.97668
13.1	1.97248
13.2	1.96829
13.3	1.96411
13.4	1.95995
13.5	1.9558
13.6	1.95166
13.7	1.94755
13.8	1.94345
13.9	1.93936
14	1.93529
14.1	1.93124
14.2	1.9272
14.3	1.92317
14.4	1.91915
14.5	1.91515
14.6	1.91116
14.7	1.90718
14.8	1.9032
14.9	1.89924
15	1.89529
15.1	1.89135
15.2	1.88742
15.3	1.88352
15.4	1.87962
15.5	1.87574
15.6	1.87188
15.7	1.86803
15.8	1.86419
15.9	1.86036
16	1.85654
16.1	1.85274
16.2	1.84895
16.3	1.84517
16.4	1.84141
16.5	1.83765
16.6	1.83391
16.7	1.83018
16.8	1.82646
16.9	1.82276
17	1.81906
17.1	1.81537
17.2	1.8117
17.3	1.80804
17.4	1.80438
17.5	1.80073
17.6	1.79709
17.7	1.79346
17.8	1.78985
17.9	1.78625
18	1.78266
18.1	1.77909
18.2	1.77553
18.3	1.77198
18.4	1.76844
18.5	1.76491
18.6	1.76139
18.7	1.75788
18.8	1.75439
18.9	1.75091
19	1.74744
19.1	1.74399
19.2	1.74054
19.3	1.7371
19.4	1.73367
19.5	1.73025
19.6	1.72685
19.7	1.72346
19.8	1.72009
19.9	1.71672
20	1.71337
20.1	1.71003
20.2	1.70669
20.3	1.70337
20.4	1.70006
20.5	1.69675
20.6	1.69346
20.7	1.69017
20.8	1.68688
20.9	1.6836
21	1.68033
21.1	1.67707
21.2	1.67381
21.3	1.67057
21.4	1.66734
21.5	1.66413
21.6	1.66092
21.7	1.65773
21.8	1.65455
21.9	1.65137
22	1.6482
22.1	1.64504
22.2	1.64188
22.3	1.63872
22.4	1.63556
22.5	1.6324
22.6	1.62925
22.7	1.6261
22.8	1.62297
22.9	1.61984
23	1.61672
23.1	1.6136
23.2	1.61049
23.3	1.60739
23.4	1.6043
23.5	1.60121
23.6	1.59813
23.7	1.59507
23.8	1.59202
23.9	1.58897
24	1.58594
24.1	1.58292
24.2	1.5799
24.3	1.57688
24.4	1.57388
24.5	1.57087
24.6	1.56788
24.7	1.56489
24.8	1.56191
24.9	1.55894
25	1.55598
25.1	1.55302
25.2	1.55008
25.3	1.54714
25.4	1.5442
25.5	1.54126
25.6	1.53834
25.7	1.53542
25.8	1.5325
25.9	1.52959
26	1.52669
26.1	1.5238
26.2	1.52091
26.3	1.51803
26.4	1.51516
26.5	1.5123
26.6	1.50945
26.7	1.50661
26.8	1.50378
26.9	1.50095
27	1.49813
27.1	1.49531
27.2	1.49251
27.3	1.48971
27.4	1.48691
27.5	1.48413
27.6	1.48135
27.7	1.47857
27.8	1.47581
27.9	1.47306
28	1.47031
28.1	1.46756
28.2	1.46482
28.3	1.46208
28.4	1.45935
28.5	1.45662
28.6	1.4539
28.7	1.45119
28.8	1.44848
28.9	1.44577
29	1.44307
29.1	1.44037
29.2	1.43768
29.3	1.43499
29.4	1.4323
29.5	1.42962
29.6	1.42695
29.7	1.42428
29.8	1.42161
29.9	1.41895
30	1.4163
30.1	1.41365
30.2	1.411
30.3	1.40836
30.4	1.40573
30.5	1.4031
30.6	1.40048
30.7	1.39787
30.8	1.39526
30.9	1.39267
31	1.39007
31.1	1.38748
31.2	1.3849
31.3	1.38231
31.4	1.37973
31.5	1.37715
31.6	1.37458
31.7	1.37202
31.8	1.36947
31.9	1.36694
32	1.36441
32.1	1.3619
32.2	1.35939
32.3	1.35688
32.4	1.35437
32.5	1.35186
32.6	1.34936
32.7	1.34686
32.8	1.34435
32.9	1.34184
33	1.33933
33.1	1.33683
33.2	1.33432
33.3	1.33182
33.4	1.32933
33.5	1.32685
33.6	1.32437
33.7	1.3219
33.8	1.31943
33.9	1.31697
34	1.3145
34.1	1.31204
34.2	1.30958
34.3	1.30712
34.4	1.30467
34.5	1.30223
34.6	1.2998
34.7	1.29737
34.8	1.29495
34.9	1.29254
35	1.29014
35.1	1.28774
35.2	1.28535
35.3	1.28297
35.4	1.28059
35.5	1.2782
35.6	1.27582
35.7	1.27344
35.8	1.27105
35.9	1.26866
36	1.26628
36.1	1.2639
36.2	1.26153
36.3	1.25916
36.4	1.25679
36.5	1.25443
36.6	1.25208
36.7	1.24973
36.8	1.24739
36.9	1.24506
37	1.24273
37.1	1.2404
37.2	1.23807
37.3	1.23574
37.4	1.23342
37.5	1.23112
37.6	1.22882
37.7	1.22654
37.8	1.22425
37.9	1.22198
38	1.21971
38.1	1.21744
38.2	1.21518
38.3	1.21292
38.4	1.21067
38.5	1.20842
38.6	1.20619
38.7	1.20396
38.8	1.20174
38.9	1.19953
39	1.19732
39.1	1.19512
39.2	1.19293
39.3	1.19074
39.4	1.18856
39.5	1.18639
39.6	1.18422
39.7	1.18205
39.8	1.17987
39.9	1.1777
40	1.17554
40.1	1.17338
40.2	1.17123
40.3	1.16909
40.4	1.16695
40.5	1.16482
40.6	1.16269
40.7	1.16056
40.8	1.15845
40.9	1.15633
41	1.15422
41.1	1.15212
41.2	1.15001
41.3	1.14791
41.4	1.14581
41.5	1.1437
41.6	1.1416
41.7	1.13949
41.8	1.13739
41.9	1.1353
42	1.1332
42.1	1.13111
42.2	1.12903
42.3	1.12695
42.4	1.12488
42.5	1.12281
42.6	1.12076
42.7	1.11871
42.8	1.11667
42.9	1.11462
43	1.11258
43.1	1.11055
43.2	1.10851
43.3	1.10648
43.4	1.10446
43.5	1.10244
43.6	1.10043
43.7	1.09842
43.8	1.09642
43.9	1.09442
44	1.09242
44.1	1.09042
44.2	1.08843
44.3	1.08645
44.4	1.08447
44.5	1.08249
44.6	1.08052
44.7	1.07855
44.8	1.07658
44.9	1.07461
45	1.07265
45.1	1.07071
45.2	1.06876
45.3	1.06683
45.4	1.0649
45.5	1.06297
45.6	1.06104
45.7	1.05912
45.8	1.0572
45.9	1.05529
46	1.05339
46.1	1.05148
46.2	1.04959
46.3	1.0477
46.4	1.04582
46.5	1.04394
46.6	1.04206
46.7	1.04019
46.8	1.03832
46.9	1.03646
47	1.03459
47.1	1.03274
47.2	1.03088
47.3	1.02903
47.4	1.02717
47.5	1.02532
47.6	1.02347
47.7	1.02163
47.8	1.01978
47.9	1.01795
48	1.01612
48.1	1.01429
48.2	1.01248
48.3	1.01067
48.4	1.00887
48.5	1.00707
48.6	1.00529
48.7	1.0035
48.8	1.00172
48.9	0.999941
49	0.99817
49.1	0.996405
49.2	0.994644
49.3	0.992887
49.4	0.991137
49.5	0.989393
49.6	0.987655
49.7	0.985919
49.8	0.98419
49.9	0.982461
50	0.980734
50.1	0.979006
50.2	0.977282
50.3	0.97556
50.4	0.973841
50.5	0.972124
50.6	0.970407
50.7	0.96869
50.8	0.966971
50.9	0.965247
51	0.963526
51.1	0.961804
51.2	0.960081
51.3	0.958359
51.4	0.956637
51.5	0.954913
51.6	0.953195
51.7	0.951485
51.8	0.949776
51.9	0.948071
52	0.946368
52.1	0.944668
52.2	0.942972
52.3	0.941284
52.4	0.939599
52.5	0.937916
52.6	0.936238
52.7	0.934562
52.8	0.932893
52.9	0.931231
53	0.929569
53.1	0.927911
53.2	0.926254
53.3	0.924599
53.4	0.922949
53.5	0.921304
53.6	0.919664
53.7	0.91803
53.8	0.9164
53.9	0.914774
54	0.913152
54.1	0.91153
54.2	0.909912
54.3	0.908294
54.4	0.906678
54.5	0.905061
54.6	0.903444
54.7	0.901826
54.8	0.900203
54.9	0.898581
55	0.896965
55.1	0.895359
55.2	0.893762
55.3	0.892175
55.4	0.890597
55.5	0.889024
55.6	0.88745
55.7	0.885879
55.8	0.884308
55.9	0.882734
56	0.881159
56.1	0.879587
56.2	0.87802
56.3	0.876458
56.4	0.874902
56.5	0.873353
56.6	0.871803
56.7	0.870256
56.8	0.86871
56.9	0.867172
57	0.865638
57.1	0.864107
57.2	0.862578
57.3	0.861052
57.4	0.859528
57.5	0.858007
57.6	0.856492
57.7	0.854985
57.8	0.853478
57.9	0.851974
58	0.850478
58.1	0.848983
58.2	0.847491
58.3	0.845999
58.4	0.84451
58.5	0.843026
58.6	0.841546
58.7	0.84007
58.8	0.838592
58.9	0.837111
59	0.835628
59.1	0.834144
59.2	0.832664
59.3	0.831191
59.4	0.829717
59.5	0.828243
59.6	0.826768
59.7	0.825295
59.8	0.823823
59.9	0.822356
60	0.820891
60.1	0.819425
60.2	0.817963
60.3	0.816502
60.4	0.815039
60.5	0.813578
60.6	0.812115
60.7	0.81065
60.8	0.809186
60.9	0.807727
61	0.806268
61.1	0.804811
61.2	0.803352
61.3	0.801889
61.4	0.800423
61.5	0.798958
61.6	0.797495
61.7	0.79603
61.8	0.794564
61.9	0.793096
62	0.791624
62.1	0.790148
62.2	0.788676
62.3	0.787208
62.4	0.78574
62.5	0.784274
62.6	0.782808
62.7	0.781342
62.8	0.779874
62.9	0.778404
63	0.776932
63.1	0.775462
63.2	0.773989
63.3	0.772514
63.4	0.771039
63.5	0.769564
63.6	0.768094
63.7	0.766629
63.8	0.765168
63.9	0.763708
64	0.762254
64.1	0.760801
64.2	0.759354
64.3	0.757908
64.4	0.756464
64.5	0.75502
64.6	0.753578
64.7	0.752146
64.8	0.750718
64.9	0.749293
65	0.74787
65.1	0.746456
65.2	0.74505
65.3	0.743651
65.4	0.742254
65.5	0.740861
65.6	0.739469
65.7	0.738077
65.8	0.736685
65.9	0.735287
66	0.733887
66.1	0.732491
66.2	0.731099
66.3	0.72971
66.4	0.728323
66.5	0.726936
66.6	0.72555
66.7	0.724172
66.8	0.722798
66.9	0.721425
67	0.720055
67.1	0.718684
67.2	0.717309
67.3	0.715935
67.4	0.71456
67.5	0.71318
67.6	0.711798
67.7	0.710422
67.8	0.709053
67.9	0.707689
68	0.706329
68.1	0.704971
68.2	0.703618
68.3	0.702271
68.4	0.700932
68.5	0.699599
68.6	0.69827
68.7	0.696939
68.8	0.695611
68.9	0.694286
69	0.692967
69.1	0.691645
69.2	0.690324
69.3	0.689007
69.4	0.687694
69.5	0.686384
69.6	0.685076
69.7	0.683771
69.8	0.682471
69.9	0.681174
70	0.679878
70.1	0.678584
70.2	0.677293
70.3	0.676004
70.4	0.67472
70.5	0.67344
70.6	0.672169
70.7	0.670902
70.8	0.669634
70.9	0.668368
71	0.667104
71.1	0.665843
71.2	0.664584
71.3	0.663327
71.4	0.662068
71.5	0.660813
71.6	0.659562
71.7	0.658311
71.8	0.657069
71.9	0.65583
72	0.654593
72.1	0.653353
72.2	0.652107
72.3	0.650864
72.4	0.649627
72.5	0.648396
72.6	0.647169
72.7	0.64594
72.8	0.644709
72.9	0.643475
73	0.642239
73.1	0.641005
73.2	0.639774
73.3	0.638547
73.4	0.637323
73.5	0.636106
73.6	0.634895
73.7	0.633686
73.8	0.632479
73.9	0.631275
74	0.630072
74.1	0.628877
74.2	0.627688
74.3	0.626504
74.4	0.625326
74.5	0.624155
74.6	0.622987
74.7	0.621821
74.8	0.620658
74.9	0.619494
75	0.61833
75.1	0.617166
75.2	0.616002
75.3	0.61484
75.4	0.613685
75.5	0.61253
75.6	0.611378
75.7	0.610226
75.8	0.609073
75.9	0.607921
76	0.606769
76.1	0.605615
76.2	0.604462
76.3	0.60331
76.4	0.602159
76.5	0.601009
76.6	0.599864
76.7	0.598723
76.8	0.597589
76.9	0.596462
77	0.595338
77.1	0.594212
77.2	0.593085
77.3	0.591962
77.4	0.59084
77.5	0.589722
77.6	0.588608
77.7	0.5875
77.8	0.5864
77.9	0.585302
78	0.584206
78.1	0.583113
78.2	0.582021
78.3	0.580929
78.4	0.579844
78.5	0.57876
78.6	0.577675
78.7	0.576589
78.8	0.575506
78.9	0.574428
79	0.573356
79.1	0.572289
79.2	0.571232
79.3	0.570178
79.4	0.569129
79.5	0.568084
79.6	0.567046
79.7	0.566006
79.8	0.564968
79.9	0.563932
80	0.562897
80.1	0.561863
80.2	0.560828
80.3	0.559791
80.4	0.558758
80.5	0.557725
80.6	0.556688
80.7	0.55565
80.8	0.554618
80.9	0.553591
81	0.552566
81.1	0.551545
81.2	0.55052
81.3	0.549493
81.4	0.548469
81.5	0.547448
81.6	0.546428
81.7	0.545407
81.8	0.544384
81.9	0.543363
82	0.542344
82.1	0.541321
82.2	0.540298
82.3	0.539277
82.4	0.538255
82.5	0.537235
82.6	0.536213
82.7	0.535191
82.8	0.534168
82.9	0.533151
83	0.532134
83.1	0.531116
83.2	0.530103
83.3	0.529092
83.4	0.528083
83.5	0.527081
83.6	0.526082
83.7	0.525089
83.8	0.524102
83.9	0.523123
84	0.522144
84.1	0.521162
84.2	0.520181
84.3	0.519204
84.4	0.518227
84.5	0.517246
84.6	0.516263
84.7	0.515281
84.8	0.514297
84.9	0.513316
85	0.512337
85.1	0.511362
85.2	0.510384
85.3	0.509408
85.4	0.508431
85.5	0.507451
85.6	0.506469
85.7	0.50549
85.8	0.504513
85.9	0.503535
86	0.502558
86.1	0.50158
86.2	0.500604
86.3	0.499628
86.4	0.498648
86.5	0.497671
86.6	0.496691
86.7	0.495713
86.8	0.494738
86.9	0.493757
87	0.492778
87.1	0.491802
87.2	0.490828
87.3	0.489858
87.4	0.488894
87.5	0.487932
87.6	0.486968
87.7	0.486009
87.8	0.485054
87.9	0.484107
88	0.483165
88.1	0.482225
88.2	0.481289
88.3	0.480356
88.4	0.479426
88.5	0.478501
88.6	0.477576
88.7	0.476654
88.8	0.475738
88.9	0.47482
89	0.4739
89.1	0.472975
89.2	0.472047
89.3	0.471113
89.4	0.470177
89.5	0.469237
89.6	0.468292
89.7	0.467341
89.8	0.466393
89.9	0.465446
90	0.464498
90.1	0.463552
90.2	0.462609
90.3	0.46167
90.4	0.460738
90.5	0.459804
90.6	0.458872
90.7	0.457942
90.8	0.457021
90.9	0.456109
91	0.455203
91.1	0.454302
91.2	0.453401
91.3	0.4525
91.4	0.451601
91.5	0.450706
91.6	0.449815
91.7	0.448925
91.8	0.448036
91.9	0.447143
92	0.446252
92.1	0.445364
92.2	0.444478
92.3	0.443592
92.4	0.442703
92.5	0.441813
92.6	0.440927
92.7	0.440043
92.8	0.439162
92.9	0.438286
93	0.437411
93.1	0.436533
93.2	0.435657
93.3	0.434784
93.4	0.433912
93.5	0.433042
93.6	0.432178
93.7	0.431322
93.8	0.430468
93.9	0.429613
94	0.428758
94.1	0.427904
94.2	0.427048
94.3	0.426198
94.4	0.425351
94.5	0.424507
94.6	0.423662
94.7	0.422819
94.8	0.421978
94.9	0.421141
95	0.420307
95.1	0.419474
95.2	0.418639
95.3	0.4178
95.4	0.416959
95.5	0.416121
95.6	0.415282
95.7	0.414443
95.8	0.413604
95.9	0.41276
96	0.41192
96.1	0.411079
96.2	0.41024
96.3	0.409408
96.4	0.408581
96.5	0.407761
96.6	0.406945
96.7	0.406131
96.8	0.405316
96.9	0.404495
97	0.403675
97.1	0.402857
97.2	0.402039
97.3	0.401227
97.4	0.400417
97.5	0.399609
97.6	0.398805
97.7	0.398
97.8	0.397196
97.9	0.396395
98	0.395591
98.1	0.394784
98.2	0.393978
98.3	0.393171
98.4	0.392365
98.5	0.391561
98.6	0.390762
98.7	0.389971
98.8	0.389186
98.9	0.3884
99	0.387613
99.1	0.386822
99.2	0.386033
99.3	0.385246
99.4	0.384463
99.5	0.383679
99.6	0.3829
99.7	0.382121
99.8	0.381346
99.9	0.38058
100	0.379814
100.1	0.379047
100.2	0.378279
100.3	0.377516
100.4	0.376758
100.5	0.376002
100.6	0.375243
100.7	0.374488
100.8	0.373735
100.9	0.372986
101	0.372229
101.1	0.371468
101.2	0.370703
101.3	0.369939
101.4	0.369179
101.5	0.368421
101.6	0.367669
101.7	0.366916
101.8	0.366163
101.9	0.365417
102	0.364674
102.1	0.363929
102.2	0.363185
102.3	0.362442
102.4	0.361701
102.5	0.360962
102.6	0.360224
102.7	0.359485
102.8	0.358743
102.9	0.357999
103	0.357256
103.1	0.356513
103.2	0.355769
103.3	0.355022
103.4	0.354274
103.5	0.353529
103.6	0.35279
103.7	0.352056
103.8	0.351323
103.9	0.350594
104	0.349871
104.1	0.349152
104.2	0.348439
104.3	0.347724
104.4	0.347007
104.5	0.346294
104.6	0.345587
104.7	0.344886
104.8	0.344189
104.9	0.343493
105	0.342796
105.1	0.342101
105.2	0.341409
105.3	0.340725
105.4	0.340045
105.5	0.339367
105.6	0.33869
105.7	0.338013
105.8	0.337338
105.9	0.336662
106	0.335983
106.1	0.335303
106.2	0.334629
106.3	0.333952
106.4	0.333276
106.5	0.332601
106.6	0.331925
106.7	0.331251
106.8	0.330578
106.9	0.329906
107	0.329239
107.1	0.328569
107.2	0.327895
107.3	0.327224
107.4	0.326554
107.5	0.325888
107.6	0.325225
107.7	0.324561
107.8	0.323896
107.9	0.323227
108	0.322557
108.1	0.321889
108.2	0.321224
108.3	0.320561
108.4	0.319894
108.5	0.319227
108.6	0.318561
108.7	0.317901
108.8	0.31724
108.9	0.316577
109	0.315915
109.1	0.315255
109.2	0.314593
109.3	0.313932
109.4	0.313275
109.5	0.312621
109.6	0.311971
109.7	0.31132
109.8	0.310679
109.9	0.310043
110	0.309411
110.1	0.308779
110.2	0.308148
110.3	0.307518
110.4	0.306893
110.5	0.30627
110.6	0.305649
110.7	0.305027
110.8	0.304405
110.9	0.303791
111	0.303181
111.1	0.302573
111.2	0.301966
111.3	0.301361
111.4	0.300757
111.5	0.300155
111.6	0.299557
111.7	0.298959
111.8	0.29836
111.9	0.297758
112	0.297153
112.1	0.296548
112.2	0.295947
112.3	0.295343
112.4	0.294743
112.5	0.294141
112.6	0.293538
112.7	0.292933
112.8	0.292331
112.9	0.291734
113	0.291139
113.1	0.290546
113.2	0.289958
113.3	0.289375
113.4	0.288793
113.5	0.288204
113.6	0.287614
113.7	0.287015
113.8	0.286413
113.9	0.285811
114	0.285215
114.1	0.284621
114.2	0.284034
114.3	0.283445
114.4	0.282855
114.5	0.282264
114.6	0.281671
114.7	0.28108
114.8	0.280491
114.9	0.279907
115	0.279322
115.1	0.278738
115.2	0.278153
115.3	0.277573
115.4	0.276995
115.5	0.276422
115.6	0.275847
115.7	0.275274
115.8	0.274703
115.9	0.274128
116	0.273552
116.1	0.272977
116.2	0.272403
116.3	0.271834
116.4	0.271265
116.5	0.270702
116.6	0.270141
116.7	0.269579
116.8	0.269015
116.9	0.268452
117	0.267894
117.1	0.267341
117.2	0.26679
117.3	0.26624
117.4	0.265695
117.5	0.265155
117.6	0.264614
117.7	0.264076
117.8	0.263536
117.9	0.262993
118	0.262441
118.1	0.261881
118.2	0.261321
118.3	0.26076
118.4	0.260199
118.5	0.259639
118.6	0.25908
118.7	0.258528
118.8	0.257979
118.9	0.257435
119	0.256893
119.1	0.256353
119.2	0.255817
119.3	0.255283
119.4	0.254748
119.5	0.254213
119.6	0.253674
119.7	0.253134
119.8	0.252594
119.9	0.252056
120	0.25152
120.1	0.250985
120.2	0.250449
120.3	0.249912
120.4	0.24937
120.5	0.248821
120.6	0.248266
120.7	0.247707
120.8	0.24715
120.9	0.246591
121	0.246032
121.1	0.245478
121.2	0.244928
121.3	0.244383
121.4	0.243842
121.5	0.243303
121.6	0.242768
121.7	0.242237
121.8	0.241714
121.9	0.241196
122	0.240683
122.1	0.240168
122.2	0.239658
122.3	0.239151
122.4	0.238639
122.5	0.238128
122.6	0.237616
122.7	0.237104
122.8	0.236597
122.9	0.236101
123	0.23561
123.1	0.235123
123.2	0.234636
123.3	0.234152
123.4	0.233671
123.5	0.233197
123.6	0.232727
123.7	0.232253
123.8	0.231776
123.9	0.231303
124	0.230834
124.1	0.230363
124.2	0.229894
124.3	0.229426
124.4	0.228958
124.5	0.228486
124.6	0.228011
124.7	0.227536
124.8	0.22706
124.9	0.226579
125	0.226093
125.1	0.225607
125.2	0.225116
125.3	0.224618
125.4	0.224118
125.5	0.22362
125.6	0.223124
125.7	0.222632
125.8	0.222135
125.9	0.221634
126	0.221135
126.1	0.220639
126.2	0.220141
126.3	0.219646
126.4	0.219155
126.5	0.218662
126.6	0.218168
126.7	0.217674
126.8	0.217183
126.9	0.216694
127	0.216205
127.1	0.215717
127.2	0.215229
127.3	0.214741
127.4	0.214257
127.5	0.213772
127.6	0.213289
127.7	0.212807
127.8	0.212331
127.9	0.211859
128	0.211386
128.1	0.210912
128.2	0.21044
128.3	0.209973
128.4	0.20951
128.5	0.209047
128.6	0.208588
128.7	0.208127
128.8	0.207663
128.9	0.207195
129	0.20673
129.1	0.206267
129.2	0.205808
129.3	0.20535
129.4	0.204893
129.5	0.204433
129.6	0.203974
129.7	0.203518
129.8	0.203069
129.9	0.20262
130	0.202171
130.1	0.201724
130.2	0.201278
130.3	0.200835
130.4	0.200396
130.5	0.199957
130.6	0.199519
130.7	0.199086
130.8	0.198659
130.9	0.198233
131	0.197809
131.1	0.197391
131.2	0.196976
131.3	0.196569
131.4	0.196168
131.5	0.195774
131.6	0.195384
131.7	0.194988
131.8	0.194588
131.9	0.194177
132	0.19376
132.1	0.193346
132.2	0.192941
132.3	0.19254
132.4	0.192141
132.5	0.191743
132.6	0.191343
132.7	0.190944
132.8	0.190545
132.9	0.190145
133	0.189743
133.1	0.189341
133.2	0.188939
133.3	0.188535
133.4	0.188139
133.5	0.18775
133.6	0.187365
133.7	0.186984
133.8	0.186608
133.9	0.186233
134	0.185856
134.1	0.185482
134.2	0.185109
134.3	0.184731
134.4	0.184355
134.5	0.183974
134.6	0.183587
134.7	0.183199
134.8	0.182807
134.9	0.182416
135	0.182025
135.1	0.181632
135.2	0.181237
135.3	0.180843
135.4	0.180447
135.5	0.180046
135.6	0.179646
135.7	0.179247
135.8	0.178844
135.9	0.17844
136	0.178035
136.1	0.177629
136.2	0.177224
136.3	0.176819
136.4	0.176414
136.5	0.176009
136.6	0.175604
136.7	0.175199
136.8	0.174795
136.9	0.174393
137	0.173994
137.1	0.1736
137.2	0.173211
137.3	0.172824
137.4	0.17244
137.5	0.172058
137.6	0.171676
137.7	0.171295
137.8	0.170911
137.9	0.170526
138	0.170139
138.1	0.169751
138.2	0.169367
138.3	0.168982
138.4	0.168592
138.5	0.168204
138.6	0.167818
138.7	0.167433
138.8	0.167051
138.9	0.166675
139	0.1663
139.1	0.165931
139.2	0.165567
139.3	0.165203
139.4	0.164836
139.5	0.164472
139.6	0.164111
139.7	0.163751
139.8	0.163389
139.9	0.163025
140	0.162661
140.1	0.162291
140.2	0.161915
140.3	0.161539
140.4	0.161168
140.5	0.160798
140.6	0.160433
140.7	0.160071
140.8	0.159706
140.9	0.159345
141	0.158986
141.1	0.158631
141.2	0.15828
141.3	0.15793
141.4	0.157583
141.5	0.157238
141.6	0.156898
141.7	0.15656
141.8	0.156223
141.9	0.155888
142	0.155548
142.1	0.155204
142.2	0.154858
142.3	0.15451
142.4	0.154161
142.5	0.153812
142.6	0.153459
142.7	0.153107
142.8	0.152762
142.9	0.152421
143	0.152082
143.1	0.151747
143.2	0.151416
143.3	0.151089
143.4	0.150767
143.5	0.150451
143.6	0.150137
143.7	0.149823
143.8	0.149512
143.9	0.149201
144	0.148893
144.1	0.148583
144.2	0.148274
144.3	0.147966
144.4	0.147657
144.5	0.14735
144.6	0.147047
144.7	0.146739
144.8	0.146425
144.9	0.146109
145	0.145796
145.1	0.145486
145.2	0.145177
145.3	0.144875
145.4	0.144572
145.5	0.144263
145.6	0.14395
145.7	0.143638
145.8	0.14333
145.9	0.143024
146	0.142718
146.1	0.142411
146.2	0.142102
146.3	0.141795
146.4	0.141492
146.5	0.141195
146.6	0.140904
146.7	0.140614
146.8	0.140329
146.9	0.140045
147	0.139761
147.1	0.139478
147.2	0.139196
147.3	0.138915
147.4	0.138635
147.5	0.138356
147.6	0.138076
147.7	0.137791
147.8	0.137506
147.9	0.137225
148	0.136951
148.1	0.136681
148.2	0.13641
148.3	0.136135
148.4	0.13586
148.5	0.135583
148.6	0.1353
148.7	0.135015
148.8	0.134727
148.9	0.134437
149	0.134153
149.1	0.133872
149.2	0.133594
149.3	0.133321
149.4	0.133055
149.5	0.132797
149.6	0.132543
149.7	0.13229
149.8	0.132033
149.9	0.131774
150	0.131515
150.1	0.131254
150.2	0.13099
150.3	0.130722
150.4	0.130449
150.5	0.130179
150.6	0.129912
150.7	0.129649
150.8	0.129388
150.9	0.129124
151	0.128858
151.1	0.12859
151.2	0.128321
151.3	0.128048
151.4	0.127775
151.5	0.127501
151.6	0.127225
151.7	0.126947
151.8	0.126674
151.9	0.126407
152	0.126144
152.1	0.12588
152.2	0.125611
152.3	0.125341
152.4	0.125072
152.5	0.124801
152.6	0.124518
152.7	0.124229
152.8	0.12394
152.9	0.123653
153	0.123363
153.1	0.123069
153.2	0.122778
153.3	0.12249
153.4	0.122204
153.5	0.121918
153.6	0.121633
153.7	0.121347
153.8	0.121062
153.9	0.120782
154	0.120504
154.1	0.120227
154.2	0.119949
154.3	0.119675
154.4	0.119402
154.5	0.119131
154.6	0.118855
154.7	0.118574
154.8	0.118288
154.9	0.117999
155	0.11771
155.1	0.117417
155.2	0.117127
155.3	0.116836
155.4	0.116547
155.5	0.116258
155.6	0.115964
155.7	0.115672
155.8	0.11538
155.9	0.115089
156	0.114799
156.1	0.114507
156.2	0.114216
156.3	0.113926
156.4	0.113631
156.5	0.113334
156.6	0.113037
156.7	0.112739
156.8	0.112444
156.9	0.11215
157	0.111855
157.1	0.111554
157.2	0.11125
157.3	0.11094
157.4	0.110631
157.5	0.11032
157.6	0.110011
157.7	0.109709
157.8	0.109416
157.9	0.109125
158	0.108833
158.1	0.108543
158.2	0.10826
158.3	0.107977
158.4	0.107696
158.5	0.107411
158.6	0.107122
158.7	0.106829
158.8	0.106531
158.9	0.106228
159	0.105916
159.1	0.105602
159.2	0.105288
159.3	0.104977
159.4	0.104668
159.5	0.104361
159.6	0.104054
159.7	0.103743
159.8	0.103433
159.9	0.103125
160	0.102821
160.1	0.102518
160.2	0.102217
160.3	0.101917
160.4	0.101616
160.5	0.101315
160.6	0.101012
160.7	0.100703
160.8	0.100389
160.9	0.100075
161	0.0997622
161.1	0.0994518
161.2	0.0991456
161.3	0.0988391
161.4	0.0985384
161.5	0.0982372
161.6	0.0979382
161.7	0.0976417
161.8	0.0973487
161.9	0.097055
162	0.0967633
162.1	0.0964737
162.2	0.0961847
162.3	0.0958988
162.4	0.0956153
162.5	0.0953347
162.6	0.095055
162.7	0.0947733
162.8	0.0944895
162.9	0.094205
163	0.0939222
163.1	0.0936376
163.2	0.0933491
163.3	0.0930569
163.4	0.0927673
163.5	0.0924791
163.6	0.0921921
163.7	0.0919085
163.8	0.091628
163.9	0.0913534
164	0.0910877
164.1	0.0908271
164.2	0.0905638
164.3	0.0902976
164.4	0.0900285
164.5	0.0897534
164.6	0.0894785
164.7	0.0892036
164.8	0.0889285
164.9	0.0886516
165	0.0883739
165.1	0.0880941
165.2	0.0878138
165.3	0.0875344
165.4	0.0872578
165.5	0.0869788
165.6	0.0866954
165.7	0.0864147
165.8	0.0861369
165.9	0.0858592
166	0.0855801
166.1	0.0852988
166.2	0.0850169
166.3	0.0847365
166.4	0.0844602
166.5	0.0841882
166.6	0.0839196
166.7	0.0836547
166.8	0.0833903
166.9	0.0831307
167	0.0828708
167.1	0.082611
167.2	0.0823573
167.3	0.0821037
167.4	0.0818488
167.5	0.0815982
167.6	0.0813536
167.7	0.0811122
167.8	0.0808715
167.9	0.0806343
168	0.0804009
168.1	0.0801681
168.2	0.0799393
168.3	0.0797105
168.4	0.0794825
168.5	0.0792555
168.6	0.0790285
168.7	0.0788046
168.8	0.078582
168.9	0.0783599
169	0.0781357
169.1	0.0779158
169.2	0.0777012
169.3	0.0774917
169.4	0.0772846
169.5	0.0770844
169.6	0.0768929
169.7	0.0767051
169.8	0.076519
169.9	0.0763378
170	0.0761554
170.1	0.0759765
170.2	0.0758012
170.3	0.0756339
170.4	0.0754717
170.5	0.0753144
170.6	0.0751594
170.7	0.0750053
170.8	0.0748491
170.9	0.0746966
171	0.0745514
171.1	0.0744056
171.2	0.0742637
171.3	0.0741243
171.4	0.0739826
171.5	0.0738414
171.6	0.073701
171.7	0.0735606
171.8	0.0734156
171.9	0.0732689
172	0.0731196
172.1	0.0729674
172.2	0.072817
172.3	0.0726664
172.4	0.0725152
172.5	0.0723653
172.6	0.0722116
172.7	0.0720593
172.8	0.0719047
172.9	0.0717492
173	0.0715954
173.1	0.0714413
173.2	0.0712903
173.3	0.0711407
173.4	0.0709855
173.5	0.0708248
173.6	0.0706631
173.7	0.0704966
173.8	0.0703241
173.9	0.0701475
174	0.069963
174.1	0.0697714
174.2	0.0695749
174.3	0.0693699
174.4	0.0691617
174.5	0.0689533
174.6	0.068744
174.7	0.0685352
174.8	0.0683274
174.9	0.0681181
175	0.0679072
175.1	0.0676946
175.2	0.0674853
175.3	0.0672775
175.4	0.0670663
175.5	0.066849
175.6	0.0666257
175.7	0.0663997
175.8	0.066168
175.9	0.0659302
176	0.0656857
176.1	0.065446
176.2	0.0652132
176.3	0.0649902
176.4	0.0647718
176.5	0.0645524
176.6	0.0643271
176.7	0.064098
176.8	0.0638695
176.9	0.0636446
177	0.0634214
177.1	0.0631979
177.2	0.0629779
177.3	0.0627603
177.4	0.0625422
177.5	0.0623222
177.6	0.0621006
177.7	0.0618742
177.8	0.0616498
177.9	0.0614295
178	0.0612141
178.1	0.0610006
178.2	0.0607961
178.3	0.0606028
178.4	0.0604189
178.5	0.0602407
178.6	0.0600662
178.7	0.0598917
178.8	0.0597158
178.9	0.059541
179	0.0593674
179.1	0.0591951
179.2	0.0590257
179.3	0.0588602
179.4	0.0586952
179.5	0.0585288
179.6	0.0583587
179.7	0.0581902
179.8	0.0580214
179.9	0.0578545
180	0.0576885
180.1	0.0575186
180.2	0.0573394
180.3	0.0571562
180.4	0.0569691
180.5	0.0567781
180.6	0.0565873
180.7	0.0563945
180.8	0.0562029
180.9	0.0560101
181	0.0558169
181.1	0.0556229
181.2	0.0554395
181.3	0.055262
181.4	0.055085
181.5	0.0549067
181.6	0.0547269
181.7	0.0545485
181.8	0.0543696
181.9	0.0541872
182	0.0540029
182.1	0.0538261
182.2	0.0536608
182.3	0.053501
182.4	0.0533449
182.5	0.0531887
182.6	0.0530321
182.7	0.0528804
182.8	0.0527314
182.9	0.0525838
183	0.0524351
183.1	0.0522901
183.2	0.0521472
183.3	0.0520051
183.4	0.0518606
183.5	0.0517152
183.6	0.0515722
183.7	0.0514289
183.8	0.0512888
183.9	0.0511464
184	0.0510097
184.1	0.0508752
184.2	0.0507436
184.3	0.0506072
184.4	0.0504665
184.5	0.0503247
184.6	0.0501844
184.7	0.0500432
184.8	0.0499037
184.9	0.0497706
185	0.049644
185.1	0.049516
185.2	0.0493815
185.3	0.0492419
185.4	0.0491041
185.5	0.048966
185.6	0.0488258
185.7	0.0486816
185.8	0.0485351
185.9	0.0483898
186	0.048245
186.1	0.0480978
186.2	0.0479499
186.3	0.0478042
186.4	0.047656
186.5	0.0475084
186.6	0.0473638
186.7	0.047218
186.8	0.0470701
186.9	0.0469215
187	0.0467785
187.1	0.0466433
187.2	0.0465105
187.3	0.0463785
187.4	0.0462429
187.5	0.046109
187.6	0.0459792
187.7	0.0458477
187.8	0.0457114
187.9	0.0455734
188	0.0454356
188.1	0.0453041
188.2	0.04518
188.3	0.0450626
188.4	0.0449454
188.5	0.0448259
188.6	0.0447032
188.7	0.0445816
188.8	0.0444632
188.9	0.04435
189	0.0442339
189.1	0.0441146
189.2	0.0439992
189.3	0.043888
189.4	0.0437778
189.5	0.0436682
189.6	0.0435568
189.7	0.0434388
189.8	0.0433168
189.9	0.0431963
190	0.0430765
190.1	0.0429584
190.2	0.0428386
190.3	0.0427173
190.4	0.0425973
190.5	0.0424805
190.6	0.0423706
190.7	0.0422678
190.8	0.0421702
190.9	0.0420777
191	0.0419825
191.1	0.041885
191.2	0.0417853
191.3	0.0416887
191.4	0.041596
191.5	0.0415071
191.6	0.0414154
191.7	0.0413176
191.8	0.0412169
191.9	0.041119
192	0.0410251
192.1	0.0409343
192.2	0.0408468
192.3	0.0407628
192.4	0.0406862
192.5	0.040615
192.6	0.0405455
192.7	0.0404766
192.8	0.0404085
192.9	0.0403393
193	0.0402732
193.1	0.0402122
193.2	0.0401473
193.3	0.0400826
193.4	0.0400201
193.5	0.0399618
193.6	0.039906
193.7	0.0398489
193.8	0.0397891
193.9	0.0397261
194	0.039661
194.1	0.0395912
194.2	0.0395197
194.3	0.0394462
194.4	0.0393719
194.5	0.0392948
194.6	0.0392161
194.7	0.0391395
194.8	0.0390653
194.9	0.0389926
195	0.0389203
195.1	0.0388497
195.2	0.0387797
195.3	0.0387066
195.4	0.0386309
195.5	0.0385582
195.6	0.0384899
195.7	0.0384186
195.8	0.0383437
195.9	0.0382626
196	0.0381833
196.1	0.0380986
196.2	0.0380147
196.3	0.0379301
196.4	0.0378447
196.5	0.0377591
196.6	0.0376724
196.7	0.0375892
196.8	0.0375102
196.9	0.0374304
197	0.037353
197.1	0.0372748
197.2	0.0371908
197.3	0.0370985
197.4	0.0370036
197.5	0.0369107
197.6	0.0368168
197.7	0.0367237
197.8	0.0366347
197.9	0.0365487
198	0.0364624
198.1	0.0363772
198.2	0.0362918
198.3	0.0362084
198.4	0.0361311
198.5	0.0360593
198.6	0.0359884
198.7	0.0359166
198.8	0.0358442
198.9	0.0357697
199	0.0356975
199.1	0.0356253
199.2	0.0355535
199.3	0.0354821
199.4	0.0354102
199.5	0.0353435
199.6	0.0352747
199.7	0.0352001
199.8	0.0351221
199.9	0.0350421
200	0.0349645
200.1	0.0348903
200.2	0.0348176
200.3	0.0347423
200.4	0.034658
200.5	0.0345709
200.6	0.0344837
200.7	0.0344
200.8	0.0343179
200.9	0.0342394
201	0.0341576
201.1	0.0340682
201.2	0.0339785
201.3	0.0338906
201.4	0.0337997
201.5	0.0337063
201.6	0.0336092
201.7	0.0335103
201.8	0.0334139
201.9	0.0333207
202	0.0332259
202.1	0.0331297
202.2	0.0330365
202.3	0.0329475
202.4	0.0328636
202.5	0.0327835
202.6	0.0327042
202.7	0.0326216
202.8	0.0325356
202.9	0.0324462
203	0.0323547
203.1	0.0322673
203.2	0.0321764
203.3	0.0320877
203.4	0.0320067
203.5	0.0319302
203.6	0.0318579
203.7	0.0317833
203.8	0.0317069
203.9	0.0316274
204	0.0315435
204.1	0.03146
204.2	0.0313796
204.3	0.0312969
204.4	0.0312158
204.5	0.0311306
204.6	0.0310403
204.7	0.0309504
204.8	0.0308611
204.9	0.0307762
205	0.0306923
205.1	0.0306087
205.2	0.0305234
205.3	0.0304415
205.4	0.0303632
205.5	0.0302869
205.6	0.0302088
205.7	0.030132
205.8	0.0300545
205.9	0.0299841
206	0.0299219
206.1	0.029866
206.2	0.0298106
206.3	0.0297566
206.4	0.0297088
206.5	0.0296646
206.6	0.0296243
206.7	0.0295879
206.8	0.0295553
206.9	0.0295223
207	0.0294863
207.1	0.0294471
207.2	0.029408
207.3	0.0293698
207.4	0.0293299
207.5	0.0292909
207.6	0.0292559
207.7	0.0292272
207.8	0.029201
207.9	0.0291746
208	0.0291471
208.1	0.0291183
208.2	0.029094
208.3	0.0290757
208.4	0.0290589
208.5	0.0290384
208.6	0.0290124
208.7	0.0289841
208.8	0.028956
208.9	0.0289261
209	0.028897
209.1	0.0288717
209.2	0.0288527
209.3	0.0288325
209.4	0.0288068
209.5	0.0287809
209.6	0.0287527
209.7	0.0287169
209.8	0.0286822
209.9	0.0286454
210	0.0286123
210.1	0.0285822
210.2	0.0285576
210.3	0.0285353
210.4	0.0285166
210.5	0.0284983
210.6	0.028476
210.7	0.0284572
210.8	0.0284408
210.9	0.0284272
211	0.0284178
211.1	0.0284104
211.2	0.0284066
211.3	0.0284045
211.4	0.0283963
211.5	0.0283865
211.6	0.0283776
211.7	0.0283723
211.8	0.0283661
211.9	0.0283579
212	0.0283461
212.1	0.0283269
212.2	0.028302
212.3	0.0282712
212.4	0.028233
212.5	0.0281894
212.6	0.0281425
212.7	0.0280949
212.8	0.028054
212.9	0.0280193
213	0.0279843
213.1	0.0279527
213.2	0.0279203
213.3	0.0278857
213.4	0.027851
213.5	0.0278153
213.6	0.0277755
213.7	0.0277309
213.8	0.0276817
213.9	0.0276383
214	0.0275996
214.1	0.0275609
214.2	0.0275177
214.3	0.0274695
214.4	0.0274182
214.5	0.0273621
214.6	0.0273021
214.7	0.0272384
214.8	0.0271771
214.9	0.0271151
215	0.0270472
215.1	0.0269798
215.2	0.0269105
215.3	0.0268426
215.4	0.0267782
215.5	0.026718
215.6	0.0266659
215.7	0.0266211
215.8	0.0265788
215.9	0.0265413
216	0.0265016
216.1	0.0264592
216.2	0.0264125
216.3	0.0263641
216.4	0.0263104
216.5	0.0262504
216.6	0.0261874
216.7	0.0261216
216.8	0.0260518
216.9	0.0259797
217	0.0259037
217.1	0.025824
217.2	0.0257474
217.3	0.0256744
217.4	0.0256099
217.5	0.0255483
217.6	0.0254933
217.7	0.0254394
217.8	0.0253868
217.9	0.0253368
218	0.0252838
218.1	0.0252278
218.2	0.025182
218.3	0.0251379
218.4	0.0250971
218.5	0.0250615
218.6	0.0250299
218.7	0.025002
218.8	0.0249764
218.9	0.024953
219	0.0249272
219.1	0.0248976
219.2	0.0248676
219.3	0.0248432
219.4	0.0248212
219.5	0.0247959
219.6	0.02477
219.7	0.024743
219.8	0.0247126
219.9	0.0246796
220	0.0246454
220.1	0.0246158
220.2	0.0245922
220.3	0.0245727
220.4	0.0245559
220.5	0.0245409
220.6	0.0245311
220.7	0.0245212
220.8	0.024511
220.9	0.0244949
221	0.0244775
221.1	0.0244589
221.2	0.0244337
221.3	0.0244035
221.4	0.0243726
221.5	0.0243394
221.6	0.0242988
221.7	0.0242595
221.8	0.0242168
221.9	0.0241746
222	0.0241383
222.1	0.0241041
222.2	0.024069
222.3	0.0240331
222.4	0.0239991
222.5	0.0239649
222.6	0.0239319
222.7	0.0239
222.8	0.0238689
222.9	0.0238348
223	0.023806
223.1	0.0237754
223.2	0.0237405
223.3	0.0237047
223.4	0.0236727
223.5	0.0236425
223.6	0.023614
223.7	0.023586
223.8	0.0235653
223.9	0.0235497
224	0.0235373
224.1	0.0235262
224.2	0.0235215
224.3	0.0235154
224.4	0.0235077
224.5	0.023501
224.6	0.0234947
224.7	0.0234883
224.8	0.0234822
224.9	0.0234769
225	0.0234718
225.1	0.0234737
225.2	0.0234795
225.3	0.0234907
225.4	0.0235069
225.5	0.0235247
225.6	0.0235409
225.7	0.0235502
225.8	0.0235567
225.9	0.0235635
226	0.0235712
226.1	0.0235792
226.2	0.0235869
226.3	0.0236005
226.4	0.0236213
226.5	0.0236457
226.6	0.0236728
226.7	0.0236974
226.8	0.0237229
226.9	0.0237512
227	0.0237827
227.1	0.0238164
227.2	0.0238523
227.3	0.0238939
227.4	0.0239335
227.5	0.0239695
227.6	0.0240046
227.7	0.0240441
227.8	0.0240864
227.9	0.0241341
228	0.0241876
228.1	0.0242417
228.2	0.0242899
228.3	0.0243346
228.4	0.0243771
228.5	0.024417
228.6	0.0244535
228.7	0.0244853
228.8	0.0245122
228.9	0.0245399
229	0.0245636
229.1	0.0245823
229.2	0.0246009
229.3	0.0246182
229.4	0.0246382
229.5	0.024658
229.6	0.0246724
229.7	0.0246805
229.8	0.0246854
229.9	0.0246917
230	0.0246937
230.1	0.0246906
230.2	0.0246876
230.3	0.0246839
230.4	0.0246798
230.5	0.0246781
230.6	0.0246803
230.7	0.0246882
230.8	0.0246985
230.9	0.024712
231	0.0247253
231.1	0.0247414
231.2	0.024756
231.3	0.0247715
231.4	0.0247804
231.5	0.0247857
231.6	0.0247846
231.7	0.0247815
231.8	0.0247782
231.9	0.0247744
232	0.024772
232.1	0.0247706
232.2	0.0247648
232.3	0.0247588
232.4	0.0247522
232.5	0.0247454
232.6	0.024736
232.7	0.0247244
232.8	0.0247086
232.9	0.0246873
233	0.0246608
233.1	0.0246344
233.2	0.0246065
233.3	0.024575
233.4	0.0245445
233.5	0.0245158
233.6	0.0244855
233.7	0.0244585
233.8	0.0244321
233.9	0.0244083
234	0.0243871
234.1	0.0243701
234.2	0.0243527
234.3	0.0243329
234.4	0.0243114
234.5	0.0242916
234.6	0.0242695
234.7	0.0242478
234.8	0.0242249
234.9	0.0242024
235	0.0241807
235.1	0.0241579
235.2	0.0241387
235.3	0.0241227
235.4	0.0241091
235.5	0.024093
235.6	0.0240741
235.7	0.0240572
235.8	0.0240449
235.9	0.0240339
236	0.0240238
236.1	0.0240224
236.2	0.0240229
236.3	0.0240262
236.4	0.0240324
236.5	0.0240416
236.6	0.0240451
236.7	0.0240492
236.8	0.0240544
236.9	0.0240632
237	0.0240724
237.1	0.0240758
237.2	0.0240749
237.3	0.0240708
237.4	0.0240707
237.5	0.0240708
237.6	0.0240679
237.7	0.0240651
237.8	0.0240657
237.9	0.0240657
238	0.0240674
238.1	0.0240694
238.2	0.0240741
238.3	0.0240801
238.4	0.0240818
238.5	0.0240792
238.6	0.0240715
238.7	0.0240659
238.8	0.0240607
238.9	0.0240575
239	0.0240553
239.1	0.0240511
239.2	0.0240428
239.3	0.0240341
239.4	0.0240281
239.5	0.0240218
239.6	0.0240141
239.7	0.0240086
239.8	0.0239981
239.9	0.0239821
240	0.0239632
240.1	0.023946
240.2	0.0239273
240.3	0.0239093
240.4	0.0238912
240.5	0.0238725
240.6	0.0238498
240.7	0.0238297
240.8	0.0238105
240.9	0.023787
241	0.0237604
241.1	0.0237367
241.2	0.0237141
241.3	0.0236964
241.4	0.0236808
241.5	0.0236634
241.6	0.0236453
241.7	0.023625
241.8	0.023603
241.9	0.0235808
242	0.023562
242.1	0.0235479
242.2	0.0235376
242.3	0.0235281
242.4	0.0235212
242.5	0.0235171
242.6	0.0235148
242.7	0.0235145
242.8	0.0235161
242.9	0.0235128
243	0.0235027
243.1	0.0234874
243.2	0.0234746
243.3	0.0234626
243.4	0.023452
243.5	0.0234425
243.6	0.0234352
243.7	0.0234253
243.8	0.0234175
243.9	0.0234109
244	0.0234035
244.1	0.0233936
244.2	0.0233827
244.3	0.0233682
244.4	0.0233528
244.5	0.0233384
244.6	0.02333
244.7	0.0233266
244.8	0.0233279
244.9	0.0233311
245	0.0233345
245.1	0.0233372
245.2	0.023336
245.3	0.023336
245.4	0.0233319
245.5	0.0233246
245.6	0.0233151
245.7	0.023305
245.8	0.0232989
245.9	0.0232873
246	0.023274
246.1	0.0232608
246.2	0.0232492
246.3	0.0232405
246.4	0.0232318
246.5	0.0232296
246.6	0.0232302
246.7	0.023228
246.8	0.0232216
246.9	0.0232098
247	0.0231983
247.1	0.0231906
247.2	0.0231856
247.3	0.0231798
247.4	0.0231703
247.5	0.0231576
247.6	0.0231432
247.7	0.0231192
247.8	0.0230852
247.9	0.0230507
248	0.0230161
248.1	0.0229831
248.2	0.0229538
248.3	0.0229222
248.4	0.0228892
248.5	0.0228544
248.6	0.0228145
248.7	0.0227729
248.8	0.0227336
248.9	0.0226953
249	0.0226522
249.1	0.0226058
249.2	0.0225633
249.3	0.0225264
249.4	0.0224928
249.5	0.0224597
249.6	0.0224292
249.7	0.0224048
249.8	0.0223819
249.9	0.0223546
250	0.0223256
250.1	0.0222948
250.2	0.0222658
250.3	0.0222376
250.4	0.0222074
250.5	0.0221786
250.6	0.0221489
250.7	0.0221188
250.8	0.0220909
250.9	0.0220625
251	0.022035
251.1	0.0220069
251.2	0.0219789
251.3	0.02195
251.4	0.0219253
251.5	0.0219021
251.6	0.0218816
251.7	0.0218612
251.8	0.021839
251.9	0.0218168
252	0.0217948
252.1	0.0217705
252.2	0.0217417
252.3	0.0217143
252.4	0.0216853
252.5	0.0216548
252.6	0.0216241
252.7	0.0215913
252.8	0.0215547
252.9	0.0215185
253	0.0214835
253.1	0.0214518
253.2	0.0214262
253.3	0.0214049
253.4	0.021385
253.5	0.02136
253.6	0.0213278
253.7	0.0212919
253.8	0.0212549
253.9	0.0212181
254	0.0211791
254.1	0.0211411
254.2	0.0211031
254.3	0.0210694
254.4	0.0210349
254.5	0.0210011
254.6	0.0209679
254.7	0.0209357
254.8	0.0209013
254.9	0.0208642
255	0.0208265
255.1	0.0207914
255.2	0.0207563
255.3	0.0207263
255.4	0.0207042
255.5	0.0206821
255.6	0.0206654
255.7	0.0206532
255.8	0.0206406
255.9	0.0206278
256	0.0206108
256.1	0.0205898
256.2	0.020568
256.3	0.0205464
256.4	0.0205232
256.5	0.0204982
256.6	0.0204741
256.7	0.0204466
256.8	0.020418
256.9	0.0203897
257	0.020361
257.1	0.0203233
257.2	0.0202857
257.3	0.0202521
257.4	0.0202188
257.5	0.0201835
257.6	0.0201418
257.7	0.0200957
257.8	0.0200433
257.9	0.0199854
258	0.0199185
258.1	0.0198434
258.2	0.0197671
258.3	0.0196928
258.4	0.0196127
258.5	0.019533
258.6	0.0194517
258.7	0.0193686
258.8	0.0192796
258.9	0.019187
259	0.0190969
259.1	0.0190125
259.2	0.0189283
259.3	0.018843
259.4	0.01876
259.5	0.0186806
259.6	0.0186029
259.7	0.0185285
259.8	0.0184556
259.9	0.0183871
260	0.0183178
260.1	0.0182511
260.2	0.0181842
260.3	0.0181188
260.4	0.018058
260.5	0.0180011
260.6	0.0179442
260.7	0.0178825
260.8	0.01782
260.9	0.0177563
261	0.0176923
261.1	0.0176316
261.2	0.0175721
261.3	0.0175118
261.4	0.0174568
261.5	0.0174012
261.6	0.0173507
261.7	0.0173049
261.8	0.0172649
261.9	0.0172275
262	0.0171902
262.1	0.0171533
262.2	0.0171187
262.3	0.0170839
262.4	0.0170463
262.5	0.017001
262.6	0.0169534
262.7	0.0169036
262.8	0.016849
262.9	0.0167928
263	0.0167355
263.1	0.0166763
263.2	0.0166186
263.3	0.0165607
263.4	0.0164992
263.5	0.0164383
263.6	0.0163798
263.7	0.0163227
263.8	0.0162656
263.9	0.0162046
264	0.0161414
264.1	0.0160799
264.2	0.0160284
264.3	0.0159734
264.4	0.0159124
264.5	0.0158496
264.6	0.0157868
264.7	0.0157261
264.8	0.0156663
264.9	0.015604
265	0.0155399
265.1	0.0154812
265.2	0.0154237
265.3	0.0153686
265.4	0.0153162
265.5	0.015262
265.6	0.0152044
265.7	0.0151444
265.8	0.0150851
265.9	0.0150204
266	0.0149511
266.1	0.0148825
266.2	0.0148189
266.3	0.0147634
266.4	0.0147145
266.5	0.0146682
266.6	0.0146204
266.7	0.014574
266.8	0.0145237
266.9	0.0144724
267	0.0144198
267.1	0.01436
267.2	0.0142992
267.3	0.0142379
267.4	0.0141741
267.5	0.0141038
267.6	0.0140299
267.7	0.0139611
267.8	0.0138981
267.9	0.0138384
268	0.0137769
268.1	0.013717
268.2	0.0136587
268.3	0.0136012
268.4	0.0135449
268.5	0.0134952
268.6	0.0134489
268.7	0.0134009
268.8	0.0133448
268.9	0.0132837
269	0.0132169
269.1	0.0131452
269.2	0.0130707
269.3	0.0129963
269.4	0.0129216
269.5	0.0128487
269.6	0.012773
269.7	0.0126929
269.8	0.0126075
269.9	0.0125192
270	0.0124311
270.1	0.0123411
270.2	0.0122503
270.3	0.0121636
270.4	0.0120794
270.5	0.0119991
270.6	0.0119262
270.7	0.0118598
270.8	0.0117997
270.9	0.0117437
271	0.0116914
271.1	0.0116412
271.2	0.0115957
271.3	0.0115527
271.4	0.0115084
271.5	0.0114601
271.6	0.0114089
271.7	0.0113539
271.8	0.0112931
271.9	0.0112274
272	0.0111621
272.1	0.0110964
272.2	0.0110353
272.3	0.0109777
272.4	0.0109213
272.5	0.0108721
272.6	0.0108299
272.7	0.0107857
272.8	0.0107406
272.9	0.0106905
273	0.0106417
273.1	0.0105989
273.2	0.0105606
273.3	0.0105194
273.4	0.0104806
273.5	0.0104403
273.6	0.0103982
273.7	0.010353
273.8	0.0103107
273.9	0.0102708
274	0.0102367
274.1	0.0102068
274.2	0.010178
274.3	0.0101534
274.4	0.0101319
274.5	0.0101161
274.6	0.010103
274.7	0.0100855
274.8	0.0100672
274.9	0.0100457
275	0.0100216
275.1	0.00999435
275.2	0.0099633
275.3	0.00993514
275.4	0.00990447
275.5	0.00987659
275.6	0.00984879
275.7	0.00982263
275.8	0.00979475
275.9	0.00976946
276	0.00973902
276.1	0.00971152
276.2	0.00968379
276.3	0.00965884
276.4	0.00963229
276.5	0.00960361
276.6	0.00957065
276.7	0.0095381
276.8	0.00950211
276.9	0.00946809
277	0.00944013
277.1	0.00941838
277.2	0.00940259
277.3	0.00938504
277.4	0.00936454
277.5	0.00934411
277.6	0.00932321
277.7	0.00930885
277.8	0.00929151
277.9	0.00927019
278	0.0092429
278.1	0.00921355
278.2	0.0091884
278.3	0.0091662
278.4	0.0091451
278.5	0.00912356
278.6	0.00910323
278.7	0.00908327
278.8	0.0090641
278.9	0.00904217
279	0.0090264
279.1	0.00901413
279.2	0.00900451
279.3	0.00899695
279.4	0.00898661
279.5	0.00897652
279.6	0.00897114
279.7	0.00896853
279.8	0.00897092
279.9	0.00897323
280	0.00897995
280.1	0.00898976
280.2	0.00900137
280.3	0.00901255
280.4	0.00902644
280.5	0.00904177
280.6	0.00905959
280.7	0.0090806
280.8	0.0090992
280.9	0.00911406
281	0.00912787
281.1	0.00913971
281.2	0.00914823
281.3	0.00915635
281.4	0.00916385
281.5	0.00916852
281.6	0.0091747
281.7	0.00918574
281.8	0.00919832
281.9	0.00921685
282	0.00924348
282.1	0.00927558
282.2	0.0093071
282.3	0.00933768
282.4	0.00936548
282.5	0.00938987
282.6	0.00941252
282.7	0.00943307
282.8	0.00945154
282.9	0.00946622
283	0.00948172
283.1	0.00950099
283.2	0.00952307
283.3	0.00954664
283.4	0.00957144
283.5	0.00959414
283.6	0.00961621
283.7	0.00963894
283.8	0.00966655
283.9	0.00969758
284	0.00972867
284.1	0.00975462
284.2	0.00978242
284.3	0.00980636
284.4	0.00982811
284.5	0.00984861
284.6	0.00986797
284.7	0.00988795
284.8	0.00991066
284.9	0.00993512
285	0.00996117
285.1	0.00999018
285.2	0.0100186
285.3	0.0100525
285.4	0.0100862
285.5	0.010122
285.6	0.0101515
285.7	0.010179
285.8	0.0102065
285.9	0.0102361
286	0.010266
286.1	0.0102928
286.2	0.0103187
286.3	0.0103501
286.4	0.0103836
286.5	0.0104161
286.6	0.0104512
286.7	0.010483
286.8	0.0105101
286.9	0.0105336
287	0.0105559
287.1	0.0105814
287.2	0.0106075
287.3	0.010639
287.4	0.0106738
287.5	0.0107103
287.6	0.0107495
287.7	0.0107858
287.8	0.0108207
287.9	0.0108565
288	0.0108885
288.1	0.0109169
288.2	0.0109428
288.3	0.0109683
288.4	0.0109946
288.5	0.0110238
288.6	0.011058
288.7	0.0110916
288.8	0.0111265
288.9	0.0111613
289	0.0111898
289.1	0.0112139
289.2	0.0112374
289.3	0.0112596
289.4	0.0112809
289.5	0.0112998
289.6	0.0113193
289.7	0.0113386
289.8	0.0113551
289.9	0.0113707
290	0.0113844
290.1	0.0114011
290.2	0.0114183
290.3	0.0114332
290.4	0.0114474
290.5	0.0114606
290.6	0.0114729
290.7	0.0114854
290.8	0.0114974
290.9	0.0115139
291	0.0115318
291.1	0.0115547
291.2	0.0115787
291.3	0.0116013
291.4	0.0116219
291.5	0.0116429
291.6	0.0116657
291.7	0.0116895
291.8	0.0117168
291.9	0.0117434
292	0.0117695
292.1	0.0117958
292.2	0.0118218
292.3	0.0118441
292.4	0.0118652
292.5	0.0118868
292.6	0.0119105
292.7	0.0119308
292.8	0.0119529
292.9	0.0119769
293	0.0119975
293.1	0.0120176
293.2	0.0120389
293.3	0.0120573
293.4	0.0120764
293.5	0.0120945
293.6	0.0121128
293.7	0.0121308
293.8	0.0121473
293.9	0.0121603
294	0.0121755
294.1	0.0121873
294.2	0.0121975
294.3	0.0122087
294.4	0.0122209
294.5	0.0122303
294.6	0.0122374
294.7	0.0122465
294.8	0.0122586
294.9	0.0122783
295	0.0122996
295.1	0.012321
295.2	0.0123424
295.3	0.0123642
295.4	0.0123853
295.5	0.0123998
295.6	0.0124097
295.7	0.0124188
295.8	0.0124325
295.9	0.0124507
296	0.0124648
296.1	0.0124756
296.2	0.0124845
296.3	0.0124906
296.4	0.0124973
296.5	0.0125067
296.6	0.0125181
296.7	0.0125351
296.8	0.0125549
296.9	0.0125742
297	0.0125854
297.1	0.0125956
297.2	0.0126062
297.3	0.0126185
297.4	0.0126348
297.5	0.0126509
297.6	0.0126703
297.7	0.0126919
297.8	0.0127139
297.9	0.0127373
298	0.0127608
298.1	0.012782
298.2	0.0127985
298.3	0.0128081
298.4	0.0128142
298.5	0.0128147
298.6	0.0128145
298.7	0.0128146
298.8	0.0128193
298.9	0.0128261
299	0.0128328
299.1	0.0128373
299.2	0.0128358
299.3	0.0128364
299.4	0.0128391
299.5	0.0128382
299.6	0.0128364
299.7	0.0128378
299.8	0.0128385
299.9	0.0128411
300	0.0128428
300.1	0.0128454
300.2	0.0128463
300.3	0.0128456
300.4	0.0128494
300.5	0.0128557
300.6	0.0128664
300.7	0.0128821
300.8	0.0129004
300.9	0.012919
301	0.0129395
301.1	0.0129609
301.2	0.0129879
301.3	0.0130165
301.4	0.0130383
301.5	0.0130584
301.6	0.0130771
301.7	0.0130932
301.8	0.0131115
301.9	0.0131294
302	0.0131486
302.1	0.0131699
302.2	0.0131942
302.3	0.0132213
302.4	0.0132455
302.5	0.0132683
302.6	0.0132915
302.7	0.0133145
302.8	0.0133322
302.9	0.0133485
303	0.0133643
303.1	0.0133793
303.2	0.0133933
303.3	0.013403
303.4	0.0134101
303.5	0.0134087
303.6	0.0133999
303.7	0.013386
303.8	0.0133738
303.9	0.0133596
304	0.0133464
304.1	0.0133339
304.2	0.0133228
304.3	0.0133112
304.4	0.0132987
304.5	0.0132825
304.6	0.0132649
304.7	0.0132478
304.8	0.0132294
304.9	0.0132076
305	0.0131877
305.1	0.0131673
305.2	0.013145
305.3	0.0131187
305.4	0.0130951
305.5	0.0130774
305.6	0.0130632
305.7	0.0130487
305.8	0.0130366
305.9	0.0130268
306	0.0130167
306.1	0.0130077
306.2	0.0130022
306.3	0.0129932
306.4	0.0129823
306.5	0.0129707
306.6	0.0129552
306.7	0.012938
306.8	0.0129209
306.9	0.0129032
307	0.012886
307.1	0.0128712
307.2	0.0128559
307.3	0.0128451
307.4	0.0128367
307.5	0.0128259
307.6	0.0128141
307.7	0.0127973
307.8	0.0127789
307.9	0.0127623
308	0.0127403
308.1	0.0127151
308.2	0.0126925
308.3	0.012674
308.4	0.012654
308.5	0.0126334
308.6	0.012614
308.7	0.0125949
308.8	0.0125822
308.9	0.012576
309	0.0125751
309.1	0.0125801
309.2	0.012588
309.3	0.0126003
309.4	0.0126121
309.5	0.01263
309.6	0.0126446
309.7	0.0126556
309.8	0.0126685
309.9	0.0126779
310	0.0126846
310.1	0.0126882
310.2	0.0126906
310.3	0.012691
310.4	0.0126901
310.5	0.0126853
310.6	0.0126752
310.7	0.0126588
310.8	0.0126365
310.9	0.01261
311	0.0125855
311.1	0.0125662
311.2	0.0125487
311.3	0.0125317
311.4	0.0125132
311.5	0.0124946
311.6	0.01248
311.7	0.0124699
311.8	0.012461
311.9	0.0124527
312	0.0124436
312.1	0.0124327
312.2	0.0124157
312.3	0.0123978
312.4	0.0123828
312.5	0.012368
312.6	0.0123529
312.7	0.0123343
312.8	0.0123085
312.9	0.0122808
313	0.0122537
313.1	0.0122208
313.2	0.0121839
313.3	0.0121416
313.4	0.0120932
313.5	0.0120463
313.6	0.0120025
313.7	0.0119565
313.8	0.011906
313.9	0.0118545
314	0.0118042
314.1	0.0117541
314.2	0.0117074
314.3	0.0116646
314.4	0.0116217
314.5	0.0115795
314.6	0.0115406
314.7	0.0114975
314.8	0.0114509
314.9	0.0114064
315	0.011366
315.1	0.0113303
315.2	0.0112935
315.3	0.0112554
315.4	0.011219
315.5	0.011183
315.6	0.0111452
315.7	0.0111055
315.8	0.0110597
315.9	0.0110116
316	0.0109611
316.1	0.0109125
316.2	0.0108647
316.3	0.0108133
316.4	0.010757
316.5	0.0106982
316.6	0.010639
316.7	0.0105813
316.8	0.0105265
316.9	0.0104718
317	0.0104154
317.1	0.0103568
317.2	0.0102986
317.3	0.0102444
317.4	0.010191
317.5	0.0101458
317.6	0.0100996
317.7	0.0100526
317.8	0.0100081
317.9	0.00996668
318	0.00992309
318.1	0.00987911
318.2	0.00983778
318.3	0.00979788
318.4	0.00975897
318.5	0.00971726
318.6	0.00967795
318.7	0.00964002
318.8	0.00960196
318.9	0.00956329
319	0.0095316
319.1	0.009504
319.2	0.00947936
319.3	0.00945816
319.4	0.00944023
319.5	0.00942453
319.6	0.0094173
319.7	0.0094157
319.8	0.00941495
319.9	0.00941309
320	0.0094119
320.1	0.00941122
320.2	0.00941418
320.3	0.00941876
320.4	0.00941995
320.5	0.00941532
320.6	0.00940637
320.7	0.00939704
320.8	0.00938535
320.9	0.00937134
321	0.00935959
321.1	0.00934577
321.2	0.00933366
321.3	0.00932251
321.4	0.0093138
321.5	0.00930628
321.6	0.00929791
321.7	0.00929014
321.8	0.00928102
321.9	0.009269
322	0.0092574
322.1	0.00924348
322.2	0.00922607
322.3	0.00920628
322.4	0.00918652
322.5	0.00916982
322.6	0.009156
322.7	0.00914729
322.8	0.00914055
322.9	0.00913905
323	0.00913922
323.1	0.0091368
323.2	0.00912935
323.3	0.00911927
323.4	0.00910811
323.5	0.00909961
323.6	0.00908929
323.7	0.0090724
323.8	0.00905431
323.9	0.00903343
324	0.00901999
324.1	0.00901015
324.2	0.00900236
324.3	0.00899783
324.4	0.00898854
324.5	0.00897866
324.6	0.0089764
324.7	0.00898199
324.8	0.00899066
324.9	0.00900258
325	0.00901594
325.1	0.00903073
325.2	0.00904785
325.3	0.00906654
325.4	0.0090874
325.5	0.00910695
325.6	0.00912364
325.7	0.00913376
325.8	0.00913639
325.9	0.00913772
326	0.00913876
326.1	0.00914218
326.2	0.00914446
326.3	0.00915135
326.4	0.00916382
326.5	0.00917674
326.6	0.00918471
326.7	0.00918552
326.8	0.00918382
326.9	0.00918397
327	0.00918197
327.1	0.00917389
327.2	0.00916412
327.3	0.00915522
327.4	0.00915211
327.5	0.00915091
327.6	0.00915306
327.7	0.00915628
327.8	0.00915869
327.9	0.00915958
328	0.00915826
328.1	0.0091626
328.2	0.00916773
328.3	0.00916866
328.4	0.00916502
328.5	0.00916051
328.6	0.00915106
328.7	0.00913799
328.8	0.00912917
328.9	0.00912334
329	0.009116
329.1	0.00910808
329.2	0.0090992
329.3	0.00909403
329.4	0.00908757
329.5	0.00908142
329.6	0.00907931
329.7	0.00907891
329.8	0.00907762
329.9	0.00907503
330	0.00907242
330.1	0.00907203
330.2	0.00907122
330.3	0.00907296
330.4	0.00907409
330.5	0.00906807
330.6	0.00905568
330.7	0.00904195
330.8	0.00902531
330.9	0.00901006
331	0.00899579
331.1	0.00898189
331.2	0.0089677
331.3	0.0089505
331.4	0.00893784
331.5	0.00892545
331.6	0.00891143
331.7	0.00889723
331.8	0.00888264
331.9	0.00886521
332	0.00884149
332.1	0.00881436
332.2	0.00878362
332.3	0.00875753
332.4	0.00873074
332.5	0.00870087
332.6	0.00867274
332.7	0.00864136
332.8	0.00860828
332.9	0.00857176
333	0.00852871
333.1	0.00847987
333.2	0.00842996
333.3	0.00837929
333.4	0.00832998
333.5	0.00828328
333.6	0.00823748
333.7	0.00819279
333.8	0.00814378
333.9	0.00809174
334	0.0080395
334.1	0.00798787
334.2	0.00793563
334.3	0.00788464
334.4	0.00783519
334.5	0.00778906
334.6	0.00773853
334.7	0.00768783
334.8	0.00763541
334.9	0.00758518
335	0.00754126
335.1	0.00750138
335.2	0.00746076
335.3	0.00742058
335.4	0.00738212
335.5	0.00734425
335.6	0.00730491
335.7	0.00726726
335.8	0.0072325
335.9	0.00719724
336	0.00716147
336.1	0.00712779
336.2	0.00709995
336.3	0.00707914
336.4	0.00705281
336.5	0.00702277
336.6	0.00698687
336.7	0.00694637
336.8	0.00690311
336.9	0.00686369
337	0.00682614
337.1	0.00679237
337.2	0.00676355
337.3	0.00673579
337.4	0.00670245
337.5	0.00666956
337.6	0.0066379
337.7	0.00660725
337.8	0.00657848
337.9	0.0065506
338	0.00652275
338.1	0.00649559
338.2	0.00647111
338.3	0.0064476
338.4	0.00642511
338.5	0.0064024
338.6	0.00637885
338.7	0.00635412
338.8	0.00633313
338.9	0.00630808
339	0.0062879
339.1	0.00626736
339.2	0.00624277
339.3	0.00621343
339.4	0.00618096
339.5	0.00614489
339.6	0.00611328
339.7	0.00607962
339.8	0.00604522
339.9	0.00601159
340	0.0059775
340.1	0.0059418
340.2	0.00590766
340.3	0.00587563
340.4	0.00584479
340.5	0.00581072
340.6	0.0057741
340.7	0.00573796
340.8	0.00570477
340.9	0.0056703
341	0.00562923
341.1	0.00558408
341.2	0.00553605
341.3	0.00548043
341.4	0.0054224
341.5	0.00536577
341.6	0.00530903
341.7	0.00525573
341.8	0.00520488
341.9	0.00515321
342	0.00510385
342.1	0.00505868
342.2	0.00501541
342.3	0.00497462
342.4	0.00493482
342.5	0.00489985
342.6	0.00486885
342.7	0.00483791
342.8	0.00479844
342.9	0.00475493
343	0.00470689
343.1	0.00465673
343.2	0.00460063
343.3	0.0045415
343.4	0.00448203
343.5	0.00442223
343.6	0.00436332
343.7	0.00430551
343.8	0.0042438
343.9	0.00418151
344	0.00411681
344.1	0.0040481
344.2	0.00398132
344.3	0.00391617
344.4	0.00385527
344.5	0.00380256
344.6	0.00374575
344.7	0.00368798
344.8	0.00362639
344.9	0.00356547
345	0.00350618
345.1	0.0034516
345.2	0.00339977
345.3	0.00334968
345.4	0.00330126
345.5	0.00325547
345.6	0.00320992
345.7	0.00316679
345.8	0.00311994
345.9	0.00307276
346	0.00302805
346.1	0.00298504
346.2	0.0029408
346.3	0.00289462
346.4	0.00284666
346.5	0.00280331
346.6	0.00276269
346.7	0.00272361
346.8	0.00268133
346.9	0.00263915
347	0.00259748
347.1	0.0025572
347.2	0.00251896
347.3	0.00248343
347.4	0.00244394
347.5	0.00239769
347.6	0.00234501
347.7	0.00228307
347.8	0.00222272
347.9	0.00216417
348	0.00210828
348.1	0.00204998
348.2	0.00199268
348.3	0.00193682
348.4	0.00188037
348.5	0.00182258
348.6	0.00176594
348.7	0.00170878
348.8	0.00165263
348.9	0.00160164
349	0.00155186
349.1	0.00150447
349.2	0.0014552
349.3	0.0014077
349.4	0.00135937
349.5	0.00130586
349.6	0.00125525
349.7	0.00120409
349.8	0.00115203
349.9	0.00109842
350	0.00104924
350.1	0.00100376
350.2	0.000957982
350.3	0.000911775
350.4	0.000862696
350.5	0.000806593
350.6	0.000749136
350.7	0.000687216
350.8	0.000618877
350.9	0.000547515
351	0.000468058
351.1	0.000387148
351.2	0.000308366
351.3	0.00023409
351.4	0.000162885
351.5	9.28215e-05
351.6	2.13154e-05
351.7	-4.90678e-05
351.8	-0.000121568
351.9	-0.00019825
352	-0.000273656
352.1	-0.000345351
352.2	-0.000405243
352.3	-0.000462932
352.4	-0.000522105
352.5	-0.000582515
352.6	-0.000643296
352.7	-0.000702927
352.8	-0.000760252
352.9	-0.000820613
353	-0.00088378
353.1	-0.000943777
353.2	-0.00100268
353.3	-0.00106263
353.4	-0.0011189
353.5	-0.00116973
353.6	-0.00122324
353.7	-0.00127888
353.8	-0.00133004
353.9	-0.00137982
354	-0.00143325
354.1	-0.00148826
354.2	-0.00154117
354.3	-0.00158814
354.4	-0.00163428
354.5	-0.00167584
354.6	-0.00171587
354.7	-0.00175973
354.8	-0.0018033
354.9	-0.00184596
355	-0.00188605
355.1	-0.00192277
355.2	-0.00196238
355.3	-0.00200327
355.4	-0.00204925
355.5	-0.00209791
355.6	-0.00214648
355.7	-0.00219644
355.8	-0.00224618
355.9	-0.00229924
356	-0.00235498
356.1	-0.00241238
356.2	-0.00247381
356.3	-0.00253395
356.4	-0.00258873
356.5	-0.00263531
356.6	-0.00268527
356.7	-0.00273613
356.8	-0.00279109
356.9	-0.0028443
357	-0.00288971
357.1	-0.00292759
357.2	-0.00295748
357.3	-0.00298698
357.4	-0.00301532
357.5	-0.00304205
357.6	-0.00306433
357.7	-0.00308681
357.8	-0.00311542
357.9	-0.00315044
358	-0.00318624
358.1	-0.00322219
358.2	-0.0032619
358.3	-0.0033129
358.4	-0.00336462
358.5	-0.00341189
358.6	-0.00345854
358.7	-0.00350891
358.8	-0.00356028
358.9	-0.00361012
359	-0.00366158
359.1	-0.00371343
359.2	-0.00376384
359.3	-0.00381524
359.4	-0.00387024
359.5	-0.00392431
359.6	-0.00397687
359.7	-0.00402834
359.8	-0.00407981
359.9	-0.00413174
360	-0.00418433
360.1	-0.00423513
360.2	-0.00428555
360.3	-0.00433771
360.4	-0.00439036
360.5	-0.00444444
360.6	-0.00449879
360.7	-0.00455783
360.8	-0.00461273
360.9	-0.00466832
361	-0.00472375
361.1	-0.00477504
361.2	-0.0048226
361.3	-0.00486889
361.4	-0.00491346
361.5	-0.00495287
361.6	-0.00499492
361.7	-0.00504407
361.8	-0.00509177
361.9	-0.00513878
362	-0.00518471
362.1	-0.0052336
362.2	-0.00528104
362.3	-0.00532867
362.4	-0.00537498
362.5	-0.00542425
362.6	-0.0054739
362.7	-0.00552509
362.8	-0.00557816
362.9	-0.00562989
363	-0.0056733
363.1	-0.00571347
363.2	-0.0057508
363.3	-0.00578783
363.4	-0.00582649
363.5	-0.00586333
363.6	-0.00589968
363.7	-0.00593307
363.8	-0.00597127
363.9	-0.00601009
364	-0.00604709
364.1	-0.00607965
364.2	-0.00611182
364.3	-0.00614477
364.4	-0.00618125
364.5	-0.0062135
364.6	-0.00624239
364.7	-0.00626953
364.8	-0.00629775
364.9	-0.00633051
365	-0.00636369
365.1	-0.00639591
365.2	-0.00642967
365.3	-0.00646766
365.4	-0.00650532
365.5	-0.00654631
365.6	-0.00658847
365.7	-0.00663177
365.8	-0.00667063
365.9	-0.0067019
366	-0.00672673
366.1	-0.00674878
366.2	-0.00676744
366.3	-0.00678745
366.4	-0.00680715
366.5	-0.00682271
366.6	-0.00683926
366.7	-0.00685461
366.8	-0.00686841
366.9	-0.00688096
367	-0.00689358
367.1	-0.00690869
367.2	-0.00692382
367.3	-0.00693683
367.4	-0.00694555
367.5	-0.00694961
367.6	-0.00694896
367.7	-0.0069503
367.8	-0.00695487
367.9	-0.00696232
368	-0.00697303
368.1	-0.00698323
368.2	-0.00699537
368.3	-0.00700951
368.4	-0.00702642
368.5	-0.00704217
368.6	-0.00706085
368.7	-0.00707968
368.8	-0.00709227
368.9	-0.0071021
369	-0.00710585
369.1	-0.00710963
369.2	-0.00711688
369.3	-0.00712251
369.4	-0.00712526
369.5	-0.00712965
369.6	-0.00713713
369.7	-0.00714637
369.8	-0.00715682
369.9	-0.00717163
370	-0.00718996
370.1	-0.00720518
370.2	-0.00722072
370.3	-0.00723814
370.4	-0.00725311
370.5	-0.00726738
370.6	-0.00728547
370.7	-0.00730807
370.8	-0.00733366
370.9	-0.00736419
371	-0.0073958
371.1	-0.00742624
371.2	-0.00745621
371.3	-0.00748994
371.4	-0.00752378
371.5	-0.00756093
371.6	-0.00759765
371.7	-0.0076331
371.8	-0.00766573
371.9	-0.00770287
372	-0.00774775
372.1	-0.0077911
372.2	-0.00783985
372.3	-0.0078876
372.4	-0.00793542
372.5	-0.00798665
372.6	-0.00804189
372.7	-0.00809193
372.8	-0.00813687
372.9	-0.00818238
373	-0.00823015
373.1	-0.00828128
373.2	-0.00833649
373.3	-0.0083917
373.4	-0.00844635
373.5	-0.00849757
373.6	-0.00854464
373.7	-0.0085911
373.8	-0.0086378
373.9	-0.00868499
374	-0.00873138
374.1	-0.00877815
374.2	-0.00881906
374.3	-0.00885119
374.4	-0.00887301
374.5	-0.00889337
374.6	-0.00891415
374.7	-0.00892946
374.8	-0.00894829
374.9	-0.00897318
375	-0.00900167
375.1	-0.00902984
375.2	-0.00906074
375.3	-0.00909057
375.4	-0.00911922
375.5	-0.00914974
375.6	-0.00918408
375.7	-0.00922238
375.8	-0.00926897
375.9	-0.00931757
376	-0.0093638
376.1	-0.00940628
376.2	-0.00944646
376.3	-0.00949423
376.4	-0.00954463
376.5	-0.00959943
376.6	-0.00965544
376.7	-0.00971336
376.8	-0.00976569
376.9	-0.00981786
377	-0.00987178
377.1	-0.00992071
377.2	-0.00996833
377.3	-0.0100192
377.4	-0.0100721
377.5	-0.0101231
377.6	-0.0101733
377.7	-0.0102184
377.8	-0.01026
377.9	-0.0103051
378	-0.0103523
378.1	-0.0104033
378.2	-0.010457
378.3	-0.0105129
378.4	-0.0105708
378.5	-0.0106349
378.6	-0.0107033
378.7	-0.010775
378.8	-0.0108465
378.9	-0.0109149
379	-0.0109805
379.1	-0.0110439
379.2	-0.0111044
379.3	-0.0111603
379.4	-0.0112082
379.5	-0.0112512
379.6	-0.011287
379.7	-0.0113203
379.8	-0.0113481
379.9	-0.0113743
380	-0.0114079
380.1	-0.0114449
380.2	-0.011484
380.3	-0.0115206
380.4	-0.0115512
380.5	-0.0115832
380.6	-0.0116178
380.7	-0.0116478
380.8	-0.0116693
380.9	-0.0116892
381	-0.0117093
381.1	-0.0117315
381.2	-0.0117549
381.3	-0.0117749
381.4	-0.0117977
381.5	-0.0118206
381.6	-0.0118383
381.7	-0.0118506
381.8	-0.0118583
381.9	-0.0118625
382	-0.0118637
382.1	-0.0118638
382.2	-0.0118641
382.3	-0.0118645
382.4	-0.0118661
382.5	-0.0118687
382.6	-0.0118737
382.7	-0.0118783
382.8	-0.0118845
382.9	-0.0118959
383	-0.0119065
383.1	-0.0119153
383.2	-0.0119264
383.3	-0.0119416
383.4	-0.0119573
383.5	-0.0119754
383.6	-0.0119915
383.7	-0.0120042
383.8	-0.0120118
383.9	-0.0120185
384	-0.0120262
384.1	-0.0120376
384.2	-0.0120505
384.3	-0.012062
384.4	-0.0120731
384.5	-0.0120839
384.6	-0.0120963
384.7	-0.0121045
384.8	-0.0121082
384.9	-0.0121099
385	-0.0121113
385.1	-0.0121126
385.2	-0.0121124
385.3	-0.0121089
385.4	-0.0121038
385.5	-0.0120937
385.6	-0.0120812
385.7	-0.0120699
385.8	-0.0120553
385.9	-0.0120455
386	-0.0120356
386.1	-0.0120265
386.2	-0.0120162
386.3	-0.0120087
386.4	-0.0120068
386.5	-0.0120064
386.6	-0.0120047
386.7	-0.0120026
386.8	-0.0119991
386.9	-0.0119965
387	-0.0119938
387.1	-0.011987
387.2	-0.0119804
387.3	-0.0119728
387.4	-0.011965
387.5	-0.0119532
387.6	-0.0119478
387.7	-0.0119466
387.8	-0.011945
387.9	-0.0119427
388	-0.0119455
388.1	-0.011948
388.2	-0.0119513
388.3	-0.0119527
388.4	-0.011955
388.5	-0.0119593
388.6	-0.0119652
388.7	-0.0119706
388.8	-0.0119716
388.9	-0.0119709
389	-0.0119652
389.1	-0.0119594
389.2	-0.0119557
389.3	-0.0119535
389.4	-0.0119495
389.5	-0.0119483
389.6	-0.0119445
389.7	-0.0119395
389.8	-0.0119351
389.9	-0.0119295
390	-0.0119238
390.1	-0.0119195
390.2	-0.0119169
390.3	-0.011913
390.4	-0.0119124
390.5	-0.0119194
390.6	-0.0119267
390.7	-0.0119347
390.8	-0.0119429
390.9	-0.0119524
391	-0.0119596
391.1	-0.0119621
391.2	-0.0119596
391.3	-0.0119573
391.4	-0.0119558
391.5	-0.0119514
391.6	-0.0119367
391.7	-0.0119212
391.8	-0.011906
391.9	-0.0118892
392	-0.0118755
392.1	-0.0118662
392.2	-0.0118551
392.3	-0.011843
392.4	-0.0118298
392.5	-0.0118162
392.6	-0.0118051
392.7	-0.0117931
392.8	-0.0117797
392.9	-0.0117658
393	-0.011754
393.1	-0.0117481
393.2	-0.0117484
393.3	-0.0117481
393.4	-0.0117472
393.5	-0.0117521
393.6	-0.0117646
393.7	-0.0117807
393.8	-0.0118058
393.9	-0.0118352
394	-0.0118687
394.1	-0.0118986
394.2	-0.0119283
394.3	-0.0119622
394.4	-0.0120007
394.5	-0.0120425
394.6	-0.0120826
394.7	-0.0121187
394.8	-0.0121521
394.9	-0.0121855
395	-0.0122161
395.1	-0.0122407
395.2	-0.0122617
395.3	-0.0122756
395.4	-0.012285
395.5	-0.0122875
395.6	-0.0122812
395.7	-0.0122685
395.8	-0.0122606
395.9	-0.0122523
396	-0.0122398
396.1	-0.0122243
396.2	-0.0122122
396.3	-0.0122086
396.4	-0.0122118
396.5	-0.0122123
396.6	-0.0122134
396.7	-0.0122078
396.8	-0.0122013
396.9	-0.0121996
397	-0.0122011
397.1	-0.0122039
397.2	-0.0122046
397.3	-0.012207
397.4	-0.0122087
397.5	-0.012206
397.6	-0.012201
397.7	-0.0121931
397.8	-0.0121838
397.9	-0.012173
398	-0.0121616
398.1	-0.0121482
398.2	-0.0121363
398.3	-0.012126
398.4	-0.0121205
398.5	-0.0121174
398.6	-0.012114
398.7	-0.0121071
398.8	-0.0121016
398.9	-0.0120915
399	-0.012076
399.1	-0.0120582
399.2	-0.0120402
399.3	-0.0120292
399.4	-0.0120221
399.5	-0.0120184
399.6	-0.0120151
399.7	-0.0120118
399.8	-0.0120077
399.9	-0.012006
400	-0.0120085
400.1	-0.0120145
400.2	-0.0120222
400.3	-0.0120296
400.4	-0.0120388
400.5	-0.0120507
400.6	-0.0120642
400.7	-0.0120754
400.8	-0.012087
400.9	-0.0120975
401	-0.0121089
401.1	-0.0121221
401.2	-0.012139
401.3	-0.0121574
401.4	-0.0121776
401.5	-0.0121965
401.6	-0.0122143
401.7	-0.0122302
401.8	-0.012241
401.9	-0.0122475
402	-0.0122518
402.1	-0.0122543
402.2	-0.0122596
402.3	-0.0122656
402.4	-0.0122675
402.5	-0.0122668
402.6	-0.0122709
402.7	-0.012279
402.8	-0.0122865
402.9	-0.0122937
403	-0.0123059
403.1	-0.0123187
403.2	-0.0123299
403.3	-0.0123405
403.4	-0.0123493
403.5	-0.0123589
403.6	-0.0123695
403.7	-0.0123818
403.8	-0.0123931
403.9	-0.0124062
404	-0.012422
404.1	-0.0124341
404.2	-0.0124361
404.3	-0.0124327
404.4	-0.0124296
404.5	-0.0124332
404.6	-0.0124379
404.7	-0.0124418
404.8	-0.0124451
404.9	-0.012446
405	-0.0124498
405.1	-0.0124564
405.2	-0.0124635
405.3	-0.01247
405.4	-0.0124799
405.5	-0.0124972
405.6	-0.0125157
405.7	-0.012533
405.8	-0.0125486
405.9	-0.0125586
406	-0.01257
406.1	-0.0125793
406.2	-0.0125865
406.3	-0.0125911
406.4	-0.0125987
406.5	-0.0126122
406.6	-0.0126279
406.7	-0.0126438
406.8	-0.0126593
406.9	-0.0126682
407	-0.012676
407.1	-0.0126875
407.2	-0.0126979
407.3	-0.012704
407.4	-0.0127051
407.5	-0.0126987
407.6	-0.0126877
407.7	-0.0126701
407.8	-0.0126482
407.9	-0.0126254
408	-0.0126071
408.1	-0.0125937
408.2	-0.0125872
408.3	-0.0125814
408.4	-0.0125769
408.5	-0.0125733
408.6	-0.0125687
408.7	-0.0125606
408.8	-0.0125517
408.9	-0.0125429
409	-0.0125362
409.1	-0.0125272
409.2	-0.0125187
409.3	-0.0125095
409.4	-0.012502
409.5	-0.0124915
409.6	-0.0124812
409.7	-0.012475
409.8	-0.012475
409.9	-0.0124749
410	-0.0124714
410.1	-0.0124703
410.2	-0.0124799
410.3	-0.0124975
410.4	-0.0125185
410.5	-0.0125402
410.6	-0.0125592
410.7	-0.012575
410.8	-0.0125905
410.9	-0.0126063
411	-0.012624
411.1	-0.0126504
411.2	-0.0126736
411.3	-0.012693
411.4	-0.0127096
411.5	-0.0127305
411.6	-0.0127558
411.7	-0.0127857
411.8	-0.0128217
411.9	-0.0128584
412	-0.0128916
412.1	-0.0129221
412.2	-0.0129468
412.3	-0.0129689
412.4	-0.0129896
412.5	-0.0130036
412.6	-0.0130144
412.7	-0.013023
412.8	-0.0130344
412.9	-0.0130443
413	-0.0130535
413.1	-0.0130658
413.2	-0.0130769
413.3	-0.0130857
413.4	-0.0130971
413.5	-0.0131136
413.6	-0.013138
413.7	-0.0131634
413.8	-0.0131851
413.9	-0.0132084
414	-0.0132349
414.1	-0.0132559
414.2	-0.0132735
414.3	-0.0132876
414.4	-0.0132994
414.5	-0.0133106
414.6	-0.013316
414.7	-0.0133142
414.8	-0.0133113
414.9	-0.0133093
415	-0.0133072
415.1	-0.0133041
415.2	-0.013299
415.3	-0.0132904
415.4	-0.0132805
415.5	-0.0132721
415.6	-0.0132664
415.7	-0.0132614
415.8	-0.0132552
415.9	-0.0132479
416	-0.0132424
416.1	-0.0132402
416.2	-0.01324
416.3	-0.0132367
416.4	-0.0132342
416.5	-0.0132287
416.6	-0.0132241
416.7	-0.0132173
416.8	-0.0132103
416.9	-0.0132008
417	-0.0131962
417.1	-0.0131965
417.2	-0.0132018
417.3	-0.0132121
417.4	-0.0132197
417.5	-0.0132294
417.6	-0.0132366
417.7	-0.0132425
417.8	-0.0132481
417.9	-0.0132555
418	-0.0132621
418.1	-0.0132665
418.2	-0.0132667
418.3	-0.0132641
418.4	-0.0132514
418.5	-0.0132385
418.6	-0.0132309
418.7	-0.0132218
418.8	-0.0132138
418.9	-0.0132087
419	-0.0131984
419.1	-0.0131849
419.2	-0.0131751
419.3	-0.0131688
419.4	-0.013168
419.5	-0.0131662
419.6	-0.0131614
419.7	-0.0131572
419.8	-0.0131558
419.9	-0.0131532
420	-0.0131519
420.1	-0.013149
420.2	-0.0131453
420.3	-0.0131417
420.4	-0.0131407
420.5	-0.0131362
420.6	-0.0131311
420.7	-0.0131271
420.8	-0.0131254
420.9	-0.0131201
421	-0.0131127
421.1	-0.0131042
421.2	-0.0130976
421.3	-0.0130898
421.4	-0.0130809
421.5	-0.013069
421.6	-0.0130534
421.7	-0.0130338
421.8	-0.0130118
421.9	-0.0129894
422	-0.012965
422.1	-0.012935
422.2	-0.0129016
422.3	-0.012868
422.4	-0.0128346
422.5	-0.0128031
422.6	-0.0127733
422.7	-0.0127434
422.8	-0.0127077
422.9	-0.012668
423	-0.0126207
423.1	-0.0125718
423.2	-0.0125241
423.3	-0.0124769
423.4	-0.0124293
423.5	-0.0123814
423.6	-0.0123312
423.7	-0.0122801
423.8	-0.012228
423.9	-0.012176
424	-0.0121245
424.1	-0.0120747
424.2	-0.0120237
424.3	-0.0119712
424.4	-0.0119194
424.5	-0.0118662
424.6	-0.0118146
424.7	-0.0117603
424.8	-0.0117065
424.9	-0.0116513
425	-0.0115957
425.1	-0.0115368
425.2	-0.0114761
425.3	-0.0114127
425.4	-0.0113483
425.5	-0.0112831
425.6	-0.0112123
425.7	-0.0111421
425.8	-0.0110695
425.9	-0.0109938
426	-0.0109144
426.1	-0.0108355
426.2	-0.0107527
426.3	-0.0106629
426.4	-0.0105719
426.5	-0.0104801
426.6	-0.0103929
426.7	-0.0103095
426.8	-0.0102249
426.9	-0.0101388
427	-0.0100523
427.1	-0.0099668
427.2	-0.0098802
427.3	-0.0097908
427.4	-0.00969888
427.5	-0.00960408
427.6	-0.00950476
427.7	-0.0094015
427.8	-0.00929658
427.9	-0.00918926
428	-0.00908211
428.1	-0.00897745
428.2	-0.0088739
428.3	-0.00877425
428.4	-0.00867583
428.5	-0.00857556
428.6	-0.00847876
428.7	-0.0083794
428.8	-0.00827887
428.9	-0.00817866
429	-0.00807976
429.1	-0.00797969
429.2	-0.00787665
429.3	-0.00777011
429.4	-0.00766462
429.5	-0.00756063
429.6	-0.00745538
429.7	-0.00734874
429.8	-0.0072389
429.9	-0.00712197
430	-0.00699586
430.1	-0.00686752
430.2	-0.00673388
430.3	-0.00659803
430.4	-0.00646509
430.5	-0.00633807
430.6	-0.00621694
430.7	-0.00609987
430.8	-0.00598568
430.9	-0.00587246
431	-0.00576114
431.1	-0.00565297
431.2	-0.00554367
431.3	-0.00543344
431.4	-0.00532222
431.5	-0.00521285
431.6	-0.00510599
431.7	-0.00500213
431.8	-0.00489872
431.9	-0.00479519
432	-0.00469422
432.1	-0.00459313
432.2	-0.00449149
432.3	-0.00439427
432.4	-0.00430026
432.5	-0.0042036
432.6	-0.00410769
432.7	-0.00401315
432.8	-0.00391959
432.9	-0.00381977
433	-0.00371878
433.1	-0.00362245
433.2	-0.00352539
433.3	-0.00342972
433.4	-0.00333223
433.5	-0.00323909
433.6	-0.00314659
433.7	-0.00305749
433.8	-0.00297673
433.9	-0.00289997
434	-0.00282612
434.1	-0.00274939
434.2	-0.00267136
434.3	-0.00259141
434.4	-0.00251345
434.5	-0.00244027
434.6	-0.00237054
434.7	-0.00230397
434.8	-0.00223505
434.9	-0.00216305
435	-0.00208917
435.1	-0.00202124
435.2	-0.00195839
435.3	-0.0018927
435.4	-0.00182816
435.5	-0.00176343
435.6	-0.00169394
435.7	-0.00162153
435.8	-0.00154872
435.9	-0.0014792
436	-0.00140915
436.1	-0.00133743
436.2	-0.00126489
436.3	-0.00118665
436.4	-0.00111019
436.5	-0.00103322
436.6	-0.000960422
436.7	-0.000889085
436.8	-0.000817957
436.9	-0.000745632
437	-0.000678331
437.1	-0.000611894
437.2	-0.000548383
437.3	-0.000488027
437.4	-0.000429293
437.5	-0.000370169
437.6	-0.000311074
437.7	-0.00025156
437.8	-0.000192758
437.9	-0.000132149
438	-6.83095e-05
438.1	-1.69666e-06
438.2	6.73856e-05
438.3	0.000136869
438.4	0.000207825
438.5	0.000277183
438.6	0.000344047
438.7	0.000412753
438.8	0.000483397
438.9	0.000551543
439	0.000622181
439.1	0.000692233
439.2	0.000765938
439.3	0.000845926
439.4	0.000929738
439.5	0.0010125
439.6	0.00110039
439.7	0.00119068
439.8	0.00128392
439.9	0.00138134
440	0.00148153
440.1	0.0015801
440.2	0.00167413
440.3	0.00176394
440.4	0.00185061
440.5	0.00194162
440.6	0.00203721
440.7	0.00213812
440.8	0.00224322
440.9	0.00235095
441	0.00246172
441.1	0.00257808
441.2	0.0026979
441.3	0.00281588
441.4	0.00292815
441.5	0.0030421
441.6	0.00316025
441.7	0.00327398
441.8	0.00338819
441.9	0.00350093
442	0.0036128
442.1	0.00371673
442.2	0.00381468
442.3	0.00390722
442.4	0.00399498
442.5	0.00407719
442.6	0.00416233
442.7	0.00425259
442.8	0.00434489
442.9	0.00443195
443	0.00451822
443.1	0.0046007
443.2	0.00468069
443.3	0.0047614
443.4	0.00484026
443.5	0.00491573
443.6	0.00499067
443.7	0.00506615
443.8	0.00514584
443.9	0.00522515
444	0.0053046
444.1	0.00538185
444.2	0.00545594
444.3	0.00552926
444.4	0.0056049
444.5	0.00568283
444.6	0.0057593
444.7	0.00583239
444.8	0.00590745
444.9	0.005981
445	0.00605239
445.1	0.00612409
445.2	0.00619365
445.3	0.00626712
445.4	0.00634474
445.5	0.00642076
445.6	0.00649439
445.7	0.00656653
445.8	0.00664232
445.9	0.00672498
446	0.00680638
446.1	0.0068871
446.2	0.00697434
446.3	0.00706425
446.4	0.0071505
446.5	0.00723963
446.6	0.00733328
446.7	0.00742789
446.8	0.00752494
446.9	0.00762727
447	0.00773213
447.1	0.00783755
447.2	0.00794161
447.3	0.00804254
447.4	0.00814098
447.5	0.00823816
447.6	0.00833765
447.7	0.00843967
447.8	0.00854307
447.9	0.00864287
448	0.0087415
448.1	0.00883958
448.2	0.00893651
448.3	0.0090377
448.4	0.00913651
448.5	0.00923625
448.6	0.0093347
448.7	0.00943334
448.8	0.00953569
448.9	0.00963752
449	0.0097405
449.1	0.00984268
449.2	0.00993912
449.3	0.0100365
449.4	0.0101358
449.5	0.0102353
449.6	0.0103362
449.7	0.0104392
449.8	0.0105427
449.9	0.0106487
450	0.0107562
450.1	0.0108673
450.2	0.0109738
450.3	0.0110843
450.4	0.0111942
450.5	0.0113018
450.6	0.0114072
450.7	0.011513
450.8	0.0116211
450.9	0.011734
451	0.011851
451.1	0.0119695
451.2	0.0120843
451.3	0.0121961
451.4	0.0123046
451.5	0.0124116
451.6	0.0125145
451.7	0.0126161
451.8	0.0127164
451.9	0.0128123
452	0.0129059
452.1	0.0129945
452.2	0.0130792
452.3	0.0131625
452.4	0.0132434
452.5	0.013319
452.6	0.0133927
452.7	0.0134705
452.8	0.0135475
452.9	0.0136243
453	0.0136983
453.1	0.0137691
453.2	0.0138389
453.3	0.0139135
453.4	0.0139883
453.5	0.0140636
453.6	0.0141432
453.7	0.014225
453.8	0.0143101
453.9	0.0143968
454	0.0144856
454.1	0.0145779
454.2	0.0146757
454.3	0.0147748
454.4	0.0148724
454.5	0.0149692
454.6	0.0150734
454.7	0.0151813
454.8	0.0152924
454.9	0.015398
455	0.0154975
455.1	0.0155886
455.2	0.0156674
455.3	0.0157436
455.4	0.0158215
455.5	0.0159008
455.6	0.0159826
455.7	0.0160681
455.8	0.0161521
455.9	0.0162334
456	0.0163164
456.1	0.0163986
456.2	0.0164806
456.3	0.0165601
456.4	0.0166393
456.5	0.0167168
456.6	0.0167943
456.7	0.0168735
456.8	0.0169497
456.9	0.0170261
457	0.0171034
457.1	0.0171781
457.2	0.0172459
457.3	0.0173116
457.4	0.0173741
457.5	0.0174374
457.6	0.0175004
457.7	0.0175622
457.8	0.0176241
457.9	0.0176791
458	0.0177335
458.1	0.0177888
458.2	0.0178405
458.3	0.0178864
458.4	0.0179259
458.5	0.0179656
458.6	0.0180132
458.7	0.0180602
458.8	0.0181051
458.9	0.018146
459	0.018184
459.1	0.0182212
459.2	0.0182618
459.3	0.0183024
459.4	0.0183417
459.5	0.018381
459.6	0.0184226
459.7	0.0184687
459.8	0.0185156
459.9	0.0185593
460	0.0186003
460.1	0.0186387
460.2	0.0186815
460.3	0.0187279
460.4	0.0187757
460.5	0.0188208
460.6	0.0188641
460.7	0.0189039
460.8	0.0189378
460.9	0.0189705
461	0.0190072
461.1	0.0190493
461.2	0.0190912
461.3	0.0191335
461.4	0.019179
461.5	0.0192223
461.6	0.0192676
461.7	0.019316
461.8	0.0193686
461.9	0.0194256
462	0.0194858
462.1	0.0195434
462.2	0.0196002
462.3	0.0196596
462.4	0.0197175
462.5	0.0197761
462.6	0.0198376
462.7	0.0198999
462.8	0.0199627
462.9	0.020029
463	0.0200982
463.1	0.0201642
463.2	0.0202279
463.3	0.020288
463.4	0.0203463
463.5	0.0204002
463.6	0.0204486
463.7	0.0204901
463.8	0.0205253
463.9	0.0205552
464	0.0205872
464.1	0.0206215
464.2	0.0206552
464.3	0.0206828
464.4	0.0207018
464.5	0.020715
464.6	0.0207292
464.7	0.0207346
464.8	0.0207325
464.9	0.0207283
465	0.0207198
465.1	0.0207037
465.2	0.0206901
465.3	0.0206711
465.4	0.0206509
465.5	0.0206314
465.6	0.0206125
465.7	0.0205957
465.8	0.0205842
465.9	0.0205711
466	0.0205568
466.1	0.0205388
466.2	0.020519
466.3	0.0204946
466.4	0.0204717
466.5	0.0204533
466.6	0.0204332
466.7	0.0204134
466.8	0.0203888
466.9	0.0203619
467	0.020335
467.1	0.0203073
467.2	0.0202829
467.3	0.0202588
467.4	0.0202305
467.5	0.0202047
467.6	0.0201751
467.7	0.0201476
467.8	0.0201198
467.9	0.0200852
468	0.0200514
468.1	0.0200164
468.2	0.0199801
468.3	0.0199437
468.4	0.0199076
468.5	0.0198706
468.6	0.0198312
468.7	0.019791
468.8	0.0197512
468.9	0.0197135
469	0.0196802
469.1	0.0196481
469.2	0.0196194
469.3	0.019595
469.4	0.0195745
469.5	0.0195517
469.6	0.0195301
469.7	0.0195052
469.8	0.0194774
469.9	0.0194519
470	0.0194278
470.1	0.0194046
470.2	0.0193811
470.3	0.0193606
470.4	0.0193463
470.5	0.0193363
470.6	0.0193273
470.7	0.0193158
470.8	0.0193016
470.9	0.0192835
471	0.019264
471.1	0.0192451
471.2	0.019229
471.3	0.0192116
471.4	0.0191961
471.5	0.0191768
471.6	0.0191568
471.7	0.019135
471.8	0.0191085
471.9	0.0190764
472	0.0190427
472.1	0.0190132
472.2	0.0189864
472.3	0.0189639
472.4	0.0189424
472.5	0.0189207
472.6	0.0188994
472.7	0.0188773
472.8	0.0188541
472.9	0.0188298
473	0.018805
473.1	0.0187786
473.2	0.018749
473.3	0.0187196
473.4	0.0186924
473.5	0.0186661
473.6	0.0186457
473.7	0.0186329
473.8	0.0186272
473.9	0.0186229
474	0.0186154
474.1	0.0186091
474.2	0.0186034
474.3	0.0185971
474.4	0.0185872
474.5	0.0185747
474.6	0.0185619
474.7	0.0185504
474.8	0.0185424
474.9	0.0185352
475	0.0185261
475.1	0.0185191
475.2	0.0185194
475.3	0.018517
475.4	0.018515
475.5	0.0185136
475.6	0.0185125
475.7	0.0185116
475.8	0.0185079
475.9	0.0185046
476	0.0185041
476.1	0.0185062
476.2	0.0185088
476.3	0.0185116
476.4	0.0185164
476.5	0.0185248
476.6	0.0185304
476.7	0.018534
476.8	0.0185353
476.9	0.0185378
477	0.0185401
477.1	0.0185415
477.2	0.018539
477.3	0.0185311
477.4	0.0185177
477.5	0.0184958
477.6	0.0184709
477.7	0.0184462
477.8	0.0184211
477.9	0.018395
478	0.0183644
478.1	0.0183298
478.2	0.0182856
478.3	0.018237
478.4	0.0181852
478.5	0.0181323
478.6	0.0180799
478.7	0.0180239
478.8	0.0179686
478.9	0.0179114
479	0.0178476
479.1	0.0177802
479.2	0.017714
479.3	0.0176509
479.4	0.0175929
479.5	0.0175412
479.6	0.017491
479.7	0.017442
479.8	0.0173929
479.9	0.0173435
480	0.0172894
480.1	0.0172364
480.2	0.0171859
480.3	0.0171349
480.4	0.0170826
480.5	0.0170299
480.6	0.0169754
480.7	0.0169185
480.8	0.0168661
480.9	0.0168164
481	0.0167691
481.1	0.016718
481.2	0.0166625
481.3	0.016604
481.4	0.0165462
481.5	0.0164874
481.6	0.0164286
481.7	0.0163719
481.8	0.0163174
481.9	0.0162633
482	0.0162078
482.1	0.016153
482.2	0.0160969
482.3	0.0160382
482.4	0.0159717
482.5	0.0159055
482.6	0.0158429
482.7	0.0157847
482.8	0.0157297
482.9	0.0156805
483	0.0156327
483.1	0.0155814
483.2	0.015534
483.3	0.0154854
483.4	0.0154401
483.5	0.0153961
483.6	0.0153511
483.7	0.0153043
483.8	0.0152596
483.9	0.0152137
484	0.0151677
484.1	0.0151222
484.2	0.0150778
484.3	0.0150347
484.4	0.0149893
484.5	0.0149404
484.6	0.0148931
484.7	0.0148433
484.8	0.0147918
484.9	0.0147431
485	0.0147001
485.1	0.0146634
485.2	0.0146332
485.3	0.0146043
485.4	0.0145774
485.5	0.0145523
485.6	0.0145281
485.7	0.0145027
485.8	0.0144776
485.9	0.014452
486	0.0144221
486.1	0.0143911
486.2	0.014362
486.3	0.0143335
486.4	0.0143061
486.5	0.0142807
486.6	0.0142601
486.7	0.0142412
486.8	0.0142216
486.9	0.0141989
487	0.0141767
487.1	0.0141575
487.2	0.0141353
487.3	0.0141123
487.4	0.01409
487.5	0.0140648
487.6	0.0140381
487.7	0.0140167
487.8	0.0139981
487.9	0.0139819
488	0.0139648
488.1	0.0139504
488.2	0.0139381
488.3	0.0139295
488.4	0.0139223
488.5	0.0139173
488.6	0.0139169
488.7	0.0139125
488.8	0.0139059
488.9	0.0138949
489	0.0138798
489.1	0.0138615
489.2	0.0138412
489.3	0.0138167
489.4	0.0137883
489.5	0.0137627
489.6	0.0137377
489.7	0.0137092
489.8	0.0136794
489.9	0.0136483
490	0.0136182
490.1	0.0135878
490.2	0.0135553
490.3	0.0135215
490.4	0.013482
490.5	0.013439
490.6	0.0133906
490.7	0.0133362
490.8	0.0132811
490.9	0.0132256
491	0.0131674
491.1	0.0131082
491.2	0.0130436
491.3	0.0129813
491.4	0.0129224
491.5	0.0128687
491.6	0.0128195
491.7	0.0127679
491.8	0.0127129
491.9	0.0126588
492	0.0126036
492.1	0.0125513
492.2	0.0125057
492.3	0.0124603
492.4	0.0124184
492.5	0.0123781
492.6	0.0123312
492.7	0.0122785
492.8	0.012218
492.9	0.012151
493	0.012084
493.1	0.01202
493.2	0.0119643
493.3	0.011913
493.4	0.0118613
493.5	0.0118097
493.6	0.0117623
493.7	0.0117203
493.8	0.0116779
493.9	0.011637
494	0.0116003
494.1	0.0115693
494.2	0.0115361
494.3	0.0114977
494.4	0.0114553
494.5	0.0114089
494.6	0.0113594
494.7	0.0113118
494.8	0.01126
494.9	0.0112059
495	0.0111535
495.1	0.0110982
495.2	0.0110448
495.3	0.0109939
495.4	0.0109454
495.5	0.010899
495.6	0.0108581
495.7	0.0108182
495.8	0.0107798
495.9	0.0107417
496	0.0107074
496.1	0.0106744
496.2	0.0106361
496.3	0.0105895
496.4	0.0105353
496.5	0.0104766
496.6	0.0104178
496.7	0.0103614
496.8	0.0103016
496.9	0.010243
497	0.0101817
497.1	0.0101206
497.2	0.0100581
497.3	0.00999632
497.4	0.00993381
497.5	0.00987502
497.6	0.00981932
497.7	0.0097612
497.8	0.0097005
497.9	0.00964059
498	0.00958263
498.1	0.00952653
498.2	0.00947089
498.3	0.00941298
498.4	0.00934989
498.5	0.00927733
498.6	0.00920319
498.7	0.00912527
498.8	0.00904483
498.9	0.00896664
499	0.00888539
499.1	0.00880188
499.2	0.00871972
499.3	0.00864256
499.4	0.00857051
499.5	0.0085031
499.6	0.00843846
499.7	0.00837753
499.8	0.00831938
499.9	0.00826204
500	0.00820519
