LagTime	Correlation

0	3.61952
0.1	3.61451
0.2	3.60701
0.3	3.59893
0.4	3.59075
0.5	3.58257
0.6	3.57444
0.7	3.56635
0.8	3.55831
0.9	3.55032
1	3.54238
1.1	3.53449
1.2	3.52665
1.3	3.51886
1.4	3.51111
1.5	3.5034
1.6	3.49575
1.7	3.48815
1.8	3.4806
1.9	3.47309
2	3.46562
2.1	3.4582
2.2	3.45083
2.3	3.4435
2.4	3.43621
2.5	3.42897
2.6	3.42176
2.7	3.41459
2.8	3.40745
2.9	3.40036
3	3.39332
3.1	3.38631
3.2	3.37934
3.3	3.3724
3.4	3.3655
3.5	3.35864
3.6	3.3518
3.7	3.34499
3.8	3.33822
3.9	3.33147
4	3.32476
4.1	3.31807
4.2	3.31143
4.3	3.30481
4.4	3.29823
4.5	3.29168
4.6	3.28518
4.7	3.2787
4.8	3.27225
4.9	3.26583
5	3.25943
5.1	3.25306
5.2	3.24672
5.3	3.24041
5.4	3.23412
5.5	3.22787
5.6	3.22164
5.7	3.21544
5.8	3.20927
5.9	3.20312
6	3.197
6.1	3.1909
6.2	3.18484
6.3	3.1788
6.4	3.17279
6.5	3.16681
6.6	3.16085
6.7	3.15492
6.8	3.14901
6.9	3.14312
7	3.13725
7.1	3.13141
7.2	3.12559
7.3	3.11979
7.4	3.11402
7.5	3.10827
7.6	3.10255
7.7	3.09686
7.8	3.09119
7.9	3.08555
8	3.07994
8.1	3.07434
8.2	3.06877
8.3	3.06323
8.4	3.0577
8.5	3.05219
8.6	3.04671
8.7	3.04124
8.8	3.0358
8.9	3.03038
9	3.02498
9.1	3.0196
9.2	3.01424
9.3	3.0089
9.4	3.00358
9.5	2.99827
9.6	2.99299
9.7	2.98772
9.8	2.98247
9.9	2.97724
10	2.97203
10.1	2.96684
10.2	2.96166
10.3	2.95649
10.4	2.95133
10.5	2.9462
10.6	2.94108
10.7	2.93598
10.8	2.93091
10.9	2.92584
11	2.92078
11.1	2.91574
11.2	2.91071
11.3	2.90569
11.4	2.90069
11.5	2.89571
11.6	2.89073
11.7	2.88576
11.8	2.8808
11.9	2.87586
12	2.87094
12.1	2.86603
12.2	2.86113
12.3	2.85625
12.4	2.85137
12.5	2.8465
12.6	2.84163
12.7	2.83678
12.8	2.83193
12.9	2.8271
13	2.82228
13.1	2.81747
13.2	2.81267
13.3	2.80789
13.4	2.80312
13.5	2.79835
13.6	2.7936
13.7	2.78887
13.8	2.78414
13.9	2.77944
14	2.77474
14.1	2.77005
14.2	2.76537
14.3	2.7607
14.4	2.75604
14.5	2.75139
14.6	2.74676
14.7	2.74214
14.8	2.73753
14.9	2.73293
15	2.72834
15.1	2.72376
15.2	2.71919
15.3	2.71463
15.4	2.71008
15.5	2.70553
15.6	2.701
15.7	2.69647
15.8	2.69195
15.9	2.68744
16	2.68293
16.1	2.67845
16.2	2.67397
16.3	2.6695
16.4	2.66505
16.5	2.66061
16.6	2.65617
16.7	2.65174
16.8	2.64733
16.9	2.64292
17	2.63852
17.1	2.63414
17.2	2.62977
17.3	2.62541
17.4	2.62106
17.5	2.61672
17.6	2.61238
17.7	2.60804
17.8	2.60372
17.9	2.59941
18	2.59511
18.1	2.59081
18.2	2.58652
18.3	2.58224
18.4	2.57797
18.5	2.57371
18.6	2.56946
18.7	2.56521
18.8	2.56097
18.9	2.55674
19	2.55253
19.1	2.54833
19.2	2.54414
19.3	2.53997
19.4	2.53581
19.5	2.53165
19.6	2.5275
19.7	2.52335
19.8	2.51921
19.9	2.51508
20	2.51097
20.1	2.50687
20.2	2.50278
20.3	2.4987
20.4	2.49462
20.5	2.49055
20.6	2.48649
20.7	2.48244
20.8	2.47839
20.9	2.47436
21	2.47033
21.1	2.46631
21.2	2.46229
21.3	2.45828
21.4	2.45428
21.5	2.45027
21.6	2.44628
21.7	2.44228
21.8	2.43829
21.9	2.4343
22	2.43031
22.1	2.42633
22.2	2.42236
22.3	2.41839
22.4	2.41444
22.5	2.41048
22.6	2.40654
22.7	2.4026
22.8	2.39868
22.9	2.39477
23	2.39086
23.1	2.38697
23.2	2.38309
23.3	2.37921
23.4	2.37535
23.5	2.37149
23.6	2.36765
23.7	2.36382
23.8	2.36001
23.9	2.3562
24	2.35241
24.1	2.34862
24.2	2.34485
24.3	2.34109
24.4	2.33733
24.5	2.33358
24.6	2.32983
24.7	2.3261
24.8	2.32238
24.9	2.31866
25	2.31496
25.1	2.31126
25.2	2.30757
25.3	2.30387
25.4	2.30018
25.5	2.29649
25.6	2.2928
25.7	2.28912
25.8	2.28546
25.9	2.2818
26	2.27815
26.1	2.2745
26.2	2.27087
26.3	2.26724
26.4	2.26361
26.5	2.26
26.6	2.2564
26.7	2.2528
26.8	2.24922
26.9	2.24564
27	2.24207
27.1	2.2385
27.2	2.23494
27.3	2.23138
27.4	2.22784
27.5	2.22431
27.6	2.22078
27.7	2.21727
27.8	2.21376
27.9	2.21028
28	2.2068
28.1	2.20333
28.2	2.19987
28.3	2.19641
28.4	2.19298
28.5	2.18955
28.6	2.18612
28.7	2.18269
28.8	2.17926
28.9	2.17584
29	2.17242
29.1	2.16901
29.2	2.16559
29.3	2.16219
29.4	2.15879
29.5	2.1554
29.6	2.15202
29.7	2.14864
29.8	2.14528
29.9	2.14192
30	2.13857
30.1	2.13523
30.2	2.1319
30.3	2.12858
30.4	2.12528
30.5	2.12197
30.6	2.11868
30.7	2.11539
30.8	2.1121
30.9	2.1088
31	2.10551
31.1	2.10222
31.2	2.09893
31.3	2.09564
31.4	2.09235
31.5	2.08906
31.6	2.08579
31.7	2.08251
31.8	2.07924
31.9	2.07598
32	2.07272
32.1	2.06946
32.2	2.0662
32.3	2.06295
32.4	2.05971
32.5	2.05647
32.6	2.05325
32.7	2.05002
32.8	2.04679
32.9	2.04357
33	2.04036
33.1	2.03714
33.2	2.03393
33.3	2.03073
33.4	2.02752
33.5	2.02431
33.6	2.02111
33.7	2.01791
33.8	2.01472
33.9	2.01154
34	2.00836
34.1	2.0052
34.2	2.00205
34.3	1.99891
34.4	1.99577
34.5	1.99264
34.6	1.98952
34.7	1.98641
34.8	1.98331
34.9	1.98021
35	1.97711
35.1	1.97402
35.2	1.97094
35.3	1.96787
35.4	1.9648
35.5	1.96173
35.6	1.95866
35.7	1.95561
35.8	1.95257
35.9	1.94953
36	1.9465
36.1	1.94348
36.2	1.94046
36.3	1.93745
36.4	1.93444
36.5	1.93143
36.6	1.92843
36.7	1.92543
36.8	1.92244
36.9	1.91945
37	1.91646
37.1	1.91348
37.2	1.9105
37.3	1.90752
37.4	1.90454
37.5	1.90157
37.6	1.89861
37.7	1.89565
37.8	1.8927
37.9	1.88974
38	1.88679
38.1	1.88384
38.2	1.8809
38.3	1.87795
38.4	1.87502
38.5	1.87209
38.6	1.86917
38.7	1.86625
38.8	1.86335
38.9	1.86045
39	1.85755
39.1	1.85466
39.2	1.85177
39.3	1.84888
39.4	1.846
39.5	1.84312
39.6	1.84023
39.7	1.83735
39.8	1.83446
39.9	1.83158
40	1.82871
40.1	1.82584
40.2	1.82297
40.3	1.8201
40.4	1.81724
40.5	1.81438
40.6	1.81152
40.7	1.80867
40.8	1.80583
40.9	1.80299
41	1.80016
41.1	1.79732
41.2	1.7945
41.3	1.79167
41.4	1.78886
41.5	1.78605
41.6	1.78325
41.7	1.78045
41.8	1.77764
41.9	1.77485
42	1.77205
42.1	1.76926
42.2	1.76647
42.3	1.76369
42.4	1.76091
42.5	1.75812
42.6	1.75534
42.7	1.75256
42.8	1.74979
42.9	1.74702
43	1.74425
43.1	1.74149
43.2	1.73873
43.3	1.73597
43.4	1.73321
43.5	1.73045
43.6	1.7277
43.7	1.72495
43.8	1.72219
43.9	1.71945
44	1.71671
44.1	1.71398
44.2	1.71125
44.3	1.70853
44.4	1.7058
44.5	1.70308
44.6	1.70037
44.7	1.69765
44.8	1.69494
44.9	1.69222
45	1.68952
45.1	1.68681
45.2	1.68411
45.3	1.68141
45.4	1.67871
45.5	1.67602
45.6	1.67334
45.7	1.67066
45.8	1.66799
45.9	1.66532
46	1.66266
46.1	1.65999
46.2	1.65733
46.3	1.65467
46.4	1.65202
46.5	1.64937
46.6	1.64673
46.7	1.64409
46.8	1.64146
46.9	1.63883
47	1.63622
47.1	1.63361
47.2	1.63101
47.3	1.62842
47.4	1.62583
47.5	1.62325
47.6	1.62068
47.7	1.61811
47.8	1.61555
47.9	1.613
48	1.61045
48.1	1.60791
48.2	1.60539
48.3	1.60287
48.4	1.60036
48.5	1.59786
48.6	1.59536
48.7	1.59286
48.8	1.59037
48.9	1.58788
49	1.5854
49.1	1.58291
49.2	1.58043
49.3	1.57796
49.4	1.5755
49.5	1.57304
49.6	1.57059
49.7	1.56814
49.8	1.56569
49.9	1.56326
50	1.56082
50.1	1.55838
50.2	1.55595
50.3	1.55352
50.4	1.55109
50.5	1.54866
50.6	1.54624
50.7	1.54382
50.8	1.54141
50.9	1.539
51	1.53658
51.1	1.53418
51.2	1.53178
51.3	1.52939
51.4	1.52701
51.5	1.52463
51.6	1.52226
51.7	1.51988
51.8	1.51751
51.9	1.51514
52	1.51278
52.1	1.51043
52.2	1.50807
52.3	1.50572
52.4	1.50336
52.5	1.50101
52.6	1.49866
52.7	1.49632
52.8	1.49399
52.9	1.49166
53	1.48934
53.1	1.48701
53.2	1.48469
53.3	1.48237
53.4	1.48006
53.5	1.47774
53.6	1.47543
53.7	1.47312
53.8	1.47081
53.9	1.4685
54	1.46621
54.1	1.46391
54.2	1.46162
54.3	1.45933
54.4	1.45703
54.5	1.45474
54.6	1.45245
54.7	1.45017
54.8	1.44789
54.9	1.44561
55	1.44333
55.1	1.44106
55.2	1.43878
55.3	1.43651
55.4	1.43423
55.5	1.43197
55.6	1.42971
55.7	1.42745
55.8	1.42521
55.9	1.42296
56	1.42071
56.1	1.41846
56.2	1.41623
56.3	1.414
56.4	1.41179
56.5	1.40958
56.6	1.40738
56.7	1.40519
56.8	1.403
56.9	1.40081
57	1.39863
57.1	1.39644
57.2	1.39426
57.3	1.39207
57.4	1.38988
57.5	1.38769
57.6	1.38549
57.7	1.38331
57.8	1.38112
57.9	1.37894
58	1.37677
58.1	1.37459
58.2	1.37242
58.3	1.37026
58.4	1.3681
58.5	1.36594
58.6	1.36379
58.7	1.36164
58.8	1.35949
58.9	1.35734
59	1.3552
59.1	1.35306
59.2	1.35092
59.3	1.34879
59.4	1.34667
59.5	1.34454
59.6	1.34242
59.7	1.34029
59.8	1.33816
59.9	1.33603
60	1.33391
60.1	1.33179
60.2	1.32968
60.3	1.32757
60.4	1.32546
60.5	1.32335
60.6	1.32125
60.7	1.31915
60.8	1.31705
60.9	1.31495
61	1.31285
61.1	1.31075
61.2	1.30865
61.3	1.30656
61.4	1.30446
61.5	1.30237
61.6	1.30029
61.7	1.29821
61.8	1.29613
61.9	1.29405
62	1.29196
62.1	1.28987
62.2	1.28779
62.3	1.28571
62.4	1.28364
62.5	1.28157
62.6	1.2795
62.7	1.27743
62.8	1.27538
62.9	1.27333
63	1.27129
63.1	1.26925
63.2	1.26722
63.3	1.26519
63.4	1.26316
63.5	1.26114
63.6	1.25912
63.7	1.25711
63.8	1.25509
63.9	1.25308
64	1.25107
64.1	1.24906
64.2	1.24705
64.3	1.24504
64.4	1.24303
64.5	1.24103
64.6	1.23902
64.7	1.23702
64.8	1.23502
64.9	1.23303
65	1.23103
65.1	1.22904
65.2	1.22706
65.3	1.22507
65.4	1.22309
65.5	1.22112
65.6	1.21916
65.7	1.21721
65.8	1.21527
65.9	1.21332
66	1.21138
66.1	1.20944
66.2	1.20751
66.3	1.20557
66.4	1.20363
66.5	1.20169
66.6	1.19975
66.7	1.19781
66.8	1.19587
66.9	1.19393
67	1.192
67.1	1.19007
67.2	1.18815
67.3	1.18622
67.4	1.1843
67.5	1.18238
67.6	1.18047
67.7	1.17856
67.8	1.17665
67.9	1.17474
68	1.17283
68.1	1.17092
68.2	1.16901
68.3	1.1671
68.4	1.1652
68.5	1.1633
68.6	1.1614
68.7	1.15952
68.8	1.15763
68.9	1.15576
69	1.15388
69.1	1.15199
69.2	1.15011
69.3	1.14822
69.4	1.14634
69.5	1.14445
69.6	1.14257
69.7	1.1407
69.8	1.13884
69.9	1.13697
70	1.13512
70.1	1.13326
70.2	1.13142
70.3	1.12957
70.4	1.12773
70.5	1.1259
70.6	1.12408
70.7	1.12225
70.8	1.12044
70.9	1.11862
71	1.11681
71.1	1.115
71.2	1.1132
71.3	1.1114
71.4	1.1096
71.5	1.10782
71.6	1.10604
71.7	1.10426
71.8	1.10249
71.9	1.10072
72	1.09895
72.1	1.09718
72.2	1.09542
72.3	1.09367
72.4	1.09192
72.5	1.09017
72.6	1.08843
72.7	1.0867
72.8	1.08495
72.9	1.08321
73	1.08147
73.1	1.07972
73.2	1.07798
73.3	1.07624
73.4	1.07452
73.5	1.07279
73.6	1.07107
73.7	1.06935
73.8	1.06763
73.9	1.06591
74	1.06419
74.1	1.06247
74.2	1.06076
74.3	1.05905
74.4	1.05734
74.5	1.05564
74.6	1.05394
74.7	1.05225
74.8	1.05057
74.9	1.04888
75	1.0472
75.1	1.04552
75.2	1.04385
75.3	1.04217
75.4	1.04049
75.5	1.03882
75.6	1.03715
75.7	1.03548
75.8	1.03381
75.9	1.03214
76	1.03048
76.1	1.02882
76.2	1.02716
76.3	1.02551
76.4	1.02385
76.5	1.02219
76.6	1.02054
76.7	1.0189
76.8	1.01725
76.9	1.0156
77	1.01395
77.1	1.01231
77.2	1.01067
77.3	1.00904
77.4	1.00742
77.5	1.0058
77.6	1.00418
77.7	1.00256
77.8	1.00095
77.9	0.999347
78	0.997754
78.1	0.996172
78.2	0.994602
78.3	0.993038
78.4	0.991478
78.5	0.989921
78.6	0.988368
78.7	0.98682
78.8	0.985279
78.9	0.983741
79	0.982205
79.1	0.980668
79.2	0.97913
79.3	0.97759
79.4	0.97605
79.5	0.974512
79.6	0.972973
79.7	0.971433
79.8	0.969895
79.9	0.968362
80	0.966837
80.1	0.965317
80.2	0.9638
80.3	0.962282
80.4	0.960764
80.5	0.959247
80.6	0.957727
80.7	0.956206
80.8	0.954687
80.9	0.953174
81	0.95167
81.1	0.950174
81.2	0.948688
81.3	0.947208
81.4	0.945731
81.5	0.944255
81.6	0.942776
81.7	0.941292
81.8	0.939807
81.9	0.93832
82	0.936833
82.1	0.935347
82.2	0.933865
82.3	0.932385
82.4	0.930905
82.5	0.929422
82.6	0.92794
82.7	0.926462
82.8	0.92499
82.9	0.92352
83	0.922056
83.1	0.920594
83.2	0.919135
83.3	0.917678
83.4	0.916224
83.5	0.914772
83.6	0.913325
83.7	0.911885
83.8	0.910452
83.9	0.909022
84	0.907594
84.1	0.906169
84.2	0.904752
84.3	0.903341
84.4	0.901934
84.5	0.900531
84.6	0.899129
84.7	0.897728
84.8	0.896329
84.9	0.894934
85	0.893544
85.1	0.892159
85.2	0.890778
85.3	0.889402
85.4	0.888024
85.5	0.886646
85.6	0.885262
85.7	0.883873
85.8	0.882482
85.9	0.881088
86	0.879691
86.1	0.878295
86.2	0.876905
86.3	0.875516
86.4	0.874125
86.5	0.872735
86.6	0.871345
86.7	0.869957
86.8	0.868567
86.9	0.867174
87	0.865779
87.1	0.864382
87.2	0.862986
87.3	0.861589
87.4	0.860188
87.5	0.858784
87.6	0.857377
87.7	0.855972
87.8	0.85457
87.9	0.853169
88	0.851775
88.1	0.850384
88.2	0.848992
88.3	0.847595
88.4	0.8462
88.5	0.844808
88.6	0.843412
88.7	0.842018
88.8	0.840622
88.9	0.839224
89	0.837824
89.1	0.836425
89.2	0.835029
89.3	0.833632
89.4	0.832235
89.5	0.830835
89.6	0.829438
89.7	0.828036
89.8	0.826639
89.9	0.825249
90	0.823866
90.1	0.822489
90.2	0.821118
90.3	0.81975
90.4	0.818382
90.5	0.81701
90.6	0.815636
90.7	0.814259
90.8	0.812884
90.9	0.811517
91	0.810154
91.1	0.808795
91.2	0.807438
91.3	0.806083
91.4	0.804732
91.5	0.803382
91.6	0.802036
91.7	0.800699
91.8	0.799366
91.9	0.798039
92	0.796714
92.1	0.79539
92.2	0.794071
92.3	0.792758
92.4	0.791448
92.5	0.790132
92.6	0.788816
92.7	0.787502
92.8	0.78619
92.9	0.784888
93	0.783593
93.1	0.782303
93.2	0.781016
93.3	0.779731
93.4	0.778449
93.5	0.777166
93.6	0.775883
93.7	0.774604
93.8	0.773332
93.9	0.772064
94	0.770797
94.1	0.769527
94.2	0.768256
94.3	0.766983
94.4	0.765704
94.5	0.764423
94.6	0.763146
94.7	0.761877
94.8	0.760613
94.9	0.759353
95	0.758098
95.1	0.756843
95.2	0.755587
95.3	0.754335
95.4	0.753083
95.5	0.751836
95.6	0.750591
95.7	0.749349
95.8	0.748104
95.9	0.74686
96	0.745623
96.1	0.744392
96.2	0.743167
96.3	0.741948
96.4	0.740729
96.5	0.739518
96.6	0.738311
96.7	0.737109
96.8	0.735913
96.9	0.734719
97	0.733525
97.1	0.732329
97.2	0.731134
97.3	0.729939
97.4	0.728745
97.5	0.727549
97.6	0.726355
97.7	0.725159
97.8	0.723967
97.9	0.722784
98	0.721607
98.1	0.720435
98.2	0.719262
98.3	0.718091
98.4	0.71692
98.5	0.715743
98.6	0.714566
98.7	0.713393
98.8	0.712224
98.9	0.711065
99	0.709906
99.1	0.708746
99.2	0.707587
99.3	0.706431
99.4	0.705272
99.5	0.704109
99.6	0.702942
99.7	0.70177
99.8	0.700596
99.9	0.699419
100	0.698243
100.1	0.697069
100.2	0.695894
100.3	0.694717
100.4	0.693542
100.5	0.692368
100.6	0.691195
100.7	0.690026
100.8	0.688863
100.9	0.687703
101	0.686544
101.1	0.685389
101.2	0.684233
101.3	0.683076
101.4	0.681924
101.5	0.680783
101.6	0.679648
101.7	0.678515
101.8	0.677384
101.9	0.676251
102	0.675114
102.1	0.673972
102.2	0.672833
102.3	0.671693
102.4	0.670553
102.5	0.669417
102.6	0.668283
102.7	0.667152
102.8	0.666023
102.9	0.664897
103	0.663769
103.1	0.66264
103.2	0.661513
103.3	0.660386
103.4	0.659257
103.5	0.658132
103.6	0.657012
103.7	0.655894
103.8	0.654777
103.9	0.653664
104	0.652552
104.1	0.651441
104.2	0.650331
104.3	0.649222
104.4	0.648115
104.5	0.647011
104.6	0.645908
104.7	0.64481
104.8	0.643714
104.9	0.642619
105	0.641523
105.1	0.64043
105.2	0.63934
105.3	0.638252
105.4	0.637161
105.5	0.636073
105.6	0.634987
105.7	0.6339
105.8	0.63281
105.9	0.631714
106	0.63062
106.1	0.629531
106.2	0.628449
106.3	0.627374
106.4	0.6263
106.5	0.625229
106.6	0.624162
106.7	0.623096
106.8	0.622032
106.9	0.62097
107	0.61991
107.1	0.618851
107.2	0.617796
107.3	0.616741
107.4	0.615689
107.5	0.614639
107.6	0.613592
107.7	0.612544
107.8	0.6115
107.9	0.610458
108	0.60942
108.1	0.608388
108.2	0.607358
108.3	0.606332
108.4	0.605311
108.5	0.604293
108.6	0.603275
108.7	0.602257
108.8	0.601238
108.9	0.60022
109	0.59921
109.1	0.598203
109.2	0.597195
109.3	0.596191
109.4	0.59519
109.5	0.594191
109.6	0.59319
109.7	0.59219
109.8	0.591191
109.9	0.590192
110	0.589194
110.1	0.588201
110.2	0.58721
110.3	0.586221
110.4	0.585233
110.5	0.584248
110.6	0.583266
110.7	0.582288
110.8	0.581311
110.9	0.580331
111	0.57935
111.1	0.578369
111.2	0.577389
111.3	0.576409
111.4	0.575426
111.5	0.574439
111.6	0.573456
111.7	0.572477
111.8	0.5715
111.9	0.570522
112	0.569545
112.1	0.568573
112.2	0.567606
112.3	0.566641
112.4	0.565681
112.5	0.564721
112.6	0.563765
112.7	0.562813
112.8	0.561864
112.9	0.560916
113	0.559968
113.1	0.559023
113.2	0.55808
113.3	0.557139
113.4	0.5562
113.5	0.555266
113.6	0.554342
113.7	0.553419
113.8	0.552494
113.9	0.551567
114	0.550635
114.1	0.549702
114.2	0.548773
114.3	0.547845
114.4	0.546917
114.5	0.545994
114.6	0.545074
114.7	0.544161
114.8	0.543249
114.9	0.542338
115	0.541424
115.1	0.540512
115.2	0.539603
115.3	0.538689
115.4	0.537777
115.5	0.536874
115.6	0.535977
115.7	0.535084
115.8	0.53419
115.9	0.533292
116	0.532393
116.1	0.531491
116.2	0.530584
116.3	0.529674
116.4	0.528755
116.5	0.527831
116.6	0.526904
116.7	0.525981
116.8	0.525064
116.9	0.524146
117	0.523236
117.1	0.52233
117.2	0.521422
117.3	0.520514
117.4	0.519608
117.5	0.518701
117.6	0.517794
117.7	0.516895
117.8	0.516001
117.9	0.515108
118	0.51422
118.1	0.513334
118.2	0.512453
118.3	0.511574
118.4	0.510696
118.5	0.509821
118.6	0.50895
118.7	0.50808
118.8	0.507214
118.9	0.506347
119	0.505481
119.1	0.504616
119.2	0.503752
119.3	0.502892
119.4	0.502033
119.5	0.501173
119.6	0.50032
119.7	0.499477
119.8	0.498641
119.9	0.497809
120	0.49698
120.1	0.496158
120.2	0.495338
120.3	0.494519
120.4	0.493706
120.5	0.492896
120.6	0.492088
120.7	0.491282
120.8	0.490476
120.9	0.489677
121	0.488885
121.1	0.488098
121.2	0.48731
121.3	0.486521
121.4	0.485733
121.5	0.484946
121.6	0.484157
121.7	0.483368
121.8	0.482579
121.9	0.481789
122	0.481002
122.1	0.480214
122.2	0.479426
122.3	0.478636
122.4	0.477845
122.5	0.477057
122.6	0.476271
122.7	0.475486
122.8	0.474705
122.9	0.473924
123	0.473144
123.1	0.47236
123.2	0.471575
123.3	0.470785
123.4	0.469991
123.5	0.469191
123.6	0.468393
123.7	0.467597
123.8	0.466805
123.9	0.466014
124	0.465221
124.1	0.464429
124.2	0.463636
124.3	0.462846
124.4	0.462062
124.5	0.461286
124.6	0.460512
124.7	0.459742
124.8	0.458974
124.9	0.458209
125	0.457449
125.1	0.45669
125.2	0.455937
125.3	0.455191
125.4	0.45445
125.5	0.453708
125.6	0.452969
125.7	0.452229
125.8	0.451487
125.9	0.450748
126	0.450012
126.1	0.449277
126.2	0.448547
126.3	0.447821
126.4	0.447095
126.5	0.446376
126.6	0.44566
126.7	0.44495
126.8	0.44424
126.9	0.443533
127	0.442831
127.1	0.442139
127.2	0.441454
127.3	0.44078
127.4	0.44011
127.5	0.43944
127.6	0.438773
127.7	0.438105
127.8	0.437432
127.9	0.436759
128	0.436086
128.1	0.435409
128.2	0.434735
128.3	0.434062
128.4	0.433385
128.5	0.432711
128.6	0.43204
128.7	0.431369
128.8	0.430697
128.9	0.430026
129	0.429351
129.1	0.428678
129.2	0.428007
129.3	0.42734
129.4	0.426672
129.5	0.426001
129.6	0.42533
129.7	0.424656
129.8	0.423976
129.9	0.423299
130	0.422627
130.1	0.421963
130.2	0.421303
130.3	0.420648
130.4	0.419994
130.5	0.419343
130.6	0.418697
130.7	0.418058
130.8	0.41742
130.9	0.416785
131	0.416155
131.1	0.415522
131.2	0.414892
131.3	0.414268
131.4	0.413652
131.5	0.413037
131.6	0.412425
131.7	0.411819
131.8	0.411217
131.9	0.410617
132	0.410019
132.1	0.409423
132.2	0.408825
132.3	0.408229
132.4	0.40764
132.5	0.407056
132.6	0.40647
132.7	0.405883
132.8	0.405296
132.9	0.404707
133	0.404114
133.1	0.403517
133.2	0.402915
133.3	0.402316
133.4	0.40172
133.5	0.401129
133.6	0.400542
133.7	0.399964
133.8	0.399388
133.9	0.398811
134	0.39824
134.1	0.397668
134.2	0.397095
134.3	0.39652
134.4	0.395943
134.5	0.395365
134.6	0.394785
134.7	0.394202
134.8	0.393621
134.9	0.393049
135	0.392481
135.1	0.39191
135.2	0.391343
135.3	0.390775
135.4	0.390205
135.5	0.389632
135.6	0.38906
135.7	0.388492
135.8	0.387932
135.9	0.387373
136	0.386819
136.1	0.386268
136.2	0.385728
136.3	0.38519
136.4	0.384658
136.5	0.384125
136.6	0.383592
136.7	0.383058
136.8	0.382521
136.9	0.381985
137	0.381448
137.1	0.380913
137.2	0.380383
137.3	0.379857
137.4	0.379327
137.5	0.3788
137.6	0.378273
137.7	0.377747
137.8	0.377215
137.9	0.37668
138	0.376147
138.1	0.375619
138.2	0.375091
138.3	0.37456
138.4	0.374025
138.5	0.373486
138.6	0.37295
138.7	0.372417
138.8	0.371884
138.9	0.371355
139	0.37083
139.1	0.370307
139.2	0.369784
139.3	0.36926
139.4	0.368744
139.5	0.368231
139.6	0.367721
139.7	0.367213
139.8	0.366703
139.9	0.366195
140	0.365688
140.1	0.365177
140.2	0.364665
140.3	0.36415
140.4	0.363633
140.5	0.363113
140.6	0.362596
140.7	0.362085
140.8	0.361579
140.9	0.361071
141	0.360564
141.1	0.360054
141.2	0.359541
141.3	0.359026
141.4	0.358509
141.5	0.35799
141.6	0.357472
141.7	0.356948
141.8	0.356418
141.9	0.355887
142	0.355356
142.1	0.35483
142.2	0.354305
142.3	0.353773
142.4	0.353233
142.5	0.352688
142.6	0.352143
142.7	0.351599
142.8	0.351055
142.9	0.350511
143	0.349974
143.1	0.349438
143.2	0.348903
143.3	0.348369
143.4	0.347838
143.5	0.347304
143.6	0.346773
143.7	0.346244
143.8	0.345716
143.9	0.345186
144	0.344653
144.1	0.344118
144.2	0.343584
144.3	0.34305
144.4	0.342524
144.5	0.342001
144.6	0.341475
144.7	0.340946
144.8	0.340416
144.9	0.339885
145	0.339353
145.1	0.33882
145.2	0.338282
145.3	0.337742
145.4	0.337203
145.5	0.336663
145.6	0.336118
145.7	0.335567
145.8	0.33501
145.9	0.334448
146	0.333879
146.1	0.333308
146.2	0.332734
146.3	0.332161
146.4	0.331584
146.5	0.331008
146.6	0.33043
146.7	0.329852
146.8	0.329279
146.9	0.32871
147	0.328141
147.1	0.327572
147.2	0.327006
147.3	0.326442
147.4	0.325873
147.5	0.325304
147.6	0.32474
147.7	0.32418
147.8	0.323623
147.9	0.323067
148	0.322509
148.1	0.32195
148.2	0.321392
148.3	0.320837
148.4	0.320284
148.5	0.319732
148.6	0.319185
148.7	0.318637
148.8	0.318094
148.9	0.317554
149	0.317014
149.1	0.316476
149.2	0.315937
149.3	0.315397
149.4	0.314858
149.5	0.314317
149.6	0.31377
149.7	0.31322
149.8	0.312664
149.9	0.312107
150	0.311553
150.1	0.311001
150.2	0.310454
150.3	0.309905
150.4	0.309359
150.5	0.308816
150.6	0.308276
150.7	0.307742
150.8	0.307214
150.9	0.306687
151	0.306162
151.1	0.305638
151.2	0.305113
151.3	0.304588
151.4	0.304064
151.5	0.303542
151.6	0.303022
151.7	0.302505
151.8	0.301989
151.9	0.301473
152	0.300956
152.1	0.300437
152.2	0.299913
152.3	0.299387
152.4	0.298859
152.5	0.298334
152.6	0.29782
152.7	0.297313
152.8	0.296803
152.9	0.296292
153	0.295781
153.1	0.295271
153.2	0.294765
153.3	0.294261
153.4	0.29376
153.5	0.293259
153.6	0.292762
153.7	0.292269
153.8	0.291779
153.9	0.291291
154	0.290803
154.1	0.290315
154.2	0.28983
154.3	0.289347
154.4	0.288864
154.5	0.288377
154.6	0.287892
154.7	0.287411
154.8	0.286935
154.9	0.286457
155	0.285978
155.1	0.285498
155.2	0.28502
155.3	0.284543
155.4	0.284067
155.5	0.283593
155.6	0.283122
155.7	0.28265
155.8	0.282176
155.9	0.281702
156	0.281231
156.1	0.280764
156.2	0.280291
156.3	0.279819
156.4	0.279345
156.5	0.278874
156.6	0.278409
156.7	0.277949
156.8	0.277493
156.9	0.277042
157	0.27659
157.1	0.276139
157.2	0.275693
157.3	0.275253
157.4	0.274819
157.5	0.274391
157.6	0.273962
157.7	0.273536
157.8	0.273112
157.9	0.272695
158	0.27228
158.1	0.271864
158.2	0.271448
158.3	0.271029
158.4	0.270608
158.5	0.27019
158.6	0.269769
158.7	0.269349
158.8	0.268928
158.9	0.268501
159	0.26807
159.1	0.267637
159.2	0.267201
159.3	0.266762
159.4	0.266324
159.5	0.265888
159.6	0.265453
159.7	0.265014
159.8	0.264574
159.9	0.264133
160	0.263692
160.1	0.263248
160.2	0.262807
160.3	0.262366
160.4	0.261928
160.5	0.261487
160.6	0.26105
160.7	0.260614
160.8	0.260176
160.9	0.259736
161	0.259292
161.1	0.258845
161.2	0.258396
161.3	0.257949
161.4	0.257503
161.5	0.257057
161.6	0.256614
161.7	0.256166
161.8	0.255714
161.9	0.255263
162	0.254808
162.1	0.254352
162.2	0.253897
162.3	0.253441
162.4	0.252985
162.5	0.252529
162.6	0.252078
162.7	0.251629
162.8	0.25118
162.9	0.25073
163	0.250278
163.1	0.249829
163.2	0.249378
163.3	0.248924
163.4	0.248465
163.5	0.248003
163.6	0.247542
163.7	0.247088
163.8	0.246638
163.9	0.246189
164	0.245746
164.1	0.2453
164.2	0.24485
164.3	0.2444
164.4	0.243952
164.5	0.243506
164.6	0.243062
164.7	0.242619
164.8	0.24217
164.9	0.241718
165	0.241266
165.1	0.240817
165.2	0.240375
165.3	0.239939
165.4	0.239505
165.5	0.239074
165.6	0.238643
165.7	0.238211
165.8	0.237782
165.9	0.237355
166	0.236926
166.1	0.236494
166.2	0.23606
166.3	0.235621
166.4	0.23518
166.5	0.234744
166.6	0.234311
166.7	0.233881
166.8	0.233454
166.9	0.233033
167	0.232614
167.1	0.232195
167.2	0.231781
167.3	0.231378
167.4	0.230982
167.5	0.230586
167.6	0.23019
167.7	0.229791
167.8	0.229387
167.9	0.228975
168	0.228563
168.1	0.228149
168.2	0.227732
168.3	0.227314
168.4	0.226895
168.5	0.226474
168.6	0.226054
168.7	0.225635
168.8	0.225216
168.9	0.224802
169	0.224389
169.1	0.223978
169.2	0.223566
169.3	0.223153
169.4	0.222739
169.5	0.22233
169.6	0.221925
169.7	0.221519
169.8	0.221115
169.9	0.22071
170	0.220307
170.1	0.219907
170.2	0.219511
170.3	0.219119
170.4	0.218728
170.5	0.218338
170.6	0.217951
170.7	0.217565
170.8	0.21718
170.9	0.216794
171	0.216408
171.1	0.216019
171.2	0.215631
171.3	0.215242
171.4	0.214853
171.5	0.214455
171.6	0.214055
171.7	0.213656
171.8	0.213253
171.9	0.212848
172	0.212437
172.1	0.212026
172.2	0.211621
172.3	0.211219
172.4	0.210816
172.5	0.210419
172.6	0.210029
172.7	0.209645
172.8	0.209263
172.9	0.208887
173	0.208516
173.1	0.208149
173.2	0.207783
173.3	0.207418
173.4	0.207046
173.5	0.206668
173.6	0.206293
173.7	0.205922
173.8	0.205554
173.9	0.205185
174	0.204818
174.1	0.204454
174.2	0.204092
174.3	0.203731
174.4	0.203368
174.5	0.203003
174.6	0.202642
174.7	0.202283
174.8	0.201922
174.9	0.201564
175	0.201209
175.1	0.200855
175.2	0.200503
175.3	0.200152
175.4	0.199805
175.5	0.199463
175.6	0.19912
175.7	0.198778
175.8	0.198436
175.9	0.198097
176	0.197756
176.1	0.197412
176.2	0.197067
176.3	0.196721
176.4	0.196373
176.5	0.196027
176.6	0.195684
176.7	0.195339
176.8	0.194998
176.9	0.194657
177	0.194318
177.1	0.193983
177.2	0.193642
177.3	0.1933
177.4	0.19296
177.5	0.192622
177.6	0.192285
177.7	0.191948
177.8	0.191609
177.9	0.19127
178	0.190933
178.1	0.190592
178.2	0.19025
178.3	0.189909
178.4	0.18957
178.5	0.189238
178.6	0.188913
178.7	0.188591
178.8	0.188271
178.9	0.187955
179	0.187637
179.1	0.187319
179.2	0.187002
179.3	0.186681
179.4	0.18636
179.5	0.186042
179.6	0.185729
179.7	0.185416
179.8	0.185102
179.9	0.184785
180	0.184465
180.1	0.184143
180.2	0.183823
180.3	0.183505
180.4	0.183188
180.5	0.182867
180.6	0.182541
180.7	0.182215
180.8	0.181892
180.9	0.181567
181	0.181237
181.1	0.180903
181.2	0.180567
181.3	0.180231
181.4	0.179901
181.5	0.179573
181.6	0.179245
181.7	0.178917
181.8	0.178588
181.9	0.178259
182	0.177935
182.1	0.177618
182.2	0.177304
182.3	0.176991
182.4	0.17668
182.5	0.17637
182.6	0.176059
182.7	0.175748
182.8	0.175439
182.9	0.175131
183	0.174821
183.1	0.174511
183.2	0.174205
183.3	0.173907
183.4	0.173611
183.5	0.17331
183.6	0.173006
183.7	0.172706
183.8	0.172407
183.9	0.172111
184	0.171819
184.1	0.171527
184.2	0.171235
184.3	0.170949
184.4	0.170669
184.5	0.170395
184.6	0.170123
184.7	0.169847
184.8	0.169568
184.9	0.169285
185	0.168994
185.1	0.1687
185.2	0.16841
185.3	0.168125
185.4	0.167836
185.5	0.16755
185.6	0.167269
185.7	0.16699
185.8	0.166707
185.9	0.166418
186	0.166123
186.1	0.165831
186.2	0.165541
186.3	0.165247
186.4	0.164953
186.5	0.164654
186.6	0.164354
186.7	0.164052
186.8	0.163751
186.9	0.163449
187	0.163153
187.1	0.162858
187.2	0.162566
187.3	0.162277
187.4	0.161991
187.5	0.161705
187.6	0.161415
187.7	0.161119
187.8	0.160824
187.9	0.160531
188	0.160232
188.1	0.15993
188.2	0.159626
188.3	0.159323
188.4	0.159016
188.5	0.15871
188.6	0.1584
188.7	0.158083
188.8	0.157767
188.9	0.157452
189	0.157141
189.1	0.156833
189.2	0.15653
189.3	0.156232
189.4	0.155934
189.5	0.155635
189.6	0.155332
189.7	0.155027
189.8	0.154718
189.9	0.154412
190	0.15411
190.1	0.153809
190.2	0.153512
190.3	0.153213
190.4	0.152915
190.5	0.152617
190.6	0.152322
190.7	0.152027
190.8	0.151735
190.9	0.151445
191	0.151158
191.1	0.150874
191.2	0.150595
191.3	0.150321
191.4	0.15006
191.5	0.149808
191.6	0.149559
191.7	0.149314
191.8	0.149073
191.9	0.148827
192	0.148576
192.1	0.148322
192.2	0.148067
192.3	0.147816
192.4	0.147569
192.5	0.147325
192.6	0.147084
192.7	0.146848
192.8	0.146614
192.9	0.14638
193	0.146144
193.1	0.145911
193.2	0.145681
193.3	0.145454
193.4	0.145226
193.5	0.144999
193.6	0.144776
193.7	0.144555
193.8	0.14434
193.9	0.144126
194	0.143912
194.1	0.1437
194.2	0.143492
194.3	0.143288
194.4	0.143086
194.5	0.142886
194.6	0.142692
194.7	0.142501
194.8	0.142307
194.9	0.14211
195	0.141908
195.1	0.141706
195.2	0.141504
195.3	0.141304
195.4	0.141105
195.5	0.140906
195.6	0.140706
195.7	0.140509
195.8	0.140314
195.9	0.14012
196	0.139924
196.1	0.139723
196.2	0.139515
196.3	0.139304
196.4	0.139101
196.5	0.138907
196.6	0.138715
196.7	0.138526
196.8	0.138339
196.9	0.138151
197	0.13796
197.1	0.137769
197.2	0.137577
197.3	0.137386
197.4	0.137199
197.5	0.137008
197.6	0.136811
197.7	0.136614
197.8	0.136413
197.9	0.13621
198	0.13601
198.1	0.135807
198.2	0.135602
198.3	0.135395
198.4	0.135186
198.5	0.134976
198.6	0.134765
198.7	0.134557
198.8	0.134351
198.9	0.134142
199	0.133938
199.1	0.133735
199.2	0.133527
199.3	0.133318
199.4	0.133105
199.5	0.13289
199.6	0.132678
199.7	0.132472
199.8	0.132262
199.9	0.132048
200	0.131833
200.1	0.131621
200.2	0.131414
200.3	0.131209
200.4	0.131004
200.5	0.13079
200.6	0.130575
200.7	0.130358
200.8	0.130137
200.9	0.129917
201	0.1297
201.1	0.129489
201.2	0.129285
201.3	0.129081
201.4	0.128878
201.5	0.128677
201.6	0.128475
201.7	0.128277
201.8	0.128086
201.9	0.127899
202	0.12772
202.1	0.127544
202.2	0.127367
202.3	0.127188
202.4	0.127002
202.5	0.126819
202.6	0.126637
202.7	0.126461
202.8	0.12629
202.9	0.126119
203	0.125942
203.1	0.125761
203.2	0.125576
203.3	0.12539
203.4	0.1252
203.5	0.125012
203.6	0.124824
203.7	0.124635
203.8	0.124445
203.9	0.124253
204	0.12406
204.1	0.123865
204.2	0.123669
204.3	0.123476
204.4	0.123283
204.5	0.123088
204.6	0.122891
204.7	0.122699
204.8	0.122504
204.9	0.12231
205	0.122115
205.1	0.12192
205.2	0.121724
205.3	0.121527
205.4	0.121331
205.5	0.121135
205.6	0.120936
205.7	0.120741
205.8	0.120544
205.9	0.120345
206	0.120145
206.1	0.119944
206.2	0.119744
206.3	0.119546
206.4	0.11935
206.5	0.119151
206.6	0.11895
206.7	0.118747
206.8	0.118541
206.9	0.118336
207	0.118128
207.1	0.11792
207.2	0.117712
207.3	0.117504
207.4	0.117298
207.5	0.117096
207.6	0.116897
207.7	0.116694
207.8	0.116485
207.9	0.116269
208	0.116045
208.1	0.115824
208.2	0.115602
208.3	0.115379
208.4	0.115157
208.5	0.114939
208.6	0.114724
208.7	0.114509
208.8	0.114298
208.9	0.114092
209	0.113893
209.1	0.113701
209.2	0.113513
209.3	0.113323
209.4	0.113133
209.5	0.112941
209.6	0.112745
209.7	0.112547
209.8	0.112347
209.9	0.112155
210	0.111967
210.1	0.111785
210.2	0.111606
210.3	0.111425
210.4	0.111239
210.5	0.11105
210.6	0.110858
210.7	0.110667
210.8	0.110478
210.9	0.11029
211	0.110103
211.1	0.109915
211.2	0.10973
211.3	0.109547
211.4	0.109364
211.5	0.109184
211.6	0.109003
211.7	0.10882
211.8	0.108634
211.9	0.108447
212	0.108257
212.1	0.108065
212.2	0.107867
212.3	0.107664
212.4	0.107458
212.5	0.107249
212.6	0.107037
212.7	0.106826
212.8	0.106616
212.9	0.106411
213	0.106208
213.1	0.106004
213.2	0.1058
213.3	0.1056
213.4	0.105399
213.5	0.105196
213.6	0.104992
213.7	0.104789
213.8	0.104586
213.9	0.104383
214	0.104184
214.1	0.10399
214.2	0.103794
214.3	0.103601
214.4	0.103409
214.5	0.103215
214.6	0.10302
214.7	0.102822
214.8	0.102628
214.9	0.102436
215	0.102244
215.1	0.102054
215.2	0.101866
215.3	0.101676
215.4	0.101481
215.5	0.101283
215.6	0.101083
215.7	0.100883
215.8	0.100685
215.9	0.100484
216	0.100279
216.1	0.100072
216.2	0.099862
216.3	0.0996514
216.4	0.0994451
216.5	0.0992449
216.6	0.0990474
216.7	0.098849
216.8	0.0986485
216.9	0.0984459
217	0.0982431
217.1	0.0980463
217.2	0.0978488
217.3	0.0976482
217.4	0.0974446
217.5	0.0972409
217.6	0.0970417
217.7	0.0968415
217.8	0.0966409
217.9	0.096437
218	0.0962306
218.1	0.0960216
218.2	0.0958145
218.3	0.0956041
218.4	0.095395
218.5	0.0951798
218.6	0.0949627
218.7	0.0947499
218.8	0.0945412
218.9	0.0943323
219	0.0941251
219.1	0.0939208
219.2	0.0937157
219.3	0.0935144
219.4	0.0933185
219.5	0.0931259
219.6	0.0929314
219.7	0.0927398
219.8	0.0925515
219.9	0.0923679
220	0.0921864
220.1	0.0920058
220.2	0.0918324
220.3	0.0916627
220.4	0.0914932
220.5	0.0913224
220.6	0.0911456
220.7	0.0909679
220.8	0.0907952
220.9	0.0906227
221	0.0904547
221.1	0.0902912
221.2	0.0901327
221.3	0.0899783
221.4	0.089828
221.5	0.0896765
221.6	0.0895225
221.7	0.0893633
221.8	0.0891978
221.9	0.0890313
222	0.0888613
222.1	0.0886882
222.2	0.0885199
222.3	0.0883557
222.4	0.0881914
222.5	0.0880237
222.6	0.0878556
222.7	0.0876901
222.8	0.0875211
222.9	0.0873558
223	0.087191
223.1	0.087026
223.2	0.0868619
223.3	0.0866934
223.4	0.086521
223.5	0.0863521
223.6	0.0861866
223.7	0.0860197
223.8	0.0858543
223.9	0.0856881
224	0.0855173
224.1	0.0853455
224.2	0.0851704
224.3	0.084996
224.4	0.0848243
224.5	0.0846544
224.6	0.0844855
224.7	0.084318
224.8	0.0841435
224.9	0.0839658
225	0.0837833
225.1	0.0836014
225.2	0.083421
225.3	0.0832367
225.4	0.0830528
225.5	0.0828693
225.6	0.0826854
225.7	0.082499
225.8	0.0823107
225.9	0.082123
226	0.081944
226.1	0.0817703
226.2	0.0816002
226.3	0.0814378
226.4	0.0812769
226.5	0.0811139
226.6	0.0809455
226.7	0.0807761
226.8	0.0806008
226.9	0.0804283
227	0.0802564
227.1	0.0800791
227.2	0.0799052
227.3	0.0797339
227.4	0.0795617
227.5	0.0793891
227.6	0.0792183
227.7	0.0790458
227.8	0.0788716
227.9	0.0786977
228	0.0785268
228.1	0.0783638
228.2	0.0782012
228.3	0.0780346
228.4	0.0778671
228.5	0.077701
228.6	0.0775362
228.7	0.0773729
228.8	0.0772082
228.9	0.077044
229	0.0768787
229.1	0.076713
229.2	0.0765483
229.3	0.0763779
229.4	0.0762041
229.5	0.0760272
229.6	0.0758542
229.7	0.0756872
229.8	0.0755232
229.9	0.0753556
230	0.0751868
230.1	0.0750164
230.2	0.0748418
230.3	0.0746682
230.4	0.0744943
230.5	0.0743224
230.6	0.0741565
230.7	0.0739949
230.8	0.0738364
230.9	0.0736867
231	0.0735413
231.1	0.0733928
231.2	0.0732452
231.3	0.0730999
231.4	0.0729539
231.5	0.0728077
231.6	0.0726592
231.7	0.0725092
231.8	0.0723532
231.9	0.0721947
232	0.0720351
232.1	0.0718769
232.2	0.0717199
232.3	0.0715607
232.4	0.0713998
232.5	0.0712449
232.6	0.0710957
232.7	0.0709501
232.8	0.0708058
232.9	0.0706631
233	0.0705189
233.1	0.0703747
233.2	0.0702263
233.3	0.0700763
233.4	0.0699296
233.5	0.069787
233.6	0.0696458
233.7	0.0695047
233.8	0.0693639
233.9	0.0692238
234	0.0690854
234.1	0.0689468
234.2	0.0688066
234.3	0.068665
234.4	0.0685188
234.5	0.0683728
234.6	0.0682253
234.7	0.068081
234.8	0.0679331
234.9	0.067783
235	0.0676399
235.1	0.0674975
235.2	0.0673576
235.3	0.0672187
235.4	0.0670799
235.5	0.0669372
235.6	0.0667909
235.7	0.0666422
235.8	0.0664909
235.9	0.0663372
236	0.0661865
236.1	0.0660384
236.2	0.0658943
236.3	0.0657555
236.4	0.0656205
236.5	0.0654868
236.6	0.0653511
236.7	0.0652155
236.8	0.0650792
236.9	0.0649499
237	0.0648253
237.1	0.0647074
237.2	0.0645972
237.3	0.064485
237.4	0.0643705
237.5	0.0642579
237.6	0.0641476
237.7	0.0640345
237.8	0.0639174
237.9	0.063796
238	0.0636728
238.1	0.0635474
238.2	0.0634175
238.3	0.0632839
238.4	0.0631492
238.5	0.0630118
238.6	0.0628758
238.7	0.0627407
238.8	0.0626055
238.9	0.0624757
239	0.0623442
239.1	0.0622083
239.2	0.0620736
239.3	0.0619391
239.4	0.0618053
239.5	0.0616705
239.6	0.0615368
239.7	0.0614093
239.8	0.0612863
239.9	0.0611628
240	0.0610396
240.1	0.0609182
240.2	0.0607973
240.3	0.0606734
240.4	0.0605456
240.5	0.0604184
240.6	0.0602911
240.7	0.0601648
240.8	0.0600382
240.9	0.0599157
241	0.0597902
241.1	0.0596618
241.2	0.0595323
241.3	0.0594027
241.4	0.0592703
241.5	0.0591368
241.6	0.0590009
241.7	0.0588629
241.8	0.0587139
241.9	0.0585654
242	0.0584155
242.1	0.0582666
242.2	0.0581175
242.3	0.0579695
242.4	0.0578263
242.5	0.0576794
242.6	0.0575326
242.7	0.0573839
242.8	0.0572336
242.9	0.057081
243	0.0569244
243.1	0.05676
243.2	0.0565927
243.3	0.05642
243.4	0.0562467
243.5	0.056074
243.6	0.055897
243.7	0.0557193
243.8	0.0555446
243.9	0.0553733
244	0.0552057
244.1	0.0550399
244.2	0.0548802
244.3	0.0547245
244.4	0.0545677
244.5	0.0544114
244.6	0.0542536
244.7	0.0540914
244.8	0.0539283
244.9	0.0537647
245	0.0535984
245.1	0.0534355
245.2	0.0532715
245.3	0.0531072
245.4	0.0529406
245.5	0.0527733
245.6	0.052601
245.7	0.0524233
245.8	0.0522428
245.9	0.0520646
246	0.0518892
246.1	0.0517134
246.2	0.0515388
246.3	0.0513682
246.4	0.0512017
246.5	0.0510363
246.6	0.0508689
246.7	0.0507016
246.8	0.0505379
246.9	0.0503752
247	0.0502111
247.1	0.0500469
247.2	0.0498835
247.3	0.0497226
247.4	0.0495678
247.5	0.0494165
247.6	0.0492651
247.7	0.0491133
247.8	0.0489611
247.9	0.0488089
248	0.0486577
248.1	0.0485067
248.2	0.0483526
248.3	0.0481978
248.4	0.0480427
248.5	0.0478837
248.6	0.0477208
248.7	0.0475536
248.8	0.0473845
248.9	0.0472179
249	0.0470551
249.1	0.0468908
249.2	0.0467246
249.3	0.0465559
249.4	0.0463845
249.5	0.046212
249.6	0.0460395
249.7	0.045871
249.8	0.0457051
249.9	0.0455453
250	0.0453871
250.1	0.0452291
250.2	0.0450771
250.3	0.0449274
250.4	0.0447806
250.5	0.0446349
250.6	0.0444912
250.7	0.0443471
250.8	0.0442023
250.9	0.0440518
251	0.0438944
251.1	0.0437337
251.2	0.0435672
251.3	0.0433971
251.4	0.0432286
251.5	0.04306
251.6	0.0428935
251.7	0.0427259
251.8	0.0425545
251.9	0.0423834
252	0.0422052
252.1	0.0420222
252.2	0.0418391
252.3	0.0416572
252.4	0.0414751
252.5	0.0412941
252.6	0.0411131
252.7	0.04093
252.8	0.0407495
252.9	0.0405694
253	0.0403918
253.1	0.0402145
253.2	0.0400417
253.3	0.0398703
253.4	0.039697
253.5	0.0395221
253.6	0.0393463
253.7	0.0391732
253.8	0.0390041
253.9	0.0388365
254	0.0386698
254.1	0.0384961
254.2	0.0383219
254.3	0.0381492
254.4	0.037985
254.5	0.0378274
254.6	0.0376729
254.7	0.0375137
254.8	0.0373517
254.9	0.0371898
255	0.0370316
255.1	0.0368727
255.2	0.0367151
255.3	0.0365549
255.4	0.0363882
255.5	0.036221
255.6	0.0360504
255.7	0.0358765
255.8	0.0356939
255.9	0.0355036
256	0.0353093
256.1	0.0351147
256.2	0.0349199
256.3	0.0347251
256.4	0.0345313
256.5	0.0343377
256.6	0.0341464
256.7	0.0339527
256.8	0.0337599
256.9	0.0335672
257	0.0333684
257.1	0.0331701
257.2	0.0329716
257.3	0.0327769
257.4	0.032587
257.5	0.0324032
257.6	0.0322252
257.7	0.0320464
257.8	0.0318698
257.9	0.0316953
258	0.0315257
258.1	0.0313617
258.2	0.0312029
258.3	0.0310422
258.4	0.0308773
258.5	0.030707
258.6	0.0305319
258.7	0.0303591
258.8	0.0301867
258.9	0.0300162
259	0.0298448
259.1	0.0296733
259.2	0.0295006
259.3	0.0293296
259.4	0.0291625
259.5	0.0289997
259.6	0.028838
259.7	0.0286732
259.8	0.0285104
259.9	0.028348
260	0.0281881
260.1	0.028028
260.2	0.0278686
260.3	0.0277135
260.4	0.0275653
260.5	0.0274205
260.6	0.027277
260.7	0.0271343
260.8	0.026988
260.9	0.0268459
261	0.0267054
261.1	0.0265664
261.2	0.0264274
261.3	0.0262881
261.4	0.0261476
261.5	0.0260062
261.6	0.0258674
261.7	0.0257253
261.8	0.0255779
261.9	0.0254243
262	0.0252679
262.1	0.0251113
262.2	0.0249547
262.3	0.0247993
262.4	0.0246428
262.5	0.0244902
262.6	0.0243358
262.7	0.0241777
262.8	0.024017
262.9	0.0238602
263	0.0237058
263.1	0.0235541
263.2	0.0234034
263.3	0.0232546
263.4	0.0231095
263.5	0.0229664
263.6	0.0228258
263.7	0.0226861
263.8	0.0225524
263.9	0.0224235
264	0.0222977
264.1	0.0221743
264.2	0.022051
264.3	0.0219235
264.4	0.0217952
264.5	0.0216662
264.6	0.0215361
264.7	0.0214074
264.8	0.0212763
264.9	0.0211425
265	0.0210064
265.1	0.0208705
265.2	0.0207367
265.3	0.0206044
265.4	0.020469
265.5	0.0203358
265.6	0.0201995
265.7	0.0200588
265.8	0.0199111
265.9	0.0197594
266	0.0196052
266.1	0.0194481
266.2	0.019293
266.3	0.0191386
266.4	0.0189845
266.5	0.0188306
266.6	0.0186767
266.7	0.018522
266.8	0.0183696
266.9	0.0182205
267	0.0180749
267.1	0.0179276
267.2	0.017781
267.3	0.017634
267.4	0.0174828
267.5	0.0173285
267.6	0.0171736
267.7	0.017021
267.8	0.0168682
267.9	0.0167129
268	0.0165559
268.1	0.0163966
268.2	0.016236
268.3	0.0160739
268.4	0.0159066
268.5	0.0157353
268.6	0.0155596
268.7	0.0153872
268.8	0.0152151
268.9	0.0150467
269	0.0148826
269.1	0.0147226
269.2	0.0145641
269.3	0.014405
269.4	0.0142479
269.5	0.0140909
269.6	0.0139322
269.7	0.0137701
269.8	0.0136036
269.9	0.0134325
270	0.0132597
270.1	0.0130931
270.2	0.0129273
270.3	0.0127626
270.4	0.0126004
270.5	0.0124405
270.6	0.0122822
270.7	0.0121235
270.8	0.0119679
270.9	0.0118117
271	0.0116569
271.1	0.0115
271.2	0.0113389
271.3	0.0111821
271.4	0.0110248
271.5	0.0108626
271.6	0.0106936
271.7	0.0105152
271.8	0.0103348
271.9	0.0101544
272	0.00997497
272.1	0.00979527
272.2	0.00961698
272.3	0.00943684
272.4	0.00925805
272.5	0.00908097
272.6	0.00890126
272.7	0.00872009
272.8	0.00853913
272.9	0.00836031
273	0.0081795
273.1	0.00799874
273.2	0.00781659
273.3	0.00764051
273.4	0.00746967
273.5	0.007299
273.6	0.0071227
273.7	0.00693985
273.8	0.00675025
273.9	0.00655815
274	0.00636206
274.1	0.00616513
274.2	0.00596995
274.3	0.00577596
274.4	0.00558109
274.5	0.00538796
274.6	0.00519833
274.7	0.00501262
274.8	0.00483128
274.9	0.00465024
275	0.00446997
275.1	0.00429156
275.2	0.0041194
275.3	0.00395242
275.4	0.00378853
275.5	0.00362215
275.6	0.00345415
275.7	0.00328893
275.8	0.00312449
275.9	0.00296108
276	0.0027974
276.1	0.00263037
276.2	0.00246201
276.3	0.00230043
276.4	0.0021439
276.5	0.00198876
276.6	0.00183387
276.7	0.00168633
276.8	0.00154467
276.9	0.00140513
277	0.00126283
277.1	0.00111748
277.2	0.0009712
277.3	0.000822819
277.4	0.000674687
277.5	0.00052472
277.6	0.000373778
277.7	0.000221955
277.8	7.58979e-05
277.9	-7.23853e-05
278	-0.000224637
278.1	-0.000383522
278.2	-0.000547564
278.3	-0.000711172
278.4	-0.000874306
278.5	-0.00103673
278.6	-0.00120126
278.7	-0.0013655
278.8	-0.00152969
278.9	-0.00169085
279	-0.00184812
279.1	-0.00200524
279.2	-0.00215985
279.3	-0.00231108
279.4	-0.00246067
279.5	-0.00260434
279.6	-0.00274391
279.7	-0.00288275
279.8	-0.00302432
279.9	-0.0031679
280	-0.00330858
280.1	-0.00344775
280.2	-0.00358623
280.3	-0.0037289
280.4	-0.0038728
280.5	-0.00401684
280.6	-0.00415917
280.7	-0.00429522
280.8	-0.0044291
280.9	-0.00456452
281	-0.00469882
281.1	-0.00483031
281.2	-0.00495782
281.3	-0.00507837
281.4	-0.00519626
281.5	-0.00531062
281.6	-0.00542243
281.7	-0.00553801
281.8	-0.00565642
281.9	-0.00577681
282	-0.00589647
282.1	-0.00601665
282.2	-0.0061425
282.3	-0.00626983
282.4	-0.00639414
282.5	-0.00652067
282.6	-0.0066473
282.7	-0.0067753
282.8	-0.00690184
282.9	-0.00702257
283	-0.00713978
283.1	-0.00725654
283.2	-0.0073701
283.3	-0.00748241
283.4	-0.00759712
283.5	-0.00771515
283.6	-0.00783851
283.7	-0.00796235
283.8	-0.00808477
283.9	-0.00820744
284	-0.00833094
284.1	-0.00845589
284.2	-0.00858015
284.3	-0.00870177
284.4	-0.00882486
284.5	-0.00894762
284.6	-0.00906622
284.7	-0.00918131
284.8	-0.00929361
284.9	-0.0094022
285	-0.00950207
285.1	-0.00960058
285.2	-0.00969653
285.3	-0.00979024
285.4	-0.00988242
285.5	-0.0099748
285.6	-0.0100654
285.7	-0.0101495
285.8	-0.0102305
285.9	-0.0103076
286	-0.0103836
286.1	-0.0104593
286.2	-0.0105368
286.3	-0.0106156
286.4	-0.010694
286.5	-0.0107713
286.6	-0.010845
286.7	-0.0109201
286.8	-0.0109974
286.9	-0.0110719
287	-0.0111446
287.1	-0.0112179
287.2	-0.0112938
287.3	-0.0113683
287.4	-0.011443
287.5	-0.0115184
287.6	-0.0115917
287.7	-0.0116587
287.8	-0.0117222
287.9	-0.0117895
288	-0.0118663
288.1	-0.0119484
288.2	-0.0120283
288.3	-0.0121042
288.4	-0.0121713
288.5	-0.0122371
288.6	-0.0122973
288.7	-0.0123586
288.8	-0.0124187
288.9	-0.0124819
289	-0.0125462
289.1	-0.0126089
289.2	-0.0126715
289.3	-0.0127305
289.4	-0.0127882
289.5	-0.0128483
289.6	-0.0129077
289.7	-0.0129693
289.8	-0.0130238
289.9	-0.0130809
290	-0.0131415
290.1	-0.0131984
290.2	-0.0132561
290.3	-0.0133091
290.4	-0.0133619
290.5	-0.0134138
290.6	-0.0134642
290.7	-0.0135159
290.8	-0.0135706
290.9	-0.0136246
291	-0.0136789
291.1	-0.0137381
291.2	-0.0138012
291.3	-0.0138655
291.4	-0.013927
291.5	-0.0139836
291.6	-0.014039
291.7	-0.0140939
291.8	-0.0141487
291.9	-0.0142048
292	-0.0142678
292.1	-0.0143358
292.2	-0.0144045
292.3	-0.0144747
292.4	-0.0145446
292.5	-0.0146081
292.6	-0.0146718
292.7	-0.0147336
292.8	-0.0147983
292.9	-0.0148646
293	-0.0149313
293.1	-0.0149976
293.2	-0.015066
293.3	-0.0151332
293.4	-0.0151972
293.5	-0.0152562
293.6	-0.0153141
293.7	-0.0153686
293.8	-0.0154228
293.9	-0.0154707
294	-0.0155114
294.1	-0.0155493
294.2	-0.0155874
294.3	-0.0156261
294.4	-0.0156644
294.5	-0.0157017
294.6	-0.0157415
294.7	-0.015778
294.8	-0.0158128
294.9	-0.0158517
295	-0.0158898
295.1	-0.0159229
295.2	-0.015956
295.3	-0.0159836
295.4	-0.0160089
295.5	-0.0160333
295.6	-0.01606
295.7	-0.0160877
295.8	-0.0161125
295.9	-0.0161357
296	-0.0161582
296.1	-0.0161811
296.2	-0.0162056
296.3	-0.0162306
296.4	-0.0162517
296.5	-0.0162721
296.6	-0.0162901
296.7	-0.0163062
296.8	-0.0163203
296.9	-0.016333
297	-0.0163427
297.1	-0.016358
297.2	-0.0163713
297.3	-0.0163817
297.4	-0.0163872
297.5	-0.0163931
297.6	-0.0164008
297.7	-0.0164088
297.8	-0.0164204
297.9	-0.0164308
298	-0.0164415
298.1	-0.0164541
298.2	-0.0164644
298.3	-0.0164762
298.4	-0.0164942
298.5	-0.0165174
298.6	-0.0165465
298.7	-0.0165783
298.8	-0.0166115
298.9	-0.0166444
299	-0.01668
299.1	-0.0167228
299.2	-0.0167706
299.3	-0.0168206
299.4	-0.0168697
299.5	-0.0169185
299.6	-0.0169739
299.7	-0.0170331
299.8	-0.0170903
299.9	-0.017142
300	-0.0171869
300.1	-0.0172261
300.2	-0.0172678
300.3	-0.0173123
300.4	-0.0173548
300.5	-0.0173963
300.6	-0.017441
300.7	-0.0174874
300.8	-0.0175424
300.9	-0.0176008
301	-0.017656
301.1	-0.0177049
301.2	-0.0177471
301.3	-0.0177848
301.4	-0.0178219
301.5	-0.0178594
301.6	-0.0178965
301.7	-0.0179345
301.8	-0.0179724
301.9	-0.0180036
302	-0.0180366
302.1	-0.0180739
302.2	-0.0181142
302.3	-0.0181562
302.4	-0.0182028
302.5	-0.0182523
302.6	-0.0183017
302.7	-0.0183533
302.8	-0.0184076
302.9	-0.0184627
303	-0.0185145
303.1	-0.018567
303.2	-0.0186194
303.3	-0.0186745
303.4	-0.0187363
303.5	-0.0187996
303.6	-0.0188649
303.7	-0.0189357
303.8	-0.0190099
303.9	-0.0190844
304	-0.0191551
304.1	-0.0192197
304.2	-0.0192839
304.3	-0.0193516
304.4	-0.0194244
304.5	-0.0195015
304.6	-0.0195814
304.7	-0.0196622
304.8	-0.0197419
304.9	-0.0198178
305	-0.0198915
305.1	-0.0199615
305.2	-0.0200271
305.3	-0.0200917
305.4	-0.0201546
305.5	-0.0202146
305.6	-0.0202718
305.7	-0.0203309
305.8	-0.0203918
305.9	-0.0204528
306	-0.0205134
306.1	-0.0205747
306.2	-0.0206403
306.3	-0.0207087
306.4	-0.0207833
306.5	-0.0208589
306.6	-0.0209338
306.7	-0.0210062
306.8	-0.0210794
306.9	-0.0211515
307	-0.0212262
307.1	-0.0212952
307.2	-0.0213696
307.3	-0.0214441
307.4	-0.0215167
307.5	-0.0215846
307.6	-0.0216514
307.7	-0.0217142
307.8	-0.021776
307.9	-0.0218403
308	-0.0219098
308.1	-0.0219785
308.2	-0.0220438
308.3	-0.022112
308.4	-0.0221795
308.5	-0.0222487
308.6	-0.0223212
308.7	-0.0223984
308.8	-0.0224784
308.9	-0.0225586
309	-0.0226419
309.1	-0.0227291
309.2	-0.0228199
309.3	-0.0229136
309.4	-0.0230102
309.5	-0.0231075
309.6	-0.0232071
309.7	-0.0233069
309.8	-0.0234022
309.9	-0.0234951
310	-0.023583
310.1	-0.0236689
310.2	-0.0237527
310.3	-0.0238324
310.4	-0.0239095
310.5	-0.0239818
310.6	-0.0240511
310.7	-0.0241176
310.8	-0.0241868
310.9	-0.0242569
311	-0.024328
311.1	-0.0243969
311.2	-0.0244666
311.3	-0.0245373
311.4	-0.0246075
311.5	-0.0246805
311.6	-0.0247527
311.7	-0.0248238
311.8	-0.0248956
311.9	-0.0249697
312	-0.0250409
312.1	-0.0251112
312.2	-0.0251842
312.3	-0.0252555
312.4	-0.025322
312.5	-0.0253859
312.6	-0.0254489
312.7	-0.025513
312.8	-0.0255781
312.9	-0.0256446
313	-0.0257064
313.1	-0.0257677
313.2	-0.0258333
313.3	-0.0258993
313.4	-0.0259655
313.5	-0.026031
313.6	-0.0260947
313.7	-0.0261535
313.8	-0.026209
313.9	-0.0262609
314	-0.0263136
314.1	-0.0263711
314.2	-0.026431
314.3	-0.0264891
314.4	-0.0265413
314.5	-0.0265893
314.6	-0.026634
314.7	-0.026677
314.8	-0.0267211
314.9	-0.0267726
315	-0.0268288
315.1	-0.0268881
315.2	-0.026943
315.3	-0.0269938
315.4	-0.0270403
315.5	-0.0270829
315.6	-0.0271278
315.7	-0.0271695
315.8	-0.0272114
315.9	-0.0272491
316	-0.027282
316.1	-0.0273163
316.2	-0.0273533
316.3	-0.0273912
316.4	-0.0274309
316.5	-0.0274712
316.6	-0.0275087
316.7	-0.0275441
316.8	-0.0275752
316.9	-0.027603
317	-0.0276296
317.1	-0.0276613
317.2	-0.0276933
317.3	-0.0277213
317.4	-0.0277474
317.5	-0.0277739
317.6	-0.0278023
317.7	-0.0278291
317.8	-0.0278609
317.9	-0.0278938
318	-0.0279309
318.1	-0.0279679
318.2	-0.0280057
318.3	-0.028041
318.4	-0.0280787
318.5	-0.0281188
318.6	-0.028158
318.7	-0.0281951
318.8	-0.0282295
318.9	-0.0282664
319	-0.0282998
319.1	-0.0283249
319.2	-0.0283425
319.3	-0.0283523
319.4	-0.0283618
319.5	-0.0283709
319.6	-0.0283763
319.7	-0.0283813
319.8	-0.0283884
319.9	-0.0283937
320	-0.0283969
320.1	-0.0283899
320.2	-0.0283738
320.3	-0.0283505
320.4	-0.0283279
320.5	-0.0283102
320.6	-0.028291
320.7	-0.0282695
320.8	-0.0282459
320.9	-0.0282232
321	-0.0282008
321.1	-0.0281862
321.2	-0.0281706
321.3	-0.0281513
321.4	-0.0281305
321.5	-0.0281085
321.6	-0.0280848
321.7	-0.0280604
321.8	-0.0280327
321.9	-0.0280051
322	-0.027975
322.1	-0.0279413
322.2	-0.027907
322.3	-0.0278753
322.4	-0.0278432
322.5	-0.0278139
322.6	-0.0277818
322.7	-0.0277457
322.8	-0.0277098
322.9	-0.0276766
323	-0.0276444
323.1	-0.0276149
323.2	-0.027583
323.3	-0.0275489
323.4	-0.027514
323.5	-0.0274798
323.6	-0.0274466
323.7	-0.0274133
323.8	-0.0273854
323.9	-0.0273557
324	-0.0273196
324.1	-0.0272823
324.2	-0.027242
324.3	-0.0272031
324.4	-0.0271628
324.5	-0.0271237
324.6	-0.0270887
324.7	-0.0270567
324.8	-0.0270254
324.9	-0.0269908
325	-0.0269553
325.1	-0.02692
325.2	-0.0268877
325.3	-0.0268553
325.4	-0.0268287
325.5	-0.0268077
325.6	-0.0267929
325.7	-0.0267804
325.8	-0.0267687
325.9	-0.0267591
326	-0.0267521
326.1	-0.0267441
326.2	-0.026728
326.3	-0.0267066
326.4	-0.0266829
326.5	-0.0266594
326.6	-0.026634
326.7	-0.026602
326.8	-0.0265717
326.9	-0.0265444
327	-0.0265197
327.1	-0.0264936
327.2	-0.0264641
327.3	-0.0264348
327.4	-0.0264099
327.5	-0.0263838
327.6	-0.0263589
327.7	-0.0263341
327.8	-0.0263127
327.9	-0.0262935
328	-0.0262777
328.1	-0.0262695
328.2	-0.0262658
328.3	-0.0262613
328.4	-0.0262577
328.5	-0.026255
328.6	-0.0262523
328.7	-0.0262476
328.8	-0.0262403
328.9	-0.0262324
329	-0.0262203
329.1	-0.0262048
329.2	-0.026188
329.3	-0.0261727
329.4	-0.0261599
329.5	-0.0261443
329.6	-0.0261262
329.7	-0.0261061
329.8	-0.0260885
329.9	-0.0260748
330	-0.0260626
330.1	-0.0260509
330.2	-0.0260452
330.3	-0.0260473
330.4	-0.0260535
330.5	-0.0260651
330.6	-0.0260824
330.7	-0.0261035
330.8	-0.026126
330.9	-0.0261487
331	-0.02617
331.1	-0.0261904
331.2	-0.0262118
331.3	-0.0262323
331.4	-0.0262555
331.5	-0.0262753
331.6	-0.0262924
331.7	-0.0263069
331.8	-0.026319
331.9	-0.026332
332	-0.0263486
332.1	-0.0263681
332.2	-0.0263899
332.3	-0.0264085
332.4	-0.0264235
332.5	-0.026432
332.6	-0.0264393
332.7	-0.0264428
332.8	-0.0264464
332.9	-0.0264452
333	-0.0264423
333.1	-0.026436
333.2	-0.0264246
333.3	-0.0264175
333.4	-0.0264172
333.5	-0.0264204
333.6	-0.0264236
333.7	-0.0264287
333.8	-0.0264388
333.9	-0.0264532
334	-0.0264696
334.1	-0.0264851
334.2	-0.0264972
334.3	-0.0265122
334.4	-0.0265254
334.5	-0.0265315
334.6	-0.0265357
334.7	-0.0265383
334.8	-0.0265404
334.9	-0.0265395
335	-0.0265326
335.1	-0.0265266
335.2	-0.0265226
335.3	-0.0265235
335.4	-0.0265311
335.5	-0.0265371
335.6	-0.0265475
335.7	-0.0265617
335.8	-0.0265787
335.9	-0.0266051
336	-0.02664
336.1	-0.0266787
336.2	-0.0267185
336.3	-0.0267587
336.4	-0.0267944
336.5	-0.0268273
336.6	-0.0268601
336.7	-0.0268927
336.8	-0.0269226
336.9	-0.0269513
337	-0.0269813
337.1	-0.0270124
337.2	-0.0270435
337.3	-0.0270731
337.4	-0.0271
337.5	-0.0271258
337.6	-0.0271573
337.7	-0.0271919
337.8	-0.0272272
337.9	-0.0272618
338	-0.0272925
338.1	-0.0273162
338.2	-0.0273381
338.3	-0.0273563
338.4	-0.0273745
338.5	-0.0274007
338.6	-0.0274342
338.7	-0.0274711
338.8	-0.0275104
338.9	-0.0275473
339	-0.0275822
339.1	-0.0276166
339.2	-0.0276562
339.3	-0.0276992
339.4	-0.0277457
339.5	-0.0277963
339.6	-0.0278479
339.7	-0.0278973
339.8	-0.0279436
339.9	-0.0279886
340	-0.0280319
340.1	-0.02808
340.2	-0.02813
340.3	-0.0281763
340.4	-0.0282183
340.5	-0.0282664
340.6	-0.0283184
340.7	-0.0283742
340.8	-0.0284301
340.9	-0.0284889
341	-0.0285451
341.1	-0.0286035
341.2	-0.0286649
341.3	-0.0287271
341.4	-0.0287937
341.5	-0.0288642
341.6	-0.0289343
341.7	-0.029005
341.8	-0.0290718
341.9	-0.0291383
342	-0.0292063
342.1	-0.0292752
342.2	-0.0293469
342.3	-0.0294198
342.4	-0.0294953
342.5	-0.0295682
342.6	-0.0296316
342.7	-0.0296864
342.8	-0.0297373
342.9	-0.0297876
343	-0.0298389
343.1	-0.0298922
343.2	-0.0299428
343.3	-0.0299977
343.4	-0.0300602
343.5	-0.0301265
343.6	-0.0301927
343.7	-0.0302588
343.8	-0.0303287
343.9	-0.0304033
344	-0.030478
344.1	-0.0305532
344.2	-0.0306297
344.3	-0.0306984
344.4	-0.030762
344.5	-0.0308214
344.6	-0.0308796
344.7	-0.0309375
344.8	-0.0309949
344.9	-0.0310485
345	-0.031104
345.1	-0.0311581
345.2	-0.0312116
345.3	-0.031266
345.4	-0.0313233
345.5	-0.0313875
345.6	-0.031458
345.7	-0.0315313
345.8	-0.0315994
345.9	-0.0316651
346	-0.0317341
346.1	-0.0318008
346.2	-0.0318695
346.3	-0.0319446
346.4	-0.0320201
346.5	-0.0320966
346.6	-0.0321753
346.7	-0.0322543
346.8	-0.0323349
346.9	-0.0324154
347	-0.0324907
347.1	-0.0325618
347.2	-0.0326277
347.3	-0.0326895
347.4	-0.0327517
347.5	-0.0328167
347.6	-0.0328873
347.7	-0.0329597
347.8	-0.0330307
347.9	-0.033099
348	-0.0331627
348.1	-0.0332258
348.2	-0.0332881
348.3	-0.0333508
348.4	-0.033419
348.5	-0.0334926
348.6	-0.0335683
348.7	-0.0336431
348.8	-0.033715
348.9	-0.0337815
349	-0.033848
349.1	-0.0339191
349.2	-0.0339914
349.3	-0.0340621
349.4	-0.0341304
349.5	-0.0341934
349.6	-0.0342536
349.7	-0.034317
349.8	-0.034382
349.9	-0.0344461
350	-0.0345125
350.1	-0.0345754
350.2	-0.034635
350.3	-0.0346935
350.4	-0.0347555
350.5	-0.0348212
350.6	-0.0348897
350.7	-0.03496
350.8	-0.0350331
350.9	-0.035107
351	-0.0351772
351.1	-0.0352471
351.2	-0.0353178
351.3	-0.0353897
351.4	-0.0354577
351.5	-0.0355234
351.6	-0.0355904
351.7	-0.0356622
351.8	-0.0357325
351.9	-0.0357977
352	-0.0358614
352.1	-0.0359268
352.2	-0.0359904
352.3	-0.0360475
352.4	-0.0361048
352.5	-0.0361632
352.6	-0.03622
352.7	-0.0362751
352.8	-0.0363278
352.9	-0.0363799
353	-0.0364339
353.1	-0.0364894
353.2	-0.0365482
353.3	-0.036607
353.4	-0.0366626
353.5	-0.0367147
353.6	-0.0367689
353.7	-0.0368219
353.8	-0.0368751
353.9	-0.0369291
354	-0.0369851
354.1	-0.0370435
354.2	-0.0371044
354.3	-0.0371727
354.4	-0.0372473
354.5	-0.0373212
354.6	-0.0373966
354.7	-0.037472
354.8	-0.0375462
354.9	-0.0376154
355	-0.0376826
355.1	-0.0377473
355.2	-0.0378128
355.3	-0.0378744
355.4	-0.0379343
355.5	-0.0379976
355.6	-0.0380606
355.7	-0.0381214
355.8	-0.0381754
355.9	-0.0382234
356	-0.0382699
356.1	-0.0383144
356.2	-0.0383539
356.3	-0.0383896
356.4	-0.0384193
356.5	-0.0384478
356.6	-0.0384713
356.7	-0.0384939
356.8	-0.0385133
356.9	-0.0385272
357	-0.0385405
357.1	-0.0385534
357.2	-0.0385698
357.3	-0.0385891
357.4	-0.0386015
357.5	-0.0386106
357.6	-0.0386238
357.7	-0.0386368
357.8	-0.038646
357.9	-0.0386523
358	-0.0386602
358.1	-0.0386652
358.2	-0.0386703
358.3	-0.0386696
358.4	-0.0386608
358.5	-0.0386491
358.6	-0.0386364
358.7	-0.0386278
358.8	-0.0386218
358.9	-0.038615
359	-0.0386026
359.1	-0.0385931
359.2	-0.0385914
359.3	-0.038592
359.4	-0.0385897
359.5	-0.0385818
359.6	-0.0385698
359.7	-0.0385543
359.8	-0.0385365
359.9	-0.0385204
360	-0.0385037
360.1	-0.0384865
360.2	-0.0384734
360.3	-0.0384617
360.4	-0.0384553
360.5	-0.0384526
360.6	-0.0384515
360.7	-0.0384451
360.8	-0.0384386
360.9	-0.0384322
361	-0.0384204
361.1	-0.0384086
361.2	-0.0384008
361.3	-0.0383893
361.4	-0.0383726
361.5	-0.0383492
361.6	-0.0383216
361.7	-0.0382939
361.8	-0.0382721
361.9	-0.0382533
362	-0.0382333
362.1	-0.0382145
362.2	-0.0381991
362.3	-0.0381847
362.4	-0.0381737
362.5	-0.038164
362.6	-0.0381552
362.7	-0.0381509
362.8	-0.0381491
362.9	-0.0381476
363	-0.0381479
363.1	-0.0381451
363.2	-0.0381443
363.3	-0.0381448
363.4	-0.0381486
363.5	-0.0381547
363.6	-0.0381564
363.7	-0.0381546
363.8	-0.038146
363.9	-0.038134
364	-0.0381219
364.1	-0.0381123
364.2	-0.0381043
364.3	-0.0380956
364.4	-0.0380851
364.5	-0.0380801
364.6	-0.0380799
364.7	-0.0380796
364.8	-0.0380751
364.9	-0.0380669
365	-0.0380612
365.1	-0.0380569
365.2	-0.038055
365.3	-0.0380545
365.4	-0.0380545
365.5	-0.0380561
365.6	-0.038059
365.7	-0.0380622
365.8	-0.0380644
365.9	-0.0380659
366	-0.0380658
366.1	-0.0380663
366.2	-0.0380701
366.3	-0.0380724
366.4	-0.0380696
366.5	-0.0380668
366.6	-0.0380677
366.7	-0.038066
366.8	-0.0380648
366.9	-0.0380679
367	-0.0380723
367.1	-0.0380785
367.2	-0.0380865
367.3	-0.0380951
367.4	-0.0381059
367.5	-0.0381141
367.6	-0.0381233
367.7	-0.0381357
367.8	-0.0381475
367.9	-0.0381605
368	-0.038175
368.1	-0.0381914
368.2	-0.0382145
368.3	-0.0382383
368.4	-0.0382595
368.5	-0.0382764
368.6	-0.0382953
368.7	-0.038315
368.8	-0.0383321
368.9	-0.0383471
369	-0.038366
369.1	-0.0383834
369.2	-0.0383993
369.3	-0.0384139
369.4	-0.0384248
369.5	-0.0384331
369.6	-0.0384397
369.7	-0.0384464
369.8	-0.0384567
369.9	-0.0384718
370	-0.0384897
370.1	-0.0385065
370.2	-0.0385225
370.3	-0.038534
370.4	-0.0385434
370.5	-0.0385481
370.6	-0.0385519
370.7	-0.0385554
370.8	-0.0385553
370.9	-0.0385518
371	-0.0385473
371.1	-0.0385405
371.2	-0.0385276
371.3	-0.0385145
371.4	-0.0384988
371.5	-0.0384791
371.6	-0.0384526
371.7	-0.0384288
371.8	-0.0384062
371.9	-0.0383827
372	-0.0383589
372.1	-0.0383369
372.2	-0.0383136
372.3	-0.0382886
372.4	-0.0382623
372.5	-0.0382348
372.6	-0.0382069
372.7	-0.0381798
372.8	-0.0381542
372.9	-0.0381307
373	-0.0381084
373.1	-0.0380839
373.2	-0.0380491
373.3	-0.0380081
373.4	-0.0379639
373.5	-0.0379181
373.6	-0.0378683
373.7	-0.0378211
373.8	-0.0377804
373.9	-0.0377471
374	-0.0377181
374.1	-0.0376884
374.2	-0.0376615
374.3	-0.0376378
374.4	-0.0376157
374.5	-0.0375972
374.6	-0.0375766
374.7	-0.0375603
374.8	-0.0375447
374.9	-0.0375304
375	-0.0375135
375.1	-0.0374892
375.2	-0.0374644
375.3	-0.0374366
375.4	-0.0374117
375.5	-0.0373853
375.6	-0.0373616
375.7	-0.037343
375.8	-0.0373299
375.9	-0.0373235
376	-0.0373193
376.1	-0.0373148
376.2	-0.0373112
376.3	-0.0373035
376.4	-0.037293
376.5	-0.0372856
376.6	-0.0372746
376.7	-0.0372587
376.8	-0.0372397
376.9	-0.0372203
377	-0.0371982
377.1	-0.0371827
377.2	-0.0371722
377.3	-0.0371633
377.4	-0.0371556
377.5	-0.0371506
377.6	-0.0371463
377.7	-0.0371388
377.8	-0.0371304
377.9	-0.0371196
378	-0.0371096
378.1	-0.0370971
378.2	-0.0370823
378.3	-0.0370724
378.4	-0.0370663
378.5	-0.0370607
378.6	-0.0370541
378.7	-0.0370494
378.8	-0.0370529
378.9	-0.037059
379	-0.037067
379.1	-0.0370791
379.2	-0.0370931
379.3	-0.0371118
379.4	-0.0371331
379.5	-0.037162
379.6	-0.0371931
379.7	-0.0372294
379.8	-0.0372682
379.9	-0.0373057
380	-0.0373455
380.1	-0.0373872
380.2	-0.0374279
380.3	-0.0374702
380.4	-0.0375173
380.5	-0.037569
380.6	-0.0376188
380.7	-0.0376631
380.8	-0.0377064
380.9	-0.0377471
381	-0.0377848
381.1	-0.0378248
381.2	-0.0378636
381.3	-0.0379052
381.4	-0.0379447
381.5	-0.0379839
381.6	-0.0380245
381.7	-0.0380611
381.8	-0.0380993
381.9	-0.0381377
382	-0.0381739
382.1	-0.0382106
382.2	-0.0382484
382.3	-0.0382895
382.4	-0.0383278
382.5	-0.0383684
382.6	-0.0384087
382.7	-0.0384465
382.8	-0.0384841
382.9	-0.0385206
383	-0.038558
383.1	-0.038593
383.2	-0.0386227
383.3	-0.038654
383.4	-0.0386808
383.5	-0.0387043
383.6	-0.038733
383.7	-0.0387676
383.8	-0.0388073
383.9	-0.0388499
384	-0.0388923
384.1	-0.0389307
384.2	-0.0389684
384.3	-0.039006
384.4	-0.0390426
384.5	-0.0390788
384.6	-0.0391147
384.7	-0.0391481
384.8	-0.0391772
384.9	-0.0392058
385	-0.0392289
385.1	-0.0392566
385.2	-0.0392882
385.3	-0.0393227
385.4	-0.0393518
385.5	-0.0393801
385.6	-0.0394037
385.7	-0.0394259
385.8	-0.0394493
385.9	-0.039475
386	-0.039496
386.1	-0.0395153
386.2	-0.0395321
386.3	-0.0395485
386.4	-0.0395572
386.5	-0.0395601
386.6	-0.0395646
386.7	-0.0395696
386.8	-0.0395757
386.9	-0.0395823
387	-0.0395854
387.1	-0.0395894
387.2	-0.0395971
387.3	-0.0396032
387.4	-0.0396081
387.5	-0.0396128
387.6	-0.0396187
387.7	-0.0396203
387.8	-0.0396151
387.9	-0.0396063
388	-0.0395942
388.1	-0.039589
388.2	-0.0395848
388.3	-0.0395802
388.4	-0.0395721
388.5	-0.0395678
388.6	-0.0395698
388.7	-0.0395756
388.8	-0.0395856
388.9	-0.0395947
389	-0.0396027
389.1	-0.0396056
389.2	-0.0396121
389.3	-0.0396161
389.4	-0.0396198
389.5	-0.0396238
389.6	-0.0396276
389.7	-0.0396369
389.8	-0.0396441
389.9	-0.0396519
390	-0.0396594
390.1	-0.0396669
390.2	-0.0396778
390.3	-0.0396885
390.4	-0.0396967
390.5	-0.0396978
390.6	-0.0396947
390.7	-0.0396888
390.8	-0.0396825
390.9	-0.0396786
391	-0.039664
391.1	-0.0396418
391.2	-0.0396146
391.3	-0.0395836
391.4	-0.0395533
391.5	-0.0395227
391.6	-0.0394891
391.7	-0.0394545
391.8	-0.0394174
391.9	-0.0393767
392	-0.0393396
392.1	-0.0393027
392.2	-0.039265
392.3	-0.0392239
392.4	-0.0391809
392.5	-0.0391354
392.6	-0.0390969
392.7	-0.0390649
392.8	-0.0390341
392.9	-0.0390005
393	-0.0389664
393.1	-0.0389314
393.2	-0.0388978
393.3	-0.0388628
393.4	-0.0388292
393.5	-0.0387974
393.6	-0.0387631
393.7	-0.0387269
393.8	-0.0386958
393.9	-0.0386667
394	-0.0386408
394.1	-0.0386196
394.2	-0.0385983
394.3	-0.038575
394.4	-0.0385499
394.5	-0.0385263
394.6	-0.0385037
394.7	-0.0384834
394.8	-0.0384633
394.9	-0.0384427
395	-0.0384217
395.1	-0.0384003
395.2	-0.0383806
395.3	-0.038357
395.4	-0.0383281
395.5	-0.038294
395.6	-0.0382583
395.7	-0.0382262
395.8	-0.038196
395.9	-0.0381657
396	-0.0381352
396.1	-0.0381091
396.2	-0.0380868
396.3	-0.0380689
396.4	-0.0380562
396.5	-0.0380468
396.6	-0.0380392
396.7	-0.0380266
396.8	-0.0380099
396.9	-0.0379947
397	-0.0379869
397.1	-0.0379802
397.2	-0.0379698
397.3	-0.0379571
397.4	-0.0379449
397.5	-0.037934
397.6	-0.0379261
397.7	-0.0379192
397.8	-0.0379118
397.9	-0.0379059
398	-0.0379035
398.1	-0.0379011
398.2	-0.0378969
398.3	-0.0379011
398.4	-0.0379047
398.5	-0.0379041
398.6	-0.037897
398.7	-0.0378878
398.8	-0.037877
398.9	-0.0378621
399	-0.0378442
399.1	-0.0378219
399.2	-0.0377963
399.3	-0.037767
399.4	-0.0377349
399.5	-0.0377024
399.6	-0.0376684
399.7	-0.0376366
399.8	-0.0376036
399.9	-0.0375706
400	-0.0375395
400.1	-0.0375123
400.2	-0.0374891
400.3	-0.0374664
400.4	-0.0374425
400.5	-0.037421
400.6	-0.0374042
400.7	-0.0373879
400.8	-0.0373677
400.9	-0.0373412
401	-0.0373172
401.1	-0.037295
401.2	-0.0372691
401.3	-0.0372387
401.4	-0.0372094
401.5	-0.037178
401.6	-0.0371476
401.7	-0.0371195
401.8	-0.0370969
401.9	-0.0370757
402	-0.0370529
402.1	-0.0370284
402.2	-0.0369997
402.3	-0.036971
402.4	-0.0369459
402.5	-0.0369237
402.6	-0.0369038
402.7	-0.0368848
402.8	-0.0368661
402.9	-0.0368494
403	-0.0368376
403.1	-0.0368311
403.2	-0.0368231
403.3	-0.0368113
403.4	-0.0367993
403.5	-0.0367891
403.6	-0.0367817
403.7	-0.0367766
403.8	-0.036772
403.9	-0.0367735
404	-0.0367807
404.1	-0.036795
404.2	-0.0368152
404.3	-0.0368333
404.4	-0.0368514
404.5	-0.0368704
404.6	-0.0368882
404.7	-0.0369064
404.8	-0.0369263
404.9	-0.0369478
405	-0.0369675
405.1	-0.0369818
405.2	-0.0369928
405.3	-0.0369997
405.4	-0.0370021
405.5	-0.037001
405.6	-0.0370014
405.7	-0.0370026
405.8	-0.0370026
405.9	-0.0370018
406	-0.0370039
406.1	-0.0370104
406.2	-0.0370213
406.3	-0.0370336
406.4	-0.0370442
406.5	-0.0370551
406.6	-0.0370605
406.7	-0.037058
406.8	-0.0370517
406.9	-0.0370383
407	-0.0370169
407.1	-0.0369904
407.2	-0.0369621
407.3	-0.0369345
407.4	-0.0369091
407.5	-0.036884
407.6	-0.0368591
407.7	-0.0368336
407.8	-0.0368047
407.9	-0.0367741
408	-0.0367407
408.1	-0.0367007
408.2	-0.0366539
408.3	-0.0366073
408.4	-0.0365604
408.5	-0.036513
408.6	-0.0364667
408.7	-0.036422
408.8	-0.0363823
408.9	-0.0363466
409	-0.0363117
409.1	-0.0362801
409.2	-0.0362497
409.3	-0.0362201
409.4	-0.0361923
409.5	-0.0361631
409.6	-0.0361355
409.7	-0.0361147
409.8	-0.0360981
409.9	-0.0360788
410	-0.0360597
410.1	-0.0360442
410.2	-0.0360283
410.3	-0.0360096
410.4	-0.0359908
410.5	-0.0359674
410.6	-0.0359472
410.7	-0.0359278
410.8	-0.0359072
410.9	-0.0358902
411	-0.0358738
411.1	-0.035856
411.2	-0.0358433
411.3	-0.0358363
411.4	-0.035833
411.5	-0.0358328
411.6	-0.0358303
411.7	-0.0358258
411.8	-0.0358214
411.9	-0.0358191
412	-0.0358185
412.1	-0.0358213
412.2	-0.0358271
412.3	-0.0358347
412.4	-0.0358483
412.5	-0.0358648
412.6	-0.0358797
412.7	-0.035897
412.8	-0.035913
412.9	-0.0359311
413	-0.0359475
413.1	-0.0359628
413.2	-0.0359744
413.3	-0.0359864
413.4	-0.0359975
413.5	-0.0360065
413.6	-0.0360145
413.7	-0.0360247
413.8	-0.0360368
413.9	-0.0360495
414	-0.0360612
414.1	-0.0360762
414.2	-0.036094
414.3	-0.0361137
414.4	-0.036134
414.5	-0.0361503
414.6	-0.0361629
414.7	-0.0361737
414.8	-0.0361889
414.9	-0.0362062
415	-0.0362211
415.1	-0.0362334
415.2	-0.0362445
415.3	-0.0362595
415.4	-0.0362849
415.5	-0.0363164
415.6	-0.036354
415.7	-0.0363907
415.8	-0.036426
415.9	-0.0364622
416	-0.0365008
416.1	-0.0365373
416.2	-0.0365701
416.3	-0.036598
416.4	-0.0366244
416.5	-0.0366476
416.6	-0.0366664
416.7	-0.0366861
416.8	-0.0367112
416.9	-0.036737
417	-0.0367708
417.1	-0.0368044
417.2	-0.0368384
417.3	-0.0368696
417.4	-0.0368977
417.5	-0.0369236
417.6	-0.0369465
417.7	-0.0369698
417.8	-0.036993
417.9	-0.0370161
418	-0.0370438
418.1	-0.0370766
418.2	-0.037114
418.3	-0.037156
418.4	-0.0372013
418.5	-0.0372443
418.6	-0.0372835
418.7	-0.037323
418.8	-0.0373637
418.9	-0.0374052
419	-0.0374481
419.1	-0.0374916
419.2	-0.0375355
419.3	-0.0375766
419.4	-0.0376165
419.5	-0.0376535
419.6	-0.0376856
419.7	-0.0377113
419.8	-0.0377309
419.9	-0.0377514
420	-0.0377653
420.1	-0.0377767
420.2	-0.0377846
420.3	-0.0377947
420.4	-0.0378039
420.5	-0.037814
420.6	-0.0378202
420.7	-0.0378193
420.8	-0.0378134
420.9	-0.037806
421	-0.0377975
421.1	-0.0377906
421.2	-0.0377855
421.3	-0.037778
421.4	-0.0377712
421.5	-0.037763
421.6	-0.0377529
421.7	-0.0377411
421.8	-0.0377306
421.9	-0.0377229
422	-0.0377171
422.1	-0.0377105
422.2	-0.0377018
422.3	-0.0376889
422.4	-0.0376723
422.5	-0.0376529
422.6	-0.0376235
422.7	-0.0375904
422.8	-0.0375586
422.9	-0.0375276
423	-0.0374935
423.1	-0.0374612
423.2	-0.0374344
423.3	-0.0374163
423.4	-0.0373906
423.5	-0.0373573
423.6	-0.0373218
423.7	-0.0372866
423.8	-0.0372487
423.9	-0.0372095
424	-0.0371712
424.1	-0.0371328
424.2	-0.0370961
424.3	-0.0370627
424.4	-0.0370304
424.5	-0.0369954
424.6	-0.0369598
424.7	-0.036926
424.8	-0.0368976
424.9	-0.0368766
425	-0.0368541
425.1	-0.0368305
425.2	-0.0368052
425.3	-0.0367781
425.4	-0.0367522
425.5	-0.0367267
425.6	-0.0367017
425.7	-0.0366739
425.8	-0.0366413
425.9	-0.0366036
426	-0.0365622
426.1	-0.0365147
426.2	-0.0364623
426.3	-0.0364017
426.4	-0.0363397
426.5	-0.0362807
426.6	-0.0362232
426.7	-0.0361675
426.8	-0.036107
426.9	-0.0360467
427	-0.0359918
427.1	-0.0359388
427.2	-0.0358914
427.3	-0.0358479
427.4	-0.0358043
427.5	-0.0357557
427.6	-0.0357037
427.7	-0.0356508
427.8	-0.0355986
427.9	-0.0355515
428	-0.0355125
428.1	-0.0354782
428.2	-0.0354478
428.3	-0.0354141
428.4	-0.0353767
428.5	-0.0353392
428.6	-0.0353054
428.7	-0.0352737
428.8	-0.035244
428.9	-0.0352197
429	-0.0351981
429.1	-0.0351732
429.2	-0.0351499
429.3	-0.035127
429.4	-0.0350998
429.5	-0.0350679
429.6	-0.035035
429.7	-0.0349982
429.8	-0.0349583
429.9	-0.0349159
430	-0.0348754
430.1	-0.0348352
430.2	-0.0347922
430.3	-0.034746
430.4	-0.0346988
430.5	-0.0346492
430.6	-0.0345994
430.7	-0.034553
430.8	-0.0345079
430.9	-0.0344654
431	-0.0344204
431.1	-0.0343821
431.2	-0.0343452
431.3	-0.0343106
431.4	-0.0342785
431.5	-0.0342483
431.6	-0.034219
431.7	-0.0341894
431.8	-0.03416
431.9	-0.0341311
432	-0.0340984
432.1	-0.0340549
432.2	-0.0340091
432.3	-0.033967
432.4	-0.033928
432.5	-0.0338916
432.6	-0.0338541
432.7	-0.033817
432.8	-0.0337845
432.9	-0.0337527
433	-0.0337223
433.1	-0.0336938
433.2	-0.0336671
433.3	-0.0336397
433.4	-0.0336122
433.5	-0.0335823
433.6	-0.0335552
433.7	-0.0335271
433.8	-0.0334962
433.9	-0.0334669
434	-0.0334366
434.1	-0.0334017
434.2	-0.0333628
434.3	-0.0333236
434.4	-0.0332829
434.5	-0.0332421
434.6	-0.0332024
434.7	-0.0331595
434.8	-0.0331144
434.9	-0.0330702
435	-0.033023
435.1	-0.0329748
435.2	-0.0329249
435.3	-0.0328765
435.4	-0.0328282
435.5	-0.032778
435.6	-0.0327292
435.7	-0.032682
435.8	-0.0326336
435.9	-0.0325829
436	-0.0325322
436.1	-0.032482
436.2	-0.0324343
436.3	-0.0323876
436.4	-0.0323431
436.5	-0.032301
436.6	-0.0322575
436.7	-0.0322141
436.8	-0.0321696
436.9	-0.0321203
437	-0.0320748
437.1	-0.0320357
437.2	-0.0319978
437.3	-0.0319611
437.4	-0.0319217
437.5	-0.0318838
437.6	-0.0318474
437.7	-0.0318093
437.8	-0.0317707
437.9	-0.0317288
438	-0.0316901
438.1	-0.0316532
438.2	-0.0316173
438.3	-0.0315818
438.4	-0.0315527
438.5	-0.0315264
438.6	-0.0314983
438.7	-0.0314702
438.8	-0.0314423
438.9	-0.0314262
439	-0.0314138
439.1	-0.0314029
439.2	-0.0313907
439.3	-0.03138
439.4	-0.0313688
439.5	-0.0313616
439.6	-0.0313553
439.7	-0.0313472
439.8	-0.0313385
439.9	-0.031333
440	-0.0313296
440.1	-0.0313317
440.2	-0.03134
440.3	-0.0313533
440.4	-0.031368
440.5	-0.0313846
440.6	-0.0313982
440.7	-0.0314132
440.8	-0.0314328
440.9	-0.0314568
441	-0.0314817
441.1	-0.0315024
441.2	-0.0315221
441.3	-0.0315426
441.4	-0.0315664
441.5	-0.031595
441.6	-0.0316237
441.7	-0.0316523
441.8	-0.0316784
441.9	-0.0317068
442	-0.0317338
442.1	-0.0317515
442.2	-0.0317616
442.3	-0.0317662
442.4	-0.0317627
442.5	-0.0317513
442.6	-0.0317397
442.7	-0.0317208
442.8	-0.0316986
442.9	-0.0316736
443	-0.031648
443.1	-0.0316256
443.2	-0.0316067
443.3	-0.0315858
443.4	-0.0315623
443.5	-0.0315372
443.6	-0.031512
443.7	-0.0314826
443.8	-0.0314513
443.9	-0.0314232
444	-0.0313958
444.1	-0.031365
444.2	-0.0313306
444.3	-0.0312944
444.4	-0.0312524
444.5	-0.0312103
444.6	-0.0311655
444.7	-0.0311202
444.8	-0.03108
444.9	-0.0310378
445	-0.0309939
445.1	-0.0309509
445.2	-0.030907
445.3	-0.030866
445.4	-0.0308278
445.5	-0.0307932
445.6	-0.0307546
445.7	-0.0307096
445.8	-0.0306621
445.9	-0.0306138
446	-0.0305678
446.1	-0.030523
446.2	-0.0304791
446.3	-0.0304382
446.4	-0.0303962
446.5	-0.0303528
446.6	-0.0303123
446.7	-0.0302741
446.8	-0.0302341
446.9	-0.0301921
447	-0.0301437
447.1	-0.0300955
447.2	-0.0300525
447.3	-0.0300145
447.4	-0.0299787
447.5	-0.0299433
447.6	-0.0299054
447.7	-0.0298669
447.8	-0.0298248
447.9	-0.0297859
448	-0.0297498
448.1	-0.0297108
448.2	-0.0296689
448.3	-0.0296243
448.4	-0.0295738
448.5	-0.0295222
448.6	-0.0294682
448.7	-0.0294176
448.8	-0.0293647
448.9	-0.0293158
449	-0.0292751
449.1	-0.0292371
449.2	-0.0291984
449.3	-0.0291606
449.4	-0.0291215
449.5	-0.0290772
449.6	-0.0290326
449.7	-0.0289884
449.8	-0.0289461
449.9	-0.0289057
450	-0.0288633
450.1	-0.0288221
450.2	-0.0287795
450.3	-0.028739
450.4	-0.0287003
450.5	-0.0286645
450.6	-0.0286273
450.7	-0.028585
450.8	-0.0285437
450.9	-0.0285064
451	-0.0284699
451.1	-0.028432
451.2	-0.0283911
451.3	-0.0283521
451.4	-0.0283107
451.5	-0.0282693
451.6	-0.0282296
451.7	-0.0281901
451.8	-0.0281494
451.9	-0.0281108
452	-0.0280726
452.1	-0.0280331
452.2	-0.027995
452.3	-0.0279629
452.4	-0.0279338
452.5	-0.0279067
452.6	-0.0278788
452.7	-0.0278516
452.8	-0.0278247
452.9	-0.0277999
453	-0.0277736
453.1	-0.0277493
453.2	-0.0277317
453.3	-0.0277203
453.4	-0.0277135
453.5	-0.0277048
453.6	-0.0276924
453.7	-0.0276786
453.8	-0.0276664
453.9	-0.0276493
454	-0.0276292
454.1	-0.0276096
454.2	-0.0275917
454.3	-0.0275778
454.4	-0.0275663
454.5	-0.0275579
454.6	-0.0275574
454.7	-0.0275597
454.8	-0.027558
454.9	-0.0275515
455	-0.0275371
455.1	-0.0275212
455.2	-0.0275125
455.3	-0.0275093
455.4	-0.0275066
455.5	-0.0275069
455.6	-0.0275058
455.7	-0.0275092
455.8	-0.0275123
455.9	-0.0275153
456	-0.0275193
456.1	-0.0275243
456.2	-0.0275298
456.3	-0.0275346
456.4	-0.0275386
456.5	-0.0275451
456.6	-0.0275554
456.7	-0.0275658
456.8	-0.0275733
456.9	-0.0275784
457	-0.0275839
457.1	-0.0275901
457.2	-0.027591
457.3	-0.027592
457.4	-0.0275916
457.5	-0.0275937
457.6	-0.0276051
457.7	-0.0276187
457.8	-0.0276315
457.9	-0.0276467
458	-0.0276655
458.1	-0.0276928
458.2	-0.0277225
458.3	-0.0277558
458.4	-0.0277962
458.5	-0.0278424
458.6	-0.0278883
458.7	-0.0279368
458.8	-0.0279883
458.9	-0.028044
459	-0.0280978
459.1	-0.0281525
459.2	-0.0282149
459.3	-0.0282803
459.4	-0.0283488
459.5	-0.0284212
459.6	-0.0284943
459.7	-0.0285644
459.8	-0.0286335
459.9	-0.0286986
460	-0.0287571
460.1	-0.0288182
460.2	-0.0288794
460.3	-0.0289422
460.4	-0.0290047
460.5	-0.0290633
460.6	-0.0291223
460.7	-0.0291816
460.8	-0.029242
460.9	-0.0293046
461	-0.0293647
461.1	-0.0294243
461.2	-0.0294861
461.3	-0.0295497
461.4	-0.029616
461.5	-0.0296824
461.6	-0.0297415
461.7	-0.0297925
461.8	-0.0298387
461.9	-0.029882
462	-0.0299229
462.1	-0.0299629
462.2	-0.0300013
462.3	-0.0300415
462.4	-0.0300816
462.5	-0.0301218
462.6	-0.0301626
462.7	-0.0301998
462.8	-0.0302371
462.9	-0.0302757
463	-0.0303143
463.1	-0.0303566
463.2	-0.0304013
463.3	-0.0304515
463.4	-0.0305006
463.5	-0.0305528
463.6	-0.0306053
463.7	-0.0306599
463.8	-0.0307144
463.9	-0.0307659
464	-0.0308117
464.1	-0.0308599
464.2	-0.0309103
464.3	-0.0309631
464.4	-0.0310126
464.5	-0.0310589
464.6	-0.0311049
464.7	-0.0311538
464.8	-0.0312028
464.9	-0.0312501
465	-0.0312901
465.1	-0.0313263
465.2	-0.0313629
465.3	-0.0314017
465.4	-0.0314415
465.5	-0.0314766
465.6	-0.0315149
465.7	-0.0315573
465.8	-0.031605
465.9	-0.0316498
466	-0.0316917
466.1	-0.0317312
466.2	-0.0317714
466.3	-0.0318119
466.4	-0.0318551
466.5	-0.0318949
466.6	-0.0319377
466.7	-0.0319812
466.8	-0.0320198
466.9	-0.0320517
467	-0.0320824
467.1	-0.0321129
467.2	-0.0321479
467.3	-0.0321827
467.4	-0.0322214
467.5	-0.0322623
467.6	-0.0323045
467.7	-0.0323465
467.8	-0.0323935
467.9	-0.0324442
468	-0.0324955
468.1	-0.0325454
468.2	-0.0325905
468.3	-0.0326347
468.4	-0.032677
468.5	-0.0327195
468.6	-0.0327594
468.7	-0.0327952
468.8	-0.0328303
468.9	-0.0328671
469	-0.032902
469.1	-0.0329361
469.2	-0.0329684
469.3	-0.0330001
469.4	-0.0330292
469.5	-0.0330584
469.6	-0.0330895
469.7	-0.0331201
469.8	-0.0331547
469.9	-0.0331917
470	-0.0332255
470.1	-0.0332572
470.2	-0.0332852
470.3	-0.0333168
470.4	-0.0333474
470.5	-0.0333798
470.6	-0.0334097
470.7	-0.0334391
470.8	-0.0334724
470.9	-0.0335044
471	-0.0335331
471.1	-0.0335608
471.2	-0.0335849
471.3	-0.0336093
471.4	-0.0336346
471.5	-0.0336595
471.6	-0.0336757
471.7	-0.0336846
471.8	-0.03369
471.9	-0.0336955
472	-0.033703
472.1	-0.033714
472.2	-0.0337268
472.3	-0.033736
472.4	-0.0337423
472.5	-0.0337466
472.6	-0.0337502
472.7	-0.0337552
472.8	-0.0337565
472.9	-0.0337542
473	-0.0337528
473.1	-0.03375
473.2	-0.0337493
473.3	-0.0337548
473.4	-0.0337613
473.5	-0.03376
473.6	-0.033756
473.7	-0.0337495
473.8	-0.0337415
473.9	-0.0337323
474	-0.0337261
474.1	-0.0337177
474.2	-0.0337038
474.3	-0.0336906
474.4	-0.0336791
474.5	-0.0336665
474.6	-0.0336549
474.7	-0.0336339
474.8	-0.0336072
474.9	-0.0335784
475	-0.0335425
475.1	-0.0335097
475.2	-0.0334794
475.3	-0.0334532
475.4	-0.0334305
475.5	-0.0334106
475.6	-0.0333917
475.7	-0.0333773
475.8	-0.0333639
475.9	-0.0333536
476	-0.0333466
476.1	-0.0333377
476.2	-0.0333299
476.3	-0.0333248
476.4	-0.0333217
476.5	-0.03332
476.6	-0.0333144
476.7	-0.0333104
476.8	-0.0333088
476.9	-0.0333088
477	-0.0333135
477.1	-0.0333209
477.2	-0.0333296
477.3	-0.0333335
477.4	-0.0333368
477.5	-0.0333374
477.6	-0.0333392
477.7	-0.0333366
477.8	-0.0333302
477.9	-0.03332
478	-0.0333114
478.1	-0.0333036
478.2	-0.0332934
478.3	-0.0332801
478.4	-0.0332639
478.5	-0.0332428
478.6	-0.0332211
478.7	-0.0332008
478.8	-0.0331787
478.9	-0.0331555
479	-0.0331308
479.1	-0.0330998
479.2	-0.0330658
479.3	-0.0330276
479.4	-0.0329933
479.5	-0.0329622
479.6	-0.0329336
479.7	-0.0329093
479.8	-0.0328874
479.9	-0.0328717
480	-0.0328564
480.1	-0.0328386
480.2	-0.0328202
480.3	-0.0327948
480.4	-0.0327687
480.5	-0.0327411
480.6	-0.0327143
480.7	-0.0326837
480.8	-0.0326448
480.9	-0.0325963
481	-0.0325434
481.1	-0.0324923
481.2	-0.0324457
481.3	-0.0324009
481.4	-0.0323514
481.5	-0.0322998
481.6	-0.0322439
481.7	-0.0321882
481.8	-0.0321372
481.9	-0.0320858
482	-0.0320374
482.1	-0.0319914
482.2	-0.0319495
482.3	-0.0319064
482.4	-0.0318616
482.5	-0.0318173
482.6	-0.0317693
482.7	-0.0317211
482.8	-0.031666
482.9	-0.0316106
483	-0.0315506
483.1	-0.0314893
483.2	-0.0314282
483.3	-0.0313664
483.4	-0.0313067
483.5	-0.0312478
483.6	-0.0311875
483.7	-0.0311241
483.8	-0.0310626
483.9	-0.0309981
484	-0.0309335
484.1	-0.0308696
484.2	-0.0308082
484.3	-0.0307465
484.4	-0.0306857
484.5	-0.0306266
484.6	-0.0305675
484.7	-0.0305117
484.8	-0.0304614
484.9	-0.0304144
485	-0.0303718
485.1	-0.0303349
485.2	-0.0303023
485.3	-0.0302728
485.4	-0.0302472
485.5	-0.0302242
485.6	-0.0301996
485.7	-0.0301729
485.8	-0.030142
485.9	-0.0301026
486	-0.030061
486.1	-0.0300195
486.2	-0.0299772
486.3	-0.0299374
486.4	-0.0299019
486.5	-0.0298708
486.6	-0.0298425
486.7	-0.0298161
486.8	-0.0297904
486.9	-0.0297691
487	-0.0297472
487.1	-0.0297226
487.2	-0.029694
487.3	-0.0296641
487.4	-0.0296337
487.5	-0.0296037
487.6	-0.0295728
487.7	-0.0295433
487.8	-0.0295169
487.9	-0.0294902
488	-0.0294599
488.1	-0.029431
488.2	-0.0293985
488.3	-0.0293649
488.4	-0.0293263
488.5	-0.0292828
488.6	-0.0292318
488.7	-0.0291793
488.8	-0.0291291
488.9	-0.0290758
489	-0.0290208
489.1	-0.0289644
489.2	-0.0289135
489.3	-0.0288663
489.4	-0.0288269
489.5	-0.0287904
489.6	-0.028754
489.7	-0.0287194
489.8	-0.0286889
489.9	-0.0286619
490	-0.0286439
490.1	-0.0286327
490.2	-0.0286224
490.3	-0.0286138
490.4	-0.0286085
490.5	-0.0286059
490.6	-0.0286022
490.7	-0.0285984
490.8	-0.0285984
490.9	-0.0285974
491	-0.0285984
491.1	-0.0285929
491.2	-0.0285849
491.3	-0.0285722
491.4	-0.0285566
491.5	-0.0285389
491.6	-0.028523
491.7	-0.0285103
491.8	-0.028501
491.9	-0.0284896
492	-0.028477
492.1	-0.0284619
492.2	-0.0284432
492.3	-0.0284241
492.4	-0.0284021
492.5	-0.0283808
492.6	-0.0283612
492.7	-0.0283406
492.8	-0.0283162
492.9	-0.0282924
493	-0.0282693
493.1	-0.0282477
493.2	-0.0282219
493.3	-0.0281934
493.4	-0.0281671
493.5	-0.0281371
493.6	-0.0281027
493.7	-0.0280669
493.8	-0.0280298
493.9	-0.0279862
494	-0.027938
494.1	-0.0278854
494.2	-0.0278335
494.3	-0.027783
494.4	-0.0277404
494.5	-0.0276995
494.6	-0.0276605
494.7	-0.0276224
494.8	-0.0275855
494.9	-0.0275462
495	-0.0274993
495.1	-0.0274519
495.2	-0.0274076
495.3	-0.027362
495.4	-0.0273139
495.5	-0.0272641
495.6	-0.0272129
495.7	-0.0271632
495.8	-0.0271105
495.9	-0.0270542
496	-0.0269999
496.1	-0.02695
496.2	-0.0269039
496.3	-0.0268593
496.4	-0.026818
496.5	-0.026777
496.6	-0.0267372
496.7	-0.0266979
496.8	-0.0266591
496.9	-0.0266212
497	-0.0265822
497.1	-0.0265431
497.2	-0.0265069
497.3	-0.0264728
497.4	-0.0264408
497.5	-0.026411
497.6	-0.0263792
497.7	-0.0263461
497.8	-0.0263125
497.9	-0.0262756
498	-0.0262388
498.1	-0.0262015
498.2	-0.0261701
498.3	-0.0261418
498.4	-0.0261138
498.5	-0.0260902
498.6	-0.0260729
498.7	-0.0260644
498.8	-0.0260574
498.9	-0.0260502
499	-0.0260516
499.1	-0.0260578
499.2	-0.0260644
499.3	-0.0260743
499.4	-0.0260887
499.5	-0.0261107
499.6	-0.0261362
499.7	-0.0261675
499.8	-0.0262048
499.9	-0.0262444
500	-0.0262814
