LagTime	Correlation

0	0.667818
0.1	0.662798
0.2	0.655314
0.3	0.647284
0.4	0.639187
0.5	0.631144
0.6	0.623185
0.7	0.615324
0.8	0.60756
0.9	0.599889
1	0.59231
1.1	0.58482
1.2	0.577423
1.3	0.570125
1.4	0.562919
1.5	0.5558
1.6	0.548767
1.7	0.541824
1.8	0.534972
1.9	0.528205
2	0.521526
2.1	0.514933
2.2	0.508426
2.3	0.502005
2.4	0.495669
2.5	0.489419
2.6	0.483252
2.7	0.477164
2.8	0.471151
2.9	0.465208
3	0.459344
3.1	0.453552
3.2	0.447833
3.3	0.442192
3.4	0.436616
3.5	0.431103
3.6	0.425655
3.7	0.420277
3.8	0.414967
3.9	0.409727
4	0.404549
4.1	0.399436
4.2	0.394389
4.3	0.389403
4.4	0.384484
4.5	0.379633
4.6	0.374842
4.7	0.370109
4.8	0.365436
4.9	0.360823
5	0.356268
5.1	0.351772
5.2	0.347335
5.3	0.342968
5.4	0.338665
5.5	0.334423
5.6	0.330238
5.7	0.326103
5.8	0.322019
5.9	0.317991
6	0.314012
6.1	0.310082
6.2	0.3062
6.3	0.302363
6.4	0.298575
6.5	0.294837
6.6	0.291147
6.7	0.287503
6.8	0.283904
6.9	0.280354
7	0.27685
7.1	0.273384
7.2	0.26996
7.3	0.266582
7.4	0.26325
7.5	0.259959
7.6	0.256709
7.7	0.253501
7.8	0.250332
7.9	0.247202
8	0.244109
8.1	0.241052
8.2	0.238027
8.3	0.235038
8.4	0.232086
8.5	0.229168
8.6	0.226286
8.7	0.223441
8.8	0.220632
8.9	0.217859
9	0.215122
9.1	0.212422
9.2	0.209753
9.3	0.207111
9.4	0.2045
9.5	0.201917
9.6	0.199364
9.7	0.196841
9.8	0.194347
9.9	0.191883
10	0.189447
10.1	0.187042
10.2	0.184669
10.3	0.182322
10.4	0.180002
10.5	0.177711
10.6	0.175453
10.7	0.17323
10.8	0.171034
10.9	0.168863
11	0.166716
11.1	0.164599
11.2	0.162511
11.3	0.16045
11.4	0.15841
11.5	0.156395
11.6	0.154404
11.7	0.152434
11.8	0.150489
11.9	0.148566
12	0.146662
12.1	0.144778
12.2	0.142916
12.3	0.141075
12.4	0.139261
12.5	0.137473
12.6	0.135712
12.7	0.133977
12.8	0.132264
12.9	0.130574
13	0.128905
13.1	0.127253
13.2	0.125618
13.3	0.124009
13.4	0.12242
13.5	0.120849
13.6	0.119298
13.7	0.117764
13.8	0.116246
13.9	0.114749
14	0.113274
14.1	0.11182
14.2	0.110378
14.3	0.108947
14.4	0.107528
14.5	0.106127
14.6	0.104743
14.7	0.103376
14.8	0.102023
14.9	0.10069
15	0.0993776
15.1	0.0980883
15.2	0.0968152
15.3	0.0955541
15.4	0.0943007
15.5	0.0930596
15.6	0.0918323
15.7	0.0906173
15.8	0.0894169
15.9	0.0882357
16	0.0870706
16.1	0.085925
16.2	0.0848001
16.3	0.0836894
16.4	0.0825896
16.5	0.0815036
16.6	0.0804356
16.7	0.0793793
16.8	0.0783358
16.9	0.0773028
17	0.0762778
17.1	0.0752647
17.2	0.0742632
17.3	0.0732751
17.4	0.0723019
17.5	0.0713376
17.6	0.0703869
17.7	0.0694499
17.8	0.0685251
17.9	0.0676132
18	0.0667104
18.1	0.0658193
18.2	0.0649373
18.3	0.0640723
18.4	0.0632192
18.5	0.0623845
18.6	0.0615674
18.7	0.0607668
18.8	0.0599776
18.9	0.0591998
19	0.0584367
19.1	0.0576859
19.2	0.0569471
19.3	0.056221
19.4	0.0555048
19.5	0.0547952
19.6	0.0540953
19.7	0.0534053
19.8	0.0527234
19.9	0.0520517
20	0.0513859
20.1	0.0507242
20.2	0.0500694
20.3	0.0494211
20.4	0.0487779
20.5	0.0481438
20.6	0.0475151
20.7	0.0468899
20.8	0.046268
20.9	0.0456525
21	0.0450454
21.1	0.0444449
21.2	0.0438528
21.3	0.0432712
21.4	0.0426971
21.5	0.0421314
21.6	0.0415749
21.7	0.0410234
21.8	0.0404745
21.9	0.0399329
22	0.039401
22.1	0.0388811
22.2	0.0383752
22.3	0.0378758
22.4	0.0373862
22.5	0.0369023
22.6	0.0364248
22.7	0.0359512
22.8	0.0354844
22.9	0.0350184
23	0.0345615
23.1	0.0341132
23.2	0.0336793
23.3	0.0332591
23.4	0.032843
23.5	0.0324316
23.6	0.0320253
23.7	0.0316283
23.8	0.0312413
23.9	0.0308629
24	0.030497
24.1	0.0301352
24.2	0.029785
24.3	0.0294436
24.4	0.0291094
24.5	0.0287783
24.6	0.0284503
24.7	0.0281247
24.8	0.027803
24.9	0.0274822
25	0.027164
25.1	0.0268493
25.2	0.0265332
25.3	0.0262113
25.4	0.0258934
25.5	0.0255773
25.6	0.0252634
25.7	0.0249539
25.8	0.0246484
25.9	0.0243512
26	0.0240649
26.1	0.0237851
26.2	0.023511
26.3	0.0232414
26.4	0.0229759
26.5	0.0227182
26.6	0.0224668
26.7	0.0222183
26.8	0.0219724
26.9	0.0217234
27	0.0214761
27.1	0.0212293
27.2	0.0209856
27.3	0.0207448
27.4	0.020506
27.5	0.0202739
27.6	0.020046
27.7	0.0198203
27.8	0.0196007
27.9	0.0193886
28	0.019178
28.1	0.0189673
28.2	0.0187573
28.3	0.0185488
28.4	0.0183411
28.5	0.0181374
28.6	0.017939
28.7	0.0177449
28.8	0.0175538
28.9	0.0173649
29	0.0171742
29.1	0.0169874
29.2	0.0168076
29.3	0.0166308
29.4	0.0164549
29.5	0.0162748
29.6	0.0160933
29.7	0.0159064
29.8	0.0157173
29.9	0.0155348
30	0.0153575
30.1	0.0151834
30.2	0.0150088
30.3	0.0148354
30.4	0.0146649
30.5	0.0144966
30.6	0.0143306
30.7	0.0141653
30.8	0.0139984
30.9	0.013832
31	0.0136693
31.1	0.013508
31.2	0.0133482
31.3	0.0131876
31.4	0.0130279
31.5	0.0128718
31.6	0.0127165
31.7	0.0125631
31.8	0.0124091
31.9	0.0122561
32	0.012106
32.1	0.0119545
32.2	0.0118033
32.3	0.0116491
32.4	0.0114924
32.5	0.0113357
32.6	0.0111779
32.7	0.0110181
32.8	0.0108579
32.9	0.0106969
33	0.0105317
33.1	0.0103678
33.2	0.010204
33.3	0.0100372
33.4	0.00987211
33.5	0.00971024
33.6	0.00954772
33.7	0.00938108
33.8	0.00921819
33.9	0.00905874
34	0.00890117
34.1	0.00874586
34.2	0.00859538
34.3	0.00843939
34.4	0.00828035
34.5	0.0081229
34.6	0.00796684
34.7	0.00781088
34.8	0.00765454
34.9	0.00750116
35	0.00735684
35.1	0.00722169
35.2	0.00708751
35.3	0.00695473
35.4	0.00683029
35.5	0.00670901
35.6	0.00658664
35.7	0.00646471
35.8	0.00634688
35.9	0.00623047
36	0.00611488
36.1	0.00599833
36.2	0.00588246
36.3	0.00576796
36.4	0.00565261
36.5	0.00553366
36.6	0.00541551
36.7	0.00529891
36.8	0.00518179
36.9	0.00506515
37	0.00494872
37.1	0.00483662
37.2	0.00472733
37.3	0.00462016
37.4	0.00451422
37.5	0.00441205
37.6	0.00431365
37.7	0.00422
37.8	0.00412548
37.9	0.00403339
38	0.00394184
38.1	0.00385714
38.2	0.00377678
38.3	0.00370073
38.4	0.0036284
38.5	0.00356107
38.6	0.00349385
38.7	0.0034294
38.8	0.00336425
38.9	0.00330061
39	0.00323966
39.1	0.00318047
39.2	0.0031252
39.3	0.00307406
39.4	0.00302681
39.5	0.00297814
39.6	0.00292959
39.7	0.00288186
39.8	0.0028379
39.9	0.00279643
40	0.00275356
40.1	0.00271566
40.2	0.00268135
40.3	0.00264925
40.4	0.00261916
40.5	0.00258618
40.6	0.00255523
40.7	0.00252424
40.8	0.0024988
40.9	0.00247655
41	0.00245699
41.1	0.00243667
41.2	0.00242096
41.3	0.00240947
41.4	0.00240467
41.5	0.00240039
41.6	0.00239307
41.7	0.00238268
41.8	0.00237484
41.9	0.00237094
42	0.00236507
42.1	0.00235879
42.2	0.00235354
42.3	0.0023462
42.4	0.0023421
42.5	0.00234126
42.6	0.00234309
42.7	0.00234296
42.8	0.00234398
42.9	0.00234583
43	0.00234396
43.1	0.00234444
43.2	0.00234774
43.3	0.00234547
43.4	0.00234035
43.5	0.00233409
43.6	0.00232508
43.7	0.00231789
43.8	0.0023089
43.9	0.00229594
44	0.0022788
44.1	0.00226124
44.2	0.00224618
44.3	0.00223288
44.4	0.00221916
44.5	0.00220962
44.6	0.00220504
44.7	0.00220092
44.8	0.00219854
44.9	0.00219251
45	0.00218304
45.1	0.00217103
45.2	0.0021551
45.3	0.00213684
45.4	0.00211476
45.5	0.00209209
45.6	0.00207198
45.7	0.00205265
45.8	0.00203721
45.9	0.0020231
46	0.00200752
46.1	0.00199257
46.2	0.0019721
46.3	0.00194703
46.4	0.00191972
46.5	0.00188868
46.6	0.00185025
46.7	0.0018073
46.8	0.00176136
46.9	0.00171524
47	0.00167194
47.1	0.00163559
47.2	0.00160447
47.3	0.00158073
47.4	0.00155972
47.5	0.00154312
47.6	0.00152832
47.7	0.0015142
47.8	0.0015008
47.9	0.00148755
48	0.00147818
48.1	0.0014704
48.2	0.00146305
48.3	0.00145626
48.4	0.00145043
48.5	0.00144268
48.6	0.00143617
48.7	0.00143023
48.8	0.00142121
48.9	0.00140734
49	0.00139112
49.1	0.00137668
49.2	0.00135968
49.3	0.00133962
49.4	0.00132129
49.5	0.00130146
49.6	0.001276
49.7	0.00124267
49.8	0.00120745
49.9	0.00117733
50	0.00115199
50.1	0.0011302
50.2	0.00110827
50.3	0.00108828
50.4	0.00106805
50.5	0.00104595
50.6	0.00102821
50.7	0.00100938
50.8	0.000988668
50.9	0.000966918
51	0.000946
51.1	0.0009232
51.2	0.000899826
51.3	0.000876897
51.4	0.000852622
51.5	0.00083118
51.6	0.00081051
51.7	0.000790647
51.8	0.000773321
51.9	0.000758181
52	0.000741819
52.1	0.000723318
52.2	0.000697664
52.3	0.000668807
52.4	0.000639481
52.5	0.000610956
52.6	0.000579842
52.7	0.000544211
52.8	0.000509457
52.9	0.0004808
53	0.00045057
53.1	0.00042145
53.2	0.000392598
53.3	0.000365758
53.4	0.000338826
53.5	0.000312494
53.6	0.0002831
53.7	0.000251596
53.8	0.000224464
53.9	0.000201604
54	0.000180453
54.1	0.000162583
54.2	0.000147806
54.3	0.000136407
54.4	0.00012504
54.5	0.000112279
54.6	9.76134e-05
54.7	8.30167e-05
54.8	7.09005e-05
54.9	5.90925e-05
55	4.49153e-05
55.1	3.3857e-05
55.2	2.84959e-05
55.3	2.5508e-05
55.4	2.51429e-05
55.5	2.69084e-05
55.6	2.96357e-05
55.7	3.30818e-05
55.8	3.84189e-05
55.9	4.07733e-05
56	4.60996e-05
56.1	5.24118e-05
56.2	5.89633e-05
56.3	6.55243e-05
56.4	7.13215e-05
56.5	7.96189e-05
56.6	9.33962e-05
56.7	0.000106979
56.8	0.000114888
56.9	0.000118326
57	0.000120424
57.1	0.000120363
57.2	0.000119969
57.3	0.000122027
57.4	0.000128616
57.5	0.000140382
57.6	0.000157978
57.7	0.000174961
57.8	0.0001914
57.9	0.000203049
58	0.000205669
58.1	0.000200559
58.2	0.000192448
58.3	0.0001806
58.4	0.000167011
58.5	0.000155816
58.6	0.000144728
58.7	0.000138569
58.8	0.00012905
58.9	0.000119085
59	0.000107931
59.1	0.000100823
59.2	9.85296e-05
59.3	9.67669e-05
59.4	9.48721e-05
59.5	9.38137e-05
59.6	9.21669e-05
59.7	9.3393e-05
59.8	9.86067e-05
59.9	0.000108596
60	0.00012319
60.1	0.000137188
60.2	0.000149615
60.3	0.000155427
60.4	0.000156209
60.5	0.000157466
60.6	0.000156122
60.7	0.000150313
60.8	0.000144793
60.9	0.000141913
61	0.000139133
61.1	0.000139408
61.2	0.000146135
61.3	0.000157966
61.4	0.000170873
61.5	0.000179299
61.6	0.000185808
61.7	0.000191363
61.8	0.000197598
61.9	0.0002029
62	0.000207037
62.1	0.000210185
62.2	0.000216797
62.3	0.000221608
62.4	0.000221623
62.5	0.0002214
62.6	0.000225117
62.7	0.000235441
62.8	0.000248534
62.9	0.000262516
63	0.000270528
63.1	0.000273087
63.2	0.000272998
63.3	0.000269047
63.4	0.00026552
63.5	0.000264618
63.6	0.000260519
63.7	0.000254268
63.8	0.000247976
63.9	0.000239986
64	0.000233035
64.1	0.000225003
64.2	0.000220729
64.3	0.000220554
64.4	0.000222687
64.5	0.000221165
64.6	0.000215475
64.7	0.00020947
64.8	0.000199552
64.9	0.000188062
65	0.000178824
65.1	0.000172034
65.2	0.000169782
65.3	0.000172238
65.4	0.000179916
65.5	0.000193236
65.6	0.000213229
65.7	0.000234758
65.8	0.000259898
65.9	0.000289256
66	0.000320661
66.1	0.000349944
66.2	0.000376164
66.3	0.000404729
66.4	0.000437126
66.5	0.000468049
66.6	0.000496202
66.7	0.00052165
66.8	0.000548526
66.9	0.000580403
67	0.000613314
67.1	0.000648568
67.2	0.000683765
67.3	0.000715997
67.4	0.000746632
67.5	0.000776803
67.6	0.000805978
67.7	0.00083916
67.8	0.000877739
67.9	0.000916242
68	0.000957321
68.1	0.000999201
68.2	0.00103496
68.3	0.00106481
68.4	0.00108742
68.5	0.00110161
68.6	0.00111235
68.7	0.00111644
68.8	0.00112005
68.9	0.00112449
69	0.00113341
69.1	0.00114539
69.2	0.00115865
69.3	0.00116516
69.4	0.0011707
69.5	0.00117288
69.6	0.00116792
69.7	0.00116291
69.8	0.00116032
69.9	0.00116061
70	0.00116221
70.1	0.00116251
70.2	0.00116281
70.3	0.00116284
70.4	0.00116457
70.5	0.00117036
70.6	0.00117814
70.7	0.00118703
70.8	0.00119913
70.9	0.00121397
71	0.00122275
71.1	0.00123121
71.2	0.00124482
71.3	0.00125981
71.4	0.00127382
71.5	0.00128503
71.6	0.00129404
71.7	0.00130373
71.8	0.00131003
71.9	0.00131657
72	0.00132044
72.1	0.00132864
72.2	0.0013356
72.3	0.0013393
72.4	0.0013414
72.5	0.00133917
72.6	0.00133837
72.7	0.00133885
72.8	0.00133927
72.9	0.00133943
73	0.00134288
73.1	0.00135023
73.2	0.00136004
73.3	0.00137004
73.4	0.00138532
73.5	0.00140519
73.6	0.00142463
73.7	0.00144383
73.8	0.00146266
73.9	0.00148151
74	0.00149523
74.1	0.00150522
74.2	0.00151515
74.3	0.00152198
74.4	0.00152457
74.5	0.00152637
74.6	0.0015265
74.7	0.00152782
74.8	0.00152922
74.9	0.00153313
75	0.00153933
75.1	0.00154199
75.2	0.00154423
75.3	0.00154423
75.4	0.0015468
75.5	0.00154779
75.6	0.00154133
75.7	0.00153457
75.8	0.00152566
75.9	0.00151378
76	0.00150114
76.1	0.00149357
76.2	0.0014889
76.3	0.00148278
76.4	0.00147662
76.5	0.00147129
76.6	0.00146554
76.7	0.0014591
76.8	0.00145112
76.9	0.00143894
77	0.00142765
77.1	0.00141607
77.2	0.00140828
77.3	0.00140955
77.4	0.00142102
77.5	0.00144112
77.6	0.00146234
77.7	0.00148147
77.8	0.00150155
77.9	0.00152041
78	0.00153878
78.1	0.00155511
78.2	0.00157094
78.3	0.00159291
78.4	0.00161731
78.5	0.00163985
78.6	0.00166069
78.7	0.00168184
78.8	0.0017055
78.9	0.00172917
79	0.00175104
79.1	0.00176932
79.2	0.00178297
79.3	0.00179224
79.4	0.00179705
79.5	0.001799
79.6	0.00179645
79.7	0.00179465
79.8	0.00178959
79.9	0.0017825
80	0.0017731
80.1	0.00176633
80.2	0.00176187
80.3	0.00175345
80.4	0.00174079
80.5	0.00172577
80.6	0.00170508
80.7	0.00167814
80.8	0.00164734
80.9	0.00161511
81	0.00157987
81.1	0.00154123
81.2	0.00150456
81.3	0.00146735
81.4	0.00142888
81.5	0.00138962
81.6	0.00135081
81.7	0.0013148
81.8	0.00127792
81.9	0.00124145
82	0.00120631
82.1	0.00117317
82.2	0.00113864
82.3	0.00110407
82.4	0.00106925
82.5	0.00103148
82.6	0.000993058
82.7	0.000956388
82.8	0.000921371
82.9	0.000890541
83	0.000863262
83.1	0.000840219
83.2	0.000821423
83.3	0.000803981
83.4	0.00078749
83.5	0.000774392
83.6	0.000761143
83.7	0.000746712
83.8	0.000729515
83.9	0.000713038
84	0.000696439
84.1	0.000683172
84.2	0.000670737
84.3	0.000651123
84.4	0.000631289
84.5	0.000611582
84.6	0.000594628
84.7	0.000580556
84.8	0.000573087
84.9	0.000570094
85	0.000569325
85.1	0.000567135
85.2	0.000558845
85.3	0.000552791
85.4	0.000546014
85.5	0.000540384
85.6	0.000536244
85.7	0.000534888
85.8	0.000539648
85.9	0.000542497
86	0.000544976
86.1	0.000549034
86.2	0.000559835
86.3	0.000571249
86.4	0.000587558
86.5	0.000603724
86.6	0.000619596
86.7	0.000637517
86.8	0.000656451
86.9	0.000673148
87	0.000684698
87.1	0.000697164
87.2	0.000710116
87.3	0.000732131
87.4	0.000758163
87.5	0.000783106
87.6	0.000809457
87.7	0.000831541
87.8	0.000856605
87.9	0.000886596
88	0.000918035
88.1	0.000950087
88.2	0.000987162
88.3	0.00102841
88.4	0.00107481
88.5	0.0011248
88.6	0.00117442
88.7	0.00123048
88.8	0.00128654
88.9	0.00133659
89	0.00138561
89.1	0.00142637
89.2	0.00146369
89.3	0.00149578
89.4	0.00152085
89.5	0.00154048
89.6	0.00155706
89.7	0.0015662
89.8	0.00157454
89.9	0.00158245
90	0.00158885
90.1	0.00159232
90.2	0.0015914
90.3	0.00159214
90.4	0.00159071
90.5	0.00158658
90.6	0.00158208
90.7	0.00157164
90.8	0.0015604
90.9	0.00154564
91	0.00152797
91.1	0.00151126
91.2	0.00149554
91.3	0.00148038
91.4	0.00146838
91.5	0.00145543
91.6	0.00144799
91.7	0.00144937
91.8	0.00145703
91.9	0.00146414
92	0.00146575
92.1	0.00146835
92.2	0.00146625
92.3	0.00145686
92.4	0.00144645
92.5	0.00143733
92.6	0.00142984
92.7	0.00142617
92.8	0.00142317
92.9	0.00142216
93	0.00142315
93.1	0.00142413
93.2	0.00142867
93.3	0.00144229
93.4	0.00146014
93.5	0.00148301
93.6	0.00150782
93.7	0.00153558
93.8	0.00156325
93.9	0.00158702
94	0.00160951
94.1	0.00162725
94.2	0.00164063
94.3	0.00164678
94.4	0.00164853
94.5	0.00165283
94.6	0.00165488
94.7	0.00165585
94.8	0.00165511
94.9	0.00165709
95	0.00166003
95.1	0.00165784
95.2	0.00165578
95.3	0.00165332
95.4	0.00165013
95.5	0.00165026
95.6	0.00165127
95.7	0.00165317
95.8	0.00165166
95.9	0.00164642
96	0.0016395
96.1	0.00163217
96.2	0.00162372
96.3	0.00161292
96.4	0.00159999
96.5	0.00158277
96.6	0.00156249
96.7	0.00154121
96.8	0.00151763
96.9	0.00149764
97	0.00147549
97.1	0.00145246
97.2	0.00142675
97.3	0.00140111
97.4	0.00137929
97.5	0.00136393
97.6	0.00134969
97.7	0.00133933
97.8	0.001331
97.9	0.00132644
98	0.00132129
98.1	0.00131768
98.2	0.00131551
98.3	0.00130938
98.4	0.00130312
98.5	0.0013025
98.6	0.00130557
98.7	0.00130444
98.8	0.00130244
98.9	0.00129896
99	0.0012941
99.1	0.00128636
99.2	0.00127939
99.3	0.0012729
99.4	0.00126732
99.5	0.00125802
99.6	0.00125021
99.7	0.00124493
99.8	0.00124199
99.9	0.00123693
100	0.00122874
100.1	0.00122054
100.2	0.00121089
100.3	0.00120194
100.4	0.00119057
100.5	0.00117783
100.6	0.0011624
100.7	0.00114438
100.8	0.00112399
100.9	0.00110083
101	0.00107616
101.1	0.00105333
101.2	0.00103328
101.3	0.00101755
101.4	0.00100833
101.5	0.00100394
101.6	0.00100385
101.7	0.00100147
101.8	0.000999162
101.9	0.00100023
102	0.00100342
102.1	0.00100953
102.2	0.00101386
102.3	0.0010185
102.4	0.00102091
102.5	0.00102593
102.6	0.00103244
102.7	0.00104095
102.8	0.00104872
102.9	0.0010469
103	0.001042
103.1	0.00103409
103.2	0.00102505
103.3	0.00101131
103.4	0.000995886
103.5	0.000976262
103.6	0.00096322
103.7	0.000953068
103.8	0.000939651
103.9	0.00092849
104	0.000919425
104.1	0.000913121
104.2	0.000906996
104.3	0.000894446
104.4	0.00087875
104.5	0.000863384
104.6	0.000847188
104.7	0.000833727
104.8	0.000824281
104.9	0.000820469
105	0.000815719
105.1	0.000808678
105.2	0.000807095
105.3	0.000812743
105.4	0.000822241
105.5	0.000833133
105.6	0.000846082
105.7	0.000861892
105.8	0.000881321
105.9	0.000902749
106	0.00092312
106.1	0.000939199
106.2	0.000954641
106.3	0.000970932
106.4	0.000989097
106.5	0.00101028
106.6	0.0010345
106.7	0.00106071
106.8	0.00108708
106.9	0.00111649
107	0.00114347
107.1	0.00116125
107.2	0.00117245
107.3	0.00118611
107.4	0.0012003
107.5	0.00121489
107.6	0.00122066
107.7	0.00121901
107.8	0.00121563
107.9	0.00120934
108	0.0012028
108.1	0.0011974
108.2	0.00119401
108.3	0.00119151
108.4	0.00118312
108.5	0.00117569
108.6	0.00117383
108.7	0.0011786
108.8	0.0011819
108.9	0.00118656
109	0.00119097
109.1	0.00119939
109.2	0.00120964
109.3	0.0012194
109.4	0.00122851
109.5	0.00124143
109.6	0.00125467
109.7	0.00126243
109.8	0.00126757
109.9	0.00127925
110	0.0012935
110.1	0.00131351
110.2	0.00133201
110.3	0.00134761
110.4	0.0013615
110.5	0.00136704
110.6	0.00136649
110.7	0.00136438
110.8	0.00136057
110.9	0.00135431
111	0.00135161
111.1	0.00134509
111.2	0.00134152
111.3	0.00134113
111.4	0.00134477
111.5	0.00135031
111.6	0.00135786
111.7	0.00137109
111.8	0.00138968
111.9	0.00141015
112	0.00143568
112.1	0.00147063
112.2	0.00151132
112.3	0.00155392
112.4	0.00160048
112.5	0.00164741
112.6	0.00169205
112.7	0.00173526
112.8	0.00177757
112.9	0.00181866
113	0.00185861
113.1	0.00189786
113.2	0.00192899
113.3	0.00195454
113.4	0.00197697
113.5	0.00199703
113.6	0.00201497
113.7	0.00203129
113.8	0.00204852
113.9	0.00206422
114	0.00207636
114.1	0.00208286
114.2	0.00208424
114.3	0.00208237
114.4	0.0020783
114.5	0.00206756
114.6	0.00205305
114.7	0.0020352
114.8	0.00201687
114.9	0.002004
115	0.00199326
115.1	0.00198194
115.2	0.00197031
115.3	0.00195609
115.4	0.00194364
115.5	0.00193044
115.6	0.00191854
115.7	0.00190539
115.8	0.00189035
115.9	0.00187805
116	0.00186733
116.1	0.00185938
116.2	0.00184719
116.3	0.00183588
116.4	0.00182562
116.5	0.00181641
116.6	0.00180591
116.7	0.00179409
116.8	0.00177997
116.9	0.00176411
117	0.00174954
117.1	0.0017368
117.2	0.00172476
117.3	0.00171253
117.4	0.00169229
117.5	0.00166621
117.6	0.00163671
117.7	0.00160584
117.8	0.00157763
117.9	0.00155128
118	0.00152903
118.1	0.0015094
118.2	0.00149315
118.3	0.00148365
118.4	0.00147507
118.5	0.00146504
118.6	0.00145153
118.7	0.00143678
118.8	0.00141703
118.9	0.00139861
119	0.00138677
119.1	0.00137581
119.2	0.00136453
119.3	0.00135205
119.4	0.00134008
119.5	0.0013339
119.6	0.00133228
119.7	0.00133234
119.8	0.00132834
119.9	0.00132026
120	0.00130904
120.1	0.00129421
120.2	0.00127827
120.3	0.00126617
120.4	0.00125413
120.5	0.00124366
120.6	0.00124027
120.7	0.00124207
120.8	0.00124008
120.9	0.00123752
121	0.0012331
121.1	0.00123058
121.2	0.00123372
121.3	0.00123918
121.4	0.00124614
121.5	0.00125061
121.6	0.00124835
121.7	0.00124616
121.8	0.00124926
121.9	0.00125448
122	0.00126117
122.1	0.00126826
122.2	0.00126717
122.3	0.00126456
122.4	0.00125667
122.5	0.00124776
122.6	0.00123494
122.7	0.00122555
122.8	0.00121692
122.9	0.00120632
123	0.00119639
123.1	0.0011898
123.2	0.00118869
123.3	0.00119146
123.4	0.00119714
123.5	0.00120068
123.6	0.00120108
123.7	0.0012
123.8	0.00119521
123.9	0.00119007
124	0.00118333
124.1	0.00117597
124.2	0.00116979
124.3	0.00117083
124.4	0.00117522
124.5	0.00118807
124.6	0.00120927
124.7	0.00123785
124.8	0.00127109
124.9	0.00130492
125	0.00133304
125.1	0.00135583
125.2	0.00137123
125.3	0.00138041
125.4	0.00138422
125.5	0.00138455
125.6	0.00138146
125.7	0.00137468
125.8	0.00136673
125.9	0.00135458
126	0.00134128
126.1	0.00132874
126.2	0.00131631
126.3	0.0013026
126.4	0.00128704
126.5	0.00126734
126.6	0.00125017
126.7	0.00123256
126.8	0.00121358
126.9	0.00119754
127	0.00118083
127.1	0.00116644
127.2	0.00115734
127.3	0.00115123
127.4	0.00114639
127.5	0.00114124
127.6	0.001137
127.7	0.00113553
127.8	0.00113113
127.9	0.00112278
128	0.00111399
128.1	0.00110842
128.2	0.0011057
128.3	0.00110646
128.4	0.00111322
128.5	0.0011226
128.6	0.00112987
128.7	0.00113768
128.8	0.0011449
128.9	0.00115064
129	0.00115269
129.1	0.00115311
129.2	0.00115604
129.3	0.00116192
129.4	0.00117173
129.5	0.00118791
129.6	0.00120175
129.7	0.00121246
129.8	0.00122266
129.9	0.00123374
130	0.00124275
130.1	0.00124704
130.2	0.00125135
130.3	0.00125199
130.4	0.00125251
130.5	0.00125291
130.6	0.00125097
130.7	0.00125014
130.8	0.00125162
130.9	0.00125151
131	0.00124815
131.1	0.00124526
131.2	0.00124331
131.3	0.00123767
131.4	0.00122658
131.5	0.00120985
131.6	0.00119175
131.7	0.00117645
131.8	0.0011651
131.9	0.00115686
132	0.00115311
132.1	0.00114751
132.2	0.00113733
132.3	0.00112514
132.4	0.00111155
132.5	0.00110033
132.6	0.00108756
132.7	0.00107569
132.8	0.00106938
132.9	0.00107034
133	0.00107809
133.1	0.00108852
133.2	0.00109799
133.3	0.00110348
133.4	0.00110468
133.5	0.00110118
133.6	0.00109614
133.7	0.00108814
133.8	0.00108008
133.9	0.00107545
134	0.00107081
134.1	0.00106491
134.2	0.00106048
134.3	0.00105847
134.4	0.00105717
134.5	0.00105066
134.6	0.00103842
134.7	0.0010255
134.8	0.00101707
134.9	0.00101316
135	0.00101503
135.1	0.00102358
135.2	0.00103381
135.3	0.00104165
135.4	0.00104749
135.5	0.001052
135.6	0.00105094
135.7	0.00104888
135.8	0.0010452
135.9	0.00103908
136	0.00103123
136.1	0.00102423
136.2	0.00102172
136.3	0.00102263
136.4	0.00102192
136.5	0.00102197
136.6	0.0010194
136.7	0.00101662
136.8	0.00101283
136.9	0.00100928
137	0.00100291
137.1	0.000997331
137.2	0.000994705
137.3	0.000995908
137.4	0.00100382
137.5	0.00100774
137.6	0.00101424
137.7	0.00102254
137.8	0.00102747
137.9	0.00103012
138	0.00103189
138.1	0.00103548
138.2	0.00104204
138.3	0.0010471
138.4	0.00104798
138.5	0.00104967
138.6	0.00105481
138.7	0.00106351
138.8	0.00107869
138.9	0.00108748
139	0.00109209
139.1	0.00109019
139.2	0.00107814
139.3	0.00106047
139.4	0.00104282
139.5	0.00101774
139.6	0.000992356
139.7	0.000968488
139.8	0.000944338
139.9	0.000919541
140	0.000893309
140.1	0.00086831
140.2	0.000839329
140.3	0.000808554
140.4	0.000777674
140.5	0.000748848
140.6	0.000720813
140.7	0.000691374
140.8	0.000664009
140.9	0.000638152
141	0.000614349
141.1	0.000592545
141.2	0.000569192
141.3	0.000547698
141.4	0.00052813
141.5	0.000504386
141.6	0.000478313
141.7	0.000448731
141.8	0.00041541
141.9	0.000380677
142	0.000337739
142.1	0.000297739
142.2	0.000259165
142.3	0.000225691
142.4	0.00019265
142.5	0.000159006
142.6	0.000126441
142.7	9.30468e-05
142.8	5.49661e-05
142.9	1.37095e-05
143	-2.35763e-05
143.1	-5.84456e-05
143.2	-8.54728e-05
143.3	-0.000111192
143.4	-0.000137785
143.5	-0.000161934
143.6	-0.000187702
143.7	-0.000212591
143.8	-0.000235529
143.9	-0.00026153
144	-0.000285159
144.1	-0.00030466
144.2	-0.000321026
144.3	-0.000335509
144.4	-0.000350513
144.5	-0.000367221
144.6	-0.000389741
144.7	-0.000413832
144.8	-0.000436102
144.9	-0.000462213
145	-0.000486618
145.1	-0.00051146
145.2	-0.000535439
145.3	-0.000556741
145.4	-0.00058098
145.5	-0.000607208
145.6	-0.000637623
145.7	-0.000670221
145.8	-0.000702901
145.9	-0.000732275
146	-0.000756017
146.1	-0.000771513
146.2	-0.000780841
146.3	-0.000791522
146.4	-0.000800589
146.5	-0.000804053
146.6	-0.000801258
146.7	-0.00079027
146.8	-0.000770896
146.9	-0.000747239
147	-0.000719063
147.1	-0.000692199
147.2	-0.000664156
147.3	-0.000632453
147.4	-0.000597966
147.5	-0.00056418
147.6	-0.000534794
147.7	-0.000509729
147.8	-0.000487559
147.9	-0.000464934
148	-0.000442055
148.1	-0.000415273
148.2	-0.000383114
148.3	-0.000348933
148.4	-0.000312935
148.5	-0.000275306
148.6	-0.000238888
148.7	-0.000201489
148.8	-0.000166623
148.9	-0.00013745
149	-0.00010987
149.1	-8.20447e-05
149.2	-5.09675e-05
149.3	-2.06889e-05
149.4	3.85084e-06
149.5	2.71031e-05
149.6	4.86803e-05
149.7	7.00286e-05
149.8	9.48648e-05
149.9	0.00012183
150	0.000153211
150.1	0.000184123
150.2	0.000214155
150.3	0.000242474
150.4	0.000267022
150.5	0.000292399
150.6	0.000322366
150.7	0.000351501
150.8	0.000382531
150.9	0.000420296
151	0.000456316
151.1	0.000494133
151.2	0.000530549
151.3	0.000565339
151.4	0.000598889
151.5	0.000630109
151.6	0.000662726
151.7	0.000696578
151.8	0.000734497
151.9	0.000773179
152	0.000813446
152.1	0.000855568
152.2	0.000897676
152.3	0.000939225
152.4	0.000976709
152.5	0.00101876
152.6	0.00106802
152.7	0.00111611
152.8	0.00116428
152.9	0.0012091
153	0.0012482
153.1	0.00128329
153.2	0.00132075
153.3	0.00136065
153.4	0.00140419
153.5	0.00144757
153.6	0.00149473
153.7	0.00154341
153.8	0.00158933
153.9	0.0016324
154	0.00167234
154.1	0.00171504
154.2	0.00175174
154.3	0.00178197
154.4	0.00181037
154.5	0.00183662
154.6	0.00186167
154.7	0.00188283
154.8	0.00190406
154.9	0.00192292
155	0.00194111
155.1	0.00195517
155.2	0.00196079
155.3	0.00196652
155.4	0.00197592
155.5	0.00198684
155.6	0.00199902
155.7	0.00201281
155.8	0.00202205
155.9	0.00202954
156	0.00203399
156.1	0.0020381
156.2	0.00204424
156.3	0.00205512
156.4	0.00206635
156.5	0.00207335
156.6	0.00207461
156.7	0.00207504
156.8	0.00208125
156.9	0.00209157
157	0.00210447
157.1	0.00212132
157.2	0.00214204
157.3	0.00216596
157.4	0.00218884
157.5	0.00221022
157.6	0.00223094
157.7	0.00225444
157.8	0.00227783
157.9	0.00230254
158	0.0023317
158.1	0.00235654
158.2	0.00237454
158.3	0.0023928
158.4	0.0024128
158.5	0.00243619
158.6	0.00245758
158.7	0.00247655
158.8	0.00249901
158.9	0.00252182
159	0.00254091
159.1	0.00256059
159.2	0.00257893
159.3	0.00259564
159.4	0.00260847
159.5	0.00262135
159.6	0.00263912
159.7	0.00265409
159.8	0.0026666
159.9	0.0026796
160	0.00269706
160.1	0.00271318
160.2	0.0027308
160.3	0.00275378
160.4	0.00278151
160.5	0.00281499
160.6	0.00285586
160.7	0.00289934
160.8	0.00294314
160.9	0.00298913
161	0.00304001
161.1	0.0030931
161.2	0.00314004
161.3	0.00318287
161.4	0.00323034
161.5	0.00327994
161.6	0.00332694
161.7	0.003374
161.8	0.00342121
161.9	0.00346862
162	0.003513
162.1	0.00355967
162.2	0.00360344
162.3	0.00364508
162.4	0.00368655
162.5	0.00372645
162.6	0.00376538
162.7	0.00379865
162.8	0.00382934
162.9	0.00385955
163	0.00388843
163.1	0.00391338
163.2	0.00393036
163.3	0.00394484
163.4	0.00395945
163.5	0.0039779
163.6	0.00399538
163.7	0.00400768
163.8	0.00401845
163.9	0.00403056
164	0.00404301
164.1	0.00405708
164.2	0.00407309
164.3	0.0040855
164.4	0.00409224
164.5	0.00410003
164.6	0.00411071
164.7	0.0041223
164.8	0.00412813
164.9	0.00413034
165	0.004132
165.1	0.00413398
165.2	0.00413791
165.3	0.00414349
165.4	0.00415387
165.5	0.00416308
165.6	0.00417475
165.7	0.00418942
165.8	0.00420412
165.9	0.00421794
166	0.00422656
166.1	0.00423039
166.2	0.00423223
166.3	0.00423441
166.4	0.00423766
166.5	0.00424211
166.6	0.00424243
166.7	0.00424317
166.8	0.00424247
166.9	0.00424078
167	0.00423821
167.1	0.00423575
167.2	0.00423379
167.3	0.00423295
167.4	0.00423043
167.5	0.00423149
167.6	0.00423111
167.7	0.00422853
167.8	0.0042228
167.9	0.00421115
168	0.0041962
168.1	0.00418185
168.2	0.00416738
168.3	0.00415504
168.4	0.00413839
168.5	0.00412322
168.6	0.00410718
168.7	0.0040951
168.8	0.00408647
168.9	0.00408034
169	0.00407784
169.1	0.00408065
169.2	0.00408725
169.3	0.00409586
169.4	0.00410098
169.5	0.00410293
169.6	0.00409857
169.7	0.00409809
169.8	0.00409572
169.9	0.00409092
170	0.00409053
170.1	0.00408731
170.2	0.00408243
170.3	0.00407813
170.4	0.00407397
170.5	0.00406981
170.6	0.00406504
170.7	0.00405763
170.8	0.0040476
170.9	0.00403491
171	0.00401464
171.1	0.00399458
171.2	0.0039761
171.3	0.00395856
171.4	0.00394116
171.5	0.00392202
171.6	0.00390299
171.7	0.00388298
171.8	0.0038624
171.9	0.00383959
172	0.00381562
172.1	0.00379449
172.2	0.00377953
172.3	0.00376678
172.4	0.00375013
172.5	0.00373468
172.6	0.00372026
172.7	0.00370713
172.8	0.00370028
172.9	0.00369723
173	0.0036906
173.1	0.0036838
173.2	0.00368099
173.3	0.00368552
173.4	0.00369353
173.5	0.00370583
173.6	0.00371487
173.7	0.00371948
173.8	0.00372705
173.9	0.00373459
174	0.00373689
174.1	0.00373515
174.2	0.00373396
174.3	0.00373081
174.4	0.00372252
174.5	0.00371011
174.6	0.00369774
174.7	0.00368545
174.8	0.00367236
174.9	0.00365514
175	0.00363711
175.1	0.00362137
175.2	0.00361359
175.3	0.00360557
175.4	0.00359611
175.5	0.00358255
175.6	0.00356494
175.7	0.00354562
175.8	0.00352484
175.9	0.00349831
176	0.00346946
176.1	0.00343931
176.2	0.00340936
176.3	0.00337467
176.4	0.0033407
176.5	0.00330976
176.6	0.00327756
176.7	0.00324006
176.8	0.00320991
176.9	0.00318395
177	0.00315853
177.1	0.00313521
177.2	0.00310663
177.3	0.00307779
177.4	0.00304607
177.5	0.00301772
177.6	0.00298917
177.7	0.00296451
177.8	0.00294275
177.9	0.00292405
178	0.00290387
178.1	0.00288207
178.2	0.00285326
178.3	0.0028255
178.4	0.00280436
178.5	0.00278299
178.6	0.00275967
178.7	0.00273397
178.8	0.00270806
178.9	0.00268607
179	0.00266111
179.1	0.00263037
179.2	0.00259964
179.3	0.00256628
179.4	0.0025331
179.5	0.00249645
179.6	0.0024556
179.7	0.00241377
179.8	0.00237081
179.9	0.00233
180	0.00229211
180.1	0.00225735
180.2	0.00222289
180.3	0.00218454
180.4	0.00214436
180.5	0.00209957
180.6	0.00205281
180.7	0.00201375
180.8	0.00197885
180.9	0.00194008
181	0.00189754
181.1	0.00185393
181.2	0.00181366
181.3	0.00177414
181.4	0.00173745
181.5	0.00169935
181.6	0.00166084
181.7	0.00162666
181.8	0.00159505
181.9	0.00156098
182	0.00152425
182.1	0.00148995
182.2	0.00145339
182.3	0.00141355
182.4	0.00137195
182.5	0.00133461
182.6	0.00129879
182.7	0.00126376
182.8	0.00122415
182.9	0.00119347
183	0.00117294
183.1	0.00115843
183.2	0.0011502
183.3	0.00114617
183.4	0.00114442
183.5	0.00114605
183.6	0.00115144
183.7	0.00115689
183.8	0.00116724
183.9	0.0011817
184	0.0012018
184.1	0.00122515
184.2	0.00124771
184.3	0.0012707
184.4	0.00129026
184.5	0.0013074
184.6	0.00132455
184.7	0.00133953
184.8	0.00135723
184.9	0.00137423
185	0.00139177
185.1	0.00140688
185.2	0.00142142
185.3	0.00143877
185.4	0.00145584
185.5	0.00147309
185.6	0.00148832
185.7	0.00149906
185.8	0.00150165
185.9	0.00150256
186	0.00149874
186.1	0.00149112
186.2	0.00147919
186.3	0.00146585
186.4	0.0014495
186.5	0.00143535
186.6	0.00142388
186.7	0.00141638
186.8	0.00140879
186.9	0.00140278
187	0.00139788
187.1	0.00138587
187.2	0.00137042
187.3	0.0013562
187.4	0.0013437
187.5	0.00133213
187.6	0.00131779
187.7	0.00129941
187.8	0.00128407
187.9	0.00126526
188	0.00124587
188.1	0.00123346
188.2	0.0012214
188.3	0.00121287
188.4	0.00120528
188.5	0.00119524
188.6	0.00117951
188.7	0.00116285
188.8	0.00114876
188.9	0.00113521
189	0.00111841
189.1	0.00109901
189.2	0.00108115
189.3	0.00106181
189.4	0.00103885
189.5	0.00102002
189.6	0.00100314
189.7	0.000985801
189.8	0.000970639
189.9	0.000957607
190	0.000948644
190.1	0.000943572
190.2	0.000940883
190.3	0.000940395
190.4	0.000937508
190.5	0.000932453
190.6	0.000930358
190.7	0.000931181
190.8	0.000937098
190.9	0.000948737
191	0.000962016
191.1	0.000972788
191.2	0.000985516
191.3	0.00100062
191.4	0.00101534
191.5	0.0010276
191.6	0.00103951
191.7	0.00105314
191.8	0.00107111
191.9	0.00108985
192	0.00110649
192.1	0.0011208
192.2	0.00113461
192.3	0.00115231
192.4	0.00117081
192.5	0.00118767
192.6	0.00119913
192.7	0.00120123
192.8	0.00119875
192.9	0.0011931
193	0.0011864
193.1	0.00117877
193.2	0.0011722
193.3	0.00116704
193.4	0.00116194
193.5	0.00116238
193.6	0.00116635
193.7	0.00116449
193.8	0.00115605
193.9	0.00114571
194	0.00113789
194.1	0.00113247
194.2	0.00112636
194.3	0.00111822
194.4	0.00110359
194.5	0.00108538
194.6	0.00106592
194.7	0.00104709
194.8	0.00102837
194.9	0.00100718
195	0.000987007
195.1	0.000965113
195.2	0.000943716
195.3	0.00092309
195.4	0.000901317
195.5	0.000885983
195.6	0.000875281
195.7	0.000862823
195.8	0.000849113
195.9	0.000832476
196	0.000811809
196.1	0.000786432
196.2	0.000761859
196.3	0.000742137
196.4	0.000727657
196.5	0.000716608
196.6	0.000704257
196.7	0.000690755
196.8	0.000678909
196.9	0.000671233
197	0.000662529
197.1	0.000652964
197.2	0.000641888
197.3	0.00063003
197.4	0.000619354
197.5	0.00060946
197.6	0.000600872
197.7	0.000594498
197.8	0.000583562
197.9	0.00057001
198	0.000553358
198.1	0.000534492
198.2	0.000516333
198.3	0.000503648
198.4	0.000493544
198.5	0.000484353
198.6	0.00047793
198.7	0.000469204
198.8	0.000455489
198.9	0.00043831
199	0.000421964
199.1	0.000404048
199.2	0.00038692
199.3	0.000369988
199.4	0.000351413
199.5	0.000328564
199.6	0.000303883
199.7	0.000280523
199.8	0.000261045
199.9	0.000242676
200	0.000226553
200.1	0.000210096
200.2	0.000195176
200.3	0.000181434
200.4	0.000168117
200.5	0.000157249
200.6	0.000144148
200.7	0.000132622
200.8	0.000116673
200.9	0.000101518
201	8.68576e-05
201.1	7.02531e-05
201.2	5.40684e-05
201.3	3.57745e-05
201.4	1.33283e-05
201.5	-1.57594e-05
201.6	-4.71273e-05
201.7	-7.81418e-05
201.8	-0.000113059
201.9	-0.000147721
202	-0.000184736
202.1	-0.000221125
202.2	-0.000260874
202.3	-0.00030338
202.4	-0.000345392
202.5	-0.000385901
202.6	-0.000427509
202.7	-0.000466807
202.8	-0.000498039
202.9	-0.000524886
203	-0.000547486
203.1	-0.000571486
203.2	-0.000595126
203.3	-0.000618436
203.4	-0.000639278
203.5	-0.000654583
203.6	-0.000667611
203.7	-0.000680445
203.8	-0.000689213
203.9	-0.000697787
204	-0.000703812
204.1	-0.000706905
204.2	-0.000712141
204.3	-0.000721896
204.4	-0.000737059
204.5	-0.000754682
204.6	-0.000772996
204.7	-0.000793205
204.8	-0.000811346
204.9	-0.000824739
205	-0.000840107
205.1	-0.000853856
205.2	-0.000865035
205.3	-0.000874273
205.4	-0.000881855
205.5	-0.000887089
205.6	-0.000888924
205.7	-0.000888358
205.8	-0.000884914
205.9	-0.000879918
206	-0.000874337
206.1	-0.000867353
206.2	-0.000860984
206.3	-0.00085233
206.4	-0.00084427
206.5	-0.000835509
206.6	-0.000831995
206.7	-0.000829499
206.8	-0.000829954
206.9	-0.00082991
207	-0.000837478
207.1	-0.000839609
207.2	-0.000837254
207.3	-0.000834053
207.4	-0.000829196
207.5	-0.000824327
207.6	-0.000825471
207.7	-0.00082653
207.8	-0.000822522
207.9	-0.000820712
208	-0.000818309
208.1	-0.00081646
208.2	-0.000817088
208.3	-0.000820371
208.4	-0.000825064
208.5	-0.000826103
208.6	-0.000823309
208.7	-0.00082124
208.8	-0.000821845
208.9	-0.000820148
209	-0.000818884
209.1	-0.00081955
209.2	-0.000820357
209.3	-0.000816591
209.4	-0.000807875
209.5	-0.00079931
209.6	-0.00079383
209.7	-0.000794923
209.8	-0.00079565
209.9	-0.000798742
210	-0.000801055
210.1	-0.000797453
210.2	-0.000788225
210.3	-0.00077811
210.4	-0.000770872
210.5	-0.00076408
210.6	-0.000753115
210.7	-0.00074032
210.8	-0.000726773
210.9	-0.000710942
211	-0.000698725
211.1	-0.000690578
211.2	-0.000686436
211.3	-0.000679742
211.4	-0.000671252
211.5	-0.000661626
211.6	-0.000650643
211.7	-0.00063639
211.8	-0.000612273
211.9	-0.000581745
212	-0.000547961
212.1	-0.000514011
212.2	-0.00047853
212.3	-0.000445222
212.4	-0.0004122
212.5	-0.000376085
212.6	-0.000346409
212.7	-0.000318691
212.8	-0.000294952
212.9	-0.000274234
213	-0.000251671
213.1	-0.000227771
213.2	-0.000204308
213.3	-0.000183297
213.4	-0.00015815
213.5	-0.000128444
213.6	-9.84045e-05
213.7	-6.62192e-05
213.8	-2.91567e-05
213.9	6.17094e-06
214	4.18357e-05
214.1	7.53463e-05
214.2	0.000107096
214.3	0.000137462
214.4	0.000170698
214.5	0.000202236
214.6	0.000232026
214.7	0.00026427
214.8	0.000296784
214.9	0.000326602
215	0.000354229
215.1	0.00038296
215.2	0.000410485
215.3	0.000437041
215.4	0.000464828
215.5	0.000492994
215.6	0.000525994
215.7	0.000557268
215.8	0.000587406
215.9	0.000613102
216	0.000635126
216.1	0.000657948
216.2	0.000682326
216.3	0.000706344
216.4	0.000734488
216.5	0.000758869
216.6	0.000778558
216.7	0.000793834
216.8	0.000803024
216.9	0.000808216
217	0.000812415
217.1	0.000814609
217.2	0.000812918
217.3	0.000810909
217.4	0.00080941
217.5	0.000809999
217.6	0.000810047
217.7	0.000807672
217.8	0.000806027
217.9	0.000799746
218	0.000789762
218.1	0.000776225
218.2	0.000766472
218.3	0.00075244
218.4	0.00073876
218.5	0.000731335
218.6	0.000729824
218.7	0.000731273
218.8	0.000734045
218.9	0.000744264
219	0.000753201
219.1	0.000759757
219.2	0.00076283
219.3	0.00076691
219.4	0.000771211
219.5	0.000774512
219.6	0.000778721
219.7	0.000779243
219.8	0.000778409
219.9	0.000779065
220	0.000779218
220.1	0.000784335
220.2	0.000791147
220.3	0.000800079
220.4	0.000810348
220.5	0.000822257
220.6	0.000827918
220.7	0.00082938
220.8	0.000832016
220.9	0.000836461
221	0.000840451
221.1	0.000845683
221.2	0.000850558
221.3	0.000859358
221.4	0.00086996
221.5	0.000890445
221.6	0.000921868
221.7	0.000956649
221.8	0.000986776
221.9	0.00101304
222	0.00103217
222.1	0.00104514
222.2	0.00105268
222.3	0.00105534
222.4	0.00105394
222.5	0.00105229
222.6	0.00104553
222.7	0.00103728
222.8	0.00103183
222.9	0.00102557
223	0.00101632
223.1	0.00100175
223.2	0.000985738
223.3	0.000969009
223.4	0.000955582
223.5	0.000939249
223.6	0.00092598
223.7	0.000917292
223.8	0.000909248
223.9	0.000899538
224	0.000892693
224.1	0.000894635
224.2	0.000901361
224.3	0.000906825
224.4	0.000910541
224.5	0.000913166
224.6	0.000918919
224.7	0.000924885
224.8	0.000930341
224.9	0.000929696
225	0.00092439
225.1	0.000915654
225.2	0.000908649
225.3	0.000903467
225.4	0.00090096
225.5	0.000900915
225.6	0.000903438
225.7	0.000906
225.8	0.000908337
225.9	0.000910278
226	0.000912532
226.1	0.000914041
226.2	0.000919583
226.3	0.000926882
226.4	0.000937154
226.5	0.000945997
226.6	0.000955233
226.7	0.000964715
226.8	0.000977351
226.9	0.000995906
227	0.00101737
227.1	0.00103706
227.2	0.00104819
227.3	0.00104799
227.4	0.0010489
227.5	0.00104945
227.6	0.00104927
227.7	0.00105149
227.8	0.00105286
227.9	0.00105102
228	0.00104401
228.1	0.00103844
228.2	0.00103027
228.3	0.0010197
228.4	0.00100843
228.5	0.000996754
228.6	0.000978956
228.7	0.000961758
228.8	0.000942675
228.9	0.000920135
229	0.000894939
229.1	0.000873583
229.2	0.000853911
229.3	0.000835619
229.4	0.000816436
229.5	0.00079637
229.6	0.000773755
229.7	0.000756795
229.8	0.000737027
229.9	0.000715529
230	0.000692254
230.1	0.000665631
230.2	0.000635821
230.3	0.000603241
230.4	0.000571063
230.5	0.000538301
230.6	0.000507028
230.7	0.000472133
230.8	0.000433738
230.9	0.000394539
231	0.000353088
231.1	0.000313265
231.2	0.00027281
231.3	0.000234301
231.4	0.000197621
231.5	0.000163385
231.6	0.000133944
231.7	0.000104195
231.8	7.36796e-05
231.9	3.91504e-05
232	6.01856e-06
232.1	-2.51079e-05
232.2	-5.6119e-05
232.3	-9.28798e-05
232.4	-0.000134011
232.5	-0.000172921
232.6	-0.000209949
232.7	-0.000243351
232.8	-0.000276309
232.9	-0.000305529
233	-0.000334583
233.1	-0.000357658
233.2	-0.00037764
233.3	-0.000394211
233.4	-0.000410161
233.5	-0.00042778
233.6	-0.000445703
233.7	-0.000466265
233.8	-0.000489476
233.9	-0.00051276
234	-0.000531756
234.1	-0.000543755
234.2	-0.000550157
234.3	-0.000554939
234.4	-0.000558804
234.5	-0.000560803
234.6	-0.000565394
234.7	-0.000569431
234.8	-0.00057182
234.9	-0.000580009
235	-0.000594139
235.1	-0.000609781
235.2	-0.000622445
235.3	-0.000640034
235.4	-0.000663896
235.5	-0.000686972
235.6	-0.000707783
235.7	-0.000726127
235.8	-0.000750024
235.9	-0.000780597
236	-0.000813643
236.1	-0.000846645
236.2	-0.000881346
236.3	-0.000914622
236.4	-0.000947406
236.5	-0.000980965
236.6	-0.00101922
236.7	-0.00105524
236.8	-0.00108808
236.9	-0.00111993
237	-0.0011501
237.1	-0.00117878
237.2	-0.00120263
237.3	-0.00122474
237.4	-0.00124905
237.5	-0.00127192
237.6	-0.00129025
237.7	-0.00130481
237.8	-0.001316
237.9	-0.00132432
238	-0.00133201
238.1	-0.00134029
238.2	-0.00134645
238.3	-0.0013519
238.4	-0.00134864
238.5	-0.00134193
238.6	-0.00133321
238.7	-0.00132018
238.8	-0.00130408
238.9	-0.00128536
239	-0.00126512
239.1	-0.00124507
239.2	-0.00122746
239.3	-0.00120997
239.4	-0.00119499
239.5	-0.00118434
239.6	-0.00117522
239.7	-0.0011677
239.8	-0.00115687
239.9	-0.00114089
240	-0.00112331
240.1	-0.00110837
240.2	-0.00109195
240.3	-0.00107272
240.4	-0.00104814
240.5	-0.00102121
240.6	-0.000990505
240.7	-0.000961313
240.8	-0.000932236
240.9	-0.000904946
241	-0.000879919
241.1	-0.000860167
241.2	-0.000844386
241.3	-0.000829071
241.4	-0.000811935
241.5	-0.000796918
241.6	-0.000783545
241.7	-0.000775277
241.8	-0.000770049
241.9	-0.000762492
242	-0.000756951
242.1	-0.000750538
242.2	-0.000745675
242.3	-0.000736432
242.4	-0.000729647
242.5	-0.000720631
242.6	-0.000708927
242.7	-0.000694353
242.8	-0.000686593
242.9	-0.00068113
243	-0.00067776
243.1	-0.00067308
243.2	-0.000671248
243.3	-0.000668015
243.4	-0.000666862
243.5	-0.000666334
243.6	-0.000664763
243.7	-0.000655336
243.8	-0.000642709
243.9	-0.000629297
244	-0.000620987
244.1	-0.000614014
244.2	-0.000609705
244.3	-0.000604449
244.4	-0.000598709
244.5	-0.000588252
244.6	-0.000573937
244.7	-0.000560568
244.8	-0.000544844
244.9	-0.000523672
245	-0.000498558
245.1	-0.000474574
245.2	-0.000451896
245.3	-0.000426098
245.4	-0.000401327
245.5	-0.00038045
245.6	-0.000361307
245.7	-0.000339858
245.8	-0.000315631
245.9	-0.000284893
246	-0.000248701
246.1	-0.000212681
246.2	-0.000170306
246.3	-0.000123134
246.4	-6.85688e-05
246.5	-1.04254e-05
246.6	4.56492e-05
246.7	0.000102303
246.8	0.000157285
246.9	0.000212227
247	0.000263276
247.1	0.000315805
247.2	0.000368446
247.3	0.000419479
247.4	0.000466397
247.5	0.000516094
247.6	0.000565308
247.7	0.000610826
247.8	0.00065438
247.9	0.000694667
248	0.000734559
248.1	0.000775307
248.2	0.00081241
248.3	0.000845899
248.4	0.000883025
248.5	0.000921319
248.6	0.000962734
248.7	0.00100477
248.8	0.00104588
248.9	0.00108708
249	0.00112411
249.1	0.0011612
249.2	0.00120193
249.3	0.00124347
249.4	0.00128487
249.5	0.00133046
249.6	0.001382
249.7	0.00143826
249.8	0.00149894
249.9	0.00156038
250	0.00162389
250.1	0.00168374
250.2	0.00174283
250.3	0.00180375
250.4	0.00186715
250.5	0.0019327
250.6	0.00200058
250.7	0.00206552
250.8	0.00212873
250.9	0.00219214
251	0.00225324
251.1	0.00231363
251.2	0.00237384
251.3	0.00243158
251.4	0.0024866
251.5	0.00253323
251.6	0.00257566
251.7	0.00261591
251.8	0.00265718
251.9	0.00269913
252	0.00273996
252.1	0.00277803
252.2	0.00281454
252.3	0.00285195
252.4	0.00288357
252.5	0.00290868
252.6	0.00293367
252.7	0.0029572
252.8	0.00297539
252.9	0.00298893
253	0.00299927
253.1	0.00300984
253.2	0.00302125
253.3	0.00303125
253.4	0.00303879
253.5	0.00304545
253.6	0.0030507
253.7	0.00305834
253.8	0.00306939
253.9	0.00308272
254	0.0030957
254.1	0.00311119
254.2	0.003127
254.3	0.00314327
254.4	0.0031548
254.5	0.00316482
254.6	0.00317271
254.7	0.00318475
254.8	0.00319716
254.9	0.00320659
255	0.00321933
255.1	0.00323112
255.2	0.00323864
255.3	0.00324566
255.4	0.00325132
255.5	0.00325575
255.6	0.00326232
255.7	0.00327356
255.8	0.0032849
255.9	0.00329486
256	0.00330663
256.1	0.00332297
256.2	0.00334271
256.3	0.00336556
256.4	0.00339102
256.5	0.00341574
256.6	0.00343724
256.7	0.0034574
256.8	0.00347697
256.9	0.00349925
257	0.00352202
257.1	0.00354245
257.2	0.00356075
257.3	0.00357815
257.4	0.00359823
257.5	0.00361213
257.6	0.00362269
257.7	0.00363461
257.8	0.00364377
257.9	0.00364998
258	0.00365368
258.1	0.00365752
258.2	0.00365811
258.3	0.00365603
258.4	0.00365211
258.5	0.00365192
258.6	0.0036531
258.7	0.00365941
258.8	0.00366633
258.9	0.00367185
259	0.00367421
259.1	0.0036709
259.2	0.00366721
259.3	0.00366305
259.4	0.00366437
259.5	0.00366553
259.6	0.00366529
259.7	0.00366152
259.8	0.00364933
259.9	0.0036331
260	0.00361538
260.1	0.00359479
260.2	0.00357211
260.3	0.00355205
260.4	0.00353215
260.5	0.00351443
260.6	0.00349632
260.7	0.00347584
260.8	0.00345119
260.9	0.0034247
261	0.0033983
261.1	0.00337263
261.2	0.00334577
261.3	0.0033208
261.4	0.0032953
261.5	0.00327019
261.6	0.00325081
261.7	0.00323521
261.8	0.00322819
261.9	0.00322574
262	0.00322423
262.1	0.00322063
262.2	0.00321741
262.3	0.00321422
262.4	0.00321114
262.5	0.00320869
262.6	0.00320807
262.7	0.00320891
262.8	0.00320448
262.9	0.00320035
263	0.00320322
263.1	0.00320963
263.2	0.0032181
263.3	0.00322585
263.4	0.00322939
263.5	0.0032306
263.6	0.00323163
263.7	0.00323357
263.8	0.00323529
263.9	0.00323429
264	0.00322797
264.1	0.0032166
264.2	0.00319857
264.3	0.00317551
264.4	0.0031525
264.5	0.00312693
264.6	0.00310218
264.7	0.00307842
264.8	0.00305126
264.9	0.00302384
265	0.00299519
265.1	0.00297142
265.2	0.00295509
265.3	0.0029464
265.4	0.00293727
265.5	0.00293279
265.6	0.00292653
265.7	0.0029191
265.8	0.00291109
265.9	0.00290412
266	0.00289991
266.1	0.00289673
266.2	0.00289367
266.3	0.00288994
266.4	0.00288284
266.5	0.00287384
266.6	0.00286266
266.7	0.00285118
266.8	0.00283866
266.9	0.0028225
267	0.00280431
267.1	0.00278484
267.2	0.00276871
267.3	0.0027518
267.4	0.00273177
267.5	0.00270575
267.6	0.00267886
267.7	0.00265048
267.8	0.00262078
267.9	0.00259112
268	0.00255931
268.1	0.00253179
268.2	0.00251019
268.3	0.00249404
268.4	0.00248136
268.5	0.00246379
268.6	0.00244549
268.7	0.00243049
268.8	0.0024191
268.9	0.00240341
269	0.00238354
269.1	0.00236336
269.2	0.0023453
269.3	0.00232563
269.4	0.00230986
269.5	0.00229825
269.6	0.00228722
269.7	0.00227495
269.8	0.00226108
269.9	0.00224765
270	0.00223248
270.1	0.0022183
270.2	0.00220661
270.3	0.00219439
270.4	0.00218708
270.5	0.00218346
270.6	0.00218377
270.7	0.00218704
270.8	0.00218791
270.9	0.00218638
271	0.00218223
271.1	0.00217651
271.2	0.00216977
271.3	0.00216061
271.4	0.00215161
271.5	0.00214429
271.6	0.00214007
271.7	0.00213632
271.8	0.00213678
271.9	0.00213681
272	0.00213604
272.1	0.00213209
272.2	0.00212157
272.3	0.00211229
272.4	0.00210182
272.5	0.00208576
272.6	0.0020644
272.7	0.00203314
272.8	0.00199482
272.9	0.00195198
273	0.00190932
273.1	0.00186796
273.2	0.00183062
273.3	0.00180153
273.4	0.00178123
273.5	0.00176673
273.6	0.00175159
273.7	0.00173135
273.8	0.00171036
273.9	0.00169194
274	0.00167726
274.1	0.00166759
274.2	0.00165764
274.3	0.00165033
274.4	0.00164351
274.5	0.00163463
274.6	0.00162177
274.7	0.00160734
274.8	0.00159583
274.9	0.0015862
275	0.00157318
275.1	0.00155933
275.2	0.00154813
275.3	0.00154112
275.4	0.00153724
275.5	0.00153297
275.6	0.00152735
275.7	0.00152282
275.8	0.00152185
275.9	0.00151774
276	0.0015099
276.1	0.00149841
276.2	0.00148782
276.3	0.00147741
276.4	0.00146959
276.5	0.0014642
276.6	0.00145794
276.7	0.00144989
276.8	0.00143771
276.9	0.00142032
277	0.00139918
277.1	0.00137738
277.2	0.00135134
277.3	0.00132508
277.4	0.00129919
277.5	0.00127061
277.6	0.0012446
277.7	0.0012214
277.8	0.00119347
277.9	0.00116773
278	0.00114507
278.1	0.00112084
278.2	0.00110035
278.3	0.00107878
278.4	0.00105296
278.5	0.00102794
278.6	0.00100418
278.7	0.000975404
278.8	0.000941058
278.9	0.000907712
279	0.000873403
279.1	0.000843386
279.2	0.000816057
279.3	0.000789395
279.4	0.000764303
279.5	0.000743687
279.6	0.000726203
279.7	0.000710029
279.8	0.000694116
279.9	0.000679771
280	0.000667357
280.1	0.000656021
280.2	0.000647293
280.3	0.000642402
280.4	0.00064211
280.5	0.000639505
280.6	0.000632535
280.7	0.000621138
280.8	0.000608802
280.9	0.000597996
281	0.000589351
281.1	0.000582016
281.2	0.000570766
281.3	0.000554687
281.4	0.000535459
281.5	0.000513191
281.6	0.000488349
281.7	0.000460377
281.8	0.000431386
281.9	0.000399255
282	0.000369029
282.1	0.00034283
282.2	0.000318569
282.3	0.000292568
282.4	0.000264439
282.5	0.000234444
282.6	0.000199613
282.7	0.000161281
282.8	0.000121394
282.9	8.06953e-05
283	4.35951e-05
283.1	8.47274e-06
283.2	-3.01162e-05
283.3	-6.9307e-05
283.4	-0.000108755
283.5	-0.000148849
283.6	-0.00018726
283.7	-0.000218305
283.8	-0.000244117
283.9	-0.000267132
284	-0.000284808
284.1	-0.000296238
284.2	-0.000299184
284.3	-0.000300606
284.4	-0.000306839
284.5	-0.000313175
284.6	-0.000321342
284.7	-0.000330834
284.8	-0.000342199
284.9	-0.000352839
285	-0.000361032
285.1	-0.000367211
285.2	-0.000370929
285.3	-0.00037297
285.4	-0.000377054
285.5	-0.000385235
285.6	-0.000393728
285.7	-0.000403975
285.8	-0.000415046
285.9	-0.000428864
286	-0.000441248
286.1	-0.000446987
286.2	-0.000449059
286.3	-0.000452243
286.4	-0.000452621
286.5	-0.000448489
286.6	-0.000441833
286.7	-0.00043506
286.8	-0.000428286
286.9	-0.000425627
287	-0.000423848
287.1	-0.000423707
287.2	-0.000421072
287.3	-0.000419112
287.4	-0.000420935
287.5	-0.000426534
287.6	-0.000434042
287.7	-0.000435901
287.8	-0.000432394
287.9	-0.000422475
288	-0.000411466
288.1	-0.000398029
288.2	-0.000384362
288.3	-0.00037463
288.4	-0.000366823
288.5	-0.000356797
288.6	-0.000349426
288.7	-0.000342529
288.8	-0.000336667
288.9	-0.000330382
289	-0.000332006
289.1	-0.000339349
289.2	-0.000354201
289.3	-0.000372901
289.4	-0.000392153
289.5	-0.000407724
289.6	-0.00042242
289.7	-0.000433855
289.8	-0.00044229
289.9	-0.000447224
290	-0.000448956
290.1	-0.000450007
290.2	-0.00045767
290.3	-0.000471237
290.4	-0.000486511
290.5	-0.000497631
290.6	-0.000504758
290.7	-0.000513667
290.8	-0.000522675
290.9	-0.000529017
291	-0.000531341
291.1	-0.000530668
291.2	-0.000529988
291.3	-0.000531052
291.4	-0.000534766
291.5	-0.000537703
291.6	-0.000538497
291.7	-0.000540194
291.8	-0.000539975
291.9	-0.00054216
292	-0.00054276
292.1	-0.000539508
292.2	-0.000536264
292.3	-0.00053459
292.4	-0.000532427
292.5	-0.000528029
292.6	-0.000519732
292.7	-0.000511573
292.8	-0.000503301
292.9	-0.000492969
293	-0.000479871
293.1	-0.000462024
293.2	-0.000439314
293.3	-0.000412273
293.4	-0.000380883
293.5	-0.000349957
293.6	-0.000315311
293.7	-0.000282267
293.8	-0.000250925
293.9	-0.000218908
294	-0.000186104
294.1	-0.000156809
294.2	-0.000132421
294.3	-0.000102022
294.4	-6.88539e-05
294.5	-3.40888e-05
294.6	9.86006e-07
294.7	3.39327e-05
294.8	6.68541e-05
294.9	0.000100695
295	0.000133485
295.1	0.000165976
295.2	0.000199515
295.3	0.000232075
295.4	0.000261265
295.5	0.000288953
295.6	0.000314907
295.7	0.000339926
295.8	0.000359785
295.9	0.000378148
296	0.000388685
296.1	0.000392641
296.2	0.000393394
296.3	0.000393903
296.4	0.000393925
296.5	0.000392741
296.6	0.000391244
296.7	0.00039275
296.8	0.000398044
296.9	0.00040418
297	0.000408309
297.1	0.000406241
297.2	0.000402461
297.3	0.000397184
297.4	0.000392534
297.5	0.000386196
297.6	0.000375626
297.7	0.000367149
297.8	0.000356035
297.9	0.000344008
298	0.000327554
298.1	0.000309146
298.2	0.000287267
298.3	0.000263687
298.4	0.000243312
298.5	0.000224529
298.6	0.000208917
298.7	0.000193248
298.8	0.000182519
298.9	0.000176748
299	0.000176423
299.1	0.000175436
299.2	0.000172259
299.3	0.000164301
299.4	0.000155652
299.5	0.000148618
299.6	0.00014478
299.7	0.000149166
299.8	0.000153485
299.9	0.000159888
300	0.000164518
300.1	0.000168334
300.2	0.000168623
300.3	0.000163331
300.4	0.000158144
300.5	0.000148924
300.6	0.0001387
300.7	0.00012662
300.8	0.000115128
300.9	0.000110744
301	0.000105464
301.1	9.80445e-05
301.2	8.64823e-05
301.3	7.49752e-05
301.4	5.83447e-05
301.5	4.17967e-05
301.6	2.95055e-05
301.7	1.97832e-05
301.8	8.84193e-06
301.9	-6.77327e-06
302	-2.22699e-05
302.1	-3.49461e-05
302.2	-4.66866e-05
302.3	-5.66242e-05
302.4	-6.67279e-05
302.5	-7.25025e-05
302.6	-8.24671e-05
302.7	-9.86363e-05
302.8	-0.00011213
302.9	-0.000120302
303	-0.000124695
303.1	-0.000126936
303.2	-0.000126109
303.3	-0.000126112
303.4	-0.00013153
303.5	-0.000137217
303.6	-0.000140721
303.7	-0.000144014
303.8	-0.000147401
303.9	-0.000144258
304	-0.000136513
304.1	-0.000127536
304.2	-0.000118107
304.3	-0.000112025
304.4	-0.000103432
304.5	-9.42973e-05
304.6	-8.59875e-05
304.7	-7.96017e-05
304.8	-7.59809e-05
304.9	-7.49613e-05
305	-7.54112e-05
305.1	-7.34023e-05
305.2	-6.95778e-05
305.3	-6.40155e-05
305.4	-6.05914e-05
305.5	-5.86642e-05
305.6	-5.19468e-05
305.7	-4.03581e-05
305.8	-2.63263e-05
305.9	-1.47733e-05
306	-2.11292e-06
306.1	1.29163e-05
306.2	3.09105e-05
306.3	5.06542e-05
306.4	6.91815e-05
306.5	8.5293e-05
306.6	0.000100691
306.7	0.000106604
306.8	0.000102827
306.9	8.72759e-05
307	6.55629e-05
307.1	4.09358e-05
307.2	1.50015e-05
307.3	-1.4697e-05
307.4	-4.30002e-05
307.5	-6.52465e-05
307.6	-8.76533e-05
307.7	-0.000105212
307.8	-0.000123206
307.9	-0.000144
308	-0.000163007
308.1	-0.000185269
308.2	-0.000209915
308.3	-0.000232727
308.4	-0.000253267
308.5	-0.000274811
308.6	-0.000293521
308.7	-0.000309373
308.8	-0.000324126
308.9	-0.000335127
309	-0.000340308
309.1	-0.000341691
309.2	-0.000344394
309.3	-0.000351505
309.4	-0.000363027
309.5	-0.000375711
309.6	-0.000387806
309.7	-0.000400092
309.8	-0.000414767
309.9	-0.000438609
310	-0.000470949
310.1	-0.000506449
310.2	-0.000543187
310.3	-0.000576831
310.4	-0.000612061
310.5	-0.000653288
310.6	-0.000696546
310.7	-0.000740854
310.8	-0.000782618
310.9	-0.000820708
311	-0.000853114
311.1	-0.000880678
311.2	-0.000908133
311.3	-0.000937361
311.4	-0.000964787
311.5	-0.000989779
311.6	-0.00100634
311.7	-0.00101806
311.8	-0.00102387
311.9	-0.00102603
312	-0.00102876
312.1	-0.00103335
312.2	-0.00103541
312.3	-0.00103387
312.4	-0.00103163
312.5	-0.00103116
312.6	-0.00102945
312.7	-0.00103418
312.8	-0.00104109
312.9	-0.00104947
313	-0.00105701
313.1	-0.00106455
313.2	-0.0010668
313.3	-0.00105937
313.4	-0.00104651
313.5	-0.00103204
313.6	-0.0010217
313.7	-0.00100953
313.8	-0.000997984
313.9	-0.000988747
314	-0.000980632
314.1	-0.000976425
314.2	-0.000972688
314.3	-0.000967781
314.4	-0.000954992
314.5	-0.000940564
314.6	-0.000932476
314.7	-0.000924123
314.8	-0.000917714
314.9	-0.000916483
315	-0.000920654
315.1	-0.000933656
315.2	-0.000951333
315.3	-0.000965069
315.4	-0.000975415
315.5	-0.000988289
315.6	-0.00100405
315.7	-0.00102053
315.8	-0.00103351
315.9	-0.00104049
316	-0.00103907
316.1	-0.00103036
316.2	-0.00101865
316.3	-0.00100476
316.4	-0.000988945
316.5	-0.000971452
316.6	-0.000951912
316.7	-0.000932541
316.8	-0.000909689
316.9	-0.000888084
317	-0.000865029
317.1	-0.000838474
317.2	-0.0008107
317.3	-0.000782471
317.4	-0.000747385
317.5	-0.000709619
317.6	-0.000675128
317.7	-0.000647026
317.8	-0.000622758
317.9	-0.000592113
318	-0.00055931
318.1	-0.000526799
318.2	-0.000497618
318.3	-0.000474153
318.4	-0.00045928
318.5	-0.000450493
318.6	-0.000444708
318.7	-0.0004379
318.8	-0.000425691
318.9	-0.000413279
319	-0.000402208
319.1	-0.000391085
319.2	-0.000381539
319.3	-0.000373146
319.4	-0.000369034
319.5	-0.000364625
319.6	-0.000359566
319.7	-0.000349162
319.8	-0.000339632
319.9	-0.000331686
320	-0.000324112
320.1	-0.000312128
320.2	-0.000295799
320.3	-0.000277374
320.4	-0.000262158
320.5	-0.000251395
320.6	-0.000242267
320.7	-0.000233852
320.8	-0.000230007
320.9	-0.000231154
321	-0.000233355
321.1	-0.000235969
321.2	-0.000239308
321.3	-0.000242445
321.4	-0.000249055
321.5	-0.000258037
321.6	-0.000266594
321.7	-0.000278088
321.8	-0.000293132
321.9	-0.000311476
322	-0.000325096
322.1	-0.000336781
322.2	-0.000344323
322.3	-0.000350892
322.4	-0.000359107
322.5	-0.000365195
322.6	-0.00037654
322.7	-0.000391122
322.8	-0.000404211
322.9	-0.000412119
323	-0.0004245
323.1	-0.00043871
323.2	-0.000449437
323.3	-0.000465498
323.4	-0.000490355
323.5	-0.000517688
323.6	-0.000542493
323.7	-0.000566026
323.8	-0.000590237
323.9	-0.000615327
324	-0.000638119
324.1	-0.000664279
324.2	-0.000687128
324.3	-0.000707848
324.4	-0.000728849
324.5	-0.000750549
324.6	-0.000773744
324.7	-0.000794973
324.8	-0.000816566
324.9	-0.000841314
325	-0.000871708
325.1	-0.00090492
325.2	-0.00093971
325.3	-0.000974866
325.4	-0.00100396
325.5	-0.0010235
325.6	-0.0010412
325.7	-0.00105962
325.8	-0.00107526
325.9	-0.00108638
326	-0.00109581
326.1	-0.00110236
326.2	-0.00110302
326.3	-0.00110266
326.4	-0.00110149
326.5	-0.00110026
326.6	-0.00109913
326.7	-0.00109311
326.8	-0.00108193
326.9	-0.0010692
327	-0.00105669
327.1	-0.00105091
327.2	-0.00104934
327.3	-0.00104701
327.4	-0.00104697
327.5	-0.00104964
327.6	-0.00105181
327.7	-0.00106037
327.8	-0.00106754
327.9	-0.00107309
328	-0.00107449
328.1	-0.00106639
328.2	-0.00105819
328.3	-0.00104797
328.4	-0.00103731
328.5	-0.00102847
328.6	-0.00102208
328.7	-0.00101638
328.8	-0.00100978
328.9	-0.00100389
329	-0.000997217
329.1	-0.000985614
329.2	-0.000975704
329.3	-0.000961619
329.4	-0.000946217
329.5	-0.000928674
329.6	-0.000909536
329.7	-0.000889404
329.8	-0.000870736
329.9	-0.000850584
330	-0.000833767
330.1	-0.000819751
330.2	-0.000805934
330.3	-0.000786803
330.4	-0.000766332
330.5	-0.000747247
330.6	-0.000731463
330.7	-0.000721541
330.8	-0.00071506
330.9	-0.000711702
331	-0.000709996
331.1	-0.000707897
331.2	-0.000702605
331.3	-0.000697229
331.4	-0.000690423
331.5	-0.000685337
331.6	-0.000679852
331.7	-0.000674542
331.8	-0.000668258
331.9	-0.000658417
332	-0.000645489
332.1	-0.000637235
332.2	-0.000629561
332.3	-0.000621974
332.4	-0.000617388
332.5	-0.00061524
332.6	-0.00061361
332.7	-0.000610618
332.8	-0.000607088
332.9	-0.000603957
333	-0.000600179
333.1	-0.000597996
333.2	-0.00059445
333.3	-0.000589264
333.4	-0.000582693
333.5	-0.000574632
333.6	-0.000565264
333.7	-0.000561941
333.8	-0.000563115
333.9	-0.000565339
334	-0.000568336
334.1	-0.000573397
334.2	-0.00057803
334.3	-0.000583235
334.4	-0.000585008
334.5	-0.000584524
334.6	-0.000581409
334.7	-0.000579995
334.8	-0.000578107
334.9	-0.000575844
335	-0.000578234
335.1	-0.000582553
335.2	-0.000585895
335.3	-0.000586864
335.4	-0.000586975
335.5	-0.00058195
335.6	-0.00057468
335.7	-0.000563638
335.8	-0.000547407
335.9	-0.000531186
336	-0.00051286
336.1	-0.0004945
336.2	-0.000477847
336.3	-0.000461055
336.4	-0.000449235
336.5	-0.000437878
336.6	-0.000427872
336.7	-0.000415835
336.8	-0.00040278
336.9	-0.000387464
337	-0.00037619
337.1	-0.000360874
337.2	-0.000344502
337.3	-0.000329502
337.4	-0.000319773
337.5	-0.000312895
337.6	-0.000307476
337.7	-0.000300499
337.8	-0.000292243
337.9	-0.000286019
338	-0.000282798
338.1	-0.000284633
338.2	-0.000289433
338.3	-0.000297707
338.4	-0.000311772
338.5	-0.000327265
338.6	-0.000339207
338.7	-0.000346388
338.8	-0.00035097
338.9	-0.00035569
339	-0.000359319
339.1	-0.000361495
339.2	-0.000357997
339.3	-0.000349237
339.4	-0.000335352
339.5	-0.000321886
339.6	-0.000306482
339.7	-0.000294892
339.8	-0.000289043
339.9	-0.00028363
340	-0.000279603
340.1	-0.000281802
340.2	-0.000292642
340.3	-0.000305923
340.4	-0.000321159
340.5	-0.000337925
340.6	-0.000356127
340.7	-0.000377303
340.8	-0.000399205
340.9	-0.000417881
341	-0.000433799
341.1	-0.000447332
341.2	-0.000458839
341.3	-0.000471352
341.4	-0.000482802
341.5	-0.000495438
341.6	-0.000506875
341.7	-0.000522479
341.8	-0.000536475
341.9	-0.000550428
342	-0.000564166
342.1	-0.000577909
342.2	-0.000595292
342.3	-0.000615164
342.4	-0.000635568
342.5	-0.000661674
342.6	-0.000685969
342.7	-0.000709864
342.8	-0.000737838
342.9	-0.00076706
343	-0.000793431
343.1	-0.000820149
343.2	-0.00084932
343.3	-0.000883246
343.4	-0.000918907
343.5	-0.000955479
343.6	-0.000989041
343.7	-0.00101889
343.8	-0.00104181
343.9	-0.00105893
344	-0.00107087
344.1	-0.00107734
344.2	-0.00108269
344.3	-0.00108043
344.4	-0.00107276
344.5	-0.00106094
344.6	-0.00104403
344.7	-0.00102533
344.8	-0.00100639
344.9	-0.00098967
345	-0.000977522
345.1	-0.00097103
345.2	-0.000965953
345.3	-0.000962736
345.4	-0.000962222
345.5	-0.000967697
345.6	-0.000971987
345.7	-0.000977434
345.8	-0.000982759
345.9	-0.000987185
346	-0.000995138
346.1	-0.0010043
346.2	-0.00101198
346.3	-0.00101698
346.4	-0.00102354
346.5	-0.00103202
346.6	-0.00104298
346.7	-0.00105308
346.8	-0.00106048
346.9	-0.00106021
347	-0.00106253
347.1	-0.00106221
347.2	-0.00106399
347.3	-0.00106669
347.4	-0.0010673
347.5	-0.00106663
347.6	-0.00106362
347.7	-0.00106652
347.8	-0.00107041
347.9	-0.00107419
348	-0.00108032
348.1	-0.00108933
348.2	-0.00109587
348.3	-0.00110111
348.4	-0.00110698
348.5	-0.0011122
348.6	-0.0011119
348.7	-0.0011153
348.8	-0.00112008
348.9	-0.00112814
349	-0.00114205
349.1	-0.00115326
349.2	-0.00115947
349.3	-0.0011631
349.4	-0.00116322
349.5	-0.00115924
349.6	-0.00114975
349.7	-0.00113485
349.8	-0.00111897
349.9	-0.0010991
350	-0.00107521
350.1	-0.00104668
350.2	-0.00101487
350.3	-0.00098177
350.4	-0.000953235
350.5	-0.000926028
350.6	-0.000896546
350.7	-0.000863676
350.8	-0.000827153
350.9	-0.000791871
351	-0.000761928
351.1	-0.000732774
351.2	-0.000708451
351.3	-0.00069009
351.4	-0.000671458
351.5	-0.000651966
351.6	-0.000633892
351.7	-0.000619696
351.8	-0.000611107
351.9	-0.000610116
352	-0.000614084
352.1	-0.000617831
352.2	-0.000620214
352.3	-0.000622515
352.4	-0.000624661
352.5	-0.000622557
352.6	-0.000619237
352.7	-0.000613596
352.8	-0.000612034
352.9	-0.000617862
353	-0.000626325
353.1	-0.000631525
353.2	-0.000634816
353.3	-0.000639577
353.4	-0.000648311
353.5	-0.000660586
353.6	-0.000672511
353.7	-0.000682664
353.8	-0.000694495
353.9	-0.000715173
354	-0.000739276
354.1	-0.000764662
354.2	-0.000790188
354.3	-0.000816375
354.4	-0.000840497
354.5	-0.000861071
354.6	-0.000878777
354.7	-0.000898357
354.8	-0.000922105
354.9	-0.000949786
355	-0.000983932
355.1	-0.00102286
355.2	-0.00106771
355.3	-0.00110927
355.4	-0.00114669
355.5	-0.00118493
355.6	-0.00122921
355.7	-0.00127502
355.8	-0.00132631
355.9	-0.00137345
356	-0.00141395
356.1	-0.00145074
356.2	-0.00148733
356.3	-0.00152217
356.4	-0.00155539
356.5	-0.00158865
356.6	-0.00161657
356.7	-0.00164103
356.8	-0.0016685
356.9	-0.00169722
357	-0.00172787
357.1	-0.00175867
357.2	-0.00178978
357.3	-0.00182704
357.4	-0.00187369
357.5	-0.0019255
357.6	-0.00197956
357.7	-0.00202654
357.8	-0.0020689
357.9	-0.00210639
358	-0.00213787
358.1	-0.00216426
358.2	-0.0021932
358.3	-0.00222547
358.4	-0.00225531
358.5	-0.00228084
358.6	-0.00230295
358.7	-0.0023188
358.8	-0.0023353
358.9	-0.00234908
359	-0.00235998
359.1	-0.00236715
359.2	-0.00237058
359.3	-0.00237136
359.4	-0.00236654
359.5	-0.00235709
359.6	-0.00234702
359.7	-0.00233478
359.8	-0.00231772
359.9	-0.00229862
360	-0.00227848
360.1	-0.00225497
360.2	-0.00223193
360.3	-0.00220848
360.4	-0.0021897
360.5	-0.00217252
360.6	-0.00215636
360.7	-0.0021368
360.8	-0.00211435
360.9	-0.00209181
361	-0.0020641
361.1	-0.00202985
361.2	-0.00199573
361.3	-0.00196109
361.4	-0.00192894
361.5	-0.00189873
361.6	-0.00187073
361.7	-0.00184316
361.8	-0.00181348
361.9	-0.00178484
362	-0.00175604
362.1	-0.00173123
362.2	-0.00171154
362.3	-0.0016925
362.4	-0.00167455
362.5	-0.0016519
362.6	-0.00162792
362.7	-0.00160706
362.8	-0.00158605
362.9	-0.00156768
363	-0.00154783
363.1	-0.00152282
363.2	-0.00149575
363.3	-0.00146293
363.4	-0.00142317
363.5	-0.00137515
363.6	-0.001326
363.7	-0.00127939
363.8	-0.0012382
363.9	-0.00120183
364	-0.00117294
364.1	-0.00114702
364.2	-0.00112869
364.3	-0.00111292
364.4	-0.00109725
364.5	-0.00108923
364.6	-0.00108383
364.7	-0.0010792
364.8	-0.00107579
364.9	-0.00107264
365	-0.00107132
365.1	-0.0010701
365.2	-0.00107607
365.3	-0.00108294
365.4	-0.00108836
365.5	-0.00109199
365.6	-0.00109624
365.7	-0.00109654
365.8	-0.00109398
365.9	-0.00109217
366	-0.00109082
366.1	-0.0010914
366.2	-0.00108859
366.3	-0.00108566
366.4	-0.00108198
366.5	-0.0010753
366.6	-0.0010676
366.7	-0.00105883
366.8	-0.00104968
366.9	-0.00103382
367	-0.0010122
367.1	-0.000988105
367.2	-0.000966214
367.3	-0.000950296
367.4	-0.000935779
367.5	-0.000926916
367.6	-0.00091877
367.7	-0.000911958
367.8	-0.000905545
367.9	-0.000902996
368	-0.000906308
368.1	-0.000914458
368.2	-0.000926309
368.3	-0.000937561
368.4	-0.000947809
368.5	-0.000959319
368.6	-0.000969721
368.7	-0.000982555
368.8	-0.000990649
368.9	-0.000996674
369	-0.00100332
369.1	-0.0010104
369.2	-0.00101828
369.3	-0.00102643
369.4	-0.00103606
369.5	-0.00104715
369.6	-0.00105692
369.7	-0.00106389
369.8	-0.00106765
369.9	-0.00107559
370	-0.00108647
370.1	-0.0011005
370.2	-0.00111384
370.3	-0.00112277
370.4	-0.00112529
370.5	-0.00112308
370.6	-0.00111848
370.7	-0.0011153
370.8	-0.00111404
370.9	-0.00111342
371	-0.00110647
371.1	-0.00109223
371.2	-0.00107739
371.3	-0.00106569
371.4	-0.00106066
371.5	-0.00105906
371.6	-0.00106326
371.7	-0.00107207
371.8	-0.00107638
371.9	-0.00107713
372	-0.00107313
372.1	-0.00106621
372.2	-0.00105827
372.3	-0.00104887
372.4	-0.00103744
372.5	-0.00102254
372.6	-0.0010083
372.7	-0.000996415
372.8	-0.000989832
372.9	-0.00098359
373	-0.000979799
373.1	-0.000973067
373.2	-0.000966153
373.3	-0.000963976
373.4	-0.0009669
373.5	-0.000973906
373.6	-0.000981694
373.7	-0.000989389
373.8	-0.000995962
373.9	-0.00100242
374	-0.00101078
374.1	-0.00101475
374.2	-0.00101774
374.3	-0.0010282
374.4	-0.00104599
374.5	-0.00106898
374.6	-0.00109241
374.7	-0.00111129
374.8	-0.00112157
374.9	-0.00112714
375	-0.00113454
375.1	-0.00114301
375.2	-0.0011487
375.3	-0.00115776
375.4	-0.00116681
375.5	-0.0011777
375.6	-0.00118805
375.7	-0.00119525
375.8	-0.00120334
375.9	-0.00121409
376	-0.00122551
376.1	-0.00124209
376.2	-0.00125707
376.3	-0.0012735
376.4	-0.001289
376.5	-0.00129437
376.6	-0.00130253
376.7	-0.0013106
376.8	-0.00131784
376.9	-0.0013194
377	-0.00131926
377.1	-0.00131765
377.2	-0.00132294
377.3	-0.00133253
377.4	-0.00134497
377.5	-0.00135617
377.6	-0.00136452
377.7	-0.00136921
377.8	-0.00137325
377.9	-0.00137357
378	-0.00137629
378.1	-0.00137953
378.2	-0.00138053
378.3	-0.00138012
378.4	-0.00137462
378.5	-0.00136394
378.6	-0.00135428
378.7	-0.00134687
378.8	-0.00134198
378.9	-0.0013381
379	-0.00133329
379.1	-0.00133176
379.2	-0.00132865
379.3	-0.0013225
379.4	-0.00131427
379.5	-0.00130926
379.6	-0.00130456
379.7	-0.00129848
379.8	-0.00128701
379.9	-0.00127365
380	-0.00125736
380.1	-0.00123755
380.2	-0.00121823
380.3	-0.00120575
380.4	-0.00119447
380.5	-0.00118224
380.6	-0.00116623
380.7	-0.00114992
380.8	-0.00113647
380.9	-0.00111919
381	-0.00110342
381.1	-0.00108355
381.2	-0.00106444
381.3	-0.00104677
381.4	-0.0010258
381.5	-0.00100696
381.6	-0.000987551
381.7	-0.000970326
381.8	-0.00095513
381.9	-0.000937845
382	-0.000918874
382.1	-0.000901616
382.2	-0.000881358
382.3	-0.000855934
382.4	-0.000835389
382.5	-0.000814657
382.6	-0.000794053
382.7	-0.000768347
382.8	-0.000741778
382.9	-0.000721241
383	-0.000699276
383.1	-0.000673899
383.2	-0.000648067
383.3	-0.000626541
383.4	-0.000610278
383.5	-0.000588865
383.6	-0.000562352
383.7	-0.000534621
383.8	-0.000504925
383.9	-0.000472956
384	-0.000443269
384.1	-0.000420002
384.2	-0.000400805
384.3	-0.000384698
384.4	-0.000374922
384.5	-0.00037089
384.6	-0.00037089
384.7	-0.000374812
384.8	-0.000376715
384.9	-0.000377462
385	-0.000377825
385.1	-0.000383148
385.2	-0.000389355
385.3	-0.000396251
385.4	-0.000406437
385.5	-0.00041793
385.6	-0.000429278
385.7	-0.000439772
385.8	-0.000450044
385.9	-0.000458855
386	-0.000461592
386.1	-0.000464695
386.2	-0.000467902
386.3	-0.000472974
386.4	-0.000481144
386.5	-0.000490476
386.6	-0.000498388
386.7	-0.000503651
386.8	-0.000509622
386.9	-0.000516162
387	-0.000512656
387.1	-0.00050282
387.2	-0.000489981
387.3	-0.000474647
387.4	-0.000462556
387.5	-0.000452086
387.6	-0.000444026
387.7	-0.000437054
387.8	-0.000430861
387.9	-0.000426911
388	-0.000425416
388.1	-0.000423492
388.2	-0.000421386
388.3	-0.000420255
388.4	-0.000417215
388.5	-0.000411879
388.6	-0.000407715
388.7	-0.000408233
388.8	-0.000410349
388.9	-0.000408373
389	-0.000403175
389.1	-0.000398135
389.2	-0.000391869
389.3	-0.000389422
389.4	-0.000393688
389.5	-0.000403126
389.6	-0.000413233
389.7	-0.000422896
389.8	-0.000431194
389.9	-0.000440351
390	-0.000453421
390.1	-0.00046701
390.2	-0.000477787
390.3	-0.000486556
390.4	-0.000495261
390.5	-0.000503993
390.6	-0.000514916
390.7	-0.000524079
390.8	-0.000537156
390.9	-0.000550559
391	-0.000561955
391.1	-0.000571493
391.2	-0.000580843
391.3	-0.000589909
391.4	-0.000604432
391.5	-0.000627045
391.6	-0.000655184
391.7	-0.000682387
391.8	-0.000706033
391.9	-0.000729284
392	-0.000755319
392.1	-0.000778879
392.2	-0.000804111
392.3	-0.000835605
392.4	-0.000866743
392.5	-0.000894988
392.6	-0.000923878
392.7	-0.000953375
392.8	-0.000982607
392.9	-0.00100742
393	-0.00103308
393.1	-0.00105729
393.2	-0.00108043
393.3	-0.00110169
393.4	-0.00111464
393.5	-0.00112718
393.6	-0.0011377
393.7	-0.00114727
393.8	-0.00115376
393.9	-0.0011562
394	-0.00115593
394.1	-0.00115421
394.2	-0.00115394
394.3	-0.00115415
394.4	-0.00115603
394.5	-0.00115542
394.6	-0.00114664
394.7	-0.00113211
394.8	-0.0011163
394.9	-0.00110051
395	-0.00108273
395.1	-0.00105932
395.2	-0.00102966
395.3	-0.000995795
395.4	-0.000960747
395.5	-0.000927878
395.6	-0.000895832
395.7	-0.000864652
395.8	-0.000830903
395.9	-0.000799411
396	-0.000771702
396.1	-0.000751292
396.2	-0.00073724
396.3	-0.000729984
396.4	-0.000724395
396.5	-0.000716384
396.6	-0.000708742
396.7	-0.000703124
396.8	-0.00069706
396.9	-0.000691002
397	-0.000685636
397.1	-0.000681096
397.2	-0.000673815
397.3	-0.000671522
397.4	-0.000671899
397.5	-0.000669268
397.6	-0.000664877
397.7	-0.000659553
397.8	-0.000648822
397.9	-0.000634355
398	-0.00061868
398.1	-0.000603278
398.2	-0.000593953
398.3	-0.00058718
398.4	-0.000576202
398.5	-0.000557731
398.6	-0.0005326
398.7	-0.000502316
398.8	-0.000474678
398.9	-0.000447955
399	-0.000423864
399.1	-0.000400304
399.2	-0.000378955
399.3	-0.000362522
399.4	-0.000350149
399.5	-0.000340854
399.6	-0.000337583
399.7	-0.000336671
399.8	-0.000340473
399.9	-0.000342377
400	-0.000344324
400.1	-0.000349309
400.2	-0.00035621
400.3	-0.000366905
400.4	-0.000380425
400.5	-0.000398737
400.6	-0.000419172
400.7	-0.000440719
400.8	-0.000469846
400.9	-0.000502033
401	-0.000537125
401.1	-0.000572908
401.2	-0.000610621
401.3	-0.000648186
401.4	-0.000688348
401.5	-0.000727258
401.6	-0.000766124
401.7	-0.000805942
401.8	-0.000845626
401.9	-0.000883796
402	-0.000919791
402.1	-0.000959181
402.2	-0.00099848
402.3	-0.00103811
402.4	-0.00107593
402.5	-0.0011129
402.6	-0.00115163
402.7	-0.00118698
402.8	-0.00122486
402.9	-0.0012627
403	-0.00130022
403.1	-0.00134021
403.2	-0.00137845
403.3	-0.00141376
403.4	-0.00144706
403.5	-0.00147894
403.6	-0.00151465
403.7	-0.00155525
403.8	-0.00159202
403.9	-0.001623
404	-0.00164715
404.1	-0.00167474
404.2	-0.00170294
404.3	-0.00173164
404.4	-0.00176211
404.5	-0.00179342
404.6	-0.00182167
404.7	-0.00185012
404.8	-0.00187629
404.9	-0.00190066
405	-0.00191631
405.1	-0.00193148
405.2	-0.00194348
405.3	-0.00195424
405.4	-0.00196024
405.5	-0.00196577
405.6	-0.00197532
405.7	-0.00198511
405.8	-0.00199835
405.9	-0.00201266
406	-0.00202991
406.1	-0.00205376
406.2	-0.00207551
406.3	-0.00209716
406.4	-0.00212192
406.5	-0.00214965
406.6	-0.00217346
406.7	-0.00219461
406.8	-0.00221393
406.9	-0.00223203
407	-0.00225099
407.1	-0.00226935
407.2	-0.00228736
407.3	-0.00229963
407.4	-0.00230841
407.5	-0.00231531
407.6	-0.00231788
407.7	-0.00231532
407.8	-0.00230837
407.9	-0.00229952
408	-0.00228451
408.1	-0.00226591
408.2	-0.00224567
408.3	-0.00222226
408.4	-0.00220366
408.5	-0.00218751
408.6	-0.00217552
408.7	-0.00216793
408.8	-0.00215966
408.9	-0.00215196
409	-0.00214667
409.1	-0.00214671
409.2	-0.00215221
409.3	-0.00216139
409.4	-0.00216852
409.5	-0.00217797
409.6	-0.00218622
409.7	-0.00219659
409.8	-0.00220797
409.9	-0.00222058
410	-0.00223153
410.1	-0.0022398
410.2	-0.00224423
410.3	-0.00224762
410.4	-0.0022506
410.5	-0.0022482
410.6	-0.00223859
410.7	-0.00222564
410.8	-0.00220975
410.9	-0.00219658
411	-0.00218761
411.1	-0.00217903
411.2	-0.00217225
411.3	-0.00216912
411.4	-0.00217183
411.5	-0.0021809
411.6	-0.00219205
411.7	-0.00220486
411.8	-0.00221587
411.9	-0.00222855
412	-0.00224626
412.1	-0.00225987
412.2	-0.00227519
412.3	-0.00229389
412.4	-0.00231173
412.5	-0.00233076
412.6	-0.00234628
412.7	-0.00236285
412.8	-0.00237938
412.9	-0.00239836
413	-0.00241919
413.1	-0.00243986
413.2	-0.00245657
413.3	-0.00247202
413.4	-0.00248697
413.5	-0.00249347
413.6	-0.00249709
413.7	-0.00250206
413.8	-0.00250375
413.9	-0.00250483
414	-0.00250189
414.1	-0.00249757
414.2	-0.00248907
414.3	-0.00247688
414.4	-0.0024655
414.5	-0.00246441
414.6	-0.00246525
414.7	-0.00246429
414.8	-0.00245919
414.9	-0.00244967
415	-0.00243482
415.1	-0.00241419
415.2	-0.00238976
415.3	-0.00236143
415.4	-0.00232803
415.5	-0.00229139
415.6	-0.00224987
415.7	-0.00220933
415.8	-0.00216295
415.9	-0.00211325
416	-0.00206426
416.1	-0.00201299
416.2	-0.00196091
416.3	-0.00190675
416.4	-0.00184968
416.5	-0.00179524
416.6	-0.00174362
416.7	-0.00169313
416.8	-0.00164283
416.9	-0.00158912
417	-0.00153457
417.1	-0.00148229
417.2	-0.0014339
417.3	-0.00138941
417.4	-0.00134834
417.5	-0.00130419
417.6	-0.0012603
417.7	-0.00121269
417.8	-0.00116446
417.9	-0.00111669
418	-0.00106778
418.1	-0.00102133
418.2	-0.000975792
418.3	-0.000934098
418.4	-0.000891186
418.5	-0.000847338
418.6	-0.000805806
418.7	-0.000762766
418.8	-0.000718215
418.9	-0.000671514
419	-0.000626803
419.1	-0.000582355
419.2	-0.000535069
419.3	-0.00048799
419.4	-0.000441527
419.5	-0.00039501
419.6	-0.000349148
419.7	-0.000305469
419.8	-0.000262292
419.9	-0.000220721
420	-0.000187945
420.1	-0.000161086
420.2	-0.000137396
420.3	-0.000108752
420.4	-7.86168e-05
420.5	-4.91252e-05
420.6	-2.00574e-05
420.7	4.12988e-06
420.8	3.11294e-05
420.9	6.08433e-05
421	9.21666e-05
421.1	0.000129602
421.2	0.000170486
421.3	0.000210954
421.4	0.000251102
421.5	0.000289185
421.6	0.000329527
421.7	0.000369349
421.8	0.000411592
421.9	0.000454455
422	0.000495318
422.1	0.000533082
422.2	0.000566958
422.3	0.000596031
422.4	0.000621109
422.5	0.000647041
422.6	0.000669897
422.7	0.000692206
422.8	0.000717087
422.9	0.000746839
423	0.000780566
423.1	0.000815463
423.2	0.000850451
423.3	0.000887766
423.4	0.000921723
423.5	0.000948554
423.6	0.000975742
423.7	0.000999732
423.8	0.00102044
423.9	0.00104474
424	0.00107156
424.1	0.00109653
424.2	0.00111839
424.3	0.00113482
424.4	0.00115343
424.5	0.00117336
424.6	0.00119754
424.7	0.00122428
424.8	0.00125244
424.9	0.00128169
425	0.00131037
425.1	0.00133619
425.2	0.00136287
425.3	0.00138712
425.4	0.00140931
425.5	0.00142791
425.6	0.00144665
425.7	0.00146605
425.8	0.00148638
425.9	0.00150532
426	0.00152322
426.1	0.00154148
426.2	0.00155563
426.3	0.00156494
426.4	0.00156905
426.5	0.00157398
426.6	0.00157524
426.7	0.00158022
426.8	0.00158359
426.9	0.00158115
427	0.00157785
427.1	0.00157437
427.2	0.00156951
427.3	0.00156211
427.4	0.00155284
427.5	0.00154304
427.6	0.00153324
427.7	0.0015206
427.8	0.00150627
427.9	0.00149021
428	0.00146436
428.1	0.00143306
428.2	0.00139707
428.3	0.00136356
428.4	0.00133138
428.5	0.00130168
428.6	0.00127282
428.7	0.00124823
428.8	0.00122436
428.9	0.00119912
429	0.00117403
429.1	0.00114659
429.2	0.00111168
429.3	0.00107413
429.4	0.00103579
429.5	0.00099663
429.6	0.00095634
429.7	0.000918144
429.8	0.000881591
429.9	0.000852513
430	0.00082466
430.1	0.000804663
430.2	0.000788184
430.3	0.000773231
430.4	0.000755143
430.5	0.000734775
430.6	0.000709582
430.7	0.000680432
430.8	0.000651684
430.9	0.000621397
431	0.000592749
431.1	0.000565878
431.2	0.000534719
431.3	0.000499525
431.4	0.000464495
431.5	0.000430892
431.6	0.000399748
431.7	0.00037012
431.8	0.000343412
431.9	0.000319039
432	0.000291376
432.1	0.000263545
432.2	0.000236708
432.3	0.000212961
432.4	0.000191731
432.5	0.000172296
432.6	0.000153539
432.7	0.000135465
432.8	0.000113705
432.9	9.57621e-05
433	8.30104e-05
433.1	7.72793e-05
433.2	6.97489e-05
433.3	6.57889e-05
433.4	6.20973e-05
433.5	6.32053e-05
433.6	6.73665e-05
433.7	7.76531e-05
433.8	9.45778e-05
433.9	0.000115561
434	0.000138603
434.1	0.000158285
434.2	0.000176045
434.3	0.000195011
434.4	0.000213751
434.5	0.000232157
434.6	0.00024908
434.7	0.000265135
434.8	0.000279963
434.9	0.000290994
435	0.000298889
435.1	0.000300886
435.2	0.000299472
435.3	0.00029484
435.4	0.000288511
435.5	0.000279803
435.6	0.00027086
435.7	0.000262877
435.8	0.000256358
435.9	0.000251131
436	0.000245854
436.1	0.000240002
436.2	0.000233455
436.3	0.000225308
436.4	0.000217322
436.5	0.000211296
436.6	0.000204129
436.7	0.000192642
436.8	0.000180383
436.9	0.000164303
437	0.000144606
437.1	0.000128728
437.2	0.000117625
437.3	0.000103402
437.4	8.4637e-05
437.5	6.26132e-05
437.6	3.7546e-05
437.7	1.15473e-05
437.8	-1.45346e-05
437.9	-3.60326e-05
438	-5.90243e-05
438.1	-8.43147e-05
438.2	-0.00010944
438.3	-0.000134581
438.4	-0.000157743
438.5	-0.000176855
438.6	-0.000194427
438.7	-0.000214252
438.8	-0.000231861
438.9	-0.000248729
439	-0.000266646
439.1	-0.000278881
439.2	-0.000289977
439.3	-0.000294843
439.4	-0.000302628
439.5	-0.000307363
439.6	-0.00031309
439.7	-0.000321549
439.8	-0.000333327
439.9	-0.000344986
440	-0.000353918
440.1	-0.000360029
440.2	-0.000370857
440.3	-0.000391511
440.4	-0.00041231
440.5	-0.000426466
440.6	-0.000434893
440.7	-0.000438298
440.8	-0.000442497
440.9	-0.000444678
441	-0.000441563
441.1	-0.000438155
441.2	-0.00043597
441.3	-0.000434898
441.4	-0.000440833
441.5	-0.000446812
441.6	-0.00045366
441.7	-0.000463287
441.8	-0.000474274
441.9	-0.000494152
442	-0.000514851
442.1	-0.000535341
442.2	-0.000556734
442.3	-0.000573569
442.4	-0.000586532
442.5	-0.000600073
442.6	-0.000611296
442.7	-0.0006195
442.8	-0.000625991
442.9	-0.000635209
443	-0.000645866
443.1	-0.000655295
443.2	-0.000667243
443.3	-0.000685226
443.4	-0.000708046
443.5	-0.000738988
443.6	-0.000768129
443.7	-0.000796688
443.8	-0.000830529
443.9	-0.000862848
444	-0.000894949
444.1	-0.000925069
444.2	-0.000953182
444.3	-0.000978017
444.4	-0.00100005
444.5	-0.00102393
444.6	-0.00104288
444.7	-0.00105709
444.8	-0.0010708
444.9	-0.00108757
445	-0.00110324
445.1	-0.00111503
445.2	-0.00112134
445.3	-0.00112815
445.4	-0.00113976
445.5	-0.00115348
445.6	-0.00116608
445.7	-0.00118154
445.8	-0.00120295
445.9	-0.00122998
446	-0.0012581
446.1	-0.00128117
446.2	-0.00130204
446.3	-0.00132062
446.4	-0.00134163
446.5	-0.00136338
446.6	-0.00138279
446.7	-0.00139867
446.8	-0.00141285
446.9	-0.00142675
447	-0.00143849
447.1	-0.00144894
447.2	-0.00145968
447.3	-0.00146632
447.4	-0.00146725
447.5	-0.00146328
447.6	-0.0014559
447.7	-0.00144699
447.8	-0.00143331
447.9	-0.00141746
448	-0.00140866
448.1	-0.00140921
448.2	-0.00141414
448.3	-0.00141406
448.4	-0.00140818
448.5	-0.00139846
448.6	-0.00138296
448.7	-0.0013654
448.8	-0.00134754
448.9	-0.00133536
449	-0.00132603
449.1	-0.00131995
449.2	-0.00131903
449.3	-0.00131678
449.4	-0.00130902
449.5	-0.00129312
449.6	-0.00127797
449.7	-0.00126612
449.8	-0.00125941
449.9	-0.00125758
450	-0.00125642
450.1	-0.00125125
450.2	-0.00124765
450.3	-0.00124644
450.4	-0.00124377
450.5	-0.00123777
450.6	-0.00122593
450.7	-0.0012143
450.8	-0.00120069
450.9	-0.00119045
451	-0.00118359
451.1	-0.00117894
451.2	-0.00117578
451.3	-0.00117466
451.4	-0.00116897
451.5	-0.00116627
451.6	-0.00116005
451.7	-0.00114355
451.8	-0.00112209
451.9	-0.00109986
452	-0.001079
452.1	-0.00105419
452.2	-0.00102527
452.3	-0.000994454
452.4	-0.00096222
452.5	-0.000933028
452.6	-0.000905306
452.7	-0.000881204
452.8	-0.000864145
452.9	-0.000851341
453	-0.000843099
453.1	-0.000833312
453.2	-0.00082262
453.3	-0.00080933
453.4	-0.000796913
453.5	-0.000786447
453.6	-0.000776821
453.7	-0.000764344
453.8	-0.000752128
453.9	-0.000743863
454	-0.000732177
454.1	-0.000718772
454.2	-0.000703229
454.3	-0.000686792
454.4	-0.000672599
454.5	-0.000658532
454.6	-0.000644069
454.7	-0.000630724
454.8	-0.000619427
454.9	-0.000610443
455	-0.000603187
455.1	-0.000596663
455.2	-0.000591198
455.3	-0.000583803
455.4	-0.00057827
455.5	-0.000576566
455.6	-0.00058109
455.7	-0.000590761
455.8	-0.000604744
455.9	-0.000618973
456	-0.000633152
456.1	-0.000646965
456.2	-0.000659696
456.3	-0.000671359
456.4	-0.000685386
456.5	-0.00070141
456.6	-0.000717732
456.7	-0.000734788
456.8	-0.000755623
456.9	-0.000781276
457	-0.000805705
457.1	-0.000832415
457.2	-0.000858587
457.3	-0.000880606
457.4	-0.000904145
457.5	-0.000927193
457.6	-0.000949899
457.7	-0.000972471
457.8	-0.000993384
457.9	-0.00100604
458	-0.00101256
458.1	-0.00101975
458.2	-0.00102532
458.3	-0.0010265
458.4	-0.00102692
458.5	-0.00102609
458.6	-0.00102589
458.7	-0.00102628
458.8	-0.00102716
458.9	-0.00103152
459	-0.00103113
459.1	-0.00102348
459.2	-0.00101828
459.3	-0.00100988
459.4	-0.000999642
459.5	-0.000987271
459.6	-0.000974179
459.7	-0.000955964
459.8	-0.000935377
459.9	-0.000908387
460	-0.000881689
460.1	-0.000855495
460.2	-0.000829679
460.3	-0.000801915
460.4	-0.000777192
460.5	-0.000758566
460.6	-0.000743116
460.7	-0.000725457
460.8	-0.000707244
460.9	-0.000688008
461	-0.000668837
461.1	-0.000652376
461.2	-0.000637019
461.3	-0.000623785
461.4	-0.00061585
461.5	-0.000610764
461.6	-0.000608111
461.7	-0.000610103
461.8	-0.000620752
461.9	-0.000639341
462	-0.000664618
462.1	-0.000690633
462.2	-0.000718914
462.3	-0.00075178
462.4	-0.000787987
462.5	-0.000827383
462.6	-0.000866247
462.7	-0.000908252
462.8	-0.000949996
462.9	-0.000991782
463	-0.00102955
463.1	-0.00106353
463.2	-0.0010945
463.3	-0.0011239
463.4	-0.00115123
463.5	-0.001177
463.6	-0.00120077
463.7	-0.00122457
463.8	-0.00124396
463.9	-0.0012634
464	-0.00128849
464.1	-0.00131522
464.2	-0.00134076
464.3	-0.00136491
464.4	-0.0013896
464.5	-0.00141351
464.6	-0.00143639
464.7	-0.00145919
464.8	-0.00147436
464.9	-0.0014871
465	-0.00149936
465.1	-0.0015164
465.2	-0.00153519
465.3	-0.00155369
465.4	-0.0015761
465.5	-0.00159893
465.6	-0.00162099
465.7	-0.00164178
465.8	-0.00166299
465.9	-0.00168262
466	-0.00169691
466.1	-0.00170476
466.2	-0.00170572
466.3	-0.00170645
466.4	-0.0017065
466.5	-0.0017089
466.6	-0.00171166
466.7	-0.00171246
466.8	-0.00171689
466.9	-0.0017234
467	-0.00173137
467.1	-0.00173793
467.2	-0.00173972
467.3	-0.00174347
467.4	-0.00174237
467.5	-0.0017361
467.6	-0.00172828
467.7	-0.00172186
467.8	-0.00171479
467.9	-0.00171305
468	-0.00171408
468.1	-0.00171784
468.2	-0.00172138
468.3	-0.0017302
468.4	-0.00173773
468.5	-0.00174291
468.6	-0.00175085
468.7	-0.00176068
468.8	-0.00177537
468.9	-0.00178836
469	-0.00180099
469.1	-0.001812
469.2	-0.00182526
469.3	-0.00184089
469.4	-0.00185745
469.5	-0.00187077
469.6	-0.00188134
469.7	-0.00188839
469.8	-0.00189784
469.9	-0.00190421
470	-0.00190975
470.1	-0.00191427
470.2	-0.00191886
470.3	-0.00192568
470.4	-0.00193001
470.5	-0.00193203
470.6	-0.00193044
470.7	-0.0019264
470.8	-0.00191862
470.9	-0.00191094
471	-0.00189885
471.1	-0.0018852
471.2	-0.00187071
471.3	-0.00185245
471.4	-0.00182684
471.5	-0.00180305
471.6	-0.00178078
471.7	-0.00175945
471.8	-0.00173502
471.9	-0.00170855
472	-0.00168443
472.1	-0.00166573
472.2	-0.00164833
472.3	-0.00163152
472.4	-0.00161359
472.5	-0.00159219
472.6	-0.00157234
472.7	-0.00155612
472.8	-0.00154051
472.9	-0.0015226
473	-0.00150147
473.1	-0.00148055
473.2	-0.00146207
473.3	-0.00145048
473.4	-0.00144674
473.5	-0.00144776
473.6	-0.00145141
473.7	-0.00145502
473.8	-0.00146214
473.9	-0.00147089
474	-0.00147535
474.1	-0.00148133
474.2	-0.00148205
474.3	-0.00147991
474.4	-0.00148117
474.5	-0.00148371
474.6	-0.00149366
474.7	-0.00151408
474.8	-0.00154119
474.9	-0.00157351
475	-0.00161131
475.1	-0.00164962
475.2	-0.00168821
475.3	-0.00172125
475.4	-0.00175229
475.5	-0.00178525
475.6	-0.00182049
475.7	-0.00185498
475.8	-0.00188818
475.9	-0.00192107
476	-0.00195587
476.1	-0.00198637
476.2	-0.00201184
476.3	-0.002037
476.4	-0.00205861
476.5	-0.00207772
476.6	-0.00209274
476.7	-0.00210203
476.8	-0.0021107
476.9	-0.00212133
477	-0.00213102
477.1	-0.00214053
477.2	-0.0021513
477.3	-0.00216055
477.4	-0.00216483
477.5	-0.00216986
477.6	-0.0021738
477.7	-0.00217813
477.8	-0.00217803
477.9	-0.0021783
478	-0.00217763
478.1	-0.0021692
478.2	-0.00216206
478.3	-0.00216107
478.4	-0.00216492
478.5	-0.00217412
478.6	-0.00218663
478.7	-0.00219429
478.8	-0.00219975
478.9	-0.00220141
479	-0.00219795
479.1	-0.00219417
479.2	-0.00218689
479.3	-0.00217738
479.4	-0.00216832
479.5	-0.00215626
479.6	-0.00214864
479.7	-0.00214463
479.8	-0.00214017
479.9	-0.00213687
480	-0.00213535
480.1	-0.00213436
480.2	-0.00212964
480.3	-0.00212279
480.4	-0.00211638
480.5	-0.00210988
480.6	-0.00210385
480.7	-0.00210355
480.8	-0.00210601
480.9	-0.00211015
481	-0.002115
481.1	-0.00212179
481.2	-0.00213287
481.3	-0.00214463
481.4	-0.00215497
481.5	-0.00216495
481.6	-0.00217436
481.7	-0.00218611
481.8	-0.00219966
481.9	-0.00221242
482	-0.00222615
482.1	-0.00223475
482.2	-0.00224171
482.3	-0.00224403
482.4	-0.0022474
482.5	-0.00224697
482.6	-0.00224286
482.7	-0.00223843
482.8	-0.00223391
482.9	-0.00223138
483	-0.00222951
483.1	-0.0022301
483.2	-0.0022308
483.3	-0.00222955
483.4	-0.00222417
483.5	-0.00221515
483.6	-0.00220183
483.7	-0.00219174
483.8	-0.00218412
483.9	-0.0021767
484	-0.00216708
484.1	-0.00215638
484.2	-0.00214767
484.3	-0.00213467
484.4	-0.00211872
484.5	-0.00210709
484.6	-0.00209842
484.7	-0.00208924
484.8	-0.00207681
484.9	-0.00206196
485	-0.00204561
485.1	-0.00202947
485.2	-0.00201507
485.3	-0.00200131
485.4	-0.00198464
485.5	-0.00196385
485.6	-0.00194267
485.7	-0.00191944
485.8	-0.0018986
485.9	-0.00187959
486	-0.00186294
486.1	-0.00185022
486.2	-0.00184634
486.3	-0.00184801
486.4	-0.00184482
486.5	-0.00184184
486.6	-0.00183991
486.7	-0.0018359
486.8	-0.00182574
486.9	-0.00181003
487	-0.00179563
487.1	-0.00179025
487.2	-0.00178844
487.3	-0.00178662
487.4	-0.00178522
487.5	-0.00178128
487.6	-0.00177682
487.7	-0.00177387
487.8	-0.00177212
487.9	-0.00176865
488	-0.00176852
488.1	-0.00176729
488.2	-0.00176388
488.3	-0.00176267
488.4	-0.00176077
488.5	-0.00176322
488.6	-0.00176859
488.7	-0.00177669
488.8	-0.00178838
488.9	-0.00179977
489	-0.00181341
489.1	-0.00182708
489.2	-0.00184048
489.3	-0.00184933
489.4	-0.00185016
489.5	-0.00184588
489.6	-0.001839
489.7	-0.00183237
489.8	-0.00182967
489.9	-0.00182706
490	-0.00182344
490.1	-0.00182117
490.2	-0.00182137
490.3	-0.00182165
490.4	-0.00182163
490.5	-0.00181861
490.6	-0.00181729
490.7	-0.00181452
490.8	-0.00181258
490.9	-0.00181352
491	-0.00181785
491.1	-0.00182366
491.2	-0.00183089
491.3	-0.00184069
491.4	-0.00185289
491.5	-0.00186906
491.6	-0.00189111
491.7	-0.00191251
491.8	-0.00193738
491.9	-0.00196062
492	-0.00197979
492.1	-0.00200426
492.2	-0.00202954
492.3	-0.00205852
492.4	-0.00208369
492.5	-0.00210697
492.6	-0.00213052
492.7	-0.00215715
492.8	-0.00217798
492.9	-0.00218958
493	-0.00219984
493.1	-0.00220883
493.2	-0.00222348
493.3	-0.00224084
493.4	-0.00225554
493.5	-0.00227113
493.6	-0.00228294
493.7	-0.00229333
493.8	-0.00230558
493.9	-0.00231484
494	-0.00231946
494.1	-0.00231931
494.2	-0.00231974
494.3	-0.00232587
494.4	-0.00233187
494.5	-0.00233695
494.6	-0.00234163
494.7	-0.00234779
494.8	-0.00235977
494.9	-0.00237459
495	-0.0023934
495.1	-0.00241206
495.2	-0.00243219
495.3	-0.00245306
495.4	-0.00247661
495.5	-0.00249785
495.6	-0.00251861
495.7	-0.00253459
495.8	-0.0025441
495.9	-0.00254171
496	-0.00253074
496.1	-0.00251658
496.2	-0.00250278
496.3	-0.00248962
496.4	-0.00248144
496.5	-0.00247345
496.6	-0.00247015
496.7	-0.00246327
496.8	-0.00245491
496.9	-0.00244799
497	-0.00244736
497.1	-0.00245089
497.2	-0.00245453
497.3	-0.00245067
497.4	-0.00244172
497.5	-0.00242699
497.6	-0.00240799
497.7	-0.00238307
497.8	-0.00235687
497.9	-0.00233156
498	-0.00230494
498.1	-0.0022769
498.2	-0.00224361
498.3	-0.00220627
498.4	-0.00216657
498.5	-0.00212991
498.6	-0.00209647
498.7	-0.00206422
498.8	-0.00203357
498.9	-0.00200019
499	-0.0019689
499.1	-0.00193984
499.2	-0.00191619
499.3	-0.00189742
499.4	-0.00188203
499.5	-0.00186886
499.6	-0.00185826
499.7	-0.00184268
499.8	-0.0018233
499.9	-0.00180481
500	-0.00178764
