LagTime	Correlation

0	3.19596
0.1	3.19095
0.2	3.18345
0.3	3.17537
0.4	3.16718
0.5	3.15901
0.6	3.15088
0.7	3.1428
0.8	3.13477
0.9	3.12679
1	3.11887
1.1	3.111
1.2	3.10319
1.3	3.09542
1.4	3.08771
1.5	3.08005
1.6	3.07243
1.7	3.06486
1.8	3.05733
1.9	3.04985
2	3.04242
2.1	3.03503
2.2	3.02768
2.3	3.02039
2.4	3.01314
2.5	3.00593
2.6	2.99877
2.7	2.99165
2.8	2.98457
2.9	2.97754
3	2.97055
3.1	2.9636
3.2	2.9567
3.3	2.94983
3.4	2.94301
3.5	2.93623
3.6	2.92949
3.7	2.9228
3.8	2.91614
3.9	2.90951
4	2.90292
4.1	2.89636
4.2	2.88984
4.3	2.88336
4.4	2.87691
4.5	2.87049
4.6	2.8641
4.7	2.85775
4.8	2.85142
4.9	2.84513
5	2.83887
5.1	2.83263
5.2	2.82644
5.3	2.82028
5.4	2.81415
5.5	2.80805
5.6	2.802
5.7	2.79597
5.8	2.78998
5.9	2.78401
6	2.77807
6.1	2.77217
6.2	2.76629
6.3	2.76043
6.4	2.75461
6.5	2.7488
6.6	2.74303
6.7	2.73728
6.8	2.73156
6.9	2.72588
7	2.72022
7.1	2.71458
7.2	2.70898
7.3	2.70339
7.4	2.69784
7.5	2.69231
7.6	2.6868
7.7	2.6813
7.8	2.67584
7.9	2.67039
8	2.66496
8.1	2.65956
8.2	2.65417
8.3	2.64882
8.4	2.64349
8.5	2.63817
8.6	2.63289
8.7	2.62762
8.8	2.62238
8.9	2.61715
9	2.61194
9.1	2.60675
9.2	2.60158
9.3	2.59642
9.4	2.59128
9.5	2.58616
9.6	2.58107
9.7	2.576
9.8	2.57095
9.9	2.56592
10	2.56091
10.1	2.55592
10.2	2.55094
10.3	2.54598
10.4	2.54102
10.5	2.53607
10.6	2.53113
10.7	2.52621
10.8	2.5213
10.9	2.51641
11	2.51154
11.1	2.50668
11.2	2.50184
11.3	2.49701
11.4	2.4922
11.5	2.48741
11.6	2.48264
11.7	2.47788
11.8	2.47313
11.9	2.46841
12	2.46371
12.1	2.45903
12.2	2.45437
12.3	2.44972
12.4	2.44508
12.5	2.44046
12.6	2.43585
12.7	2.43125
12.8	2.42665
12.9	2.42208
13	2.41752
13.1	2.41297
13.2	2.40844
13.3	2.40393
13.4	2.39944
13.5	2.39498
13.6	2.39053
13.7	2.38609
13.8	2.38168
13.9	2.37727
14	2.37287
14.1	2.36849
14.2	2.36411
14.3	2.35975
14.4	2.3554
14.5	2.35106
14.6	2.34674
14.7	2.34243
14.8	2.33813
14.9	2.33384
15	2.32956
15.1	2.3253
15.2	2.32105
15.3	2.31681
15.4	2.31259
15.5	2.30838
15.6	2.30418
15.7	2.3
15.8	2.29583
15.9	2.29167
16	2.28752
16.1	2.28337
16.2	2.27924
16.3	2.27513
16.4	2.27102
16.5	2.26692
16.6	2.26283
16.7	2.25875
16.8	2.25468
16.9	2.25062
17	2.24658
17.1	2.24255
17.2	2.23853
17.3	2.23451
17.4	2.23051
17.5	2.22651
17.6	2.22253
17.7	2.21856
17.8	2.2146
17.9	2.21065
18	2.20671
18.1	2.20277
18.2	2.19884
18.3	2.1949
18.4	2.19098
18.5	2.18706
18.6	2.18315
18.7	2.17925
18.8	2.17535
18.9	2.17147
19	2.1676
19.1	2.16373
19.2	2.15988
19.3	2.15603
19.4	2.1522
19.5	2.14838
19.6	2.14457
19.7	2.14077
19.8	2.13698
19.9	2.1332
20	2.12943
20.1	2.12567
20.2	2.12191
20.3	2.11817
20.4	2.11443
20.5	2.11071
20.6	2.107
20.7	2.1033
20.8	2.09961
20.9	2.09592
21	2.09224
21.1	2.08856
21.2	2.0849
21.3	2.08124
21.4	2.07759
21.5	2.07394
21.6	2.07031
21.7	2.06668
21.8	2.06307
21.9	2.05947
22	2.05588
22.1	2.05231
22.2	2.04875
22.3	2.04521
22.4	2.04167
22.5	2.03814
22.6	2.03461
22.7	2.03109
22.8	2.02758
22.9	2.02408
23	2.02059
23.1	2.0171
23.2	2.01363
23.3	2.01016
23.4	2.0067
23.5	2.00324
23.6	1.9998
23.7	1.99637
23.8	1.99295
23.9	1.98953
24	1.98613
24.1	1.98274
24.2	1.97935
24.3	1.97597
24.4	1.9726
24.5	1.96923
24.6	1.96586
24.7	1.96251
24.8	1.95917
24.9	1.95583
25	1.9525
25.1	1.94918
25.2	1.94587
25.3	1.94256
25.4	1.93926
25.5	1.93596
25.6	1.93267
25.7	1.92938
25.8	1.92611
25.9	1.92284
26	1.91958
26.1	1.91633
26.2	1.91308
26.3	1.90983
26.4	1.90659
26.5	1.90336
26.6	1.90013
26.7	1.89691
26.8	1.8937
26.9	1.89049
27	1.88729
27.1	1.88409
27.2	1.88089
27.3	1.8777
27.4	1.87451
27.5	1.87134
27.6	1.86816
27.7	1.865
27.8	1.86183
27.9	1.85866
28	1.8555
28.1	1.85234
28.2	1.84918
28.3	1.84603
28.4	1.84288
28.5	1.83974
28.6	1.83661
28.7	1.83349
28.8	1.83038
28.9	1.82726
29	1.82416
29.1	1.82105
29.2	1.81794
29.3	1.81485
29.4	1.81177
29.5	1.80869
29.6	1.80561
29.7	1.80254
29.8	1.79947
29.9	1.79639
30	1.79333
30.1	1.79027
30.2	1.78722
30.3	1.78416
30.4	1.7811
30.5	1.77805
30.6	1.775
30.7	1.77195
30.8	1.76891
30.9	1.76587
31	1.76284
31.1	1.75981
31.2	1.7568
31.3	1.75379
31.4	1.7508
31.5	1.74781
31.6	1.74484
31.7	1.74187
31.8	1.73891
31.9	1.73596
32	1.73302
32.1	1.73009
32.2	1.72715
32.3	1.72423
32.4	1.72131
32.5	1.71839
32.6	1.71547
32.7	1.71255
32.8	1.70964
32.9	1.70673
33	1.70383
33.1	1.70092
33.2	1.69802
33.3	1.69513
33.4	1.69224
33.5	1.68936
33.6	1.68649
33.7	1.68363
33.8	1.68077
33.9	1.67791
34	1.67506
34.1	1.67221
34.2	1.66937
34.3	1.66653
34.4	1.66369
34.5	1.66086
34.6	1.65804
34.7	1.65522
34.8	1.65241
34.9	1.64961
35	1.64681
35.1	1.64402
35.2	1.64124
35.3	1.63845
35.4	1.63567
35.5	1.63288
35.6	1.6301
35.7	1.62733
35.8	1.62457
35.9	1.62183
36	1.61909
36.1	1.61636
36.2	1.61364
36.3	1.61092
36.4	1.60821
36.5	1.6055
36.6	1.6028
36.7	1.60011
36.8	1.59742
36.9	1.59475
37	1.59208
37.1	1.58943
37.2	1.58679
37.3	1.58414
37.4	1.58151
37.5	1.57887
37.6	1.57624
37.7	1.57361
37.8	1.57099
37.9	1.56837
38	1.56576
38.1	1.56316
38.2	1.56056
38.3	1.55797
38.4	1.55539
38.5	1.55281
38.6	1.55023
38.7	1.54766
38.8	1.54509
38.9	1.54253
39	1.53997
39.1	1.53741
39.2	1.53486
39.3	1.5323
39.4	1.52975
39.5	1.5272
39.6	1.52465
39.7	1.5221
39.8	1.51956
39.9	1.51702
40	1.51448
40.1	1.51195
40.2	1.50942
40.3	1.50691
40.4	1.5044
40.5	1.5019
40.6	1.49941
40.7	1.49692
40.8	1.49444
40.9	1.49197
41	1.48951
41.1	1.48706
41.2	1.48461
41.3	1.48216
41.4	1.47971
41.5	1.47727
41.6	1.47484
41.7	1.47241
41.8	1.46999
41.9	1.46758
42	1.46517
42.1	1.46277
42.2	1.46038
42.3	1.45799
42.4	1.45561
42.5	1.45323
42.6	1.45085
42.7	1.44846
42.8	1.44608
42.9	1.4437
43	1.44132
43.1	1.43895
43.2	1.43658
43.3	1.43422
43.4	1.43187
43.5	1.42953
43.6	1.42719
43.7	1.42485
43.8	1.42251
43.9	1.42019
44	1.41787
44.1	1.41556
44.2	1.41326
44.3	1.41096
44.4	1.40866
44.5	1.40637
44.6	1.40408
44.7	1.4018
44.8	1.39953
44.9	1.39726
45	1.39499
45.1	1.39271
45.2	1.39044
45.3	1.38818
45.4	1.38592
45.5	1.38368
45.6	1.38144
45.7	1.37921
45.8	1.37698
45.9	1.37476
46	1.37255
46.1	1.37034
46.2	1.36814
46.3	1.36593
46.4	1.36373
46.5	1.36152
46.6	1.35931
46.7	1.35711
46.8	1.3549
46.9	1.3527
47	1.35051
47.1	1.34832
47.2	1.34614
47.3	1.34397
47.4	1.34179
47.5	1.33962
47.6	1.33745
47.7	1.33529
47.8	1.33313
47.9	1.33098
48	1.32883
48.1	1.32668
48.2	1.32453
48.3	1.32239
48.4	1.32026
48.5	1.31813
48.6	1.31601
48.7	1.31389
48.8	1.31177
48.9	1.30966
49	1.30754
49.1	1.30543
49.2	1.30333
49.3	1.30123
49.4	1.29914
49.5	1.29705
49.6	1.29496
49.7	1.29287
49.8	1.29079
49.9	1.2887
50	1.28663
50.1	1.28455
50.2	1.28248
50.3	1.28041
50.4	1.27834
50.5	1.27628
50.6	1.27422
50.7	1.27215
50.8	1.27009
50.9	1.26804
51	1.26599
51.1	1.26394
51.2	1.2619
51.3	1.25986
51.4	1.25782
51.5	1.25579
51.6	1.25375
51.7	1.25173
51.8	1.2497
51.9	1.24767
52	1.24565
52.1	1.24362
52.2	1.24161
52.3	1.2396
52.4	1.2376
52.5	1.23561
52.6	1.23363
52.7	1.23164
52.8	1.22965
52.9	1.22767
53	1.22569
53.1	1.2237
53.2	1.22171
53.3	1.21971
53.4	1.21772
53.5	1.21573
53.6	1.21375
53.7	1.21176
53.8	1.20978
53.9	1.20781
54	1.20583
54.1	1.20387
54.2	1.2019
54.3	1.19994
54.4	1.19798
54.5	1.19602
54.6	1.19407
54.7	1.19212
54.8	1.19018
54.9	1.18824
55	1.1863
55.1	1.18437
55.2	1.18245
55.3	1.18052
55.4	1.1786
55.5	1.17668
55.6	1.17476
55.7	1.17284
55.8	1.17093
55.9	1.16902
56	1.16712
56.1	1.16521
56.2	1.16331
56.3	1.16141
56.4	1.15951
56.5	1.15762
56.6	1.15574
56.7	1.15385
56.8	1.15197
56.9	1.1501
57	1.14822
57.1	1.14636
57.2	1.14449
57.3	1.14263
57.4	1.14078
57.5	1.13893
57.6	1.13708
57.7	1.13523
57.8	1.13338
57.9	1.13154
58	1.1297
58.1	1.12786
58.2	1.12603
58.3	1.1242
58.4	1.12238
58.5	1.12055
58.6	1.11874
58.7	1.11692
58.8	1.11511
58.9	1.1133
59	1.1115
59.1	1.1097
59.2	1.10791
59.3	1.10612
59.4	1.10435
59.5	1.10257
59.6	1.1008
59.7	1.09904
59.8	1.09727
59.9	1.09551
60	1.09374
60.1	1.09197
60.2	1.0902
60.3	1.08842
60.4	1.08665
60.5	1.08488
60.6	1.08312
60.7	1.08135
60.8	1.0796
60.9	1.07786
61	1.07612
61.1	1.0744
61.2	1.07268
61.3	1.07097
61.4	1.06926
61.5	1.06756
61.6	1.06586
61.7	1.06415
61.8	1.06244
61.9	1.06073
62	1.05902
62.1	1.05731
62.2	1.0556
62.3	1.0539
62.4	1.0522
62.5	1.0505
62.6	1.0488
62.7	1.0471
62.8	1.0454
62.9	1.0437
63	1.04202
63.1	1.04033
63.2	1.03865
63.3	1.03697
63.4	1.0353
63.5	1.03364
63.6	1.03199
63.7	1.03034
63.8	1.02869
63.9	1.02705
64	1.02541
64.1	1.02378
64.2	1.02214
64.3	1.02051
64.4	1.01888
64.5	1.01725
64.6	1.01562
64.7	1.01398
64.8	1.01235
64.9	1.01071
65	1.00908
65.1	1.00746
65.2	1.00583
65.3	1.0042
65.4	1.00258
65.5	1.00096
65.6	0.999347
65.7	0.997728
65.8	0.996109
65.9	0.994489
66	0.992875
66.1	0.991261
66.2	0.989649
66.3	0.98804
66.4	0.986435
66.5	0.984839
66.6	0.983246
66.7	0.981656
66.8	0.980068
66.9	0.978482
67	0.9769
67.1	0.975318
67.2	0.973731
67.3	0.972145
67.4	0.970564
67.5	0.968984
67.6	0.967406
67.7	0.965831
67.8	0.964253
67.9	0.962678
68	0.961105
68.1	0.959533
68.2	0.957964
68.3	0.956397
68.4	0.954842
68.5	0.953292
68.6	0.951752
68.7	0.950216
68.8	0.948687
68.9	0.947166
69	0.945645
69.1	0.944124
69.2	0.942601
69.3	0.941077
69.4	0.939555
69.5	0.938032
69.6	0.936507
69.7	0.934982
69.8	0.933454
69.9	0.931927
70	0.930398
70.1	0.928869
70.2	0.927342
70.3	0.925816
70.4	0.924288
70.5	0.922757
70.6	0.921222
70.7	0.919685
70.8	0.91815
70.9	0.916618
71	0.915089
71.1	0.913562
71.2	0.912036
71.3	0.910513
71.4	0.908992
71.5	0.907479
71.6	0.905974
71.7	0.904471
71.8	0.90297
71.9	0.901468
72	0.899963
72.1	0.898461
72.2	0.896962
72.3	0.895468
72.4	0.893975
72.5	0.892487
72.6	0.891007
72.7	0.889532
72.8	0.888056
72.9	0.886583
73	0.885105
73.1	0.883626
73.2	0.882142
73.3	0.88066
73.4	0.879175
73.5	0.87769
73.6	0.876206
73.7	0.874726
73.8	0.873248
73.9	0.871775
74	0.870309
74.1	0.868846
74.2	0.867382
74.3	0.865916
74.4	0.86445
74.5	0.862986
74.6	0.861523
74.7	0.860058
74.8	0.858599
74.9	0.857135
75	0.855671
75.1	0.854208
75.2	0.852749
75.3	0.851293
75.4	0.849846
75.5	0.848407
75.6	0.846976
75.7	0.84555
75.8	0.84412
75.9	0.842696
76	0.841281
76.1	0.839874
76.2	0.838466
76.3	0.837055
76.4	0.835645
76.5	0.834237
76.6	0.832835
76.7	0.831435
76.8	0.830032
76.9	0.82863
77	0.827232
77.1	0.825839
77.2	0.824448
77.3	0.823062
77.4	0.821679
77.5	0.820298
77.6	0.818924
77.7	0.817554
77.8	0.816181
77.9	0.814812
78	0.813445
78.1	0.812078
78.2	0.810713
78.3	0.80935
78.4	0.807989
78.5	0.806628
78.6	0.805268
78.7	0.803911
78.8	0.802549
78.9	0.80119
79	0.799834
79.1	0.798477
79.2	0.79712
79.3	0.795768
79.4	0.794417
79.5	0.793068
79.6	0.791722
79.7	0.790378
79.8	0.789036
79.9	0.787696
80	0.786363
80.1	0.785034
80.2	0.783709
80.3	0.782392
80.4	0.781075
80.5	0.77976
80.6	0.778449
80.7	0.777143
80.8	0.77584
80.9	0.774539
81	0.773248
81.1	0.771961
81.2	0.770677
81.3	0.769392
81.4	0.768113
81.5	0.766844
81.6	0.765578
81.7	0.764313
81.8	0.763054
81.9	0.761799
82	0.760544
82.1	0.759288
82.2	0.758028
82.3	0.756761
82.4	0.755494
82.5	0.754228
82.6	0.752964
82.7	0.751703
82.8	0.750439
82.9	0.749175
83	0.747915
83.1	0.746663
83.2	0.745417
83.3	0.744174
83.4	0.742939
83.5	0.741709
83.6	0.740481
83.7	0.739257
83.8	0.738039
83.9	0.736824
84	0.735607
84.1	0.734387
84.2	0.73316
84.3	0.731927
84.4	0.730683
84.5	0.729436
84.6	0.728192
84.7	0.72695
84.8	0.725708
84.9	0.724473
85	0.723241
85.1	0.722013
85.2	0.720786
85.3	0.719563
85.4	0.718344
85.5	0.71713
85.6	0.71592
85.7	0.714708
85.8	0.713497
85.9	0.712287
86	0.711079
86.1	0.70987
86.2	0.708659
86.3	0.707448
86.4	0.706234
86.5	0.705018
86.6	0.703804
86.7	0.702591
86.8	0.70138
86.9	0.700172
87	0.698963
87.1	0.697755
87.2	0.696547
87.3	0.695341
87.4	0.694137
87.5	0.692935
87.6	0.691738
87.7	0.690546
87.8	0.689362
87.9	0.688186
88	0.68701
88.1	0.685838
88.2	0.684668
88.3	0.683491
88.4	0.682314
88.5	0.681139
88.6	0.679968
88.7	0.678798
88.8	0.677627
88.9	0.676454
89	0.675282
89.1	0.674113
89.2	0.672946
89.3	0.671788
89.4	0.670634
89.5	0.669486
89.6	0.668344
89.7	0.667204
89.8	0.666065
89.9	0.664928
90	0.663797
90.1	0.662677
90.2	0.661565
90.3	0.660455
90.4	0.659347
90.5	0.658236
90.6	0.657122
90.7	0.656008
90.8	0.654897
90.9	0.653789
91	0.652682
91.1	0.651574
91.2	0.650461
91.3	0.649351
91.4	0.648248
91.5	0.647149
91.6	0.646055
91.7	0.644962
91.8	0.643875
91.9	0.642793
92	0.641711
92.1	0.640632
92.2	0.639553
92.3	0.638476
92.4	0.637403
92.5	0.636328
92.6	0.635251
92.7	0.634178
92.8	0.633114
92.9	0.632051
93	0.630989
93.1	0.629925
93.2	0.628864
93.3	0.627804
93.4	0.62675
93.5	0.625701
93.6	0.624653
93.7	0.623607
93.8	0.622563
93.9	0.621523
94	0.620483
94.1	0.619445
94.2	0.618416
94.3	0.617389
94.4	0.616362
94.5	0.615335
94.6	0.614312
94.7	0.613292
94.8	0.612266
94.9	0.611235
95	0.610203
95.1	0.609174
95.2	0.608147
95.3	0.607124
95.4	0.6061
95.5	0.605076
95.6	0.604055
95.7	0.603037
95.8	0.602018
95.9	0.600996
96	0.599975
96.1	0.598951
96.2	0.597925
96.3	0.596902
96.4	0.595882
96.5	0.594861
96.6	0.593841
96.7	0.592822
96.8	0.591809
96.9	0.5908
97	0.589801
97.1	0.588805
97.2	0.58781
97.3	0.586823
97.4	0.585837
97.5	0.584855
97.6	0.583877
97.7	0.5829
97.8	0.581918
97.9	0.580936
98	0.579961
98.1	0.578983
98.2	0.578008
98.3	0.577039
98.4	0.576078
98.5	0.57512
98.6	0.574159
98.7	0.5732
98.8	0.572241
98.9	0.571281
99	0.570323
99.1	0.569363
99.2	0.568404
99.3	0.567445
99.4	0.566487
99.5	0.565529
99.6	0.564566
99.7	0.563595
99.8	0.562616
99.9	0.561633
100	0.560653
100.1	0.559679
100.2	0.558711
100.3	0.557744
100.4	0.556779
100.5	0.555811
100.6	0.554845
100.7	0.553886
100.8	0.552927
100.9	0.55197
101	0.551017
101.1	0.550065
101.2	0.549113
101.3	0.548161
101.4	0.547206
101.5	0.546254
101.6	0.545299
101.7	0.544342
101.8	0.543385
101.9	0.542424
102	0.541462
102.1	0.540502
102.2	0.539539
102.3	0.538579
102.4	0.537621
102.5	0.536662
102.6	0.535703
102.7	0.534746
102.8	0.533787
102.9	0.532828
103	0.531864
103.1	0.530901
103.2	0.529937
103.3	0.528971
103.4	0.528006
103.5	0.527044
103.6	0.526085
103.7	0.525127
103.8	0.524173
103.9	0.523226
104	0.522279
104.1	0.521332
104.2	0.520383
104.3	0.519429
104.4	0.51847
104.5	0.517511
104.6	0.516554
104.7	0.5156
104.8	0.514648
104.9	0.513699
105	0.512747
105.1	0.511795
105.2	0.510843
105.3	0.509894
105.4	0.50895
105.5	0.508009
105.6	0.50707
105.7	0.506131
105.8	0.505194
105.9	0.504257
106	0.503325
106.1	0.502393
106.2	0.501467
106.3	0.500543
106.4	0.499627
106.5	0.498716
106.6	0.497807
106.7	0.496906
106.8	0.496012
106.9	0.495121
107	0.494233
107.1	0.493348
107.2	0.492468
107.3	0.491595
107.4	0.490724
107.5	0.489853
107.6	0.48898
107.7	0.488106
107.8	0.487231
107.9	0.48636
108	0.48549
108.1	0.48462
108.2	0.483749
108.3	0.482878
108.4	0.482008
108.5	0.481139
108.6	0.480279
108.7	0.47942
108.8	0.478567
108.9	0.477718
109	0.476875
109.1	0.47604
109.2	0.475211
109.3	0.474381
109.4	0.473553
109.5	0.472725
109.6	0.471898
109.7	0.471072
109.8	0.470249
109.9	0.469432
110	0.468614
110.1	0.467797
110.2	0.466974
110.3	0.466148
110.4	0.465318
110.5	0.46449
110.6	0.463669
110.7	0.462853
110.8	0.46204
110.9	0.461225
111	0.460404
111.1	0.459588
111.2	0.458776
111.3	0.457969
111.4	0.45717
111.5	0.45637
111.6	0.455568
111.7	0.454766
111.8	0.453963
111.9	0.453159
112	0.452356
112.1	0.451554
112.2	0.450758
112.3	0.449965
112.4	0.449175
112.5	0.448387
112.6	0.447602
112.7	0.446822
112.8	0.446049
112.9	0.445277
113	0.444507
113.1	0.443738
113.2	0.442973
113.3	0.442205
113.4	0.441431
113.5	0.440653
113.6	0.439875
113.7	0.439103
113.8	0.438333
113.9	0.437566
114	0.436797
114.1	0.436024
114.2	0.435254
114.3	0.434488
114.4	0.433724
114.5	0.43296
114.6	0.432203
114.7	0.431447
114.8	0.430692
114.9	0.429934
115	0.429176
115.1	0.428419
115.2	0.427659
115.3	0.426898
115.4	0.426137
115.5	0.425376
115.6	0.424617
115.7	0.423858
115.8	0.423095
115.9	0.422333
116	0.42157
116.1	0.420808
116.2	0.420048
116.3	0.41929
116.4	0.418532
116.5	0.417772
116.6	0.417009
116.7	0.416243
116.8	0.415475
116.9	0.414707
117	0.41394
117.1	0.41317
117.2	0.412397
117.3	0.411625
117.4	0.410851
117.5	0.410076
117.6	0.409306
117.7	0.408532
117.8	0.407757
117.9	0.406981
118	0.406203
118.1	0.405424
118.2	0.404643
118.3	0.403865
118.4	0.403087
118.5	0.402312
118.6	0.401541
118.7	0.400774
118.8	0.400012
118.9	0.399254
119	0.398497
119.1	0.397743
119.2	0.396986
119.3	0.39623
119.4	0.395474
119.5	0.39472
119.6	0.393969
119.7	0.393223
119.8	0.392484
119.9	0.39175
120	0.391022
120.1	0.390297
120.2	0.389573
120.3	0.388848
120.4	0.388125
120.5	0.387406
120.6	0.386684
120.7	0.385958
120.8	0.385229
120.9	0.384503
121	0.383779
121.1	0.383057
121.2	0.382334
121.3	0.381613
121.4	0.380897
121.5	0.380186
121.6	0.379481
121.7	0.378774
121.8	0.37807
121.9	0.377363
122	0.376656
122.1	0.375947
122.2	0.37524
122.3	0.374532
122.4	0.373825
122.5	0.373117
122.6	0.372407
122.7	0.371698
122.8	0.370993
122.9	0.370289
123	0.369585
123.1	0.36888
123.2	0.368168
123.3	0.367458
123.4	0.366749
123.5	0.366043
123.6	0.365339
123.7	0.364637
123.8	0.36394
123.9	0.363241
124	0.362545
124.1	0.361848
124.2	0.361153
124.3	0.360455
124.4	0.359757
124.5	0.359059
124.6	0.358365
124.7	0.357676
124.8	0.356993
124.9	0.356317
125	0.355639
125.1	0.354959
125.2	0.354276
125.3	0.353596
125.4	0.352915
125.5	0.352233
125.6	0.351551
125.7	0.350871
125.8	0.350195
125.9	0.349523
126	0.348854
126.1	0.348185
126.2	0.347519
126.3	0.346853
126.4	0.346191
126.5	0.345531
126.6	0.344871
126.7	0.344216
126.8	0.343567
126.9	0.342919
127	0.342274
127.1	0.341631
127.2	0.340986
127.3	0.340335
127.4	0.33968
127.5	0.339025
127.6	0.338371
127.7	0.337719
127.8	0.337069
127.9	0.336419
128	0.335772
128.1	0.335125
128.2	0.334478
128.3	0.333831
128.4	0.333188
128.5	0.332554
128.6	0.331922
128.7	0.331296
128.8	0.330671
128.9	0.33005
129	0.329432
129.1	0.328818
129.2	0.328207
129.3	0.327602
129.4	0.327001
129.5	0.326403
129.6	0.32581
129.7	0.32522
129.8	0.324637
129.9	0.324057
130	0.323478
130.1	0.322903
130.2	0.322327
130.3	0.321751
130.4	0.321177
130.5	0.320608
130.6	0.320041
130.7	0.319475
130.8	0.318909
130.9	0.318344
131	0.317781
131.1	0.31722
131.2	0.316667
131.3	0.316127
131.4	0.315592
131.5	0.315059
131.6	0.31453
131.7	0.314006
131.8	0.313487
131.9	0.312971
132	0.312458
132.1	0.311953
132.2	0.311455
132.3	0.310955
132.4	0.310454
132.5	0.309949
132.6	0.309433
132.7	0.308914
132.8	0.308391
132.9	0.307868
133	0.307341
133.1	0.30681
133.2	0.306278
133.3	0.305737
133.4	0.305186
133.5	0.304635
133.6	0.304078
133.7	0.30352
133.8	0.302959
133.9	0.302396
134	0.301836
134.1	0.301278
134.2	0.300719
134.3	0.300162
134.4	0.299608
134.5	0.299064
134.6	0.298521
134.7	0.297977
134.8	0.297434
134.9	0.296891
135	0.296354
135.1	0.295825
135.2	0.295301
135.3	0.29478
135.4	0.294261
135.5	0.293747
135.6	0.29324
135.7	0.292734
135.8	0.292231
135.9	0.291726
136	0.291218
136.1	0.290711
136.2	0.290201
136.3	0.28969
136.4	0.289175
136.5	0.288656
136.6	0.288136
136.7	0.287616
136.8	0.287097
136.9	0.286581
137	0.286072
137.1	0.285564
137.2	0.285055
137.3	0.284547
137.4	0.284038
137.5	0.28353
137.6	0.283023
137.7	0.282516
137.8	0.282005
137.9	0.281494
138	0.280976
138.1	0.280454
138.2	0.279927
138.3	0.279404
138.4	0.278886
138.5	0.278373
138.6	0.27786
138.7	0.277352
138.8	0.27685
138.9	0.27635
139	0.275851
139.1	0.27535
139.2	0.274841
139.3	0.274328
139.4	0.273809
139.5	0.273285
139.6	0.272762
139.7	0.272245
139.8	0.271735
139.9	0.271226
140	0.270717
140.1	0.270207
140.2	0.269697
140.3	0.269187
140.4	0.268677
140.5	0.268171
140.6	0.267671
140.7	0.267179
140.8	0.266687
140.9	0.266192
141	0.265692
141.1	0.265195
141.2	0.2647
141.3	0.264209
141.4	0.263723
141.5	0.263243
141.6	0.262773
141.7	0.26231
141.8	0.261851
141.9	0.261386
142	0.260915
142.1	0.260441
142.2	0.259964
142.3	0.259492
142.4	0.259021
142.5	0.258555
142.6	0.258096
142.7	0.257636
142.8	0.257177
142.9	0.256717
143	0.256257
143.1	0.255797
143.2	0.255336
143.3	0.254872
143.4	0.254402
143.5	0.253928
143.6	0.253448
143.7	0.252964
143.8	0.252483
143.9	0.252003
144	0.251527
144.1	0.251053
144.2	0.250578
144.3	0.250104
144.4	0.249628
144.5	0.249149
144.6	0.248668
144.7	0.248189
144.8	0.247708
144.9	0.247229
145	0.246751
145.1	0.246271
145.2	0.245791
145.3	0.24531
145.4	0.244831
145.5	0.244355
145.6	0.24388
145.7	0.243405
145.8	0.242928
145.9	0.242453
146	0.241978
146.1	0.241503
146.2	0.241029
146.3	0.240556
146.4	0.240087
146.5	0.239616
146.6	0.239143
146.7	0.238671
146.8	0.238204
146.9	0.237743
147	0.237286
147.1	0.236832
147.2	0.236376
147.3	0.235924
147.4	0.235479
147.5	0.235038
147.6	0.234607
147.7	0.234191
147.8	0.23378
147.9	0.233374
148	0.232968
148.1	0.232568
148.2	0.232172
148.3	0.231783
148.4	0.231399
148.5	0.231016
148.6	0.230634
148.7	0.230251
148.8	0.229864
148.9	0.229475
149	0.229085
149.1	0.228697
149.2	0.228309
149.3	0.227925
149.4	0.227543
149.5	0.227162
149.6	0.226782
149.7	0.226404
149.8	0.22603
149.9	0.225657
150	0.225281
150.1	0.224911
150.2	0.224542
150.3	0.224174
150.4	0.22381
150.5	0.223449
150.6	0.223093
150.7	0.222743
150.8	0.222393
150.9	0.222039
151	0.221683
151.1	0.221331
151.2	0.220976
151.3	0.220615
151.4	0.22025
151.5	0.219886
151.6	0.219523
151.7	0.219166
151.8	0.218809
151.9	0.218452
152	0.218097
152.1	0.217735
152.2	0.217371
152.3	0.217009
152.4	0.216653
152.5	0.216295
152.6	0.215936
152.7	0.215582
152.8	0.215231
152.9	0.214884
153	0.214539
153.1	0.214193
153.2	0.213847
153.3	0.213497
153.4	0.213151
153.5	0.212809
153.6	0.212466
153.7	0.212125
153.8	0.211781
153.9	0.211437
154	0.211095
154.1	0.210754
154.2	0.21041
154.3	0.21006
154.4	0.209705
154.5	0.209347
154.6	0.208984
154.7	0.208622
154.8	0.208262
154.9	0.2079
155	0.207539
155.1	0.207168
155.2	0.206792
155.3	0.206418
155.4	0.206046
155.5	0.205675
155.6	0.205307
155.7	0.204943
155.8	0.20458
155.9	0.204219
156	0.203858
156.1	0.203499
156.2	0.203139
156.3	0.202779
156.4	0.202422
156.5	0.202064
156.6	0.201704
156.7	0.201345
156.8	0.200989
156.9	0.200637
157	0.200286
157.1	0.199938
157.2	0.199597
157.3	0.199258
157.4	0.198919
157.5	0.198579
157.6	0.19824
157.7	0.197902
157.8	0.197567
157.9	0.197229
158	0.196888
158.1	0.196545
158.2	0.196202
158.3	0.195867
158.4	0.195535
158.5	0.195207
158.6	0.19488
158.7	0.194551
158.8	0.194223
158.9	0.193893
159	0.193561
159.1	0.193225
159.2	0.192883
159.3	0.192544
159.4	0.192208
159.5	0.191872
159.6	0.191536
159.7	0.191198
159.8	0.190858
159.9	0.190519
160	0.190176
160.1	0.189831
160.2	0.189483
160.3	0.189134
160.4	0.188783
160.5	0.188435
160.6	0.188085
160.7	0.187734
160.8	0.18738
160.9	0.187026
161	0.186676
161.1	0.186328
161.2	0.185975
161.3	0.185619
161.4	0.185263
161.5	0.184907
161.6	0.184552
161.7	0.184191
161.8	0.183829
161.9	0.183463
162	0.183095
162.1	0.182727
162.2	0.182363
162.3	0.182005
162.4	0.181651
162.5	0.181302
162.6	0.18096
162.7	0.180622
162.8	0.180286
162.9	0.17995
163	0.179614
163.1	0.179277
163.2	0.178941
163.3	0.178602
163.4	0.178264
163.5	0.177923
163.6	0.177588
163.7	0.177254
163.8	0.176921
163.9	0.176591
164	0.176265
164.1	0.175938
164.2	0.175607
164.3	0.175274
164.4	0.174943
164.5	0.174607
164.6	0.174272
164.7	0.17394
164.8	0.173608
164.9	0.173273
165	0.172934
165.1	0.172595
165.2	0.17226
165.3	0.171935
165.4	0.171616
165.5	0.171298
165.6	0.170984
165.7	0.170673
165.8	0.170366
165.9	0.17006
166	0.169751
166.1	0.169446
166.2	0.169144
166.3	0.168843
166.4	0.168543
166.5	0.168243
166.6	0.167941
166.7	0.167639
166.8	0.167338
166.9	0.167041
167	0.166745
167.1	0.166445
167.2	0.166143
167.3	0.165841
167.4	0.165537
167.5	0.165229
167.6	0.164916
167.7	0.164606
167.8	0.164293
167.9	0.163981
168	0.16367
168.1	0.163358
168.2	0.163044
168.3	0.162729
168.4	0.162416
168.5	0.162104
168.6	0.161798
168.7	0.161492
168.8	0.161189
168.9	0.160892
169	0.160598
169.1	0.160301
169.2	0.160004
169.3	0.159706
169.4	0.159411
169.5	0.159119
169.6	0.158827
169.7	0.158536
169.8	0.158243
169.9	0.157947
170	0.157645
170.1	0.157337
170.2	0.157028
170.3	0.156717
170.4	0.156404
170.5	0.156094
170.6	0.15579
170.7	0.155491
170.8	0.155196
170.9	0.154904
171	0.154611
171.1	0.15432
171.2	0.154027
171.3	0.153732
171.4	0.153438
171.5	0.153149
171.6	0.152864
171.7	0.152588
171.8	0.152312
171.9	0.152032
172	0.151751
172.1	0.151464
172.2	0.151178
172.3	0.150892
172.4	0.150608
172.5	0.150322
172.6	0.150035
172.7	0.149746
172.8	0.149459
172.9	0.149168
173	0.14887
173.1	0.14857
173.2	0.148267
173.3	0.147965
173.4	0.147664
173.5	0.147363
173.6	0.147067
173.7	0.146772
173.8	0.146479
173.9	0.146188
174	0.145898
174.1	0.145603
174.2	0.145308
174.3	0.145016
174.4	0.144729
174.5	0.144443
174.6	0.144156
174.7	0.143873
174.8	0.143594
174.9	0.143314
175	0.143038
175.1	0.142763
175.2	0.142491
175.3	0.142215
175.4	0.141943
175.5	0.141675
175.6	0.141414
175.7	0.141157
175.8	0.140901
175.9	0.140649
176	0.140398
176.1	0.14015
176.2	0.139904
176.3	0.139657
176.4	0.139412
176.5	0.139166
176.6	0.138914
176.7	0.13867
176.8	0.138431
176.9	0.138198
177	0.137961
177.1	0.137726
177.2	0.137489
177.3	0.137249
177.4	0.137006
177.5	0.13676
177.6	0.136513
177.7	0.136264
177.8	0.136009
177.9	0.135755
178	0.135502
178.1	0.135253
178.2	0.135009
178.3	0.13477
178.4	0.13453
178.5	0.134286
178.6	0.134035
178.7	0.133777
178.8	0.13352
178.9	0.133263
179	0.133002
179.1	0.132735
179.2	0.132463
179.3	0.132191
179.4	0.131917
179.5	0.13164
179.6	0.131359
179.7	0.131076
179.8	0.130794
179.9	0.130512
180	0.130228
180.1	0.129939
180.2	0.12965
180.3	0.129363
180.4	0.129084
180.5	0.128809
180.6	0.128537
180.7	0.128264
180.8	0.127988
180.9	0.127709
181	0.127433
181.1	0.127162
181.2	0.126894
181.3	0.126625
181.4	0.126348
181.5	0.12607
181.6	0.125791
181.7	0.125517
181.8	0.125244
181.9	0.124973
182	0.124704
182.1	0.124438
182.2	0.124173
182.3	0.123906
182.4	0.123641
182.5	0.123378
182.6	0.12312
182.7	0.122868
182.8	0.122616
182.9	0.122369
183	0.122123
183.1	0.121883
183.2	0.121645
183.3	0.121406
183.4	0.121168
183.5	0.120927
183.6	0.120685
183.7	0.120444
183.8	0.120205
183.9	0.119968
184	0.119732
184.1	0.1195
184.2	0.119272
184.3	0.119044
184.4	0.118812
184.5	0.11857
184.6	0.118328
184.7	0.118085
184.8	0.117842
184.9	0.117604
185	0.11737
185.1	0.117139
185.2	0.116907
185.3	0.116673
185.4	0.116437
185.5	0.116201
185.6	0.115962
185.7	0.115724
185.8	0.115487
185.9	0.115252
186	0.115017
186.1	0.114778
186.2	0.11454
186.3	0.114308
186.4	0.114084
186.5	0.11386
186.6	0.113642
186.7	0.113429
186.8	0.113216
186.9	0.113005
187	0.112789
187.1	0.112573
187.2	0.112361
187.3	0.11215
187.4	0.111939
187.5	0.111724
187.6	0.1115
187.7	0.111276
187.8	0.111046
187.9	0.110814
188	0.110582
188.1	0.110352
188.2	0.110119
188.3	0.10988
188.4	0.109637
188.5	0.109399
188.6	0.10916
188.7	0.108925
188.8	0.108692
188.9	0.108458
189	0.108224
189.1	0.107987
189.2	0.107753
189.3	0.107521
189.4	0.10729
189.5	0.107062
189.6	0.106832
189.7	0.106605
189.8	0.10638
189.9	0.106159
190	0.105939
190.1	0.105723
190.2	0.105509
190.3	0.105294
190.4	0.105077
190.5	0.10486
190.6	0.104645
190.7	0.104432
190.8	0.104219
190.9	0.104006
191	0.103797
191.1	0.10359
191.2	0.103385
191.3	0.103182
191.4	0.102982
191.5	0.102783
191.6	0.10258
191.7	0.102376
191.8	0.102172
191.9	0.101973
192	0.101772
192.1	0.10157
192.2	0.101374
192.3	0.101183
192.4	0.100992
192.5	0.100801
192.6	0.100611
192.7	0.100421
192.8	0.100231
192.9	0.100043
193	0.099851
193.1	0.0996622
193.2	0.0994794
193.3	0.0992998
193.4	0.0991248
193.5	0.0989512
193.6	0.0987802
193.7	0.0986107
193.8	0.0984412
193.9	0.0982705
194	0.098094
194.1	0.0979163
194.2	0.0977348
194.3	0.0975531
194.4	0.0973747
194.5	0.0971972
194.6	0.0970227
194.7	0.0968483
194.8	0.0966743
194.9	0.0965073
195	0.0963398
195.1	0.0961688
195.2	0.0959957
195.3	0.0958236
195.4	0.0956523
195.5	0.0954725
195.6	0.0952875
195.7	0.0950972
195.8	0.0949047
195.9	0.0947106
196	0.0945146
196.1	0.0943126
196.2	0.0941087
196.3	0.0939009
196.4	0.0936884
196.5	0.0934724
196.6	0.0932542
196.7	0.0930297
196.8	0.0928055
196.9	0.0925812
197	0.0923641
197.1	0.0921561
197.2	0.0919476
197.3	0.0917379
197.4	0.091529
197.5	0.0913188
197.6	0.0911049
197.7	0.0908934
197.8	0.0906791
197.9	0.0904649
198	0.0902477
198.1	0.0900305
198.2	0.0898082
198.3	0.0895803
198.4	0.0893527
198.5	0.0891277
198.6	0.0889049
198.7	0.0886806
198.8	0.0884565
198.9	0.0882321
199	0.0880083
199.1	0.0877835
199.2	0.0875552
199.3	0.0873199
199.4	0.0870774
199.5	0.0868296
199.6	0.0865769
199.7	0.0863241
199.8	0.0860739
199.9	0.085822
200	0.0855751
200.1	0.0853376
200.2	0.0851025
200.3	0.0848728
200.4	0.0846417
200.5	0.0844162
200.6	0.0841925
200.7	0.0839707
200.8	0.0837497
200.9	0.0835289
201	0.0833104
201.1	0.0830955
201.2	0.0828799
201.3	0.0826686
201.4	0.0824593
201.5	0.0822533
201.6	0.0820488
201.7	0.0818421
201.8	0.0816384
201.9	0.0814366
202	0.0812329
202.1	0.0810279
202.2	0.0808237
202.3	0.0806209
202.4	0.0804166
202.5	0.0802093
202.6	0.0799964
202.7	0.0797828
202.8	0.0795695
202.9	0.0793597
203	0.0791533
203.1	0.0789457
203.2	0.0787355
203.3	0.0785256
203.4	0.0783193
203.5	0.0781169
203.6	0.0779161
203.7	0.0777158
203.8	0.0775197
203.9	0.0773221
204	0.0771205
204.1	0.0769161
204.2	0.0767079
204.3	0.0764993
204.4	0.0762957
204.5	0.0760928
204.6	0.0758926
204.7	0.0756913
204.8	0.0754899
204.9	0.0752828
205	0.0750704
205.1	0.0748581
205.2	0.0746452
205.3	0.0744298
205.4	0.0742163
205.5	0.074
205.6	0.0737876
205.7	0.0735704
205.8	0.0733481
205.9	0.0731187
206	0.07289
206.1	0.072662
206.2	0.0724347
206.3	0.0722103
206.4	0.0719923
206.5	0.0717801
206.6	0.0715706
206.7	0.0713636
206.8	0.0711554
206.9	0.0709495
207	0.0707427
207.1	0.0705348
207.2	0.0703292
207.3	0.070121
207.4	0.0699125
207.5	0.0697016
207.6	0.0694902
207.7	0.0692803
207.8	0.0690691
207.9	0.0688593
208	0.068656
208.1	0.0684507
208.2	0.0682437
208.3	0.0680394
208.4	0.0678373
208.5	0.0676361
208.6	0.0674376
208.7	0.0672408
208.8	0.0670451
208.9	0.0668435
209	0.0666411
209.1	0.0664413
209.2	0.0662416
209.3	0.0660374
209.4	0.0658327
209.5	0.0656288
209.6	0.0654266
209.7	0.06522
209.8	0.0650117
209.9	0.0648094
210	0.0646134
210.1	0.0644237
210.2	0.0642357
210.3	0.0640519
210.4	0.0638728
210.5	0.0636978
210.6	0.063525
210.7	0.0633515
210.8	0.06318
210.9	0.0630069
211	0.0628368
211.1	0.0626665
211.2	0.0624899
211.3	0.0623118
211.4	0.0621307
211.5	0.0619468
211.6	0.061764
211.7	0.0615833
211.8	0.0613979
211.9	0.0612099
212	0.0610189
212.1	0.0608264
212.2	0.0606369
212.3	0.0604523
212.4	0.0602698
212.5	0.0600877
212.6	0.059908
212.7	0.0597274
212.8	0.0595467
212.9	0.0593613
213	0.0591725
213.1	0.0589817
213.2	0.0587899
213.3	0.0585974
213.4	0.0584054
213.5	0.0582124
213.6	0.0580147
213.7	0.0578174
213.8	0.0576176
213.9	0.057418
214	0.0572181
214.1	0.0570209
214.2	0.0568208
214.3	0.0566208
214.4	0.0564242
214.5	0.0562264
214.6	0.0560257
214.7	0.0558276
214.8	0.0556309
214.9	0.0554381
215	0.0552477
215.1	0.0550583
215.2	0.054866
215.3	0.054672
215.4	0.0544753
215.5	0.0542808
215.6	0.0540922
215.7	0.0539046
215.8	0.0537209
215.9	0.0535398
216	0.0533621
216.1	0.0531824
216.2	0.0529967
216.3	0.052806
216.4	0.052613
216.5	0.052416
216.6	0.0522158
216.7	0.0520111
216.8	0.0518008
216.9	0.0515847
217	0.0513675
217.1	0.051151
217.2	0.050935
217.3	0.0507194
217.4	0.0505093
217.5	0.0502923
217.6	0.0500716
217.7	0.0498549
217.8	0.0496381
217.9	0.0494221
218	0.0492065
218.1	0.0489957
218.2	0.0487866
218.3	0.0485797
218.4	0.0483725
218.5	0.0481623
218.6	0.0479522
218.7	0.0477418
218.8	0.0475329
218.9	0.0473252
219	0.0471227
219.1	0.0469215
219.2	0.0467242
219.3	0.0465254
219.4	0.0463267
219.5	0.0461287
219.6	0.045929
219.7	0.0457324
219.8	0.0455401
219.9	0.045347
220	0.0451514
220.1	0.044952
220.2	0.0447526
220.3	0.044554
220.4	0.0443605
220.5	0.0441665
220.6	0.0439721
220.7	0.0437731
220.8	0.0435639
220.9	0.0433496
221	0.0431331
221.1	0.0429164
221.2	0.0427043
221.3	0.0424919
221.4	0.0422842
221.5	0.042076
221.6	0.0418595
221.7	0.0416408
221.8	0.0414235
221.9	0.0412056
222	0.0409889
222.1	0.0407699
222.2	0.0405559
222.3	0.0403455
222.4	0.0401442
222.5	0.0399463
222.6	0.0397564
222.7	0.0395689
222.8	0.0393827
222.9	0.0392007
223	0.0390232
223.1	0.0388472
223.2	0.038672
223.3	0.0384966
223.4	0.0383205
223.5	0.0381476
223.6	0.0379738
223.7	0.0377983
223.8	0.0376237
223.9	0.03745
224	0.0372735
224.1	0.0370912
224.2	0.0369036
224.3	0.036709
224.4	0.0365104
224.5	0.0363091
224.6	0.0361077
224.7	0.0359076
224.8	0.0357005
224.9	0.0354895
225	0.0352798
225.1	0.0350705
225.2	0.0348624
225.3	0.0346491
225.4	0.0344299
225.5	0.0342179
225.6	0.0340149
225.7	0.0338204
225.8	0.0336337
225.9	0.0334501
226	0.0332687
226.1	0.0330831
226.2	0.032892
226.3	0.032691
226.4	0.0324873
226.5	0.032283
226.6	0.0320819
226.7	0.031881
226.8	0.0316778
226.9	0.0314792
227	0.0312855
227.1	0.0310937
227.2	0.0309008
227.3	0.030712
227.4	0.0305275
227.5	0.0303459
227.6	0.0301658
227.7	0.0299849
227.8	0.0298009
227.9	0.0296135
228	0.029428
228.1	0.0292475
228.2	0.0290694
228.3	0.0288896
228.4	0.0287115
228.5	0.0285339
228.6	0.0283552
228.7	0.0281743
228.8	0.027985
228.9	0.0277899
229	0.0275932
229.1	0.0273982
229.2	0.0272022
229.3	0.0270036
229.4	0.0268065
229.5	0.0266135
229.6	0.0264292
229.7	0.0262467
229.8	0.0260631
229.9	0.0258805
230	0.0256983
230.1	0.0255074
230.2	0.0253117
230.3	0.0251134
230.4	0.0249154
230.5	0.024715
230.6	0.0245188
230.7	0.0243263
230.8	0.0241354
230.9	0.0239428
231	0.0237563
231.1	0.0235737
231.2	0.0233907
231.3	0.0232108
231.4	0.0230385
231.5	0.0228736
231.6	0.0227113
231.7	0.0225527
231.8	0.0223964
231.9	0.0222376
232	0.022077
232.1	0.0219149
232.2	0.0217526
232.3	0.0215909
232.4	0.0214295
232.5	0.0212675
232.6	0.0211076
232.7	0.0209538
232.8	0.0208032
232.9	0.0206541
233	0.0205144
233.1	0.0203772
233.2	0.0202413
233.3	0.0201083
233.4	0.0199806
233.5	0.0198596
233.6	0.0197412
233.7	0.0196219
233.8	0.0195054
233.9	0.019389
234	0.019269
234.1	0.0191479
234.2	0.0190241
234.3	0.0189001
234.4	0.0187716
234.5	0.0186406
234.6	0.0185089
234.7	0.0183774
234.8	0.0182405
234.9	0.0181014
235	0.0179638
235.1	0.0178256
235.2	0.0176824
235.3	0.0175368
235.4	0.0173897
235.5	0.0172411
235.6	0.0170922
235.7	0.0169486
235.8	0.0168083
235.9	0.0166731
236	0.0165412
236.1	0.0164176
236.2	0.0163047
236.3	0.0162018
236.4	0.0160989
236.5	0.0159994
236.6	0.015901
236.7	0.0157989
236.8	0.0156962
236.9	0.0155959
237	0.0154944
237.1	0.0153975
237.2	0.015307
237.3	0.0152193
237.4	0.0151365
237.5	0.0150579
237.6	0.0149857
237.7	0.0149194
237.8	0.0148495
237.9	0.0147779
238	0.0147079
238.1	0.014637
238.2	0.0145656
238.3	0.014492
238.4	0.0144149
238.5	0.0143374
238.6	0.0142571
238.7	0.0141731
238.8	0.0140803
238.9	0.0139798
239	0.0138739
239.1	0.0137654
239.2	0.0136577
239.3	0.0135506
239.4	0.0134487
239.5	0.0133487
239.6	0.0132447
239.7	0.0131442
239.8	0.0130483
239.9	0.0129557
240	0.0128713
240.1	0.0127917
240.2	0.0127142
240.3	0.0126415
240.4	0.0125686
240.5	0.0124916
240.6	0.0124083
240.7	0.0123214
240.8	0.0122318
240.9	0.0121412
241	0.0120564
241.1	0.0119753
241.2	0.0118959
241.3	0.0118158
241.4	0.0117312
241.5	0.0116508
241.6	0.0115707
241.7	0.0114923
241.8	0.0114155
241.9	0.0113434
242	0.011271
242.1	0.0112006
242.2	0.0111318
242.3	0.0110611
242.4	0.0109898
242.5	0.0109173
242.6	0.0108472
242.7	0.0107788
242.8	0.0107104
242.9	0.010645
243	0.0105783
243.1	0.010514
243.2	0.0104511
243.3	0.0103893
243.4	0.0103326
243.5	0.0102753
243.6	0.0102188
243.7	0.0101658
243.8	0.0101126
243.9	0.0100585
244	0.0100049
244.1	0.00994918
244.2	0.0098934
244.3	0.00983834
244.4	0.00978375
244.5	0.00973016
244.6	0.00967968
244.7	0.00963291
244.8	0.00959332
244.9	0.00955487
245	0.00951638
245.1	0.00947512
245.2	0.00943556
245.3	0.00939258
245.4	0.00935417
245.5	0.00931904
245.6	0.00928278
245.7	0.00924419
245.8	0.00920377
245.9	0.00916273
246	0.00912387
246.1	0.00908646
246.2	0.00904769
246.3	0.00900417
246.4	0.00895366
246.5	0.00890123
246.6	0.00884537
246.7	0.00878638
246.8	0.00872223
246.9	0.00865277
247	0.0085832
247.1	0.00851333
247.2	0.00844405
247.3	0.00837556
247.4	0.00831207
247.5	0.00825107
247.6	0.00818396
247.7	0.00811885
247.8	0.00805714
247.9	0.00799731
248	0.007938
248.1	0.00787845
248.2	0.00781799
248.3	0.00775584
248.4	0.00769437
248.5	0.00764048
248.6	0.00758882
248.7	0.00753543
248.8	0.00748216
248.9	0.00742817
249	0.00737636
249.1	0.00732254
249.2	0.0072696
249.3	0.00721557
249.4	0.00715768
249.5	0.00709904
249.6	0.00703869
249.7	0.00697711
249.8	0.0069155
249.9	0.00684882
250	0.00678186
250.1	0.00671605
250.2	0.00665131
250.3	0.00659085
250.4	0.0065336
250.5	0.00647777
250.6	0.00642367
250.7	0.00636748
250.8	0.00630616
250.9	0.00623989
251	0.00616678
251.1	0.00609005
251.2	0.00601184
251.3	0.00593014
251.4	0.00584832
251.5	0.00576932
251.6	0.00569058
251.7	0.00561527
251.8	0.00554296
251.9	0.00547191
252	0.00540479
252.1	0.00534153
252.2	0.00527971
252.3	0.00520873
252.4	0.00513007
252.5	0.00504707
252.6	0.00496861
252.7	0.00489245
252.8	0.0048177
252.9	0.00473553
253	0.00465028
253.1	0.0045674
253.2	0.00448418
253.3	0.00440009
253.4	0.00431291
253.5	0.00422313
253.6	0.00413186
253.7	0.00403862
253.8	0.00394783
253.9	0.00385904
254	0.00377011
254.1	0.00368302
254.2	0.00359107
254.3	0.00349676
254.4	0.0034033
254.5	0.00330776
254.6	0.00321361
254.7	0.0031219
254.8	0.00303584
254.9	0.002953
255	0.00287183
255.1	0.00279552
255.2	0.00272224
255.3	0.00264913
255.4	0.00258022
255.5	0.00251308
255.6	0.00244692
255.7	0.0023794
255.8	0.00231475
255.9	0.002252
256	0.00219606
256.1	0.00214594
256.2	0.00209858
256.3	0.00205291
256.4	0.0020077
256.5	0.00196269
256.6	0.00191297
256.7	0.00186081
256.8	0.0018071
256.9	0.00175409
257	0.00169874
257.1	0.00164197
257.2	0.00158663
257.3	0.00152587
257.4	0.00146515
257.5	0.00139834
257.6	0.00132682
257.7	0.00125555
257.8	0.00118732
257.9	0.00111506
258	0.00104235
258.1	0.000966508
258.2	0.000891355
258.3	0.000821146
258.4	0.000756163
258.5	0.000696639
258.6	0.000643176
258.7	0.000586391
258.8	0.000533014
258.9	0.000481305
259	0.000433499
259.1	0.000385577
259.2	0.000335692
259.3	0.000288148
259.4	0.000237554
259.5	0.00018607
259.6	0.000127508
259.7	6.69211e-05
259.8	3.77513e-06
259.9	-5.83654e-05
260	-0.000120119
260.1	-0.000176532
260.2	-0.000229361
260.3	-0.000277905
260.4	-0.000324695
260.5	-0.000370568
260.6	-0.000416073
260.7	-0.00046189
260.8	-0.000507497
260.9	-0.000555524
261	-0.000604922
261.1	-0.000653512
261.2	-0.000698338
261.3	-0.000741732
261.4	-0.000782963
261.5	-0.000822951
261.6	-0.000859265
261.7	-0.000896669
261.8	-0.000938175
261.9	-0.000976636
262	-0.00101176
262.1	-0.00104615
262.2	-0.00107863
262.3	-0.00111401
262.4	-0.00114788
262.5	-0.00118066
262.6	-0.00121433
262.7	-0.00124992
262.8	-0.001284
262.9	-0.00131804
263	-0.00135724
263.1	-0.00139846
263.2	-0.00144069
263.3	-0.00148894
263.4	-0.00154184
263.5	-0.00159982
263.6	-0.00166193
263.7	-0.00172585
263.8	-0.00178985
263.9	-0.00185718
264	-0.00192473
264.1	-0.00198936
264.2	-0.00205463
264.3	-0.00212425
264.4	-0.00219794
264.5	-0.00227193
264.6	-0.00234782
264.7	-0.00242844
264.8	-0.00251227
264.9	-0.00259411
265	-0.00266686
265.1	-0.00273658
265.2	-0.00280586
265.3	-0.00287384
265.4	-0.00294334
265.5	-0.00301039
265.6	-0.00307644
265.7	-0.00314412
265.8	-0.00321722
265.9	-0.00329347
266	-0.00337468
266.1	-0.00346051
266.2	-0.00354983
266.3	-0.00364257
266.4	-0.00373296
266.5	-0.00381997
266.6	-0.00390759
266.7	-0.0039977
266.8	-0.00408422
266.9	-0.00416555
267	-0.00424512
267.1	-0.00432602
267.2	-0.00441075
267.3	-0.00450344
267.4	-0.00459011
267.5	-0.00467523
267.6	-0.00475711
267.7	-0.00483633
267.8	-0.00490911
267.9	-0.00497892
268	-0.00505196
268.1	-0.00512879
268.2	-0.00520291
268.3	-0.0052767
268.4	-0.00534784
268.5	-0.00541157
268.6	-0.00547044
268.7	-0.00552892
268.8	-0.00559114
268.9	-0.00566051
269	-0.0057294
269.1	-0.00579796
269.2	-0.00586388
269.3	-0.00592584
269.4	-0.0059858
269.5	-0.0060431
269.6	-0.00609416
269.7	-0.00613921
269.8	-0.00618224
269.9	-0.00622253
270	-0.00625908
270.1	-0.0062978
270.2	-0.00633658
270.3	-0.00638036
270.4	-0.00642243
270.5	-0.00646042
270.6	-0.00649242
270.7	-0.0065206
270.8	-0.00654722
270.9	-0.0065727
271	-0.00659238
271.1	-0.00660907
271.2	-0.00662321
271.3	-0.00663334
271.4	-0.00664316
271.5	-0.00665286
271.6	-0.00665478
271.7	-0.00665564
271.8	-0.00665665
271.9	-0.00665738
272	-0.00665658
272.1	-0.00665698
272.2	-0.00666047
272.3	-0.00666141
272.4	-0.00665571
272.5	-0.00664725
272.6	-0.00663867
272.7	-0.00662907
272.8	-0.00662127
272.9	-0.00661163
273	-0.00660342
273.1	-0.00659456
273.2	-0.00658366
273.3	-0.00657493
273.4	-0.00657329
273.5	-0.00657545
273.6	-0.00657701
273.7	-0.00658047
273.8	-0.00658392
273.9	-0.00658818
274	-0.00659613
274.1	-0.00660745
274.2	-0.0066253
274.3	-0.00664643
274.4	-0.00666806
274.5	-0.00669177
274.6	-0.0067166
274.7	-0.00673632
274.8	-0.00675173
274.9	-0.00677217
275	-0.00679865
275.1	-0.00683135
275.2	-0.00686919
275.3	-0.00690604
275.4	-0.00694377
275.5	-0.00698068
275.6	-0.00701892
275.7	-0.00705975
275.8	-0.00710218
275.9	-0.00714211
276	-0.00718428
276.1	-0.00722592
276.2	-0.00726477
276.3	-0.00729417
276.4	-0.00731774
276.5	-0.00733476
276.6	-0.00734526
276.7	-0.00735193
276.8	-0.00736188
276.9	-0.00737494
277	-0.00738888
277.1	-0.00740183
277.2	-0.00741288
277.3	-0.00742259
277.4	-0.00743483
277.5	-0.0074514
277.6	-0.00747314
277.7	-0.00749569
277.8	-0.0075163
277.9	-0.00753433
278	-0.00754709
278.1	-0.00754925
278.2	-0.00754687
278.3	-0.0075427
278.4	-0.00753545
278.5	-0.00752992
278.6	-0.00752964
278.7	-0.00753136
278.8	-0.00753014
278.9	-0.00752301
279	-0.00751328
279.1	-0.00750146
279.2	-0.00749294
279.3	-0.00748836
279.4	-0.0074845
279.5	-0.00748003
279.6	-0.00747567
279.7	-0.00747035
279.8	-0.00746968
279.9	-0.00747213
280	-0.0074681
280.1	-0.00746151
280.2	-0.00745594
280.3	-0.00745412
280.4	-0.00745414
280.5	-0.00745624
280.6	-0.00746021
280.7	-0.00746682
280.8	-0.00747803
280.9	-0.00749043
281	-0.0075038
281.1	-0.0075162
281.2	-0.00752653
281.3	-0.00753992
281.4	-0.00755453
281.5	-0.00756803
281.6	-0.00758387
281.7	-0.00760591
281.8	-0.00762943
281.9	-0.00765634
282	-0.00768753
282.1	-0.00771655
282.2	-0.00773666
282.3	-0.00775293
282.4	-0.00777196
282.5	-0.00779013
282.6	-0.00780662
282.7	-0.00781914
282.8	-0.00782552
282.9	-0.00783195
283	-0.00784133
283.1	-0.00785606
283.2	-0.00787342
283.3	-0.00789507
283.4	-0.00792014
283.5	-0.0079465
283.6	-0.00797546
283.7	-0.00800809
283.8	-0.00803608
283.9	-0.00806326
284	-0.00809135
284.1	-0.00812115
284.2	-0.00814793
284.3	-0.00817364
284.4	-0.00820237
284.5	-0.00822841
284.6	-0.00824791
284.7	-0.0082659
284.8	-0.00828204
284.9	-0.00830188
285	-0.00833022
285.1	-0.00836522
285.2	-0.00840178
285.3	-0.00843478
285.4	-0.00846306
285.5	-0.00848339
285.6	-0.00850202
285.7	-0.00851842
285.8	-0.00853344
285.9	-0.00854973
286	-0.00856166
286.1	-0.00857312
286.2	-0.00858559
286.3	-0.00859729
286.4	-0.00861292
286.5	-0.00863402
286.6	-0.00866195
286.7	-0.00869278
286.8	-0.00871965
286.9	-0.00874388
287	-0.00876862
287.1	-0.00879235
287.2	-0.00881442
287.3	-0.00884126
287.4	-0.00887043
287.5	-0.00889398
287.6	-0.00891795
287.7	-0.00894155
287.8	-0.00895885
287.9	-0.00897311
288	-0.00898629
288.1	-0.00899877
288.2	-0.00900519
288.3	-0.00900817
288.4	-0.00901371
288.5	-0.00901708
288.6	-0.00901438
288.7	-0.00900649
288.8	-0.00899735
288.9	-0.00898699
289	-0.00897233
289.1	-0.00895983
289.2	-0.00895021
289.3	-0.00894456
289.4	-0.00894495
289.5	-0.00894729
289.6	-0.00895053
289.7	-0.00895515
289.8	-0.00895657
289.9	-0.00895689
290	-0.00896039
290.1	-0.00896934
290.2	-0.00898598
290.3	-0.0090051
290.4	-0.00902025
290.5	-0.00903869
290.6	-0.00905947
290.7	-0.00908141
290.8	-0.00910812
290.9	-0.00913435
291	-0.00915459
291.1	-0.00917048
291.2	-0.00918386
291.3	-0.00919736
291.4	-0.00921082
291.5	-0.00922679
291.6	-0.00924623
291.7	-0.00926702
291.8	-0.0092866
291.9	-0.00930675
292	-0.0093278
292.1	-0.00935564
292.2	-0.00938986
292.3	-0.00942658
292.4	-0.00946785
292.5	-0.0095096
292.6	-0.00955245
292.7	-0.00959471
292.8	-0.0096384
292.9	-0.00968121
293	-0.00972458
293.1	-0.00976789
293.2	-0.00981214
293.3	-0.00985948
293.4	-0.00990925
293.5	-0.00996082
293.6	-0.0100115
293.7	-0.0100585
293.8	-0.0101049
293.9	-0.0101609
294	-0.0102195
294.1	-0.0102767
294.2	-0.0103295
294.3	-0.0103788
294.4	-0.0104294
294.5	-0.0104822
294.6	-0.0105347
294.7	-0.0105863
294.8	-0.0106364
294.9	-0.0106866
295	-0.0107354
295.1	-0.0107836
295.2	-0.010834
295.3	-0.0108934
295.4	-0.0109567
295.5	-0.0110251
295.6	-0.0110964
295.7	-0.011172
295.8	-0.0112465
295.9	-0.0113205
296	-0.0113994
296.1	-0.011482
296.2	-0.011565
296.3	-0.0116514
296.4	-0.0117464
296.5	-0.0118457
296.6	-0.0119511
296.7	-0.0120575
296.8	-0.0121595
296.9	-0.0122599
297	-0.0123544
297.1	-0.0124386
297.2	-0.0125181
297.3	-0.0125987
297.4	-0.0126781
297.5	-0.0127571
297.6	-0.0128372
297.7	-0.0129176
297.8	-0.0129945
297.9	-0.0130722
298	-0.0131486
298.1	-0.0132245
298.2	-0.0133018
298.3	-0.0133788
298.4	-0.0134564
298.5	-0.013531
298.6	-0.013604
298.7	-0.0136741
298.8	-0.0137407
298.9	-0.0138042
299	-0.01386
299.1	-0.0139142
299.2	-0.013969
299.3	-0.0140224
299.4	-0.0140759
299.5	-0.0141359
299.6	-0.0141985
299.7	-0.0142574
299.8	-0.0143072
299.9	-0.014354
300	-0.0143978
300.1	-0.0144404
300.2	-0.0144802
300.3	-0.0145229
300.4	-0.0145639
300.5	-0.0146032
300.6	-0.0146463
300.7	-0.0146863
300.8	-0.0147226
300.9	-0.0147587
301	-0.0147984
301.1	-0.0148384
301.2	-0.0148768
301.3	-0.0149161
301.4	-0.0149555
301.5	-0.0149998
301.6	-0.0150454
301.7	-0.0150945
301.8	-0.015144
301.9	-0.0151937
302	-0.0152438
302.1	-0.0152957
302.2	-0.0153488
302.3	-0.0154023
302.4	-0.0154539
302.5	-0.0155039
302.6	-0.015557
302.7	-0.0156102
302.8	-0.0156621
302.9	-0.0157169
303	-0.0157786
303.1	-0.0158415
303.2	-0.0159049
303.3	-0.0159701
303.4	-0.0160334
303.5	-0.016101
303.6	-0.0161745
303.7	-0.0162433
303.8	-0.0163143
303.9	-0.0163838
304	-0.0164576
304.1	-0.0165319
304.2	-0.0166088
304.3	-0.0166889
304.4	-0.0167694
304.5	-0.0168513
304.6	-0.0169283
304.7	-0.0170008
304.8	-0.0170674
304.9	-0.0171333
305	-0.0171999
305.1	-0.0172643
305.2	-0.0173215
305.3	-0.0173775
305.4	-0.0174321
305.5	-0.0174892
305.6	-0.0175427
305.7	-0.0175901
305.8	-0.0176408
305.9	-0.0176976
306	-0.0177564
306.1	-0.0178144
306.2	-0.0178704
306.3	-0.0179247
306.4	-0.0179777
306.5	-0.0180315
306.6	-0.0180937
306.7	-0.0181556
306.8	-0.0182198
306.9	-0.0182852
307	-0.0183483
307.1	-0.0184107
307.2	-0.0184702
307.3	-0.0185329
307.4	-0.0185992
307.5	-0.0186662
307.6	-0.0187343
307.7	-0.0188014
307.8	-0.0188665
307.9	-0.0189304
308	-0.0189933
308.1	-0.0190589
308.2	-0.0191246
308.3	-0.0191881
308.4	-0.0192497
308.5	-0.0193068
308.6	-0.0193615
308.7	-0.0194112
308.8	-0.0194586
308.9	-0.0195051
309	-0.0195524
309.1	-0.0196009
309.2	-0.0196513
309.3	-0.0196986
309.4	-0.0197412
309.5	-0.0197818
309.6	-0.0198201
309.7	-0.0198552
309.8	-0.0198834
309.9	-0.0199087
310	-0.0199313
310.1	-0.0199567
310.2	-0.0199867
310.3	-0.0200172
310.4	-0.0200505
310.5	-0.0200832
310.6	-0.0201121
310.7	-0.0201364
310.8	-0.0201585
310.9	-0.0201774
311	-0.0201963
311.1	-0.0202178
311.2	-0.0202407
311.3	-0.0202644
311.4	-0.0202824
311.5	-0.0203007
311.6	-0.0203218
311.7	-0.0203456
311.8	-0.0203721
311.9	-0.0203996
312	-0.0204236
312.1	-0.0204478
312.2	-0.0204717
312.3	-0.0204989
312.4	-0.0205311
312.5	-0.0205628
312.6	-0.0205881
312.7	-0.0206081
312.8	-0.0206295
312.9	-0.0206554
313	-0.0206836
313.1	-0.0207151
313.2	-0.0207492
313.3	-0.0207814
313.4	-0.0208118
313.5	-0.0208433
313.6	-0.0208771
313.7	-0.0209118
313.8	-0.0209438
313.9	-0.0209737
314	-0.0210017
314.1	-0.0210327
314.2	-0.0210639
314.3	-0.0210958
314.4	-0.0211264
314.5	-0.0211558
314.6	-0.0211865
314.7	-0.0212185
314.8	-0.0212508
314.9	-0.0212806
315	-0.0213113
315.1	-0.0213417
315.2	-0.0213749
315.3	-0.0214066
315.4	-0.0214406
315.5	-0.021471
315.6	-0.0215029
315.7	-0.0215344
315.8	-0.0215733
315.9	-0.0216125
316	-0.0216531
316.1	-0.0216936
316.2	-0.0217313
316.3	-0.021767
316.4	-0.0218019
316.5	-0.0218374
316.6	-0.0218731
316.7	-0.0219072
316.8	-0.0219442
316.9	-0.0219846
317	-0.0220272
317.1	-0.0220711
317.2	-0.0221133
317.3	-0.0221508
317.4	-0.0221844
317.5	-0.0222175
317.6	-0.0222444
317.7	-0.0222667
317.8	-0.0222847
317.9	-0.0223055
318	-0.022324
318.1	-0.0223469
318.2	-0.0223718
318.3	-0.0223901
318.4	-0.0224058
318.5	-0.0224206
318.6	-0.022438
318.7	-0.0224587
318.8	-0.0224794
318.9	-0.0224987
319	-0.0225187
319.1	-0.0225372
319.2	-0.0225539
319.3	-0.0225734
319.4	-0.0225922
319.5	-0.0226095
319.6	-0.0226213
319.7	-0.0226323
319.8	-0.0226437
319.9	-0.0226502
320	-0.0226537
320.1	-0.0226554
320.2	-0.0226572
320.3	-0.0226604
320.4	-0.0226671
320.5	-0.0226763
320.6	-0.0226889
320.7	-0.022697
320.8	-0.0226998
320.9	-0.0226972
321	-0.0226951
321.1	-0.0226875
321.2	-0.0226769
321.3	-0.0226683
321.4	-0.0226687
321.5	-0.0226752
321.6	-0.0226847
321.7	-0.0226979
321.8	-0.0227119
321.9	-0.0227256
322	-0.0227395
322.1	-0.0227572
322.2	-0.0227769
322.3	-0.0227973
322.4	-0.0228132
322.5	-0.0228224
322.6	-0.0228276
322.7	-0.0228355
322.8	-0.0228451
322.9	-0.0228563
323	-0.0228643
323.1	-0.0228679
323.2	-0.0228667
323.3	-0.0228618
323.4	-0.0228588
323.5	-0.0228558
323.6	-0.022849
323.7	-0.0228391
323.8	-0.0228309
323.9	-0.0228291
324	-0.0228295
324.1	-0.0228319
324.2	-0.0228335
324.3	-0.0228367
324.4	-0.0228454
324.5	-0.0228616
324.6	-0.0228819
324.7	-0.0229038
324.8	-0.0229302
324.9	-0.0229563
325	-0.0229843
325.1	-0.0230131
325.2	-0.0230416
325.3	-0.0230652
325.4	-0.0230848
325.5	-0.0231056
325.6	-0.0231253
325.7	-0.0231471
325.8	-0.0231671
325.9	-0.0231823
326	-0.0231955
326.1	-0.0232085
326.2	-0.0232196
326.3	-0.0232229
326.4	-0.0232225
326.5	-0.0232196
326.6	-0.0232185
326.7	-0.0232174
326.8	-0.0232221
326.9	-0.0232282
327	-0.0232369
327.1	-0.0232467
327.2	-0.0232568
327.3	-0.0232715
327.4	-0.0232845
327.5	-0.0232967
327.6	-0.0233123
327.7	-0.0233318
327.8	-0.0233487
327.9	-0.0233697
328	-0.0233964
328.1	-0.0234294
328.2	-0.0234595
328.3	-0.0234877
328.4	-0.0235093
328.5	-0.0235236
328.6	-0.023534
328.7	-0.0235485
328.8	-0.0235623
328.9	-0.0235766
329	-0.0235945
329.1	-0.0236104
329.2	-0.0236265
329.3	-0.0236452
329.4	-0.0236671
329.5	-0.0236891
329.6	-0.023714
329.7	-0.0237353
329.8	-0.0237541
329.9	-0.0237719
330	-0.0237901
330.1	-0.0238085
330.2	-0.0238265
330.3	-0.0238419
330.4	-0.0238535
330.5	-0.0238651
330.6	-0.0238797
330.7	-0.0238957
330.8	-0.0239025
330.9	-0.0239011
331	-0.0238926
331.1	-0.0238864
331.2	-0.0238841
331.3	-0.0238831
331.4	-0.0238837
331.5	-0.0238894
331.6	-0.023897
331.7	-0.0239056
331.8	-0.0239204
331.9	-0.0239385
332	-0.0239587
332.1	-0.0239818
332.2	-0.0240054
332.3	-0.0240337
332.4	-0.0240597
332.5	-0.0240812
332.6	-0.0240985
332.7	-0.0241146
332.8	-0.0241297
332.9	-0.0241451
333	-0.0241587
333.1	-0.0241681
333.2	-0.0241738
333.3	-0.0241772
333.4	-0.0241746
333.5	-0.0241731
333.6	-0.0241689
333.7	-0.0241621
333.8	-0.0241561
333.9	-0.0241514
334	-0.0241418
334.1	-0.0241315
334.2	-0.0241202
334.3	-0.0241139
334.4	-0.0241103
334.5	-0.0241051
334.6	-0.024094
334.7	-0.0240757
334.8	-0.0240557
334.9	-0.0240338
335	-0.0240096
335.1	-0.0239881
335.2	-0.0239683
335.3	-0.0239469
335.4	-0.0239227
335.5	-0.0238994
335.6	-0.0238764
335.7	-0.0238519
335.8	-0.0238281
335.9	-0.0238038
336	-0.0237801
336.1	-0.0237582
336.2	-0.0237376
336.3	-0.0237168
336.4	-0.0236936
336.5	-0.0236698
336.6	-0.0236422
336.7	-0.0236117
336.8	-0.02358
336.9	-0.0235456
337	-0.0235077
337.1	-0.0234645
337.2	-0.0234249
337.3	-0.0233862
337.4	-0.0233459
337.5	-0.023307
337.6	-0.0232726
337.7	-0.0232398
337.8	-0.023212
337.9	-0.0231829
338	-0.0231525
338.1	-0.0231209
338.2	-0.0230909
338.3	-0.023058
338.4	-0.0230245
338.5	-0.0229906
338.6	-0.0229562
338.7	-0.0229226
338.8	-0.02289
338.9	-0.0228588
339	-0.022827
339.1	-0.0227988
339.2	-0.0227729
339.3	-0.022747
339.4	-0.022718
339.5	-0.0226847
339.6	-0.0226511
339.7	-0.0226181
339.8	-0.0225855
339.9	-0.0225506
340	-0.0225135
340.1	-0.0224711
340.2	-0.0224225
340.3	-0.0223689
340.4	-0.0223134
340.5	-0.0222587
340.6	-0.0222076
340.7	-0.0221569
340.8	-0.0221076
340.9	-0.0220523
341	-0.021992
341.1	-0.0219289
341.2	-0.0218663
341.3	-0.0218101
341.4	-0.0217592
341.5	-0.0217123
341.6	-0.0216664
341.7	-0.0216225
341.8	-0.0215822
341.9	-0.0215415
342	-0.0215068
342.1	-0.0214788
342.2	-0.0214504
342.3	-0.0214174
342.4	-0.0213834
342.5	-0.0213491
342.6	-0.0213129
342.7	-0.0212748
342.8	-0.0212413
342.9	-0.0212087
343	-0.0211762
343.1	-0.021144
343.2	-0.0211139
343.3	-0.0210814
343.4	-0.0210462
343.5	-0.0210104
343.6	-0.0209773
343.7	-0.0209459
343.8	-0.0209182
343.9	-0.0208901
344	-0.0208604
344.1	-0.0208284
344.2	-0.0207955
344.3	-0.0207674
344.4	-0.0207487
344.5	-0.0207301
344.6	-0.0207107
344.7	-0.020693
344.8	-0.020674
344.9	-0.0206536
345	-0.0206282
345.1	-0.020603
345.2	-0.0205807
345.3	-0.020553
345.4	-0.0205288
345.5	-0.0205094
345.6	-0.0204863
345.7	-0.0204587
345.8	-0.0204306
345.9	-0.0204044
346	-0.0203788
346.1	-0.0203584
346.2	-0.020339
346.3	-0.020319
346.4	-0.0202966
346.5	-0.0202709
346.6	-0.0202452
346.7	-0.020216
346.8	-0.0201864
346.9	-0.0201573
347	-0.0201314
347.1	-0.020108
347.2	-0.0200813
347.3	-0.0200522
347.4	-0.0200236
347.5	-0.0200002
347.6	-0.0199772
347.7	-0.0199525
347.8	-0.0199271
347.9	-0.0198989
348	-0.019872
348.1	-0.0198383
348.2	-0.019798
348.3	-0.0197559
348.4	-0.019715
348.5	-0.0196745
348.6	-0.0196332
348.7	-0.0195958
348.8	-0.0195682
348.9	-0.0195476
349	-0.0195298
349.1	-0.0195143
349.2	-0.0195049
349.3	-0.019497
349.4	-0.0194868
349.5	-0.0194728
349.6	-0.0194589
349.7	-0.0194441
349.8	-0.0194297
349.9	-0.0194182
350	-0.0194047
350.1	-0.0193871
350.2	-0.0193647
350.3	-0.019341
350.4	-0.0193192
350.5	-0.0192995
350.6	-0.0192846
350.7	-0.0192737
350.8	-0.0192663
350.9	-0.0192601
351	-0.0192565
351.1	-0.0192542
351.2	-0.0192494
351.3	-0.0192404
351.4	-0.0192337
351.5	-0.0192292
351.6	-0.0192307
351.7	-0.0192322
351.8	-0.0192366
351.9	-0.0192438
352	-0.0192557
352.1	-0.0192679
352.2	-0.0192826
352.3	-0.0193021
352.4	-0.0193269
352.5	-0.019358
352.6	-0.0193887
352.7	-0.0194134
352.8	-0.0194454
352.9	-0.0194787
353	-0.0195175
353.1	-0.0195564
353.2	-0.0195926
353.3	-0.0196205
353.4	-0.0196417
353.5	-0.0196576
353.6	-0.0196711
353.7	-0.0196883
353.8	-0.0197082
353.9	-0.0197255
354	-0.0197463
354.1	-0.0197681
354.2	-0.0197895
354.3	-0.0198079
354.4	-0.0198252
354.5	-0.0198467
354.6	-0.0198676
354.7	-0.0198877
354.8	-0.0199023
354.9	-0.0199154
355	-0.0199334
355.1	-0.0199522
355.2	-0.0199723
355.3	-0.0199976
355.4	-0.0200217
355.5	-0.0200458
355.6	-0.0200689
355.7	-0.0200946
355.8	-0.020122
355.9	-0.020151
356	-0.0201776
356.1	-0.0202052
356.2	-0.0202312
356.3	-0.0202579
356.4	-0.0202812
356.5	-0.0203034
356.6	-0.0203241
356.7	-0.0203447
356.8	-0.0203637
356.9	-0.0203795
357	-0.0203942
357.1	-0.0204082
357.2	-0.0204252
357.3	-0.0204453
357.4	-0.0204655
357.5	-0.0204849
357.6	-0.0205059
357.7	-0.0205282
357.8	-0.020557
357.9	-0.020589
358	-0.0206232
358.1	-0.0206533
358.2	-0.0206781
358.3	-0.0206991
358.4	-0.0207191
358.5	-0.0207355
358.6	-0.0207561
358.7	-0.0207764
358.8	-0.0208026
358.9	-0.0208315
359	-0.0208612
359.1	-0.020892
359.2	-0.020925
359.3	-0.0209547
359.4	-0.0209777
359.5	-0.0209972
359.6	-0.0210155
359.7	-0.0210232
359.8	-0.021027
359.9	-0.0210316
360	-0.0210335
360.1	-0.0210332
360.2	-0.0210294
360.3	-0.0210259
360.4	-0.021021
360.5	-0.0210096
360.6	-0.0209962
360.7	-0.0209828
360.8	-0.0209694
360.9	-0.0209615
361	-0.0209554
361.1	-0.0209491
361.2	-0.0209357
361.3	-0.0209238
361.4	-0.0209121
361.5	-0.0208983
361.6	-0.0208844
361.7	-0.0208722
361.8	-0.0208615
361.9	-0.0208476
362	-0.0208285
362.1	-0.0208065
362.2	-0.0207858
362.3	-0.0207623
362.4	-0.0207395
362.5	-0.020722
362.6	-0.0207078
362.7	-0.0206983
362.8	-0.0206903
362.9	-0.020684
363	-0.0206765
363.1	-0.0206704
363.2	-0.0206653
363.3	-0.0206631
363.4	-0.0206606
363.5	-0.0206603
363.6	-0.0206594
363.7	-0.0206549
363.8	-0.0206542
363.9	-0.0206568
364	-0.02066
364.1	-0.0206647
364.2	-0.0206637
364.3	-0.0206546
364.4	-0.0206417
364.5	-0.020628
364.6	-0.0206172
364.7	-0.0206089
364.8	-0.0205957
364.9	-0.0205818
365	-0.0205726
365.1	-0.0205676
365.2	-0.0205631
365.3	-0.0205597
365.4	-0.0205526
365.5	-0.0205417
365.6	-0.0205272
365.7	-0.0205065
365.8	-0.0204843
365.9	-0.0204568
366	-0.0204267
366.1	-0.0203956
366.2	-0.0203614
366.3	-0.0203251
366.4	-0.0202867
366.5	-0.0202428
366.6	-0.0201956
366.7	-0.0201477
366.8	-0.0201009
366.9	-0.0200545
367	-0.020011
367.1	-0.0199701
367.2	-0.0199292
367.3	-0.0198886
367.4	-0.019849
367.5	-0.0198093
367.6	-0.0197736
367.7	-0.0197417
367.8	-0.0197108
367.9	-0.0196774
368	-0.019642
368.1	-0.0196047
368.2	-0.0195692
368.3	-0.0195319
368.4	-0.019497
368.5	-0.0194674
368.6	-0.0194351
368.7	-0.0194
368.8	-0.0193661
368.9	-0.0193307
369	-0.0192986
369.1	-0.0192691
369.2	-0.0192434
369.3	-0.0192209
369.4	-0.0192036
369.5	-0.0191865
369.6	-0.0191701
369.7	-0.0191536
369.8	-0.0191371
369.9	-0.0191153
370	-0.0190893
370.1	-0.0190634
370.2	-0.0190373
370.3	-0.0190084
370.4	-0.0189779
370.5	-0.0189505
370.6	-0.0189228
370.7	-0.0188941
370.8	-0.0188679
370.9	-0.0188464
371	-0.0188317
371.1	-0.0188233
371.2	-0.0188112
371.3	-0.0187998
371.4	-0.0187912
371.5	-0.0187853
371.6	-0.0187815
371.7	-0.018779
371.8	-0.0187766
371.9	-0.0187788
372	-0.0187844
372.1	-0.0187969
372.2	-0.0188141
372.3	-0.018831
372.4	-0.0188463
372.5	-0.0188608
372.6	-0.0188669
372.7	-0.0188703
372.8	-0.0188712
372.9	-0.0188716
373	-0.0188649
373.1	-0.0188548
373.2	-0.0188399
373.3	-0.018822
373.4	-0.0188082
373.5	-0.0187924
373.6	-0.018773
373.7	-0.0187495
373.8	-0.0187262
373.9	-0.0187013
374	-0.0186746
374.1	-0.0186442
374.2	-0.0186146
374.3	-0.0185872
374.4	-0.0185573
374.5	-0.0185266
374.6	-0.0184944
374.7	-0.0184612
374.8	-0.0184264
374.9	-0.0183873
375	-0.0183484
375.1	-0.0183123
375.2	-0.0182785
375.3	-0.0182494
375.4	-0.0182218
375.5	-0.0181939
375.6	-0.0181661
375.7	-0.0181379
375.8	-0.0181109
375.9	-0.0180803
376	-0.0180482
376.1	-0.0180183
376.2	-0.0179895
376.3	-0.0179652
376.4	-0.0179435
376.5	-0.0179235
376.6	-0.0179039
376.7	-0.017885
376.8	-0.0178672
376.9	-0.0178482
377	-0.0178283
377.1	-0.0178097
377.2	-0.0177947
377.3	-0.0177832
377.4	-0.0177741
377.5	-0.0177623
377.6	-0.0177464
377.7	-0.0177294
377.8	-0.0177095
377.9	-0.0176895
378	-0.0176698
378.1	-0.0176482
378.2	-0.0176254
378.3	-0.0176032
378.4	-0.0175796
378.5	-0.0175624
378.6	-0.0175458
378.7	-0.0175313
378.8	-0.017519
378.9	-0.0175054
379	-0.0174894
379.1	-0.017472
379.2	-0.017453
379.3	-0.0174312
379.4	-0.0174077
379.5	-0.0173858
379.6	-0.0173683
379.7	-0.0173596
379.8	-0.0173537
379.9	-0.0173457
380	-0.0173375
380.1	-0.0173293
380.2	-0.0173234
380.3	-0.0173192
380.4	-0.0173119
380.5	-0.0173059
380.6	-0.017301
380.7	-0.017297
380.8	-0.0172883
380.9	-0.0172738
381	-0.017254
381.1	-0.0172348
381.2	-0.0172176
381.3	-0.0172009
381.4	-0.0171811
381.5	-0.0171599
381.6	-0.0171392
381.7	-0.0171185
381.8	-0.0171005
381.9	-0.0170854
382	-0.0170722
382.1	-0.0170613
382.2	-0.0170493
382.3	-0.0170431
382.4	-0.0170388
382.5	-0.0170307
382.6	-0.0170243
382.7	-0.0170186
382.8	-0.0170117
382.9	-0.0170023
383	-0.01699
383.1	-0.0169774
383.2	-0.0169663
383.3	-0.0169556
383.4	-0.0169423
383.5	-0.0169237
383.6	-0.0169005
383.7	-0.0168733
383.8	-0.0168433
383.9	-0.0168125
384	-0.0167829
384.1	-0.0167614
384.2	-0.0167439
384.3	-0.01673
384.4	-0.0167235
384.5	-0.0167205
384.6	-0.0167193
384.7	-0.0167166
384.8	-0.0167122
384.9	-0.0167042
385	-0.0166955
385.1	-0.0166856
385.2	-0.0166778
385.3	-0.0166694
385.4	-0.0166623
385.5	-0.0166566
385.6	-0.0166573
385.7	-0.0166613
385.8	-0.0166715
385.9	-0.0166833
386	-0.0166943
386.1	-0.0167025
386.2	-0.0167076
386.3	-0.0167128
386.4	-0.0167189
386.5	-0.0167237
386.6	-0.0167304
386.7	-0.0167373
386.8	-0.0167422
386.9	-0.0167453
387	-0.0167565
387.1	-0.0167664
387.2	-0.0167712
387.3	-0.0167776
387.4	-0.0167865
387.5	-0.0167942
387.6	-0.0167953
387.7	-0.0167893
387.8	-0.0167796
387.9	-0.0167681
388	-0.016752
388.1	-0.0167307
388.2	-0.0167063
388.3	-0.0166817
388.4	-0.0166642
388.5	-0.0166515
388.6	-0.0166422
388.7	-0.0166392
388.8	-0.0166384
388.9	-0.0166393
389	-0.0166383
389.1	-0.0166327
389.2	-0.0166309
389.3	-0.0166345
389.4	-0.0166367
389.5	-0.0166371
389.6	-0.0166356
389.7	-0.016632
389.8	-0.0166319
389.9	-0.0166349
390	-0.0166367
390.1	-0.0166364
390.2	-0.0166337
390.3	-0.0166318
390.4	-0.0166265
390.5	-0.0166192
390.6	-0.0166142
390.7	-0.0166071
390.8	-0.0165958
390.9	-0.0165795
391	-0.0165635
391.1	-0.0165524
391.2	-0.016545
391.3	-0.0165418
391.4	-0.0165388
391.5	-0.0165327
391.6	-0.0165269
391.7	-0.0165204
391.8	-0.0165123
391.9	-0.0165071
392	-0.0165039
392.1	-0.0164981
392.2	-0.0164897
392.3	-0.0164824
392.4	-0.0164728
392.5	-0.0164603
392.6	-0.01645
392.7	-0.0164378
392.8	-0.0164269
392.9	-0.0164192
393	-0.0164112
393.1	-0.0164002
393.2	-0.0163822
393.3	-0.016365
393.4	-0.0163452
393.5	-0.0163209
393.6	-0.0162889
393.7	-0.016252
393.8	-0.0162155
393.9	-0.0161814
394	-0.0161517
394.1	-0.0161281
394.2	-0.0161134
394.3	-0.0161041
394.4	-0.0160937
394.5	-0.0160788
394.6	-0.0160595
394.7	-0.0160398
394.8	-0.0160207
394.9	-0.0160051
395	-0.0159912
395.1	-0.0159761
395.2	-0.0159568
395.3	-0.0159326
395.4	-0.0159055
395.5	-0.0158773
395.6	-0.015851
395.7	-0.0158249
395.8	-0.0157987
395.9	-0.0157765
396	-0.0157552
396.1	-0.0157354
396.2	-0.0157161
396.3	-0.0157008
396.4	-0.015689
396.5	-0.0156795
396.6	-0.0156675
396.7	-0.0156534
396.8	-0.0156357
396.9	-0.0156184
397	-0.0156005
397.1	-0.0155842
397.2	-0.015571
397.3	-0.0155585
397.4	-0.0155498
397.5	-0.015546
397.6	-0.0155457
397.7	-0.0155454
397.8	-0.0155473
397.9	-0.0155573
398	-0.0155734
398.1	-0.0155913
398.2	-0.0156104
398.3	-0.015633
398.4	-0.0156604
398.5	-0.0156932
398.6	-0.015729
398.7	-0.0157674
398.8	-0.0158059
398.9	-0.0158419
399	-0.0158738
399.1	-0.0159033
399.2	-0.0159305
399.3	-0.0159581
399.4	-0.0159841
399.5	-0.0160138
399.6	-0.0160508
399.7	-0.0160867
399.8	-0.0161219
399.9	-0.0161544
400	-0.0161876
400.1	-0.0162227
400.2	-0.0162586
400.3	-0.0162959
400.4	-0.0163337
400.5	-0.0163696
400.6	-0.0164062
400.7	-0.0164451
400.8	-0.0164879
400.9	-0.0165392
401	-0.0165919
401.1	-0.0166427
401.2	-0.0166922
401.3	-0.0167403
401.4	-0.0167886
401.5	-0.0168374
401.6	-0.0168852
401.7	-0.0169308
401.8	-0.0169754
401.9	-0.0170203
402	-0.0170671
402.1	-0.0171172
402.2	-0.0171667
402.3	-0.0172122
402.4	-0.0172508
402.5	-0.0172859
402.6	-0.0173209
402.7	-0.0173587
402.8	-0.0173914
402.9	-0.0174235
403	-0.0174573
403.1	-0.0174946
403.2	-0.0175337
403.3	-0.0175741
403.4	-0.0176156
403.5	-0.0176576
403.6	-0.0176983
403.7	-0.0177353
403.8	-0.0177682
403.9	-0.0177962
404	-0.0178223
404.1	-0.0178519
404.2	-0.0178806
404.3	-0.0179108
404.4	-0.0179442
404.5	-0.0179773
404.6	-0.0180102
404.7	-0.0180426
404.8	-0.0180705
404.9	-0.018097
405	-0.0181239
405.1	-0.0181458
405.2	-0.0181681
405.3	-0.0181923
405.4	-0.018213
405.5	-0.0182323
405.6	-0.0182499
405.7	-0.0182659
405.8	-0.0182836
405.9	-0.0183035
406	-0.0183242
406.1	-0.0183434
406.2	-0.0183585
406.3	-0.0183712
406.4	-0.0183837
406.5	-0.0183937
406.6	-0.018401
406.7	-0.0184065
406.8	-0.0184113
406.9	-0.0184149
407	-0.0184201
407.1	-0.0184244
407.2	-0.0184236
407.3	-0.0184196
407.4	-0.0184093
407.5	-0.0183986
407.6	-0.0183886
407.7	-0.0183779
407.8	-0.0183699
407.9	-0.0183661
408	-0.018366
408.1	-0.0183687
408.2	-0.0183729
408.3	-0.0183794
408.4	-0.0183826
408.5	-0.0183863
408.6	-0.0183878
408.7	-0.0183894
408.8	-0.0183929
408.9	-0.0183954
409	-0.018398
409.1	-0.0184026
409.2	-0.0184095
409.3	-0.0184141
409.4	-0.0184179
409.5	-0.0184207
409.6	-0.0184268
409.7	-0.0184365
409.8	-0.0184511
409.9	-0.0184688
410	-0.0184857
410.1	-0.0185036
410.2	-0.0185268
410.3	-0.0185523
410.4	-0.0185791
410.5	-0.0186075
410.6	-0.0186311
410.7	-0.0186553
410.8	-0.018677
410.9	-0.0186975
411	-0.0187145
411.1	-0.0187299
411.2	-0.0187426
411.3	-0.0187528
411.4	-0.0187637
411.5	-0.0187774
411.6	-0.0187962
411.7	-0.0188183
411.8	-0.0188448
411.9	-0.0188713
412	-0.0189019
412.1	-0.0189362
412.2	-0.0189667
412.3	-0.018996
412.4	-0.0190277
412.5	-0.0190645
412.6	-0.019108
412.7	-0.0191484
412.8	-0.0191919
412.9	-0.019236
413	-0.0192814
413.1	-0.0193224
413.2	-0.0193614
413.3	-0.019396
413.4	-0.0194296
413.5	-0.0194663
413.6	-0.0195049
413.7	-0.0195441
413.8	-0.0195837
413.9	-0.0196215
414	-0.0196576
414.1	-0.0196925
414.2	-0.0197289
414.3	-0.019765
414.4	-0.0198017
414.5	-0.0198394
414.6	-0.0198796
414.7	-0.019922
414.8	-0.0199696
414.9	-0.0200191
415	-0.0200674
415.1	-0.0201144
415.2	-0.020161
415.3	-0.020208
415.4	-0.0202547
415.5	-0.0202997
415.6	-0.0203475
415.7	-0.0203957
415.8	-0.0204463
415.9	-0.0204987
416	-0.0205479
416.1	-0.0205937
416.2	-0.0206393
416.3	-0.0206904
416.4	-0.0207418
416.5	-0.0207918
416.6	-0.0208394
416.7	-0.0208864
416.8	-0.0209338
416.9	-0.0209776
417	-0.0210199
417.1	-0.0210577
417.2	-0.0210901
417.3	-0.0211188
417.4	-0.0211426
417.5	-0.0211656
417.6	-0.021199
417.7	-0.021239
417.8	-0.0212803
417.9	-0.0213257
418	-0.0213712
418.1	-0.021419
418.2	-0.0214703
418.3	-0.0215219
418.4	-0.0215718
418.5	-0.0216189
418.6	-0.021666
418.7	-0.0217144
418.8	-0.0217621
418.9	-0.0218044
419	-0.0218468
419.1	-0.0218912
419.2	-0.0219365
419.3	-0.0219874
419.4	-0.022042
419.5	-0.0220955
419.6	-0.0221494
419.7	-0.0222037
419.8	-0.0222566
419.9	-0.022306
420	-0.0223517
420.1	-0.0223937
420.2	-0.0224334
420.3	-0.0224676
420.4	-0.0224954
420.5	-0.0225179
420.6	-0.022533
420.7	-0.0225448
420.8	-0.0225525
420.9	-0.0225589
421	-0.0225679
421.1	-0.0225791
421.2	-0.0225887
421.3	-0.0225926
421.4	-0.0225935
421.5	-0.0225945
421.6	-0.0225949
421.7	-0.0225979
421.8	-0.0226015
421.9	-0.0226029
422	-0.0226008
422.1	-0.0225926
422.2	-0.0225839
422.3	-0.0225748
422.4	-0.0225649
422.5	-0.0225553
422.6	-0.0225477
422.7	-0.0225391
422.8	-0.0225198
422.9	-0.0224986
423	-0.0224813
423.1	-0.0224692
423.2	-0.0224592
423.3	-0.0224523
423.4	-0.0224456
423.5	-0.0224404
423.6	-0.0224335
423.7	-0.0224254
423.8	-0.0224215
423.9	-0.0224207
424	-0.0224213
424.1	-0.0224224
424.2	-0.0224235
424.3	-0.0224263
424.4	-0.0224268
424.5	-0.0224236
424.6	-0.0224187
424.7	-0.0224121
424.8	-0.0224046
424.9	-0.0223959
425	-0.022386
425.1	-0.022378
425.2	-0.0223716
425.3	-0.0223705
425.4	-0.0223695
425.5	-0.0223722
425.6	-0.0223792
425.7	-0.0223843
425.8	-0.0223863
425.9	-0.022388
426	-0.0223956
426.1	-0.0224046
426.2	-0.0224153
426.3	-0.0224244
426.4	-0.0224343
426.5	-0.0224452
426.6	-0.0224602
426.7	-0.0224765
426.8	-0.0224952
426.9	-0.0225141
427	-0.0225327
427.1	-0.0225554
427.2	-0.0225823
427.3	-0.0226074
427.4	-0.0226292
427.5	-0.0226494
427.6	-0.0226736
427.7	-0.022701
427.8	-0.0227287
427.9	-0.022753
428	-0.0227715
428.1	-0.0227813
428.2	-0.0227882
428.3	-0.0227963
428.4	-0.0228075
428.5	-0.0228188
428.6	-0.0228286
428.7	-0.0228393
428.8	-0.0228529
428.9	-0.022867
429	-0.0228805
429.1	-0.0228939
429.2	-0.0229086
429.3	-0.0229203
429.4	-0.0229327
429.5	-0.0229491
429.6	-0.0229636
429.7	-0.0229784
429.8	-0.0229947
429.9	-0.0230103
430	-0.0230232
430.1	-0.0230413
430.2	-0.0230635
430.3	-0.0230903
430.4	-0.0231179
430.5	-0.0231431
430.6	-0.0231696
430.7	-0.0232033
430.8	-0.0232427
430.9	-0.0232869
431	-0.0233289
431.1	-0.0233694
431.2	-0.0234058
431.3	-0.0234364
431.4	-0.0234677
431.5	-0.0234945
431.6	-0.0235233
431.7	-0.0235572
431.8	-0.0235926
431.9	-0.0236276
432	-0.0236575
432.1	-0.0236849
432.2	-0.0237068
432.3	-0.023723
432.4	-0.0237366
432.5	-0.0237502
432.6	-0.0237601
432.7	-0.0237699
432.8	-0.0237777
432.9	-0.0237827
433	-0.023789
433.1	-0.0237988
433.2	-0.0238103
433.3	-0.0238201
433.4	-0.0238243
433.5	-0.0238285
433.6	-0.0238333
433.7	-0.0238329
433.8	-0.0238308
433.9	-0.0238279
434	-0.0238221
434.1	-0.0238141
434.2	-0.0237991
434.3	-0.0237839
434.4	-0.023769
434.5	-0.0237591
434.6	-0.0237573
434.7	-0.0237643
434.8	-0.0237756
434.9	-0.02379
435	-0.0238042
435.1	-0.0238224
435.2	-0.0238431
435.3	-0.0238662
435.4	-0.023895
435.5	-0.0239274
435.6	-0.0239589
435.7	-0.0239887
435.8	-0.0240187
435.9	-0.0240425
436	-0.0240682
436.1	-0.0240951
436.2	-0.0241228
436.3	-0.0241535
436.4	-0.0241858
436.5	-0.0242129
436.6	-0.024237
436.7	-0.0242581
436.8	-0.0242743
436.9	-0.0242883
437	-0.0243063
437.1	-0.0243231
437.2	-0.0243392
437.3	-0.024361
437.4	-0.0243873
437.5	-0.0244179
437.6	-0.0244511
437.7	-0.0244843
437.8	-0.0245156
437.9	-0.0245433
438	-0.0245652
438.1	-0.024585
438.2	-0.0246066
438.3	-0.0246287
438.4	-0.0246543
438.5	-0.0246835
438.6	-0.0247117
438.7	-0.0247367
438.8	-0.0247627
438.9	-0.0247889
439	-0.0248121
439.1	-0.0248349
439.2	-0.0248557
439.3	-0.0248753
439.4	-0.0248911
439.5	-0.0249075
439.6	-0.0249276
439.7	-0.0249459
439.8	-0.0249586
439.9	-0.024965
440	-0.0249702
440.1	-0.0249727
440.2	-0.0249729
440.3	-0.0249733
440.4	-0.0249773
440.5	-0.0249839
440.6	-0.02499
440.7	-0.0249968
440.8	-0.0250085
440.9	-0.0250167
441	-0.0250218
441.1	-0.0250259
441.2	-0.0250282
441.3	-0.0250308
441.4	-0.0250324
441.5	-0.0250328
441.6	-0.0250311
441.7	-0.0250271
441.8	-0.0250196
441.9	-0.0250104
442	-0.0249999
442.1	-0.0249899
442.2	-0.0249792
442.3	-0.0249667
442.4	-0.0249514
442.5	-0.0249349
442.6	-0.0249193
442.7	-0.0249028
442.8	-0.024885
442.9	-0.0248684
443	-0.0248535
443.1	-0.0248425
443.2	-0.0248346
443.3	-0.024825
443.4	-0.0248158
443.5	-0.0248112
443.6	-0.0248158
443.7	-0.0248168
443.8	-0.0248161
443.9	-0.0248152
444	-0.0248159
444.1	-0.0248149
444.2	-0.0248099
444.3	-0.0247985
444.4	-0.0247828
444.5	-0.0247684
444.6	-0.0247534
444.7	-0.02474
444.8	-0.0247302
444.9	-0.0247211
445	-0.0247118
445.1	-0.0247053
445.2	-0.0246974
445.3	-0.0246858
445.4	-0.0246736
445.5	-0.0246608
445.6	-0.0246507
445.7	-0.0246446
445.8	-0.0246403
445.9	-0.024632
446	-0.0246203
446.1	-0.024606
446.2	-0.0245886
446.3	-0.024567
446.4	-0.0245462
446.5	-0.0245224
446.6	-0.0244992
446.7	-0.024478
446.8	-0.024463
446.9	-0.0244511
447	-0.0244446
447.1	-0.0244419
447.2	-0.0244454
447.3	-0.0244542
447.4	-0.0244663
447.5	-0.024484
447.6	-0.0245045
447.7	-0.0245244
447.8	-0.0245465
447.9	-0.0245652
448	-0.0245778
448.1	-0.0245877
448.2	-0.0245998
448.3	-0.0246126
448.4	-0.0246278
448.5	-0.0246461
448.6	-0.0246617
448.7	-0.024675
448.8	-0.0246864
448.9	-0.0246959
449	-0.0247014
449.1	-0.0247042
449.2	-0.0247022
449.3	-0.0246996
449.4	-0.0246942
449.5	-0.0246866
449.6	-0.0246749
449.7	-0.0246582
449.8	-0.0246385
449.9	-0.0246218
450	-0.0246082
450.1	-0.0246004
450.2	-0.0245983
450.3	-0.0245996
450.4	-0.0245983
450.5	-0.0246003
450.6	-0.0246044
450.7	-0.0246091
450.8	-0.0246172
450.9	-0.0246259
451	-0.024632
451.1	-0.0246383
451.2	-0.024644
451.3	-0.0246474
451.4	-0.0246531
451.5	-0.024665
451.6	-0.0246811
451.7	-0.0247017
451.8	-0.0247251
451.9	-0.0247444
452	-0.0247596
452.1	-0.0247711
452.2	-0.0247852
452.3	-0.0248008
452.4	-0.0248181
452.5	-0.0248355
452.6	-0.024854
452.7	-0.0248736
452.8	-0.0248932
452.9	-0.0249159
453	-0.0249426
453.1	-0.0249712
453.2	-0.0250052
453.3	-0.025039
453.4	-0.0250713
453.5	-0.0251032
453.6	-0.0251344
453.7	-0.0251612
453.8	-0.0251843
453.9	-0.0252067
454	-0.0252299
454.1	-0.0252502
454.2	-0.0252682
454.3	-0.0252864
454.4	-0.0252968
454.5	-0.0253005
454.6	-0.0253022
454.7	-0.0253046
454.8	-0.0253066
454.9	-0.0253008
455	-0.0252859
455.1	-0.0252699
455.2	-0.0252511
455.3	-0.0252348
455.4	-0.0252281
455.5	-0.0252271
455.6	-0.0252312
455.7	-0.025238
455.8	-0.0252469
455.9	-0.0252508
456	-0.0252591
456.1	-0.0252721
456.2	-0.0252906
456.3	-0.0253159
456.4	-0.0253465
456.5	-0.025378
456.6	-0.0254104
456.7	-0.0254411
456.8	-0.0254713
456.9	-0.025501
457	-0.025536
457.1	-0.0255705
457.2	-0.0256016
457.3	-0.0256214
457.4	-0.0256357
457.5	-0.0256426
457.6	-0.0256474
457.7	-0.0256518
457.8	-0.0256566
457.9	-0.0256602
458	-0.0256638
458.1	-0.0256703
458.2	-0.0256813
458.3	-0.0256967
458.4	-0.0257139
458.5	-0.0257313
458.6	-0.0257459
458.7	-0.0257552
458.8	-0.025759
458.9	-0.025759
459	-0.0257586
459.1	-0.0257583
459.2	-0.0257619
459.3	-0.0257628
459.4	-0.025763
459.5	-0.0257626
459.6	-0.025762
459.7	-0.025764
459.8	-0.0257684
459.9	-0.0257743
460	-0.0257809
460.1	-0.0257934
460.2	-0.0258063
460.3	-0.0258167
460.4	-0.0258256
460.5	-0.0258365
460.6	-0.0258547
460.7	-0.0258798
460.8	-0.0259099
460.9	-0.0259391
461	-0.0259675
461.1	-0.0259946
461.2	-0.0260148
461.3	-0.0260329
461.4	-0.0260512
461.5	-0.0260701
461.6	-0.0260854
461.7	-0.0260971
461.8	-0.0261064
461.9	-0.0261158
462	-0.0261294
462.1	-0.0261442
462.2	-0.0261593
462.3	-0.0261789
462.4	-0.0262027
462.5	-0.0262261
462.6	-0.0262518
462.7	-0.0262824
462.8	-0.0263151
462.9	-0.0263428
463	-0.0263626
463.1	-0.026372
463.2	-0.0263757
463.3	-0.0263784
463.4	-0.0263822
463.5	-0.0263879
463.6	-0.0263948
463.7	-0.0264015
463.8	-0.0264097
463.9	-0.0264222
464	-0.0264329
464.1	-0.0264422
464.2	-0.0264496
464.3	-0.0264563
464.4	-0.0264604
464.5	-0.0264635
464.6	-0.0264661
464.7	-0.0264695
464.8	-0.0264725
464.9	-0.0264746
465	-0.0264776
465.1	-0.0264832
465.2	-0.0264885
465.3	-0.0264944
465.4	-0.026502
465.5	-0.0265084
465.6	-0.0265159
465.7	-0.0265276
465.8	-0.0265449
465.9	-0.0265651
466	-0.0265855
466.1	-0.0266045
466.2	-0.0266212
466.3	-0.0266346
466.4	-0.0266453
466.5	-0.0266546
466.6	-0.0266626
466.7	-0.0266747
466.8	-0.0266827
466.9	-0.0266868
467	-0.0266934
467.1	-0.0267079
467.2	-0.0267237
467.3	-0.0267421
467.4	-0.0267602
467.5	-0.0267759
467.6	-0.02679
467.7	-0.026806
467.8	-0.0268259
467.9	-0.0268395
468	-0.0268507
468.1	-0.0268605
468.2	-0.0268675
468.3	-0.0268738
468.4	-0.0268817
468.5	-0.0268914
468.6	-0.0268986
468.7	-0.026911
468.8	-0.0269254
468.9	-0.0269358
469	-0.0269437
469.1	-0.0269515
469.2	-0.0269587
469.3	-0.0269635
469.4	-0.026967
469.5	-0.0269664
469.6	-0.0269623
469.7	-0.0269566
469.8	-0.0269489
469.9	-0.0269415
470	-0.0269331
470.1	-0.0269255
470.2	-0.0269159
470.3	-0.0269052
470.4	-0.0268934
470.5	-0.0268853
470.6	-0.0268767
470.7	-0.0268687
470.8	-0.0268593
470.9	-0.0268478
471	-0.0268306
471.1	-0.026813
471.2	-0.026797
471.3	-0.0267846
471.4	-0.0267737
471.5	-0.0267645
471.6	-0.0267552
471.7	-0.0267419
471.8	-0.026722
471.9	-0.0266954
472	-0.0266663
472.1	-0.0266368
472.2	-0.0266096
472.3	-0.0265752
472.4	-0.0265393
472.5	-0.0265065
472.6	-0.0264744
472.7	-0.0264479
472.8	-0.0264256
472.9	-0.0264064
473	-0.026387
473.1	-0.0263691
473.2	-0.0263538
473.3	-0.0263427
473.4	-0.0263318
473.5	-0.026319
473.6	-0.0263057
473.7	-0.0262919
473.8	-0.0262785
473.9	-0.0262652
474	-0.0262513
474.1	-0.0262346
474.2	-0.0262194
474.3	-0.026204
474.4	-0.0261878
474.5	-0.0261726
474.6	-0.0261601
474.7	-0.0261493
474.8	-0.0261421
474.9	-0.0261378
475	-0.0261375
475.1	-0.0261365
475.2	-0.0261407
475.3	-0.0261539
475.4	-0.0261649
475.5	-0.026176
475.6	-0.0261876
475.7	-0.0261969
475.8	-0.0262046
475.9	-0.0262143
476	-0.0262254
476.1	-0.026236
476.2	-0.0262444
476.3	-0.0262481
476.4	-0.0262493
476.5	-0.0262562
476.6	-0.0262703
476.7	-0.026288
476.8	-0.026301
476.9	-0.0263092
477	-0.0263111
477.1	-0.0263125
477.2	-0.0263153
477.3	-0.0263159
477.4	-0.0263077
477.5	-0.0262921
477.6	-0.0262746
477.7	-0.0262538
477.8	-0.0262333
477.9	-0.026215
478	-0.0261995
478.1	-0.0261806
478.2	-0.0261576
478.3	-0.0261369
478.4	-0.0261145
478.5	-0.0260896
478.6	-0.0260629
478.7	-0.026035
478.8	-0.0260054
478.9	-0.0259745
479	-0.025942
479.1	-0.0259081
479.2	-0.0258703
479.3	-0.0258313
479.4	-0.0257938
479.5	-0.0257563
479.6	-0.0257154
479.7	-0.0256792
479.8	-0.0256457
479.9	-0.0256166
480	-0.0255851
480.1	-0.0255487
480.2	-0.0255131
480.3	-0.0254784
480.4	-0.0254457
480.5	-0.0254104
480.6	-0.0253727
480.7	-0.0253321
480.8	-0.0252877
480.9	-0.0252416
481	-0.0251949
481.1	-0.025149
481.2	-0.0251007
481.3	-0.0250546
481.4	-0.0250111
481.5	-0.0249687
481.6	-0.0249243
481.7	-0.0248797
481.8	-0.024835
481.9	-0.0247884
482	-0.0247455
482.1	-0.0246976
482.2	-0.0246452
482.3	-0.0245956
482.4	-0.0245434
482.5	-0.0244915
482.6	-0.0244451
482.7	-0.0244043
482.8	-0.0243636
482.9	-0.0243203
483	-0.0242772
483.1	-0.0242354
483.2	-0.0241989
483.3	-0.0241659
483.4	-0.0241338
483.5	-0.0240967
483.6	-0.0240573
483.7	-0.0240169
483.8	-0.0239728
483.9	-0.0239278
484	-0.0238812
484.1	-0.0238347
484.2	-0.0237889
484.3	-0.0237424
484.4	-0.0236957
484.5	-0.0236479
484.6	-0.0236022
484.7	-0.0235553
484.8	-0.0235093
484.9	-0.0234605
485	-0.0234075
485.1	-0.0233536
485.2	-0.0233004
485.3	-0.0232476
485.4	-0.0231994
485.5	-0.0231546
485.6	-0.0231146
485.7	-0.0230769
485.8	-0.0230395
485.9	-0.0230061
486	-0.0229767
486.1	-0.0229478
486.2	-0.0229199
486.3	-0.0228968
486.4	-0.0228801
486.5	-0.0228686
486.6	-0.0228622
486.7	-0.0228591
486.8	-0.0228525
486.9	-0.0228413
487	-0.0228253
487.1	-0.0228057
487.2	-0.0227875
487.3	-0.022768
487.4	-0.0227484
487.5	-0.0227255
487.6	-0.0226978
487.7	-0.0226719
487.8	-0.0226491
487.9	-0.0226306
488	-0.0226187
488.1	-0.0226085
488.2	-0.0226031
488.3	-0.0225982
488.4	-0.0225925
488.5	-0.0225893
488.6	-0.022587
488.7	-0.0225878
488.8	-0.0225849
488.9	-0.0225803
489	-0.0225729
489.1	-0.0225651
489.2	-0.0225532
489.3	-0.0225389
489.4	-0.022517
489.5	-0.0224966
489.6	-0.0224786
489.7	-0.0224606
489.8	-0.0224371
489.9	-0.0224099
490	-0.0223836
490.1	-0.0223554
490.2	-0.0223269
490.3	-0.022298
490.4	-0.0222629
490.5	-0.0222271
490.6	-0.0221905
490.7	-0.0221554
490.8	-0.022118
490.9	-0.0220806
491	-0.0220463
491.1	-0.0220207
491.2	-0.0220019
491.3	-0.0219856
491.4	-0.0219706
491.5	-0.0219571
491.6	-0.0219426
491.7	-0.0219337
491.8	-0.0219267
491.9	-0.0219208
492	-0.0219141
492.1	-0.0219046
492.2	-0.0218959
492.3	-0.0218833
492.4	-0.0218697
492.5	-0.0218542
492.6	-0.0218395
492.7	-0.0218261
492.8	-0.0218134
492.9	-0.0218006
493	-0.0217913
493.1	-0.0217803
493.2	-0.0217685
493.3	-0.0217557
493.4	-0.0217411
493.5	-0.0217273
493.6	-0.0217147
493.7	-0.0217003
493.8	-0.0216819
493.9	-0.0216623
494	-0.0216444
494.1	-0.0216253
494.2	-0.0216042
494.3	-0.0215847
494.4	-0.0215635
494.5	-0.021537
494.6	-0.0215109
494.7	-0.0214833
494.8	-0.0214566
494.9	-0.0214358
495	-0.0214194
495.1	-0.0214104
495.2	-0.0214031
495.3	-0.0213915
495.4	-0.0213755
495.5	-0.0213531
495.6	-0.0213265
495.7	-0.0212953
495.8	-0.0212614
495.9	-0.0212239
496	-0.021185
496.1	-0.0211477
496.2	-0.0211061
496.3	-0.0210602
496.4	-0.0210123
496.5	-0.020961
496.6	-0.0209105
496.7	-0.0208619
496.8	-0.0208162
496.9	-0.0207752
497	-0.0207417
497.1	-0.0207091
497.2	-0.020679
497.3	-0.0206517
497.4	-0.0206282
497.5	-0.0206054
497.6	-0.0205822
497.7	-0.0205595
497.8	-0.0205379
497.9	-0.0205209
498	-0.0205077
498.1	-0.0204977
498.2	-0.020484
498.3	-0.0204702
498.4	-0.0204595
498.5	-0.0204541
498.6	-0.0204526
498.7	-0.0204523
498.8	-0.0204587
498.9	-0.0204655
499	-0.0204706
499.1	-0.0204776
499.2	-0.0204846
499.3	-0.0204935
499.4	-0.0204987
499.5	-0.0205016
499.6	-0.0205019
499.7	-0.0205046
499.8	-0.0205088
499.9	-0.02051
500	-0.0205072
