LagTime	Correlation

0	1.61739
0.1	1.61238
0.2	1.60489
0.3	1.59682
0.4	1.58867
0.5	1.58054
0.6	1.57247
0.7	1.56446
0.8	1.55652
0.9	1.54864
1	1.54082
1.1	1.53307
1.2	1.52539
1.3	1.51778
1.4	1.51022
1.5	1.50271
1.6	1.49526
1.7	1.48786
1.8	1.48053
1.9	1.47326
2	1.46604
2.1	1.45888
2.2	1.45177
2.3	1.44473
2.4	1.43773
2.5	1.4308
2.6	1.42391
2.7	1.41708
2.8	1.4103
2.9	1.40357
3	1.39689
3.1	1.39028
3.2	1.38372
3.3	1.37721
3.4	1.37076
3.5	1.36436
3.6	1.358
3.7	1.3517
3.8	1.34544
3.9	1.33923
4	1.33307
4.1	1.32695
4.2	1.32087
4.3	1.31484
4.4	1.30884
4.5	1.30289
4.6	1.29698
4.7	1.29112
4.8	1.2853
4.9	1.27952
5	1.27378
5.1	1.26808
5.2	1.26242
5.3	1.2568
5.4	1.25122
5.5	1.24569
5.6	1.24019
5.7	1.23474
5.8	1.22933
5.9	1.22395
6	1.21862
6.1	1.21332
6.2	1.20806
6.3	1.20283
6.4	1.19764
6.5	1.19248
6.6	1.18737
6.7	1.1823
6.8	1.17727
6.9	1.17227
7	1.16731
7.1	1.16238
7.2	1.15749
7.3	1.15263
7.4	1.14779
7.5	1.143
7.6	1.13824
7.7	1.13352
7.8	1.12882
7.9	1.12415
8	1.1195
8.1	1.11488
8.2	1.11029
8.3	1.10573
8.4	1.10119
8.5	1.09669
8.6	1.09221
8.7	1.08776
8.8	1.08334
8.9	1.07896
9	1.0746
9.1	1.07028
9.2	1.06598
9.3	1.06172
9.4	1.05749
9.5	1.05329
9.6	1.04911
9.7	1.04495
9.8	1.04082
9.9	1.03672
10	1.03265
10.1	1.02861
10.2	1.02459
10.3	1.0206
10.4	1.01664
10.5	1.0127
10.6	1.00878
10.7	1.00488
10.8	1.00101
10.9	0.997157
11	0.993332
11.1	0.989534
11.2	0.985764
11.3	0.982014
11.4	0.978284
11.5	0.974577
11.6	0.970897
11.7	0.967236
11.8	0.963591
11.9	0.959963
12	0.956351
12.1	0.952757
12.2	0.949184
12.3	0.945636
12.4	0.942107
12.5	0.938599
12.6	0.935117
12.7	0.931656
12.8	0.928221
12.9	0.924808
13	0.921416
13.1	0.918043
13.2	0.914688
13.3	0.911351
13.4	0.908038
13.5	0.904747
13.6	0.901476
13.7	0.898219
13.8	0.894983
13.9	0.891769
14	0.888574
14.1	0.885406
14.2	0.882258
14.3	0.879132
14.4	0.876026
14.5	0.872939
14.6	0.869871
14.7	0.866825
14.8	0.863803
14.9	0.860803
15	0.857821
15.1	0.854855
15.2	0.851908
15.3	0.848984
15.4	0.846075
15.5	0.843179
15.6	0.840295
15.7	0.837424
15.8	0.834571
15.9	0.831733
16	0.828906
16.1	0.826088
16.2	0.823275
16.3	0.820474
16.4	0.817688
16.5	0.814917
16.6	0.812164
16.7	0.809427
16.8	0.806704
16.9	0.803993
17	0.801299
17.1	0.798625
17.2	0.795971
17.3	0.793328
17.4	0.790698
17.5	0.788089
17.6	0.7855
17.7	0.782926
17.8	0.780367
17.9	0.777825
18	0.775294
18.1	0.772782
18.2	0.770286
18.3	0.767807
18.4	0.765342
18.5	0.762889
18.6	0.760449
18.7	0.758019
18.8	0.755596
18.9	0.753176
19	0.75076
19.1	0.748347
19.2	0.745939
19.3	0.743539
19.4	0.741151
19.5	0.738773
19.6	0.736417
19.7	0.734073
19.8	0.731737
19.9	0.729412
20	0.727097
20.1	0.724792
20.2	0.722498
20.3	0.720214
20.4	0.71794
20.5	0.715676
20.6	0.713427
20.7	0.711192
20.8	0.708966
20.9	0.706747
21	0.704539
21.1	0.702335
21.2	0.700129
21.3	0.697929
21.4	0.695734
21.5	0.69354
21.6	0.691353
21.7	0.689178
21.8	0.687015
21.9	0.684866
22	0.682728
22.1	0.680599
22.2	0.678484
22.3	0.676379
22.4	0.674281
22.5	0.672188
22.6	0.670105
22.7	0.668031
22.8	0.665966
22.9	0.663906
23	0.661846
23.1	0.659793
23.2	0.657752
23.3	0.655722
23.4	0.653707
23.5	0.651707
23.6	0.649716
23.7	0.647738
23.8	0.645768
23.9	0.64381
24	0.641864
24.1	0.639927
24.2	0.637998
24.3	0.636076
24.4	0.634157
24.5	0.632245
24.6	0.630341
24.7	0.628449
24.8	0.626565
24.9	0.624688
25	0.622822
25.1	0.620963
25.2	0.619113
25.3	0.617272
25.4	0.615437
25.5	0.613608
25.6	0.611785
25.7	0.609973
25.8	0.608169
25.9	0.60637
26	0.604577
26.1	0.602788
26.2	0.601004
26.3	0.599228
26.4	0.597464
26.5	0.595705
26.6	0.593956
26.7	0.592216
26.8	0.590488
26.9	0.588766
27	0.587053
27.1	0.585348
27.2	0.583649
27.3	0.581959
27.4	0.580278
27.5	0.578609
27.6	0.576951
27.7	0.575302
27.8	0.57366
27.9	0.572027
28	0.570394
28.1	0.568769
28.2	0.567151
28.3	0.565543
28.4	0.563942
28.5	0.562343
28.6	0.560748
28.7	0.559153
28.8	0.557558
28.9	0.555961
29	0.554362
29.1	0.552766
29.2	0.55117
29.3	0.549582
29.4	0.547998
29.5	0.546419
29.6	0.544843
29.7	0.54327
29.8	0.5417
29.9	0.540132
30	0.538563
30.1	0.53699
30.2	0.53542
30.3	0.533854
30.4	0.532294
30.5	0.530734
30.6	0.529174
30.7	0.527619
30.8	0.526073
30.9	0.524532
31	0.522994
31.1	0.521463
31.2	0.51994
31.3	0.518429
31.4	0.516928
31.5	0.515436
31.6	0.513954
31.7	0.512477
31.8	0.511006
31.9	0.509546
32	0.50809
32.1	0.506637
32.2	0.505185
32.3	0.503739
32.4	0.502297
32.5	0.500856
32.6	0.499418
32.7	0.497985
32.8	0.496558
32.9	0.495133
33	0.493712
33.1	0.492302
33.2	0.490898
33.3	0.489499
33.4	0.488105
33.5	0.486714
33.6	0.485328
33.7	0.483946
33.8	0.482569
33.9	0.481192
34	0.479821
34.1	0.478457
34.2	0.477104
34.3	0.475756
34.4	0.474416
34.5	0.473084
34.6	0.471758
34.7	0.470439
34.8	0.46913
34.9	0.467828
35	0.466535
35.1	0.46525
35.2	0.463971
35.3	0.462692
35.4	0.461418
35.5	0.460154
35.6	0.458895
35.7	0.45764
35.8	0.456385
35.9	0.455135
36	0.453889
36.1	0.45265
36.2	0.451413
36.3	0.450177
36.4	0.448939
36.5	0.447711
36.6	0.446488
36.7	0.445268
36.8	0.444049
36.9	0.442833
37	0.441617
37.1	0.440404
37.2	0.439199
37.3	0.438
37.4	0.436811
37.5	0.435636
37.6	0.434463
37.7	0.433295
37.8	0.432131
37.9	0.430972
38	0.429821
38.1	0.428678
38.2	0.427547
38.3	0.426426
38.4	0.42531
38.5	0.424197
38.6	0.42309
38.7	0.421987
38.8	0.420892
38.9	0.419799
39	0.418712
39.1	0.417632
39.2	0.416563
39.3	0.415501
39.4	0.414445
39.5	0.413396
39.6	0.412346
39.7	0.411296
39.8	0.410245
39.9	0.409195
40	0.408151
40.1	0.407115
40.2	0.406081
40.3	0.405046
40.4	0.404012
40.5	0.402977
40.6	0.401944
40.7	0.400914
40.8	0.39989
40.9	0.398867
41	0.397844
41.1	0.396824
41.2	0.395808
41.3	0.394793
41.4	0.393779
41.5	0.392772
41.6	0.391764
41.7	0.390756
41.8	0.389746
41.9	0.388739
42	0.387729
42.1	0.386723
42.2	0.385725
42.3	0.38473
42.4	0.383735
42.5	0.382743
42.6	0.381757
42.7	0.380779
42.8	0.379806
42.9	0.378838
43	0.377876
43.1	0.376911
43.2	0.375949
43.3	0.374987
43.4	0.374028
43.5	0.373071
43.6	0.372116
43.7	0.37116
43.8	0.370209
43.9	0.369262
44	0.368319
44.1	0.36738
44.2	0.366447
44.3	0.365512
44.4	0.364575
44.5	0.363637
44.6	0.362706
44.7	0.361776
44.8	0.36085
44.9	0.359929
45	0.359012
45.1	0.358101
45.2	0.357195
45.3	0.356295
45.4	0.355401
45.5	0.35451
45.6	0.353619
45.7	0.35273
45.8	0.351843
45.9	0.350958
46	0.350072
46.1	0.34919
46.2	0.348317
46.3	0.347454
46.4	0.346595
46.5	0.345733
46.6	0.344879
46.7	0.344027
46.8	0.34318
46.9	0.342335
47	0.341486
47.1	0.340635
47.2	0.339787
47.3	0.338939
47.4	0.338093
47.5	0.337247
47.6	0.336403
47.7	0.335558
47.8	0.334713
47.9	0.333875
48	0.333048
48.1	0.33223
48.2	0.331412
48.3	0.330594
48.4	0.329778
48.5	0.328963
48.6	0.328146
48.7	0.327332
48.8	0.326521
48.9	0.32571
49	0.324903
49.1	0.324093
49.2	0.323286
49.3	0.322483
49.4	0.32168
49.5	0.320878
49.6	0.320074
49.7	0.319274
49.8	0.318477
49.9	0.317682
50	0.316888
50.1	0.3161
50.2	0.315321
50.3	0.314548
50.4	0.313778
50.5	0.313011
50.6	0.312246
50.7	0.311482
50.8	0.310712
50.9	0.309941
51	0.309166
51.1	0.30839
51.2	0.307618
51.3	0.306848
51.4	0.306084
51.5	0.305324
51.6	0.304565
51.7	0.303805
51.8	0.303048
51.9	0.302294
52	0.30154
52.1	0.300789
52.2	0.300038
52.3	0.299285
52.4	0.298532
52.5	0.297782
52.6	0.297037
52.7	0.296296
52.8	0.295553
52.9	0.294815
53	0.29408
53.1	0.29335
53.2	0.29262
53.3	0.291893
53.4	0.291169
53.5	0.29045
53.6	0.289727
53.7	0.289004
53.8	0.288277
53.9	0.287544
54	0.28681
54.1	0.286077
54.2	0.285348
54.3	0.284621
54.4	0.283899
54.5	0.283179
54.6	0.28246
54.7	0.281741
54.8	0.281022
54.9	0.280304
55	0.279594
55.1	0.278887
55.2	0.27818
55.3	0.277475
55.4	0.276774
55.5	0.27608
55.6	0.275391
55.7	0.274705
55.8	0.274021
55.9	0.273338
56	0.272657
56.1	0.271978
56.2	0.271297
56.3	0.270618
56.4	0.269944
56.5	0.269275
56.6	0.268605
56.7	0.267942
56.8	0.267281
56.9	0.266623
57	0.265966
57.1	0.265315
57.2	0.26467
57.3	0.264027
57.4	0.263383
57.5	0.262737
57.6	0.262086
57.7	0.261436
57.8	0.260785
57.9	0.260134
58	0.259484
58.1	0.258839
58.2	0.258194
58.3	0.257549
58.4	0.256902
58.5	0.256252
58.6	0.255601
58.7	0.254949
58.8	0.254304
58.9	0.253658
59	0.253014
59.1	0.252372
59.2	0.251733
59.3	0.251095
59.4	0.250458
59.5	0.24982
59.6	0.249178
59.7	0.248539
59.8	0.2479
59.9	0.247268
60	0.246642
60.1	0.246026
60.2	0.24541
60.3	0.244793
60.4	0.244175
60.5	0.243559
60.6	0.242943
60.7	0.242332
60.8	0.241724
60.9	0.241124
61	0.240523
61.1	0.239922
61.2	0.239317
61.3	0.238713
61.4	0.238114
61.5	0.23752
61.6	0.236927
61.7	0.236341
61.8	0.23576
61.9	0.235177
62	0.234591
62.1	0.234003
62.2	0.233416
62.3	0.232829
62.4	0.232241
62.5	0.231652
62.6	0.231063
62.7	0.230474
62.8	0.229882
62.9	0.22929
63	0.228693
63.1	0.228097
63.2	0.227506
63.3	0.226914
63.4	0.226325
63.5	0.225735
63.6	0.225144
63.7	0.224559
63.8	0.223979
63.9	0.2234
64	0.222823
64.1	0.222249
64.2	0.221676
64.3	0.221105
64.4	0.220533
64.5	0.219965
64.6	0.219397
64.7	0.218829
64.8	0.218263
64.9	0.217701
65	0.217139
65.1	0.216578
65.2	0.216024
65.3	0.215476
65.4	0.214929
65.5	0.214384
65.6	0.213841
65.7	0.213301
65.8	0.212768
65.9	0.212235
66	0.211701
66.1	0.211167
66.2	0.210632
66.3	0.210099
66.4	0.209565
66.5	0.209037
66.6	0.208503
66.7	0.207964
66.8	0.207426
66.9	0.206887
67	0.206352
67.1	0.205821
67.2	0.205288
67.3	0.204758
67.4	0.204235
67.5	0.203723
67.6	0.203219
67.7	0.202726
67.8	0.202243
67.9	0.201763
68	0.201284
68.1	0.200813
68.2	0.200343
68.3	0.199869
68.4	0.199394
68.5	0.198925
68.6	0.198456
68.7	0.197987
68.8	0.197518
68.9	0.197046
69	0.196576
69.1	0.196106
69.2	0.195637
69.3	0.195169
69.4	0.1947
69.5	0.194228
69.6	0.193755
69.7	0.193284
69.8	0.192812
69.9	0.19234
70	0.19187
70.1	0.191396
70.2	0.190918
70.3	0.190445
70.4	0.189975
70.5	0.18951
70.6	0.189047
70.7	0.188591
70.8	0.18814
70.9	0.187694
71	0.18725
71.1	0.186814
71.2	0.186383
71.3	0.185953
71.4	0.185526
71.5	0.1851
71.6	0.184673
71.7	0.184246
71.8	0.183818
71.9	0.183389
72	0.182959
72.1	0.182528
72.2	0.1821
72.3	0.181673
72.4	0.181248
72.5	0.180829
72.6	0.180411
72.7	0.179994
72.8	0.179578
72.9	0.179155
73	0.178721
73.1	0.178284
73.2	0.177844
73.3	0.177402
73.4	0.176956
73.5	0.176513
73.6	0.176073
73.7	0.175632
73.8	0.175186
73.9	0.174736
74	0.174286
74.1	0.173838
74.2	0.173394
74.3	0.172949
74.4	0.172504
74.5	0.172057
74.6	0.171611
74.7	0.171163
74.8	0.170712
74.9	0.170262
75	0.169814
75.1	0.169367
75.2	0.168923
75.3	0.168479
75.4	0.168035
75.5	0.167591
75.6	0.167151
75.7	0.166709
75.8	0.166263
75.9	0.16582
76	0.165382
76.1	0.164948
76.2	0.164517
76.3	0.164089
76.4	0.163667
76.5	0.163244
76.6	0.162813
76.7	0.162379
76.8	0.161944
76.9	0.161508
77	0.161071
77.1	0.160633
77.2	0.160197
77.3	0.159764
77.4	0.159332
77.5	0.158901
77.6	0.15847
77.7	0.158038
77.8	0.157608
77.9	0.157175
78	0.156746
78.1	0.156314
78.2	0.155882
78.3	0.155451
78.4	0.155021
78.5	0.154589
78.6	0.154162
78.7	0.153738
78.8	0.153316
78.9	0.152891
79	0.152466
79.1	0.152036
79.2	0.151606
79.3	0.151182
79.4	0.150762
79.5	0.150345
79.6	0.149927
79.7	0.149513
79.8	0.1491
79.9	0.148689
80	0.148276
80.1	0.147862
80.2	0.147446
80.3	0.14703
80.4	0.146609
80.5	0.14619
80.6	0.145771
80.7	0.145349
80.8	0.144929
80.9	0.144509
81	0.144084
81.1	0.14366
81.2	0.143235
81.3	0.14281
81.4	0.142386
81.5	0.141966
81.6	0.141545
81.7	0.141132
81.8	0.140729
81.9	0.140332
82	0.13994
82.1	0.139547
82.2	0.139157
82.3	0.138767
82.4	0.138377
82.5	0.137988
82.6	0.137596
82.7	0.137201
82.8	0.136806
82.9	0.136418
83	0.136033
83.1	0.135649
83.2	0.135266
83.3	0.134886
83.4	0.13451
83.5	0.134133
83.6	0.133758
83.7	0.133389
83.8	0.133024
83.9	0.13266
84	0.132295
84.1	0.131932
84.2	0.131568
84.3	0.131201
84.4	0.130835
84.5	0.130471
84.6	0.130106
84.7	0.129738
84.8	0.129365
84.9	0.128989
85	0.128615
85.1	0.128244
85.2	0.12787
85.3	0.127496
85.4	0.127123
85.5	0.126748
85.6	0.126376
85.7	0.126006
85.8	0.125635
85.9	0.125269
86	0.124907
86.1	0.124548
86.2	0.124186
86.3	0.123818
86.4	0.123448
86.5	0.123076
86.6	0.122706
86.7	0.122334
86.8	0.121961
86.9	0.121589
87	0.121215
87.1	0.120846
87.2	0.120475
87.3	0.120107
87.4	0.119741
87.5	0.119378
87.6	0.119016
87.7	0.118655
87.8	0.118297
87.9	0.117943
88	0.117595
88.1	0.117246
88.2	0.116893
88.3	0.116541
88.4	0.116189
88.5	0.115839
88.6	0.115491
88.7	0.115145
88.8	0.114802
88.9	0.114461
89	0.114124
89.1	0.113786
89.2	0.113449
89.3	0.113109
89.4	0.112769
89.5	0.112427
89.6	0.112089
89.7	0.111751
89.8	0.111411
89.9	0.111077
90	0.110747
90.1	0.110422
90.2	0.110101
90.3	0.109785
90.4	0.109472
90.5	0.109163
90.6	0.108857
90.7	0.108553
90.8	0.108249
90.9	0.10795
91	0.107655
91.1	0.107364
91.2	0.107079
91.3	0.1068
91.4	0.106521
91.5	0.106242
91.6	0.105963
91.7	0.105688
91.8	0.105418
91.9	0.105147
92	0.104878
92.1	0.104612
92.2	0.104345
92.3	0.104078
92.4	0.103808
92.5	0.103539
92.6	0.103269
92.7	0.102997
92.8	0.102723
92.9	0.102449
93	0.102176
93.1	0.101899
93.2	0.101619
93.3	0.101341
93.4	0.101062
93.5	0.100782
93.6	0.100499
93.7	0.100215
93.8	0.0999252
93.9	0.0996336
94	0.0993428
94.1	0.0990526
94.2	0.0987577
94.3	0.0984609
94.4	0.098164
94.5	0.0978674
94.6	0.097575
94.7	0.0972902
94.8	0.0970109
94.9	0.0967314
95	0.0964504
95.1	0.0961697
95.2	0.0958844
95.3	0.0955954
95.4	0.095309
95.5	0.0950225
95.6	0.0947412
95.7	0.0944603
95.8	0.09418
95.9	0.0938979
96	0.093611
96.1	0.0933267
96.2	0.0930475
96.3	0.0927684
96.4	0.0924893
96.5	0.0922113
96.6	0.0919395
96.7	0.0916761
96.8	0.0914144
96.9	0.0911531
97	0.0908944
97.1	0.0906443
97.2	0.0903968
97.3	0.0901544
97.4	0.0899156
97.5	0.0896784
97.6	0.0894417
97.7	0.0892039
97.8	0.0889675
97.9	0.0887313
98	0.0884906
98.1	0.0882482
98.2	0.0880078
98.3	0.0877732
98.4	0.0875424
98.5	0.0873141
98.6	0.0870857
98.7	0.0868567
98.8	0.0866251
98.9	0.0863912
99	0.0861557
99.1	0.0859218
99.2	0.0856907
99.3	0.0854582
99.4	0.0852257
99.5	0.0849916
99.6	0.0847588
99.7	0.0845253
99.8	0.0842918
99.9	0.084057
100	0.0838245
100.1	0.083596
100.2	0.0833745
100.3	0.0831523
100.4	0.0829279
100.5	0.082699
100.6	0.0824699
100.7	0.0822439
100.8	0.0820259
100.9	0.08181
101	0.0815899
101.1	0.0813698
101.2	0.0811496
101.3	0.080929
101.4	0.0807135
101.5	0.0805049
101.6	0.0802992
101.7	0.0800949
101.8	0.0798946
101.9	0.0796949
102	0.0794958
102.1	0.0793013
102.2	0.0791081
102.3	0.0789156
102.4	0.0787201
102.5	0.0785237
102.6	0.0783267
102.7	0.0781298
102.8	0.0779339
102.9	0.0777346
103	0.0775312
103.1	0.0773196
103.2	0.0771102
103.3	0.076901
103.4	0.0766919
103.5	0.0764883
103.6	0.0762876
103.7	0.0760867
103.8	0.0758853
103.9	0.0756865
104	0.0754839
104.1	0.0752814
104.2	0.0750796
104.3	0.0748797
104.4	0.0746774
104.5	0.0744743
104.6	0.0742716
104.7	0.0740683
104.8	0.0738632
104.9	0.0736591
105	0.073459
105.1	0.0732575
105.2	0.0730614
105.3	0.0728702
105.4	0.0726798
105.5	0.0724929
105.6	0.0723051
105.7	0.0721161
105.8	0.071926
105.9	0.0717314
106	0.0715375
106.1	0.0713427
106.2	0.0711518
106.3	0.0709614
106.4	0.0707705
106.5	0.0705793
106.6	0.0703881
106.7	0.0701972
106.8	0.0700067
106.9	0.0698181
107	0.0696327
107.1	0.0694464
107.2	0.0692613
107.3	0.0690764
107.4	0.0688932
107.5	0.06871
107.6	0.0685283
107.7	0.0683469
107.8	0.0681623
107.9	0.0679755
108	0.0677889
108.1	0.0676043
108.2	0.0674192
108.3	0.0672411
108.4	0.0670645
108.5	0.0668903
108.6	0.066716
108.7	0.0665401
108.8	0.0663693
108.9	0.066199
109	0.0660263
109.1	0.0658536
109.2	0.0656796
109.3	0.0655118
109.4	0.06535
109.5	0.065192
109.6	0.0650371
109.7	0.0648828
109.8	0.0647314
109.9	0.0645813
110	0.0644287
110.1	0.0642739
110.2	0.0641197
110.3	0.0639679
110.4	0.0638162
110.5	0.0636632
110.6	0.0635088
110.7	0.0633578
110.8	0.0632123
110.9	0.0630656
111	0.0629159
111.1	0.0627652
111.2	0.0626158
111.3	0.0624691
111.4	0.0623197
111.5	0.0621635
111.6	0.0619998
111.7	0.0618343
111.8	0.0616695
111.9	0.0615031
112	0.061335
112.1	0.0611655
112.2	0.0609923
112.3	0.0608186
112.4	0.0606473
112.5	0.060481
112.6	0.0603104
112.7	0.0601339
112.8	0.0599594
112.9	0.0597847
113	0.0596136
113.1	0.0594462
113.2	0.0592791
113.3	0.0591089
113.4	0.0589388
113.5	0.0587651
113.6	0.0585886
113.7	0.0584163
113.8	0.0582459
113.9	0.0580754
114	0.0579089
114.1	0.0577404
114.2	0.0575721
114.3	0.0573999
114.4	0.0572313
114.5	0.0570699
114.6	0.0569168
114.7	0.0567674
114.8	0.0566239
114.9	0.0564811
115	0.0563372
115.1	0.0561888
115.2	0.0560382
115.3	0.0558935
115.4	0.055754
115.5	0.0556184
115.6	0.0554837
115.7	0.0553472
115.8	0.0552099
115.9	0.0550735
116	0.0549404
116.1	0.0548091
116.2	0.0546766
116.3	0.0545425
116.4	0.0544088
116.5	0.0542753
116.6	0.0541423
116.7	0.0540057
116.8	0.0538716
116.9	0.0537362
117	0.0536039
117.1	0.0534756
117.2	0.0533481
117.3	0.0532213
117.4	0.0530987
117.5	0.0529806
117.6	0.0528578
117.7	0.0527355
117.8	0.0526156
117.9	0.0525003
118	0.0523892
118.1	0.0522813
118.2	0.05218
118.3	0.0520794
118.4	0.0519799
118.5	0.0518835
118.6	0.0517879
118.7	0.0516919
118.8	0.051593
118.9	0.0514918
119	0.0513908
119.1	0.0512882
119.2	0.0511821
119.3	0.0510717
119.4	0.0509581
119.5	0.0508382
119.6	0.0507171
119.7	0.0505928
119.8	0.0504662
119.9	0.05034
120	0.0502144
120.1	0.0500844
120.2	0.0499514
120.3	0.0498138
120.4	0.0496766
120.5	0.0495438
120.6	0.0494103
120.7	0.0492723
120.8	0.0491303
120.9	0.0489884
121	0.0488394
121.1	0.0486842
121.2	0.048522
121.3	0.0483586
121.4	0.0482041
121.5	0.0480513
121.6	0.0479015
121.7	0.0477552
121.8	0.0476112
121.9	0.0474713
122	0.0473345
122.1	0.047202
122.2	0.0470701
122.3	0.046941
122.4	0.0468152
122.5	0.0466917
122.6	0.0465734
122.7	0.0464505
122.8	0.0463256
122.9	0.0462036
123	0.0460785
123.1	0.0459543
123.2	0.045834
123.3	0.0457198
123.4	0.0456069
123.5	0.0454944
123.6	0.0453806
123.7	0.0452657
123.8	0.0451525
123.9	0.0450456
124	0.0449451
124.1	0.0448458
124.2	0.0447404
124.3	0.0446322
124.4	0.044521
124.5	0.0444062
124.6	0.0442976
124.7	0.0441913
124.8	0.044088
124.9	0.0439813
125	0.0438701
125.1	0.0437561
125.2	0.0436427
125.3	0.0435312
125.4	0.043426
125.5	0.043327
125.6	0.0432376
125.7	0.0431556
125.8	0.0430802
125.9	0.0430041
126	0.0429275
126.1	0.0428468
126.2	0.0427661
126.3	0.0426858
126.4	0.0426097
126.5	0.0425403
126.6	0.0424731
126.7	0.0424075
126.8	0.0423436
126.9	0.0422866
127	0.0422318
127.1	0.0421827
127.2	0.0421333
127.3	0.042083
127.4	0.042035
127.5	0.0419834
127.6	0.0419268
127.7	0.0418706
127.8	0.0418103
127.9	0.041747
128	0.0416873
128.1	0.0416254
128.2	0.0415607
128.3	0.0414988
128.4	0.0414398
128.5	0.0413763
128.6	0.0413126
128.7	0.0412505
128.8	0.0411895
128.9	0.0411319
129	0.0410791
129.1	0.0410341
129.2	0.0409906
129.3	0.0409483
129.4	0.040913
129.5	0.0408828
129.6	0.0408563
129.7	0.0408325
129.8	0.0408057
129.9	0.0407762
130	0.0407461
130.1	0.0407142
130.2	0.040684
130.3	0.0406526
130.4	0.0406228
130.5	0.040591
130.6	0.0405567
130.7	0.0405195
130.8	0.0404787
130.9	0.0404389
131	0.0403974
131.1	0.0403532
131.2	0.040303
131.3	0.040248
131.4	0.0401851
131.5	0.0401171
131.6	0.040045
131.7	0.0399615
131.8	0.0398747
131.9	0.0397909
132	0.0397099
132.1	0.0396355
132.2	0.0395651
132.3	0.0394934
132.4	0.0394164
132.5	0.0393335
132.6	0.0392531
132.7	0.0391732
132.8	0.0390934
132.9	0.0390162
133	0.0389358
133.1	0.0388521
133.2	0.0387693
133.3	0.0386843
133.4	0.0385958
133.5	0.0385121
133.6	0.038431
133.7	0.0383518
133.8	0.0382764
133.9	0.0382033
134	0.0381296
134.1	0.0380558
134.2	0.0379832
134.3	0.0379096
134.4	0.0378304
134.5	0.0377485
134.6	0.0376689
134.7	0.0375867
134.8	0.0375008
134.9	0.0374147
135	0.0373353
135.1	0.0372597
135.2	0.0371866
135.3	0.037118
135.4	0.0370486
135.5	0.036976
135.6	0.0369003
135.7	0.036827
135.8	0.0367539
135.9	0.036682
136	0.0366095
136.1	0.036529
136.2	0.0364394
136.3	0.0363488
136.4	0.0362527
136.5	0.036156
136.6	0.0360621
136.7	0.0359686
136.8	0.0358768
136.9	0.0357869
137	0.0356966
137.1	0.0356087
137.2	0.0355203
137.3	0.035431
137.4	0.035345
137.5	0.0352585
137.6	0.0351677
137.7	0.0350687
137.8	0.0349659
137.9	0.0348619
138	0.034762
138.1	0.0346667
138.2	0.0345734
138.3	0.0344766
138.4	0.034375
138.5	0.0342701
138.6	0.0341631
138.7	0.034055
138.8	0.0339492
138.9	0.033837
139	0.0337252
139.1	0.0336161
139.2	0.0335082
139.3	0.0333952
139.4	0.0332833
139.5	0.0331729
139.6	0.0330624
139.7	0.0329567
139.8	0.0328535
139.9	0.0327532
140	0.0326564
140.1	0.0325611
140.2	0.0324684
140.3	0.0323773
140.4	0.0322841
140.5	0.0321927
140.6	0.0321064
140.7	0.0320226
140.8	0.0319376
140.9	0.0318506
141	0.0317603
141.1	0.0316666
141.2	0.0315706
141.3	0.0314719
141.4	0.031373
141.5	0.0312741
141.6	0.0311783
141.7	0.0310843
141.8	0.0309936
141.9	0.0309051
142	0.0308185
142.1	0.0307323
142.2	0.0306439
142.3	0.0305575
142.4	0.0304685
142.5	0.0303748
142.6	0.0302802
142.7	0.0301771
142.8	0.0300677
142.9	0.0299497
143	0.0298353
143.1	0.0297183
143.2	0.029598
143.3	0.0294787
143.4	0.0293619
143.5	0.0292466
143.6	0.0291357
143.7	0.0290271
143.8	0.0289206
143.9	0.0288093
144	0.0286984
144.1	0.0285895
144.2	0.02848
144.3	0.0283752
144.4	0.0282769
144.5	0.0281814
144.6	0.0280887
144.7	0.0279963
144.8	0.0279009
144.9	0.0278054
145	0.027708
145.1	0.0276105
145.2	0.027519
145.3	0.0274295
145.4	0.0273407
145.5	0.0272519
145.6	0.0271676
145.7	0.0270887
145.8	0.0270137
145.9	0.0269395
146	0.0268687
146.1	0.0268044
146.2	0.0267445
146.3	0.0266813
146.4	0.0266165
146.5	0.0265511
146.6	0.026488
146.7	0.0264272
146.8	0.0263697
146.9	0.0263079
147	0.0262456
147.1	0.0261856
147.2	0.026127
147.3	0.0260654
147.4	0.0260031
147.5	0.025942
147.6	0.0258797
147.7	0.0258175
147.8	0.0257534
147.9	0.025689
148	0.0256263
148.1	0.0255693
148.2	0.0255079
148.3	0.0254425
148.4	0.0253761
148.5	0.0253036
148.6	0.0252243
148.7	0.0251378
148.8	0.0250535
148.9	0.0249657
149	0.0248745
149.1	0.0247796
149.2	0.0246848
149.3	0.0245904
149.4	0.0244986
149.5	0.0244045
149.6	0.0243077
149.7	0.0242065
149.8	0.0241088
149.9	0.0240122
150	0.0239186
150.1	0.0238249
150.2	0.0237295
150.3	0.0236374
150.4	0.0235456
150.5	0.0234527
150.6	0.0233617
150.7	0.0232735
150.8	0.0231856
150.9	0.0230979
151	0.0230123
151.1	0.0229265
151.2	0.0228408
151.3	0.0227576
151.4	0.0226775
151.5	0.0226015
151.6	0.0225328
151.7	0.0224666
151.8	0.0224006
151.9	0.022332
152	0.0222626
152.1	0.0221945
152.2	0.0221292
152.3	0.0220719
152.4	0.0220197
152.5	0.0219692
152.6	0.0219137
152.7	0.0218531
152.8	0.0217948
152.9	0.0217427
153	0.0216963
153.1	0.021654
153.2	0.021615
153.3	0.0215758
153.4	0.0215349
153.5	0.0214911
153.6	0.0214464
153.7	0.0214046
153.8	0.0213714
153.9	0.0213454
154	0.0213179
154.1	0.0212928
154.2	0.0212686
154.3	0.0212455
154.4	0.0212237
154.5	0.0212045
154.6	0.0211907
154.7	0.0211804
154.8	0.0211698
154.9	0.0211604
155	0.0211491
155.1	0.0211312
155.2	0.0211067
155.3	0.0210804
155.4	0.0210527
155.5	0.0210251
155.6	0.0209957
155.7	0.020961
155.8	0.0209261
155.9	0.0208953
156	0.0208592
156.1	0.0208125
156.2	0.0207598
156.3	0.0207024
156.4	0.0206403
156.5	0.0205782
156.6	0.0205193
156.7	0.0204678
156.8	0.0204217
156.9	0.020374
157	0.0203233
157.1	0.0202779
157.2	0.0202368
157.3	0.0201934
157.4	0.0201479
157.5	0.0201044
157.6	0.0200588
157.7	0.0200133
157.8	0.019969
157.9	0.0199222
158	0.0198762
158.1	0.0198224
158.2	0.0197662
158.3	0.0197101
158.4	0.019657
158.5	0.019603
158.6	0.0195467
158.7	0.0194905
158.8	0.0194404
158.9	0.019394
159	0.019347
159.1	0.0193027
159.2	0.0192585
159.3	0.0192075
159.4	0.0191513
159.5	0.0190944
159.6	0.0190384
159.7	0.0189873
159.8	0.0189367
159.9	0.0188809
160	0.0188204
160.1	0.0187613
160.2	0.0187037
160.3	0.0186476
160.4	0.0185927
160.5	0.0185394
160.6	0.0184923
160.7	0.0184413
160.8	0.0183866
160.9	0.0183279
161	0.0182673
161.1	0.0182036
161.2	0.0181372
161.3	0.0180711
161.4	0.0180072
161.5	0.0179442
161.6	0.017883
161.7	0.0178237
161.8	0.0177592
161.9	0.0176921
162	0.0176245
162.1	0.0175592
162.2	0.0174971
162.3	0.0174358
162.4	0.0173693
162.5	0.0173025
162.6	0.0172415
162.7	0.0171785
162.8	0.0171193
162.9	0.0170573
163	0.0169905
163.1	0.0169181
163.2	0.0168388
163.3	0.0167607
163.4	0.0166847
163.5	0.0166057
163.6	0.0165277
163.7	0.0164548
163.8	0.0163797
163.9	0.0163068
164	0.0162319
164.1	0.0161621
164.2	0.0160946
164.3	0.0160281
164.4	0.0159582
164.5	0.0158864
164.6	0.0158131
164.7	0.0157424
164.8	0.0156728
164.9	0.0156067
165	0.0155434
165.1	0.0154834
165.2	0.0154277
165.3	0.01538
165.4	0.0153384
165.5	0.0153039
165.6	0.0152753
165.7	0.0152439
165.8	0.0152039
165.9	0.0151619
166	0.015116
166.1	0.0150678
166.2	0.0150185
166.3	0.0149671
166.4	0.0149163
166.5	0.0148629
166.6	0.014808
166.7	0.0147591
166.8	0.0147155
166.9	0.0146724
167	0.0146299
167.1	0.0145881
167.2	0.0145455
167.3	0.0145037
167.4	0.0144602
167.5	0.0144113
167.6	0.0143566
167.7	0.0142963
167.8	0.0142363
167.9	0.0141739
168	0.0141139
168.1	0.0140544
168.2	0.0139987
168.3	0.013946
168.4	0.013897
168.5	0.013848
168.6	0.0137951
168.7	0.0137333
168.8	0.0136658
168.9	0.0136024
169	0.0135407
169.1	0.0134845
169.2	0.0134316
169.3	0.0133747
169.4	0.0133229
169.5	0.0132794
169.6	0.013243
169.7	0.0132104
169.8	0.0131812
169.9	0.0131534
170	0.0131264
170.1	0.0130978
170.2	0.0130696
170.3	0.0130479
170.4	0.0130305
170.5	0.013014
170.6	0.0129947
170.7	0.0129781
170.8	0.0129648
170.9	0.0129577
171	0.0129528
171.1	0.012952
171.2	0.0129522
171.3	0.0129477
171.4	0.0129412
171.5	0.0129283
171.6	0.0129095
171.7	0.0128921
171.8	0.0128765
171.9	0.0128621
172	0.0128468
172.1	0.0128289
172.2	0.0128056
172.3	0.0127779
172.4	0.0127533
172.5	0.012727
172.6	0.0126997
172.7	0.0126765
172.8	0.012658
172.9	0.0126439
173	0.0126259
173.1	0.0126064
173.2	0.0125806
173.3	0.0125538
173.4	0.0125288
173.5	0.0125076
173.6	0.0124948
173.7	0.0124894
173.8	0.0124845
173.9	0.0124797
174	0.0124752
174.1	0.0124682
174.2	0.0124623
174.3	0.0124523
174.4	0.0124381
174.5	0.012422
174.6	0.0124063
174.7	0.0123936
174.8	0.0123816
174.9	0.0123679
175	0.0123498
175.1	0.0123288
175.2	0.0123053
175.3	0.0122839
175.4	0.0122707
175.5	0.0122598
175.6	0.0122484
175.7	0.0122437
175.8	0.0122407
175.9	0.0122386
176	0.0122367
176.1	0.0122335
176.2	0.0122303
176.3	0.0122282
176.4	0.0122272
176.5	0.0122304
176.6	0.012235
176.7	0.012241
176.8	0.0122459
176.9	0.0122516
177	0.0122571
177.1	0.0122657
177.2	0.0122775
177.3	0.0122925
177.4	0.0123034
177.5	0.0123127
177.6	0.0123238
177.7	0.0123346
177.8	0.0123495
177.9	0.0123651
178	0.0123814
178.1	0.0124002
178.2	0.0124191
178.3	0.0124353
178.4	0.0124491
178.5	0.0124629
178.6	0.012479
178.7	0.012497
178.8	0.0125104
178.9	0.01252
179	0.0125291
179.1	0.0125369
179.2	0.0125412
179.3	0.0125461
179.4	0.0125561
179.5	0.0125686
179.6	0.0125807
179.7	0.0125954
179.8	0.0126124
179.9	0.0126314
180	0.0126484
180.1	0.0126585
180.2	0.0126678
180.3	0.0126787
180.4	0.0126881
180.5	0.0127007
180.6	0.0127128
180.7	0.0127226
180.8	0.01273
180.9	0.0127261
181	0.012716
181.1	0.0127009
181.2	0.0126819
181.3	0.012665
181.4	0.0126458
181.5	0.012625
181.6	0.0126073
181.7	0.0125937
181.8	0.0125797
181.9	0.012562
182	0.0125367
182.1	0.012511
182.2	0.0124883
182.3	0.0124628
182.4	0.0124356
182.5	0.0124117
182.6	0.012396
182.7	0.0123848
182.8	0.0123791
182.9	0.0123708
183	0.0123608
183.1	0.0123512
183.2	0.0123373
183.3	0.0123207
183.4	0.012298
183.5	0.0122683
183.6	0.0122345
183.7	0.0121966
183.8	0.0121566
183.9	0.0121196
184	0.012085
184.1	0.0120584
184.2	0.0120364
184.3	0.0120205
184.4	0.0120046
184.5	0.011991
184.6	0.0119713
184.7	0.0119462
184.8	0.0119271
184.9	0.0119102
185	0.0118924
185.1	0.0118759
185.2	0.0118634
185.3	0.0118511
185.4	0.0118376
185.5	0.0118243
185.6	0.0118102
185.7	0.0118025
185.8	0.0118002
185.9	0.0117953
186	0.01179
186.1	0.0117799
186.2	0.0117644
186.3	0.0117438
186.4	0.0117244
186.5	0.0117011
186.6	0.011674
186.7	0.0116444
186.8	0.0116161
186.9	0.0115889
187	0.0115641
187.1	0.0115401
187.2	0.0115186
187.3	0.0114981
187.4	0.0114784
187.5	0.0114605
187.6	0.0114422
187.7	0.0114204
187.8	0.0113925
187.9	0.0113583
188	0.0113259
188.1	0.0112923
188.2	0.0112577
188.3	0.0112224
188.4	0.0111833
188.5	0.0111414
188.6	0.0110934
188.7	0.0110412
188.8	0.0109849
188.9	0.0109303
189	0.0108821
189.1	0.0108373
189.2	0.0107924
189.3	0.010746
189.4	0.0106983
189.5	0.0106578
189.6	0.0106224
189.7	0.0105894
189.8	0.0105593
189.9	0.0105305
190	0.010509
190.1	0.0104915
190.2	0.0104734
190.3	0.0104557
190.4	0.0104474
190.5	0.0104507
190.6	0.0104583
190.7	0.0104657
190.8	0.010479
190.9	0.010494
191	0.0105088
191.1	0.0105203
191.2	0.0105321
191.3	0.010552
191.4	0.0105754
191.5	0.0106007
191.6	0.0106252
191.7	0.0106487
191.8	0.0106721
191.9	0.0106981
192	0.0107234
192.1	0.010747
192.2	0.0107688
192.3	0.0107955
192.4	0.0108236
192.5	0.0108533
192.6	0.0108838
192.7	0.010918
192.8	0.010953
192.9	0.010984
193	0.0110126
193.1	0.0110402
193.2	0.0110659
193.3	0.0110889
193.4	0.0111107
193.5	0.0111285
193.6	0.0111418
193.7	0.0111545
193.8	0.0111691
193.9	0.0111825
194	0.0111907
194.1	0.0111927
194.2	0.0111851
194.3	0.0111689
194.4	0.0111479
194.5	0.0111234
194.6	0.0111015
194.7	0.0110821
194.8	0.0110614
194.9	0.0110394
195	0.0110201
195.1	0.0110016
195.2	0.0109821
195.3	0.0109655
195.4	0.0109511
195.5	0.0109352
195.6	0.0109217
195.7	0.0109068
195.8	0.0108957
195.9	0.0108839
196	0.0108692
196.1	0.0108518
196.2	0.0108327
196.3	0.0108144
196.4	0.0107939
196.5	0.0107695
196.6	0.0107376
196.7	0.0107023
196.8	0.0106643
196.9	0.0106257
197	0.010589
197.1	0.0105501
197.2	0.0105124
197.3	0.0104745
197.4	0.0104296
197.5	0.0103748
197.6	0.010311
197.7	0.010247
197.8	0.0101873
197.9	0.010128
198	0.0100701
198.1	0.0100163
198.2	0.00996468
198.3	0.00991573
198.4	0.00986801
198.5	0.00981939
198.6	0.0097713
198.7	0.00972387
198.8	0.00967815
198.9	0.00962818
199	0.00958068
199.1	0.00953369
199.2	0.00948879
199.3	0.00944122
199.4	0.00939128
199.5	0.00933718
199.6	0.00928503
199.7	0.00923454
199.8	0.0091824
199.9	0.0091268
200	0.00906787
200.1	0.0090099
200.2	0.00895685
200.3	0.00890244
200.4	0.00884796
200.5	0.00879905
200.6	0.0087548
200.7	0.00872043
200.8	0.00868822
200.9	0.00865736
201	0.00863165
201.1	0.00861495
201.2	0.00860191
201.3	0.00858452
201.4	0.00856716
201.5	0.00854548
201.6	0.00852421
201.7	0.00850114
201.8	0.00847783
201.9	0.00846056
202	0.00844393
202.1	0.008427
202.2	0.0084109
202.3	0.00839164
202.4	0.00837371
202.5	0.0083566
202.6	0.00834051
202.7	0.00832606
202.8	0.00831168
202.9	0.00829909
203	0.00828916
203.1	0.00827813
203.2	0.00826243
203.3	0.00824558
203.4	0.00823059
203.5	0.0082191
203.6	0.00820603
203.7	0.00819131
203.8	0.008173
203.9	0.00815759
204	0.00813869
204.1	0.00811832
204.2	0.00809884
204.3	0.00807975
204.4	0.00806099
204.5	0.00804589
204.6	0.00803357
204.7	0.00802255
204.8	0.00800918
204.9	0.00800265
205	0.0079943
205.1	0.0079852
205.2	0.00797908
205.3	0.00797364
205.4	0.00796874
205.5	0.00796464
205.6	0.00796123
205.7	0.00795694
205.8	0.00794961
205.9	0.00794271
206	0.0079373
206.1	0.00793337
206.2	0.00792542
206.3	0.00791554
206.4	0.00789846
206.5	0.00787653
206.6	0.00784941
206.7	0.00782273
206.8	0.0077971
206.9	0.0077731
207	0.00774527
207.1	0.00771933
207.2	0.00769103
207.3	0.00765832
207.4	0.0076235
207.5	0.0075921
207.6	0.00756379
207.7	0.00754051
207.8	0.0075226
207.9	0.00750679
208	0.00748934
208.1	0.00747369
208.2	0.00745811
208.3	0.00744224
208.4	0.00742434
208.5	0.00740146
208.6	0.00737974
208.7	0.00736051
208.8	0.00734388
208.9	0.00733077
209	0.00731955
209.1	0.00731072
209.2	0.00730132
209.3	0.00728931
209.4	0.00727797
209.5	0.00726942
209.6	0.0072641
209.7	0.00726058
209.8	0.00725545
209.9	0.00725143
210	0.00725043
210.1	0.00725284
210.2	0.00725962
210.3	0.00726631
210.4	0.00727467
210.5	0.00728257
210.6	0.00729111
210.7	0.00729894
210.8	0.00730176
210.9	0.0073004
211	0.0072939
211.1	0.00729202
211.2	0.00729195
211.3	0.00729121
211.4	0.00728716
211.5	0.00727942
211.6	0.00727155
211.7	0.00725978
211.8	0.00725045
211.9	0.00724118
212	0.00723302
212.1	0.00722399
212.2	0.00721074
212.3	0.0071973
212.4	0.00718126
212.5	0.00716474
212.6	0.00714368
212.7	0.00712829
212.8	0.00711238
212.9	0.00709147
213	0.00706896
213.1	0.00704766
213.2	0.00702224
213.3	0.00699388
213.4	0.00696548
213.5	0.00694208
213.6	0.00692141
213.7	0.00689845
213.8	0.00687461
213.9	0.00685487
214	0.00683662
214.1	0.00681823
214.2	0.00679719
214.3	0.00677014
214.4	0.00674314
214.5	0.00671511
214.6	0.00668513
214.7	0.00664797
214.8	0.0066077
214.9	0.00656294
215	0.0065154
215.1	0.00646763
215.2	0.00641857
215.3	0.00637036
215.4	0.00632214
215.5	0.00627847
215.6	0.00623664
215.7	0.00619821
215.8	0.00616502
215.9	0.00613275
216	0.00610031
216.1	0.00607434
216.2	0.00605308
216.3	0.00603652
216.4	0.00602551
216.5	0.00601793
216.6	0.00601002
216.7	0.00600531
216.8	0.00599768
216.9	0.00598827
217	0.00598205
217.1	0.00598025
217.2	0.00597729
217.3	0.00597294
217.4	0.0059714
217.5	0.00597001
217.6	0.00596881
217.7	0.00596727
217.8	0.0059619
217.9	0.00595293
218	0.00594211
218.1	0.0059332
218.2	0.00592123
218.3	0.00590672
218.4	0.00589512
218.5	0.00588531
218.6	0.00587698
218.7	0.00586938
218.8	0.00586295
218.9	0.00586157
219	0.00586894
219.1	0.00588118
219.2	0.00589746
219.3	0.0059131
219.4	0.00592713
219.5	0.00594195
219.6	0.00595707
219.7	0.00597297
219.8	0.00598792
219.9	0.00599654
220	0.00599967
220.1	0.00600208
220.2	0.00600847
220.3	0.0060107
220.4	0.00601116
220.5	0.00601265
220.6	0.00601623
220.7	0.006018
220.8	0.00601648
220.9	0.00601665
221	0.00601507
221.1	0.00601361
221.2	0.00601182
221.3	0.00600763
221.4	0.00599939
221.5	0.00598703
221.6	0.00597239
221.7	0.00595951
221.8	0.00594762
221.9	0.00593391
222	0.00592193
222.1	0.00590873
222.2	0.00589222
222.3	0.00587762
222.4	0.00586955
222.5	0.00586561
222.6	0.0058625
222.7	0.0058591
222.8	0.00585555
222.9	0.00585483
223	0.00585035
223.1	0.00584006
223.2	0.00582948
223.3	0.0058167
223.4	0.00580532
223.5	0.00578954
223.6	0.00576965
223.7	0.00575026
223.8	0.0057342
223.9	0.00572162
224	0.00570666
224.1	0.0056884
224.2	0.00567187
224.3	0.00565836
224.4	0.0056521
224.5	0.00564777
224.6	0.00564706
224.7	0.00564491
224.8	0.00563882
224.9	0.00562989
225	0.00562057
225.1	0.00560751
225.2	0.00559325
225.3	0.00557872
225.4	0.00555819
225.5	0.00553833
225.6	0.00551858
225.7	0.00549637
225.8	0.00547472
225.9	0.00545404
226	0.00543576
226.1	0.00541527
226.2	0.00539349
226.3	0.00536908
226.4	0.00534054
226.5	0.00530881
226.6	0.00527679
226.7	0.00524144
226.8	0.00520833
226.9	0.00517727
227	0.00514856
227.1	0.00512143
227.2	0.00509084
227.3	0.00506125
227.4	0.00503882
227.5	0.00501953
227.6	0.00500396
227.7	0.00498752
227.8	0.00497209
227.9	0.00495873
228	0.00494856
228.1	0.00494395
228.2	0.00493819
228.3	0.00493459
228.4	0.00492997
228.5	0.00492447
228.6	0.00491443
228.7	0.00490082
228.8	0.00488299
228.9	0.00486404
229	0.00484741
229.1	0.00483544
229.2	0.00482687
229.3	0.00482107
229.4	0.00481786
229.5	0.00481929
229.6	0.00482075
229.7	0.00482247
229.8	0.00482661
229.9	0.00483416
230	0.00484528
230.1	0.00485611
230.2	0.00486045
230.3	0.00485964
230.4	0.00486095
230.5	0.0048671
230.6	0.00487587
230.7	0.00488045
230.8	0.00488326
230.9	0.00488339
231	0.00487942
231.1	0.00487452
231.2	0.00486896
231.3	0.00486407
231.4	0.00485858
231.5	0.004856
231.6	0.00485778
231.7	0.0048565
231.8	0.00485918
231.9	0.00486282
232	0.00486954
232.1	0.00487388
232.2	0.00487584
232.3	0.00487869
232.4	0.00488073
232.5	0.00488448
232.6	0.0048898
232.7	0.00490214
232.8	0.00491691
232.9	0.00493019
233	0.00493866
233.1	0.00494936
233.2	0.00495981
233.3	0.00497022
233.4	0.00497743
233.5	0.00498538
233.6	0.00498931
233.7	0.00499133
233.8	0.00499484
233.9	0.00500166
234	0.00500534
234.1	0.00500484
234.2	0.00500539
234.3	0.00501034
234.4	0.00501924
234.5	0.00502668
234.6	0.00502853
234.7	0.00502714
234.8	0.00502425
234.9	0.0050251
235	0.0050272
235.1	0.00502613
235.2	0.00502327
235.3	0.00502089
235.4	0.00501731
235.5	0.00501428
235.6	0.00501506
235.7	0.00501591
235.8	0.00501659
235.9	0.0050185
236	0.00502405
236.1	0.00503965
236.2	0.00506105
236.3	0.00508595
236.4	0.00511209
236.5	0.00514108
236.6	0.00517051
236.7	0.00520353
236.8	0.00523906
236.9	0.00527865
237	0.00531791
237.1	0.00535538
237.2	0.00539853
237.3	0.00544443
237.4	0.00549725
237.5	0.00555792
237.6	0.00562033
237.7	0.00568901
237.8	0.00576101
237.9	0.00583133
238	0.00590557
238.1	0.00598302
238.2	0.00606399
238.3	0.00614638
238.4	0.00622732
238.5	0.00630596
238.6	0.00638163
238.7	0.0064515
238.8	0.00651849
238.9	0.00658655
239	0.0066523
239.1	0.00670953
239.2	0.00675824
239.3	0.00680848
239.4	0.00685856
239.5	0.00690849
239.6	0.00695726
239.7	0.00700645
239.8	0.00705431
239.9	0.0070998
240	0.00714273
240.1	0.00718151
240.2	0.00721401
240.3	0.00724325
240.4	0.00727511
240.5	0.00730444
240.6	0.00733201
240.7	0.00735762
240.8	0.00737713
240.9	0.00739634
241	0.00741858
241.1	0.00743742
241.2	0.00745141
241.3	0.00745451
241.4	0.00744844
241.5	0.00743893
241.6	0.00742911
241.7	0.00741837
241.8	0.00740985
241.9	0.00740424
242	0.00740343
242.1	0.00740527
242.2	0.00740641
242.3	0.00740703
242.4	0.00741266
242.5	0.00742016
242.6	0.00742466
242.7	0.00742256
242.8	0.00741669
242.9	0.00740787
243	0.00740031
243.1	0.00739653
243.2	0.00739314
243.3	0.00738968
243.4	0.00738301
243.5	0.00737018
243.6	0.00735445
243.7	0.00733804
243.8	0.00732463
243.9	0.0073135
244	0.00730831
244.1	0.00730539
244.2	0.00730053
244.3	0.00729466
244.4	0.00729131
244.5	0.00729547
244.6	0.00729671
244.7	0.00729475
244.8	0.00728964
244.9	0.00728181
245	0.00727003
245.1	0.00725293
245.2	0.00723402
245.3	0.00721125
245.4	0.00719542
245.5	0.00718167
245.6	0.00717217
245.7	0.00716313
245.8	0.00715627
245.9	0.00715252
246	0.00715331
246.1	0.00715162
246.2	0.00714632
246.3	0.007142
246.4	0.00713793
246.5	0.00713469
246.6	0.00712889
246.7	0.00712225
246.8	0.0071209
246.9	0.0071232
247	0.00713019
247.1	0.00714338
247.2	0.00715492
247.3	0.00716709
247.4	0.00718322
247.5	0.00720577
247.6	0.00723217
247.7	0.00725895
247.8	0.00728213
247.9	0.00730665
248	0.0073323
248.1	0.00735938
248.2	0.00738573
248.3	0.00740886
248.4	0.0074297
248.5	0.00744649
248.6	0.00745913
248.7	0.00746672
248.8	0.00747316
248.9	0.00747609
249	0.00747895
249.1	0.00748346
249.2	0.00748656
249.3	0.0074868
249.4	0.00748787
249.5	0.00748926
249.6	0.00749193
249.7	0.00749101
249.8	0.0074867
249.9	0.00748168
250	0.00747673
250.1	0.00746983
250.2	0.00746084
250.3	0.00745093
250.4	0.00744086
250.5	0.00742728
250.6	0.00740856
250.7	0.00738222
250.8	0.00734682
250.9	0.00731402
251	0.0072836
251.1	0.00725214
251.2	0.00722065
251.3	0.00718975
251.4	0.00716178
251.5	0.00713277
251.6	0.00710058
251.7	0.00706606
251.8	0.00703431
251.9	0.00700804
252	0.00698698
252.1	0.00696687
252.2	0.00695009
252.3	0.00693168
252.4	0.00690923
252.5	0.00688719
252.6	0.00686096
252.7	0.00682901
252.8	0.0067962
252.9	0.00676163
253	0.00672409
253.1	0.00668453
253.2	0.00664696
253.3	0.00661099
253.4	0.006574
253.5	0.00653618
253.6	0.00649661
253.7	0.00645443
253.8	0.00641275
253.9	0.00636916
254	0.00632486
254.1	0.00628362
254.2	0.00624224
254.3	0.00619952
254.4	0.00615196
254.5	0.00609986
254.6	0.00604434
254.7	0.00599322
254.8	0.00594174
254.9	0.0058927
255	0.00584558
255.1	0.00580333
255.2	0.00576381
255.3	0.00572858
255.4	0.00569631
255.5	0.00566734
255.6	0.00563488
255.7	0.00560025
255.8	0.00556568
255.9	0.0055313
256	0.00549716
256.1	0.00546239
256.2	0.00542869
256.3	0.0053993
256.4	0.00537523
256.5	0.00534551
256.6	0.00531717
256.7	0.00529249
256.8	0.00526794
256.9	0.00524402
257	0.00522139
257.1	0.00520263
257.2	0.00518144
257.3	0.00515602
257.4	0.00512438
257.5	0.00509466
257.6	0.00507124
257.7	0.00505299
257.8	0.0050321
257.9	0.00500958
258	0.00498929
258.1	0.00496966
258.2	0.0049497
258.3	0.00492492
258.4	0.0048994
258.5	0.00487604
258.6	0.00485296
258.7	0.00482922
258.8	0.00481005
258.9	0.00480022
259	0.00479469
259.1	0.00478675
259.2	0.00477818
259.3	0.00477268
259.4	0.00477169
259.5	0.00477573
259.6	0.00478281
259.7	0.00479638
259.8	0.00481663
259.9	0.00484284
260	0.00487423
260.1	0.00490709
260.2	0.00494325
260.3	0.00498549
260.4	0.00503178
260.5	0.00508119
260.6	0.00513112
260.7	0.00518104
260.8	0.00522958
260.9	0.00527859
261	0.00533121
261.1	0.00538397
261.2	0.00543376
261.3	0.00547633
261.4	0.00551294
261.5	0.00554688
261.6	0.00558346
261.7	0.00562141
261.8	0.00565884
261.9	0.00569488
262	0.00573401
262.1	0.00577364
262.2	0.00581404
262.3	0.00585185
262.4	0.00588762
262.5	0.0059237
262.6	0.0059612
262.7	0.00599606
262.8	0.0060291
262.9	0.00606073
263	0.00609073
263.1	0.00611848
263.2	0.00614674
263.3	0.00617824
263.4	0.00620915
263.5	0.00624521
263.6	0.00628278
263.7	0.00631591
263.8	0.00635137
263.9	0.00638432
264	0.006419
264.1	0.0064562
264.2	0.00649745
264.3	0.00653943
264.4	0.00658027
264.5	0.00661586
264.6	0.00665044
264.7	0.00668485
264.8	0.00671605
264.9	0.00675113
265	0.00679137
265.1	0.00682827
265.2	0.00686269
265.3	0.00689733
265.4	0.00692526
265.5	0.00695363
265.6	0.00698109
265.7	0.00700666
265.8	0.00702926
265.9	0.00704864
266	0.00707119
266.1	0.00709599
266.2	0.00711845
266.3	0.00713912
266.4	0.00715657
266.5	0.00717107
266.6	0.00718629
266.7	0.00719948
266.8	0.00721332
266.9	0.00722686
267	0.00723962
267.1	0.0072544
267.2	0.00727215
267.3	0.00728707
267.4	0.00729842
267.5	0.00731163
267.6	0.00732859
267.7	0.00734555
267.8	0.00736948
267.9	0.00739486
268	0.0074241
268.1	0.0074531
268.2	0.00748618
268.3	0.0075204
268.4	0.00755144
268.5	0.00757868
268.6	0.00760279
268.7	0.00762896
268.8	0.00765349
268.9	0.00767962
269	0.00770763
269.1	0.00773483
269.2	0.00775882
269.3	0.00777911
269.4	0.00779957
269.5	0.00782394
269.6	0.00784669
269.7	0.0078697
269.8	0.00789415
269.9	0.00792244
270	0.00795746
270.1	0.00799737
270.2	0.0080436
270.3	0.00809095
270.4	0.00814202
270.5	0.00818741
270.6	0.00823146
270.7	0.00827787
270.8	0.00832051
270.9	0.00835616
271	0.00839006
271.1	0.00842825
271.2	0.00847005
271.3	0.00851014
271.4	0.00854178
271.5	0.00857166
271.6	0.00860255
271.7	0.00863402
271.8	0.00866532
271.9	0.00869812
272	0.00872746
272.1	0.00875562
272.2	0.00878364
272.3	0.00880666
272.4	0.00882383
272.5	0.00883826
272.6	0.00885152
272.7	0.00886861
272.8	0.00888548
272.9	0.00890168
273	0.0089161
273.1	0.00893493
273.2	0.00895826
273.3	0.00898383
273.4	0.00900818
273.5	0.00902711
273.6	0.00904339
273.7	0.00905914
273.8	0.00908042
273.9	0.00910416
274	0.00913408
274.1	0.00917044
274.2	0.00920874
274.3	0.00924466
274.4	0.00928295
274.5	0.00932068
274.6	0.00936201
274.7	0.00940217
274.8	0.00944516
274.9	0.00948928
275	0.0095298
275.1	0.00956861
275.2	0.00960771
275.3	0.00964485
275.4	0.00967811
275.5	0.00970612
275.6	0.00973131
275.7	0.009745
275.8	0.00976063
275.9	0.00977535
276	0.00978787
276.1	0.00979935
276.2	0.00981244
276.3	0.00982656
276.4	0.00983935
276.5	0.00986203
276.6	0.00988579
276.7	0.0099097
276.8	0.00993588
276.9	0.00996086
277	0.00998828
277.1	0.0100172
277.2	0.0100467
277.3	0.0100751
277.4	0.0101017
277.5	0.0101324
277.6	0.0101598
277.7	0.0101858
277.8	0.0102139
277.9	0.0102394
278	0.0102611
278.1	0.0102845
278.2	0.0103084
278.3	0.0103326
278.4	0.010358
278.5	0.0103851
278.6	0.01041
278.7	0.0104289
278.8	0.0104475
278.9	0.0104626
279	0.0104787
279.1	0.0104981
279.2	0.0105194
279.3	0.0105426
279.4	0.010567
279.5	0.010592
279.6	0.0106159
279.7	0.0106351
279.8	0.0106532
279.9	0.0106661
280	0.0106796
280.1	0.0106926
280.2	0.0107047
280.3	0.0107188
280.4	0.0107285
280.5	0.010742
280.6	0.010754
280.7	0.0107622
280.8	0.0107703
280.9	0.0107778
281	0.0107861
281.1	0.0108011
281.2	0.0108149
281.3	0.0108257
281.4	0.0108352
281.5	0.0108482
281.6	0.0108655
281.7	0.010888
281.8	0.0109095
281.9	0.0109293
282	0.0109526
282.1	0.0109827
282.2	0.011017
282.3	0.0110474
282.4	0.0110747
282.5	0.0110964
282.6	0.0111155
282.7	0.0111287
282.8	0.0111369
282.9	0.0111462
283	0.0111624
283.1	0.0111844
283.2	0.0112076
283.3	0.0112314
283.4	0.0112589
283.5	0.0112914
283.6	0.0113237
283.7	0.0113513
283.8	0.0113791
283.9	0.0114074
284	0.0114332
284.1	0.0114536
284.2	0.0114737
284.3	0.011492
284.4	0.0115157
284.5	0.0115396
284.6	0.0115611
284.7	0.0115884
284.8	0.011623
284.9	0.0116587
285	0.0116957
285.1	0.0117327
285.2	0.0117694
285.3	0.0118044
285.4	0.0118391
285.5	0.0118685
285.6	0.0119005
285.7	0.011931
285.8	0.0119629
285.9	0.0119964
286	0.0120282
286.1	0.0120621
286.2	0.0120929
286.3	0.0121251
286.4	0.0121606
286.5	0.0121964
286.6	0.0122353
286.7	0.0122755
286.8	0.0123173
286.9	0.0123567
287	0.0123933
287.1	0.0124302
287.2	0.0124703
287.3	0.0125157
287.4	0.0125652
287.5	0.0126199
287.6	0.0126787
287.7	0.0127359
287.8	0.0127944
287.9	0.0128436
288	0.0128832
288.1	0.012916
288.2	0.012942
288.3	0.0129667
288.4	0.0129889
288.5	0.013008
288.6	0.0130277
288.7	0.0130475
288.8	0.0130607
288.9	0.0130734
289	0.0130839
289.1	0.0130905
289.2	0.0131011
289.3	0.013117
289.4	0.0131404
289.5	0.0131633
289.6	0.0131883
289.7	0.0132142
289.8	0.0132353
289.9	0.0132538
290	0.0132688
290.1	0.0132794
290.2	0.0132907
290.3	0.013302
290.4	0.01331
290.5	0.0133187
290.6	0.013332
290.7	0.0133502
290.8	0.0133646
290.9	0.0133771
291	0.0133878
291.1	0.0133934
291.2	0.0133965
291.3	0.0133954
291.4	0.0133892
291.5	0.0133793
291.6	0.013367
291.7	0.0133535
291.8	0.0133419
291.9	0.0133282
292	0.013308
292.1	0.0132852
292.2	0.0132596
292.3	0.0132331
292.4	0.0131997
292.5	0.0131673
292.6	0.0131341
292.7	0.0131036
292.8	0.013077
292.9	0.0130522
293	0.0130225
293.1	0.0129947
293.2	0.0129645
293.3	0.0129328
293.4	0.012899
293.5	0.0128616
293.6	0.0128277
293.7	0.0127918
293.8	0.0127488
293.9	0.0127015
294	0.0126568
294.1	0.0126136
294.2	0.0125723
294.3	0.0125326
294.4	0.0125005
294.5	0.0124753
294.6	0.0124522
294.7	0.0124318
294.8	0.0124173
294.9	0.0124079
295	0.0124029
295.1	0.0123996
295.2	0.0123959
295.3	0.0123966
295.4	0.0123941
295.5	0.0123907
295.6	0.012389
295.7	0.0123824
295.8	0.0123801
295.9	0.0123773
296	0.0123744
296.1	0.0123719
296.2	0.0123754
296.3	0.0123812
296.4	0.0123914
296.5	0.0123983
296.6	0.0124084
296.7	0.0124243
296.8	0.0124375
296.9	0.0124439
297	0.0124483
297.1	0.0124492
297.2	0.0124482
297.3	0.01245
297.4	0.0124486
297.5	0.0124519
297.6	0.0124583
297.7	0.0124647
297.8	0.0124711
297.9	0.012476
298	0.0124783
298.1	0.0124828
298.2	0.0124874
298.3	0.0124869
298.4	0.0124864
298.5	0.0124873
298.6	0.0124887
298.7	0.0124912
298.8	0.0124918
298.9	0.0124926
299	0.0124968
299.1	0.0125025
299.2	0.0125081
299.3	0.0125114
299.4	0.012509
299.5	0.0125029
299.6	0.0124991
299.7	0.0124963
299.8	0.0124921
299.9	0.0124906
300	0.0124905
300.1	0.012493
300.2	0.0124968
300.3	0.0125015
300.4	0.012504
300.5	0.0125041
300.6	0.0125048
300.7	0.0125112
300.8	0.0125162
300.9	0.0125165
301	0.0125133
301.1	0.0125065
301.2	0.0124947
301.3	0.0124849
301.4	0.0124756
301.5	0.0124639
301.6	0.0124504
301.7	0.0124335
301.8	0.0124126
301.9	0.012389
302	0.0123686
302.1	0.0123476
302.2	0.0123242
302.3	0.0123
302.4	0.0122752
302.5	0.0122464
302.6	0.0122138
302.7	0.0121827
302.8	0.0121547
302.9	0.0121268
303	0.012102
303.1	0.0120779
303.2	0.0120557
303.3	0.0120356
303.4	0.0120195
303.5	0.0120029
303.6	0.0119893
303.7	0.0119748
303.8	0.011957
303.9	0.0119351
304	0.0119103
304.1	0.011881
304.2	0.011847
304.3	0.0118141
304.4	0.0117823
304.5	0.011752
304.6	0.0117199
304.7	0.0116828
304.8	0.0116423
304.9	0.0116021
305	0.0115648
305.1	0.0115251
305.2	0.0114822
305.3	0.0114346
305.4	0.0113885
305.5	0.0113464
305.6	0.0113027
305.7	0.0112588
305.8	0.0112182
305.9	0.0111827
306	0.0111548
306.1	0.0111273
306.2	0.0110986
306.3	0.0110691
306.4	0.0110391
306.5	0.0110049
306.6	0.0109785
306.7	0.0109537
306.8	0.01093
306.9	0.0109042
307	0.010881
307.1	0.0108589
307.2	0.0108351
307.3	0.0108135
307.4	0.0107964
307.5	0.0107825
307.6	0.0107687
307.7	0.0107594
307.8	0.0107444
307.9	0.0107292
308	0.010715
308.1	0.0106994
308.2	0.0106828
308.3	0.0106616
308.4	0.0106397
308.5	0.0106201
308.6	0.0106016
308.7	0.0105875
308.8	0.010575
308.9	0.0105666
309	0.0105599
309.1	0.0105557
309.2	0.0105522
309.3	0.0105466
309.4	0.0105394
309.5	0.0105322
309.6	0.0105267
309.7	0.0105218
309.8	0.0105189
309.9	0.0105162
310	0.0105147
310.1	0.0105096
310.2	0.0105051
310.3	0.0105046
310.4	0.0105002
310.5	0.010496
310.6	0.0104933
310.7	0.0104931
310.8	0.0104945
310.9	0.0105019
311	0.0105111
311.1	0.0105175
311.2	0.0105223
311.3	0.0105247
311.4	0.0105254
311.5	0.0105265
311.6	0.0105277
311.7	0.0105292
311.8	0.0105282
311.9	0.0105297
312	0.0105282
312.1	0.0105274
312.2	0.0105247
312.3	0.0105229
312.4	0.0105191
312.5	0.0105122
312.6	0.0105061
312.7	0.0104999
312.8	0.0104938
312.9	0.0104956
313	0.0105022
313.1	0.0105111
313.2	0.0105226
313.3	0.010534
313.4	0.0105487
313.5	0.0105667
313.6	0.0105837
313.7	0.0106004
313.8	0.0106119
313.9	0.0106207
314	0.0106295
314.1	0.0106357
314.2	0.0106394
314.3	0.0106461
314.4	0.010657
314.5	0.0106663
314.6	0.0106753
314.7	0.0106804
314.8	0.0106886
314.9	0.010698
315	0.0107089
315.1	0.0107186
315.2	0.0107214
315.3	0.0107222
315.4	0.0107226
315.5	0.0107227
315.6	0.0107228
315.7	0.0107255
315.8	0.0107322
315.9	0.0107405
316	0.0107514
316.1	0.0107638
316.2	0.0107781
316.3	0.0107857
316.4	0.0107867
316.5	0.0107826
316.6	0.0107775
316.7	0.0107731
316.8	0.0107691
316.9	0.010766
317	0.0107647
317.1	0.0107642
317.2	0.0107618
317.3	0.0107574
317.4	0.0107537
317.5	0.0107482
317.6	0.0107422
317.7	0.0107297
317.8	0.0107086
317.9	0.0106906
318	0.0106729
318.1	0.0106582
318.2	0.0106425
318.3	0.0106262
318.4	0.0106074
318.5	0.0105855
318.6	0.0105627
318.7	0.0105471
318.8	0.0105386
318.9	0.0105359
319	0.0105325
319.1	0.0105385
319.2	0.0105463
319.3	0.010551
319.4	0.0105544
319.5	0.0105591
319.6	0.0105653
319.7	0.0105712
319.8	0.0105737
319.9	0.0105735
320	0.0105786
320.1	0.0105857
320.2	0.0105959
320.3	0.0106063
320.4	0.010615
320.5	0.0106203
320.6	0.010625
320.7	0.0106254
320.8	0.0106265
320.9	0.010626
321	0.0106208
321.1	0.0106081
321.2	0.0105904
321.3	0.0105685
321.4	0.0105433
321.5	0.0105159
321.6	0.0104859
321.7	0.0104576
321.8	0.0104269
321.9	0.0103997
322	0.0103774
322.1	0.0103556
322.2	0.010336
322.3	0.0103195
322.4	0.0103111
322.5	0.0103085
322.6	0.0103064
322.7	0.0103071
322.8	0.0103082
322.9	0.0103126
323	0.0103173
323.1	0.0103196
323.2	0.0103174
323.3	0.0103137
323.4	0.0103067
323.5	0.0102964
323.6	0.0102817
323.7	0.0102654
323.8	0.0102466
323.9	0.0102267
324	0.0102059
324.1	0.0101857
324.2	0.0101665
324.3	0.0101468
324.4	0.0101315
324.5	0.010118
324.6	0.0101061
324.7	0.0100947
324.8	0.0100784
324.9	0.01006
325	0.010041
325.1	0.0100239
325.2	0.00999998
325.3	0.00997859
325.4	0.00995755
325.5	0.00994043
325.6	0.0099238
325.7	0.00991158
325.8	0.00990045
325.9	0.0098892
326	0.00987804
326.1	0.00986467
326.2	0.00985123
326.3	0.00983239
326.4	0.00981375
326.5	0.00979288
326.6	0.00977433
326.7	0.00976053
326.8	0.009751
326.9	0.00974142
327	0.00973322
327.1	0.00972855
327.2	0.00972477
327.3	0.00972384
327.4	0.0097225
327.5	0.00972012
327.6	0.00971524
327.7	0.00971075
327.8	0.00970825
327.9	0.00970958
328	0.00971141
328.1	0.00971249
328.2	0.00971705
328.3	0.00972253
328.4	0.00973041
328.5	0.00973787
328.6	0.00974721
328.7	0.00976142
328.8	0.00977528
328.9	0.00978464
329	0.00979251
329.1	0.00980064
329.2	0.00981053
329.3	0.00981754
329.4	0.00982061
329.5	0.00981455
329.6	0.00980935
329.7	0.00980957
329.8	0.00981651
329.9	0.00982586
330	0.00983722
330.1	0.00985068
330.2	0.00986476
330.3	0.00987797
330.4	0.00988693
330.5	0.00989174
330.6	0.00989686
330.7	0.00990098
330.8	0.00990315
330.9	0.00990548
331	0.00991023
331.1	0.00991449
331.2	0.00991615
331.3	0.00991455
331.4	0.00991214
331.5	0.00990869
331.6	0.00990423
331.7	0.009901
331.8	0.00990167
331.9	0.00990399
332	0.00990864
332.1	0.00991086
332.2	0.00991033
332.3	0.00990889
332.4	0.00990515
332.5	0.00990065
332.6	0.00989823
332.7	0.00990634
332.8	0.00991986
332.9	0.00993499
333	0.0099541
333.1	0.00997982
333.2	0.0100099
333.3	0.0100448
333.4	0.0100783
333.5	0.0101083
333.6	0.0101373
333.7	0.0101656
333.8	0.0101912
333.9	0.0102129
334	0.0102319
334.1	0.0102497
334.2	0.0102627
334.3	0.01027
334.4	0.0102762
334.5	0.0102784
334.6	0.0102752
334.7	0.0102667
334.8	0.0102592
334.9	0.010246
335	0.0102328
335.1	0.0102154
335.2	0.0101971
335.3	0.0101789
335.4	0.0101588
335.5	0.010139
335.6	0.0101219
335.7	0.01011
335.8	0.0101045
335.9	0.0101056
336	0.0101109
336.1	0.0101156
336.2	0.0101191
336.3	0.0101211
336.4	0.0101237
336.5	0.0101232
336.6	0.0101182
336.7	0.0101017
336.8	0.0100781
336.9	0.0100474
337	0.0100134
337.1	0.00997371
337.2	0.0099355
337.3	0.0098989
337.4	0.00986465
337.5	0.00982832
337.6	0.00978899
337.7	0.00975085
337.8	0.00971582
337.9	0.00968309
338	0.00965712
338.1	0.00963705
338.2	0.00961683
338.3	0.0095974
338.4	0.00957544
338.5	0.00955141
338.6	0.00952747
338.7	0.00950154
338.8	0.0094758
338.9	0.00945042
339	0.00942897
339.1	0.00941286
339.2	0.00939614
339.3	0.00938413
339.4	0.00937814
339.5	0.00937594
339.6	0.00938031
339.7	0.00938598
339.8	0.0093861
339.9	0.00938102
340	0.00937608
340.1	0.00937087
340.2	0.00936623
340.3	0.00936227
340.4	0.00935925
340.5	0.00935118
340.6	0.00934542
340.7	0.00934056
340.8	0.00933887
340.9	0.00933631
341	0.00932919
341.1	0.00931757
341.2	0.00930532
341.3	0.00929177
341.4	0.00927804
341.5	0.00925775
341.6	0.00923484
341.7	0.00921438
341.8	0.00920241
341.9	0.00919339
342	0.00918687
342.1	0.00917863
342.2	0.00916856
342.3	0.00916021
342.4	0.00915029
342.5	0.00914358
342.6	0.00913916
342.7	0.00913524
342.8	0.00913387
342.9	0.00912997
343	0.00912609
343.1	0.00912116
343.2	0.00911497
343.3	0.00910939
343.4	0.00910679
343.5	0.00910785
343.6	0.00911148
343.7	0.00912106
343.8	0.00913261
343.9	0.00914973
344	0.00917148
344.1	0.00919494
344.2	0.00921857
344.3	0.00924309
344.4	0.00926232
344.5	0.00927756
344.6	0.00929147
344.7	0.009303
344.8	0.00931775
344.9	0.00933732
345	0.00935566
345.1	0.00937527
345.2	0.00939488
345.3	0.00941418
345.4	0.00943286
345.5	0.00945412
345.6	0.00947395
345.7	0.00949054
345.8	0.00950994
345.9	0.00953368
346	0.00955769
346.1	0.00958097
346.2	0.0096076
346.3	0.00964067
346.4	0.00967321
346.5	0.00970749
346.6	0.00974324
346.7	0.00978047
346.8	0.00981889
346.9	0.00985438
347	0.00988681
347.1	0.00992042
347.2	0.00996205
347.3	0.0100077
347.4	0.0100533
347.5	0.010102
347.6	0.0101534
347.7	0.0102057
347.8	0.0102587
347.9	0.0103102
348	0.0103649
348.1	0.0104163
348.2	0.0104662
348.3	0.0105169
348.4	0.0105649
348.5	0.0106117
348.6	0.0106597
348.7	0.010707
348.8	0.0107559
348.9	0.0108021
349	0.0108448
349.1	0.0108866
349.2	0.0109257
349.3	0.0109646
349.4	0.0109997
349.5	0.0110348
349.6	0.0110699
349.7	0.011109
349.8	0.0111495
349.9	0.0111946
350	0.0112397
350.1	0.011288
350.2	0.0113349
350.3	0.0113815
350.4	0.0114279
350.5	0.0114705
350.6	0.0115103
350.7	0.0115495
350.8	0.0115846
350.9	0.011618
351	0.0116479
351.1	0.011675
351.2	0.011698
351.3	0.0117181
351.4	0.0117388
351.5	0.0117623
351.6	0.0117902
351.7	0.0118228
351.8	0.0118597
351.9	0.0118973
352	0.0119344
352.1	0.0119724
352.2	0.0120069
352.3	0.0120422
352.4	0.0120793
352.5	0.0121175
352.6	0.0121503
352.7	0.0121787
352.8	0.0122071
352.9	0.0122341
353	0.0122665
353.1	0.0123016
353.2	0.0123411
353.3	0.0123823
353.4	0.0124263
353.5	0.0124676
353.6	0.0125079
353.7	0.01255
353.8	0.0125914
353.9	0.0126293
354	0.012666
354.1	0.0126962
354.2	0.0127265
354.3	0.0127565
354.4	0.0127848
354.5	0.0128143
354.6	0.0128446
354.7	0.0128693
354.8	0.0128929
354.9	0.0129161
355	0.0129395
355.1	0.0129652
355.2	0.012992
355.3	0.0130212
355.4	0.0130499
355.5	0.0130772
355.6	0.0131072
355.7	0.0131321
355.8	0.0131522
355.9	0.0131731
356	0.0131981
356.1	0.0132277
356.2	0.0132569
356.3	0.0132798
356.4	0.0132941
356.5	0.0133026
356.6	0.01331
356.7	0.0133122
356.8	0.0133054
356.9	0.0132882
357	0.0132682
357.1	0.0132436
357.2	0.0132146
357.3	0.0131821
357.4	0.0131474
357.5	0.0131124
357.6	0.01308
357.7	0.0130493
357.8	0.0130114
357.9	0.0129715
358	0.0129326
358.1	0.0128915
358.2	0.0128499
358.3	0.0128039
358.4	0.0127521
358.5	0.0126945
358.6	0.0126339
358.7	0.0125752
358.8	0.0125195
358.9	0.0124687
359	0.0124169
359.1	0.0123625
359.2	0.0123014
359.3	0.0122394
359.4	0.0121772
359.5	0.0121133
359.6	0.0120521
359.7	0.0119914
359.8	0.0119299
359.9	0.0118684
360	0.0118062
360.1	0.0117451
360.2	0.011686
360.3	0.0116271
360.4	0.0115719
360.5	0.011522
360.6	0.0114763
360.7	0.011434
360.8	0.0113947
360.9	0.0113539
361	0.0113117
361.1	0.0112698
361.2	0.0112295
361.3	0.0111936
361.4	0.0111615
361.5	0.0111337
361.6	0.0111092
361.7	0.0110911
361.8	0.0110772
361.9	0.0110648
362	0.0110508
362.1	0.0110315
362.2	0.0110112
362.3	0.0109904
362.4	0.0109689
362.5	0.0109498
362.6	0.0109294
362.7	0.0109071
362.8	0.0108862
362.9	0.0108638
363	0.0108364
363.1	0.0108074
363.2	0.010775
363.3	0.0107401
363.4	0.0107007
363.5	0.0106568
363.6	0.0106083
363.7	0.0105618
363.8	0.0105178
363.9	0.0104785
364	0.0104389
364.1	0.0104037
364.2	0.0103713
364.3	0.0103391
364.4	0.0103045
364.5	0.0102667
364.6	0.0102238
364.7	0.0101741
364.8	0.0101156
364.9	0.0100527
365	0.00998661
365.1	0.00991498
365.2	0.00984245
365.3	0.00976555
365.4	0.00969217
365.5	0.00962118
365.6	0.00954897
365.7	0.00947589
365.8	0.00939724
365.9	0.00931552
366	0.00923525
366.1	0.00915607
366.2	0.00907909
366.3	0.009006
366.4	0.00892802
366.5	0.00884907
366.6	0.0087659
366.7	0.00867654
366.8	0.0085835
366.9	0.0084872
367	0.00839125
367.1	0.00829236
367.2	0.0081888
367.3	0.00808408
367.4	0.00798534
367.5	0.0078902
367.6	0.00779635
367.7	0.00770334
367.8	0.00760825
367.9	0.0075154
368	0.00742192
368.1	0.0073286
368.2	0.00723593
368.3	0.00714354
368.4	0.00705204
368.5	0.00696054
368.6	0.0068713
368.7	0.006787
368.8	0.00670512
368.9	0.00662083
369	0.00653109
369.1	0.00643723
369.2	0.00634793
369.3	0.00626211
369.4	0.00617547
369.5	0.0060843
369.6	0.0059916
369.7	0.00589749
369.8	0.00580677
369.9	0.00572143
370	0.00564263
370.1	0.00556639
370.2	0.00548787
370.3	0.00540787
370.4	0.00533121
370.5	0.00525707
370.6	0.00518434
370.7	0.00511558
370.8	0.00504619
370.9	0.00497407
371	0.00490429
371.1	0.00483991
371.2	0.00478034
371.3	0.00471786
371.4	0.00465817
371.5	0.00460219
371.6	0.00454828
371.7	0.00449694
371.8	0.00444499
371.9	0.00439182
372	0.004336
372.1	0.00427718
372.2	0.00422115
372.3	0.00416957
372.4	0.00411422
372.5	0.0040554
372.6	0.003991
372.7	0.00392266
372.8	0.00385628
372.9	0.00379133
373	0.00373139
373.1	0.00367787
373.2	0.00362775
373.3	0.0035832
373.4	0.00354203
373.5	0.00350627
373.6	0.00347827
373.7	0.00345431
373.8	0.00342964
373.9	0.0034052
374	0.00337899
374.1	0.0033509
374.2	0.0033232
374.3	0.00329891
374.4	0.00327397
374.5	0.00324838
374.6	0.00321848
374.7	0.00318633
374.8	0.00315902
374.9	0.00313383
375	0.0031104
375.1	0.00308755
375.2	0.00306442
375.3	0.00303563
375.4	0.00300657
375.5	0.00297798
375.6	0.00294843
375.7	0.00291646
375.8	0.00288949
375.9	0.00286852
376	0.0028539
376.1	0.00283865
376.2	0.00281841
376.3	0.00279752
376.4	0.00277837
376.5	0.00275993
376.6	0.00274598
376.7	0.00273303
376.8	0.00272319
376.9	0.00271187
377	0.00270023
377.1	0.00268837
377.2	0.00268021
377.3	0.00267512
377.4	0.00267185
377.5	0.00267236
377.6	0.0026765
377.7	0.00268287
377.8	0.00269077
377.9	0.00269598
378	0.00269977
378.1	0.00270033
378.2	0.00269508
378.3	0.00268085
378.4	0.00265955
378.5	0.00263559
378.6	0.00261292
378.7	0.00258793
378.8	0.00256016
378.9	0.00253045
379	0.00249774
379.1	0.00246493
379.2	0.00243408
379.3	0.0024071
379.4	0.00238219
379.5	0.00236164
379.6	0.00234631
379.7	0.00233549
379.8	0.00232884
379.9	0.00232791
380	0.00233077
380.1	0.0023383
380.2	0.00234097
380.3	0.00233598
380.4	0.00232544
380.5	0.00231092
380.6	0.00229608
380.7	0.00228229
380.8	0.00226973
380.9	0.00225754
381	0.00224771
381.1	0.00224319
381.2	0.00224163
381.3	0.00224179
381.4	0.00224172
381.5	0.00223874
381.6	0.00223356
381.7	0.00222474
381.8	0.00222112
381.9	0.0022185
382	0.00221351
382.1	0.00220879
382.2	0.00220455
382.3	0.00220275
382.4	0.00219994
382.5	0.00219256
382.6	0.00217681
382.7	0.00215246
382.8	0.00212084
382.9	0.00208959
383	0.00205854
383.1	0.00202432
383.2	0.00198726
383.3	0.00194748
383.4	0.00190606
383.5	0.00186656
383.6	0.0018294
383.7	0.00178893
383.8	0.00174415
383.9	0.00169911
384	0.00165507
384.1	0.00161725
384.2	0.0015847
384.3	0.00155372
384.4	0.00152317
384.5	0.00149248
384.6	0.00145525
384.7	0.00141456
384.8	0.00137621
384.9	0.00133663
385	0.0012978
385.1	0.00126099
385.2	0.00122549
385.3	0.0011925
385.4	0.00115779
385.5	0.00112635
385.6	0.00109966
385.7	0.00107651
385.8	0.00105158
385.9	0.00102473
386	0.000996679
386.1	0.000965317
386.2	0.000933048
386.3	0.000905978
386.4	0.000880379
386.5	0.000855713
386.6	0.000832552
386.7	0.000809884
386.8	0.000786681
386.9	0.00076792
387	0.000752901
387.1	0.00073572
387.2	0.000716596
387.3	0.000697118
387.4	0.000679321
387.5	0.000662142
387.6	0.000648076
387.7	0.000636642
387.8	0.000630734
387.9	0.000628411
388	0.000626986
388.1	0.000623497
388.2	0.000621922
388.3	0.000621405
388.4	0.000624867
388.5	0.000625634
388.6	0.000624011
388.7	0.000620274
388.8	0.000619805
388.9	0.000618483
389	0.000612371
389.1	0.000603332
389.2	0.00059396
389.3	0.000583578
389.4	0.000571276
389.5	0.00055883
389.6	0.000547149
389.7	0.000534877
389.8	0.000516599
389.9	0.000491913
390	0.00046255
390.1	0.000434304
390.2	0.000409429
390.3	0.000386543
390.4	0.000369256
390.5	0.000349104
390.6	0.000327314
390.7	0.000304895
390.8	0.000281692
390.9	0.000260993
391	0.000246062
391.1	0.000232499
391.2	0.000219672
391.3	0.000206401
391.4	0.000192926
391.5	0.000178919
391.6	0.000170183
391.7	0.000160684
391.8	0.000150016
391.9	0.000140635
392	0.000138254
392.1	0.000131675
392.2	0.000122521
392.3	0.000106854
392.4	8.92694e-05
392.5	7.43392e-05
392.6	6.47698e-05
392.7	5.34217e-05
392.8	3.84855e-05
392.9	2.69065e-05
393	1.9299e-05
393.1	1.03079e-05
393.2	-2.65159e-06
393.3	-1.79714e-05
393.4	-3.9036e-05
393.5	-6.4315e-05
393.6	-9.99463e-05
393.7	-0.000141078
393.8	-0.000180591
393.9	-0.000221132
394	-0.000261888
394.1	-0.000295389
394.2	-0.000331853
394.3	-0.000367695
394.4	-0.000402152
394.5	-0.000435269
394.6	-0.000465609
394.7	-0.000496157
394.8	-0.000534499
394.9	-0.000577295
395	-0.000614701
395.1	-0.00065292
395.2	-0.000689165
395.3	-0.000723332
395.4	-0.000756737
395.5	-0.000793939
395.6	-0.000834231
395.7	-0.000872104
395.8	-0.000906595
395.9	-0.000940655
396	-0.000976364
396.1	-0.00100857
396.2	-0.00103821
396.3	-0.00107004
396.4	-0.00110681
396.5	-0.00114255
396.6	-0.00118342
396.7	-0.00122567
396.8	-0.00126747
396.9	-0.00131115
397	-0.00135717
397.1	-0.00140376
397.2	-0.00144743
397.3	-0.00149103
397.4	-0.00153309
397.5	-0.00157107
397.6	-0.00161034
397.7	-0.00165364
397.8	-0.0016987
397.9	-0.00174062
398	-0.00178301
398.1	-0.00182482
398.2	-0.00186944
398.3	-0.00191369
398.4	-0.00195647
398.5	-0.00199564
398.6	-0.00203722
398.7	-0.0020763
398.8	-0.00211336
398.9	-0.00214899
399	-0.00218436
399.1	-0.0022205
399.2	-0.00225217
399.3	-0.0022847
399.4	-0.00231012
399.5	-0.00232786
399.6	-0.00234024
399.7	-0.00235355
399.8	-0.00236538
399.9	-0.00238089
400	-0.00240099
400.1	-0.00242218
400.2	-0.00244371
400.3	-0.00246678
400.4	-0.00248773
400.5	-0.00250695
400.6	-0.00252483
400.7	-0.00254601
400.8	-0.00256789
400.9	-0.00258592
401	-0.00260137
401.1	-0.00261893
401.2	-0.00263695
401.3	-0.0026523
401.4	-0.00266999
401.5	-0.00268911
401.6	-0.00271088
401.7	-0.00273276
401.8	-0.00275256
401.9	-0.00276829
402	-0.00278
402.1	-0.00279054
402.2	-0.00279969
402.3	-0.00281011
402.4	-0.00281678
402.5	-0.00282039
402.6	-0.00282339
402.7	-0.00282868
402.8	-0.00283501
402.9	-0.00283899
403	-0.00284103
403.1	-0.00284724
403.2	-0.00285662
403.3	-0.00286619
403.4	-0.00287246
403.5	-0.00287703
403.6	-0.00287774
403.7	-0.00287466
403.8	-0.00286624
403.9	-0.00285539
404	-0.0028402
404.1	-0.00281857
404.2	-0.0027916
404.3	-0.00276272
404.4	-0.00272954
404.5	-0.00269344
404.6	-0.00265887
404.7	-0.00263336
404.8	-0.00261177
404.9	-0.00258914
405	-0.00256593
405.1	-0.00254437
405.2	-0.00252267
405.3	-0.00250038
405.4	-0.00247667
405.5	-0.00244888
405.6	-0.00242037
405.7	-0.0023963
405.8	-0.00237743
405.9	-0.0023596
406	-0.0023408
406.1	-0.00232125
406.2	-0.00229963
406.3	-0.00228168
406.4	-0.00226545
406.5	-0.0022568
406.6	-0.00224791
406.7	-0.00223915
406.8	-0.00222819
406.9	-0.00221727
407	-0.00221224
407.1	-0.00221467
407.2	-0.00222237
407.3	-0.00222844
407.4	-0.00223566
407.5	-0.00224873
407.6	-0.00226289
407.7	-0.00227548
407.8	-0.00227786
407.9	-0.00227478
408	-0.00226921
408.1	-0.0022702
408.2	-0.00227484
408.3	-0.00228795
408.4	-0.00230029
408.5	-0.0023117
408.6	-0.00232225
408.7	-0.00232883
408.8	-0.0023357
408.9	-0.00234092
409	-0.0023425
409.1	-0.00234375
409.2	-0.00234358
409.3	-0.00234239
409.4	-0.00233885
409.5	-0.00233429
409.6	-0.00232261
409.7	-0.00230441
409.8	-0.00228562
409.9	-0.00227342
410	-0.00226243
410.1	-0.00225302
410.2	-0.00224763
410.3	-0.00224588
410.4	-0.0022488
410.5	-0.00225252
410.6	-0.00225661
410.7	-0.00225365
410.8	-0.00224684
410.9	-0.0022426
411	-0.00224334
411.1	-0.00224436
411.2	-0.00224732
411.3	-0.00224928
411.4	-0.0022513
411.5	-0.00225696
411.6	-0.00225914
411.7	-0.00225911
411.8	-0.00226045
411.9	-0.0022598
412	-0.00226191
412.1	-0.0022635
412.2	-0.00226285
412.3	-0.00226162
412.4	-0.0022626
412.5	-0.00227036
412.6	-0.00228587
412.7	-0.00230682
412.8	-0.00233207
412.9	-0.00236376
413	-0.00239635
413.1	-0.00242487
413.2	-0.00244551
413.3	-0.00246389
413.4	-0.00248084
413.5	-0.00249508
413.6	-0.00250654
413.7	-0.00251026
413.8	-0.00251061
413.9	-0.00251188
414	-0.00251794
414.1	-0.00252308
414.2	-0.00252633
414.3	-0.00252337
414.4	-0.0025138
414.5	-0.00250222
414.6	-0.00249265
414.7	-0.00248899
414.8	-0.00248171
414.9	-0.00247053
415	-0.0024579
415.1	-0.00244407
415.2	-0.00242912
415.3	-0.00241522
415.4	-0.00240093
415.5	-0.00239047
415.6	-0.00237947
415.7	-0.00237221
415.8	-0.00236593
415.9	-0.00236068
416	-0.00235491
416.1	-0.00234619
416.2	-0.00234101
416.3	-0.00234144
416.4	-0.00234186
416.5	-0.00234405
416.6	-0.002342
416.7	-0.00233451
416.8	-0.0023233
416.9	-0.00231085
417	-0.00229493
417.1	-0.00227669
417.2	-0.00225561
417.3	-0.00223814
417.4	-0.00222492
417.5	-0.00221465
417.6	-0.00220707
417.7	-0.00219967
417.8	-0.00219544
417.9	-0.00219082
418	-0.00218692
418.1	-0.00218578
418.2	-0.00218815
418.3	-0.00219228
418.4	-0.002196
418.5	-0.00219811
418.6	-0.0022044
418.7	-0.00221446
418.8	-0.00222709
418.9	-0.00223508
419	-0.00224479
419.1	-0.00225594
419.2	-0.00227396
419.3	-0.00229589
419.4	-0.00232207
419.5	-0.00234935
419.6	-0.00237568
419.7	-0.0023976
419.8	-0.00242121
419.9	-0.00244491
420	-0.00246551
420.1	-0.00248202
420.2	-0.00250094
420.3	-0.0025215
420.4	-0.00254012
420.5	-0.00255725
420.6	-0.00257371
420.7	-0.00259768
420.8	-0.00262864
420.9	-0.00265981
421	-0.0026884
421.1	-0.0027114
421.2	-0.00273465
421.3	-0.00275767
421.4	-0.00277861
421.5	-0.00280498
421.6	-0.00283571
421.7	-0.00286729
421.8	-0.00290093
421.9	-0.00292917
422	-0.00295425
422.1	-0.00297802
422.2	-0.00300045
422.3	-0.00302062
422.4	-0.00303744
422.5	-0.00305397
422.6	-0.00307075
422.7	-0.00308527
422.8	-0.00309954
422.9	-0.00311346
423	-0.00312607
423.1	-0.00314367
423.2	-0.00316642
423.3	-0.00319206
423.4	-0.00321623
423.5	-0.00324071
423.6	-0.00325852
423.7	-0.00327392
423.8	-0.00329121
423.9	-0.00330992
424	-0.00332979
424.1	-0.00335426
424.2	-0.00337821
424.3	-0.00340662
424.4	-0.00344243
424.5	-0.00348321
424.6	-0.0035252
424.7	-0.00356429
424.8	-0.00359715
424.9	-0.00362106
425	-0.00364586
425.1	-0.00366757
425.2	-0.00369098
425.3	-0.00371463
425.4	-0.00374036
425.5	-0.00376641
425.6	-0.00379202
425.7	-0.00381841
425.8	-0.00384665
425.9	-0.00387672
426	-0.00390929
426.1	-0.00394094
426.2	-0.00397346
426.3	-0.00400686
426.4	-0.00404472
426.5	-0.00408306
426.6	-0.00411966
426.7	-0.00415875
426.8	-0.00419164
426.9	-0.00422184
427	-0.0042489
427.1	-0.00427444
427.2	-0.00429998
427.3	-0.00432533
427.4	-0.00434456
427.5	-0.00436382
427.6	-0.00438956
427.7	-0.00442015
427.8	-0.00444853
427.9	-0.00447253
428	-0.00449578
428.1	-0.00452176
428.2	-0.0045494
428.3	-0.00457926
428.4	-0.00460976
428.5	-0.00464408
428.6	-0.00468299
428.7	-0.00472185
428.8	-0.00475703
428.9	-0.00478992
429	-0.00482194
429.1	-0.00485456
429.2	-0.00488155
429.3	-0.00490644
429.4	-0.00493766
429.5	-0.0049729
429.6	-0.00501712
429.7	-0.00506606
429.8	-0.00511626
429.9	-0.00516289
430	-0.00520664
430.1	-0.00524556
430.2	-0.00528048
430.3	-0.00531399
430.4	-0.00535044
430.5	-0.00538665
430.6	-0.0054232
430.7	-0.00545995
430.8	-0.00549759
430.9	-0.00553855
431	-0.00558015
431.1	-0.00562242
431.2	-0.00566677
431.3	-0.00570866
431.4	-0.00574295
431.5	-0.00577053
431.6	-0.00579078
431.7	-0.0058094
431.8	-0.00583191
431.9	-0.00585445
432	-0.00587815
432.1	-0.00590401
432.2	-0.0059288
432.3	-0.00595095
432.4	-0.00597655
432.5	-0.00600497
432.6	-0.00603591
432.7	-0.00606595
432.8	-0.00609525
432.9	-0.00612674
433	-0.00616263
433.1	-0.00620521
433.2	-0.00625007
433.3	-0.00629803
433.4	-0.00634834
433.5	-0.00639619
433.6	-0.00644216
433.7	-0.00647956
433.8	-0.00651449
433.9	-0.00654441
434	-0.00657338
434.1	-0.00660342
434.2	-0.00663483
434.3	-0.00667
434.4	-0.00670428
434.5	-0.00673212
434.6	-0.00675281
434.7	-0.00677236
434.8	-0.00679083
434.9	-0.00680354
435	-0.0068067
435.1	-0.00680795
435.2	-0.00681514
435.3	-0.00682717
435.4	-0.00684275
435.5	-0.00686011
435.6	-0.00687985
435.7	-0.00689918
435.8	-0.00692113
435.9	-0.00694304
436	-0.00696281
436.1	-0.00698263
436.2	-0.00700651
436.3	-0.00702779
436.4	-0.00705251
436.5	-0.00707613
436.6	-0.00709556
436.7	-0.00711009
436.8	-0.00712162
436.9	-0.00713984
437	-0.00716497
437.1	-0.00718728
437.2	-0.0072054
437.3	-0.00722184
437.4	-0.00723935
437.5	-0.00725792
437.6	-0.00727344
437.7	-0.00728565
437.8	-0.0072949
437.9	-0.00730384
438	-0.00730675
438.1	-0.00730806
438.2	-0.00730685
438.3	-0.00730192
438.4	-0.0072908
438.5	-0.00727454
438.6	-0.00725532
438.7	-0.00723953
438.8	-0.00722148
438.9	-0.00720378
439	-0.00718577
439.1	-0.00716961
439.2	-0.00715933
439.3	-0.00714688
439.4	-0.0071293
439.5	-0.00711022
439.6	-0.00709214
439.7	-0.00707432
439.8	-0.00705236
439.9	-0.00703124
440	-0.00700691
440.1	-0.0069811
440.2	-0.00695757
440.3	-0.00693404
440.4	-0.00690927
440.5	-0.00688853
440.6	-0.00687238
440.7	-0.00685762
440.8	-0.00684204
440.9	-0.00682542
441	-0.0068055
441.1	-0.00678832
441.2	-0.00677009
441.3	-0.00675508
441.4	-0.00674036
441.5	-0.00673484
441.6	-0.00673823
441.7	-0.00674342
441.8	-0.00675052
441.9	-0.00675709
442	-0.00676148
442.1	-0.00676534
442.2	-0.00677309
442.3	-0.00678204
442.4	-0.006793
442.5	-0.00680338
442.6	-0.00681338
442.7	-0.00682927
442.8	-0.00684243
442.9	-0.00685079
443	-0.00686183
443.1	-0.00687674
443.2	-0.00689156
443.3	-0.00690711
443.4	-0.00692574
443.5	-0.00694568
443.6	-0.00696545
443.7	-0.00698236
443.8	-0.00699729
443.9	-0.007009
444	-0.00701965
444.1	-0.00702741
444.2	-0.00703165
444.3	-0.00703405
444.4	-0.00703173
444.5	-0.00702235
444.6	-0.00700972
444.7	-0.00699534
444.8	-0.00697626
444.9	-0.00694951
445	-0.00692004
445.1	-0.00688614
445.2	-0.0068542
445.3	-0.00682091
445.4	-0.00678967
445.5	-0.00676122
445.6	-0.00672803
445.7	-0.00669323
445.8	-0.00666232
445.9	-0.00663112
446	-0.00659603
446.1	-0.00655672
446.2	-0.00651581
446.3	-0.00647612
446.4	-0.00643667
446.5	-0.006395
446.6	-0.00635484
446.7	-0.00631046
446.8	-0.006271
446.9	-0.00623589
447	-0.00619896
447.1	-0.00616467
447.2	-0.00613166
447.3	-0.00609577
447.4	-0.00605583
447.5	-0.00601607
447.6	-0.00597508
447.7	-0.00593502
447.8	-0.0058938
447.9	-0.00585124
448	-0.00580381
448.1	-0.00575344
448.2	-0.00570815
448.3	-0.00566435
448.4	-0.00562382
448.5	-0.00558544
448.6	-0.00554587
448.7	-0.00551229
448.8	-0.0054825
448.9	-0.00545086
449	-0.0054204
449.1	-0.00539022
449.2	-0.00536326
449.3	-0.00533629
449.4	-0.00530787
449.5	-0.00528345
449.6	-0.0052559
449.7	-0.00522578
449.8	-0.00519639
449.9	-0.00516651
450	-0.00513469
450.1	-0.00509515
450.2	-0.0050513
450.3	-0.0050087
450.4	-0.00496707
450.5	-0.00492231
450.6	-0.00487802
450.7	-0.00482947
450.8	-0.00477915
450.9	-0.00472779
451	-0.00467901
451.1	-0.00463154
451.2	-0.0045801
451.3	-0.00452864
451.4	-0.00448022
451.5	-0.00443098
451.6	-0.00438236
451.7	-0.00433306
451.8	-0.00428776
451.9	-0.00425209
452	-0.00422109
452.1	-0.00419226
452.2	-0.0041648
452.3	-0.00413823
452.4	-0.004113
452.5	-0.00409413
452.6	-0.0040771
452.7	-0.00405907
452.8	-0.00403965
452.9	-0.00402045
453	-0.00399867
453.1	-0.00397291
453.2	-0.00394843
453.3	-0.0039248
453.4	-0.00390234
453.5	-0.00387601
453.6	-0.00384426
453.7	-0.00381308
453.8	-0.00377878
453.9	-0.00374359
454	-0.00371304
454.1	-0.00368729
454.2	-0.00366218
454.3	-0.00363606
454.4	-0.00361074
454.5	-0.00358965
454.6	-0.00356419
454.7	-0.00353355
454.8	-0.00350415
454.9	-0.00347243
455	-0.00343745
455.1	-0.00339846
455.2	-0.00335922
455.3	-0.00332128
455.4	-0.00328053
455.5	-0.00324098
455.6	-0.00319812
455.7	-0.00315204
455.8	-0.00310084
455.9	-0.00304775
456	-0.00298757
456.1	-0.00292478
456.2	-0.00286206
456.3	-0.00279788
456.4	-0.00273773
456.5	-0.00267999
456.6	-0.00262427
456.7	-0.00256548
456.8	-0.00251075
456.9	-0.00245641
457	-0.00240173
457.1	-0.00235059
457.2	-0.00229684
457.3	-0.00224308
457.4	-0.0021887
457.5	-0.00213308
457.6	-0.00207603
457.7	-0.00202171
457.8	-0.00196827
457.9	-0.00191014
458	-0.00184957
458.1	-0.00178538
458.2	-0.00172076
458.3	-0.00166172
458.4	-0.00160264
458.5	-0.00154501
458.6	-0.00148781
458.7	-0.00142801
458.8	-0.00137085
458.9	-0.00131407
459	-0.00125756
459.1	-0.00120196
459.2	-0.00114419
459.3	-0.0010817
459.4	-0.00101687
459.5	-0.00094928
459.6	-0.000880678
459.7	-0.000811257
459.8	-0.000738226
459.9	-0.00066396
460	-0.000589837
460.1	-0.000514211
460.2	-0.000435944
460.3	-0.000356065
460.4	-0.000277083
460.5	-0.000197863
460.6	-0.000117837
460.7	-4.20766e-05
460.8	3.31596e-05
460.9	0.000110019
461	0.000188223
461.1	0.000261754
461.2	0.000332817
461.3	0.000401927
461.4	0.00047129
461.5	0.00053779
461.6	0.000604179
461.7	0.000668136
461.8	0.000726155
461.9	0.000781717
462	0.000837395
462.1	0.000890674
462.2	0.000943685
462.3	0.000998177
462.4	0.00105218
462.5	0.00110115
462.6	0.00114815
462.7	0.00119568
462.8	0.00123961
462.9	0.00127634
463	0.00131692
463.1	0.00135649
463.2	0.00139361
463.3	0.00142794
463.4	0.00145829
463.5	0.00148839
463.6	0.00151736
463.7	0.00155053
463.8	0.00158519
463.9	0.00161736
464	0.00164635
464.1	0.00167366
464.2	0.00170081
464.3	0.00172737
464.4	0.00174782
464.5	0.00176827
464.6	0.00179165
464.7	0.00181463
464.8	0.00183307
464.9	0.00184778
465	0.00186041
465.1	0.00187529
465.2	0.0018932
465.3	0.00191021
465.4	0.00192267
465.5	0.00193066
465.6	0.00193229
465.7	0.00193795
465.8	0.00194596
465.9	0.00195461
466	0.001965
466.1	0.00197702
466.2	0.00199069
466.3	0.00200968
466.4	0.00202952
466.5	0.00204868
466.6	0.00206829
466.7	0.00208789
466.8	0.00210372
466.9	0.00212049
467	0.00213559
467.1	0.00215091
467.2	0.00217256
467.3	0.00219593
467.4	0.00222436
467.5	0.00225251
467.6	0.00228209
467.7	0.00231151
467.8	0.00233327
467.9	0.00234938
468	0.00235775
468.1	0.00236516
468.2	0.00237046
468.3	0.00237306
468.4	0.00237086
468.5	0.00236799
468.6	0.00236305
468.7	0.00235815
468.8	0.00234758
468.9	0.00233233
469	0.00231853
469.1	0.0023051
469.2	0.00229217
469.3	0.00227904
469.4	0.00225721
469.5	0.00223012
469.6	0.00219764
469.7	0.00216471
469.8	0.00213228
469.9	0.00210441
470	0.00207618
470.1	0.00204612
470.2	0.00201274
470.3	0.0019758
470.4	0.00193362
470.5	0.00188704
470.6	0.00183685
470.7	0.00178152
470.8	0.00172146
470.9	0.00166264
471	0.00160386
471.1	0.001544
471.2	0.00148261
471.3	0.0014223
471.4	0.00136397
471.5	0.00130659
471.6	0.00124905
471.7	0.00119468
471.8	0.00114291
471.9	0.00109447
472	0.00104449
472.1	0.000992154
472.2	0.000936386
472.3	0.000879343
472.4	0.000819866
472.5	0.000757227
472.6	0.000691018
472.7	0.000623854
472.8	0.000558185
472.9	0.000498347
473	0.000446927
473.1	0.000401842
473.2	0.000362054
473.3	0.000326902
473.4	0.000296078
473.5	0.000270317
473.6	0.000254041
473.7	0.000241004
473.8	0.000234708
473.9	0.000234502
474	0.000241805
474.1	0.000254422
474.2	0.000264021
474.3	0.000272008
474.4	0.000281757
474.5	0.000291559
474.6	0.000298956
474.7	0.000307637
474.8	0.000312597
474.9	0.000310459
475	0.000302663
475.1	0.000292831
475.2	0.000282919
475.3	0.000273478
475.4	0.000264563
475.5	0.000253741
475.6	0.000241828
475.7	0.000227376
475.8	0.000213131
475.9	0.000201766
476	0.000185942
476.1	0.000166242
476.2	0.0001444
476.3	0.000121943
476.4	8.88097e-05
476.5	4.84445e-05
476.6	1.38029e-06
476.7	-4.58272e-05
476.8	-9.71329e-05
476.9	-0.000147532
477	-0.000197026
477.1	-0.000248646
477.2	-0.000302138
477.3	-0.000358604
477.4	-0.000416291
477.5	-0.00047158
477.6	-0.000521122
477.7	-0.000561641
477.8	-0.000600902
477.9	-0.000638811
478	-0.000673345
478.1	-0.000702734
478.2	-0.000734208
478.3	-0.000770894
478.4	-0.000812526
478.5	-0.000857699
478.6	-0.000904979
478.7	-0.000955701
478.8	-0.0010064
478.9	-0.00105459
479	-0.00110138
479.1	-0.001143
479.2	-0.00118537
479.3	-0.00122778
479.4	-0.00127693
479.5	-0.00132377
479.6	-0.00136986
479.7	-0.00141538
479.8	-0.00146207
479.9	-0.00151
480	-0.00155906
480.1	-0.00160613
480.2	-0.00165298
480.3	-0.00170272
480.4	-0.00175415
480.5	-0.00179832
480.6	-0.00183783
480.7	-0.00187186
480.8	-0.00190616
480.9	-0.00193817
481	-0.00196133
481.1	-0.00198016
481.2	-0.0019953
481.3	-0.00200979
481.4	-0.00202569
481.5	-0.00204431
481.6	-0.00206498
481.7	-0.00208485
481.8	-0.00210437
481.9	-0.00211746
482	-0.0021295
482.1	-0.00214271
482.2	-0.00215665
482.3	-0.00217089
482.4	-0.0021861
482.5	-0.00220517
482.6	-0.00222688
482.7	-0.00225437
482.8	-0.00228769
482.9	-0.00232469
483	-0.00236068
483.1	-0.00239873
483.2	-0.00243147
483.3	-0.0024613
483.4	-0.00248902
483.5	-0.00251833
483.6	-0.0025468
483.7	-0.00257588
483.8	-0.00261206
483.9	-0.00265165
484	-0.00269326
484.1	-0.00273508
484.2	-0.00277673
484.3	-0.00281603
484.4	-0.00285768
484.5	-0.00289691
484.6	-0.00293353
484.7	-0.00297015
484.8	-0.00300196
484.9	-0.00302779
485	-0.00305143
485.1	-0.00307607
485.2	-0.00309952
485.3	-0.00312238
485.4	-0.00314668
485.5	-0.0031667
485.6	-0.00318692
485.7	-0.00320655
485.8	-0.00322583
485.9	-0.00324899
486	-0.0032754
486.1	-0.00329799
486.2	-0.00332046
486.3	-0.00334102
486.4	-0.00335844
486.5	-0.00337169
486.6	-0.00337833
486.7	-0.00338059
486.8	-0.00338235
486.9	-0.00338296
487	-0.0033838
487.1	-0.00338416
487.2	-0.00338599
487.3	-0.00339077
487.4	-0.00339644
487.5	-0.00340614
487.6	-0.00341449
487.7	-0.00341918
487.8	-0.00342013
487.9	-0.00341834
488	-0.00341555
488.1	-0.00341147
488.2	-0.00340529
488.3	-0.00339332
488.4	-0.00338149
488.5	-0.00337043
488.6	-0.00335991
488.7	-0.0033479
488.8	-0.0033315
488.9	-0.00331467
489	-0.00329568
489.1	-0.00327604
489.2	-0.00325722
489.3	-0.00323417
489.4	-0.00321162
489.5	-0.00318834
489.6	-0.00316196
489.7	-0.00313389
489.8	-0.00310312
489.9	-0.00306722
490	-0.00303133
490.1	-0.00299308
490.2	-0.00295509
490.3	-0.00291742
490.4	-0.00288119
490.5	-0.0028476
490.6	-0.00281137
490.7	-0.00277257
490.8	-0.00273021
490.9	-0.00269113
491	-0.00265205
491.1	-0.00261846
491.2	-0.00259042
491.3	-0.00256693
491.4	-0.00254706
491.5	-0.00252529
491.6	-0.0024985
491.7	-0.00247151
491.8	-0.00243889
491.9	-0.00240552
492	-0.00237415
492.1	-0.0023457
492.2	-0.00231561
492.3	-0.00228493
492.4	-0.00225143
492.5	-0.00221835
492.6	-0.00219045
492.7	-0.002166
492.8	-0.00214201
492.9	-0.00211203
493	-0.00207633
493.1	-0.0020405
493.2	-0.00200527
493.3	-0.00197189
493.4	-0.00194045
493.5	-0.00191291
493.6	-0.00188397
493.7	-0.00184831
493.8	-0.00181089
493.9	-0.00177072
494	-0.0017255
494.1	-0.00167974
494.2	-0.00163257
494.3	-0.00158613
494.4	-0.00153925
494.5	-0.00149697
494.6	-0.00146168
494.7	-0.00143179
494.8	-0.00140802
494.9	-0.00138851
495	-0.00137539
495.1	-0.00135806
495.2	-0.00133817
495.3	-0.00131778
495.4	-0.0012971
495.5	-0.00127441
495.6	-0.00124937
495.7	-0.00122246
495.8	-0.00119776
495.9	-0.00117416
496	-0.0011516
496.1	-0.00112506
496.2	-0.00109271
496.3	-0.00105842
496.4	-0.00102574
496.5	-0.000989993
496.6	-0.000952651
496.7	-0.00091274
496.8	-0.000871538
496.9	-0.00082773
497	-0.000784498
497.1	-0.000739222
497.2	-0.000694545
497.3	-0.000649501
497.4	-0.000606985
497.5	-0.000565734
497.6	-0.000527185
497.7	-0.000491106
497.8	-0.000460991
497.9	-0.000438068
498	-0.000416163
498.1	-0.000395179
498.2	-0.00038194
498.3	-0.000369952
498.4	-0.000354523
498.5	-0.000334326
498.6	-0.000308343
498.7	-0.000275165
498.8	-0.000240046
498.9	-0.000206034
499	-0.000174121
499.1	-0.000142123
499.2	-0.000111359
499.3	-7.92992e-05
499.4	-5.09991e-05
499.5	-3.19365e-05
499.6	-1.84915e-05
499.7	-1.14946e-05
499.8	-9.59489e-06
499.9	-1.57883e-05
500	-2.81024e-05
