LagTime	Correlation

0	2.42316
0.1	2.41815
0.2	2.41066
0.3	2.40259
0.4	2.39443
0.5	2.38629
0.6	2.3782
0.7	2.37017
0.8	2.36219
0.9	2.35427
1	2.34642
1.1	2.33863
1.2	2.3309
1.3	2.32324
1.4	2.31562
1.5	2.30806
1.6	2.30055
1.7	2.2931
1.8	2.28569
1.9	2.27834
2	2.27103
2.1	2.26377
2.2	2.25656
2.3	2.2494
2.4	2.24228
2.5	2.23521
2.6	2.2282
2.7	2.22123
2.8	2.21432
2.9	2.20745
3	2.20062
3.1	2.19383
3.2	2.18709
3.3	2.18039
3.4	2.17374
3.5	2.16713
3.6	2.16057
3.7	2.15404
3.8	2.14755
3.9	2.14109
4	2.13468
4.1	2.12832
4.2	2.122
4.3	2.11573
4.4	2.10948
4.5	2.10328
4.6	2.09712
4.7	2.091
4.8	2.08493
4.9	2.07888
5	2.07287
5.1	2.06689
5.2	2.06094
5.3	2.05504
5.4	2.04916
5.5	2.04333
5.6	2.03753
5.7	2.03176
5.8	2.02603
5.9	2.02033
6	2.01465
6.1	2.00901
6.2	2.00339
6.3	1.9978
6.4	1.99224
6.5	1.98671
6.6	1.9812
6.7	1.97572
6.8	1.97026
6.9	1.96485
7	1.95946
7.1	1.95409
7.2	1.94876
7.3	1.94345
7.4	1.93817
7.5	1.93292
7.6	1.9277
7.7	1.9225
7.8	1.91733
7.9	1.91219
8	1.90707
8.1	1.90198
8.2	1.89691
8.3	1.89187
8.4	1.88685
8.5	1.88187
8.6	1.8769
8.7	1.87196
8.8	1.86704
8.9	1.86215
9	1.85729
9.1	1.85246
9.2	1.84766
9.3	1.84288
9.4	1.83812
9.5	1.83339
9.6	1.82868
9.7	1.82399
9.8	1.81933
9.9	1.81468
10	1.81006
10.1	1.80545
10.2	1.80087
10.3	1.79631
10.4	1.79177
10.5	1.78726
10.6	1.78276
10.7	1.7783
10.8	1.77386
10.9	1.76945
11	1.76507
11.1	1.7607
11.2	1.75635
11.3	1.75202
11.4	1.74772
11.5	1.74343
11.6	1.73915
11.7	1.7349
11.8	1.73066
11.9	1.72644
12	1.72222
12.1	1.71801
12.2	1.71381
12.3	1.70964
12.4	1.70548
12.5	1.70135
12.6	1.69723
12.7	1.69312
12.8	1.68902
12.9	1.68494
13	1.68087
13.1	1.67682
13.2	1.67277
13.3	1.66875
13.4	1.66475
13.5	1.66077
13.6	1.6568
13.7	1.65285
13.8	1.64892
13.9	1.64501
14	1.64111
14.1	1.63723
14.2	1.63337
14.3	1.62953
14.4	1.62571
14.5	1.62191
14.6	1.61813
14.7	1.61436
14.8	1.6106
14.9	1.60686
15	1.60313
15.1	1.59943
15.2	1.59574
15.3	1.59206
15.4	1.58841
15.5	1.58477
15.6	1.58114
15.7	1.57753
15.8	1.57393
15.9	1.57035
16	1.56677
16.1	1.56321
16.2	1.55965
16.3	1.55611
16.4	1.55259
16.5	1.54908
16.6	1.54558
16.7	1.54211
16.8	1.53865
16.9	1.53519
17	1.53175
17.1	1.52832
17.2	1.5249
17.3	1.5215
17.4	1.5181
17.5	1.51472
17.6	1.51134
17.7	1.50797
17.8	1.50461
17.9	1.50126
18	1.49793
18.1	1.4946
18.2	1.49129
18.3	1.48799
18.4	1.4847
18.5	1.48142
18.6	1.47815
18.7	1.47489
18.8	1.47166
18.9	1.46843
19	1.46521
19.1	1.462
19.2	1.45881
19.3	1.45563
19.4	1.45246
19.5	1.44929
19.6	1.44614
19.7	1.44299
19.8	1.43987
19.9	1.43675
20	1.43364
20.1	1.43054
20.2	1.42746
20.3	1.42438
20.4	1.42131
20.5	1.41825
20.6	1.4152
20.7	1.41215
20.8	1.40911
20.9	1.40607
21	1.40305
21.1	1.40004
21.2	1.39704
21.3	1.39406
21.4	1.39108
21.5	1.38811
21.6	1.38515
21.7	1.38219
21.8	1.37925
21.9	1.37631
22	1.37337
22.1	1.37045
22.2	1.36754
22.3	1.36465
22.4	1.36176
22.5	1.35888
22.6	1.356
22.7	1.35314
22.8	1.35028
22.9	1.34742
23	1.34458
23.1	1.34173
23.2	1.3389
23.3	1.33608
23.4	1.33327
23.5	1.33046
23.6	1.32765
23.7	1.32486
23.8	1.32206
23.9	1.31927
24	1.31649
24.1	1.3137
24.2	1.31093
24.3	1.30816
24.4	1.30539
24.5	1.30263
24.6	1.29987
24.7	1.29712
24.8	1.29438
24.9	1.29166
25	1.28893
25.1	1.28621
25.2	1.2835
25.3	1.28079
25.4	1.27809
25.5	1.2754
25.6	1.27272
25.7	1.27005
25.8	1.26738
25.9	1.26472
26	1.26206
26.1	1.25941
26.2	1.25676
26.3	1.25412
26.4	1.25149
26.5	1.24886
26.6	1.24624
26.7	1.24361
26.8	1.24099
26.9	1.23838
27	1.23578
27.1	1.23317
27.2	1.23058
27.3	1.22799
27.4	1.2254
27.5	1.22282
27.6	1.22024
27.7	1.21766
27.8	1.21508
27.9	1.21252
28	1.20995
28.1	1.2074
28.2	1.20485
28.3	1.20231
28.4	1.19978
28.5	1.19726
28.6	1.19474
28.7	1.19223
28.8	1.18972
28.9	1.1872
29	1.18469
29.1	1.18219
29.2	1.17969
29.3	1.1772
29.4	1.17472
29.5	1.17224
29.6	1.16977
29.7	1.16731
29.8	1.16485
29.9	1.16239
30	1.15993
30.1	1.15748
30.2	1.15502
30.3	1.15258
30.4	1.15014
30.5	1.14772
30.6	1.1453
30.7	1.14289
30.8	1.1405
30.9	1.1381
31	1.13572
31.1	1.13334
31.2	1.13097
31.3	1.1286
31.4	1.12624
31.5	1.12388
31.6	1.12152
31.7	1.11917
31.8	1.11683
31.9	1.11449
32	1.11216
32.1	1.10982
32.2	1.1075
32.3	1.10518
32.4	1.10287
32.5	1.10056
32.6	1.09827
32.7	1.09597
32.8	1.09369
32.9	1.0914
33	1.08913
33.1	1.08687
33.2	1.08461
33.3	1.08236
33.4	1.08012
33.5	1.07788
33.6	1.07564
33.7	1.07341
33.8	1.07118
33.9	1.06895
34	1.06673
34.1	1.06452
34.2	1.06232
34.3	1.06012
34.4	1.05793
34.5	1.05574
34.6	1.05356
34.7	1.05138
34.8	1.0492
34.9	1.04703
35	1.04486
35.1	1.0427
35.2	1.04055
35.3	1.03841
35.4	1.03627
35.5	1.03413
35.6	1.032
35.7	1.02986
35.8	1.02772
35.9	1.02559
36	1.02347
36.1	1.02136
36.2	1.01925
36.3	1.01714
36.4	1.01504
36.5	1.01294
36.6	1.01085
36.7	1.00875
36.8	1.00667
36.9	1.00459
37	1.00252
37.1	1.00047
37.2	0.99842
37.3	0.996375
37.4	0.994336
37.5	0.992305
37.6	0.990289
37.7	0.98828
37.8	0.986278
37.9	0.984287
38	0.982299
38.1	0.980305
38.2	0.978311
38.3	0.976318
38.4	0.974325
38.5	0.972338
38.6	0.970351
38.7	0.968362
38.8	0.966374
38.9	0.964391
39	0.962411
39.1	0.960435
39.2	0.958462
39.3	0.956497
39.4	0.954534
39.5	0.952573
39.6	0.950616
39.7	0.948662
39.8	0.946715
39.9	0.944774
40	0.94284
40.1	0.940911
40.2	0.93899
40.3	0.937075
40.4	0.935163
40.5	0.933253
40.6	0.931349
40.7	0.929451
40.8	0.927561
40.9	0.925678
41	0.923798
41.1	0.921923
41.2	0.920052
41.3	0.918185
41.4	0.916321
41.5	0.914464
41.6	0.912609
41.7	0.910757
41.8	0.908906
41.9	0.907053
42	0.905202
42.1	0.903357
42.2	0.901517
42.3	0.89968
42.4	0.897845
42.5	0.89602
42.6	0.8942
42.7	0.892385
42.8	0.890575
42.9	0.888769
43	0.886964
43.1	0.885165
43.2	0.883368
43.3	0.881574
43.4	0.879785
43.5	0.878002
43.6	0.876221
43.7	0.874443
43.8	0.872664
43.9	0.870883
44	0.869105
44.1	0.867332
44.2	0.865562
44.3	0.863797
44.4	0.862034
44.5	0.860281
44.6	0.858535
44.7	0.856793
44.8	0.855052
44.9	0.853316
45	0.851584
45.1	0.849855
45.2	0.848128
45.3	0.846403
45.4	0.844683
45.5	0.842972
45.6	0.841268
45.7	0.83957
45.8	0.837876
45.9	0.836184
46	0.834499
46.1	0.832819
46.2	0.831148
46.3	0.829485
46.4	0.827829
46.5	0.82618
46.6	0.824538
46.7	0.8229
46.8	0.821265
46.9	0.819634
47	0.818001
47.1	0.81637
47.2	0.814745
47.3	0.813136
47.4	0.811532
47.5	0.809935
47.6	0.808344
47.7	0.806754
47.8	0.805164
47.9	0.803581
48	0.802002
48.1	0.800427
48.2	0.798856
48.3	0.797289
48.4	0.79573
48.5	0.794174
48.6	0.792618
48.7	0.791066
48.8	0.789519
48.9	0.787971
49	0.786427
49.1	0.784887
49.2	0.783349
49.3	0.781815
49.4	0.780283
49.5	0.778753
49.6	0.777222
49.7	0.775695
49.8	0.774169
49.9	0.772647
50	0.771128
50.1	0.769622
50.2	0.768124
50.3	0.766635
50.4	0.765155
50.5	0.763681
50.6	0.762213
50.7	0.760748
50.8	0.759286
50.9	0.757829
51	0.756372
51.1	0.754916
51.2	0.753468
51.3	0.752028
51.4	0.750591
51.5	0.749157
51.6	0.747726
51.7	0.746301
51.8	0.744882
51.9	0.743465
52	0.742045
52.1	0.740623
52.2	0.739203
52.3	0.737785
52.4	0.73637
52.5	0.734961
52.6	0.733556
52.7	0.732149
52.8	0.730742
52.9	0.729336
53	0.727928
53.1	0.726518
53.2	0.725106
53.3	0.723687
53.4	0.722265
53.5	0.720847
53.6	0.719438
53.7	0.718038
53.8	0.716643
53.9	0.715254
54	0.713868
54.1	0.712484
54.2	0.711105
54.3	0.709728
54.4	0.708348
54.5	0.706969
54.6	0.705593
54.7	0.704221
54.8	0.702857
54.9	0.701498
55	0.700142
55.1	0.698789
55.2	0.697438
55.3	0.696094
55.4	0.694756
55.5	0.693423
55.6	0.692097
55.7	0.690772
55.8	0.689446
55.9	0.688119
56	0.686796
56.1	0.685474
56.2	0.684155
56.3	0.682839
56.4	0.681525
56.5	0.680214
56.6	0.678902
56.7	0.677586
56.8	0.67627
56.9	0.674949
57	0.67362
57.1	0.672286
57.2	0.670947
57.3	0.669603
57.4	0.668258
57.5	0.666912
57.6	0.665564
57.7	0.664216
57.8	0.662869
57.9	0.661524
58	0.660183
58.1	0.658842
58.2	0.657506
58.3	0.656172
58.4	0.654841
58.5	0.653512
58.6	0.652187
58.7	0.650869
58.8	0.649559
58.9	0.648255
59	0.646954
59.1	0.645657
59.2	0.644364
59.3	0.64308
59.4	0.641803
59.5	0.64052
59.6	0.639233
59.7	0.637947
59.8	0.636661
59.9	0.635376
60	0.634091
60.1	0.632811
60.2	0.631536
60.3	0.630269
60.4	0.62901
60.5	0.627752
60.6	0.626495
60.7	0.625242
60.8	0.623991
60.9	0.622738
61	0.621488
61.1	0.620242
61.2	0.619001
61.3	0.617763
61.4	0.616526
61.5	0.61529
61.6	0.61405
61.7	0.612813
61.8	0.611582
61.9	0.610355
62	0.609127
62.1	0.607908
62.2	0.60669
62.3	0.605476
62.4	0.604261
62.5	0.603049
62.6	0.601846
62.7	0.600645
62.8	0.599448
62.9	0.598251
63	0.597056
63.1	0.595861
63.2	0.594666
63.3	0.593477
63.4	0.59229
63.5	0.591105
63.6	0.589919
63.7	0.588727
63.8	0.587538
63.9	0.586349
64	0.585157
64.1	0.583965
64.2	0.582776
64.3	0.581595
64.4	0.580417
64.5	0.579238
64.6	0.578058
64.7	0.576885
64.8	0.575716
64.9	0.574557
65	0.573407
65.1	0.572255
65.2	0.571108
65.3	0.569966
65.4	0.568829
65.5	0.567699
65.6	0.566573
65.7	0.565451
65.8	0.564336
65.9	0.563219
66	0.562102
66.1	0.560985
66.2	0.559869
66.3	0.558756
66.4	0.55765
66.5	0.556553
66.6	0.555465
66.7	0.554378
66.8	0.553294
66.9	0.552207
67	0.551118
67.1	0.550024
67.2	0.548926
67.3	0.547828
67.4	0.546731
67.5	0.545638
67.6	0.544548
67.7	0.543461
67.8	0.542375
67.9	0.541296
68	0.540223
68.1	0.539152
68.2	0.538083
68.3	0.537018
68.4	0.535958
68.5	0.534902
68.6	0.533855
68.7	0.532813
68.8	0.531775
68.9	0.530741
69	0.52971
69.1	0.528683
69.2	0.527662
69.3	0.526648
69.4	0.525638
69.5	0.524631
69.6	0.523629
69.7	0.522631
69.8	0.521638
69.9	0.520652
70	0.519672
70.1	0.518693
70.2	0.517719
70.3	0.516751
70.4	0.515786
70.5	0.514817
70.6	0.513849
70.7	0.512886
70.8	0.511923
70.9	0.510968
71	0.510018
71.1	0.509071
71.2	0.508129
71.3	0.507196
71.4	0.506268
71.5	0.505345
71.6	0.504424
71.7	0.503504
71.8	0.502586
71.9	0.501673
72	0.500761
72.1	0.499847
72.2	0.498931
72.3	0.498012
72.4	0.497088
72.5	0.496167
72.6	0.495247
72.7	0.49433
72.8	0.493421
72.9	0.492522
73	0.49163
73.1	0.490743
73.2	0.489851
73.3	0.488953
73.4	0.488053
73.5	0.487146
73.6	0.486237
73.7	0.485326
73.8	0.484414
73.9	0.483502
74	0.482592
74.1	0.481682
74.2	0.480769
74.3	0.479854
74.4	0.478938
74.5	0.478021
74.6	0.477101
74.7	0.476185
74.8	0.475265
74.9	0.474347
75	0.473435
75.1	0.472531
75.2	0.471627
75.3	0.470722
75.4	0.469818
75.5	0.468915
75.6	0.468014
75.7	0.467112
75.8	0.466215
75.9	0.465325
76	0.464439
76.1	0.463552
76.2	0.462667
76.3	0.461788
76.4	0.460915
76.5	0.460049
76.6	0.45919
76.7	0.458335
76.8	0.45748
76.9	0.456623
77	0.455763
77.1	0.454899
77.2	0.454035
77.3	0.453168
77.4	0.452302
77.5	0.451433
77.6	0.450562
77.7	0.449692
77.8	0.44882
77.9	0.447946
78	0.44707
78.1	0.446199
78.2	0.445332
78.3	0.444469
78.4	0.443606
78.5	0.442751
78.6	0.441904
78.7	0.44106
78.8	0.440211
78.9	0.439358
79	0.438503
79.1	0.437647
79.2	0.436792
79.3	0.435938
79.4	0.435084
79.5	0.434227
79.6	0.433373
79.7	0.432519
79.8	0.431665
79.9	0.430819
80	0.429976
80.1	0.429142
80.2	0.428317
80.3	0.427498
80.4	0.426686
80.5	0.425879
80.6	0.425072
80.7	0.424266
80.8	0.423464
80.9	0.422665
81	0.421867
81.1	0.421075
81.2	0.420284
81.3	0.41949
81.4	0.418695
81.5	0.417903
81.6	0.417115
81.7	0.416332
81.8	0.41555
81.9	0.41477
82	0.413988
82.1	0.413208
82.2	0.412434
82.3	0.411662
82.4	0.410894
82.5	0.41013
82.6	0.409364
82.7	0.4086
82.8	0.407834
82.9	0.40707
83	0.406312
83.1	0.405559
83.2	0.404809
83.3	0.404056
83.4	0.403302
83.5	0.402549
83.6	0.4018
83.7	0.401057
83.8	0.400321
83.9	0.399591
84	0.398864
84.1	0.398144
84.2	0.397426
84.3	0.396711
84.4	0.395996
84.5	0.395277
84.6	0.394561
84.7	0.393848
84.8	0.393137
84.9	0.392427
85	0.391719
85.1	0.391012
85.2	0.390308
85.3	0.389607
85.4	0.388908
85.5	0.388215
85.6	0.38753
85.7	0.386849
85.8	0.386166
85.9	0.385486
86	0.384806
86.1	0.384127
86.2	0.383443
86.3	0.382756
86.4	0.382063
86.5	0.381368
86.6	0.380675
86.7	0.379986
86.8	0.379298
86.9	0.378603
87	0.377907
87.1	0.377204
87.2	0.3765
87.3	0.3758
87.4	0.375104
87.5	0.374412
87.6	0.373726
87.7	0.37304
87.8	0.372354
87.9	0.37167
88	0.370985
88.1	0.370301
88.2	0.369617
88.3	0.368938
88.4	0.368258
88.5	0.367586
88.6	0.366917
88.7	0.366252
88.8	0.365586
88.9	0.364915
89	0.364243
89.1	0.363576
89.2	0.362911
89.3	0.362249
89.4	0.361592
89.5	0.360935
89.6	0.360276
89.7	0.359618
89.8	0.358961
89.9	0.358305
90	0.357647
90.1	0.356992
90.2	0.356342
90.3	0.355691
90.4	0.355043
90.5	0.354394
90.6	0.353739
90.7	0.35308
90.8	0.352424
90.9	0.351771
91	0.351124
91.1	0.350482
91.2	0.349843
91.3	0.349209
91.4	0.348578
91.5	0.347945
91.6	0.347315
91.7	0.346685
91.8	0.346055
91.9	0.345431
92	0.344812
92.1	0.344198
92.2	0.343587
92.3	0.342971
92.4	0.342357
92.5	0.341747
92.6	0.341136
92.7	0.340524
92.8	0.339912
92.9	0.3393
93	0.33869
93.1	0.338084
93.2	0.337477
93.3	0.336873
93.4	0.336273
93.5	0.335676
93.6	0.335079
93.7	0.33448
93.8	0.333882
93.9	0.333281
94	0.332682
94.1	0.332085
94.2	0.331493
94.3	0.330899
94.4	0.330307
94.5	0.329721
94.6	0.329141
94.7	0.328567
94.8	0.327996
94.9	0.327426
95	0.326858
95.1	0.326288
95.2	0.325718
95.3	0.325148
95.4	0.324583
95.5	0.32402
95.6	0.323456
95.7	0.322888
95.8	0.32232
95.9	0.321755
96	0.321185
96.1	0.320611
96.2	0.320036
96.3	0.319461
96.4	0.318886
96.5	0.318312
96.6	0.317741
96.7	0.31717
96.8	0.316597
96.9	0.316022
97	0.315447
97.1	0.314875
97.2	0.314305
97.3	0.313732
97.4	0.313157
97.5	0.312584
97.6	0.312006
97.7	0.31143
97.8	0.310853
97.9	0.310279
98	0.309701
98.1	0.309116
98.2	0.30853
98.3	0.307945
98.4	0.307362
98.5	0.306781
98.6	0.306199
98.7	0.30562
98.8	0.305041
98.9	0.304464
99	0.303887
99.1	0.303311
99.2	0.302741
99.3	0.30217
99.4	0.301598
99.5	0.301027
99.6	0.300459
99.7	0.299892
99.8	0.29932
99.9	0.29875
100	0.29818
100.1	0.297616
100.2	0.297053
100.3	0.296491
100.4	0.295927
100.5	0.29536
100.6	0.294794
100.7	0.294235
100.8	0.293678
100.9	0.29312
101	0.292557
101.1	0.291992
101.2	0.291425
101.3	0.290852
101.4	0.290278
101.5	0.289708
101.6	0.289138
101.7	0.288573
101.8	0.288016
101.9	0.287466
102	0.286917
102.1	0.286369
102.2	0.285823
102.3	0.28527
102.4	0.284713
102.5	0.284155
102.6	0.283601
102.7	0.283051
102.8	0.282501
102.9	0.281953
103	0.281405
103.1	0.28086
103.2	0.280313
103.3	0.279767
103.4	0.279221
103.5	0.278675
103.6	0.278132
103.7	0.277593
103.8	0.277053
103.9	0.276513
104	0.275976
104.1	0.275443
104.2	0.274917
104.3	0.274396
104.4	0.273876
104.5	0.273351
104.6	0.272823
104.7	0.272292
104.8	0.271756
104.9	0.271215
105	0.27067
105.1	0.270125
105.2	0.269584
105.3	0.269044
105.4	0.268499
105.5	0.267956
105.6	0.267413
105.7	0.266876
105.8	0.266343
105.9	0.265815
106	0.265294
106.1	0.264775
106.2	0.264259
106.3	0.263744
106.4	0.263226
106.5	0.262711
106.6	0.262195
106.7	0.26168
106.8	0.261163
106.9	0.260649
107	0.260141
107.1	0.25964
107.2	0.259141
107.3	0.258644
107.4	0.258147
107.5	0.257646
107.6	0.25715
107.7	0.256653
107.8	0.256154
107.9	0.255657
108	0.255159
108.1	0.254662
108.2	0.254175
108.3	0.253694
108.4	0.253214
108.5	0.252732
108.6	0.252254
108.7	0.251778
108.8	0.251306
108.9	0.250834
109	0.25036
109.1	0.249887
109.2	0.249422
109.3	0.248958
109.4	0.248493
109.5	0.248029
109.6	0.247571
109.7	0.247117
109.8	0.246664
109.9	0.246219
110	0.245778
110.1	0.245338
110.2	0.244899
110.3	0.24446
110.4	0.244019
110.5	0.243576
110.6	0.243128
110.7	0.242676
110.8	0.242227
110.9	0.241775
111	0.241323
111.1	0.240875
111.2	0.240426
111.3	0.239976
111.4	0.239526
111.5	0.239076
111.6	0.238626
111.7	0.238181
111.8	0.237739
111.9	0.237299
112	0.23686
112.1	0.236418
112.2	0.235975
112.3	0.23553
112.4	0.235086
112.5	0.234643
112.6	0.234202
112.7	0.233762
112.8	0.233328
112.9	0.232897
113	0.232469
113.1	0.23204
113.2	0.231615
113.3	0.231192
113.4	0.230769
113.5	0.230351
113.6	0.229935
113.7	0.229522
113.8	0.229109
113.9	0.228698
114	0.228284
114.1	0.227871
114.2	0.227457
114.3	0.227046
114.4	0.226637
114.5	0.226227
114.6	0.225813
114.7	0.225402
114.8	0.224994
114.9	0.224584
115	0.224172
115.1	0.22376
115.2	0.223352
115.3	0.222945
115.4	0.222541
115.5	0.222139
115.6	0.221736
115.7	0.221331
115.8	0.22093
115.9	0.220534
116	0.220139
116.1	0.219744
116.2	0.219348
116.3	0.218955
116.4	0.218561
116.5	0.218166
116.6	0.217773
116.7	0.21738
116.8	0.216993
116.9	0.216613
117	0.216238
117.1	0.215861
117.2	0.215486
117.3	0.215116
117.4	0.214749
117.5	0.214385
117.6	0.214024
117.7	0.213662
117.8	0.213301
117.9	0.21294
118	0.212585
118.1	0.212234
118.2	0.21188
118.3	0.211525
118.4	0.211174
118.5	0.210825
118.6	0.210477
118.7	0.210134
118.8	0.209797
118.9	0.209464
119	0.209138
119.1	0.208814
119.2	0.208491
119.3	0.208173
119.4	0.207857
119.5	0.207542
119.6	0.20723
119.7	0.20692
119.8	0.206612
119.9	0.2063
120	0.205987
120.1	0.205671
120.2	0.205352
120.3	0.205036
120.4	0.204727
120.5	0.20442
120.6	0.204116
120.7	0.20381
120.8	0.203504
120.9	0.203199
121	0.202894
121.1	0.202594
121.2	0.202298
121.3	0.202007
121.4	0.201718
121.5	0.201429
121.6	0.201133
121.7	0.200839
121.8	0.200548
121.9	0.200259
122	0.199967
122.1	0.199677
122.2	0.199388
122.3	0.199099
122.4	0.19881
122.5	0.198521
122.6	0.198231
122.7	0.197934
122.8	0.197633
122.9	0.197329
123	0.197027
123.1	0.196729
123.2	0.196432
123.3	0.196138
123.4	0.195847
123.5	0.195561
123.6	0.195275
123.7	0.194991
123.8	0.194709
123.9	0.194427
124	0.194144
124.1	0.19386
124.2	0.193573
124.3	0.193281
124.4	0.192992
124.5	0.192706
124.6	0.192423
124.7	0.192138
124.8	0.191856
124.9	0.191581
125	0.191312
125.1	0.191049
125.2	0.190783
125.3	0.190516
125.4	0.19025
125.5	0.189981
125.6	0.189712
125.7	0.189441
125.8	0.189162
125.9	0.188874
126	0.188578
126.1	0.188274
126.2	0.187965
126.3	0.187654
126.4	0.187341
126.5	0.187025
126.6	0.186703
126.7	0.186375
126.8	0.186044
126.9	0.18571
127	0.185375
127.1	0.185037
127.2	0.184696
127.3	0.184351
127.4	0.184004
127.5	0.183657
127.6	0.18331
127.7	0.182964
127.8	0.18262
127.9	0.182276
128	0.181931
128.1	0.181591
128.2	0.181252
128.3	0.180916
128.4	0.180577
128.5	0.18023
128.6	0.179877
128.7	0.179522
128.8	0.179166
128.9	0.17881
129	0.178458
129.1	0.178111
129.2	0.177762
129.3	0.177413
129.4	0.177068
129.5	0.176726
129.6	0.176386
129.7	0.176051
129.8	0.175719
129.9	0.175393
130	0.175065
130.1	0.174735
130.2	0.174405
130.3	0.174074
130.4	0.173746
130.5	0.17342
130.6	0.173097
130.7	0.172772
130.8	0.172445
130.9	0.172117
131	0.171789
131.1	0.171457
131.2	0.171126
131.3	0.170798
131.4	0.170471
131.5	0.170144
131.6	0.169819
131.7	0.169492
131.8	0.169161
131.9	0.168827
132	0.168492
132.1	0.168156
132.2	0.167819
132.3	0.167487
132.4	0.167165
132.5	0.166845
132.6	0.166521
132.7	0.166202
132.8	0.165885
132.9	0.165569
133	0.165256
133.1	0.164945
133.2	0.164635
133.3	0.164329
133.4	0.164029
133.5	0.163737
133.6	0.163447
133.7	0.163152
133.8	0.16286
133.9	0.162565
134	0.162266
134.1	0.16197
134.2	0.161671
134.3	0.161374
134.4	0.161083
134.5	0.160797
134.6	0.160513
134.7	0.160233
134.8	0.159951
134.9	0.159673
135	0.159395
135.1	0.15912
135.2	0.158853
135.3	0.158585
135.4	0.158318
135.5	0.158051
135.6	0.15779
135.7	0.15753
135.8	0.157276
135.9	0.157022
136	0.156773
136.1	0.156524
136.2	0.156278
136.3	0.156034
136.4	0.155789
136.5	0.155544
136.6	0.155299
136.7	0.155056
136.8	0.154818
136.9	0.154581
137	0.154343
137.1	0.1541
137.2	0.153855
137.3	0.153607
137.4	0.153359
137.5	0.153108
137.6	0.152857
137.7	0.15261
137.8	0.152368
137.9	0.152124
138	0.15188
138.1	0.151633
138.2	0.151387
138.3	0.151145
138.4	0.150905
138.5	0.150663
138.6	0.150422
138.7	0.150184
138.8	0.149946
138.9	0.14971
139	0.149474
139.1	0.149233
139.2	0.14899
139.3	0.148745
139.4	0.148496
139.5	0.148248
139.6	0.148003
139.7	0.147765
139.8	0.147528
139.9	0.147289
140	0.147043
140.1	0.146796
140.2	0.14655
140.3	0.146311
140.4	0.146075
140.5	0.145839
140.6	0.145596
140.7	0.145353
140.8	0.145112
140.9	0.144869
141	0.144627
141.1	0.144384
141.2	0.144138
141.3	0.143888
141.4	0.143639
141.5	0.143388
141.6	0.14314
141.7	0.142894
141.8	0.142648
141.9	0.142403
142	0.142155
142.1	0.141906
142.2	0.141654
142.3	0.141401
142.4	0.141148
142.5	0.140896
142.6	0.140652
142.7	0.140415
142.8	0.140178
142.9	0.139943
143	0.13971
143.1	0.139473
143.2	0.139233
143.3	0.138994
143.4	0.138758
143.5	0.138526
143.6	0.138301
143.7	0.138072
143.8	0.137847
143.9	0.137621
144	0.137402
144.1	0.137185
144.2	0.136974
144.3	0.136769
144.4	0.136571
144.5	0.136372
144.6	0.136173
144.7	0.135973
144.8	0.135772
144.9	0.135567
145	0.135357
145.1	0.135152
145.2	0.134955
145.3	0.13476
145.4	0.134567
145.5	0.134371
145.6	0.13417
145.7	0.133964
145.8	0.133757
145.9	0.133554
146	0.13335
146.1	0.133141
146.2	0.132927
146.3	0.132709
146.4	0.132491
146.5	0.132268
146.6	0.132045
146.7	0.131823
146.8	0.131601
146.9	0.13138
147	0.131159
147.1	0.130942
147.2	0.130725
147.3	0.130508
147.4	0.130292
147.5	0.130067
147.6	0.129834
147.7	0.129594
147.8	0.12935
147.9	0.129107
148	0.128865
148.1	0.12863
148.2	0.128397
148.3	0.128166
148.4	0.12794
148.5	0.127716
148.6	0.127495
148.7	0.127272
148.8	0.127054
148.9	0.12684
149	0.126629
149.1	0.126421
149.2	0.126216
149.3	0.126001
149.4	0.125785
149.5	0.12557
149.6	0.125356
149.7	0.125141
149.8	0.124923
149.9	0.124702
150	0.124475
150.1	0.124242
150.2	0.124003
150.3	0.123757
150.4	0.123507
150.5	0.123258
150.6	0.123012
150.7	0.122771
150.8	0.122533
150.9	0.122297
151	0.122062
151.1	0.121831
151.2	0.121601
151.3	0.121376
151.4	0.121155
151.5	0.120933
151.6	0.120707
151.7	0.120479
151.8	0.120247
151.9	0.120012
152	0.119781
152.1	0.119556
152.2	0.119336
152.3	0.119124
152.4	0.118916
152.5	0.118703
152.6	0.118482
152.7	0.118257
152.8	0.11803
152.9	0.117803
153	0.117574
153.1	0.117343
153.2	0.117116
153.3	0.11689
153.4	0.116666
153.5	0.116445
153.6	0.116226
153.7	0.116009
153.8	0.115793
153.9	0.115576
154	0.115357
154.1	0.115131
154.2	0.1149
154.3	0.114666
154.4	0.114428
154.5	0.114185
154.6	0.113942
154.7	0.113703
154.8	0.113464
154.9	0.113224
155	0.11298
155.1	0.112738
155.2	0.112497
155.3	0.112256
155.4	0.112013
155.5	0.111768
155.6	0.111519
155.7	0.111266
155.8	0.111018
155.9	0.110774
156	0.11053
156.1	0.110284
156.2	0.110037
156.3	0.109787
156.4	0.109535
156.5	0.109282
156.6	0.109028
156.7	0.108775
156.8	0.108524
156.9	0.108272
157	0.10802
157.1	0.10777
157.2	0.107525
157.3	0.107279
157.4	0.107034
157.5	0.106792
157.6	0.106547
157.7	0.106298
157.8	0.106044
157.9	0.105788
158	0.105531
158.1	0.105275
158.2	0.105024
158.3	0.104777
158.4	0.104533
158.5	0.10429
158.6	0.104051
158.7	0.103817
158.8	0.103577
158.9	0.103329
159	0.103079
159.1	0.102826
159.2	0.102569
159.3	0.102308
159.4	0.102051
159.5	0.101799
159.6	0.101548
159.7	0.101301
159.8	0.101056
159.9	0.100815
160	0.100579
160.1	0.100344
160.2	0.100109
160.3	0.0998697
160.4	0.0996312
160.5	0.0993946
160.6	0.0991614
160.7	0.098928
160.8	0.0986946
160.9	0.098458
161	0.0982201
161.1	0.0979823
161.2	0.097751
161.3	0.0975244
161.4	0.0973014
161.5	0.0970862
161.6	0.096877
161.7	0.0966766
161.8	0.096478
161.9	0.0962848
162	0.0960928
162.1	0.0958967
162.2	0.0956964
162.3	0.0954947
162.4	0.0952892
162.5	0.0950842
162.6	0.0948785
162.7	0.0946783
162.8	0.0944816
162.9	0.0942865
163	0.0940897
163.1	0.0938925
163.2	0.093691
163.3	0.0934864
163.4	0.0932816
163.5	0.0930768
163.6	0.0928729
163.7	0.0926734
163.8	0.0924717
163.9	0.0922699
164	0.0920646
164.1	0.091855
164.2	0.0916468
164.3	0.091441
164.4	0.0912397
164.5	0.0910384
164.6	0.0908342
164.7	0.0906322
164.8	0.0904312
164.9	0.0902321
165	0.0900286
165.1	0.0898224
165.2	0.0896141
165.3	0.0894065
165.4	0.0891998
165.5	0.0889934
165.6	0.0887887
165.7	0.0885915
165.8	0.0883996
165.9	0.0882141
166	0.0880327
166.1	0.0878478
166.2	0.0876603
166.3	0.0874777
166.4	0.0872958
166.5	0.0871144
166.6	0.0869341
166.7	0.086758
166.8	0.086585
166.9	0.0864066
167	0.0862243
167.1	0.0860421
167.2	0.0858618
167.3	0.0856864
167.4	0.0855197
167.5	0.0853572
167.6	0.0851931
167.7	0.0850311
167.8	0.0848735
167.9	0.0847202
168	0.0845642
168.1	0.0844085
168.2	0.0842505
168.3	0.0840855
168.4	0.0839204
168.5	0.0837554
168.6	0.0835906
168.7	0.0834288
168.8	0.0832731
168.9	0.083124
169	0.0829704
169.1	0.0828124
169.2	0.0826521
169.3	0.0824875
169.4	0.0823254
169.5	0.0821654
169.6	0.082005
169.7	0.081835
169.8	0.0816586
169.9	0.0814731
170	0.08128
170.1	0.0810857
170.2	0.0808848
170.3	0.0806804
170.4	0.0804744
170.5	0.0802627
170.6	0.080053
170.7	0.0798472
170.8	0.0796417
170.9	0.0794372
171	0.0792293
171.1	0.079023
171.2	0.0788162
171.3	0.078612
171.4	0.0784089
171.5	0.0782016
171.6	0.0779916
171.7	0.0777856
171.8	0.0775844
171.9	0.0773854
172	0.0771889
172.1	0.076996
172.2	0.0768043
172.3	0.076608
172.4	0.0764061
172.5	0.0761987
172.6	0.0759892
172.7	0.0757757
172.8	0.075556
172.9	0.0753339
173	0.0751099
173.1	0.0748863
173.2	0.074661
173.3	0.0744327
173.4	0.0742007
173.5	0.0739658
173.6	0.0737304
173.7	0.0734937
173.8	0.0732597
173.9	0.0730284
174	0.0727946
174.1	0.0725599
174.2	0.0723234
174.3	0.0720862
174.4	0.0718488
174.5	0.0716135
174.6	0.0713774
174.7	0.0711406
174.8	0.0709038
174.9	0.070669
175	0.0704375
175.1	0.0702066
175.2	0.0699729
175.3	0.0697364
175.4	0.0694989
175.5	0.0692672
175.6	0.0690376
175.7	0.0688114
175.8	0.0685869
175.9	0.0683614
176	0.068141
176.1	0.0679231
176.2	0.0677047
176.3	0.0674858
176.4	0.0672644
176.5	0.0670415
176.6	0.0668162
176.7	0.0665898
176.8	0.0663647
176.9	0.0661343
177	0.0658986
177.1	0.0656639
177.2	0.0654311
177.3	0.0651989
177.4	0.0649654
177.5	0.0647363
177.6	0.0645122
177.7	0.0642886
177.8	0.0640649
177.9	0.0638407
178	0.0636147
178.1	0.0633911
178.2	0.0631717
178.3	0.0629585
178.4	0.0627503
178.5	0.0625394
178.6	0.0623233
178.7	0.0621054
178.8	0.0618888
178.9	0.0616788
179	0.0614726
179.1	0.0612713
179.2	0.0610701
179.3	0.0608672
179.4	0.060664
179.5	0.060461
179.6	0.0602619
179.7	0.0600636
179.8	0.0598662
179.9	0.0596669
180	0.0594666
180.1	0.0592625
180.2	0.0590576
180.3	0.0588592
180.4	0.0586684
180.5	0.0584816
180.6	0.0582984
180.7	0.0581121
180.8	0.0579227
180.9	0.0577352
181	0.0575481
181.1	0.0573604
181.2	0.0571787
181.3	0.0570003
181.4	0.0568268
181.5	0.0566525
181.6	0.0564854
181.7	0.0563177
181.8	0.0561474
181.9	0.0559778
182	0.0558058
182.1	0.0556347
182.2	0.0554672
182.3	0.0552995
182.4	0.0551343
182.5	0.0549709
182.6	0.0548084
182.7	0.0546426
182.8	0.0544738
182.9	0.0543004
183	0.0541236
183.1	0.0539469
183.2	0.0537698
183.3	0.0535899
183.4	0.0534049
183.5	0.0532191
183.6	0.053033
183.7	0.0528484
183.8	0.0526706
183.9	0.0524921
184	0.0523132
184.1	0.0521348
184.2	0.051959
184.3	0.0517796
184.4	0.0516037
184.5	0.0514288
184.6	0.0512552
184.7	0.0510846
184.8	0.0509179
184.9	0.0507491
185	0.0505794
185.1	0.0504094
185.2	0.0502411
185.3	0.050071
185.4	0.0499013
185.5	0.0497276
185.6	0.0495516
185.7	0.0493736
185.8	0.0491961
185.9	0.0490182
186	0.0488372
186.1	0.0486545
186.2	0.0484735
186.3	0.0482928
186.4	0.0481103
186.5	0.0479254
186.6	0.0477424
186.7	0.0475636
186.8	0.0473875
186.9	0.0472116
187	0.0470368
187.1	0.0468643
187.2	0.0466897
187.3	0.0465088
187.4	0.0463301
187.5	0.046154
187.6	0.0459805
187.7	0.0458088
187.8	0.045636
187.9	0.0454638
188	0.0452894
188.1	0.0451138
188.2	0.0449394
188.3	0.0447644
188.4	0.0445898
188.5	0.0444134
188.6	0.0442406
188.7	0.0440687
188.8	0.0438873
188.9	0.0437002
189	0.0435109
189.1	0.0433219
189.2	0.0431323
189.3	0.0429447
189.4	0.0427555
189.5	0.0425674
189.6	0.0423806
189.7	0.0421986
189.8	0.0420234
189.9	0.0418538
190	0.0416847
190.1	0.0415173
190.2	0.0413476
190.3	0.0411789
190.4	0.0410158
190.5	0.0408566
190.6	0.040695
190.7	0.0405361
190.8	0.0403797
190.9	0.0402242
191	0.0400652
191.1	0.039907
191.2	0.0397505
191.3	0.0395933
191.4	0.0394354
191.5	0.0392747
191.6	0.0391128
191.7	0.0389509
191.8	0.0387893
191.9	0.0386258
192	0.0384608
192.1	0.0382958
192.2	0.038132
192.3	0.0379668
192.4	0.0378008
192.5	0.0376402
192.6	0.0374842
192.7	0.0373364
192.8	0.0371929
192.9	0.0370518
193	0.0369149
193.1	0.0367822
193.2	0.0366495
193.3	0.0365164
193.4	0.0363869
193.5	0.0362566
193.6	0.0361248
193.7	0.0359931
193.8	0.0358616
193.9	0.0357323
194	0.0356048
194.1	0.0354773
194.2	0.0353527
194.3	0.035231
194.4	0.0351053
194.5	0.0349776
194.6	0.0348507
194.7	0.0347261
194.8	0.0346021
194.9	0.0344814
195	0.0343645
195.1	0.0342494
195.2	0.0341317
195.3	0.0340129
195.4	0.0338929
195.5	0.0337727
195.6	0.033655
195.7	0.0335387
195.8	0.0334296
195.9	0.0333239
196	0.0332209
196.1	0.0331184
196.2	0.0330179
196.3	0.0329159
196.4	0.0328119
196.5	0.0327072
196.6	0.0326059
196.7	0.0325065
196.8	0.0324018
196.9	0.0322957
197	0.0321869
197.1	0.0320807
197.2	0.0319728
197.3	0.0318624
197.4	0.031749
197.5	0.031636
197.6	0.0315233
197.7	0.0314095
197.8	0.0312924
197.9	0.0311716
198	0.0310525
198.1	0.0309304
198.2	0.0308055
198.3	0.0306785
198.4	0.0305497
198.5	0.0304174
198.6	0.0302873
198.7	0.0301584
198.8	0.0300241
198.9	0.0298892
199	0.0297538
199.1	0.0296158
199.2	0.0294763
199.3	0.0293379
199.4	0.0291947
199.5	0.0290493
199.6	0.0288983
199.7	0.0287434
199.8	0.0285832
199.9	0.0284211
200	0.0282582
200.1	0.0281009
200.2	0.0279445
200.3	0.0277852
200.4	0.0276267
200.5	0.0274717
200.6	0.0273223
200.7	0.0271801
200.8	0.0270467
200.9	0.0269203
201	0.0268007
201.1	0.0266908
201.2	0.0265834
201.3	0.0264769
201.4	0.0263709
201.5	0.0262658
201.6	0.0261607
201.7	0.0260564
201.8	0.0259563
201.9	0.0258562
202	0.0257573
202.1	0.0256566
202.2	0.0255551
202.3	0.0254505
202.4	0.0253406
202.5	0.0252279
202.6	0.0251173
202.7	0.0250084
202.8	0.0249028
202.9	0.0247941
203	0.0246809
203.1	0.024561
203.2	0.0244388
203.3	0.0243194
203.4	0.0241979
203.5	0.0240809
203.6	0.0239655
203.7	0.0238505
203.8	0.0237347
203.9	0.0236175
204	0.0235007
204.1	0.0233813
204.2	0.0232603
204.3	0.0231445
204.4	0.0230329
204.5	0.0229182
204.6	0.0227998
204.7	0.0226767
204.8	0.0225555
204.9	0.0224363
205	0.022318
205.1	0.022198
205.2	0.0220766
205.3	0.0219547
205.4	0.0218375
205.5	0.0217238
205.6	0.0216149
205.7	0.0215103
205.8	0.0214092
205.9	0.0213113
206	0.0212148
206.1	0.0211146
206.2	0.0210091
206.3	0.0209005
206.4	0.0207899
206.5	0.0206795
206.6	0.020571
206.7	0.0204657
206.8	0.0203561
206.9	0.0202391
207	0.0201169
207.1	0.0199938
207.2	0.0198665
207.3	0.0197417
207.4	0.0196253
207.5	0.01951
207.6	0.0193938
207.7	0.0192746
207.8	0.0191606
207.9	0.0190503
208	0.0189453
208.1	0.0188445
208.2	0.0187435
208.3	0.0186472
208.4	0.0185492
208.5	0.0184527
208.6	0.0183565
208.7	0.0182596
208.8	0.0181586
208.9	0.0180584
209	0.0179606
209.1	0.0178627
209.2	0.017757
209.3	0.0176465
209.4	0.0175364
209.5	0.0174286
209.6	0.0173198
209.7	0.0172101
209.8	0.0171035
209.9	0.0169993
210	0.016896
210.1	0.0167941
210.2	0.0166924
210.3	0.0165934
210.4	0.0164969
210.5	0.0164033
210.6	0.0163133
210.7	0.0162215
210.8	0.016135
210.9	0.0160501
211	0.0159688
211.1	0.0158878
211.2	0.0158017
211.3	0.0157135
211.4	0.015622
211.5	0.015529
211.6	0.015435
211.7	0.0153446
211.8	0.0152537
211.9	0.015158
212	0.0150631
212.1	0.0149702
212.2	0.0148802
212.3	0.0147955
212.4	0.0147114
212.5	0.0146227
212.6	0.0145337
212.7	0.0144434
212.8	0.0143546
212.9	0.0142707
213	0.0141902
213.1	0.0141111
213.2	0.0140382
213.3	0.013972
213.4	0.0139047
213.5	0.0138368
213.6	0.0137677
213.7	0.0136995
213.8	0.013631
213.9	0.013564
214	0.0134982
214.1	0.0134338
214.2	0.0133693
214.3	0.013304
214.4	0.013232
214.5	0.0131585
214.6	0.0130894
214.7	0.0130231
214.8	0.012956
214.9	0.0128883
215	0.0128167
215.1	0.0127457
215.2	0.0126723
215.3	0.0125965
215.4	0.0125169
215.5	0.0124411
215.6	0.0123696
215.7	0.0122997
215.8	0.0122318
215.9	0.0121643
216	0.0120919
216.1	0.012013
216.2	0.0119278
216.3	0.01184
216.4	0.0117578
216.5	0.0116818
216.6	0.0116119
216.7	0.0115437
216.8	0.0114745
216.9	0.0114019
217	0.0113295
217.1	0.0112594
217.2	0.0111909
217.3	0.0111239
217.4	0.0110568
217.5	0.010988
217.6	0.0109202
217.7	0.0108539
217.8	0.0107865
217.9	0.0107172
218	0.0106452
218.1	0.0105693
218.2	0.0104938
218.3	0.010417
218.4	0.010339
218.5	0.0102575
218.6	0.0101725
218.7	0.010086
218.8	0.0100038
218.9	0.00992256
219	0.00984189
219.1	0.00976105
219.2	0.00968385
219.3	0.00960452
219.4	0.00952318
219.5	0.00944257
219.6	0.00936238
219.7	0.0092784
219.8	0.00918736
219.9	0.00909071
220	0.00899421
220.1	0.00890217
220.2	0.00880461
220.3	0.00870028
220.4	0.00859309
220.5	0.00848619
220.6	0.00837767
220.7	0.0082697
220.8	0.00816241
220.9	0.00805552
221	0.00795228
221.1	0.00785042
221.2	0.00774563
221.3	0.00763715
221.4	0.00752724
221.5	0.00741513
221.6	0.00730121
221.7	0.00718916
221.8	0.00708174
221.9	0.00698232
222	0.00688122
222.1	0.00677707
222.2	0.0066708
222.3	0.00656031
222.4	0.00644235
222.5	0.0063191
222.6	0.00619419
222.7	0.00606685
222.8	0.00594621
222.9	0.00582583
223	0.00570705
223.1	0.00558934
223.2	0.00547391
223.3	0.00536081
223.4	0.00524821
223.5	0.00512702
223.6	0.00499884
223.7	0.00487147
223.8	0.00474264
223.9	0.00461161
224	0.00447936
224.1	0.00435039
224.2	0.00422481
224.3	0.00410061
224.4	0.00397407
224.5	0.00384528
224.6	0.00371369
224.7	0.00358615
224.8	0.00346356
224.9	0.00334156
225	0.00321988
225.1	0.00309682
225.2	0.00297266
225.3	0.00284573
225.4	0.00271991
225.5	0.00259726
225.6	0.00247595
225.7	0.00235283
225.8	0.00222736
225.9	0.00210572
226	0.00199038
226.1	0.00188099
226.2	0.00177325
226.3	0.00166702
226.4	0.00155889
226.5	0.00145349
226.6	0.00134773
226.7	0.00124006
226.8	0.00113435
226.9	0.00102665
227	0.00092009
227.1	0.000815065
227.2	0.000718122
227.3	0.000624655
227.4	0.000536781
227.5	0.000451251
227.6	0.000367611
227.7	0.000284204
227.8	0.000205307
227.9	0.000130276
228	5.29449e-05
228.1	-3.11154e-05
228.2	-0.000121022
228.3	-0.000211894
228.4	-0.000303225
228.5	-0.000395555
228.6	-0.000492334
228.7	-0.000589528
228.8	-0.000688624
228.9	-0.000793725
229	-0.0009026
229.1	-0.00101519
229.2	-0.00112912
229.3	-0.00124416
229.4	-0.00135975
229.5	-0.0014758
229.6	-0.00159194
229.7	-0.00170787
229.8	-0.00182292
229.9	-0.00193759
230	-0.00205986
230.1	-0.0021863
230.2	-0.002317
230.3	-0.0024492
230.4	-0.00257927
230.5	-0.00270842
230.6	-0.0028389
230.7	-0.00297012
230.8	-0.00309801
230.9	-0.00322188
231	-0.00334142
231.1	-0.00345719
231.2	-0.00356899
231.3	-0.00367873
231.4	-0.00379018
231.5	-0.00390303
231.6	-0.00401807
231.7	-0.00413603
231.8	-0.00425579
231.9	-0.00438064
232	-0.00450735
232.1	-0.00463372
232.2	-0.00476049
232.3	-0.00488925
232.4	-0.00501812
232.5	-0.0051446
232.6	-0.00526678
232.7	-0.00538803
232.8	-0.00551097
232.9	-0.00563436
233	-0.00575664
233.1	-0.00587791
233.2	-0.00600095
233.3	-0.00612514
233.4	-0.00624756
233.5	-0.00637006
233.6	-0.00649207
233.7	-0.00661679
233.8	-0.00674158
233.9	-0.00686821
234	-0.00699454
234.1	-0.00711751
234.2	-0.00724043
234.3	-0.00735813
234.4	-0.00747453
234.5	-0.00758556
234.6	-0.00769199
234.7	-0.0077957
234.8	-0.0078975
234.9	-0.00800243
235	-0.00810713
235.1	-0.00820361
235.2	-0.00829329
235.3	-0.00837948
235.4	-0.00846154
235.5	-0.0085373
235.6	-0.00860643
235.7	-0.00867342
235.8	-0.00873902
235.9	-0.0088099
236	-0.00888069
236.1	-0.0089474
236.2	-0.00901361
236.3	-0.00907547
236.4	-0.00913421
236.5	-0.00919484
236.6	-0.00926122
236.7	-0.00932813
236.8	-0.00939878
236.9	-0.00947521
237	-0.00956055
237.1	-0.00965139
237.2	-0.00974772
237.3	-0.00984895
237.4	-0.00995369
237.5	-0.0100605
237.6	-0.010164
237.7	-0.010269
237.8	-0.0103718
237.9	-0.0104715
238	-0.0105729
238.1	-0.0106785
238.2	-0.010786
238.3	-0.0108925
238.4	-0.0109992
238.5	-0.0111041
238.6	-0.0112092
238.7	-0.0113091
238.8	-0.0114096
238.9	-0.0115095
239	-0.0116086
239.1	-0.0117064
239.2	-0.0118061
239.3	-0.0119084
239.4	-0.0120067
239.5	-0.0121031
239.6	-0.0122033
239.7	-0.0123055
239.8	-0.0124076
239.9	-0.0125087
240	-0.0126099
240.1	-0.0127071
240.2	-0.0128046
240.3	-0.0129045
240.4	-0.0130078
240.5	-0.0131071
240.6	-0.0132029
240.7	-0.013298
240.8	-0.0133894
240.9	-0.0134826
241	-0.0135764
241.1	-0.0136684
241.2	-0.0137527
241.3	-0.0138331
241.4	-0.0139102
241.5	-0.0139809
241.6	-0.0140469
241.7	-0.0141068
241.8	-0.0141618
241.9	-0.0142122
242	-0.0142582
242.1	-0.0142969
242.2	-0.0143322
242.3	-0.0143653
242.4	-0.0143982
242.5	-0.0144322
242.6	-0.0144633
242.7	-0.0144954
242.8	-0.0145256
242.9	-0.0145578
243	-0.014586
243.1	-0.0146065
243.2	-0.0146314
243.3	-0.0146569
243.4	-0.0146813
243.5	-0.0147092
243.6	-0.0147381
243.7	-0.0147657
243.8	-0.0147937
243.9	-0.0148209
244	-0.0148433
244.1	-0.0148608
244.2	-0.0148749
244.3	-0.0148872
244.4	-0.0148967
244.5	-0.0149084
244.6	-0.0149205
244.7	-0.0149293
244.8	-0.0149351
244.9	-0.0149387
245	-0.0149437
245.1	-0.0149504
245.2	-0.0149584
245.3	-0.0149634
245.4	-0.0149671
245.5	-0.0149726
245.6	-0.01498
245.7	-0.0149849
245.8	-0.0149857
245.9	-0.0149866
246	-0.0149881
246.1	-0.0149883
246.2	-0.0149887
246.3	-0.0149859
246.4	-0.014983
246.5	-0.014977
246.6	-0.014967
246.7	-0.0149553
246.8	-0.0149456
246.9	-0.0149347
247	-0.0149209
247.1	-0.0149103
247.2	-0.0149056
247.3	-0.0149038
247.4	-0.014901
247.5	-0.0149043
247.6	-0.0149111
247.7	-0.0149188
247.8	-0.0149244
247.9	-0.014931
248	-0.014937
248.1	-0.0149416
248.2	-0.0149485
248.3	-0.0149538
248.4	-0.0149662
248.5	-0.0149832
248.6	-0.014999
248.7	-0.0150192
248.8	-0.0150391
248.9	-0.0150566
249	-0.0150714
249.1	-0.0150825
249.2	-0.0150906
249.3	-0.0151004
249.4	-0.0151081
249.5	-0.0151139
249.6	-0.0151175
249.7	-0.0151229
249.8	-0.0151338
249.9	-0.0151526
250	-0.0151686
250.1	-0.0151861
250.2	-0.0152014
250.3	-0.0152155
250.4	-0.0152341
250.5	-0.0152548
250.6	-0.0152731
250.7	-0.0152893
250.8	-0.0153045
250.9	-0.0153173
251	-0.0153276
251.1	-0.0153359
251.2	-0.0153489
251.3	-0.0153608
251.4	-0.0153736
251.5	-0.0153877
251.6	-0.0154067
251.7	-0.0154291
251.8	-0.0154539
251.9	-0.0154798
252	-0.0155072
252.1	-0.0155341
252.2	-0.0155622
252.3	-0.0155868
252.4	-0.0156096
252.5	-0.0156317
252.6	-0.0156541
252.7	-0.0156795
252.8	-0.0157032
252.9	-0.0157249
253	-0.0157442
253.1	-0.0157663
253.2	-0.0157894
253.3	-0.0158111
253.4	-0.0158331
253.5	-0.0158527
253.6	-0.0158724
253.7	-0.0158911
253.8	-0.01591
253.9	-0.0159307
254	-0.0159545
254.1	-0.0159811
254.2	-0.0160095
254.3	-0.0160379
254.4	-0.0160667
254.5	-0.0160963
254.6	-0.0161293
254.7	-0.0161659
254.8	-0.0162069
254.9	-0.0162506
255	-0.0162959
255.1	-0.0163407
255.2	-0.0163836
255.3	-0.0164251
255.4	-0.0164693
255.5	-0.0165208
255.6	-0.0165729
255.7	-0.0166217
255.8	-0.0166697
255.9	-0.0167181
256	-0.0167661
256.1	-0.0168199
256.2	-0.0168744
256.3	-0.0169257
256.4	-0.016979
256.5	-0.0170363
256.6	-0.0170971
256.7	-0.0171578
256.8	-0.0172197
256.9	-0.0172774
257	-0.0173365
257.1	-0.0173956
257.2	-0.017447
257.3	-0.0174941
257.4	-0.017542
257.5	-0.0175877
257.6	-0.0176286
257.7	-0.0176683
257.8	-0.0177066
257.9	-0.0177414
258	-0.0177708
258.1	-0.0177959
258.2	-0.0178195
258.3	-0.0178394
258.4	-0.0178583
258.5	-0.017873
258.6	-0.0178822
258.7	-0.0178913
258.8	-0.017902
258.9	-0.017911
259	-0.0179195
259.1	-0.0179301
259.2	-0.017946
259.3	-0.0179685
259.4	-0.017992
259.5	-0.0180127
259.6	-0.01803
259.7	-0.0180462
259.8	-0.0180627
259.9	-0.0180792
260	-0.0180955
260.1	-0.0181085
260.2	-0.0181181
260.3	-0.0181263
260.4	-0.01813
260.5	-0.0181362
260.6	-0.0181455
260.7	-0.0181605
260.8	-0.0181808
260.9	-0.0182062
261	-0.0182293
261.1	-0.0182522
261.2	-0.0182698
261.3	-0.01828
261.4	-0.0182858
261.5	-0.0182875
261.6	-0.0182877
261.7	-0.018285
261.8	-0.0182854
261.9	-0.0182898
262	-0.0182948
262.1	-0.0183012
262.2	-0.0183042
262.3	-0.0183072
262.4	-0.018313
262.5	-0.0183198
262.6	-0.0183213
262.7	-0.018318
262.8	-0.0183109
262.9	-0.0183009
263	-0.0182926
263.1	-0.0182813
263.2	-0.0182687
263.3	-0.0182598
263.4	-0.0182527
263.5	-0.0182429
263.6	-0.0182268
263.7	-0.0182068
263.8	-0.0181876
263.9	-0.0181695
264	-0.0181557
264.1	-0.0181418
264.2	-0.0181259
264.3	-0.0181079
264.4	-0.018095
264.5	-0.0180862
264.6	-0.0180809
264.7	-0.0180776
264.8	-0.0180789
264.9	-0.0180846
265	-0.0180935
265.1	-0.0181068
265.2	-0.0181215
265.3	-0.0181364
265.4	-0.0181497
265.5	-0.018165
265.6	-0.018178
265.7	-0.0181882
265.8	-0.0182003
265.9	-0.0182158
266	-0.018228
266.1	-0.0182424
266.2	-0.0182539
266.3	-0.0182635
266.4	-0.0182726
266.5	-0.01828
266.6	-0.0182867
266.7	-0.0182931
266.8	-0.0182989
266.9	-0.0183024
267	-0.0183016
267.1	-0.0182966
267.2	-0.0182886
267.3	-0.0182783
267.4	-0.0182734
267.5	-0.0182672
267.6	-0.0182609
267.7	-0.0182479
267.8	-0.0182271
267.9	-0.018204
268	-0.0181817
268.1	-0.0181559
268.2	-0.0181289
268.3	-0.0181019
268.4	-0.0180758
268.5	-0.0180515
268.6	-0.0180279
268.7	-0.0180043
268.8	-0.0179767
268.9	-0.0179443
269	-0.0179086
269.1	-0.0178734
269.2	-0.0178359
269.3	-0.0178018
269.4	-0.0177684
269.5	-0.0177368
269.6	-0.017707
269.7	-0.0176804
269.8	-0.0176601
269.9	-0.0176437
270	-0.0176303
270.1	-0.017616
270.2	-0.0175997
270.3	-0.0175859
270.4	-0.0175743
270.5	-0.017566
270.6	-0.0175598
270.7	-0.0175566
270.8	-0.0175511
270.9	-0.0175456
271	-0.0175379
271.1	-0.0175265
271.2	-0.0175128
271.3	-0.0174995
271.4	-0.0174871
271.5	-0.0174742
271.6	-0.0174634
271.7	-0.0174542
271.8	-0.0174476
271.9	-0.0174455
272	-0.0174434
272.1	-0.0174459
272.2	-0.0174477
272.3	-0.0174516
272.4	-0.0174638
272.5	-0.0174816
272.6	-0.0175037
272.7	-0.0175296
272.8	-0.0175561
272.9	-0.0175817
273	-0.0176063
273.1	-0.0176272
273.2	-0.0176453
273.3	-0.0176608
273.4	-0.0176709
273.5	-0.0176811
273.6	-0.0176928
273.7	-0.0176978
273.8	-0.0176968
273.9	-0.0176925
274	-0.0176897
274.1	-0.0176864
274.2	-0.0176878
274.3	-0.0176884
274.4	-0.017691
274.5	-0.0176943
274.6	-0.017696
274.7	-0.0177014
274.8	-0.0177077
274.9	-0.0177129
275	-0.0177179
275.1	-0.0177258
275.2	-0.0177316
275.3	-0.0177389
275.4	-0.0177481
275.5	-0.0177632
275.6	-0.0177781
275.7	-0.0177885
275.8	-0.0177974
275.9	-0.0178067
276	-0.0178175
276.1	-0.0178318
276.2	-0.0178451
276.3	-0.0178628
276.4	-0.0178861
276.5	-0.0179115
276.6	-0.0179396
276.7	-0.0179679
276.8	-0.0179986
276.9	-0.0180319
277	-0.0180683
277.1	-0.0181013
277.2	-0.0181367
277.3	-0.0181719
277.4	-0.0182083
277.5	-0.0182474
277.6	-0.0182904
277.7	-0.0183399
277.8	-0.0183925
277.9	-0.0184415
278	-0.0184868
278.1	-0.0185296
278.2	-0.0185761
278.3	-0.0186279
278.4	-0.0186835
278.5	-0.0187412
278.6	-0.0188017
278.7	-0.0188631
278.8	-0.0189256
278.9	-0.0189855
279	-0.0190464
279.1	-0.0191112
279.2	-0.0191793
279.3	-0.0192507
279.4	-0.0193246
279.5	-0.0193955
279.6	-0.0194632
279.7	-0.0195285
279.8	-0.0195912
279.9	-0.0196596
280	-0.0197292
280.1	-0.0197951
280.2	-0.0198597
280.3	-0.0199254
280.4	-0.0199898
280.5	-0.0200578
280.6	-0.0201222
280.7	-0.0201858
280.8	-0.0202545
280.9	-0.020324
281	-0.020391
281.1	-0.0204567
281.2	-0.02052
281.3	-0.0205852
281.4	-0.0206521
281.5	-0.0207209
281.6	-0.0207887
281.7	-0.0208596
281.8	-0.0209314
281.9	-0.0210093
282	-0.0210947
282.1	-0.0211788
282.2	-0.0212616
282.3	-0.0213417
282.4	-0.0214191
282.5	-0.0214962
282.6	-0.021572
282.7	-0.021646
282.8	-0.0217227
282.9	-0.0217951
283	-0.0218693
283.1	-0.0219465
283.2	-0.0220262
283.3	-0.0221121
283.4	-0.0221988
283.5	-0.0222858
283.6	-0.0223746
283.7	-0.0224643
283.8	-0.0225502
283.9	-0.0226302
284	-0.022707
284.1	-0.0227801
284.2	-0.0228484
284.3	-0.0229206
284.4	-0.0229938
284.5	-0.0230654
284.6	-0.0231361
284.7	-0.0232042
284.8	-0.0232693
284.9	-0.0233338
285	-0.0234
285.1	-0.0234658
285.2	-0.0235283
285.3	-0.0235908
285.4	-0.0236496
285.5	-0.0237036
285.6	-0.0237598
285.7	-0.0238102
285.8	-0.0238604
285.9	-0.0239149
286	-0.0239686
286.1	-0.0240245
286.2	-0.0240833
286.3	-0.024144
286.4	-0.024204
286.5	-0.0242633
286.6	-0.0243186
286.7	-0.0243681
286.8	-0.0244118
286.9	-0.0244489
287	-0.0244882
287.1	-0.0245295
287.2	-0.0245756
287.3	-0.0246261
287.4	-0.024678
287.5	-0.0247265
287.6	-0.0247739
287.7	-0.0248232
287.8	-0.0248715
287.9	-0.02492
288	-0.0249715
288.1	-0.0250256
288.2	-0.0250806
288.3	-0.0251363
288.4	-0.0251915
288.5	-0.0252531
288.6	-0.0253141
288.7	-0.0253733
288.8	-0.0254334
288.9	-0.0254915
289	-0.0255495
289.1	-0.0256042
289.2	-0.0256604
289.3	-0.0257189
289.4	-0.0257804
289.5	-0.0258364
289.6	-0.0258868
289.7	-0.0259341
289.8	-0.0259812
289.9	-0.0260326
290	-0.0260831
290.1	-0.026134
290.2	-0.0261818
290.3	-0.0262285
290.4	-0.0262737
290.5	-0.0263171
290.6	-0.0263566
290.7	-0.0263947
290.8	-0.0264324
290.9	-0.0264696
291	-0.0265058
291.1	-0.026539
291.2	-0.0265724
291.3	-0.0266015
291.4	-0.0266318
291.5	-0.0266647
291.6	-0.0266952
291.7	-0.0267201
291.8	-0.026739
291.9	-0.0267574
292	-0.026777
292.1	-0.0267955
292.2	-0.026815
292.3	-0.026834
292.4	-0.0268523
292.5	-0.0268748
292.6	-0.0268967
292.7	-0.0269231
292.8	-0.0269512
292.9	-0.0269851
293	-0.0270261
293.1	-0.0270651
293.2	-0.0270989
293.3	-0.0271326
293.4	-0.0271689
293.5	-0.0272016
293.6	-0.0272286
293.7	-0.0272509
293.8	-0.0272713
293.9	-0.0272891
294	-0.0273094
294.1	-0.0273359
294.2	-0.0273661
294.3	-0.0273988
294.4	-0.0274335
294.5	-0.0274702
294.6	-0.0275102
294.7	-0.0275512
294.8	-0.0275893
294.9	-0.0276289
295	-0.0276718
295.1	-0.0277159
295.2	-0.0277634
295.3	-0.0278164
295.4	-0.0278695
295.5	-0.0279173
295.6	-0.0279606
295.7	-0.0279978
295.8	-0.028034
295.9	-0.0280685
296	-0.0280963
296.1	-0.0281185
296.2	-0.0281411
296.3	-0.0281648
296.4	-0.0281898
296.5	-0.0282168
296.6	-0.0282467
296.7	-0.0282807
296.8	-0.0283195
296.9	-0.0283585
297	-0.0283999
297.1	-0.0284336
297.2	-0.0284648
297.3	-0.0284942
297.4	-0.0285273
297.5	-0.0285623
297.6	-0.0285983
297.7	-0.0286357
297.8	-0.0286732
297.9	-0.0287024
298	-0.0287267
298.1	-0.0287474
298.2	-0.0287654
298.3	-0.0287849
298.4	-0.0288009
298.5	-0.0288114
298.6	-0.0288179
298.7	-0.0288275
298.8	-0.0288413
298.9	-0.0288594
299	-0.0288731
299.1	-0.0288787
299.2	-0.0288758
299.3	-0.0288588
299.4	-0.0288379
299.5	-0.0288183
299.6	-0.0288029
299.7	-0.0287875
299.8	-0.0287681
299.9	-0.0287483
300	-0.0287273
300.1	-0.0287058
300.2	-0.0286797
300.3	-0.0286495
300.4	-0.0286149
300.5	-0.0285799
300.6	-0.0285406
300.7	-0.0284998
300.8	-0.0284612
300.9	-0.0284236
301	-0.0283833
301.1	-0.0283396
301.2	-0.028294
301.3	-0.0282483
301.4	-0.0282033
301.5	-0.0281598
301.6	-0.0281152
301.7	-0.0280693
301.8	-0.0280255
301.9	-0.027982
302	-0.0279369
302.1	-0.0278949
302.2	-0.0278507
302.3	-0.0278025
302.4	-0.0277537
302.5	-0.0277145
302.6	-0.0276811
302.7	-0.0276585
302.8	-0.0276429
302.9	-0.0276295
303	-0.0276153
303.1	-0.0276012
303.2	-0.0275852
303.3	-0.0275682
303.4	-0.0275506
303.5	-0.0275323
303.6	-0.0275121
303.7	-0.027493
303.8	-0.0274788
303.9	-0.0274688
304	-0.0274598
304.1	-0.0274525
304.2	-0.027451
304.3	-0.0274546
304.4	-0.0274644
304.5	-0.0274783
304.6	-0.0274872
304.7	-0.0274966
304.8	-0.0275037
304.9	-0.0275086
305	-0.0275168
305.1	-0.0275313
305.2	-0.0275472
305.3	-0.0275659
305.4	-0.0275871
305.5	-0.0276064
305.6	-0.0276242
305.7	-0.0276437
305.8	-0.0276597
305.9	-0.0276719
306	-0.0276797
306.1	-0.0276821
306.2	-0.0276807
306.3	-0.0276815
306.4	-0.027683
306.5	-0.0276862
306.6	-0.0276878
306.7	-0.0276892
306.8	-0.0276914
306.9	-0.0276938
307	-0.027695
307.1	-0.0276886
307.2	-0.0276773
307.3	-0.0276681
307.4	-0.0276606
307.5	-0.0276513
307.6	-0.0276369
307.7	-0.0276176
307.8	-0.0275974
307.9	-0.0275776
308	-0.0275577
308.1	-0.0275362
308.2	-0.0275122
308.3	-0.0274935
308.4	-0.0274724
308.5	-0.0274496
308.6	-0.0274292
308.7	-0.0274073
308.8	-0.0273853
308.9	-0.0273637
309	-0.0273393
309.1	-0.027312
309.2	-0.0272786
309.3	-0.0272415
309.4	-0.0272093
309.5	-0.0271837
309.6	-0.0271594
309.7	-0.0271338
309.8	-0.027109
309.9	-0.0270844
310	-0.0270604
310.1	-0.0270342
310.2	-0.0270033
310.3	-0.0269721
310.4	-0.026943
310.5	-0.0269126
310.6	-0.0268851
310.7	-0.0268624
310.8	-0.0268417
310.9	-0.0268215
311	-0.0268054
311.1	-0.0267919
311.2	-0.0267826
311.3	-0.026779
311.4	-0.0267794
311.5	-0.0267802
311.6	-0.0267788
311.7	-0.0267701
311.8	-0.0267557
311.9	-0.0267415
312	-0.0267285
312.1	-0.0267147
312.2	-0.0267024
312.3	-0.0266883
312.4	-0.0266731
312.5	-0.0266545
312.6	-0.0266384
312.7	-0.0266284
312.8	-0.0266208
312.9	-0.0266167
313	-0.0266099
313.1	-0.0266018
313.2	-0.0265947
313.3	-0.0265877
313.4	-0.0265807
313.5	-0.0265744
313.6	-0.0265707
313.7	-0.0265675
313.8	-0.0265638
313.9	-0.0265579
314	-0.0265484
314.1	-0.0265353
314.2	-0.0265138
314.3	-0.0264851
314.4	-0.0264514
314.5	-0.0264128
314.6	-0.0263735
314.7	-0.026333
314.8	-0.0262955
314.9	-0.026259
315	-0.0262218
315.1	-0.0261787
315.2	-0.0261267
315.3	-0.0260703
315.4	-0.026012
315.5	-0.0259538
315.6	-0.0258939
315.7	-0.0258335
315.8	-0.0257706
315.9	-0.0257047
316	-0.0256361
316.1	-0.0255651
316.2	-0.025494
316.3	-0.0254177
316.4	-0.0253371
316.5	-0.0252578
316.6	-0.0251791
316.7	-0.0251016
316.8	-0.0250297
316.9	-0.0249616
317	-0.0248955
317.1	-0.0248341
317.2	-0.0247748
317.3	-0.0247149
317.4	-0.024654
317.5	-0.0245897
317.6	-0.0245311
317.7	-0.0244777
317.8	-0.024425
317.9	-0.0243706
318	-0.0243106
318.1	-0.024246
318.2	-0.024183
318.3	-0.0241188
318.4	-0.0240587
318.5	-0.0240015
318.6	-0.0239422
318.7	-0.0238814
318.8	-0.0238224
318.9	-0.0237644
319	-0.0237032
319.1	-0.0236422
319.2	-0.023579
319.3	-0.0235148
319.4	-0.0234538
319.5	-0.0233949
319.6	-0.023338
319.7	-0.0232834
319.8	-0.0232275
319.9	-0.0231724
320	-0.0231216
320.1	-0.0230726
320.2	-0.0230222
320.3	-0.0229711
320.4	-0.0229139
320.5	-0.022852
320.6	-0.0227845
320.7	-0.0227198
320.8	-0.0226599
320.9	-0.0225964
321	-0.0225308
321.1	-0.0224677
321.2	-0.0224067
321.3	-0.0223427
321.4	-0.0222784
321.5	-0.0222166
321.6	-0.022157
321.7	-0.0220977
321.8	-0.0220368
321.9	-0.0219737
322	-0.0219098
322.1	-0.0218421
322.2	-0.0217691
322.3	-0.0216893
322.4	-0.0216051
322.5	-0.0215195
322.6	-0.0214382
322.7	-0.0213591
322.8	-0.0212838
322.9	-0.0212128
323	-0.0211475
323.1	-0.0210884
323.2	-0.0210346
323.3	-0.0209791
323.4	-0.0209199
323.5	-0.0208582
323.6	-0.0207987
323.7	-0.020738
323.8	-0.0206763
323.9	-0.0206139
324	-0.0205483
324.1	-0.0204828
324.2	-0.0204178
324.3	-0.0203527
324.4	-0.0202918
324.5	-0.0202279
324.6	-0.0201643
324.7	-0.0200991
324.8	-0.0200306
324.9	-0.0199591
325	-0.0198787
325.1	-0.0197958
325.2	-0.019707
325.3	-0.0196193
325.4	-0.0195351
325.5	-0.0194539
325.6	-0.0193707
325.7	-0.0192901
325.8	-0.0192142
325.9	-0.0191361
326	-0.0190569
326.1	-0.0189787
326.2	-0.0189022
326.3	-0.0188257
326.4	-0.0187506
326.5	-0.0186782
326.6	-0.0186069
326.7	-0.0185334
326.8	-0.0184628
326.9	-0.0183915
327	-0.018319
327.1	-0.0182412
327.2	-0.0181587
327.3	-0.018075
327.4	-0.0179906
327.5	-0.0179049
327.6	-0.0178151
327.7	-0.017728
327.8	-0.0176361
327.9	-0.0175423
328	-0.0174429
328.1	-0.0173412
328.2	-0.017247
328.3	-0.017163
328.4	-0.0170798
328.5	-0.0170025
328.6	-0.016928
328.7	-0.0168543
328.8	-0.0167779
328.9	-0.0167027
329	-0.0166309
329.1	-0.0165616
329.2	-0.0164861
329.3	-0.0164119
329.4	-0.0163402
329.5	-0.0162716
329.6	-0.0162103
329.7	-0.0161528
329.8	-0.0160977
329.9	-0.0160443
330	-0.0159941
330.1	-0.0159426
330.2	-0.0158857
330.3	-0.0158303
330.4	-0.0157782
330.5	-0.0157318
330.6	-0.0156872
330.7	-0.0156397
330.8	-0.0155946
330.9	-0.0155545
331	-0.0155114
331.1	-0.0154738
331.2	-0.0154375
331.3	-0.0153996
331.4	-0.0153611
331.5	-0.0153199
331.6	-0.0152743
331.7	-0.0152272
331.8	-0.0151813
331.9	-0.0151379
332	-0.015095
332.1	-0.0150505
332.2	-0.0150012
332.3	-0.0149523
332.4	-0.0148989
332.5	-0.0148414
332.6	-0.0147832
332.7	-0.0147263
332.8	-0.0146694
332.9	-0.0146148
333	-0.0145615
333.1	-0.0145096
333.2	-0.0144601
333.3	-0.0144118
333.4	-0.0143627
333.5	-0.0143176
333.6	-0.0142737
333.7	-0.0142278
333.8	-0.0141808
333.9	-0.014129
334	-0.0140794
334.1	-0.0140307
334.2	-0.0139875
334.3	-0.0139448
334.4	-0.0139012
334.5	-0.0138555
334.6	-0.0138046
334.7	-0.0137487
334.8	-0.0136845
334.9	-0.0136143
335	-0.0135383
335.1	-0.0134568
335.2	-0.0133743
335.3	-0.0132942
335.4	-0.0132161
335.5	-0.013142
335.6	-0.0130694
335.7	-0.0129984
335.8	-0.0129284
335.9	-0.0128597
336	-0.0127935
336.1	-0.0127269
336.2	-0.0126521
336.3	-0.0125724
336.4	-0.012487
336.5	-0.0123961
336.6	-0.0123001
336.7	-0.0122002
336.8	-0.0121041
336.9	-0.0120104
337	-0.0119122
337.1	-0.0118088
337.2	-0.0117087
337.3	-0.0116139
337.4	-0.0115217
337.5	-0.0114291
337.6	-0.0113336
337.7	-0.0112381
337.8	-0.0111409
337.9	-0.0110387
338	-0.0109342
338.1	-0.0108309
338.2	-0.0107285
338.3	-0.0106233
338.4	-0.0105196
338.5	-0.0104152
338.6	-0.0103111
338.7	-0.0102043
338.8	-0.0101028
338.9	-0.0100081
339	-0.00991619
339.1	-0.00982633
339.2	-0.00972974
339.3	-0.00963321
339.4	-0.00953948
339.5	-0.00945047
339.6	-0.00935609
339.7	-0.00925657
339.8	-0.00916075
339.9	-0.00907156
340	-0.00899067
340.1	-0.00891126
340.2	-0.00883497
340.3	-0.0087632
340.4	-0.0086902
340.5	-0.00861705
340.6	-0.00854434
340.7	-0.0084717
340.8	-0.00839743
340.9	-0.0083214
341	-0.00824243
341.1	-0.00816662
341.2	-0.00809295
341.3	-0.00802149
341.4	-0.00795381
341.5	-0.0078868
341.6	-0.00781902
341.7	-0.00775482
341.8	-0.00769635
341.9	-0.00763707
342	-0.00757795
342.1	-0.00751937
342.2	-0.00745712
342.3	-0.00739295
342.4	-0.0073304
342.5	-0.00726943
342.6	-0.00720322
342.7	-0.00713007
342.8	-0.00705282
342.9	-0.00697466
343	-0.00689602
343.1	-0.00681612
343.2	-0.00673427
343.3	-0.00665602
343.4	-0.00657964
343.5	-0.0065042
343.6	-0.0064284
343.7	-0.00635022
343.8	-0.00626931
343.9	-0.00618551
344	-0.00610268
344.1	-0.00602478
344.2	-0.00594812
344.3	-0.00586794
344.4	-0.00578317
344.5	-0.00569801
344.6	-0.00561556
344.7	-0.00553668
344.8	-0.00545934
344.9	-0.0053845
345	-0.00530884
345.1	-0.00523953
345.2	-0.00517168
345.3	-0.00510143
345.4	-0.00502458
345.5	-0.0049439
345.6	-0.00485983
345.7	-0.00477389
345.8	-0.00468717
345.9	-0.00459875
346	-0.00451312
346.1	-0.00442804
346.2	-0.0043452
346.3	-0.00426242
346.4	-0.00417841
346.5	-0.00409561
346.6	-0.00401474
346.7	-0.00393913
346.8	-0.00387002
346.9	-0.00380603
347	-0.00374545
347.1	-0.00368697
347.2	-0.00363354
347.3	-0.00358114
347.4	-0.00352901
347.5	-0.00347652
347.6	-0.0034238
347.7	-0.00337085
347.8	-0.00331548
347.9	-0.00325842
348	-0.00319527
348.1	-0.00313027
348.2	-0.00306551
348.3	-0.00300104
348.4	-0.00294062
348.5	-0.00288629
348.6	-0.00283527
348.7	-0.00278725
348.8	-0.00274417
348.9	-0.002702
349	-0.00266136
349.1	-0.00262053
349.2	-0.00258479
349.3	-0.00255568
349.4	-0.00253027
349.5	-0.00250485
349.6	-0.00247763
349.7	-0.00244807
349.8	-0.00241748
349.9	-0.0023875
350	-0.00236123
350.1	-0.00233225
350.2	-0.00230265
350.3	-0.00227234
350.4	-0.00224336
350.5	-0.00221399
350.6	-0.00218915
350.7	-0.00216239
350.8	-0.0021404
350.9	-0.0021255
351	-0.00211197
351.1	-0.00209911
351.2	-0.0020884
351.3	-0.00207898
351.4	-0.00206916
351.5	-0.00206056
351.6	-0.0020546
351.7	-0.00205723
351.8	-0.00205879
351.9	-0.00205597
352	-0.00205441
352.1	-0.00204796
352.2	-0.00204174
352.3	-0.00203795
352.4	-0.0020368
352.5	-0.00203786
352.6	-0.00204293
352.7	-0.00204859
352.8	-0.00205721
352.9	-0.00206512
353	-0.00207023
353.1	-0.00207294
353.2	-0.00207191
353.3	-0.0020726
353.4	-0.00207338
353.5	-0.00207537
353.6	-0.00208152
353.7	-0.0020941
353.8	-0.00211088
353.9	-0.0021282
354	-0.00214381
354.1	-0.00215764
354.2	-0.00217167
354.3	-0.00218549
354.4	-0.00219451
354.5	-0.00220186
354.6	-0.0022104
354.7	-0.00221638
354.8	-0.00221975
354.9	-0.00221624
355	-0.00221341
355.1	-0.00220888
355.2	-0.00219779
355.3	-0.00218159
355.4	-0.00216156
355.5	-0.00214082
355.6	-0.00212197
355.7	-0.00210374
355.8	-0.00208366
355.9	-0.00206499
356	-0.00204399
356.1	-0.00202699
356.2	-0.002015
356.3	-0.00200283
356.4	-0.00199266
356.5	-0.0019732
356.6	-0.00194705
356.7	-0.00192167
356.8	-0.00189869
356.9	-0.00187508
357	-0.00185441
357.1	-0.001835
357.2	-0.0018124
357.3	-0.00179326
357.4	-0.0017751
357.5	-0.0017545
357.6	-0.00172959
357.7	-0.00170358
357.8	-0.00167927
357.9	-0.00166
358	-0.00164432
358.1	-0.00163071
358.2	-0.00162445
358.3	-0.0016229
358.4	-0.00162101
358.5	-0.00161926
358.6	-0.00161655
358.7	-0.00161805
358.8	-0.00162576
358.9	-0.00163657
359	-0.00165073
359.1	-0.0016637
359.2	-0.00167588
359.3	-0.00169164
359.4	-0.00170628
359.5	-0.00171872
359.6	-0.00172888
359.7	-0.00173615
359.8	-0.00173852
359.9	-0.0017391
360	-0.00173801
360.1	-0.00173036
360.2	-0.00172127
360.3	-0.00171228
360.4	-0.00170774
360.5	-0.00170678
360.6	-0.00170388
360.7	-0.00170151
360.8	-0.00170456
360.9	-0.00171179
361	-0.00171904
361.1	-0.00172981
361.2	-0.00173727
361.3	-0.0017426
361.4	-0.00174853
361.5	-0.00176292
361.6	-0.00178491
361.7	-0.00181282
361.8	-0.00184206
361.9	-0.00187311
362	-0.00190784
362.1	-0.00194734
362.2	-0.00199025
362.3	-0.00203473
362.4	-0.00208105
362.5	-0.00213167
362.6	-0.00218815
362.7	-0.00224716
362.8	-0.00230466
362.9	-0.00236134
363	-0.00241425
363.1	-0.00246745
363.2	-0.00252003
363.3	-0.00257465
363.4	-0.00263262
363.5	-0.00269409
363.6	-0.00275915
363.7	-0.00283302
363.8	-0.00291678
363.9	-0.00300803
364	-0.0031021
364.1	-0.00319754
364.2	-0.00329249
364.3	-0.00338686
364.4	-0.00348444
364.5	-0.00358719
364.6	-0.003699
364.7	-0.00381472
364.8	-0.00393661
364.9	-0.00406021
365	-0.0041876
365.1	-0.00431179
365.2	-0.00443429
365.3	-0.00455513
365.4	-0.0046775
365.5	-0.00479878
365.6	-0.00492575
365.7	-0.00505748
365.8	-0.00519306
365.9	-0.00532956
366	-0.00546854
366.1	-0.00561075
366.2	-0.00574867
366.3	-0.00587806
366.4	-0.00600372
366.5	-0.0061289
366.6	-0.00625479
366.7	-0.00637833
366.8	-0.00649735
366.9	-0.00661333
367	-0.00672364
367.1	-0.00683091
367.2	-0.00694266
367.3	-0.00705699
367.4	-0.00717124
367.5	-0.00728268
367.6	-0.00739
367.7	-0.00749669
367.8	-0.00760563
367.9	-0.00771303
368	-0.00782466
368.1	-0.00793437
368.2	-0.00804043
368.3	-0.00814931
368.4	-0.00825995
368.5	-0.00837127
368.6	-0.00848116
368.7	-0.00859259
368.8	-0.00870485
368.9	-0.00881501
369	-0.00892692
369.1	-0.00903635
369.2	-0.00914235
369.3	-0.00924455
369.4	-0.00934729
369.5	-0.00945088
369.6	-0.00955107
369.7	-0.00964664
369.8	-0.00974122
369.9	-0.00983294
370	-0.00992467
370.1	-0.01002
370.2	-0.0101191
370.3	-0.0102203
370.4	-0.0103199
370.5	-0.0104141
370.6	-0.0105064
370.7	-0.0106032
370.8	-0.0107062
370.9	-0.0108155
371	-0.0109301
371.1	-0.0110453
371.2	-0.0111554
371.3	-0.0112636
371.4	-0.0113717
371.5	-0.0114822
371.6	-0.0115956
371.7	-0.0117066
371.8	-0.0118171
371.9	-0.0119252
372	-0.0120291
372.1	-0.0121273
372.2	-0.0122184
372.3	-0.0123011
372.4	-0.0123827
372.5	-0.0124595
372.6	-0.0125307
372.7	-0.0125982
372.8	-0.0126621
372.9	-0.0127252
373	-0.0127862
373.1	-0.012843
373.2	-0.0128989
373.3	-0.0129521
373.4	-0.0129996
373.5	-0.0130431
373.6	-0.0130824
373.7	-0.0131173
373.8	-0.0131498
373.9	-0.0131837
374	-0.0132178
374.1	-0.0132499
374.2	-0.0132801
374.3	-0.0133133
374.4	-0.0133456
374.5	-0.0133725
374.6	-0.0133966
374.7	-0.0134174
374.8	-0.0134385
374.9	-0.0134579
375	-0.0134737
375.1	-0.0134892
375.2	-0.0135073
375.3	-0.0135303
375.4	-0.0135572
375.5	-0.0135817
375.6	-0.0136075
375.7	-0.0136336
375.8	-0.013662
375.9	-0.0136975
376	-0.0137436
376.1	-0.0137954
376.2	-0.0138506
376.3	-0.013905
376.4	-0.0139606
376.5	-0.0140108
376.6	-0.0140583
376.7	-0.0141013
376.8	-0.0141436
376.9	-0.0141856
377	-0.0142249
377.1	-0.0142606
377.2	-0.0142948
377.3	-0.0143313
377.4	-0.0143695
377.5	-0.0144107
377.6	-0.0144523
377.7	-0.0144963
377.8	-0.0145468
377.9	-0.0145995
378	-0.0146529
378.1	-0.0147053
378.2	-0.0147546
378.3	-0.0148003
378.4	-0.0148442
378.5	-0.0148928
378.6	-0.0149485
378.7	-0.0150083
378.8	-0.0150674
378.9	-0.0151289
379	-0.0151891
379.1	-0.0152459
379.2	-0.0152999
379.3	-0.0153548
379.4	-0.0154123
379.5	-0.0154685
379.6	-0.0155232
379.7	-0.0155759
379.8	-0.0156267
379.9	-0.0156844
380	-0.0157439
380.1	-0.0158035
380.2	-0.015866
380.3	-0.0159319
380.4	-0.016001
380.5	-0.0160676
380.6	-0.0161346
380.7	-0.0161977
380.8	-0.0162516
380.9	-0.0163027
381	-0.0163457
381.1	-0.0163826
381.2	-0.016415
381.3	-0.0164465
381.4	-0.016479
381.5	-0.0165085
381.6	-0.0165317
381.7	-0.0165576
381.8	-0.0165887
381.9	-0.0166237
382	-0.0166593
382.1	-0.0166937
382.2	-0.0167315
382.3	-0.0167782
382.4	-0.0168279
382.5	-0.0168815
382.6	-0.0169314
382.7	-0.0169748
382.8	-0.0170176
382.9	-0.0170556
383	-0.01709
383.1	-0.0171204
383.2	-0.017147
383.3	-0.0171744
383.4	-0.0172022
383.5	-0.017231
383.6	-0.0172596
383.7	-0.0172927
383.8	-0.0173277
383.9	-0.0173586
384	-0.0173914
384.1	-0.0174251
384.2	-0.017459
384.3	-0.0174899
384.4	-0.0175202
384.5	-0.0175479
384.6	-0.0175717
384.7	-0.0175922
384.8	-0.0176119
384.9	-0.0176285
385	-0.0176423
385.1	-0.0176589
385.2	-0.0176736
385.3	-0.0176853
385.4	-0.0176946
385.5	-0.0177008
385.6	-0.0177033
385.7	-0.0177033
385.8	-0.0177004
385.9	-0.0176987
386	-0.0176998
386.1	-0.0177065
386.2	-0.0177109
386.3	-0.0177179
386.4	-0.017731
386.5	-0.017745
386.6	-0.0177611
386.7	-0.0177774
386.8	-0.0177906
386.9	-0.0178054
387	-0.0178246
387.1	-0.0178433
387.2	-0.017859
387.3	-0.0178746
387.4	-0.0178856
387.5	-0.017894
387.6	-0.0179021
387.7	-0.0179098
387.8	-0.0179153
387.9	-0.0179193
388	-0.017925
388.1	-0.0179277
388.2	-0.0179285
388.3	-0.0179253
388.4	-0.0179202
388.5	-0.0179086
388.6	-0.0178916
388.7	-0.0178657
388.8	-0.0178385
388.9	-0.0178139
389	-0.0177879
389.1	-0.0177634
389.2	-0.0177409
389.3	-0.0177208
389.4	-0.0177014
389.5	-0.0176811
389.6	-0.0176601
389.7	-0.0176402
389.8	-0.0176224
389.9	-0.0176093
390	-0.0176016
390.1	-0.017596
390.2	-0.0175911
390.3	-0.0175825
390.4	-0.0175702
390.5	-0.0175581
390.6	-0.0175493
390.7	-0.0175414
390.8	-0.0175303
390.9	-0.0175152
391	-0.0175
391.1	-0.0174839
391.2	-0.017467
391.3	-0.0174495
391.4	-0.0174303
391.5	-0.0174101
391.6	-0.0173902
391.7	-0.017368
391.8	-0.0173495
391.9	-0.0173296
392	-0.0173112
392.1	-0.0172898
392.2	-0.0172667
392.3	-0.0172462
392.4	-0.017226
392.5	-0.0172111
392.6	-0.0172005
392.7	-0.0171947
392.8	-0.0171906
392.9	-0.0171879
393	-0.0171864
393.1	-0.0171899
393.2	-0.0172006
393.3	-0.0172197
393.4	-0.0172364
393.5	-0.0172475
393.6	-0.0172563
393.7	-0.0172608
393.8	-0.0172628
393.9	-0.0172591
394	-0.0172534
394.1	-0.0172414
394.2	-0.017231
394.3	-0.0172229
394.4	-0.0172105
394.5	-0.0171973
394.6	-0.0171883
394.7	-0.0171808
394.8	-0.0171724
394.9	-0.017166
395	-0.0171615
395.1	-0.0171601
395.2	-0.0171586
395.3	-0.0171565
395.4	-0.0171561
395.5	-0.0171566
395.6	-0.01716
395.7	-0.0171667
395.8	-0.0171734
395.9	-0.0171847
396	-0.0172006
396.1	-0.017223
396.2	-0.0172446
396.3	-0.0172622
396.4	-0.0172782
396.5	-0.017292
396.6	-0.0173086
396.7	-0.0173272
396.8	-0.01735
396.9	-0.0173781
397	-0.0174078
397.1	-0.0174345
397.2	-0.0174593
397.3	-0.0174843
397.4	-0.0175112
397.5	-0.0175422
397.6	-0.0175783
397.7	-0.0176182
397.8	-0.0176558
397.9	-0.0176916
398	-0.0177258
398.1	-0.0177582
398.2	-0.0177921
398.3	-0.0178293
398.4	-0.0178742
398.5	-0.0179183
398.6	-0.0179631
398.7	-0.0180002
398.8	-0.0180376
398.9	-0.0180768
399	-0.0181194
399.1	-0.0181647
399.2	-0.01821
399.3	-0.0182568
399.4	-0.0183029
399.5	-0.0183514
399.6	-0.0184013
399.7	-0.0184581
399.8	-0.0185151
399.9	-0.0185682
400	-0.0186185
400.1	-0.0186638
400.2	-0.0187099
400.3	-0.0187554
400.4	-0.0188008
400.5	-0.0188474
400.6	-0.0188931
400.7	-0.0189368
400.8	-0.0189757
400.9	-0.0190159
401	-0.0190574
401.1	-0.0190975
401.2	-0.0191339
401.3	-0.0191641
401.4	-0.019191
401.5	-0.0192173
401.6	-0.0192464
401.7	-0.0192749
401.8	-0.0193012
401.9	-0.0193245
402	-0.0193422
402.1	-0.019354
402.2	-0.019361
402.3	-0.0193716
402.4	-0.0193831
402.5	-0.0193929
402.6	-0.0194
402.7	-0.0194048
402.8	-0.0194056
402.9	-0.0194086
403	-0.0194171
403.1	-0.0194301
403.2	-0.0194445
403.3	-0.0194539
403.4	-0.0194539
403.5	-0.0194559
403.6	-0.019458
403.7	-0.0194653
403.8	-0.0194819
403.9	-0.0195011
404	-0.0195223
404.1	-0.0195445
404.2	-0.0195685
404.3	-0.0195906
404.4	-0.0196125
404.5	-0.0196339
404.6	-0.019654
404.7	-0.0196735
404.8	-0.0196939
404.9	-0.0197162
405	-0.0197361
405.1	-0.0197572
405.2	-0.0197783
405.3	-0.0197966
405.4	-0.0198124
405.5	-0.0198215
405.6	-0.0198281
405.7	-0.0198372
405.8	-0.0198491
405.9	-0.0198636
406	-0.0198809
406.1	-0.0198962
406.2	-0.0199114
406.3	-0.0199265
406.4	-0.0199417
406.5	-0.0199534
406.6	-0.0199631
406.7	-0.0199726
406.8	-0.0199863
406.9	-0.0200006
407	-0.0200122
407.1	-0.0200208
407.2	-0.0200302
407.3	-0.020046
407.4	-0.0200693
407.5	-0.0201008
407.6	-0.0201382
407.7	-0.0201746
407.8	-0.0202128
407.9	-0.0202525
408	-0.0202961
408.1	-0.0203404
408.2	-0.0203829
408.3	-0.0204242
408.4	-0.020463
408.5	-0.020502
408.6	-0.0205422
408.7	-0.0205772
408.8	-0.0206057
408.9	-0.0206339
409	-0.0206622
409.1	-0.0206926
409.2	-0.0207219
409.3	-0.0207456
409.4	-0.0207663
409.5	-0.020783
409.6	-0.0207912
409.7	-0.0208001
409.8	-0.0208076
409.9	-0.020813
410	-0.0208276
410.1	-0.0208499
410.2	-0.0208754
410.3	-0.0209075
410.4	-0.0209401
410.5	-0.0209734
410.6	-0.0210113
410.7	-0.0210498
410.8	-0.0210832
410.9	-0.0211185
411	-0.0211577
411.1	-0.0211979
411.2	-0.0212341
411.3	-0.0212677
411.4	-0.0212989
411.5	-0.0213332
411.6	-0.0213687
411.7	-0.0214111
411.8	-0.0214622
411.9	-0.0215194
412	-0.0215778
412.1	-0.0216412
412.2	-0.0217059
412.3	-0.0217704
412.4	-0.0218328
412.5	-0.0218932
412.6	-0.0219518
412.7	-0.0220068
412.8	-0.0220514
412.9	-0.022086
413	-0.0221114
413.1	-0.0221312
413.2	-0.0221489
413.3	-0.0221686
413.4	-0.0221902
413.5	-0.0222143
413.6	-0.0222443
413.7	-0.0222808
413.8	-0.0223209
413.9	-0.0223565
414	-0.0223895
414.1	-0.0224228
414.2	-0.0224546
414.3	-0.0224914
414.4	-0.0225252
414.5	-0.0225571
414.6	-0.022587
414.7	-0.0226183
414.8	-0.0226537
414.9	-0.0226893
415	-0.0227235
415.1	-0.02276
415.2	-0.0227948
415.3	-0.0228291
415.4	-0.0228633
415.5	-0.0228922
415.6	-0.0229149
415.7	-0.0229348
415.8	-0.0229554
415.9	-0.022975
416	-0.0229997
416.1	-0.0230267
416.2	-0.0230552
416.3	-0.0230882
416.4	-0.0231198
416.5	-0.0231509
416.6	-0.0231823
416.7	-0.0232175
416.8	-0.0232549
416.9	-0.023291
417	-0.0233285
417.1	-0.0233655
417.2	-0.0234002
417.3	-0.0234328
417.4	-0.0234667
417.5	-0.0235022
417.6	-0.0235379
417.7	-0.0235704
417.8	-0.0236027
417.9	-0.0236336
418	-0.023665
418.1	-0.0237002
418.2	-0.0237361
418.3	-0.0237716
418.4	-0.0238096
418.5	-0.023849
418.6	-0.0238888
418.7	-0.0239313
418.8	-0.0239778
418.9	-0.0240228
419	-0.0240628
419.1	-0.0241025
419.2	-0.0241401
419.3	-0.0241752
419.4	-0.0242127
419.5	-0.0242507
419.6	-0.0242895
419.7	-0.0243285
419.8	-0.0243729
419.9	-0.024422
420	-0.0244726
420.1	-0.0245228
420.2	-0.0245692
420.3	-0.0246106
420.4	-0.0246442
420.5	-0.0246758
420.6	-0.0247064
420.7	-0.0247358
420.8	-0.0247633
420.9	-0.0247924
421	-0.0248177
421.1	-0.0248398
421.2	-0.0248686
421.3	-0.0249044
421.4	-0.0249372
421.5	-0.0249739
421.6	-0.0250123
421.7	-0.0250509
421.8	-0.0250911
421.9	-0.0251378
422	-0.0251851
422.1	-0.0252276
422.2	-0.0252693
422.3	-0.0253105
422.4	-0.0253541
422.5	-0.0253968
422.6	-0.0254417
422.7	-0.0254876
422.8	-0.0255364
422.9	-0.025585
423	-0.0256306
423.1	-0.0256701
423.2	-0.0257057
423.3	-0.0257383
423.4	-0.0257701
423.5	-0.0257967
423.6	-0.0258231
423.7	-0.0258515
423.8	-0.0258806
423.9	-0.0259132
424	-0.0259445
424.1	-0.0259747
424.2	-0.0260039
424.3	-0.0260295
424.4	-0.0260563
424.5	-0.026084
424.6	-0.0261055
424.7	-0.0261235
424.8	-0.0261432
424.9	-0.0261579
425	-0.0261675
425.1	-0.0261801
425.2	-0.0261979
425.3	-0.0262211
425.4	-0.0262464
425.5	-0.0262741
425.6	-0.0262988
425.7	-0.0263244
425.8	-0.0263509
425.9	-0.0263822
426	-0.0264143
426.1	-0.0264452
426.2	-0.0264736
426.3	-0.0264967
426.4	-0.026519
426.5	-0.0265414
426.6	-0.0265645
426.7	-0.0265907
426.8	-0.0266194
426.9	-0.0266499
427	-0.0266818
427.1	-0.0267114
427.2	-0.0267363
427.3	-0.0267608
427.4	-0.0267905
427.5	-0.0268197
427.6	-0.026846
427.7	-0.0268695
427.8	-0.026894
427.9	-0.0269226
428	-0.0269531
428.1	-0.0269859
428.2	-0.0270182
428.3	-0.0270489
428.4	-0.0270772
428.5	-0.0270998
428.6	-0.027121
428.7	-0.0271462
428.8	-0.027177
428.9	-0.0272136
429	-0.0272517
429.1	-0.0272873
429.2	-0.0273259
429.3	-0.0273626
429.4	-0.027397
429.5	-0.0274272
429.6	-0.0274509
429.7	-0.0274661
429.8	-0.0274756
429.9	-0.0274869
430	-0.0274926
430.1	-0.0274972
430.2	-0.0274985
430.3	-0.0274997
430.4	-0.0274984
430.5	-0.027497
430.6	-0.027498
430.7	-0.0274969
430.8	-0.0274946
430.9	-0.0274884
431	-0.027476
431.1	-0.0274609
431.2	-0.0274441
431.3	-0.0274292
431.4	-0.0274156
431.5	-0.0274055
431.6	-0.0273987
431.7	-0.0273928
431.8	-0.0273916
431.9	-0.0273952
432	-0.0273961
432.1	-0.0273943
432.2	-0.0273916
432.3	-0.0273962
432.4	-0.0274027
432.5	-0.0274105
432.6	-0.0274173
432.7	-0.0274224
432.8	-0.0274266
432.9	-0.0274307
433	-0.027431
433.1	-0.0274276
433.2	-0.0274224
433.3	-0.0274164
433.4	-0.02741
433.5	-0.0273983
433.6	-0.0273834
433.7	-0.0273713
433.8	-0.0273594
433.9	-0.027345
434	-0.0273291
434.1	-0.0273145
434.2	-0.0273036
434.3	-0.0272907
434.4	-0.0272844
434.5	-0.0272797
434.6	-0.0272772
434.7	-0.0272754
434.8	-0.0272765
434.9	-0.0272773
435	-0.0272774
435.1	-0.027272
435.2	-0.0272631
435.3	-0.0272527
435.4	-0.0272442
435.5	-0.0272351
435.6	-0.0272301
435.7	-0.0272267
435.8	-0.027224
435.9	-0.0272217
436	-0.0272208
436.1	-0.0272208
436.2	-0.0272173
436.3	-0.0272079
436.4	-0.0271939
436.5	-0.0271771
436.6	-0.027159
436.7	-0.0271416
436.8	-0.0271261
436.9	-0.0271115
437	-0.0271003
437.1	-0.0270943
437.2	-0.0270913
437.3	-0.0270853
437.4	-0.0270785
437.5	-0.0270727
437.6	-0.027065
437.7	-0.0270588
437.8	-0.0270462
437.9	-0.02703
438	-0.027009
438.1	-0.0269845
438.2	-0.026955
438.3	-0.0269224
438.4	-0.0268846
438.5	-0.026846
438.6	-0.026808
438.7	-0.0267785
438.8	-0.0267552
438.9	-0.0267334
439	-0.0267157
439.1	-0.0266986
439.2	-0.0266832
439.3	-0.0266692
439.4	-0.0266582
439.5	-0.0266508
439.6	-0.0266449
439.7	-0.0266399
439.8	-0.0266369
439.9	-0.0266334
440	-0.026629
440.1	-0.0266263
440.2	-0.026624
440.3	-0.02662
440.4	-0.0266119
440.5	-0.0265996
440.6	-0.0265842
440.7	-0.0265722
440.8	-0.0265653
440.9	-0.0265599
441	-0.0265566
441.1	-0.0265574
441.2	-0.0265596
441.3	-0.0265568
441.4	-0.0265461
441.5	-0.0265318
441.6	-0.0265172
441.7	-0.0265021
441.8	-0.0264889
441.9	-0.0264755
442	-0.0264661
442.1	-0.0264575
442.2	-0.0264499
442.3	-0.0264384
442.4	-0.0264226
442.5	-0.0264079
442.6	-0.0263947
442.7	-0.0263857
442.8	-0.0263848
442.9	-0.0263863
443	-0.0263926
443.1	-0.0264021
443.2	-0.026411
443.3	-0.0264179
443.4	-0.0264228
443.5	-0.026427
443.6	-0.0264337
443.7	-0.0264436
443.8	-0.0264569
443.9	-0.0264714
444	-0.0264884
444.1	-0.0265047
444.2	-0.0265186
444.3	-0.0265366
444.4	-0.02656
444.5	-0.0265833
444.6	-0.0266035
444.7	-0.0266229
444.8	-0.0266386
444.9	-0.0266464
445	-0.026654
445.1	-0.0266623
445.2	-0.0266739
445.3	-0.0266902
445.4	-0.0267049
445.5	-0.0267174
445.6	-0.026728
445.7	-0.0267371
445.8	-0.0267433
445.9	-0.026751
446	-0.0267617
446.1	-0.0267714
446.2	-0.0267769
446.3	-0.0267808
446.4	-0.0267841
446.5	-0.0267867
446.6	-0.0267897
446.7	-0.0267938
446.8	-0.0268009
446.9	-0.0268087
447	-0.0268159
447.1	-0.0268176
447.2	-0.0268177
447.3	-0.0268197
447.4	-0.0268207
447.5	-0.0268183
447.6	-0.0268093
447.7	-0.0267958
447.8	-0.0267782
447.9	-0.0267581
448	-0.0267343
448.1	-0.0267033
448.2	-0.0266718
448.3	-0.026638
448.4	-0.0266031
448.5	-0.0265651
448.6	-0.0265227
448.7	-0.0264749
448.8	-0.0264238
448.9	-0.0263772
449	-0.0263362
449.1	-0.0263009
449.2	-0.0262666
449.3	-0.0262305
449.4	-0.0261928
449.5	-0.026155
449.6	-0.0261163
449.7	-0.0260735
449.8	-0.0260299
449.9	-0.0259837
450	-0.0259378
450.1	-0.0258961
450.2	-0.0258564
450.3	-0.0258158
450.4	-0.0257755
450.5	-0.0257302
450.6	-0.0256836
450.7	-0.025635
450.8	-0.0255845
450.9	-0.0255336
451	-0.0254739
451.1	-0.0254115
451.2	-0.0253501
451.3	-0.025291
451.4	-0.0252357
451.5	-0.0251821
451.6	-0.0251277
451.7	-0.0250754
451.8	-0.0250204
451.9	-0.0249616
452	-0.0249009
452.1	-0.0248444
452.2	-0.0247908
452.3	-0.0247371
452.4	-0.0246796
452.5	-0.0246233
452.6	-0.0245662
452.7	-0.0245095
452.8	-0.0244566
452.9	-0.0244086
453	-0.0243684
453.1	-0.0243305
453.2	-0.02429
453.3	-0.0242488
453.4	-0.0242011
453.5	-0.0241533
453.6	-0.0241107
453.7	-0.0240663
453.8	-0.0240241
453.9	-0.0239818
454	-0.0239355
454.1	-0.0238903
454.2	-0.0238462
454.3	-0.0238034
454.4	-0.0237597
454.5	-0.0237176
454.6	-0.0236807
454.7	-0.0236482
454.8	-0.023616
454.9	-0.0235817
455	-0.0235483
455.1	-0.0235166
455.2	-0.023484
455.3	-0.023449
455.4	-0.0234124
455.5	-0.0233764
455.6	-0.0233428
455.7	-0.0233058
455.8	-0.0232701
455.9	-0.0232389
456	-0.0232098
456.1	-0.0231828
456.2	-0.0231573
456.3	-0.0231303
456.4	-0.023098
456.5	-0.0230671
456.6	-0.0230343
456.7	-0.023001
456.8	-0.0229748
456.9	-0.0229514
457	-0.0229243
457.1	-0.0228946
457.2	-0.0228574
457.3	-0.0228165
457.4	-0.0227732
457.5	-0.0227311
457.6	-0.0226862
457.7	-0.0226398
457.8	-0.0225956
457.9	-0.0225473
458	-0.0224954
458.1	-0.0224415
458.2	-0.0223852
458.3	-0.0223271
458.4	-0.0222702
458.5	-0.0222167
458.6	-0.0221601
458.7	-0.0220996
458.8	-0.0220358
458.9	-0.0219673
459	-0.0218949
459.1	-0.0218249
459.2	-0.0217543
459.3	-0.0216866
459.4	-0.0216222
459.5	-0.0215574
459.6	-0.0214881
459.7	-0.0214134
459.8	-0.0213387
459.9	-0.0212679
460	-0.0212004
460.1	-0.0211331
460.2	-0.0210683
460.3	-0.021003
460.4	-0.0209345
460.5	-0.0208645
460.6	-0.0207998
460.7	-0.0207377
460.8	-0.020674
460.9	-0.0206068
461	-0.0205366
461.1	-0.0204626
461.2	-0.0203892
461.3	-0.0203138
461.4	-0.0202386
461.5	-0.0201656
461.6	-0.0200959
461.7	-0.0200261
461.8	-0.0199574
461.9	-0.0198871
462	-0.0198126
462.1	-0.019744
462.2	-0.0196792
462.3	-0.0196144
462.4	-0.0195448
462.5	-0.019477
462.6	-0.0194125
462.7	-0.0193479
462.8	-0.0192824
462.9	-0.0192136
463	-0.0191421
463.1	-0.0190719
463.2	-0.0190029
463.3	-0.0189339
463.4	-0.0188659
463.5	-0.0188003
463.6	-0.0187321
463.7	-0.0186646
463.8	-0.0185998
463.9	-0.0185334
464	-0.0184682
464.1	-0.0184002
464.2	-0.0183359
464.3	-0.0182733
464.4	-0.0182132
464.5	-0.0181544
464.6	-0.0180978
464.7	-0.0180407
464.8	-0.0179817
464.9	-0.0179204
465	-0.017861
465.1	-0.0177998
465.2	-0.0177386
465.3	-0.0176772
465.4	-0.0176148
465.5	-0.0175531
465.6	-0.0174948
465.7	-0.0174419
465.8	-0.0173918
465.9	-0.0173397
466	-0.0172854
466.1	-0.0172311
466.2	-0.0171815
466.3	-0.0171382
466.4	-0.017104
466.5	-0.0170754
466.6	-0.0170454
466.7	-0.0170145
466.8	-0.0169845
466.9	-0.0169549
467	-0.0169235
467.1	-0.0168902
467.2	-0.0168616
467.3	-0.0168321
467.4	-0.0167998
467.5	-0.0167611
467.6	-0.0167218
467.7	-0.0166801
467.8	-0.0166376
467.9	-0.0165963
468	-0.0165539
468.1	-0.0165103
468.2	-0.0164626
468.3	-0.0164139
468.4	-0.0163661
468.5	-0.0163172
468.6	-0.0162712
468.7	-0.0162244
468.8	-0.0161806
468.9	-0.0161417
469	-0.0161108
469.1	-0.0160876
469.2	-0.0160646
469.3	-0.0160405
469.4	-0.0160158
469.5	-0.0159913
469.6	-0.0159648
469.7	-0.015932
469.8	-0.015895
469.9	-0.0158579
470	-0.0158231
470.1	-0.015784
470.2	-0.0157399
470.3	-0.0156961
470.4	-0.0156532
470.5	-0.0156118
470.6	-0.0155692
470.7	-0.0155276
470.8	-0.0154872
470.9	-0.0154483
471	-0.0154136
471.1	-0.0153825
471.2	-0.0153465
471.3	-0.0153058
471.4	-0.0152578
471.5	-0.0152053
471.6	-0.0151534
471.7	-0.0150949
471.8	-0.0150286
471.9	-0.0149626
472	-0.0148962
472.1	-0.0148241
472.2	-0.0147524
472.3	-0.0146798
472.4	-0.0146047
472.5	-0.0145234
472.6	-0.014437
472.7	-0.0143509
472.8	-0.0142708
472.9	-0.0141961
473	-0.0141243
473.1	-0.0140585
473.2	-0.0139984
473.3	-0.0139447
473.4	-0.0138953
473.5	-0.0138482
473.6	-0.013799
473.7	-0.0137473
473.8	-0.0136963
473.9	-0.0136461
474	-0.0136022
474.1	-0.0135585
474.2	-0.0135122
474.3	-0.0134635
474.4	-0.0134166
474.5	-0.0133682
474.6	-0.0133171
474.7	-0.0132634
474.8	-0.0132092
474.9	-0.0131557
475	-0.0131023
475.1	-0.01305
475.2	-0.0130038
475.3	-0.0129628
475.4	-0.0129244
475.5	-0.0128894
475.6	-0.012852
475.7	-0.012813
475.8	-0.012775
475.9	-0.0127363
476	-0.0126991
476.1	-0.0126665
476.2	-0.0126337
476.3	-0.0126049
476.4	-0.0125792
476.5	-0.0125567
476.6	-0.0125369
476.7	-0.012517
476.8	-0.0124951
476.9	-0.0124744
477	-0.0124529
477.1	-0.012434
477.2	-0.012414
477.3	-0.0123922
477.4	-0.0123669
477.5	-0.0123366
477.6	-0.0122988
477.7	-0.0122609
477.8	-0.0122198
477.9	-0.0121735
478	-0.0121296
478.1	-0.0120922
478.2	-0.0120569
478.3	-0.0120276
478.4	-0.0120009
478.5	-0.0119791
478.6	-0.0119603
478.7	-0.0119462
478.8	-0.0119288
478.9	-0.0119078
479	-0.0118804
479.1	-0.0118497
479.2	-0.0118165
479.3	-0.0117776
479.4	-0.0117327
479.5	-0.0116792
479.6	-0.011619
479.7	-0.0115504
479.8	-0.0114743
479.9	-0.0113919
480	-0.0113036
480.1	-0.0112145
480.2	-0.0111256
480.3	-0.0110367
480.4	-0.0109547
480.5	-0.0108787
480.6	-0.0108019
480.7	-0.0107229
480.8	-0.0106468
480.9	-0.0105725
481	-0.0104965
481.1	-0.0104244
481.2	-0.0103552
481.3	-0.010287
481.4	-0.0102168
481.5	-0.0101422
481.6	-0.0100683
481.7	-0.00999658
481.8	-0.00992679
481.9	-0.00985886
482	-0.00979139
482.1	-0.00972269
482.2	-0.00966041
482.3	-0.0096031
482.4	-0.00954578
482.5	-0.00949141
482.6	-0.00943645
482.7	-0.00938306
482.8	-0.00933071
482.9	-0.00928116
483	-0.00923689
483.1	-0.00919377
483.2	-0.00915267
483.3	-0.00911275
483.4	-0.00907516
483.5	-0.00903846
483.6	-0.00900296
483.7	-0.0089642
483.8	-0.00892566
483.9	-0.0088882
484	-0.0088478
484.1	-0.00880653
484.2	-0.0087649
484.3	-0.00872214
484.4	-0.00867495
484.5	-0.00862422
484.6	-0.00856853
484.7	-0.00851432
484.8	-0.00845773
484.9	-0.00839844
485	-0.00834208
485.1	-0.00829092
485.2	-0.00824434
485.3	-0.00820529
485.4	-0.00816718
485.5	-0.00812655
485.6	-0.00808465
485.7	-0.00804296
485.8	-0.00800171
485.9	-0.0079594
486	-0.00791617
486.1	-0.00787543
486.2	-0.0078369
486.3	-0.0078041
486.4	-0.00777194
486.5	-0.00774476
486.6	-0.00771763
486.7	-0.00769271
486.8	-0.00766905
486.9	-0.00764525
487	-0.00761829
487.1	-0.00759016
487.2	-0.00755401
487.3	-0.00751294
487.4	-0.00746817
487.5	-0.00742668
487.6	-0.00738768
487.7	-0.00734537
487.8	-0.00730017
487.9	-0.00725295
488	-0.00720353
488.1	-0.00715412
488.2	-0.00710614
488.3	-0.00705664
488.4	-0.00700622
488.5	-0.0069583
488.6	-0.00691139
488.7	-0.00686878
488.8	-0.00682485
488.9	-0.00678135
489	-0.00674029
489.1	-0.00670195
489.2	-0.00666639
489.3	-0.0066328
489.4	-0.00660015
489.5	-0.00657255
489.6	-0.00654498
489.7	-0.006517
489.8	-0.00648951
489.9	-0.00646275
490	-0.00643535
490.1	-0.00640779
490.2	-0.00638074
490.3	-0.00635502
490.4	-0.00632859
490.5	-0.00630285
490.6	-0.00627955
490.7	-0.00626356
490.8	-0.0062558
490.9	-0.00625083
491	-0.00624684
491.1	-0.00624408
491.2	-0.00624284
491.3	-0.0062434
491.4	-0.00624575
491.5	-0.00624875
491.6	-0.00625164
491.7	-0.00625165
491.8	-0.00624856
491.9	-0.00623914
492	-0.00622548
492.1	-0.00620528
492.2	-0.00618261
492.3	-0.00615477
492.4	-0.00612542
492.5	-0.00609285
492.6	-0.006057
492.7	-0.00601988
492.8	-0.00598162
492.9	-0.00594232
493	-0.00589811
493.1	-0.00585197
493.2	-0.00580553
493.3	-0.00575529
493.4	-0.0057054
493.5	-0.00565632
493.6	-0.00561251
493.7	-0.00556898
493.8	-0.00552382
493.9	-0.00547667
494	-0.00542939
494.1	-0.00538432
494.2	-0.00533899
494.3	-0.00529507
494.4	-0.00525415
494.5	-0.00520966
494.6	-0.00516391
494.7	-0.0051175
494.8	-0.00507103
494.9	-0.00502671
495	-0.00498686
495.1	-0.00495131
495.2	-0.00491477
495.3	-0.00488391
495.4	-0.00485957
495.5	-0.00483972
495.6	-0.0048232
495.7	-0.00480931
495.8	-0.00479914
495.9	-0.00479187
496	-0.00478095
496.1	-0.00476504
496.2	-0.00474938
496.3	-0.00473763
496.4	-0.00473257
496.5	-0.00472846
496.6	-0.00472477
496.7	-0.00472354
496.8	-0.00472686
496.9	-0.00473466
497	-0.00474071
497.1	-0.00474499
497.2	-0.00474834
497.3	-0.0047548
497.4	-0.00476401
497.5	-0.00477293
497.6	-0.00477767
497.7	-0.00477656
497.8	-0.00477859
497.9	-0.00478517
498	-0.00478803
498.1	-0.00478657
498.2	-0.00478528
498.3	-0.00478425
498.4	-0.0047833
498.5	-0.00477858
498.6	-0.00477221
498.7	-0.00476611
498.8	-0.00476211
498.9	-0.00475991
499	-0.00476123
499.1	-0.00476297
499.2	-0.00476843
499.3	-0.00477622
499.4	-0.00478527
499.5	-0.00479663
499.6	-0.0048059
499.7	-0.00481519
499.8	-0.00482338
499.9	-0.00482829
500	-0.00483201
