LagTime	Correlation

0	1.22464
0.1	1.21962
0.2	1.21213
0.3	1.20407
0.4	1.19592
0.5	1.1878
0.6	1.17974
0.7	1.17174
0.8	1.16381
0.9	1.15596
1	1.14818
1.1	1.14047
1.2	1.13283
1.3	1.12525
1.4	1.11775
1.5	1.11032
1.6	1.10296
1.7	1.09566
1.8	1.08842
1.9	1.08125
2	1.07413
2.1	1.06708
2.2	1.06009
2.3	1.05316
2.4	1.04628
2.5	1.03947
2.6	1.03272
2.7	1.02603
2.8	1.01941
2.9	1.01284
3	1.00633
3.1	0.999891
3.2	0.993508
3.3	0.987179
3.4	0.980905
3.5	0.974691
3.6	0.968533
3.7	0.962427
3.8	0.956369
3.9	0.950361
4	0.944401
4.1	0.938486
4.2	0.932623
4.3	0.926811
4.4	0.921048
4.5	0.915334
4.6	0.909666
4.7	0.904046
4.8	0.898472
4.9	0.892942
5	0.887461
5.1	0.882025
5.2	0.876636
5.3	0.871292
5.4	0.865996
5.5	0.86075
5.6	0.855557
5.7	0.850411
5.8	0.845306
5.9	0.840238
6	0.835204
6.1	0.830204
6.2	0.825244
6.3	0.820325
6.4	0.815437
6.5	0.810585
6.6	0.805767
6.7	0.800986
6.8	0.796239
6.9	0.791533
7	0.786866
7.1	0.782239
7.2	0.777646
7.3	0.77309
7.4	0.768572
7.5	0.764091
7.6	0.759647
7.7	0.755246
7.8	0.750886
7.9	0.746563
8	0.742272
8.1	0.738016
8.2	0.733792
8.3	0.729602
8.4	0.725443
8.5	0.721315
8.6	0.717219
8.7	0.713154
8.8	0.709116
8.9	0.705101
9	0.701113
9.1	0.697159
9.2	0.693239
9.3	0.689344
9.4	0.685476
9.5	0.681635
9.6	0.677824
9.7	0.674041
9.8	0.670289
9.9	0.666563
10	0.662864
10.1	0.659193
10.2	0.65555
10.3	0.651934
10.4	0.648348
10.5	0.644786
10.6	0.641247
10.7	0.637737
10.8	0.634255
10.9	0.630802
11	0.62738
11.1	0.623988
11.2	0.620617
11.3	0.617266
11.4	0.613936
11.5	0.610631
11.6	0.607346
11.7	0.604084
11.8	0.600841
11.9	0.597618
12	0.594416
12.1	0.591242
12.2	0.588091
12.3	0.584962
12.4	0.581851
12.5	0.578758
12.6	0.575683
12.7	0.572626
12.8	0.569591
12.9	0.566578
13	0.563582
13.1	0.560604
13.2	0.557647
13.3	0.554706
13.4	0.551781
13.5	0.548876
13.6	0.545991
13.7	0.543131
13.8	0.540291
13.9	0.537473
14	0.534679
14.1	0.53191
14.2	0.529167
14.3	0.526442
14.4	0.523733
14.5	0.521041
14.6	0.518367
14.7	0.515713
14.8	0.513077
14.9	0.51046
15	0.507861
15.1	0.505283
15.2	0.50273
15.3	0.500198
15.4	0.497687
15.5	0.495198
15.6	0.492728
15.7	0.490276
15.8	0.487845
15.9	0.485435
16	0.483043
16.1	0.480668
16.2	0.47831
16.3	0.475968
16.4	0.473643
16.5	0.471338
16.6	0.469048
16.7	0.466772
16.8	0.464514
16.9	0.462274
17	0.460055
17.1	0.457848
17.2	0.455654
17.3	0.453477
17.4	0.451316
17.5	0.449169
17.6	0.447034
17.7	0.444913
17.8	0.442798
17.9	0.44069
18	0.438592
18.1	0.43651
18.2	0.434442
18.3	0.432389
18.4	0.430351
18.5	0.42833
18.6	0.426322
18.7	0.424324
18.8	0.422337
18.9	0.420364
19	0.418402
19.1	0.416452
19.2	0.414518
19.3	0.4126
19.4	0.410693
19.5	0.408797
19.6	0.406923
19.7	0.40506
19.8	0.403213
19.9	0.401379
20	0.399558
20.1	0.397754
20.2	0.395959
20.3	0.394176
20.4	0.392405
20.5	0.390638
20.6	0.388882
20.7	0.387138
20.8	0.385405
20.9	0.383684
21	0.381973
21.1	0.380272
21.2	0.378583
21.3	0.376899
21.4	0.375219
21.5	0.373547
21.6	0.371879
21.7	0.370223
21.8	0.368578
21.9	0.366949
22	0.365332
22.1	0.363722
22.2	0.362122
22.3	0.360533
22.4	0.35895
22.5	0.357373
22.6	0.355806
22.7	0.354245
22.8	0.352696
22.9	0.351163
23	0.349644
23.1	0.348137
23.2	0.346635
23.3	0.345144
23.4	0.343667
23.5	0.342202
23.6	0.340744
23.7	0.339299
23.8	0.33786
23.9	0.336427
24	0.335004
24.1	0.33359
24.2	0.332184
24.3	0.330787
24.4	0.329398
24.5	0.328019
24.6	0.326647
24.7	0.325282
24.8	0.323925
24.9	0.322576
25	0.321237
25.1	0.319907
25.2	0.318587
25.3	0.317275
25.4	0.315972
25.5	0.314683
25.6	0.313407
25.7	0.312141
25.8	0.310882
25.9	0.30963
26	0.308384
26.1	0.307142
26.2	0.305905
26.3	0.304668
26.4	0.303436
26.5	0.302206
26.6	0.300982
26.7	0.299765
26.8	0.298556
26.9	0.297352
27	0.296152
27.1	0.294961
27.2	0.293777
27.3	0.2926
27.4	0.291431
27.5	0.29027
27.6	0.289117
27.7	0.287967
27.8	0.286825
27.9	0.285686
28	0.284548
28.1	0.283416
28.2	0.282295
28.3	0.281185
28.4	0.280085
28.5	0.278995
28.6	0.277918
28.7	0.276849
28.8	0.275787
28.9	0.274728
29	0.273676
29.1	0.272627
29.2	0.271584
29.3	0.270544
29.4	0.269508
29.5	0.268474
29.6	0.267443
29.7	0.266413
29.8	0.265387
29.9	0.264373
30	0.263368
30.1	0.26237
30.2	0.261372
30.3	0.260376
30.4	0.259382
30.5	0.258388
30.6	0.257399
30.7	0.256417
30.8	0.255441
30.9	0.254471
31	0.253506
31.1	0.252553
31.2	0.251607
31.3	0.25066
31.4	0.249712
31.5	0.248772
31.6	0.247837
31.7	0.246905
31.8	0.245979
31.9	0.245058
32	0.24414
32.1	0.243227
32.2	0.242319
32.3	0.241418
32.4	0.240529
32.5	0.239648
32.6	0.238774
32.7	0.2379
32.8	0.237029
32.9	0.236159
33	0.235292
33.1	0.234427
33.2	0.233564
33.3	0.232704
33.4	0.231852
33.5	0.231007
33.6	0.23017
33.7	0.229342
33.8	0.228518
33.9	0.227697
34	0.226877
34.1	0.226062
34.2	0.225252
34.3	0.224448
34.4	0.223645
34.5	0.222846
34.6	0.22205
34.7	0.221254
34.8	0.220452
34.9	0.219649
35	0.218848
35.1	0.218048
35.2	0.217254
35.3	0.216464
35.4	0.215682
35.5	0.214903
35.6	0.214127
35.7	0.213356
35.8	0.212587
35.9	0.211824
36	0.211067
36.1	0.210316
36.2	0.209567
36.3	0.208823
36.4	0.208085
36.5	0.207353
36.6	0.206624
36.7	0.205896
36.8	0.205168
36.9	0.204442
37	0.203719
37.1	0.203
37.2	0.202283
37.3	0.201568
37.4	0.200854
37.5	0.200144
37.6	0.199436
37.7	0.198731
37.8	0.198026
37.9	0.197321
38	0.19662
38.1	0.195918
38.2	0.195218
38.3	0.194521
38.4	0.19383
38.5	0.193148
38.6	0.19247
38.7	0.191796
38.8	0.191126
38.9	0.190454
39	0.189783
39.1	0.189112
39.2	0.188441
39.3	0.187773
39.4	0.18711
39.5	0.186451
39.6	0.185795
39.7	0.185135
39.8	0.184471
39.9	0.183809
40	0.18315
40.1	0.182495
40.2	0.181843
40.3	0.181199
40.4	0.180558
40.5	0.17992
40.6	0.179285
40.7	0.178649
40.8	0.178009
40.9	0.177369
41	0.176726
41.1	0.176088
41.2	0.17545
41.3	0.174814
41.4	0.174176
41.5	0.173539
41.6	0.172902
41.7	0.172268
41.8	0.171639
41.9	0.17101
42	0.17038
42.1	0.169753
42.2	0.169127
42.3	0.168498
42.4	0.16787
42.5	0.167243
42.6	0.166617
42.7	0.165992
42.8	0.165365
42.9	0.164742
43	0.164119
43.1	0.163498
43.2	0.16288
43.3	0.162262
43.4	0.161649
43.5	0.161041
43.6	0.160433
43.7	0.159825
43.8	0.159224
43.9	0.158628
44	0.158031
44.1	0.157434
44.2	0.156837
44.3	0.156238
44.4	0.155636
44.5	0.155039
44.6	0.154448
44.7	0.153864
44.8	0.153282
44.9	0.1527
45	0.152116
45.1	0.151533
45.2	0.150953
45.3	0.150375
45.4	0.149799
45.5	0.149225
45.6	0.148653
45.7	0.148085
45.8	0.147522
45.9	0.146965
46	0.146407
46.1	0.14585
46.2	0.145297
46.3	0.144748
46.4	0.144206
46.5	0.143666
46.6	0.143128
46.7	0.142595
46.8	0.142066
46.9	0.141537
47	0.141013
47.1	0.140487
47.2	0.139959
47.3	0.139429
47.4	0.138904
47.5	0.138386
47.6	0.137868
47.7	0.137353
47.8	0.136839
47.9	0.136326
48	0.135818
48.1	0.135311
48.2	0.134805
48.3	0.134301
48.4	0.133798
48.5	0.133298
48.6	0.132804
48.7	0.132311
48.8	0.131815
48.9	0.131317
49	0.13082
49.1	0.130331
49.2	0.129844
49.3	0.129361
49.4	0.128881
49.5	0.128399
49.6	0.127917
49.7	0.127444
49.8	0.126971
49.9	0.126498
50	0.126022
50.1	0.125542
50.2	0.12506
50.3	0.124577
50.4	0.124092
50.5	0.123609
50.6	0.123125
50.7	0.122638
50.8	0.122154
50.9	0.121676
51	0.121203
51.1	0.120735
51.2	0.120271
51.3	0.11981
51.4	0.119352
51.5	0.118893
51.6	0.118436
51.7	0.117981
51.8	0.117531
51.9	0.11708
52	0.116626
52.1	0.11617
52.2	0.115721
52.3	0.115277
52.4	0.114837
52.5	0.1144
52.6	0.11397
52.7	0.113542
52.8	0.113124
52.9	0.112709
53	0.11229
53.1	0.111874
53.2	0.11146
53.3	0.111045
53.4	0.11063
53.5	0.110212
53.6	0.109794
53.7	0.109377
53.8	0.108957
53.9	0.108539
54	0.108117
54.1	0.10769
54.2	0.107261
54.3	0.106835
54.4	0.10641
54.5	0.105985
54.6	0.105564
54.7	0.105141
54.8	0.104715
54.9	0.104283
55	0.103849
55.1	0.103413
55.2	0.102974
55.3	0.102536
55.4	0.102105
55.5	0.101681
55.6	0.10126
55.7	0.10084
55.8	0.100417
55.9	0.0999964
56	0.0995788
56.1	0.099169
56.2	0.0987642
56.3	0.0983655
56.4	0.0979711
56.5	0.0975854
56.6	0.0972047
56.7	0.0968285
56.8	0.0964484
56.9	0.0960686
57	0.0956869
57.1	0.095308
57.2	0.0949347
57.3	0.094567
57.4	0.0942044
57.5	0.093845
57.6	0.0934854
57.7	0.0931293
57.8	0.0927731
57.9	0.0924178
58	0.0920723
58.1	0.0917312
58.2	0.091395
58.3	0.0910637
58.4	0.0907364
58.5	0.0904109
58.6	0.090085
58.7	0.0897578
58.8	0.0894281
58.9	0.0890913
59	0.0887501
59.1	0.0884076
59.2	0.0880655
59.3	0.0877236
59.4	0.0873814
59.5	0.087039
59.6	0.0866993
59.7	0.0863579
59.8	0.0860181
59.9	0.0856801
60	0.0853446
60.1	0.0850126
60.2	0.0846808
60.3	0.0843483
60.4	0.0840139
60.5	0.0836704
60.6	0.0833221
60.7	0.0829692
60.8	0.082617
60.9	0.0822672
61	0.0819228
61.1	0.0815863
61.2	0.0812548
61.3	0.0809249
61.4	0.0805942
61.5	0.0802655
61.6	0.0799407
61.7	0.0796197
61.8	0.0793039
61.9	0.0789862
62	0.078662
62.1	0.0783339
62.2	0.0780026
62.3	0.0776752
62.4	0.0773525
62.5	0.0770324
62.6	0.0767107
62.7	0.0763829
62.8	0.0760486
62.9	0.0757105
63	0.075375
63.1	0.0750476
63.2	0.0747264
63.3	0.0744055
63.4	0.0740812
63.5	0.0737583
63.6	0.0734322
63.7	0.0731081
63.8	0.0727894
63.9	0.0724719
64	0.0721571
64.1	0.0718424
64.2	0.0715281
64.3	0.071216
64.4	0.0709062
64.5	0.0706019
64.6	0.0702982
64.7	0.0699909
64.8	0.0696831
64.9	0.0693799
65	0.069084
65.1	0.0687908
65.2	0.0685055
65.3	0.0682256
65.4	0.0679501
65.5	0.0676798
65.6	0.0674112
65.7	0.0671395
65.8	0.0668691
65.9	0.0666053
66	0.0663476
66.1	0.0660913
66.2	0.0658412
66.3	0.065597
66.4	0.0653611
66.5	0.0651334
66.6	0.0649092
66.7	0.0646893
66.8	0.0644705
66.9	0.0642545
67	0.0640374
67.1	0.06382
67.2	0.0635944
67.3	0.0633694
67.4	0.0631436
67.5	0.0629135
67.6	0.0626855
67.7	0.0624636
67.8	0.0622452
67.9	0.0620284
68	0.0618136
68.1	0.0616004
68.2	0.0613884
68.3	0.0611754
68.4	0.0609639
68.5	0.0607545
68.6	0.0605523
68.7	0.0603526
68.8	0.0601653
68.9	0.059981
69	0.0598007
69.1	0.0596222
69.2	0.0594443
69.3	0.0592686
69.4	0.0590928
69.5	0.0589169
69.6	0.0587427
69.7	0.0585676
69.8	0.058391
69.9	0.0582117
70	0.0580277
70.1	0.0578419
70.2	0.0576637
70.3	0.0574877
70.4	0.0573139
70.5	0.0571365
70.6	0.0569567
70.7	0.0567747
70.8	0.0565904
70.9	0.0564049
71	0.0562205
71.1	0.0560375
71.2	0.055862
71.3	0.0556861
71.4	0.0555108
71.5	0.0553358
71.6	0.0551571
71.7	0.054976
71.8	0.0547944
71.9	0.054609
72	0.0544171
72.1	0.0542236
72.2	0.0540277
72.3	0.0538314
72.4	0.0536399
72.5	0.0534524
72.6	0.0532651
72.7	0.0530721
72.8	0.0528765
72.9	0.0526805
73	0.0524853
73.1	0.0522888
73.2	0.0520878
73.3	0.0518859
73.4	0.0516819
73.5	0.0514828
73.6	0.0512879
73.7	0.0510947
73.8	0.0508999
73.9	0.0507021
74	0.0505045
74.1	0.0503081
74.2	0.0501132
74.3	0.049922
74.4	0.0497351
74.5	0.0495531
74.6	0.0493791
74.7	0.0492121
74.8	0.0490421
74.9	0.0488669
75	0.0486886
75.1	0.0485055
75.2	0.0483195
75.3	0.0481353
75.4	0.0479496
75.5	0.0477662
75.6	0.047583
75.7	0.0474003
75.8	0.0472209
75.9	0.0470378
76	0.0468531
76.1	0.046671
76.2	0.0464946
76.3	0.0463198
76.4	0.0461481
76.5	0.0459772
76.6	0.0458088
76.7	0.0456436
76.8	0.0454782
76.9	0.0453109
77	0.0451429
77.1	0.0449731
77.2	0.0448042
77.3	0.0446332
77.4	0.044459
77.5	0.0442838
77.6	0.0441081
77.7	0.0439345
77.8	0.0437684
77.9	0.0436096
78	0.043452
78.1	0.0432915
78.2	0.0431254
78.3	0.0429544
78.4	0.042785
78.5	0.042611
78.6	0.0424327
78.7	0.042254
78.8	0.0420709
78.9	0.0418853
79	0.0416987
79.1	0.0415164
79.2	0.041339
79.3	0.0411613
79.4	0.0409847
79.5	0.0408083
79.6	0.040636
79.7	0.0404697
79.8	0.0403066
79.9	0.0401472
80	0.0399913
80.1	0.0398321
80.2	0.0396696
80.3	0.0395057
80.4	0.0393434
80.5	0.0391846
80.6	0.0390293
80.7	0.0388737
80.8	0.0387167
80.9	0.0385618
81	0.0384123
81.1	0.0382591
81.2	0.0381038
81.3	0.0379466
81.4	0.0377906
81.5	0.0376368
81.6	0.0374859
81.7	0.0373351
81.8	0.0371831
81.9	0.0370303
82	0.0368782
82.1	0.0367245
82.2	0.0365728
82.3	0.0364225
82.4	0.0362651
82.5	0.0361012
82.6	0.0359364
82.7	0.0357712
82.8	0.0356049
82.9	0.0354391
83	0.0352666
83.1	0.0350882
83.2	0.0349105
83.3	0.0347331
83.4	0.0345563
83.5	0.0343817
83.6	0.0342062
83.7	0.0340366
83.8	0.0338698
83.9	0.0337064
84	0.0335451
84.1	0.0333911
84.2	0.0332414
84.3	0.0330939
84.4	0.032946
84.5	0.0327959
84.6	0.0326433
84.7	0.0324865
84.8	0.032326
84.9	0.0321669
85	0.032008
85.1	0.0318525
85.2	0.0316961
85.3	0.0315449
85.4	0.0313991
85.5	0.0312554
85.6	0.0311133
85.7	0.0309731
85.8	0.0308315
85.9	0.030684
86	0.0305349
86.1	0.030393
86.2	0.0302591
86.3	0.0301282
86.4	0.0300041
86.5	0.0298864
86.6	0.0297718
86.7	0.0296609
86.8	0.0295521
86.9	0.0294492
87	0.029349
87.1	0.0292495
87.2	0.0291505
87.3	0.0290481
87.4	0.0289465
87.5	0.0288429
87.6	0.0287392
87.7	0.0286386
87.8	0.0285342
87.9	0.028428
88	0.028328
88.1	0.0282297
88.2	0.0281362
88.3	0.0280399
88.4	0.0279421
88.5	0.0278421
88.6	0.0277375
88.7	0.0276297
88.8	0.0275223
88.9	0.0274118
89	0.0272992
89.1	0.0271843
89.2	0.0270675
89.3	0.0269479
89.4	0.0268301
89.5	0.0267138
89.6	0.0265994
89.7	0.0264904
89.8	0.0263819
89.9	0.0262715
90	0.0261594
90.1	0.0260424
90.2	0.0259207
90.3	0.025796
90.4	0.0256741
90.5	0.0255532
90.6	0.0254326
90.7	0.025312
90.8	0.0251943
90.9	0.025075
91	0.0249548
91.1	0.024831
91.2	0.024701
91.3	0.0245685
91.4	0.0244349
91.5	0.0243067
91.6	0.0241826
91.7	0.0240647
91.8	0.0239493
91.9	0.0238316
92	0.0237165
92.1	0.0236027
92.2	0.0234872
92.3	0.0233696
92.4	0.0232551
92.5	0.0231432
92.6	0.023028
92.7	0.0229138
92.8	0.0227946
92.9	0.0226729
93	0.0225486
93.1	0.0224212
93.2	0.0222909
93.3	0.0221562
93.4	0.0220154
93.5	0.0218705
93.6	0.0217261
93.7	0.02158
93.8	0.0214313
93.9	0.0212836
94	0.021139
94.1	0.020994
94.2	0.0208429
94.3	0.0206909
94.4	0.0205374
94.5	0.020383
94.6	0.0202323
94.7	0.0200822
94.8	0.0199322
94.9	0.0197881
95	0.0196424
95.1	0.0194981
95.2	0.0193562
95.3	0.01922
95.4	0.0190908
95.5	0.0189581
95.6	0.018827
95.7	0.0186933
95.8	0.0185605
95.9	0.0184228
96	0.0182855
96.1	0.0181464
96.2	0.0180085
96.3	0.0178748
96.4	0.0177467
96.5	0.0176184
96.6	0.0174914
96.7	0.017363
96.8	0.0172348
96.9	0.0171086
97	0.0169837
97.1	0.0168639
97.2	0.0167464
97.3	0.0166304
97.4	0.0165171
97.5	0.016404
97.6	0.0162899
97.7	0.0161784
97.8	0.0160691
97.9	0.0159639
98	0.0158598
98.1	0.0157597
98.2	0.0156628
98.3	0.0155658
98.4	0.0154708
98.5	0.015381
98.6	0.0153022
98.7	0.0152341
98.8	0.0151735
98.9	0.0151089
99	0.0150382
99.1	0.0149653
99.2	0.0148959
99.3	0.0148355
99.4	0.0147757
99.5	0.0147159
99.6	0.0146563
99.7	0.0145999
99.8	0.0145444
99.9	0.0144927
100	0.0144399
100.1	0.0143831
100.2	0.0143195
100.3	0.0142564
100.4	0.0141962
100.5	0.0141376
100.6	0.0140799
100.7	0.0140231
100.8	0.0139691
100.9	0.0139206
101	0.0138714
101.1	0.0138172
101.2	0.0137609
101.3	0.0137068
101.4	0.0136598
101.5	0.0136147
101.6	0.013572
101.7	0.0135274
101.8	0.0134814
101.9	0.0134367
102	0.0133911
102.1	0.0133445
102.2	0.0132968
102.3	0.0132417
102.4	0.013182
102.5	0.0131212
102.6	0.0130661
102.7	0.0130123
102.8	0.0129562
102.9	0.012894
103	0.0128301
103.1	0.0127679
103.2	0.0127111
103.3	0.0126591
103.4	0.0126151
103.5	0.0125758
103.6	0.0125394
103.7	0.0124986
103.8	0.012456
103.9	0.0124126
104	0.0123653
104.1	0.0123166
104.2	0.0122651
104.3	0.0122095
104.4	0.0121523
104.5	0.0120953
104.6	0.0120382
104.7	0.0119819
104.8	0.0119255
104.9	0.0118731
105	0.0118216
105.1	0.0117752
105.2	0.011731
105.3	0.0116899
105.4	0.0116413
105.5	0.0115857
105.6	0.0115316
105.7	0.0114778
105.8	0.0114244
105.9	0.0113711
106	0.011314
106.1	0.0112582
106.2	0.0112076
106.3	0.0111585
106.4	0.0111094
106.5	0.0110671
106.6	0.0110286
106.7	0.0109885
106.8	0.0109404
106.9	0.0108907
107	0.0108418
107.1	0.0107962
107.2	0.0107517
107.3	0.010713
107.4	0.0106771
107.5	0.0106415
107.6	0.0106042
107.7	0.0105622
107.8	0.0105161
107.9	0.010468
108	0.0104153
108.1	0.0103646
108.2	0.0103127
108.3	0.0102593
108.4	0.0102111
108.5	0.0101675
108.6	0.0101283
108.7	0.01009
108.8	0.0100486
108.9	0.0100034
109	0.00995537
109.1	0.00990393
109.2	0.00984437
109.3	0.00977921
109.4	0.00971103
109.5	0.00964754
109.6	0.00959176
109.7	0.00953917
109.8	0.00948501
109.9	0.00942971
110	0.00937586
110.1	0.00932707
110.2	0.00928186
110.3	0.00923858
110.4	0.00919763
110.5	0.00915977
110.6	0.00912619
110.7	0.0090951
110.8	0.0090653
110.9	0.00903493
111	0.00900388
111.1	0.00897172
111.2	0.00893901
111.3	0.00890823
111.4	0.00887953
111.5	0.00885031
111.6	0.00881893
111.7	0.00878374
111.8	0.00874203
111.9	0.00869229
112	0.00863776
112.1	0.00857743
112.2	0.00851331
112.3	0.008445
112.4	0.00837427
112.5	0.00830182
112.6	0.00822399
112.7	0.00814541
112.8	0.00806948
112.9	0.00799176
113	0.00790744
113.1	0.00781878
113.2	0.00772906
113.3	0.00764256
113.4	0.00755602
113.5	0.00746996
113.6	0.00738514
113.7	0.00729874
113.8	0.00721481
113.9	0.00713996
114	0.0070717
114.1	0.00700624
114.2	0.00694098
114.3	0.00687587
114.4	0.00681477
114.5	0.0067573
114.6	0.00669975
114.7	0.00663942
114.8	0.00657232
114.9	0.00650338
115	0.00643679
115.1	0.00636787
115.2	0.0062977
115.3	0.00623517
115.4	0.00617484
115.5	0.00611092
115.6	0.00604916
115.7	0.00598445
115.8	0.00591321
115.9	0.00583268
116	0.00575021
116.1	0.00567103
116.2	0.00559159
116.3	0.00551347
116.4	0.0054342
116.5	0.00535131
116.6	0.0052685
116.7	0.00518414
116.8	0.00510288
116.9	0.00502408
117	0.0049461
117.1	0.00487115
117.2	0.00480168
117.3	0.00473582
117.4	0.0046716
117.5	0.00461048
117.6	0.00455221
117.7	0.00449783
117.8	0.00444507
117.9	0.00439606
118	0.00435876
118.1	0.0043286
118.2	0.00430875
118.3	0.00429242
118.4	0.00427566
118.5	0.00425863
118.6	0.00423712
118.7	0.00420771
118.8	0.00417772
118.9	0.00414675
119	0.00411032
119.1	0.00407353
119.2	0.00403851
119.3	0.00400219
119.4	0.00396278
119.5	0.00392169
119.6	0.00387738
119.7	0.00382693
119.8	0.0037731
119.9	0.00372094
120	0.00367327
120.1	0.00363205
120.2	0.00359662
120.3	0.00356051
120.4	0.00352186
120.5	0.00348502
120.6	0.00345127
120.7	0.00341218
120.8	0.00337048
120.9	0.00332626
121	0.00328195
121.1	0.00323989
121.2	0.0031994
121.3	0.00315333
121.4	0.00310724
121.5	0.00306073
121.6	0.00301881
121.7	0.00298054
121.8	0.00294252
121.9	0.00290482
122	0.00286612
122.1	0.0028305
122.2	0.00279789
122.3	0.00276803
122.4	0.00274248
122.5	0.0027205
122.6	0.00270114
122.7	0.0026866
122.8	0.00267184
122.9	0.00266248
123	0.002658
123.1	0.00265692
123.2	0.0026545
123.3	0.00265515
123.4	0.00266172
123.5	0.00267035
123.6	0.00267691
123.7	0.00268289
123.8	0.00269278
123.9	0.00270434
124	0.00272315
124.1	0.00274639
124.2	0.00277231
124.3	0.00279979
124.4	0.00282767
124.5	0.00285387
124.6	0.00287934
124.7	0.00289831
124.8	0.00291239
124.9	0.0029243
125	0.00293449
125.1	0.00294487
125.2	0.00295043
125.3	0.00294719
125.4	0.00293898
125.5	0.00292866
125.6	0.00290786
125.7	0.00288473
125.8	0.0028567
125.9	0.00282944
126	0.0028031
126.1	0.0027733
126.2	0.00274195
126.3	0.00271123
126.4	0.00268188
126.5	0.0026539
126.6	0.00262967
126.7	0.00260752
126.8	0.00258767
126.9	0.0025689
127	0.00254737
127.1	0.00252701
127.2	0.00250819
127.3	0.00248788
127.4	0.00246462
127.5	0.00243563
127.6	0.00240283
127.7	0.00236905
127.8	0.00233595
127.9	0.0023048
128	0.00227042
128.1	0.00223544
128.2	0.0022007
128.3	0.00217149
128.4	0.00214284
128.5	0.00211489
128.6	0.00208935
128.7	0.00206549
128.8	0.00204152
128.9	0.00201838
129	0.00199987
129.1	0.00198405
129.2	0.00196695
129.3	0.00194931
129.4	0.00193195
129.5	0.00191799
129.6	0.00190762
129.7	0.00189965
129.8	0.00189745
129.9	0.00189533
130	0.00189464
130.1	0.00189415
130.2	0.00189603
130.3	0.00189687
130.4	0.00189395
130.5	0.00189296
130.6	0.00189374
130.7	0.00189407
130.8	0.00189606
130.9	0.00189558
131	0.00189389
131.1	0.0018954
131.2	0.00190253
131.3	0.00191332
131.4	0.00193265
131.5	0.00195932
131.6	0.00199121
131.7	0.00202257
131.8	0.00204865
131.9	0.0020697
132	0.00208875
132.1	0.00210591
132.2	0.00212248
132.3	0.00214194
132.4	0.00216372
132.5	0.00218251
132.6	0.00220005
132.7	0.00221467
132.8	0.00222675
132.9	0.00223849
133	0.00224883
133.1	0.00225611
133.2	0.00226461
133.3	0.00227466
133.4	0.00228377
133.5	0.0022929
133.6	0.0023062
133.7	0.00232763
133.8	0.00235182
133.9	0.00237555
134	0.00240206
134.1	0.00242848
134.2	0.00245153
134.3	0.00246861
134.4	0.00247578
134.5	0.00247976
134.6	0.00248544
134.7	0.00249225
134.8	0.00249802
134.9	0.00250362
135	0.0025078
135.1	0.00251519
135.2	0.00252106
135.3	0.00252394
135.4	0.00252057
135.5	0.00251622
135.6	0.00250883
135.7	0.00250113
135.8	0.00249869
135.9	0.00249844
136	0.00250332
136.1	0.00250867
136.2	0.00251394
136.3	0.00252042
136.4	0.00253211
136.5	0.00253915
136.6	0.00253801
136.7	0.00253294
136.8	0.00252679
136.9	0.00252453
137	0.00251747
137.1	0.00250229
137.2	0.00248617
137.3	0.0024721
137.4	0.00245422
137.5	0.00243616
137.6	0.00241921
137.7	0.00240117
137.8	0.00238296
137.9	0.00236212
138	0.00234095
138.1	0.00232211
138.2	0.00230313
138.3	0.00228485
138.4	0.0022644
138.5	0.00223854
138.6	0.00220857
138.7	0.00217866
138.8	0.00214747
138.9	0.00211421
139	0.00208011
139.1	0.00204856
139.2	0.0020161
139.3	0.00197914
139.4	0.00194146
139.5	0.00190379
139.6	0.00186969
139.7	0.00183646
139.8	0.00180553
139.9	0.00177908
140	0.00175576
140.1	0.00173751
140.2	0.00172547
140.3	0.00171554
140.4	0.00170589
140.5	0.001694
140.6	0.00168345
140.7	0.00167293
140.8	0.00166369
140.9	0.00165638
141	0.00164969
141.1	0.00164943
141.2	0.00165288
141.3	0.00165574
141.4	0.00165751
141.5	0.00165404
141.6	0.0016442
141.7	0.00162838
141.8	0.00160913
141.9	0.00158811
142	0.00157093
142.1	0.00155596
142.2	0.00154383
142.3	0.00152388
142.4	0.00149923
142.5	0.00147146
142.6	0.00143845
142.7	0.0014021
142.8	0.00136507
142.9	0.00132806
143	0.00129611
143.1	0.00126934
143.2	0.00124986
143.3	0.00123289
143.4	0.00121324
143.5	0.00118914
143.6	0.00116226
143.7	0.00113399
143.8	0.00110798
143.9	0.00108661
144	0.0010689
144.1	0.00105355
144.2	0.00104205
144.3	0.00103463
144.4	0.00102747
144.5	0.00102357
144.6	0.00102012
144.7	0.00101564
144.8	0.00101459
144.9	0.00101499
145	0.00101662
145.1	0.00102313
145.2	0.00103652
145.3	0.00105367
145.4	0.00106926
145.5	0.00108344
145.6	0.00109918
145.7	0.00111454
145.8	0.00113416
145.9	0.00115284
146	0.0011665
146.1	0.00117024
146.2	0.00116694
146.3	0.00116207
146.4	0.00115301
146.5	0.00114604
146.6	0.00114141
146.7	0.00113837
146.8	0.00113578
146.9	0.00112918
147	0.0011152
147.1	0.0011034
147.2	0.00109003
147.3	0.00107754
147.4	0.00107169
147.5	0.00106785
147.6	0.00106777
147.7	0.00107341
147.8	0.00107751
147.9	0.00108191
148	0.00108267
148.1	0.00108364
148.2	0.00108155
148.3	0.00107455
148.4	0.0010678
148.5	0.00106462
148.6	0.00105937
148.7	0.00105489
148.8	0.0010456
148.9	0.00103576
149	0.00102384
149.1	0.0010115
149.2	0.000998691
149.3	0.000983584
149.4	0.000966658
149.5	0.000942674
149.6	0.000911353
149.7	0.000877769
149.8	0.000842267
149.9	0.000809402
150	0.000773328
150.1	0.000733932
150.2	0.000691677
150.3	0.000648547
150.4	0.000610002
150.5	0.000571368
150.6	0.00053142
150.7	0.000493778
150.8	0.000460985
150.9	0.00043363
151	0.000409514
151.1	0.000392579
151.2	0.000375323
151.3	0.000363054
151.4	0.000353757
151.5	0.000345662
151.6	0.000334831
151.7	0.000320294
151.8	0.000305582
151.9	0.000293216
152	0.000281901
152.1	0.000266512
152.2	0.000246704
152.3	0.000226742
152.4	0.000212146
152.5	0.000201935
152.6	0.000196875
152.7	0.000199984
152.8	0.000207185
152.9	0.000214676
153	0.00022217
153.1	0.000229171
153.2	0.000235148
153.3	0.000237771
153.4	0.000233843
153.5	0.000230005
153.6	0.000227332
153.7	0.000225118
153.8	0.000218421
153.9	0.000207172
154	0.000196602
154.1	0.00019013
154.2	0.00018412
154.3	0.000179688
154.4	0.000173636
154.5	0.000165774
154.6	0.000164753
154.7	0.000168983
154.8	0.000168377
154.9	0.000159119
155	0.00014907
155.1	0.000139984
155.2	0.000126935
155.3	0.000109928
155.4	9.34757e-05
155.5	7.81302e-05
155.6	6.33779e-05
155.7	4.71787e-05
155.8	3.37346e-05
155.9	2.35033e-05
156	1.66856e-05
156.1	5.45962e-06
156.2	-1.01101e-05
156.3	-2.70229e-05
156.4	-4.32529e-05
156.5	-5.53049e-05
156.6	-6.16771e-05
156.7	-6.72513e-05
156.8	-7.54807e-05
156.9	-8.33547e-05
157	-9.46181e-05
157.1	-0.00010899
157.2	-0.000124167
157.3	-0.000137448
157.4	-0.000148595
157.5	-0.000157828
157.6	-0.000167721
157.7	-0.000179376
157.8	-0.000194374
157.9	-0.000209351
158	-0.000218287
158.1	-0.000223856
158.2	-0.000227779
158.3	-0.000234954
158.4	-0.000245367
158.5	-0.000254713
158.6	-0.00026445
158.7	-0.000277661
158.8	-0.000291166
158.9	-0.000307285
159	-0.00032753
159.1	-0.000347431
159.2	-0.00036523
159.3	-0.000385323
159.4	-0.000410886
159.5	-0.000441254
159.6	-0.000475042
159.7	-0.00050841
159.8	-0.000540846
159.9	-0.00056804
160	-0.000591756
160.1	-0.000614441
160.2	-0.00063757
160.3	-0.000663581
160.4	-0.00069157
160.5	-0.000717916
160.6	-0.000740976
160.7	-0.000762526
160.8	-0.000783294
160.9	-0.000801284
161	-0.000817121
161.1	-0.000833793
161.2	-0.000849068
161.3	-0.000865741
161.4	-0.000879179
161.5	-0.000890335
161.6	-0.000902411
161.7	-0.000916908
161.8	-0.000931663
161.9	-0.000946048
162	-0.000957714
162.1	-0.000971892
162.2	-0.000985451
162.3	-0.0010035
162.4	-0.00102253
162.5	-0.00103603
162.6	-0.00104712
162.7	-0.0010547
162.8	-0.00105444
162.9	-0.00104901
163	-0.0010444
163.1	-0.00104548
163.2	-0.00104759
163.3	-0.00105202
163.4	-0.00106151
163.5	-0.00107459
163.6	-0.00108546
163.7	-0.00109583
163.8	-0.00110475
163.9	-0.00110974
164	-0.00111233
164.1	-0.00111613
164.2	-0.00112465
164.3	-0.0011393
164.4	-0.00115597
164.5	-0.0011684
164.6	-0.00117829
164.7	-0.00118535
164.8	-0.00118836
164.9	-0.00118876
165	-0.00118642
165.1	-0.00118076
165.2	-0.00118027
165.3	-0.00118125
165.4	-0.00118145
165.5	-0.00117571
165.6	-0.0011689
165.7	-0.00116684
165.8	-0.00116886
165.9	-0.00117634
166	-0.0011903
166.1	-0.00120651
166.2	-0.00122523
166.3	-0.00124639
166.4	-0.00126873
166.5	-0.00128647
166.6	-0.00129519
166.7	-0.00129594
166.8	-0.00129263
166.9	-0.00129096
167	-0.0012947
167.1	-0.00130061
167.2	-0.00130809
167.3	-0.00131734
167.4	-0.00132716
167.5	-0.00133662
167.6	-0.00134796
167.7	-0.00135598
167.8	-0.00136315
167.9	-0.0013701
168	-0.00137458
168.1	-0.00138241
168.2	-0.00139061
168.3	-0.00139755
168.4	-0.00140431
168.5	-0.00141261
168.6	-0.00142784
168.7	-0.00144772
168.8	-0.00146789
168.9	-0.00148964
169	-0.00151396
169.1	-0.00153708
169.2	-0.001557
169.3	-0.00157201
169.4	-0.00158333
169.5	-0.00159058
169.6	-0.00159295
169.7	-0.00159548
169.8	-0.00159682
169.9	-0.00159777
170	-0.00160025
170.1	-0.00160177
170.2	-0.00160469
170.3	-0.00161063
170.4	-0.00161685
170.5	-0.00162481
170.6	-0.00163474
170.7	-0.00164419
170.8	-0.00165426
170.9	-0.00166388
171	-0.00167076
171.1	-0.00167219
171.2	-0.00167292
171.3	-0.00167042
171.4	-0.00166198
171.5	-0.00165518
171.6	-0.00164942
171.7	-0.00164202
171.8	-0.00163266
171.9	-0.00162617
172	-0.00162107
172.1	-0.00161618
172.2	-0.001611
172.3	-0.00160322
172.4	-0.00159711
172.5	-0.00159429
172.6	-0.00159525
172.7	-0.00159557
172.8	-0.00159244
172.9	-0.0015901
173	-0.00158817
173.1	-0.00158737
173.2	-0.00158796
173.3	-0.0015849
173.4	-0.0015825
173.5	-0.00158161
173.6	-0.00157932
173.7	-0.00157175
173.8	-0.00156308
173.9	-0.00155284
174	-0.00154628
174.1	-0.00154302
174.2	-0.00154571
174.3	-0.00154628
174.4	-0.00154407
174.5	-0.00153811
174.6	-0.00153174
174.7	-0.00153111
174.8	-0.00153916
174.9	-0.00155034
175	-0.00156346
175.1	-0.00157339
175.2	-0.00157965
175.3	-0.00158225
175.4	-0.00158613
175.5	-0.00158734
175.6	-0.00158376
175.7	-0.00158471
175.8	-0.00158908
175.9	-0.00159433
176	-0.00159968
176.1	-0.00159968
176.2	-0.00159859
176.3	-0.00159711
176.4	-0.00160069
176.5	-0.00160311
176.6	-0.0016024
176.7	-0.0015921
176.8	-0.00157629
176.9	-0.00156102
177	-0.00153947
177.1	-0.00151107
177.2	-0.00148201
177.3	-0.00145421
177.4	-0.00142422
177.5	-0.00139072
177.6	-0.00135905
177.7	-0.00132891
177.8	-0.00129581
177.9	-0.00125731
178	-0.00121569
178.1	-0.00117179
178.2	-0.00112516
178.3	-0.00107564
178.4	-0.00103043
178.5	-0.000986359
178.6	-0.000942196
178.7	-0.000896804
178.8	-0.000852762
178.9	-0.000805017
179	-0.000755275
179.1	-0.000703118
179.2	-0.000651895
179.3	-0.000598916
179.4	-0.000546587
179.5	-0.000502357
179.6	-0.000459165
179.7	-0.00041898
179.8	-0.00037663
179.9	-0.000333863
180	-0.000290329
180.1	-0.000242092
180.2	-0.000198232
180.3	-0.000155858
180.4	-0.00011199
180.5	-6.74586e-05
180.6	-1.84833e-05
180.7	3.09181e-05
180.8	7.68445e-05
180.9	0.000120124
181	0.000161689
181.1	0.00020417
181.2	0.000249273
181.3	0.000295548
181.4	0.000346008
181.5	0.000393075
181.6	0.000437102
181.7	0.000479823
181.8	0.000519625
181.9	0.000556181
182	0.000595433
182.1	0.000637807
182.2	0.000679004
182.3	0.000722311
182.4	0.000762414
182.5	0.000802107
182.6	0.0008417
182.7	0.000881571
182.8	0.000919186
182.9	0.000948455
183	0.000973574
183.1	0.000996526
183.2	0.0010185
183.3	0.00104353
183.4	0.00107499
183.5	0.00110966
183.6	0.00114636
183.7	0.00117949
183.8	0.00120936
183.9	0.00123488
184	0.0012612
184.1	0.00128738
184.2	0.00131229
184.3	0.00134216
184.4	0.00137053
184.5	0.0013958
184.6	0.00142501
184.7	0.00145916
184.8	0.00149139
184.9	0.00152598
185	0.00155914
185.1	0.00158575
185.2	0.00160841
185.3	0.00162638
185.4	0.00164403
185.5	0.00166248
185.6	0.00168285
185.7	0.00170635
185.8	0.00173247
185.9	0.00176099
186	0.00178889
186.1	0.00181807
186.2	0.00184587
186.3	0.001868
186.4	0.00189136
186.5	0.00192029
186.6	0.0019488
186.7	0.00197609
186.8	0.00200076
186.9	0.00202668
187	0.00204836
187.1	0.00207012
187.2	0.00209301
187.3	0.00211934
187.4	0.00214618
187.5	0.0021713
187.6	0.00219267
187.7	0.00220941
187.8	0.00222152
187.9	0.00222847
188	0.00223672
188.1	0.00224421
188.2	0.00224993
188.3	0.00225731
188.4	0.00226478
188.5	0.00227415
188.6	0.00229109
188.7	0.00231377
188.8	0.00233629
188.9	0.00235544
189	0.0023783
189.1	0.00240576
189.2	0.0024362
189.3	0.00246716
189.4	0.00250022
189.5	0.00254113
189.6	0.00258905
189.7	0.00263541
189.8	0.00268245
189.9	0.00272757
190	0.00277112
190.1	0.00281147
190.2	0.00284834
190.3	0.00288843
190.4	0.00292728
190.5	0.00296027
190.6	0.00299362
190.7	0.00302195
190.8	0.00304776
190.9	0.00306951
191	0.00309287
191.1	0.0031172
191.2	0.00314046
191.3	0.00316162
191.4	0.00318208
191.5	0.00320321
191.6	0.0032289
191.7	0.00325683
191.8	0.00328366
191.9	0.00330794
192	0.00333357
192.1	0.00335633
192.2	0.00337397
192.3	0.00339111
192.4	0.00340842
192.5	0.00342279
192.6	0.0034347
192.7	0.00344565
192.8	0.00345573
192.9	0.00346523
193	0.00347186
193.1	0.00347622
193.2	0.0034807
193.3	0.0034859
193.4	0.00349091
193.5	0.0034944
193.6	0.00348985
193.7	0.00348217
193.8	0.00347252
193.9	0.00346351
194	0.00345449
194.1	0.00344514
194.2	0.00343305
194.3	0.0034189
194.4	0.00340007
194.5	0.00337813
194.6	0.00335939
194.7	0.00334503
194.8	0.00333709
194.9	0.00333229
195	0.00332825
195.1	0.00332703
195.2	0.00332602
195.3	0.00332189
195.4	0.00331272
195.5	0.00329634
195.6	0.00327495
195.7	0.00325255
195.8	0.00322541
195.9	0.0031943
196	0.0031622
196.1	0.00313198
196.2	0.00310749
196.3	0.0030809
196.4	0.00305382
196.5	0.00302411
196.6	0.00299574
196.7	0.00296223
196.8	0.00292935
196.9	0.00289534
197	0.00285845
197.1	0.00281829
197.2	0.00277603
197.3	0.00272873
197.4	0.00268387
197.5	0.00264268
197.6	0.00260233
197.7	0.00256242
197.8	0.00251724
197.9	0.00246953
198	0.00242969
198.1	0.00239217
198.2	0.00235263
198.3	0.00231101
198.4	0.00226676
198.5	0.00221893
198.6	0.00217156
198.7	0.00212461
198.8	0.00207548
198.9	0.00202623
199	0.00197743
199.1	0.00193299
199.2	0.00188455
199.3	0.00183226
199.4	0.00177908
199.5	0.00172388
199.6	0.00166414
199.7	0.00159954
199.8	0.00153532
199.9	0.00147187
200	0.00140865
200.1	0.0013492
200.2	0.00129344
200.3	0.00123917
200.4	0.00118785
200.5	0.00113468
200.6	0.00108288
200.7	0.00103393
200.8	0.000984493
200.9	0.000933649
201	0.00088028
201.1	0.000821603
201.2	0.000760553
201.3	0.000700995
201.4	0.000644077
201.5	0.00058985
201.6	0.00053479
201.7	0.000482822
201.8	0.00042767
201.9	0.00037017
202	0.000310728
202.1	0.000250928
202.2	0.000196837
202.3	0.000144364
202.4	0.000100539
202.5	6.14889e-05
202.6	2.28037e-05
202.7	-1.46181e-05
202.8	-4.58188e-05
202.9	-7.39693e-05
203	-0.000101139
203.1	-0.000123532
203.2	-0.000140017
203.3	-0.000154563
203.4	-0.000168111
203.5	-0.000181271
203.6	-0.000195464
203.7	-0.000209516
203.8	-0.000225356
203.9	-0.0002453
204	-0.000269766
204.1	-0.000297227
204.2	-0.00032352
204.3	-0.000345553
204.4	-0.000365706
204.5	-0.000384179
204.6	-0.000406302
204.7	-0.000442194
204.8	-0.000488229
204.9	-0.000541157
205	-0.000598125
205.1	-0.000654517
205.2	-0.000718694
205.3	-0.000786367
205.4	-0.000854
205.5	-0.000919865
205.6	-0.000983097
205.7	-0.00104436
205.8	-0.00110505
205.9	-0.00116411
206	-0.0012236
206.1	-0.00128286
206.2	-0.00134011
206.3	-0.00139832
206.4	-0.00144962
206.5	-0.00149713
206.6	-0.0015382
206.7	-0.00157644
206.8	-0.00161592
206.9	-0.00165276
207	-0.00169087
207.1	-0.00172824
207.2	-0.00176486
207.3	-0.00179938
207.4	-0.00183187
207.5	-0.00186905
207.6	-0.00190421
207.7	-0.00193505
207.8	-0.00195727
207.9	-0.00197528
208	-0.00199122
208.1	-0.00200145
208.2	-0.00200595
208.3	-0.00200519
208.4	-0.00200506
208.5	-0.00200274
208.6	-0.0019954
208.7	-0.00198152
208.8	-0.00196315
208.9	-0.00193915
209	-0.00191343
209.1	-0.00189055
209.2	-0.00187057
209.3	-0.00185064
209.4	-0.00183092
209.5	-0.00180853
209.6	-0.00178742
209.7	-0.00176756
209.8	-0.00174779
209.9	-0.00173213
210	-0.00172422
210.1	-0.00172327
210.2	-0.00172119
210.3	-0.00171888
210.4	-0.00171454
210.5	-0.00171241
210.6	-0.00171212
210.7	-0.00171639
210.8	-0.00172209
210.9	-0.00172772
211	-0.00173005
211.1	-0.00172606
211.2	-0.00172196
211.3	-0.00172081
211.4	-0.00172687
211.5	-0.00173614
211.6	-0.00175029
211.7	-0.00176153
211.8	-0.00177157
211.9	-0.00177871
212	-0.00178337
212.1	-0.00178911
212.2	-0.00179422
212.3	-0.00179945
212.4	-0.00180192
212.5	-0.00180552
212.6	-0.00181198
212.7	-0.00182199
212.8	-0.00183688
212.9	-0.00185098
213	-0.00187029
213.1	-0.00189446
213.2	-0.0019222
213.3	-0.00194481
213.4	-0.001968
213.5	-0.00199394
213.6	-0.00201867
213.7	-0.00204963
213.8	-0.00208098
213.9	-0.00211484
214	-0.00214402
214.1	-0.00217018
214.2	-0.0021941
214.3	-0.00221085
214.4	-0.00222574
214.5	-0.00223724
214.6	-0.00224423
214.7	-0.00225165
214.8	-0.00225993
214.9	-0.00227186
215	-0.0022841
215.1	-0.00229869
215.2	-0.00231261
215.3	-0.00233096
215.4	-0.00235112
215.5	-0.00237386
215.6	-0.00239616
215.7	-0.00241424
215.8	-0.00243278
215.9	-0.00244826
216	-0.00246396
216.1	-0.00248025
216.2	-0.00250082
216.3	-0.00252353
216.4	-0.0025483
216.5	-0.00256898
216.6	-0.00258809
216.7	-0.00260659
216.8	-0.00262855
216.9	-0.00265696
217	-0.00269194
217.1	-0.0027309
217.2	-0.00277433
217.3	-0.00282283
217.4	-0.00287212
217.5	-0.0029238
217.6	-0.00297404
217.7	-0.0030221
217.8	-0.00306848
217.9	-0.00311442
218	-0.00316059
218.1	-0.0032059
218.2	-0.0032488
218.3	-0.00329541
218.4	-0.00334673
218.5	-0.00339629
218.6	-0.00344937
218.7	-0.0035033
218.8	-0.00355842
218.9	-0.00361766
219	-0.00368278
219.1	-0.00375056
219.2	-0.00381863
219.3	-0.00389061
219.4	-0.00396709
219.5	-0.00404431
219.6	-0.00412392
219.7	-0.00420252
219.8	-0.00427598
219.9	-0.0043475
220	-0.00441922
220.1	-0.00449315
220.2	-0.00457152
220.3	-0.00464969
220.4	-0.00473156
220.5	-0.00482202
220.6	-0.00491697
220.7	-0.00501418
220.8	-0.00510859
220.9	-0.00519698
221	-0.0052839
221.1	-0.00536904
221.2	-0.00545117
221.3	-0.00553066
221.4	-0.00561087
221.5	-0.0056914
221.6	-0.00577285
221.7	-0.00584889
221.8	-0.00592658
221.9	-0.00600909
222	-0.00609131
222.1	-0.00617134
222.2	-0.00624928
222.3	-0.00632694
222.4	-0.00640778
222.5	-0.00648948
222.6	-0.00657296
222.7	-0.00665346
222.8	-0.00672962
222.9	-0.00680175
223	-0.0068731
223.1	-0.00694677
223.2	-0.00702126
223.3	-0.00709152
223.4	-0.00715846
223.5	-0.00722254
223.6	-0.00728685
223.7	-0.00735438
223.8	-0.00742093
223.9	-0.00748697
224	-0.00754714
224.1	-0.00760392
224.2	-0.00766394
224.3	-0.0077263
224.4	-0.00778976
224.5	-0.00785385
224.6	-0.00791648
224.7	-0.00797637
224.8	-0.00803563
224.9	-0.00809821
225	-0.00816416
225.1	-0.00822838
225.2	-0.00828979
225.3	-0.00834716
225.4	-0.00840339
225.5	-0.00845778
225.6	-0.00850977
225.7	-0.00856229
225.8	-0.00861467
225.9	-0.00866796
226	-0.00872017
226.1	-0.00877454
226.2	-0.00882804
226.3	-0.00887581
226.4	-0.00892213
226.5	-0.00897
226.6	-0.00901746
226.7	-0.00906555
226.8	-0.00911919
226.9	-0.00916992
227	-0.0092179
227.1	-0.00926568
227.2	-0.00930843
227.3	-0.00934578
227.4	-0.00937587
227.5	-0.00940616
227.6	-0.00943405
227.7	-0.00946189
227.8	-0.00949282
227.9	-0.00952569
228	-0.00956185
228.1	-0.00959593
228.2	-0.00962803
228.3	-0.00966233
228.4	-0.00969744
228.5	-0.009733
228.6	-0.00976857
228.7	-0.00980343
228.8	-0.00984077
228.9	-0.00988152
229	-0.00992525
229.1	-0.00997033
229.2	-0.010016
229.3	-0.0100616
229.4	-0.010109
229.5	-0.0101554
229.6	-0.0101956
229.7	-0.0102262
229.8	-0.0102474
229.9	-0.0102638
230	-0.0102778
230.1	-0.0102926
230.2	-0.0103068
230.3	-0.0103223
230.4	-0.01034
230.5	-0.0103633
230.6	-0.0103904
230.7	-0.0104198
230.8	-0.0104499
230.9	-0.0104809
231	-0.0105129
231.1	-0.010543
231.2	-0.0105711
231.3	-0.0105974
231.4	-0.0106201
231.5	-0.01064
231.6	-0.0106542
231.7	-0.0106714
231.8	-0.010691
231.9	-0.010714
232	-0.0107406
232.1	-0.0107667
232.2	-0.0107886
232.3	-0.0108072
232.4	-0.0108261
232.5	-0.0108515
232.6	-0.0108824
232.7	-0.0109137
232.8	-0.0109414
232.9	-0.0109607
233	-0.0109741
233.1	-0.0109796
233.2	-0.0109837
233.3	-0.010988
233.4	-0.0109962
233.5	-0.0110037
233.6	-0.0110072
233.7	-0.0110088
233.8	-0.0110077
233.9	-0.0110016
234	-0.0109896
234.1	-0.0109763
234.2	-0.0109642
234.3	-0.0109514
234.4	-0.0109361
234.5	-0.0109196
234.6	-0.0108992
234.7	-0.0108739
234.8	-0.0108515
234.9	-0.0108302
235	-0.0108093
235.1	-0.0107841
235.2	-0.0107593
235.3	-0.0107346
235.4	-0.0107087
235.5	-0.0106819
235.6	-0.0106526
235.7	-0.010622
235.8	-0.0105911
235.9	-0.0105624
236	-0.0105327
236.1	-0.0105038
236.2	-0.0104748
236.3	-0.010449
236.4	-0.0104206
236.5	-0.0103984
236.6	-0.0103735
236.7	-0.010348
236.8	-0.0103236
236.9	-0.0103035
237	-0.0102809
237.1	-0.010255
237.2	-0.0102334
237.3	-0.0102139
237.4	-0.0101968
237.5	-0.0101813
237.6	-0.0101592
237.7	-0.0101332
237.8	-0.0101067
237.9	-0.0100794
238	-0.0100536
238.1	-0.0100306
238.2	-0.0100127
238.3	-0.0099972
238.4	-0.00998658
238.5	-0.00998072
238.6	-0.00997462
238.7	-0.00996798
238.8	-0.0099562
238.9	-0.0099401
239	-0.00992256
239.1	-0.00990691
239.2	-0.00988605
239.3	-0.00986186
239.4	-0.00983589
239.5	-0.0098148
239.6	-0.00979494
239.7	-0.00977553
239.8	-0.00975516
239.9	-0.00973764
240	-0.00972097
240.1	-0.00970852
240.2	-0.0096977
240.3	-0.00968905
240.4	-0.00967913
240.5	-0.00966753
240.6	-0.00965637
240.7	-0.00964716
240.8	-0.00963769
240.9	-0.00962546
241	-0.00961207
241.1	-0.00960132
241.2	-0.00959112
241.3	-0.00957741
241.4	-0.00955984
241.5	-0.0095451
241.6	-0.00953522
241.7	-0.00952495
241.8	-0.00951469
241.9	-0.00950392
242	-0.0094919
242.1	-0.00948377
242.2	-0.00948278
242.3	-0.00948495
242.4	-0.00949066
242.5	-0.00950224
242.6	-0.00951803
242.7	-0.00954048
242.8	-0.00956437
242.9	-0.00958689
243	-0.00960471
243.1	-0.00962295
243.2	-0.00964202
243.3	-0.0096609
243.4	-0.0096771
243.5	-0.00969403
243.6	-0.00970962
243.7	-0.00972552
243.8	-0.00974333
243.9	-0.00976404
244	-0.00978556
244.1	-0.00980865
244.2	-0.00983038
244.3	-0.0098512
244.4	-0.00986865
244.5	-0.00988226
244.6	-0.00989269
244.7	-0.00990147
244.8	-0.00991286
244.9	-0.00992567
245	-0.00994013
245.1	-0.00995251
245.2	-0.00996219
245.3	-0.00996304
245.4	-0.00995714
245.5	-0.00995044
245.6	-0.00994354
245.7	-0.00993613
245.8	-0.0099301
245.9	-0.00992322
246	-0.00991771
246.1	-0.00990801
246.2	-0.00989626
246.3	-0.00988348
246.4	-0.00986277
246.5	-0.00983759
246.6	-0.00980889
246.7	-0.00977589
246.8	-0.00974241
246.9	-0.00970709
247	-0.00966592
247.1	-0.00962291
247.2	-0.00958387
247.3	-0.00954346
247.4	-0.00950112
247.5	-0.00946327
247.6	-0.00942822
247.7	-0.00939371
247.8	-0.00935757
247.9	-0.0093201
248	-0.00928614
248.1	-0.00925235
248.2	-0.00921805
248.3	-0.0091844
248.4	-0.00915335
248.5	-0.00912819
248.6	-0.00910366
248.7	-0.00908329
248.8	-0.00906253
248.9	-0.0090411
249	-0.009021
249.1	-0.00900068
249.2	-0.00898069
249.3	-0.0089594
249.4	-0.0089352
249.5	-0.00891015
249.6	-0.00888636
249.7	-0.0088633
249.8	-0.00883933
249.9	-0.00881464
250	-0.00879583
250.1	-0.00878202
250.2	-0.0087701
250.3	-0.00875979
250.4	-0.00874787
250.5	-0.00872789
250.6	-0.00869781
250.7	-0.0086645
250.8	-0.00863275
250.9	-0.0086
251	-0.00856859
251.1	-0.00854248
251.2	-0.0085172
251.3	-0.00849363
251.4	-0.00846814
251.5	-0.00844878
251.6	-0.00843085
251.7	-0.00840899
251.8	-0.00838788
251.9	-0.00836921
252	-0.0083555
252.1	-0.00834727
252.2	-0.00834103
252.3	-0.00833543
252.4	-0.00832961
252.5	-0.00832846
252.6	-0.00832272
252.7	-0.00831613
252.8	-0.00830855
252.9	-0.00829813
253	-0.00828714
253.1	-0.00827464
253.2	-0.00826309
253.3	-0.00825112
253.4	-0.00823474
253.5	-0.00821313
253.6	-0.00818697
253.7	-0.00816062
253.8	-0.00813237
253.9	-0.00810296
254	-0.00807375
254.1	-0.00804574
254.2	-0.00801622
254.3	-0.00798307
254.4	-0.00795084
254.5	-0.00791952
254.6	-0.00789089
254.7	-0.00786195
254.8	-0.00783394
254.9	-0.00780437
255	-0.00778094
255.1	-0.00775905
255.2	-0.00773545
255.3	-0.00771077
255.4	-0.00768155
255.5	-0.00765733
255.6	-0.00764151
255.7	-0.00762842
255.8	-0.00761525
255.9	-0.007601
256	-0.00758801
256.1	-0.00757868
256.2	-0.00757504
256.3	-0.00757336
256.4	-0.00757093
256.5	-0.00756831
256.6	-0.00756964
256.7	-0.00756515
256.8	-0.00755492
256.9	-0.00754299
257	-0.00753097
257.1	-0.00751585
257.2	-0.00750105
257.3	-0.00749097
257.4	-0.0074853
257.5	-0.00748466
257.6	-0.00749098
257.7	-0.00750346
257.8	-0.0075187
257.9	-0.0075365
258	-0.00755307
258.1	-0.00756741
258.2	-0.00758082
258.3	-0.00759198
258.4	-0.00760557
258.5	-0.0076221
258.6	-0.00763856
258.7	-0.00765197
258.8	-0.00766755
258.9	-0.00767903
259	-0.00769138
259.1	-0.00770341
259.2	-0.0077129
259.3	-0.00772401
259.4	-0.0077346
259.5	-0.0077482
259.6	-0.00775903
259.7	-0.00777049
259.8	-0.00778681
259.9	-0.00780599
260	-0.00782846
260.1	-0.00785746
260.2	-0.00788888
260.3	-0.00792354
260.4	-0.00795903
260.5	-0.00799293
260.6	-0.00802716
260.7	-0.00806582
260.8	-0.00810476
260.9	-0.00814379
261	-0.00818311
261.1	-0.00822166
261.2	-0.00825643
261.3	-0.00828736
261.4	-0.00831398
261.5	-0.00834216
261.6	-0.00836911
261.7	-0.00839324
261.8	-0.0084183
261.9	-0.00845063
262	-0.00848953
262.1	-0.00852842
262.2	-0.00857235
262.3	-0.00861667
262.4	-0.00865957
262.5	-0.00869823
262.6	-0.00873522
262.7	-0.00876852
262.8	-0.00879437
262.9	-0.00881793
263	-0.00884212
263.1	-0.00886585
263.2	-0.00888346
263.3	-0.00890044
263.4	-0.00891544
263.5	-0.00892834
263.6	-0.00893864
263.7	-0.00894673
263.8	-0.00894844
263.9	-0.00894644
264	-0.0089444
264.1	-0.00894672
264.2	-0.00894888
264.3	-0.00895439
264.4	-0.00895881
264.5	-0.0089663
264.6	-0.00897567
264.7	-0.00898732
264.8	-0.0089982
264.9	-0.00900995
265	-0.00902464
265.1	-0.00904044
265.2	-0.00906164
265.3	-0.00908128
265.4	-0.00909675
265.5	-0.00911102
265.6	-0.00912583
265.7	-0.00913804
265.8	-0.00914298
265.9	-0.00914301
266	-0.00914449
266.1	-0.0091435
266.2	-0.00913853
266.3	-0.00912827
266.4	-0.00911098
266.5	-0.00909405
266.6	-0.00908081
266.7	-0.00907051
266.8	-0.00905906
266.9	-0.00904769
267	-0.00903311
267.1	-0.00901733
267.2	-0.00900352
267.3	-0.00898504
267.4	-0.00896594
267.5	-0.00894377
267.6	-0.00891664
267.7	-0.008892
267.8	-0.00886835
267.9	-0.0088478
268	-0.00883137
268.1	-0.00881282
268.2	-0.00879549
268.3	-0.00878332
268.4	-0.00876624
268.5	-0.00874794
268.6	-0.00872846
268.7	-0.00870923
268.8	-0.00868714
268.9	-0.00866619
269	-0.00864748
269.1	-0.00862568
269.2	-0.00860265
269.3	-0.00858065
269.4	-0.00856206
269.5	-0.00854998
269.6	-0.00854062
269.7	-0.00853343
269.8	-0.00852716
269.9	-0.00852082
270	-0.00850876
270.1	-0.00849329
270.2	-0.00847619
270.3	-0.00846022
270.4	-0.00844828
270.5	-0.00843353
270.6	-0.00842002
270.7	-0.00840301
270.8	-0.00838147
270.9	-0.00835471
271	-0.00833311
271.1	-0.00831048
271.2	-0.00827903
271.3	-0.00824469
271.4	-0.00821156
271.5	-0.00818036
271.6	-0.00814964
271.7	-0.00811446
271.8	-0.00807671
271.9	-0.00803475
272	-0.00798676
272.1	-0.00793306
272.2	-0.00787414
272.3	-0.00781333
272.4	-0.00775556
272.5	-0.00769483
272.6	-0.00763333
272.7	-0.00757581
272.8	-0.00751423
272.9	-0.0074494
273	-0.00738128
273.1	-0.0073087
273.2	-0.00723369
273.3	-0.00715932
273.4	-0.00708613
273.5	-0.00701264
273.6	-0.00693953
273.7	-0.00687107
273.8	-0.00680662
273.9	-0.00674682
274	-0.00669113
274.1	-0.00664298
274.2	-0.00660089
274.3	-0.00655824
274.4	-0.00651522
274.5	-0.00646855
274.6	-0.00642111
274.7	-0.00637974
274.8	-0.00634323
274.9	-0.00631114
275	-0.00627932
275.1	-0.00624775
275.2	-0.00621029
275.3	-0.00616623
275.4	-0.00612346
275.5	-0.00608242
275.6	-0.00604233
275.7	-0.00600256
275.8	-0.00596469
275.9	-0.00593079
276	-0.00589557
276.1	-0.00586034
276.2	-0.00582596
276.3	-0.00579104
276.4	-0.00576116
276.5	-0.00573261
276.6	-0.00570452
276.7	-0.00567415
276.8	-0.00563927
276.9	-0.00560539
277	-0.00557169
277.1	-0.00553883
277.2	-0.00550122
277.3	-0.00546127
277.4	-0.00542163
277.5	-0.00538201
277.6	-0.00533648
277.7	-0.00528862
277.8	-0.00524322
277.9	-0.0051972
278	-0.00515131
278.1	-0.00510484
278.2	-0.005055
278.3	-0.00500404
278.4	-0.00495225
278.5	-0.00490271
278.6	-0.00486118
278.7	-0.00482429
278.8	-0.00478972
278.9	-0.00475911
279	-0.00473408
279.1	-0.00471166
279.2	-0.0046915
279.3	-0.00467148
279.4	-0.00465063
279.5	-0.00463078
279.6	-0.00461616
279.7	-0.00460828
279.8	-0.00460114
279.9	-0.00459623
280	-0.00459519
280.1	-0.00459192
280.2	-0.00458249
280.3	-0.00456689
280.4	-0.00454983
280.5	-0.00453647
280.6	-0.00452581
280.7	-0.00451811
280.8	-0.00450933
280.9	-0.00449874
281	-0.00448333
281.1	-0.00446073
281.2	-0.00443967
281.3	-0.00441788
281.4	-0.00439592
281.5	-0.00437054
281.6	-0.00434699
281.7	-0.00432363
281.8	-0.00429832
281.9	-0.00427319
282	-0.00425272
282.1	-0.00423578
282.2	-0.00421441
282.3	-0.00419003
282.4	-0.00416469
282.5	-0.0041409
282.6	-0.00412153
282.7	-0.00410042
282.8	-0.00407798
282.9	-0.00405544
283	-0.00403661
283.1	-0.00401769
283.2	-0.0040029
283.3	-0.00399415
283.4	-0.00398848
283.5	-0.00398723
283.6	-0.00398942
283.7	-0.00399416
283.8	-0.0040012
283.9	-0.00401309
284	-0.00403051
284.1	-0.00405396
284.2	-0.00408093
284.3	-0.00410498
284.4	-0.00412533
284.5	-0.00414841
284.6	-0.00417104
284.7	-0.0041931
284.8	-0.00421557
284.9	-0.00423604
285	-0.00425084
285.1	-0.00426327
285.2	-0.00427367
285.3	-0.00428274
285.4	-0.00428861
285.5	-0.004291
285.6	-0.00429835
285.7	-0.00430556
285.8	-0.00431086
285.9	-0.00431824
286	-0.00432752
286.1	-0.0043396
286.2	-0.00435202
286.3	-0.00436145
286.4	-0.00437485
286.5	-0.00439045
286.6	-0.00440464
286.7	-0.00441701
286.8	-0.00442808
286.9	-0.0044367
287	-0.00444269
287.1	-0.00444505
287.2	-0.00444582
287.3	-0.00444577
287.4	-0.00444046
287.5	-0.00443312
287.6	-0.00443252
287.7	-0.00443536
287.8	-0.00444212
287.9	-0.00445143
288	-0.00446118
288.1	-0.00446787
288.2	-0.0044788
288.3	-0.00449477
288.4	-0.00451649
288.5	-0.0045382
288.6	-0.00455584
288.7	-0.00456752
288.8	-0.00457508
288.9	-0.00457777
289	-0.00458089
289.1	-0.00458611
289.2	-0.0045934
289.3	-0.00460063
289.4	-0.00460464
289.5	-0.00460383
289.6	-0.00460783
289.7	-0.00461531
289.8	-0.00462167
289.9	-0.00462874
290	-0.00463968
290.1	-0.0046509
290.2	-0.00466756
290.3	-0.00469091
290.4	-0.00472158
290.5	-0.00475524
290.6	-0.00479131
290.7	-0.0048316
290.8	-0.00487351
290.9	-0.00491763
291	-0.00496291
291.1	-0.00500589
291.2	-0.0050459
291.3	-0.00508433
291.4	-0.00512
291.5	-0.00516085
291.6	-0.00520776
291.7	-0.00525138
291.8	-0.00529086
291.9	-0.00533209
292	-0.00536856
292.1	-0.00540636
292.2	-0.00544695
292.3	-0.00549207
292.4	-0.00554178
292.5	-0.00559515
292.6	-0.00564987
292.7	-0.00570705
292.8	-0.0057646
292.9	-0.00582114
293	-0.00587306
293.1	-0.00592184
293.2	-0.00596814
293.3	-0.00601126
293.4	-0.00605035
293.5	-0.00608555
293.6	-0.00611906
293.7	-0.006146
293.8	-0.00617423
293.9	-0.00620405
294	-0.00623084
294.1	-0.00625444
294.2	-0.00627624
294.3	-0.00630094
294.4	-0.00633176
294.5	-0.00636659
294.6	-0.0064041
294.7	-0.00644234
294.8	-0.00647666
294.9	-0.00650778
295	-0.00653993
295.1	-0.00656885
295.2	-0.00659547
295.3	-0.00662006
295.4	-0.00664518
295.5	-0.00667364
295.6	-0.00670198
295.7	-0.00673261
295.8	-0.00676084
295.9	-0.00678369
296	-0.00680944
296.1	-0.00683662
296.2	-0.0068609
296.3	-0.00688484
296.4	-0.00690561
296.5	-0.0069187
296.6	-0.00692541
296.7	-0.00693345
296.8	-0.00694497
296.9	-0.00695809
297	-0.00697016
297.1	-0.00697639
297.2	-0.00698012
297.3	-0.00698636
297.4	-0.00699667
297.5	-0.00701059
297.6	-0.00702322
297.7	-0.00703707
297.8	-0.00705527
297.9	-0.00707415
298	-0.00709372
298.1	-0.00711132
298.2	-0.00712826
298.3	-0.00714418
298.4	-0.00716306
298.5	-0.00718648
298.6	-0.00720908
298.7	-0.00723048
298.8	-0.00724719
298.9	-0.00725928
299	-0.00727405
299.1	-0.00729213
299.2	-0.00731134
299.3	-0.00733384
299.4	-0.00735422
299.5	-0.00737565
299.6	-0.00740053
299.7	-0.00743085
299.8	-0.00746774
299.9	-0.00750976
300	-0.00754788
300.1	-0.00758174
300.2	-0.00761151
300.3	-0.00763452
300.4	-0.00765382
300.5	-0.0076734
300.6	-0.00769088
300.7	-0.00770636
300.8	-0.00772071
300.9	-0.00772663
301	-0.00772819
301.1	-0.00772873
301.2	-0.00772481
301.3	-0.00771602
301.4	-0.00770309
301.5	-0.00768581
301.6	-0.0076617
301.7	-0.00763872
301.8	-0.00761489
301.9	-0.00759397
302	-0.00756729
302.1	-0.00753963
302.2	-0.00750919
302.3	-0.00747421
302.4	-0.00743558
302.5	-0.00739231
302.6	-0.00735499
302.7	-0.00732067
302.8	-0.00729423
302.9	-0.0072751
303	-0.00725745
303.1	-0.00724454
303.2	-0.00723483
303.3	-0.00722722
303.4	-0.00721908
303.5	-0.00721053
303.6	-0.00720517
303.7	-0.00720112
303.8	-0.00719425
303.9	-0.00718664
304	-0.00718015
304.1	-0.00717758
304.2	-0.00717439
304.3	-0.00716888
304.4	-0.00715813
304.5	-0.00714759
304.6	-0.00713828
304.7	-0.00712833
304.8	-0.00711907
304.9	-0.00711158
305	-0.0071022
305.1	-0.00709148
305.2	-0.00707634
305.3	-0.00705763
305.4	-0.00703737
305.5	-0.00701613
305.6	-0.00699857
305.7	-0.0069844
305.8	-0.00697271
305.9	-0.00696514
306	-0.0069528
306.1	-0.00693688
306.2	-0.00692228
306.3	-0.00691123
306.4	-0.00690254
306.5	-0.00689791
306.6	-0.00689648
306.7	-0.00689973
306.8	-0.00690703
306.9	-0.00691943
307	-0.00693332
307.1	-0.0069429
307.2	-0.00695441
307.3	-0.00696602
307.4	-0.00697428
307.5	-0.00698314
307.6	-0.00699872
307.7	-0.00701538
307.8	-0.00702716
307.9	-0.0070344
308	-0.00704115
308.1	-0.00704955
308.2	-0.00705962
308.3	-0.0070719
308.4	-0.00708469
308.5	-0.00709617
308.6	-0.00710525
308.7	-0.00711064
308.8	-0.00711415
308.9	-0.00711976
309	-0.00712487
309.1	-0.00712779
309.2	-0.00713111
309.3	-0.00713132
309.4	-0.00712754
309.5	-0.00712739
309.6	-0.00712377
309.7	-0.0071193
309.8	-0.00711507
309.9	-0.00710978
310	-0.00709964
310.1	-0.00708574
310.2	-0.00707358
310.3	-0.00705881
310.4	-0.00703848
310.5	-0.00701478
310.6	-0.00699215
310.7	-0.00697576
310.8	-0.00696185
310.9	-0.00695308
311	-0.00694607
311.1	-0.00693814
311.2	-0.00693498
311.3	-0.00693647
311.4	-0.0069443
311.5	-0.0069567
311.6	-0.00696923
311.7	-0.00698274
311.8	-0.00699082
311.9	-0.0069969
312	-0.00700495
312.1	-0.00701568
312.2	-0.0070312
312.3	-0.0070476
312.4	-0.00706453
312.5	-0.00708216
312.6	-0.00710348
312.7	-0.0071229
312.8	-0.0071448
312.9	-0.00717081
313	-0.00719782
313.1	-0.00722469
313.2	-0.00724817
313.3	-0.00726599
313.4	-0.00728509
313.5	-0.00730429
313.6	-0.00731967
313.7	-0.00733749
313.8	-0.0073526
313.9	-0.00736863
314	-0.00738651
314.1	-0.00740567
314.2	-0.00742744
314.3	-0.00745001
314.4	-0.00747034
314.5	-0.00748353
314.6	-0.00749784
314.7	-0.00751453
314.8	-0.00753414
314.9	-0.00755667
315	-0.00758004
315.1	-0.00760448
315.2	-0.00762817
315.3	-0.00765308
315.4	-0.00767655
315.5	-0.00769236
315.6	-0.00771001
315.7	-0.0077267
315.8	-0.00774196
315.9	-0.0077583
316	-0.00777444
316.1	-0.00778765
316.2	-0.00780421
316.3	-0.00782706
316.4	-0.0078529
316.5	-0.00787959
316.6	-0.00790702
316.7	-0.0079396
316.8	-0.00797525
316.9	-0.00801211
317	-0.0080449
317.1	-0.00807521
317.2	-0.0081024
317.3	-0.00812616
317.4	-0.00814573
317.5	-0.00816453
317.6	-0.00818362
317.7	-0.00820407
317.8	-0.00821995
317.9	-0.00822991
318	-0.00824085
318.1	-0.0082554
318.2	-0.00827746
318.3	-0.00829905
318.4	-0.00832313
318.5	-0.00835248
318.6	-0.00838215
318.7	-0.00840794
318.8	-0.00842617
318.9	-0.00843789
319	-0.00844926
319.1	-0.00845869
319.2	-0.00846532
319.3	-0.00847109
319.4	-0.00847561
319.5	-0.00847918
319.6	-0.0084777
319.7	-0.00847001
319.8	-0.00845771
319.9	-0.00844212
320	-0.00842222
320.1	-0.0084029
320.2	-0.00838916
320.3	-0.00837057
320.4	-0.00835131
320.5	-0.00833239
320.6	-0.00831478
320.7	-0.00830044
320.8	-0.00828142
320.9	-0.00826112
321	-0.00823894
321.1	-0.00822013
321.2	-0.00820458
321.3	-0.0081895
321.4	-0.00817525
321.5	-0.00815875
321.6	-0.00814087
321.7	-0.00811969
321.8	-0.00809966
321.9	-0.0080787
322	-0.00805692
322.1	-0.00803165
322.2	-0.00799889
322.3	-0.00796434
322.4	-0.00793108
322.5	-0.00789781
322.6	-0.00786237
322.7	-0.0078273
322.8	-0.00779106
322.9	-0.00775342
323	-0.00771424
323.1	-0.00767702
323.2	-0.00763883
323.3	-0.00759687
323.4	-0.0075562
323.5	-0.00751437
323.6	-0.00747213
323.7	-0.00743181
323.8	-0.00739254
323.9	-0.00735205
324	-0.00731216
324.1	-0.00726661
324.2	-0.00722235
324.3	-0.0071823
324.4	-0.00714087
324.5	-0.00709735
324.6	-0.00705767
324.7	-0.00702674
324.8	-0.00699808
324.9	-0.00696755
325	-0.00693763
325.1	-0.00690736
325.2	-0.00687468
325.3	-0.00684055
325.4	-0.00680536
325.5	-0.00677346
325.6	-0.00674538
325.7	-0.00671518
325.8	-0.00668228
325.9	-0.00664933
326	-0.00661652
326.1	-0.00658596
326.2	-0.00655584
326.3	-0.00652828
326.4	-0.00650277
326.5	-0.00648449
326.6	-0.0064691
326.7	-0.00645385
326.8	-0.00643952
326.9	-0.00642242
327	-0.0064038
327.1	-0.00638346
327.2	-0.00636064
327.3	-0.00633698
327.4	-0.00631203
327.5	-0.00628138
327.6	-0.00624561
327.7	-0.00621099
327.8	-0.00617372
327.9	-0.00613012
328	-0.00608157
328.1	-0.00603404
328.2	-0.0059888
328.3	-0.00594901
328.4	-0.00591314
328.5	-0.00587875
328.6	-0.00584413
328.7	-0.00580518
328.8	-0.00576316
328.9	-0.00571921
329	-0.00567584
329.1	-0.00563273
329.2	-0.00559452
329.3	-0.00556153
329.4	-0.00552765
329.5	-0.00549517
329.6	-0.00546572
329.7	-0.00543913
329.8	-0.00541574
329.9	-0.00539484
330	-0.00537259
330.1	-0.00535068
330.2	-0.00532662
330.3	-0.00529996
330.4	-0.00527542
330.5	-0.00525682
330.6	-0.00524619
330.7	-0.00523814
330.8	-0.00523339
330.9	-0.00522955
331	-0.00522433
331.1	-0.0052185
331.2	-0.00520723
331.3	-0.00519421
331.4	-0.00518059
331.5	-0.00516451
331.6	-0.00515057
331.7	-0.00513701
331.8	-0.00511796
331.9	-0.00509838
332	-0.00507245
332.1	-0.00504642
332.2	-0.00501697
332.3	-0.00498602
332.4	-0.00495573
332.5	-0.00492398
332.6	-0.00489234
332.7	-0.00486172
332.8	-0.00483127
332.9	-0.00480212
333	-0.00476957
333.1	-0.00472772
333.2	-0.00468231
333.3	-0.00463849
333.4	-0.00459304
333.5	-0.00454638
333.6	-0.00450328
333.7	-0.00446281
333.8	-0.00442015
333.9	-0.0043803
334	-0.00434081
334.1	-0.00430062
334.2	-0.00426352
334.3	-0.00423402
334.4	-0.00420634
334.5	-0.00417836
334.6	-0.00415648
334.7	-0.00413855
334.8	-0.00412423
334.9	-0.00411288
335	-0.00410341
335.1	-0.00409669
335.2	-0.00409169
335.3	-0.0040864
335.4	-0.00408017
335.5	-0.00407004
335.6	-0.0040623
335.7	-0.00406327
335.8	-0.00406597
335.9	-0.00407132
336	-0.0040788
336.1	-0.00408849
336.2	-0.0040975
336.3	-0.00410164
336.4	-0.00409959
336.5	-0.00409735
336.6	-0.00409504
336.7	-0.00409254
336.8	-0.00408998
336.9	-0.0040921
337	-0.00410053
337.1	-0.00411256
337.2	-0.00412671
337.3	-0.00414106
337.4	-0.00415339
337.5	-0.00416224
337.6	-0.00416895
337.7	-0.00417641
337.8	-0.00418694
337.9	-0.00420254
338	-0.00422267
338.1	-0.00424015
338.2	-0.00425616
338.3	-0.00426777
338.4	-0.0042733
338.5	-0.00427042
338.6	-0.00426662
338.7	-0.00425965
338.8	-0.00425233
338.9	-0.00424816
339	-0.00424408
339.1	-0.00423738
339.2	-0.00422848
339.3	-0.00421948
339.4	-0.00421735
339.5	-0.00421445
339.6	-0.0042126
339.7	-0.0042111
339.8	-0.00421297
339.9	-0.00421414
340	-0.00421384
340.1	-0.00421261
340.2	-0.00420639
340.3	-0.00419493
340.4	-0.00418682
340.5	-0.00418293
340.6	-0.00418127
340.7	-0.00417851
340.8	-0.00417611
340.9	-0.00417535
341	-0.00418402
341.1	-0.00419724
341.2	-0.00421255
341.3	-0.00422714
341.4	-0.00423965
341.5	-0.00424825
341.6	-0.00425484
341.7	-0.00426034
341.8	-0.00426372
341.9	-0.00426651
342	-0.00427316
342.1	-0.00428176
342.2	-0.00428656
342.3	-0.00429406
342.4	-0.00430369
342.5	-0.00431262
342.6	-0.00432457
342.7	-0.00433257
342.8	-0.00433487
342.9	-0.00432511
343	-0.00430698
343.1	-0.00428968
343.2	-0.00427339
343.3	-0.00425535
343.4	-0.00423433
343.5	-0.00421356
343.6	-0.00418971
343.7	-0.00416263
343.8	-0.00412864
343.9	-0.00408935
344	-0.0040441
344.1	-0.00400348
344.2	-0.00396581
344.3	-0.00393297
344.4	-0.00390046
344.5	-0.00387092
344.6	-0.00384025
344.7	-0.00380821
344.8	-0.00377094
344.9	-0.00372844
345	-0.00368167
345.1	-0.00362989
345.2	-0.00357544
345.3	-0.00352057
345.4	-0.00346692
345.5	-0.0034129
345.6	-0.0033592
345.7	-0.00330682
345.8	-0.00325928
345.9	-0.00322019
346	-0.00318759
346.1	-0.00316045
346.2	-0.00314215
346.3	-0.00312705
346.4	-0.00311256
346.5	-0.00309756
346.6	-0.00308431
346.7	-0.00307436
346.8	-0.00306266
346.9	-0.00304907
347	-0.00303089
347.1	-0.00300703
347.2	-0.00298083
347.3	-0.00295521
347.4	-0.00293404
347.5	-0.00291504
347.6	-0.00290203
347.7	-0.00289323
347.8	-0.00288093
347.9	-0.00286202
348	-0.00283984
348.1	-0.00282425
348.2	-0.00281096
348.3	-0.00279527
348.4	-0.00277279
348.5	-0.00274904
348.6	-0.00272275
348.7	-0.00269493
348.8	-0.00267081
348.9	-0.00264861
349	-0.0026278
349.1	-0.00260764
349.2	-0.00259251
349.3	-0.00258272
349.4	-0.00257775
349.5	-0.00257229
349.6	-0.00256309
349.7	-0.00254879
349.8	-0.00253106
349.9	-0.00251213
350	-0.00249466
350.1	-0.00247428
350.2	-0.00245315
350.3	-0.00243551
350.4	-0.00241362
350.5	-0.0023875
350.6	-0.00235774
350.7	-0.00232458
350.8	-0.00229097
350.9	-0.00226007
351	-0.00223638
351.1	-0.00221526
351.2	-0.00219852
351.3	-0.00218517
351.4	-0.00217192
351.5	-0.00215719
351.6	-0.00214252
351.7	-0.00213024
351.8	-0.00212097
351.9	-0.00211905
352	-0.00212257
352.1	-0.00212835
352.2	-0.00213387
352.3	-0.00213994
352.4	-0.0021487
352.5	-0.00215567
352.6	-0.00216064
352.7	-0.00216406
352.8	-0.0021693
352.9	-0.00218054
353	-0.00219485
353.1	-0.00221793
353.2	-0.00224479
353.3	-0.00227393
353.4	-0.00230622
353.5	-0.00234165
353.6	-0.00238208
353.7	-0.00242661
353.8	-0.00246941
353.9	-0.00250674
354	-0.002536
354.1	-0.00256005
354.2	-0.00258459
354.3	-0.00260668
354.4	-0.00263053
354.5	-0.00265286
354.6	-0.00267351
354.7	-0.0026926
354.8	-0.0027122
354.9	-0.00272461
355	-0.00272978
355.1	-0.00273401
355.2	-0.00273429
355.3	-0.00273257
355.4	-0.00272782
355.5	-0.00271818
355.6	-0.00271016
355.7	-0.00270043
355.8	-0.00268742
355.9	-0.00266767
356	-0.00264813
356.1	-0.00262575
356.2	-0.00260362
356.3	-0.00258218
356.4	-0.00255591
356.5	-0.00252392
356.6	-0.00248734
356.7	-0.00245199
356.8	-0.00242149
356.9	-0.00239099
357	-0.00236424
357.1	-0.00233629
357.2	-0.00231152
357.3	-0.00228558
357.4	-0.00226059
357.5	-0.002234
357.6	-0.00220583
357.7	-0.00217488
357.8	-0.00213751
357.9	-0.00209735
358	-0.0020576
358.1	-0.00202284
358.2	-0.00199132
358.3	-0.00196198
358.4	-0.0019312
358.5	-0.00189236
358.6	-0.00185395
358.7	-0.00181441
358.8	-0.00177725
358.9	-0.0017417
359	-0.00170424
359.1	-0.00166687
359.2	-0.00163114
359.3	-0.00160185
359.4	-0.00157542
359.5	-0.00154816
359.6	-0.00152035
359.7	-0.00149255
359.8	-0.00146529
359.9	-0.00143867
360	-0.0014075
360.1	-0.0013787
360.2	-0.0013483
360.3	-0.00131887
360.4	-0.00128855
360.5	-0.00126053
360.6	-0.00123253
360.7	-0.00120902
360.8	-0.00119043
360.9	-0.0011712
361	-0.00114691
361.1	-0.00111943
361.2	-0.0010906
361.3	-0.00105872
361.4	-0.00102709
361.5	-0.000998223
361.6	-0.000974792
361.7	-0.000955745
361.8	-0.00094125
361.9	-0.000932243
362	-0.00092861
362.1	-0.000927266
362.2	-0.000925814
362.3	-0.000927008
362.4	-0.000926216
362.5	-0.000923302
362.6	-0.000917842
362.7	-0.000905725
362.8	-0.000889013
362.9	-0.000876441
363	-0.000867472
363.1	-0.000864338
363.2	-0.000864752
363.3	-0.000866513
363.4	-0.000874145
363.5	-0.000881519
363.6	-0.000885684
363.7	-0.000884458
363.8	-0.000884164
363.9	-0.000883085
364	-0.000883702
364.1	-0.000888099
364.2	-0.00089471
364.3	-0.000904155
364.4	-0.000920184
364.5	-0.000936918
364.6	-0.000952204
364.7	-0.000964214
364.8	-0.00097525
364.9	-0.000984888
365	-0.000992626
365.1	-0.000996507
365.2	-0.00100349
365.3	-0.00101533
365.4	-0.00103003
365.5	-0.00103964
365.6	-0.00105472
365.7	-0.00107341
365.8	-0.00109207
365.9	-0.00111274
366	-0.00113383
366.1	-0.00115696
366.2	-0.00118139
366.3	-0.00120797
366.4	-0.00123516
366.5	-0.00126326
366.6	-0.00128812
366.7	-0.00130911
366.8	-0.0013322
366.9	-0.00135767
367	-0.00138736
367.1	-0.00141162
367.2	-0.00143295
367.3	-0.00145237
367.4	-0.00146467
367.5	-0.00146946
367.6	-0.00146966
367.7	-0.00146839
367.8	-0.00147467
367.9	-0.00147996
368	-0.00148703
368.1	-0.00149198
368.2	-0.0014924
368.3	-0.00149004
368.4	-0.00148591
368.5	-0.00148012
368.6	-0.00146925
368.7	-0.00145441
368.8	-0.00144002
368.9	-0.00142687
369	-0.00141356
369.1	-0.00140479
369.2	-0.00139859
369.3	-0.00139665
369.4	-0.00140235
369.5	-0.001408
369.6	-0.00141022
369.7	-0.00140991
369.8	-0.0014087
369.9	-0.00140973
370	-0.00140922
370.1	-0.00140613
370.2	-0.0014022
370.3	-0.001398
370.4	-0.00139169
370.5	-0.00138267
370.6	-0.00137265
370.7	-0.00136583
370.8	-0.00136296
370.9	-0.00136345
371	-0.00136806
371.1	-0.00137747
371.2	-0.00139132
371.3	-0.00140978
371.4	-0.00143146
371.5	-0.00144863
371.6	-0.00146293
371.7	-0.00147514
371.8	-0.00149208
371.9	-0.00151342
372	-0.00153788
372.1	-0.00156261
372.2	-0.00158675
372.3	-0.00160689
372.4	-0.00162013
372.5	-0.00162638
372.6	-0.00162861
372.7	-0.00163163
372.8	-0.00163108
372.9	-0.00163433
373	-0.00164341
373.1	-0.00165644
373.2	-0.00167392
373.3	-0.0016863
373.4	-0.00169803
373.5	-0.00170826
373.6	-0.00171618
373.7	-0.00172788
373.8	-0.00174226
373.9	-0.00175905
374	-0.001778
374.1	-0.00179078
374.2	-0.00179802
374.3	-0.00180284
374.4	-0.00180532
374.5	-0.00180869
374.6	-0.00181387
374.7	-0.00182561
374.8	-0.00184341
374.9	-0.00186087
375	-0.0018743
375.1	-0.00188428
375.2	-0.00189438
375.3	-0.00190847
375.4	-0.00192572
375.5	-0.00194687
375.6	-0.00196923
375.7	-0.00199242
375.8	-0.00201776
375.9	-0.00204524
376	-0.00207282
376.1	-0.00209998
376.2	-0.00212822
376.3	-0.00215513
376.4	-0.00217926
376.5	-0.00219867
376.6	-0.00221812
376.7	-0.00223785
376.8	-0.00225421
376.9	-0.00226884
377	-0.00228512
377.1	-0.00230599
377.2	-0.00232954
377.3	-0.00235096
377.4	-0.00237038
377.5	-0.00239229
377.6	-0.00242335
377.7	-0.00246357
377.8	-0.00250567
377.9	-0.00255298
378	-0.00260481
378.1	-0.00265386
378.2	-0.00270161
378.3	-0.00274554
378.4	-0.0027888
378.5	-0.00283027
378.6	-0.00286861
378.7	-0.00290585
378.8	-0.00294465
378.9	-0.00298638
379	-0.00302459
379.1	-0.00306336
379.2	-0.00310019
379.3	-0.00313639
379.4	-0.00317429
379.5	-0.0032129
379.6	-0.00325861
379.7	-0.00330208
379.8	-0.00334033
379.9	-0.00337265
380	-0.00340547
380.1	-0.00343589
380.2	-0.00346118
380.3	-0.0034847
380.4	-0.00350921
380.5	-0.00353319
380.6	-0.0035518
380.7	-0.00356776
380.8	-0.00358516
380.9	-0.00360341
381	-0.00362113
381.1	-0.00364334
381.2	-0.00366503
381.3	-0.00368468
381.4	-0.00370299
381.5	-0.00371604
381.6	-0.00372382
381.7	-0.00372802
381.8	-0.00373368
381.9	-0.00374941
382	-0.00377084
382.1	-0.00379269
382.2	-0.00381644
382.3	-0.00385003
382.4	-0.0038893
382.5	-0.00392965
382.6	-0.00396634
382.7	-0.00400213
382.8	-0.00403393
382.9	-0.0040636
383	-0.00409048
383.1	-0.0041178
383.2	-0.00414737
383.3	-0.00418141
383.4	-0.00421638
383.5	-0.00425456
383.6	-0.0042935
383.7	-0.00432663
383.8	-0.00435978
383.9	-0.0043927
384	-0.0044275
384.1	-0.00446353
384.2	-0.00450013
384.3	-0.0045398
384.4	-0.004582
384.5	-0.00462363
384.6	-0.00466013
384.7	-0.00468942
384.8	-0.00470913
384.9	-0.00471796
385	-0.00472235
385.1	-0.00472453
385.2	-0.004722
385.3	-0.00471866
385.4	-0.00471115
385.5	-0.00470462
385.6	-0.00469598
385.7	-0.00468927
385.8	-0.00468605
385.9	-0.00468658
386	-0.00469489
386.1	-0.00470439
386.2	-0.0047144
386.3	-0.00472659
386.4	-0.00473828
386.5	-0.00475226
386.6	-0.00476531
386.7	-0.00477503
386.8	-0.00478523
386.9	-0.00479614
387	-0.00480629
387.1	-0.00481473
387.2	-0.0048225
387.3	-0.00482655
387.4	-0.00483126
387.5	-0.00483648
387.6	-0.00484273
387.7	-0.00485142
387.8	-0.00485808
387.9	-0.00486176
388	-0.00486703
388.1	-0.00487338
388.2	-0.0048803
388.3	-0.00488566
388.4	-0.00489384
388.5	-0.0049022
388.6	-0.00491029
388.7	-0.00491439
388.8	-0.00491426
388.9	-0.00491059
389	-0.00490407
389.1	-0.00489758
389.2	-0.00489976
389.3	-0.00490094
389.4	-0.00490067
389.5	-0.00490102
389.6	-0.00490139
389.7	-0.00490041
389.8	-0.00489943
389.9	-0.00490153
390	-0.00490678
390.1	-0.00491464
390.2	-0.00492049
390.3	-0.00492434
390.4	-0.00492622
390.5	-0.0049285
390.6	-0.00493582
390.7	-0.00494831
390.8	-0.00495747
390.9	-0.00497061
391	-0.00498536
391.1	-0.00499844
391.2	-0.00500588
391.3	-0.00501228
391.4	-0.00501592
391.5	-0.00501349
391.6	-0.00501002
391.7	-0.00500526
391.8	-0.00499622
391.9	-0.00498694
392	-0.00497792
392.1	-0.00496699
392.2	-0.00495377
392.3	-0.00493702
392.4	-0.00491826
392.5	-0.00489466
392.6	-0.00486569
392.7	-0.00483372
392.8	-0.00479751
392.9	-0.00475897
393	-0.00471784
393.1	-0.00467919
393.2	-0.00463837
393.3	-0.0045963
393.4	-0.00455842
393.5	-0.00451912
393.6	-0.00447724
393.7	-0.0044327
393.8	-0.00438439
393.9	-0.00433626
394	-0.00428687
394.1	-0.00423985
394.2	-0.00420318
394.3	-0.00417163
394.4	-0.00414182
394.5	-0.00411049
394.6	-0.00407784
394.7	-0.00404478
394.8	-0.00400801
394.9	-0.00397158
395	-0.00393725
395.1	-0.00390708
395.2	-0.00387986
395.3	-0.00385906
395.4	-0.00384331
395.5	-0.00382791
395.6	-0.00381477
395.7	-0.00380352
395.8	-0.00379107
395.9	-0.00377359
396	-0.00375258
396.1	-0.00373039
396.2	-0.00371338
396.3	-0.00369803
396.4	-0.00367932
396.5	-0.00365984
396.6	-0.00364059
396.7	-0.00362599
396.8	-0.00360809
396.9	-0.00359114
397	-0.00357854
397.1	-0.00356438
397.2	-0.00354961
397.3	-0.00354106
397.4	-0.00353564
397.5	-0.00352927
397.6	-0.00352677
397.7	-0.00352579
397.8	-0.00353229
397.9	-0.0035429
398	-0.00355772
398.1	-0.0035769
398.2	-0.00359959
398.3	-0.00362441
398.4	-0.00365106
398.5	-0.00367638
398.6	-0.00369652
398.7	-0.00371439
398.8	-0.00372958
398.9	-0.00374394
399	-0.00375852
399.1	-0.00377209
399.2	-0.00378545
399.3	-0.0037964
399.4	-0.00380554
399.5	-0.00380994
399.6	-0.0038098
399.7	-0.00380864
399.8	-0.00380683
399.9	-0.00380421
400	-0.00380602
400.1	-0.00380674
400.2	-0.00380247
400.3	-0.00379886
400.4	-0.00379537
400.5	-0.00379102
400.6	-0.00379013
400.7	-0.00379382
400.8	-0.00380021
400.9	-0.00381245
401	-0.0038237
401.1	-0.00383556
401.2	-0.0038446
401.3	-0.00385289
401.4	-0.00385899
401.5	-0.00386372
401.6	-0.00387222
401.7	-0.00388896
401.8	-0.00391292
401.9	-0.00394619
402	-0.00398577
402.1	-0.00403212
402.2	-0.00408564
402.3	-0.00413994
402.4	-0.00419594
402.5	-0.00425065
402.6	-0.00430813
402.7	-0.00436688
402.8	-0.00442469
402.9	-0.00447643
403	-0.00452362
403.1	-0.00456809
403.2	-0.00460797
403.3	-0.0046428
403.4	-0.00467051
403.5	-0.00469632
403.6	-0.00472277
403.7	-0.00474569
403.8	-0.00476067
403.9	-0.00476719
404	-0.00476805
404.1	-0.00476465
404.2	-0.00475974
404.3	-0.00474893
404.4	-0.0047391
404.5	-0.00472879
404.6	-0.00471554
404.7	-0.00470179
404.8	-0.00468415
404.9	-0.00466356
405	-0.00464165
405.1	-0.0046145
405.2	-0.00458398
405.3	-0.00454772
405.4	-0.00451074
405.5	-0.00447567
405.6	-0.00444358
405.7	-0.00441686
405.8	-0.00439208
405.9	-0.00437164
406	-0.0043545
406.1	-0.00433465
406.2	-0.00431482
406.3	-0.00429661
406.4	-0.00427571
406.5	-0.00425586
406.6	-0.00423837
406.7	-0.0042146
406.8	-0.00418466
406.9	-0.00415036
407	-0.00411673
407.1	-0.00408398
407.2	-0.00405097
407.3	-0.00401621
407.4	-0.0039787
407.5	-0.00394052
407.6	-0.00390125
407.7	-0.00386084
407.8	-0.00381776
407.9	-0.00377619
408	-0.00373629
408.1	-0.00369942
408.2	-0.00366744
408.3	-0.0036373
408.4	-0.00361105
408.5	-0.00359181
408.6	-0.0035758
408.7	-0.00355876
408.8	-0.00353772
408.9	-0.00351784
409	-0.00349715
409.1	-0.00347852
409.2	-0.00346091
409.3	-0.0034424
409.4	-0.00342429
409.5	-0.00340358
409.6	-0.00338451
409.7	-0.00336846
409.8	-0.00335478
409.9	-0.00333925
410	-0.00332287
410.1	-0.00330735
410.2	-0.00329157
410.3	-0.00327409
410.4	-0.00325603
410.5	-0.0032418
410.6	-0.00322929
410.7	-0.00321852
410.8	-0.00320574
410.9	-0.00319112
411	-0.00317664
411.1	-0.00316685
411.2	-0.0031613
411.3	-0.00314778
411.4	-0.00312994
411.5	-0.00311193
411.6	-0.00308976
411.7	-0.00306437
411.8	-0.00303947
411.9	-0.00301167
412	-0.00298781
412.1	-0.00296385
412.2	-0.00293838
412.3	-0.00291303
412.4	-0.00289016
412.5	-0.0028667
412.6	-0.00284293
412.7	-0.00282058
412.8	-0.00279799
412.9	-0.00277258
413	-0.0027436
413.1	-0.00271306
413.2	-0.00268011
413.3	-0.00264442
413.4	-0.00260899
413.5	-0.00257091
413.6	-0.00253476
413.7	-0.0025016
413.8	-0.00247128
413.9	-0.00244398
414	-0.00241801
414.1	-0.00239205
414.2	-0.0023666
414.3	-0.00233916
414.4	-0.00231284
414.5	-0.00228685
414.6	-0.00226347
414.7	-0.00224265
414.8	-0.00222077
414.9	-0.00220108
415	-0.00218029
415.1	-0.00215774
415.2	-0.0021375
415.3	-0.00212533
415.4	-0.00211768
415.5	-0.00211195
415.6	-0.00210608
415.7	-0.00210258
415.8	-0.0021006
415.9	-0.00210634
416	-0.00211635
416.1	-0.00213255
416.2	-0.00215257
416.3	-0.00217369
416.4	-0.0021893
416.5	-0.00220433
416.6	-0.00222069
416.7	-0.00223368
416.8	-0.00224755
416.9	-0.00225928
417	-0.0022681
417.1	-0.00227826
417.2	-0.0022903
417.3	-0.00230463
417.4	-0.00232373
417.5	-0.00234126
417.6	-0.00235273
417.7	-0.00235499
417.8	-0.00235335
417.9	-0.0023513
418	-0.00234498
418.1	-0.00233068
418.2	-0.00231414
418.3	-0.00229717
418.4	-0.00228119
418.5	-0.00226433
418.6	-0.00224436
418.7	-0.00221889
418.8	-0.00219569
418.9	-0.00217181
419	-0.00214809
419.1	-0.0021247
419.2	-0.00210051
419.3	-0.00207747
419.4	-0.00206081
419.5	-0.00204688
419.6	-0.0020326
419.7	-0.00202329
419.8	-0.00202148
419.9	-0.00202391
420	-0.0020209
420.1	-0.00201165
420.2	-0.00199781
420.3	-0.00198064
420.4	-0.00195722
420.5	-0.0019308
420.6	-0.00190768
420.7	-0.00188897
420.8	-0.00187075
420.9	-0.00184834
421	-0.00181838
421.1	-0.00178886
421.2	-0.00175812
421.3	-0.00172574
421.4	-0.00169638
421.5	-0.00167074
421.6	-0.00164894
421.7	-0.00162459
421.8	-0.00159817
421.9	-0.00156951
422	-0.00154361
422.1	-0.00151764
422.2	-0.0014912
422.3	-0.00146729
422.4	-0.00144625
422.5	-0.00142769
422.6	-0.00140945
422.7	-0.00139105
422.8	-0.00137487
422.9	-0.00135808
423	-0.00134148
423.1	-0.00132522
423.2	-0.00130524
423.3	-0.00128921
423.4	-0.00127361
423.5	-0.00125702
423.6	-0.00124032
423.7	-0.00122346
423.8	-0.00120405
423.9	-0.00118558
424	-0.0011676
424.1	-0.00114781
424.2	-0.00112667
424.3	-0.00110165
424.4	-0.00107935
424.5	-0.00105762
424.6	-0.00103639
424.7	-0.00101704
424.8	-0.000999376
424.9	-0.000981178
425	-0.000957553
425.1	-0.000931509
425.2	-0.000911691
425.3	-0.000895033
425.4	-0.000875742
425.5	-0.000851067
425.6	-0.000820719
425.7	-0.000788406
425.8	-0.000757641
425.9	-0.000729589
426	-0.000701429
426.1	-0.000674374
426.2	-0.000647923
426.3	-0.000622349
426.4	-0.000596761
426.5	-0.000571068
426.6	-0.000547362
426.7	-0.000520324
426.8	-0.000492994
426.9	-0.00046324
427	-0.000435357
427.1	-0.00041283
427.2	-0.000392323
427.3	-0.000368678
427.4	-0.000349347
427.5	-0.000333249
427.6	-0.000317323
427.7	-0.00029982
427.8	-0.000282503
427.9	-0.000262489
428	-0.000237803
428.1	-0.000211603
428.2	-0.000184582
428.3	-0.000150981
428.4	-0.000117223
428.5	-7.9468e-05
428.6	-4.40925e-05
428.7	-1.32186e-05
428.8	1.0023e-05
428.9	3.58388e-05
429	5.68338e-05
429.1	7.66111e-05
429.2	0.000100424
429.3	0.000125996
429.4	0.000149883
429.5	0.000169602
429.6	0.000184887
429.7	0.000191735
429.8	0.000191817
429.9	0.000191056
430	0.000185952
430.1	0.000176998
430.2	0.00016959
430.3	0.000166391
430.4	0.000168794
430.5	0.000178
430.6	0.000186749
430.7	0.000200841
430.8	0.000217407
430.9	0.000234269
431	0.000248988
431.1	0.0002651
431.2	0.000284523
431.3	0.000307158
431.4	0.000335529
431.5	0.000366253
431.6	0.000396971
431.7	0.000434285
431.8	0.000481687
431.9	0.000530565
432	0.000579708
432.1	0.000624538
432.2	0.000666222
432.3	0.000704584
432.4	0.000741828
432.5	0.000782903
432.6	0.00082775
432.7	0.00087753
432.8	0.00093233
432.9	0.000987491
433	0.00103915
433.1	0.00108704
433.2	0.00113425
433.3	0.00117792
433.4	0.00122032
433.5	0.001265
433.6	0.00130771
433.7	0.00134432
433.8	0.00137826
433.9	0.00141203
434	0.00144832
434.1	0.00147643
434.2	0.00150173
434.3	0.00152076
434.4	0.00153734
434.5	0.00155239
434.6	0.00157059
434.7	0.00158634
434.8	0.00159615
434.9	0.001603
435	0.001614
435.1	0.00162698
435.2	0.00163721
435.3	0.00164724
435.4	0.00165546
435.5	0.00166146
435.6	0.00166274
435.7	0.00166406
435.8	0.00166947
435.9	0.00167421
436	0.00168022
436.1	0.00169059
436.2	0.00170808
436.3	0.00173126
436.4	0.00175693
436.5	0.00178512
436.6	0.00181507
436.7	0.00185031
436.8	0.00188903
436.9	0.00192814
437	0.00196737
437.1	0.00200695
437.2	0.00204912
437.3	0.00209426
437.4	0.00214235
437.5	0.0021915
437.6	0.00224622
437.7	0.00230235
437.8	0.00235387
437.9	0.00240572
438	0.00245528
438.1	0.00249964
438.2	0.00253927
438.3	0.00257475
438.4	0.00260952
438.5	0.0026463
438.6	0.00267954
438.7	0.00271375
438.8	0.00275115
438.9	0.00279237
439	0.00283597
439.1	0.00287863
439.2	0.00292252
439.3	0.00296404
439.4	0.00300845
439.5	0.00305073
439.6	0.00309239
439.7	0.00313821
439.8	0.00318536
439.9	0.0032348
440	0.00328252
440.1	0.00333423
440.2	0.00338082
440.3	0.00342338
440.4	0.00345935
440.5	0.00348873
440.6	0.003513
440.7	0.00354003
440.8	0.00356991
440.9	0.0036056
441	0.00364471
441.1	0.00368172
441.2	0.00371832
441.3	0.00375758
441.4	0.00380047
441.5	0.00384218
441.6	0.00388313
441.7	0.00392596
441.8	0.0039673
441.9	0.00400944
442	0.00405299
442.1	0.00409505
442.2	0.00413747
442.3	0.00417255
442.4	0.00420507
442.5	0.00423851
442.6	0.00427333
442.7	0.00430144
442.8	0.00432012
442.9	0.00433244
443	0.00433728
443.1	0.00434516
443.2	0.00435506
443.3	0.00436538
443.4	0.00437686
443.5	0.00438595
443.6	0.00439372
443.7	0.00440197
443.8	0.00441188
443.9	0.00442574
444	0.00443831
444.1	0.0044491
444.2	0.00445389
444.3	0.00445743
444.4	0.00446218
444.5	0.00446434
444.6	0.00446641
444.7	0.00446829
444.8	0.00447165
444.9	0.00447984
445	0.00448887
445.1	0.00449832
445.2	0.00450429
445.3	0.00450612
445.4	0.00450734
445.5	0.00450968
445.6	0.00451328
445.7	0.00451628
445.8	0.00451683
445.9	0.00451696
446	0.00451698
446.1	0.00451206
446.2	0.00450321
446.3	0.00449188
446.4	0.0044801
446.5	0.00447076
446.6	0.00445845
446.7	0.00444802
446.8	0.00443625
446.9	0.00442081
447	0.00440092
447.1	0.00437756
447.2	0.00434692
447.3	0.00431033
447.4	0.0042695
447.5	0.00422462
447.6	0.00417843
447.7	0.00413559
447.8	0.0040966
447.9	0.00406036
448	0.00402297
448.1	0.00398248
448.2	0.00394019
448.3	0.00390182
448.4	0.0038625
448.5	0.00382173
448.6	0.00378361
448.7	0.00375013
448.8	0.00371639
448.9	0.00368139
449	0.00364429
449.1	0.00360491
449.2	0.00355925
449.3	0.00351192
449.4	0.00346323
449.5	0.0034101
449.6	0.00335413
449.7	0.0032984
449.8	0.00324218
449.9	0.00319084
450	0.00314077
450.1	0.00308545
450.2	0.00303024
450.3	0.00297906
450.4	0.00292769
450.5	0.00287906
450.6	0.00283269
450.7	0.00278613
450.8	0.00273944
450.9	0.0026913
451	0.00264514
451.1	0.002597
451.2	0.00254601
451.3	0.00249532
451.4	0.00244818
451.5	0.00240506
451.6	0.00236692
451.7	0.00233526
451.8	0.00230447
451.9	0.0022711
452	0.002236
452.1	0.00219745
452.2	0.00215408
452.3	0.00211154
452.4	0.00207039
452.5	0.00203258
452.6	0.00199852
452.7	0.00196051
452.8	0.00192293
452.9	0.00188648
453	0.00184839
453.1	0.00181656
453.2	0.00178763
453.3	0.00176216
453.4	0.00173507
453.5	0.00170477
453.6	0.00167139
453.7	0.00164289
453.8	0.00161482
453.9	0.00158636
454	0.00155623
454.1	0.00152193
454.2	0.00148295
454.3	0.00144164
454.4	0.00139848
454.5	0.00135394
454.6	0.00131503
454.7	0.00127802
454.8	0.00123865
454.9	0.00120249
455	0.00117009
455.1	0.00113805
455.2	0.00110806
455.3	0.00108037
455.4	0.00105857
455.5	0.00103869
455.6	0.00101995
455.7	0.00100027
455.8	0.000977502
455.9	0.000950927
456	0.000921519
456.1	0.000893781
456.2	0.000871863
456.3	0.000851304
456.4	0.000835035
456.5	0.000819657
456.6	0.00080143
456.7	0.000791362
456.8	0.000781779
456.9	0.00076777
457	0.000753966
457.1	0.000737292
457.2	0.000718088
457.3	0.000698379
457.4	0.000677975
457.5	0.000659732
457.6	0.000646358
457.7	0.000632464
457.8	0.00061825
457.9	0.000605648
458	0.000593397
458.1	0.000584628
458.2	0.000579703
458.3	0.000578961
458.4	0.000583933
458.5	0.000590739
458.6	0.000597905
458.7	0.000601747
458.8	0.000602996
458.9	0.000607805
459	0.000616046
459.1	0.000623715
459.2	0.000632999
459.3	0.000639958
459.4	0.000643892
459.5	0.000648138
459.6	0.000651004
459.7	0.000648548
459.8	0.000650217
459.9	0.000655488
460	0.000663097
460.1	0.000670538
460.2	0.000676619
460.3	0.000678973
460.4	0.000680556
460.5	0.000686134
460.6	0.000696687
460.7	0.000709061
460.8	0.000722671
460.9	0.000729825
461	0.000735047
461.1	0.000735332
461.2	0.000734071
461.3	0.000732843
461.4	0.000728792
461.5	0.000719069
461.6	0.000711557
461.7	0.000703019
461.8	0.000695104
461.9	0.000687249
462	0.000676975
462.1	0.000662205
462.2	0.00064598
462.3	0.000633365
462.4	0.000617866
462.5	0.000605365
462.6	0.000596692
462.7	0.00058993
462.8	0.000584362
462.9	0.000577453
463	0.000568908
463.1	0.000560745
463.2	0.000554717
463.3	0.00054569
463.4	0.000542163
463.5	0.000541182
463.6	0.000544872
463.7	0.000547525
463.8	0.000546392
463.9	0.000544356
464	0.000537978
464.1	0.000534685
464.2	0.000529684
464.3	0.000522449
464.4	0.000517775
464.5	0.000513894
464.6	0.000510289
464.7	0.000504445
464.8	0.000495379
464.9	0.000483445
465	0.00046654
465.1	0.00044243
465.2	0.000421124
465.3	0.000403979
465.4	0.000389293
465.5	0.000377164
465.6	0.000369545
465.7	0.000363946
465.8	0.000351822
465.9	0.000335901
466	0.000317649
466.1	0.000299988
466.2	0.000287474
466.3	0.000276045
466.4	0.000262901
466.5	0.000251593
466.6	0.000242757
466.7	0.000234696
466.8	0.000225498
466.9	0.000217344
467	0.000211107
467.1	0.000205293
467.2	0.000198837
467.3	0.000189276
467.4	0.000174225
467.5	0.000157114
467.6	0.000136948
467.7	0.000116724
467.8	9.57911e-05
467.9	7.64338e-05
468	5.88233e-05
468.1	3.92406e-05
468.2	1.98247e-05
468.3	-1.6042e-06
468.4	-2.7809e-05
468.5	-5.62361e-05
468.6	-8.95696e-05
468.7	-0.000123077
468.8	-0.000155148
468.9	-0.00018384
469	-0.000210466
469.1	-0.000241713
469.2	-0.000279068
469.3	-0.000321086
469.4	-0.000364155
469.5	-0.000404398
469.6	-0.000443521
469.7	-0.000482188
469.8	-0.000518557
469.9	-0.000546639
470	-0.000569831
470.1	-0.00058951
470.2	-0.00060625
470.3	-0.00062245
470.4	-0.000634279
470.5	-0.000639408
470.6	-0.000635261
470.7	-0.000624446
470.8	-0.000614326
470.9	-0.000601239
471	-0.000586158
471.1	-0.000569419
471.2	-0.000553569
471.3	-0.000538485
471.4	-0.000523045
471.5	-0.000504168
471.6	-0.000482995
471.7	-0.000465937
471.8	-0.000444913
471.9	-0.000422586
472	-0.000404188
472.1	-0.000391043
472.2	-0.000380531
472.3	-0.00036858
472.4	-0.000351437
472.5	-0.000329966
472.6	-0.000306365
472.7	-0.000284698
472.8	-0.000266517
472.9	-0.000246723
473	-0.000224825
473.1	-0.00020459
473.2	-0.000186844
473.3	-0.000174657
473.4	-0.000165526
473.5	-0.000157314
473.6	-0.000152063
473.7	-0.000148104
473.8	-0.00014623
473.9	-0.000147639
474	-0.000151193
474.1	-0.000155243
474.2	-0.000161193
474.3	-0.000168176
474.4	-0.000179298
474.5	-0.000194082
474.6	-0.000214503
474.7	-0.000236876
474.8	-0.000259759
474.9	-0.000281684
475	-0.000305742
475.1	-0.000332433
475.2	-0.000362296
475.3	-0.000395108
475.4	-0.000430565
475.5	-0.000469231
475.6	-0.000510696
475.7	-0.000553167
475.8	-0.000596014
475.9	-0.000644127
476	-0.000695294
476.1	-0.000748675
476.2	-0.000802285
476.3	-0.000856431
476.4	-0.000909478
476.5	-0.000957259
476.6	-0.00100488
476.7	-0.00104988
476.8	-0.00109074
476.9	-0.00113181
477	-0.00117068
477.1	-0.00121034
477.2	-0.00125258
477.3	-0.00129344
477.4	-0.00133533
477.5	-0.00137161
477.6	-0.0014031
477.7	-0.00143526
477.8	-0.0014667
477.9	-0.00149387
478	-0.00151712
478.1	-0.00153844
478.2	-0.00156191
478.3	-0.00158569
478.4	-0.00160532
478.5	-0.00162215
478.6	-0.00163737
478.7	-0.00164711
478.8	-0.00165314
478.9	-0.00165343
479	-0.00165289
479.1	-0.00165096
479.2	-0.00164805
479.3	-0.00164569
479.4	-0.00164556
479.5	-0.00164886
479.6	-0.00165279
479.7	-0.0016536
479.8	-0.00165729
479.9	-0.00166652
480	-0.00168143
480.1	-0.00169848
480.2	-0.00171949
480.3	-0.00173681
480.4	-0.00174393
480.5	-0.00174298
480.6	-0.00173767
480.7	-0.00172904
480.8	-0.00171822
480.9	-0.00170943
481	-0.00170562
481.1	-0.00171006
481.2	-0.00171614
481.3	-0.00172818
481.4	-0.00173936
481.5	-0.00174645
481.6	-0.00175393
481.7	-0.00176705
481.8	-0.00178457
481.9	-0.00180464
482	-0.00182281
482.1	-0.0018377
482.2	-0.0018478
482.3	-0.001859
482.4	-0.00186986
482.5	-0.00187551
482.6	-0.00187908
482.7	-0.00188044
482.8	-0.00188207
482.9	-0.00187911
483	-0.00187495
483.1	-0.00186889
483.2	-0.00185744
483.3	-0.00184454
483.4	-0.00183327
483.5	-0.00182326
483.6	-0.00181323
483.7	-0.00180256
483.8	-0.00179534
483.9	-0.0017887
484	-0.00177733
484.1	-0.00176235
484.2	-0.00174464
484.3	-0.00172494
484.4	-0.00170455
484.5	-0.0016874
484.6	-0.00167416
484.7	-0.00166411
484.8	-0.00164736
484.9	-0.00163133
485	-0.00161694
485.1	-0.00160752
485.2	-0.00160364
485.3	-0.00160564
485.4	-0.00160704
485.5	-0.00161252
485.6	-0.00161904
485.7	-0.00162589
485.8	-0.00163342
485.9	-0.00163794
486	-0.00164142
486.1	-0.00164518
486.2	-0.00165156
486.3	-0.00166117
486.4	-0.00167435
486.5	-0.00169034
486.6	-0.00170435
486.7	-0.0017146
486.8	-0.00172037
486.9	-0.00172618
487	-0.00173551
487.1	-0.00174326
487.2	-0.00175057
487.3	-0.00175947
487.4	-0.00177143
487.5	-0.00178389
487.6	-0.00180013
487.7	-0.00182485
487.8	-0.00185866
487.9	-0.00189406
488	-0.0019297
488.1	-0.0019628
488.2	-0.00199224
488.3	-0.00202281
488.4	-0.00205374
488.5	-0.00208746
488.6	-0.00211977
488.7	-0.00214948
488.8	-0.00218533
488.9	-0.00222908
489	-0.0022747
489.1	-0.00232468
489.2	-0.00237761
489.3	-0.00243102
489.4	-0.00248044
489.5	-0.00252761
489.6	-0.00257632
489.7	-0.00262422
489.8	-0.00266568
489.9	-0.00270347
490	-0.00274316
490.1	-0.00278982
490.2	-0.00284092
490.3	-0.00289172
490.4	-0.00294348
490.5	-0.00299873
490.6	-0.00305573
490.7	-0.00310883
490.8	-0.00315898
490.9	-0.00320658
491	-0.00325708
491.1	-0.00331109
491.2	-0.00336812
491.3	-0.00342583
491.4	-0.00348639
491.5	-0.00354987
491.6	-0.00361479
491.7	-0.00367772
491.8	-0.00373999
491.9	-0.00380121
492	-0.00386123
492.1	-0.00392326
492.2	-0.00398591
492.3	-0.00404659
492.4	-0.00410061
492.5	-0.00415608
492.6	-0.00421244
492.7	-0.00426819
492.8	-0.00432055
492.9	-0.0043679
493	-0.00441207
493.1	-0.00444973
493.2	-0.00448386
493.3	-0.00452051
493.4	-0.00455646
493.5	-0.00459298
493.6	-0.00463135
493.7	-0.00466819
493.8	-0.00470442
493.9	-0.0047427
494	-0.00477718
494.1	-0.00480635
494.2	-0.00483027
494.3	-0.00484666
494.4	-0.00485776
494.5	-0.00486591
494.6	-0.00487706
494.7	-0.00489161
494.8	-0.00490734
494.9	-0.00492501
495	-0.0049407
495.1	-0.00495563
495.2	-0.00496931
495.3	-0.00498752
495.4	-0.00501043
495.5	-0.00503422
495.6	-0.00505603
495.7	-0.00508047
495.8	-0.00511401
495.9	-0.00515405
496	-0.00519977
496.1	-0.0052474
496.2	-0.00529388
496.3	-0.00534081
496.4	-0.005386
496.5	-0.00542718
496.6	-0.00546719
496.7	-0.00550223
496.8	-0.0055326
496.9	-0.00556079
497	-0.00558726
497.1	-0.00560859
497.2	-0.00562739
497.3	-0.00564517
497.4	-0.00566201
497.5	-0.00568021
497.6	-0.00569134
497.7	-0.00569319
497.8	-0.00569099
497.9	-0.00568005
498	-0.00566696
498.1	-0.00565521
498.2	-0.00563957
498.3	-0.00562444
498.4	-0.00560938
498.5	-0.00559205
498.6	-0.00557288
498.7	-0.00555608
498.8	-0.00553928
498.9	-0.00551908
499	-0.00549408
499.1	-0.00546921
499.2	-0.00544329
499.3	-0.00541758
499.4	-0.00538857
499.5	-0.00535569
499.6	-0.00532131
499.7	-0.00528721
499.8	-0.005256
499.9	-0.00521966
500	-0.00517564
