LagTime	Correlation

0	2.95887
0.1	2.95386
0.2	2.94636
0.3	2.93829
0.4	2.93011
0.5	2.92196
0.6	2.91384
0.7	2.90578
0.8	2.89776
0.9	2.8898
1	2.88188
1.1	2.87403
1.2	2.86622
1.3	2.85847
1.4	2.85077
1.5	2.84313
1.6	2.83554
1.7	2.828
1.8	2.82051
1.9	2.81307
2	2.80568
2.1	2.79833
2.2	2.79103
2.3	2.78377
2.4	2.77656
2.5	2.7694
2.6	2.76229
2.7	2.75522
2.8	2.7482
2.9	2.74122
3	2.73428
3.1	2.72738
3.2	2.72052
3.3	2.71371
3.4	2.70694
3.5	2.70021
3.6	2.69352
3.7	2.68686
3.8	2.68024
3.9	2.67366
4	2.66712
4.1	2.66062
4.2	2.65415
4.3	2.64772
4.4	2.64132
4.5	2.63496
4.6	2.62864
4.7	2.62234
4.8	2.61608
4.9	2.60986
5	2.60367
5.1	2.59751
5.2	2.59138
5.3	2.58529
5.4	2.57924
5.5	2.57321
5.6	2.56721
5.7	2.56125
5.8	2.55531
5.9	2.54939
6	2.54351
6.1	2.53766
6.2	2.53184
6.3	2.52604
6.4	2.52027
6.5	2.51453
6.6	2.50881
6.7	2.50312
6.8	2.49745
6.9	2.49181
7	2.4862
7.1	2.48062
7.2	2.47506
7.3	2.46953
7.4	2.46402
7.5	2.45854
7.6	2.45308
7.7	2.44765
7.8	2.44224
7.9	2.43686
8	2.43151
8.1	2.42617
8.2	2.42087
8.3	2.41559
8.4	2.41032
8.5	2.40508
8.6	2.39987
8.7	2.39466
8.8	2.38948
8.9	2.38432
9	2.37918
9.1	2.37406
9.2	2.36896
9.3	2.36387
9.4	2.35881
9.5	2.35377
9.6	2.34876
9.7	2.34376
9.8	2.33879
9.9	2.33384
10	2.32891
10.1	2.324
10.2	2.31912
10.3	2.31425
10.4	2.30941
10.5	2.30458
10.6	2.29977
10.7	2.29498
10.8	2.29022
10.9	2.28547
11	2.28073
11.1	2.276
11.2	2.2713
11.3	2.26661
11.4	2.26194
11.5	2.25729
11.6	2.25265
11.7	2.24804
11.8	2.24345
11.9	2.23887
12	2.23432
12.1	2.22978
12.2	2.22525
12.3	2.22073
12.4	2.21623
12.5	2.21174
12.6	2.20727
12.7	2.20282
12.8	2.19839
12.9	2.19398
13	2.18957
13.1	2.18518
13.2	2.18081
13.3	2.17644
13.4	2.17208
13.5	2.16773
13.6	2.1634
13.7	2.15907
13.8	2.15477
13.9	2.15048
14	2.14621
14.1	2.14195
14.2	2.13771
14.3	2.13348
14.4	2.12927
14.5	2.12507
14.6	2.12088
14.7	2.11671
14.8	2.11255
14.9	2.10841
15	2.10429
15.1	2.10018
15.2	2.09609
15.3	2.09202
15.4	2.08795
15.5	2.0839
15.6	2.07985
15.7	2.07581
15.8	2.07179
15.9	2.06777
16	2.06377
16.1	2.05979
16.2	2.05582
16.3	2.05186
16.4	2.04791
16.5	2.04396
16.6	2.04002
16.7	2.03609
16.8	2.03216
16.9	2.02825
17	2.02434
17.1	2.02044
17.2	2.01655
17.3	2.01266
17.4	2.00878
17.5	2.0049
17.6	2.00103
17.7	1.99717
17.8	1.99332
17.9	1.98948
18	1.98566
18.1	1.98184
18.2	1.97805
18.3	1.97426
18.4	1.97049
18.5	1.96672
18.6	1.96297
18.7	1.95923
18.8	1.9555
18.9	1.95178
19	1.94807
19.1	1.94438
19.2	1.94069
19.3	1.93702
19.4	1.93335
19.5	1.9297
19.6	1.92606
19.7	1.92242
19.8	1.9188
19.9	1.91519
20	1.91159
20.1	1.90799
20.2	1.90441
20.3	1.90083
20.4	1.89726
20.5	1.89369
20.6	1.89013
20.7	1.88659
20.8	1.88305
20.9	1.87953
21	1.87602
21.1	1.87252
21.2	1.86903
21.3	1.86556
21.4	1.86209
21.5	1.85864
21.6	1.85519
21.7	1.85174
21.8	1.84831
21.9	1.84489
22	1.84148
22.1	1.83808
22.2	1.83468
22.3	1.8313
22.4	1.82792
22.5	1.82454
22.6	1.82116
22.7	1.81779
22.8	1.81442
22.9	1.81107
23	1.80772
23.1	1.80439
23.2	1.80106
23.3	1.79774
23.4	1.79444
23.5	1.79114
23.6	1.78784
23.7	1.78456
23.8	1.78129
23.9	1.77803
24	1.77478
24.1	1.77153
24.2	1.76829
24.3	1.76506
24.4	1.76185
24.5	1.75863
24.6	1.75542
24.7	1.75221
24.8	1.74901
24.9	1.74583
25	1.74265
25.1	1.73947
25.2	1.7363
25.3	1.73314
25.4	1.72998
25.5	1.72682
25.6	1.72368
25.7	1.72053
25.8	1.7174
25.9	1.71426
26	1.71113
26.1	1.70801
26.2	1.70489
26.3	1.70178
26.4	1.69868
26.5	1.69559
26.6	1.6925
26.7	1.68942
26.8	1.68634
26.9	1.68326
27	1.68019
27.1	1.67713
27.2	1.67407
27.3	1.67102
27.4	1.66796
27.5	1.66491
27.6	1.66187
27.7	1.65884
27.8	1.65581
27.9	1.65279
28	1.64976
28.1	1.64674
28.2	1.64371
28.3	1.64069
28.4	1.63768
28.5	1.63466
28.6	1.63164
28.7	1.62863
28.8	1.62562
28.9	1.62261
29	1.6196
29.1	1.6166
29.2	1.61362
29.3	1.61064
29.4	1.60767
29.5	1.6047
29.6	1.60174
29.7	1.59878
29.8	1.59583
29.9	1.59288
30	1.58995
30.1	1.58702
30.2	1.5841
30.3	1.58119
30.4	1.57829
30.5	1.5754
30.6	1.57251
30.7	1.56963
30.8	1.56675
30.9	1.56387
31	1.56099
31.1	1.55812
31.2	1.55526
31.3	1.5524
31.4	1.54955
31.5	1.54671
31.6	1.54388
31.7	1.54105
31.8	1.53822
31.9	1.5354
32	1.53259
32.1	1.52978
32.2	1.52699
32.3	1.52421
32.4	1.52143
32.5	1.51865
32.6	1.51588
32.7	1.51311
32.8	1.51036
32.9	1.50761
33	1.50488
33.1	1.50215
33.2	1.49943
33.3	1.49672
33.4	1.49402
33.5	1.49132
33.6	1.48862
33.7	1.48593
33.8	1.48325
33.9	1.48057
34	1.47789
34.1	1.47521
34.2	1.47255
34.3	1.46989
34.4	1.46724
34.5	1.46459
34.6	1.46196
34.7	1.45933
34.8	1.45671
34.9	1.45409
35	1.45149
35.1	1.44889
35.2	1.44629
35.3	1.4437
35.4	1.4411
35.5	1.43851
35.6	1.43592
35.7	1.43333
35.8	1.43075
35.9	1.42817
36	1.4256
36.1	1.42303
36.2	1.42046
36.3	1.4179
36.4	1.41534
36.5	1.41279
36.6	1.41024
36.7	1.40771
36.8	1.40518
36.9	1.40265
37	1.40012
37.1	1.39759
37.2	1.39507
37.3	1.39255
37.4	1.39002
37.5	1.38751
37.6	1.38499
37.7	1.38249
37.8	1.37999
37.9	1.3775
38	1.37501
38.1	1.37253
38.2	1.37006
38.3	1.3676
38.4	1.36514
38.5	1.36268
38.6	1.36022
38.7	1.35777
38.8	1.35532
38.9	1.35288
39	1.35045
39.1	1.34803
39.2	1.34561
39.3	1.3432
39.4	1.34079
39.5	1.33838
39.6	1.33598
39.7	1.33358
39.8	1.33118
39.9	1.32878
40	1.32639
40.1	1.32399
40.2	1.3216
40.3	1.31921
40.4	1.31683
40.5	1.31445
40.6	1.31208
40.7	1.30971
40.8	1.30735
40.9	1.30499
41	1.30264
41.1	1.30029
41.2	1.29796
41.3	1.29562
41.4	1.29328
41.5	1.29095
41.6	1.2886
41.7	1.28626
41.8	1.28393
41.9	1.2816
42	1.27927
42.1	1.27694
42.2	1.27461
42.3	1.27229
42.4	1.26997
42.5	1.26766
42.6	1.26535
42.7	1.26305
42.8	1.26075
42.9	1.25846
43	1.25616
43.1	1.25388
43.2	1.2516
43.3	1.24932
43.4	1.24705
43.5	1.24479
43.6	1.24253
43.7	1.24027
43.8	1.23801
43.9	1.23575
44	1.2335
44.1	1.23125
44.2	1.22901
44.3	1.22678
44.4	1.22455
44.5	1.22233
44.6	1.22012
44.7	1.21792
44.8	1.21573
44.9	1.21356
45	1.2114
45.1	1.20924
45.2	1.20709
45.3	1.20494
45.4	1.20279
45.5	1.20064
45.6	1.19849
45.7	1.19635
45.8	1.19422
45.9	1.19208
46	1.18995
46.1	1.18782
46.2	1.18569
46.3	1.18356
46.4	1.18144
46.5	1.17931
46.6	1.17718
46.7	1.17505
46.8	1.17293
46.9	1.17081
47	1.16869
47.1	1.16657
47.2	1.16447
47.3	1.16236
47.4	1.16026
47.5	1.15815
47.6	1.15605
47.7	1.15396
47.8	1.15187
47.9	1.14978
48	1.1477
48.1	1.14562
48.2	1.14355
48.3	1.14147
48.4	1.13941
48.5	1.13735
48.6	1.1353
48.7	1.13326
48.8	1.13122
48.9	1.12919
49	1.12717
49.1	1.12515
49.2	1.12314
49.3	1.12113
49.4	1.11912
49.5	1.1171
49.6	1.11509
49.7	1.11308
49.8	1.11108
49.9	1.10908
50	1.10709
50.1	1.1051
50.2	1.10312
50.3	1.10115
50.4	1.09918
50.5	1.09722
50.6	1.09527
50.7	1.09333
50.8	1.09139
50.9	1.08945
51	1.08752
51.1	1.08558
51.2	1.08365
51.3	1.08172
51.4	1.07979
51.5	1.07788
51.6	1.07597
51.7	1.07406
51.8	1.07217
51.9	1.07028
52	1.06839
52.1	1.0665
52.2	1.06463
52.3	1.06276
52.4	1.06089
52.5	1.05903
52.6	1.05717
52.7	1.05532
52.8	1.05348
52.9	1.05164
53	1.04981
53.1	1.04798
53.2	1.04617
53.3	1.04435
53.4	1.04254
53.5	1.04073
53.6	1.03893
53.7	1.03713
53.8	1.03534
53.9	1.03355
54	1.03176
54.1	1.02997
54.2	1.02819
54.3	1.02641
54.4	1.02463
54.5	1.02285
54.6	1.02108
54.7	1.01931
54.8	1.01754
54.9	1.01578
55	1.01402
55.1	1.01227
55.2	1.01053
55.3	1.00879
55.4	1.00705
55.5	1.00531
55.6	1.00356
55.7	1.00182
55.8	1.00008
55.9	0.998341
56	0.996605
56.1	0.994872
56.2	0.993141
56.3	0.991413
56.4	0.989689
56.5	0.987971
56.6	0.986257
56.7	0.984548
56.8	0.982846
56.9	0.981146
57	0.979448
57.1	0.977755
57.2	0.976059
57.3	0.974363
57.4	0.972668
57.5	0.970979
57.6	0.969292
57.7	0.967608
57.8	0.965928
57.9	0.964249
58	0.962576
58.1	0.960905
58.2	0.959235
58.3	0.95757
58.4	0.955913
58.5	0.954263
58.6	0.952612
58.7	0.950961
58.8	0.949311
58.9	0.947667
59	0.946028
59.1	0.944389
59.2	0.942754
59.3	0.941126
59.4	0.9395
59.5	0.937874
59.6	0.936252
59.7	0.934634
59.8	0.933021
59.9	0.931409
60	0.929801
60.1	0.9282
60.2	0.926606
60.3	0.925022
60.4	0.923442
60.5	0.921863
60.6	0.920288
60.7	0.918719
60.8	0.917154
60.9	0.915592
61	0.914029
61.1	0.912463
61.2	0.910896
61.3	0.909329
61.4	0.907765
61.5	0.906201
61.6	0.904638
61.7	0.903077
61.8	0.90152
61.9	0.899963
62	0.898407
62.1	0.896855
62.2	0.895306
62.3	0.89376
62.4	0.892222
62.5	0.890685
62.6	0.889153
62.7	0.887624
62.8	0.886094
62.9	0.884565
63	0.883039
63.1	0.881523
63.2	0.880011
63.3	0.8785
63.4	0.876986
63.5	0.875475
63.6	0.873965
63.7	0.872457
63.8	0.87095
63.9	0.869446
64	0.86795
64.1	0.866461
64.2	0.864975
64.3	0.863497
64.4	0.862024
64.5	0.860549
64.6	0.859074
64.7	0.857598
64.8	0.85612
64.9	0.854641
65	0.853166
65.1	0.85169
65.2	0.850214
65.3	0.848735
65.4	0.84726
65.5	0.845786
65.6	0.844316
65.7	0.84285
65.8	0.84139
65.9	0.839934
66	0.838483
66.1	0.837032
66.2	0.835582
66.3	0.834131
66.4	0.832678
66.5	0.831222
66.6	0.829772
66.7	0.828328
66.8	0.826887
66.9	0.825445
67	0.824009
67.1	0.82258
67.2	0.821162
67.3	0.819749
67.4	0.818339
67.5	0.816928
67.6	0.815513
67.7	0.814102
67.8	0.812693
67.9	0.811289
68	0.80989
68.1	0.80849
68.2	0.807088
68.3	0.805688
68.4	0.804291
68.5	0.802897
68.6	0.801506
68.7	0.800115
68.8	0.798724
68.9	0.797333
69	0.795938
69.1	0.794538
69.2	0.793131
69.3	0.791724
69.4	0.790315
69.5	0.788906
69.6	0.787503
69.7	0.786106
69.8	0.784715
69.9	0.783332
70	0.781957
70.1	0.780585
70.2	0.779217
70.3	0.777855
70.4	0.776491
70.5	0.775129
70.6	0.773769
70.7	0.772408
70.8	0.771047
70.9	0.769684
71	0.768327
71.1	0.766974
71.2	0.765628
71.3	0.764288
71.4	0.76295
71.5	0.761611
71.6	0.760274
71.7	0.758942
71.8	0.757608
71.9	0.75627
72	0.754932
72.1	0.753595
72.2	0.752263
72.3	0.750932
72.4	0.749608
72.5	0.748289
72.6	0.746974
72.7	0.745663
72.8	0.744362
72.9	0.743064
73	0.74177
73.1	0.74048
73.2	0.739192
73.3	0.737904
73.4	0.736615
73.5	0.735325
73.6	0.734029
73.7	0.732733
73.8	0.731436
73.9	0.730141
74	0.728849
74.1	0.727555
74.2	0.726265
74.3	0.724976
74.4	0.723692
74.5	0.722406
74.6	0.72112
74.7	0.719835
74.8	0.718554
74.9	0.717275
75	0.715997
75.1	0.71472
75.2	0.713443
75.3	0.712171
75.4	0.710903
75.5	0.709634
75.6	0.708373
75.7	0.707115
75.8	0.705858
75.9	0.704603
76	0.703348
76.1	0.702093
76.2	0.700839
76.3	0.699584
76.4	0.698332
76.5	0.697079
76.6	0.695825
76.7	0.694579
76.8	0.693335
76.9	0.692089
77	0.690841
77.1	0.689591
77.2	0.68834
77.3	0.687091
77.4	0.685837
77.5	0.684576
77.6	0.683315
77.7	0.682052
77.8	0.680789
77.9	0.679528
78	0.678271
78.1	0.67702
78.2	0.675772
78.3	0.674531
78.4	0.673286
78.5	0.672044
78.6	0.670804
78.7	0.669567
78.8	0.668336
78.9	0.667112
79	0.665894
79.1	0.664681
79.2	0.66347
79.3	0.662261
79.4	0.661054
79.5	0.659846
79.6	0.658641
79.7	0.657442
79.8	0.656242
79.9	0.655045
80	0.653852
80.1	0.652659
80.2	0.651474
80.3	0.650293
80.4	0.649117
80.5	0.647943
80.6	0.646769
80.7	0.6456
80.8	0.644431
80.9	0.64326
81	0.642096
81.1	0.640939
81.2	0.639787
81.3	0.638638
81.4	0.637496
81.5	0.636359
81.6	0.635225
81.7	0.634094
81.8	0.632969
81.9	0.631846
82	0.630727
82.1	0.629609
82.2	0.628493
82.3	0.627375
82.4	0.626265
82.5	0.625163
82.6	0.624068
82.7	0.622984
82.8	0.621909
82.9	0.620842
83	0.619782
83.1	0.618727
83.2	0.617674
83.3	0.616626
83.4	0.615584
83.5	0.614542
83.6	0.613498
83.7	0.612454
83.8	0.611411
83.9	0.610369
84	0.609332
84.1	0.608297
84.2	0.607265
84.3	0.606238
84.4	0.605216
84.5	0.604201
84.6	0.603188
84.7	0.602175
84.8	0.601169
84.9	0.600164
85	0.59916
85.1	0.598164
85.2	0.597174
85.3	0.596186
85.4	0.595199
85.5	0.594214
85.6	0.593225
85.7	0.592238
85.8	0.591253
85.9	0.590269
86	0.589286
86.1	0.588307
86.2	0.587331
86.3	0.586354
86.4	0.585378
86.5	0.584404
86.6	0.583433
86.7	0.582468
86.8	0.581505
86.9	0.580545
87	0.579586
87.1	0.578624
87.2	0.577667
87.3	0.576711
87.4	0.575755
87.5	0.574796
87.6	0.57384
87.7	0.572887
87.8	0.571936
87.9	0.570987
88	0.570042
88.1	0.569098
88.2	0.568155
88.3	0.567213
88.4	0.566271
88.5	0.565329
88.6	0.564388
88.7	0.563451
88.8	0.562521
88.9	0.561594
89	0.560667
89.1	0.559741
89.2	0.558813
89.3	0.557889
89.4	0.556963
89.5	0.556036
89.6	0.555107
89.7	0.554177
89.8	0.55324
89.9	0.5523
90	0.551362
90.1	0.550422
90.2	0.549482
90.3	0.548541
90.4	0.547605
90.5	0.546674
90.6	0.545747
90.7	0.544822
90.8	0.543907
90.9	0.542997
91	0.542089
91.1	0.541187
91.2	0.540289
91.3	0.539388
91.4	0.538481
91.5	0.537576
91.6	0.53667
91.7	0.535766
91.8	0.534858
91.9	0.533955
92	0.533055
92.1	0.532162
92.2	0.531272
92.3	0.530389
92.4	0.529508
92.5	0.528629
92.6	0.527752
92.7	0.526876
92.8	0.526007
92.9	0.525145
93	0.524286
93.1	0.523422
93.2	0.522551
93.3	0.521681
93.4	0.520806
93.5	0.519928
93.6	0.519051
93.7	0.518173
93.8	0.517299
93.9	0.516426
94	0.51556
94.1	0.514699
94.2	0.513837
94.3	0.512972
94.4	0.512104
94.5	0.511238
94.6	0.510371
94.7	0.509501
94.8	0.508631
94.9	0.507764
95	0.506896
95.1	0.506029
95.2	0.505163
95.3	0.5043
95.4	0.503435
95.5	0.502569
95.6	0.501711
95.7	0.500854
95.8	0.499998
95.9	0.499145
96	0.498294
96.1	0.497448
96.2	0.496601
96.3	0.495749
96.4	0.494895
96.5	0.494041
96.6	0.493181
96.7	0.492313
96.8	0.491437
96.9	0.49056
97	0.489686
97.1	0.488811
97.2	0.487933
97.3	0.487058
97.4	0.486183
97.5	0.485312
97.6	0.48444
97.7	0.483569
97.8	0.482701
97.9	0.481832
98	0.480963
98.1	0.480094
98.2	0.479226
98.3	0.478359
98.4	0.477493
98.5	0.47663
98.6	0.47577
98.7	0.474911
98.8	0.474054
98.9	0.473204
99	0.47236
99.1	0.471521
99.2	0.470682
99.3	0.469846
99.4	0.46901
99.5	0.468176
99.6	0.467342
99.7	0.46651
99.8	0.465676
99.9	0.464839
100	0.464002
100.1	0.463163
100.2	0.462328
100.3	0.461493
100.4	0.460657
100.5	0.459822
100.6	0.458984
100.7	0.458146
100.8	0.457307
100.9	0.456469
101	0.455636
101.1	0.454804
101.2	0.453973
101.3	0.453143
101.4	0.452319
101.5	0.451498
101.6	0.450677
101.7	0.449851
101.8	0.449028
101.9	0.448207
102	0.447386
102.1	0.446567
102.2	0.44575
102.3	0.444931
102.4	0.44411
102.5	0.443288
102.6	0.442469
102.7	0.441655
102.8	0.440838
102.9	0.440022
103	0.439209
103.1	0.438396
103.2	0.437586
103.3	0.436776
103.4	0.435965
103.5	0.435154
103.6	0.434341
103.7	0.433527
103.8	0.432717
103.9	0.431904
104	0.431087
104.1	0.430274
104.2	0.429463
104.3	0.428645
104.4	0.427821
104.5	0.426995
104.6	0.42617
104.7	0.425345
104.8	0.424522
104.9	0.423703
105	0.422885
105.1	0.422072
105.2	0.421264
105.3	0.420462
105.4	0.41966
105.5	0.41886
105.6	0.418063
105.7	0.417267
105.8	0.416472
105.9	0.41568
106	0.414888
106.1	0.414099
106.2	0.413311
106.3	0.41252
106.4	0.41173
106.5	0.41094
106.6	0.410151
106.7	0.409364
106.8	0.40858
106.9	0.407794
107	0.407011
107.1	0.406229
107.2	0.405447
107.3	0.404671
107.4	0.403894
107.5	0.403119
107.6	0.402344
107.7	0.401566
107.8	0.400791
107.9	0.400016
108	0.39924
108.1	0.398469
108.2	0.397702
108.3	0.39694
108.4	0.396183
108.5	0.395432
108.6	0.394682
108.7	0.393934
108.8	0.393182
108.9	0.392426
109	0.39167
109.1	0.390916
109.2	0.390166
109.3	0.389416
109.4	0.388664
109.5	0.387915
109.6	0.387167
109.7	0.386422
109.8	0.385681
109.9	0.384942
110	0.384201
110.1	0.383463
110.2	0.382725
110.3	0.381986
110.4	0.381242
110.5	0.380492
110.6	0.379739
110.7	0.37899
110.8	0.378247
110.9	0.377506
111	0.376769
111.1	0.376039
111.2	0.375318
111.3	0.374596
111.4	0.37388
111.5	0.373168
111.6	0.372454
111.7	0.371735
111.8	0.371018
111.9	0.370306
112	0.369595
112.1	0.368892
112.2	0.368195
112.3	0.367504
112.4	0.366818
112.5	0.366133
112.6	0.365451
112.7	0.36477
112.8	0.364086
112.9	0.363402
113	0.36272
113.1	0.362041
113.2	0.361367
113.3	0.360694
113.4	0.360022
113.5	0.359351
113.6	0.358677
113.7	0.358004
113.8	0.357336
113.9	0.356671
114	0.356012
114.1	0.355352
114.2	0.354689
114.3	0.354024
114.4	0.35336
114.5	0.352702
114.6	0.352043
114.7	0.351382
114.8	0.350717
114.9	0.350053
115	0.349389
115.1	0.348726
115.2	0.348062
115.3	0.347401
115.4	0.346745
115.5	0.346092
115.6	0.345439
115.7	0.344789
115.8	0.344141
115.9	0.343495
116	0.342847
116.1	0.342198
116.2	0.34155
116.3	0.340904
116.4	0.340258
116.5	0.339613
116.6	0.338973
116.7	0.338337
116.8	0.337705
116.9	0.337078
117	0.336455
117.1	0.335837
117.2	0.335224
117.3	0.334617
117.4	0.334015
117.5	0.333414
117.6	0.332814
117.7	0.332216
117.8	0.331622
117.9	0.331032
118	0.330435
118.1	0.329836
118.2	0.329235
118.3	0.32863
118.4	0.328023
118.5	0.327411
118.6	0.326798
118.7	0.326183
118.8	0.32557
118.9	0.324959
119	0.324355
119.1	0.32375
119.2	0.323146
119.3	0.322539
119.4	0.321934
119.5	0.321332
119.6	0.320737
119.7	0.320139
119.8	0.319541
119.9	0.318945
120	0.318352
120.1	0.317762
120.2	0.317171
120.3	0.316578
120.4	0.315985
120.5	0.31539
120.6	0.314791
120.7	0.314191
120.8	0.313587
120.9	0.312983
121	0.312387
121.1	0.311793
121.2	0.311202
121.3	0.310615
121.4	0.31003
121.5	0.309449
121.6	0.308869
121.7	0.308288
121.8	0.307699
121.9	0.307107
122	0.306514
122.1	0.30592
122.2	0.305329
122.3	0.304739
122.4	0.304149
122.5	0.303554
122.6	0.302954
122.7	0.302351
122.8	0.301747
122.9	0.301144
123	0.300539
123.1	0.299937
123.2	0.299341
123.3	0.298751
123.4	0.298165
123.5	0.297586
123.6	0.297014
123.7	0.296445
123.8	0.295877
123.9	0.295311
124	0.294742
124.1	0.294174
124.2	0.293605
124.3	0.29304
124.4	0.292483
124.5	0.29193
124.6	0.291383
124.7	0.290839
124.8	0.290299
124.9	0.28976
125	0.289221
125.1	0.288684
125.2	0.288142
125.3	0.2876
125.4	0.287059
125.5	0.28652
125.6	0.285983
125.7	0.285446
125.8	0.284902
125.9	0.284355
126	0.283805
126.1	0.283255
126.2	0.28271
126.3	0.282166
126.4	0.28162
126.5	0.28108
126.6	0.280541
126.7	0.279999
126.8	0.279455
126.9	0.278908
127	0.278361
127.1	0.277816
127.2	0.277277
127.3	0.276741
127.4	0.276208
127.5	0.275681
127.6	0.275156
127.7	0.274631
127.8	0.274109
127.9	0.273587
128	0.273068
128.1	0.272553
128.2	0.27204
128.3	0.27153
128.4	0.271025
128.5	0.270523
128.6	0.27002
128.7	0.269513
128.8	0.269007
128.9	0.268502
129	0.267997
129.1	0.26749
129.2	0.266985
129.3	0.266486
129.4	0.26599
129.5	0.265492
129.6	0.264991
129.7	0.264488
129.8	0.263986
129.9	0.263491
130	0.263
130.1	0.262514
130.2	0.262031
130.3	0.261548
130.4	0.26107
130.5	0.260595
130.6	0.260123
130.7	0.259656
130.8	0.259194
130.9	0.258731
131	0.25827
131.1	0.257813
131.2	0.257354
131.3	0.256895
131.4	0.256437
131.5	0.25598
131.6	0.255525
131.7	0.255068
131.8	0.254607
131.9	0.254146
132	0.253692
132.1	0.253242
132.2	0.252793
132.3	0.252343
132.4	0.251888
132.5	0.251432
132.6	0.250977
132.7	0.250526
132.8	0.250075
132.9	0.249625
133	0.249173
133.1	0.24872
133.2	0.248263
133.3	0.247807
133.4	0.247349
133.5	0.246889
133.6	0.246427
133.7	0.245968
133.8	0.245505
133.9	0.24504
134	0.244575
134.1	0.244112
134.2	0.243647
134.3	0.243185
134.4	0.242725
134.5	0.242265
134.6	0.241809
134.7	0.241356
134.8	0.240906
134.9	0.240457
135	0.24001
135.1	0.23956
135.2	0.239107
135.3	0.238653
135.4	0.238198
135.5	0.237741
135.6	0.23728
135.7	0.236818
135.8	0.236356
135.9	0.235888
136	0.23542
136.1	0.234955
136.2	0.234493
136.3	0.234038
136.4	0.233592
136.5	0.233151
136.6	0.232711
136.7	0.232277
136.8	0.231848
136.9	0.23142
137	0.230993
137.1	0.230568
137.2	0.230146
137.3	0.229726
137.4	0.229304
137.5	0.22888
137.6	0.228449
137.7	0.228019
137.8	0.227584
137.9	0.227145
138	0.226707
138.1	0.226272
138.2	0.22584
138.3	0.225407
138.4	0.224975
138.5	0.224541
138.6	0.224104
138.7	0.223671
138.8	0.223241
138.9	0.222814
139	0.222389
139.1	0.221968
139.2	0.221544
139.3	0.221118
139.4	0.220692
139.5	0.220262
139.6	0.219832
139.7	0.219406
139.8	0.218986
139.9	0.218567
140	0.218142
140.1	0.217708
140.2	0.217276
140.3	0.216847
140.4	0.216419
140.5	0.215992
140.6	0.215563
140.7	0.215131
140.8	0.214703
140.9	0.214276
141	0.213853
141.1	0.213434
141.2	0.213017
141.3	0.212598
141.4	0.212174
141.5	0.211752
141.6	0.211328
141.7	0.210902
141.8	0.210476
141.9	0.210048
142	0.209617
142.1	0.209183
142.2	0.208748
142.3	0.208304
142.4	0.207858
142.5	0.207415
142.6	0.206977
142.7	0.206538
142.8	0.206097
142.9	0.205654
143	0.205212
143.1	0.20477
143.2	0.204329
143.3	0.203884
143.4	0.203441
143.5	0.202999
143.6	0.202557
143.7	0.202119
143.8	0.201684
143.9	0.201255
144	0.200831
144.1	0.200409
144.2	0.199982
144.3	0.199552
144.4	0.199127
144.5	0.198714
144.6	0.198301
144.7	0.197886
144.8	0.197469
144.9	0.197056
145	0.19664
145.1	0.196225
145.2	0.19582
145.3	0.195418
145.4	0.195014
145.5	0.194613
145.6	0.194212
145.7	0.193812
145.8	0.193412
145.9	0.193009
146	0.192613
146.1	0.192219
146.2	0.191824
146.3	0.191427
146.4	0.191037
146.5	0.190649
146.6	0.190261
146.7	0.189876
146.8	0.189499
146.9	0.189121
147	0.188745
147.1	0.188373
147.2	0.188
147.3	0.187631
147.4	0.187267
147.5	0.186902
147.6	0.186539
147.7	0.186178
147.8	0.185816
147.9	0.185456
148	0.185098
148.1	0.184741
148.2	0.184389
148.3	0.184043
148.4	0.183703
148.5	0.183369
148.6	0.183037
148.7	0.182709
148.8	0.18238
148.9	0.182048
149	0.181721
149.1	0.181396
149.2	0.181072
149.3	0.180749
149.4	0.180428
149.5	0.180106
149.6	0.179785
149.7	0.179471
149.8	0.179164
149.9	0.178861
150	0.178564
150.1	0.178267
150.2	0.177966
150.3	0.177663
150.4	0.177354
150.5	0.177047
150.6	0.176745
150.7	0.176449
150.8	0.176153
150.9	0.175856
151	0.175561
151.1	0.175265
151.2	0.174965
151.3	0.174665
151.4	0.174362
151.5	0.174055
151.6	0.173749
151.7	0.173448
151.8	0.173149
151.9	0.172849
152	0.172542
152.1	0.17223
152.2	0.171913
152.3	0.171596
152.4	0.171272
152.5	0.170946
152.6	0.170618
152.7	0.170289
152.8	0.169961
152.9	0.169636
153	0.169314
153.1	0.168996
153.2	0.168682
153.3	0.168371
153.4	0.168062
153.5	0.167757
153.6	0.167454
153.7	0.167153
153.8	0.166855
153.9	0.166561
154	0.166268
154.1	0.165971
154.2	0.165673
154.3	0.165373
154.4	0.165076
154.5	0.164773
154.6	0.164466
154.7	0.164158
154.8	0.163854
154.9	0.163551
155	0.163251
155.1	0.162948
155.2	0.162639
155.3	0.162321
155.4	0.162003
155.5	0.161685
155.6	0.161371
155.7	0.161061
155.8	0.160751
155.9	0.160437
156	0.16012
156.1	0.159799
156.2	0.159484
156.3	0.159174
156.4	0.158868
156.5	0.158567
156.6	0.158272
156.7	0.157974
156.8	0.157673
156.9	0.157373
157	0.15707
157.1	0.156764
157.2	0.156459
157.3	0.156152
157.4	0.155842
157.5	0.155528
157.6	0.155215
157.7	0.154904
157.8	0.154595
157.9	0.154285
158	0.153972
158.1	0.153654
158.2	0.153336
158.3	0.153016
158.4	0.152695
158.5	0.152376
158.6	0.152059
158.7	0.151743
158.8	0.151435
158.9	0.15113
159	0.150826
159.1	0.150527
159.2	0.150233
159.3	0.149938
159.4	0.149643
159.5	0.14935
159.6	0.149062
159.7	0.14877
159.8	0.148474
159.9	0.148176
160	0.147877
160.1	0.14758
160.2	0.147288
160.3	0.146997
160.4	0.146703
160.5	0.146409
160.6	0.146114
160.7	0.145817
160.8	0.145518
160.9	0.145217
161	0.144919
161.1	0.144626
161.2	0.144338
161.3	0.14405
161.4	0.143766
161.5	0.143483
161.6	0.1432
161.7	0.142921
161.8	0.142639
161.9	0.142354
162	0.142066
162.1	0.141779
162.2	0.141494
162.3	0.141208
162.4	0.140925
162.5	0.140641
162.6	0.140361
162.7	0.140081
162.8	0.1398
162.9	0.139518
163	0.139234
163.1	0.138946
163.2	0.138652
163.3	0.138361
163.4	0.138071
163.5	0.13778
163.6	0.137491
163.7	0.137207
163.8	0.136925
163.9	0.136647
164	0.136371
164.1	0.136096
164.2	0.135817
164.3	0.135535
164.4	0.135247
164.5	0.13495
164.6	0.134656
164.7	0.134368
164.8	0.134083
164.9	0.133802
165	0.133519
165.1	0.13324
165.2	0.132957
165.3	0.132673
165.4	0.132388
165.5	0.132106
165.6	0.131827
165.7	0.131555
165.8	0.131282
165.9	0.13101
166	0.130737
166.1	0.130466
166.2	0.130196
166.3	0.129931
166.4	0.129672
166.5	0.129412
166.6	0.129153
166.7	0.128895
166.8	0.128637
166.9	0.12838
167	0.128122
167.1	0.127863
167.2	0.127608
167.3	0.127357
167.4	0.127109
167.5	0.126866
167.6	0.126622
167.7	0.126379
167.8	0.12613
167.9	0.12588
168	0.125627
168.1	0.125383
168.2	0.125144
168.3	0.124913
168.4	0.124687
168.5	0.124459
168.6	0.124229
168.7	0.123992
168.8	0.123751
168.9	0.123506
169	0.123261
169.1	0.123015
169.2	0.12277
169.3	0.122519
169.4	0.122266
169.5	0.122018
169.6	0.121773
169.7	0.121535
169.8	0.121305
169.9	0.121078
170	0.12085
170.1	0.120626
170.2	0.120399
170.3	0.120165
170.4	0.119928
170.5	0.119693
170.6	0.119456
170.7	0.119219
170.8	0.118981
170.9	0.118742
171	0.118506
171.1	0.118271
171.2	0.118035
171.3	0.117798
171.4	0.117562
171.5	0.117325
171.6	0.117087
171.7	0.116843
171.8	0.116591
171.9	0.116338
172	0.116082
172.1	0.115824
172.2	0.115563
172.3	0.115304
172.4	0.115048
172.5	0.114794
172.6	0.114542
172.7	0.114292
172.8	0.11404
172.9	0.113785
173	0.113535
173.1	0.113292
173.2	0.113051
173.3	0.112809
173.4	0.112569
173.5	0.11233
173.6	0.112097
173.7	0.111865
173.8	0.111629
173.9	0.111395
174	0.111164
174.1	0.11094
174.2	0.11072
174.3	0.110504
174.4	0.110294
174.5	0.110081
174.6	0.109862
174.7	0.109637
174.8	0.109412
174.9	0.109193
175	0.108981
175.1	0.108778
175.2	0.108578
175.3	0.10838
175.4	0.108181
175.5	0.107985
175.6	0.107787
175.7	0.107591
175.8	0.1074
175.9	0.107211
176	0.107022
176.1	0.106834
176.2	0.106648
176.3	0.106462
176.4	0.106275
176.5	0.106085
176.6	0.105896
176.7	0.105711
176.8	0.105525
176.9	0.105336
177	0.105147
177.1	0.104958
177.2	0.10477
177.3	0.104585
177.4	0.104402
177.5	0.104223
177.6	0.104043
177.7	0.103863
177.8	0.103682
177.9	0.1035
178	0.103314
178.1	0.103132
178.2	0.102951
178.3	0.102771
178.4	0.102591
178.5	0.10241
178.6	0.102225
178.7	0.10204
178.8	0.10185
178.9	0.101654
179	0.101458
179.1	0.10126
179.2	0.101064
179.3	0.100869
179.4	0.100673
179.5	0.100477
179.6	0.100281
179.7	0.100084
179.8	0.0998884
179.9	0.099692
180	0.0994977
180.1	0.0993072
180.2	0.0991234
180.3	0.0989506
180.4	0.0987827
180.5	0.0986159
180.6	0.0984502
180.7	0.0982844
180.8	0.0981192
180.9	0.0979574
181	0.0978017
181.1	0.09765
181.2	0.0974992
181.3	0.097353
181.4	0.0972058
181.5	0.0970565
181.6	0.0969076
181.7	0.096758
181.8	0.0966103
181.9	0.09646
182	0.09631
182.1	0.0961566
182.2	0.0960063
182.3	0.09586
182.4	0.0957168
182.5	0.0955776
182.6	0.0954421
182.7	0.0953047
182.8	0.0951664
182.9	0.0950311
183	0.0948959
183.1	0.0947587
183.2	0.0946189
183.3	0.0944753
183.4	0.0943337
183.5	0.0941931
183.6	0.0940511
183.7	0.093908
183.8	0.0937669
183.9	0.0936311
184	0.0935029
184.1	0.0933819
184.2	0.0932705
184.3	0.0931692
184.4	0.0930745
184.5	0.0929814
184.6	0.0928904
184.7	0.0927953
184.8	0.0926936
184.9	0.092592
185	0.092491
185.1	0.0923907
185.2	0.0922962
185.3	0.0922054
185.4	0.0921129
185.5	0.0920222
185.6	0.0919352
185.7	0.091847
185.8	0.0917523
185.9	0.0916497
186	0.0915389
186.1	0.0914207
186.2	0.0912989
186.3	0.0911791
186.4	0.0910651
186.5	0.0909555
186.6	0.0908506
186.7	0.0907487
186.8	0.0906456
186.9	0.0905371
187	0.090423
187.1	0.0903039
187.2	0.0901864
187.3	0.0900705
187.4	0.089957
187.5	0.0898413
187.6	0.0897191
187.7	0.0895983
187.8	0.0894823
187.9	0.0893685
188	0.0892542
188.1	0.089134
188.2	0.0890108
188.3	0.0888899
188.4	0.0887706
188.5	0.0886533
188.6	0.0885421
188.7	0.0884355
188.8	0.0883292
188.9	0.0882209
189	0.0881062
189.1	0.087991
189.2	0.0878773
189.3	0.0877683
189.4	0.0876577
189.5	0.0875449
189.6	0.087432
189.7	0.0873197
189.8	0.0872043
189.9	0.0870871
190	0.0869695
190.1	0.0868448
190.2	0.0867152
190.3	0.0865903
190.4	0.0864707
190.5	0.0863529
190.6	0.0862287
190.7	0.0861009
190.8	0.0859716
190.9	0.0858398
191	0.0857037
191.1	0.0855684
191.2	0.0854314
191.3	0.0852955
191.4	0.0851663
191.5	0.0850494
191.6	0.0849422
191.7	0.0848412
191.8	0.0847461
191.9	0.0846489
192	0.0845484
192.1	0.0844466
192.2	0.0843487
192.3	0.0842508
192.4	0.0841557
192.5	0.0840661
192.6	0.0839813
192.7	0.0838931
192.8	0.0838044
192.9	0.0837161
193	0.0836262
193.1	0.0835393
193.2	0.0834502
193.3	0.0833614
193.4	0.0832727
193.5	0.0831837
193.6	0.083092
193.7	0.082997
193.8	0.082899
193.9	0.0827958
194	0.0826877
194.1	0.0825737
194.2	0.0824531
194.3	0.0823274
194.4	0.0822015
194.5	0.0820767
194.6	0.0819537
194.7	0.0818279
194.8	0.0817053
194.9	0.0815841
195	0.0814647
195.1	0.0813502
195.2	0.0812315
195.3	0.0811134
195.4	0.0809951
195.5	0.0808795
195.6	0.0807727
195.7	0.080668
195.8	0.0805656
195.9	0.0804579
196	0.0803473
196.1	0.0802282
196.2	0.080102
196.3	0.0799738
196.4	0.0798449
196.5	0.0797142
196.6	0.0795778
196.7	0.0794387
196.8	0.0793009
196.9	0.0791588
197	0.0790136
197.1	0.0788639
197.2	0.0787125
197.3	0.0785582
197.4	0.0784044
197.5	0.078249
197.6	0.078093
197.7	0.0779408
197.8	0.0777897
197.9	0.0776404
198	0.0774964
198.1	0.0773598
198.2	0.0772282
198.3	0.0770969
198.4	0.0769626
198.5	0.0768237
198.6	0.0766792
198.7	0.0765391
198.8	0.0764034
198.9	0.0762671
199	0.0761309
199.1	0.0759938
199.2	0.0758604
199.3	0.075732
199.4	0.0756009
199.5	0.0754674
199.6	0.0753356
199.7	0.0752092
199.8	0.0750867
199.9	0.0749729
200	0.0748632
200.1	0.0747529
200.2	0.0746403
200.3	0.0745302
200.4	0.0744246
200.5	0.0743203
200.6	0.0742148
200.7	0.0741039
200.8	0.0739905
200.9	0.0738766
201	0.0737584
201.1	0.073636
201.2	0.0735155
201.3	0.073393
201.4	0.0732795
201.5	0.0731754
201.6	0.0730792
201.7	0.0729852
201.8	0.0728935
201.9	0.0727965
202	0.0726968
202.1	0.0725948
202.2	0.0724933
202.3	0.072397
202.4	0.0723027
202.5	0.0722084
202.6	0.0721132
202.7	0.0720156
202.8	0.0719169
202.9	0.0718211
203	0.0717228
203.1	0.0716232
203.2	0.0715252
203.3	0.0714292
203.4	0.0713345
203.5	0.0712432
203.6	0.0711536
203.7	0.0710629
203.8	0.0709689
203.9	0.0708728
204	0.0707821
204.1	0.0706873
204.2	0.070595
204.3	0.070508
204.4	0.070424
204.5	0.0703433
204.6	0.0702627
204.7	0.0701851
204.8	0.0701098
204.9	0.0700316
205	0.0699535
205.1	0.0698744
205.2	0.069795
205.3	0.0697191
205.4	0.0696472
205.5	0.0695799
205.6	0.0695097
205.7	0.0694362
205.8	0.0693642
205.9	0.0692884
206	0.0692094
206.1	0.0691259
206.2	0.0690423
206.3	0.068955
206.4	0.0688683
206.5	0.0687888
206.6	0.0687121
206.7	0.0686359
206.8	0.0685577
206.9	0.0684771
207	0.068396
207.1	0.0683196
207.2	0.0682447
207.3	0.0681697
207.4	0.0680955
207.5	0.0680216
207.6	0.0679455
207.7	0.0678733
207.8	0.0678008
207.9	0.0677266
208	0.0676522
208.1	0.0675835
208.2	0.0675201
208.3	0.0674618
208.4	0.0674051
208.5	0.0673468
208.6	0.0672851
208.7	0.067225
208.8	0.067164
208.9	0.0671008
209	0.0670363
209.1	0.0669718
209.2	0.0669079
209.3	0.066843
209.4	0.0667695
209.5	0.0666928
209.6	0.0666197
209.7	0.06655
209.8	0.0664794
209.9	0.0664069
210	0.0663359
210.1	0.0662649
210.2	0.0661931
210.3	0.0661249
210.4	0.0660502
210.5	0.0659697
210.6	0.0658866
210.7	0.0658073
210.8	0.0657321
210.9	0.0656584
211	0.0655872
211.1	0.0655187
211.2	0.0654486
211.3	0.0653742
211.4	0.0652979
211.5	0.0652237
211.6	0.0651516
211.7	0.0650872
211.8	0.0650308
211.9	0.0649812
212	0.0649373
212.1	0.0648952
212.2	0.0648521
212.3	0.0648075
212.4	0.0647611
212.5	0.0647127
212.6	0.064664
212.7	0.0646137
212.8	0.0645687
212.9	0.0645295
213	0.0644954
213.1	0.0644622
213.2	0.0644292
213.3	0.0643987
213.4	0.0643712
213.5	0.0643466
213.6	0.0643182
213.7	0.0642858
213.8	0.0642548
213.9	0.0642248
214	0.0641973
214.1	0.0641737
214.2	0.0641548
214.3	0.0641334
214.4	0.0641129
214.5	0.064095
214.6	0.0640783
214.7	0.0640643
214.8	0.0640498
214.9	0.0640382
215	0.0640218
215.1	0.0640025
215.2	0.0639806
215.3	0.0639564
215.4	0.0639342
215.5	0.0639113
215.6	0.063882
215.7	0.0638478
215.8	0.0638083
215.9	0.0637629
216	0.0637138
216.1	0.0636668
216.2	0.0636224
216.3	0.0635827
216.4	0.0635462
216.5	0.0635109
216.6	0.0634728
216.7	0.0634314
216.8	0.0633875
216.9	0.0633415
217	0.0632972
217.1	0.063254
217.2	0.0632175
217.3	0.0631845
217.4	0.063152
217.5	0.0631124
217.6	0.0630688
217.7	0.0630242
217.8	0.0629804
217.9	0.0629391
218	0.0628925
218.1	0.0628414
218.2	0.062789
218.3	0.0627311
218.4	0.0626695
218.5	0.0626069
218.6	0.0625439
218.7	0.0624806
218.8	0.0624118
218.9	0.0623411
219	0.0622664
219.1	0.0621938
219.2	0.0621238
219.3	0.0620529
219.4	0.0619793
219.5	0.0619051
219.6	0.0618318
219.7	0.0617601
219.8	0.0616874
219.9	0.0616108
220	0.061537
220.1	0.0614683
220.2	0.0614011
220.3	0.0613354
220.4	0.061274
220.5	0.0612163
220.6	0.0611644
220.7	0.0611126
220.8	0.0610603
220.9	0.0610096
221	0.0609541
221.1	0.060898
221.2	0.0608408
221.3	0.0607885
221.4	0.0607359
221.5	0.0606814
221.6	0.0606271
221.7	0.0605734
221.8	0.0605187
221.9	0.060468
222	0.0604267
222.1	0.0603957
222.2	0.0603709
222.3	0.0603487
222.4	0.0603285
222.5	0.0603062
222.6	0.0602793
222.7	0.0602535
222.8	0.0602299
222.9	0.0602047
223	0.0601753
223.1	0.0601491
223.2	0.0601273
223.3	0.0601064
223.4	0.0600882
223.5	0.0600739
223.6	0.0600605
223.7	0.0600497
223.8	0.0600362
223.9	0.0600197
224	0.0600037
224.1	0.0599953
224.2	0.0599934
224.3	0.0599989
224.4	0.0600057
224.5	0.0600161
224.6	0.0600278
224.7	0.0600414
224.8	0.0600522
224.9	0.0600612
225	0.0600686
225.1	0.0600735
225.2	0.0600775
225.3	0.06008
225.4	0.0600803
225.5	0.0600743
225.6	0.0600668
225.7	0.0600577
225.8	0.0600511
225.9	0.0600456
226	0.0600402
226.1	0.0600308
226.2	0.0600181
226.3	0.0600021
226.4	0.0599831
226.5	0.0599696
226.6	0.0599643
226.7	0.0599633
226.8	0.0599647
226.9	0.0599673
227	0.0599728
227.1	0.059978
227.2	0.0599802
227.3	0.0599791
227.4	0.0599744
227.5	0.0599613
227.6	0.0599422
227.7	0.0599144
227.8	0.0598801
227.9	0.0598431
228	0.0598069
228.1	0.0597654
228.2	0.0597196
228.3	0.0596711
228.4	0.0596225
228.5	0.0595775
228.6	0.0595383
228.7	0.0595036
228.8	0.0594711
228.9	0.0594409
229	0.0594087
229.1	0.0593703
229.2	0.0593263
229.3	0.0592804
229.4	0.0592351
229.5	0.0591931
229.6	0.0591544
229.7	0.0591172
229.8	0.0590786
229.9	0.0590359
230	0.0589892
230.1	0.0589412
230.2	0.0588954
230.3	0.0588485
230.4	0.0587987
230.5	0.0587472
230.6	0.058695
230.7	0.0586442
230.8	0.0585957
230.9	0.0585476
231	0.0584994
231.1	0.0584528
231.2	0.0584061
231.3	0.0583589
231.4	0.0583081
231.5	0.058256
231.6	0.0582043
231.7	0.0581524
231.8	0.0581043
231.9	0.0580631
232	0.0580252
232.1	0.0579857
232.2	0.0579434
232.3	0.0579024
232.4	0.057861
232.5	0.0578217
232.6	0.0577793
232.7	0.0577449
232.8	0.0577115
232.9	0.0576752
233	0.0576366
233.1	0.0575956
233.2	0.0575525
233.3	0.0575118
233.4	0.0574682
233.5	0.0574204
233.6	0.0573671
233.7	0.0573143
233.8	0.0572629
233.9	0.0572103
234	0.0571582
234.1	0.0571037
234.2	0.0570484
234.3	0.0569919
234.4	0.0569341
234.5	0.0568784
234.6	0.0568213
234.7	0.056764
234.8	0.0567094
234.9	0.0566554
235	0.0566062
235.1	0.0565563
235.2	0.0565002
235.3	0.0564385
235.4	0.0563758
235.5	0.0563155
235.6	0.0562535
235.7	0.0561944
235.8	0.0561336
235.9	0.0560683
236	0.055998
236.1	0.0559216
236.2	0.0558402
236.3	0.0557572
236.4	0.0556716
236.5	0.0555823
236.6	0.0554953
236.7	0.0554076
236.8	0.0553238
236.9	0.055243
237	0.0551606
237.1	0.0550735
237.2	0.0549829
237.3	0.0548874
237.4	0.0547882
237.5	0.0546844
237.6	0.0545784
237.7	0.0544672
237.8	0.0543507
237.9	0.054232
238	0.0541145
238.1	0.0539957
238.2	0.0538788
238.3	0.0537629
238.4	0.0536491
238.5	0.0535356
238.6	0.0534218
238.7	0.0533064
238.8	0.053189
238.9	0.0530748
239	0.0529673
239.1	0.0528616
239.2	0.0527596
239.3	0.0526579
239.4	0.0525567
239.5	0.0524572
239.6	0.0523583
239.7	0.0522604
239.8	0.0521647
239.9	0.0520717
240	0.0519831
240.1	0.051895
240.2	0.0518116
240.3	0.0517334
240.4	0.0516646
240.5	0.0516049
240.6	0.0515499
240.7	0.051499
240.8	0.0514505
240.9	0.0514059
241	0.0513658
241.1	0.0513275
241.2	0.0512899
241.3	0.051249
241.4	0.0512076
241.5	0.0511662
241.6	0.0511229
241.7	0.0510776
241.8	0.0510299
241.9	0.0509831
242	0.0509397
242.1	0.0508981
242.2	0.0508552
242.3	0.05081
242.4	0.0507656
242.5	0.0507214
242.6	0.0506787
242.7	0.050638
242.8	0.0505996
242.9	0.0505607
243	0.0505159
243.1	0.0504672
243.2	0.0504168
243.3	0.050363
243.4	0.0503078
243.5	0.0502561
243.6	0.0502018
243.7	0.0501389
243.8	0.0500749
243.9	0.050014
244	0.0499569
244.1	0.049901
244.2	0.0498471
244.3	0.0497946
244.4	0.049743
244.5	0.0496928
244.6	0.0496442
244.7	0.0495981
244.8	0.0495591
244.9	0.0495209
245	0.0494858
245.1	0.0494511
245.2	0.0494124
245.3	0.0493735
245.4	0.0493315
245.5	0.0492934
245.6	0.0492521
245.7	0.0492011
245.8	0.0491469
245.9	0.0490871
246	0.0490195
246.1	0.0489469
246.2	0.0488778
246.3	0.0488112
246.4	0.0487457
246.5	0.0486872
246.6	0.0486267
246.7	0.0485624
246.8	0.0484946
246.9	0.048424
247	0.0483521
247.1	0.0482881
247.2	0.0482272
247.3	0.0481673
247.4	0.0481099
247.5	0.0480525
247.6	0.0479966
247.7	0.0479427
247.8	0.0478878
247.9	0.0478295
248	0.0477672
248.1	0.0477035
248.2	0.0476426
248.3	0.047583
248.4	0.0475269
248.5	0.0474708
248.6	0.0474157
248.7	0.0473557
248.8	0.0472948
248.9	0.0472285
249	0.0471662
249.1	0.0471081
249.2	0.0470535
249.3	0.0470009
249.4	0.0469476
249.5	0.0468899
249.6	0.0468317
249.7	0.0467765
249.8	0.0467161
249.9	0.0466554
250	0.046593
250.1	0.0465233
250.2	0.0464433
250.3	0.0463604
250.4	0.0462767
250.5	0.0461949
250.6	0.0461121
250.7	0.0460212
250.8	0.0459263
250.9	0.0458281
251	0.0457272
251.1	0.0456264
251.2	0.0455238
251.3	0.0454246
251.4	0.045328
251.5	0.0452326
251.6	0.0451399
251.7	0.0450511
251.8	0.0449626
251.9	0.0448727
252	0.0447823
252.1	0.0446917
252.2	0.0445967
252.3	0.0444953
252.4	0.0443864
252.5	0.044277
252.6	0.044168
252.7	0.044058
252.8	0.0439504
252.9	0.043846
253	0.0437443
253.1	0.0436509
253.2	0.0435618
253.3	0.0434753
253.4	0.0433903
253.5	0.0433069
253.6	0.0432247
253.7	0.0431429
253.8	0.0430602
253.9	0.042977
254	0.0428944
254.1	0.0428121
254.2	0.0427274
254.3	0.0426394
254.4	0.042555
254.5	0.0424773
254.6	0.0424012
254.7	0.0423279
254.8	0.0422519
254.9	0.0421785
255	0.0421095
255.1	0.0420391
255.2	0.0419708
255.3	0.0419084
255.4	0.0418483
255.5	0.0417921
255.6	0.0417446
255.7	0.0417019
255.8	0.0416646
255.9	0.0416302
256	0.0415982
256.1	0.0415715
256.2	0.0415484
256.3	0.0415293
256.4	0.0415139
256.5	0.0415028
256.6	0.0414909
256.7	0.0414738
256.8	0.0414517
256.9	0.0414298
257	0.041408
257.1	0.0413871
257.2	0.0413679
257.3	0.0413525
257.4	0.0413425
257.5	0.0413336
257.6	0.0413215
257.7	0.0413061
257.8	0.041286
257.9	0.0412596
258	0.0412282
258.1	0.0411961
258.2	0.0411673
258.3	0.0411386
258.4	0.0411108
258.5	0.0410849
258.6	0.0410608
258.7	0.0410365
258.8	0.0410105
258.9	0.0409815
259	0.0409489
259.1	0.0409156
259.2	0.0408827
259.3	0.0408491
259.4	0.0408201
259.5	0.0407944
259.6	0.040766
259.7	0.0407314
259.8	0.040695
259.9	0.0406582
260	0.0406244
260.1	0.040595
260.2	0.0405636
260.3	0.0405277
260.4	0.0404938
260.5	0.0404596
260.6	0.040426
260.7	0.0403965
260.8	0.0403743
260.9	0.0403581
261	0.0403446
261.1	0.0403276
261.2	0.0403136
261.3	0.0403015
261.4	0.0402885
261.5	0.0402798
261.6	0.0402701
261.7	0.0402545
261.8	0.0402328
261.9	0.0402079
262	0.0401767
262.1	0.0401391
262.2	0.0401004
262.3	0.0400601
262.4	0.0400163
262.5	0.0399679
262.6	0.0399143
262.7	0.0398648
262.8	0.0398199
262.9	0.0397795
263	0.0397456
263.1	0.0397111
263.2	0.039678
263.3	0.0396435
263.4	0.0396132
263.5	0.0395839
263.6	0.0395536
263.7	0.0395247
263.8	0.0394952
263.9	0.0394638
264	0.0394312
264.1	0.039396
264.2	0.0393593
264.3	0.03932
264.4	0.0392816
264.5	0.0392441
264.6	0.039209
264.7	0.0391753
264.8	0.0391422
264.9	0.0391039
265	0.0390654
265.1	0.039026
265.2	0.0389867
265.3	0.0389493
265.4	0.0389149
265.5	0.0388809
265.6	0.0388506
265.7	0.0388181
265.8	0.038787
265.9	0.0387551
266	0.0387228
266.1	0.038692
266.2	0.0386572
266.3	0.0386191
266.4	0.0385844
266.5	0.0385518
266.6	0.0385224
266.7	0.0384938
266.8	0.0384617
266.9	0.0384266
267	0.038387
267.1	0.0383497
267.2	0.0383078
267.3	0.038264
267.4	0.0382183
267.5	0.0381693
267.6	0.0381195
267.7	0.0380654
267.8	0.0380067
267.9	0.0379499
268	0.0378889
268.1	0.0378277
268.2	0.0377667
268.3	0.0377082
268.4	0.0376532
268.5	0.0375956
268.6	0.0375357
268.7	0.0374755
268.8	0.03742
268.9	0.0373662
269	0.0373135
269.1	0.0372624
269.2	0.0372145
269.3	0.0371681
269.4	0.0371238
269.5	0.0370837
269.6	0.0370445
269.7	0.0370056
269.8	0.0369681
269.9	0.0369339
270	0.0369038
270.1	0.0368742
270.2	0.0368452
270.3	0.0368156
270.4	0.0367859
270.5	0.0367582
270.6	0.0367309
270.7	0.0367078
270.8	0.0366847
270.9	0.0366593
271	0.0366269
271.1	0.0365939
271.2	0.0365618
271.3	0.0365282
271.4	0.0364891
271.5	0.0364489
271.6	0.0364079
271.7	0.0363629
271.8	0.0363188
271.9	0.0362684
272	0.0362162
272.1	0.0361654
272.2	0.0361132
272.3	0.0360608
272.4	0.0360079
272.5	0.0359566
272.6	0.0359085
272.7	0.0358595
272.8	0.0358083
272.9	0.035754
273	0.0357026
273.1	0.0356535
273.2	0.0356029
273.3	0.0355546
273.4	0.0355052
273.5	0.0354523
273.6	0.0353917
273.7	0.0353221
273.8	0.0352433
273.9	0.0351576
274	0.0350658
274.1	0.0349698
274.2	0.0348701
274.3	0.0347699
274.4	0.0346737
274.5	0.0345794
274.6	0.034486
274.7	0.0343947
274.8	0.0343097
274.9	0.0342267
275	0.0341428
275.1	0.0340536
275.2	0.033964
275.3	0.033875
275.4	0.0337882
275.5	0.0337013
275.6	0.0336132
275.7	0.0335235
275.8	0.0334328
275.9	0.0333426
276	0.0332548
276.1	0.0331666
276.2	0.0330779
276.3	0.0329917
276.4	0.0329021
276.5	0.0328117
276.6	0.0327193
276.7	0.0326287
276.8	0.03254
276.9	0.0324567
277	0.0323747
277.1	0.0322929
277.2	0.0322139
277.3	0.0321403
277.4	0.0320664
277.5	0.0319959
277.6	0.0319262
277.7	0.0318563
277.8	0.0317845
277.9	0.0317117
278	0.0316423
278.1	0.0315749
278.2	0.0315052
278.3	0.031432
278.4	0.0313492
278.5	0.0312631
278.6	0.0311821
278.7	0.0311042
278.8	0.0310284
278.9	0.0309583
279	0.0308872
279.1	0.030815
279.2	0.0307375
279.3	0.0306639
279.4	0.0305927
279.5	0.0305166
279.6	0.0304367
279.7	0.0303552
279.8	0.0302746
279.9	0.0302008
280	0.030128
280.1	0.0300496
280.2	0.0299669
280.3	0.0298857
280.4	0.0298056
280.5	0.0297257
280.6	0.0296456
280.7	0.0295601
280.8	0.0294684
280.9	0.0293787
281	0.0292924
281.1	0.029208
281.2	0.0291248
281.3	0.0290435
281.4	0.0289621
281.5	0.0288822
281.6	0.0288042
281.7	0.0287281
281.8	0.0286583
281.9	0.0285917
282	0.0285216
282.1	0.0284517
282.2	0.0283839
282.3	0.0283134
282.4	0.0282458
282.5	0.0281805
282.6	0.0281156
282.7	0.0280505
282.8	0.0279887
282.9	0.0279252
283	0.0278626
283.1	0.0277999
283.2	0.0277365
283.3	0.0276689
283.4	0.0275994
283.5	0.0275333
283.6	0.0274689
283.7	0.027405
283.8	0.0273398
283.9	0.0272736
284	0.0272048
284.1	0.0271389
284.2	0.0270739
284.3	0.0270094
284.4	0.0269502
284.5	0.0268975
284.6	0.0268504
284.7	0.0268037
284.8	0.0267577
284.9	0.0267097
285	0.0266609
285.1	0.0266126
285.2	0.026558
285.3	0.0264951
285.4	0.0264344
285.5	0.0263796
285.6	0.0263248
285.7	0.0262737
285.8	0.0262217
285.9	0.0261664
286	0.0261119
286.1	0.0260557
286.2	0.0259935
286.3	0.0259311
286.4	0.0258665
286.5	0.0257967
286.6	0.0257232
286.7	0.0256522
286.8	0.0255849
286.9	0.0255232
287	0.0254639
287.1	0.0254049
287.2	0.0253468
287.3	0.0252879
287.4	0.0252254
287.5	0.0251644
287.6	0.0251039
287.7	0.0250453
287.8	0.0249971
287.9	0.024954
288	0.0249139
288.1	0.0248757
288.2	0.0248376
288.3	0.0247971
288.4	0.0247515
288.5	0.0247023
288.6	0.0246505
288.7	0.0246004
288.8	0.0245567
288.9	0.024517
289	0.0244833
289.1	0.0244513
289.2	0.024424
289.3	0.0244004
289.4	0.0243764
289.5	0.0243506
289.6	0.0243242
289.7	0.0242942
289.8	0.0242629
289.9	0.0242331
290	0.0242022
290.1	0.0241726
290.2	0.0241398
290.3	0.024103
290.4	0.0240596
290.5	0.0240134
290.6	0.0239626
290.7	0.02391
290.8	0.0238581
290.9	0.0238031
291	0.0237454
291.1	0.0236908
291.2	0.0236387
291.3	0.0235941
291.4	0.0235427
291.5	0.023484
291.6	0.0234225
291.7	0.0233558
291.8	0.0232849
291.9	0.0232104
292	0.023137
292.1	0.0230665
292.2	0.0229981
292.3	0.0229281
292.4	0.0228607
292.5	0.0227887
292.6	0.0227175
292.7	0.0226473
292.8	0.0225813
292.9	0.0225167
293	0.0224494
293.1	0.0223818
293.2	0.0223117
293.3	0.0222435
293.4	0.0221826
293.5	0.0221285
293.6	0.0220774
293.7	0.0220308
293.8	0.0219882
293.9	0.0219472
294	0.0219052
294.1	0.0218624
294.2	0.0218226
294.3	0.021783
294.4	0.0217444
294.5	0.0217041
294.6	0.0216637
294.7	0.0216258
294.8	0.0215908
294.9	0.0215584
295	0.0215249
295.1	0.0214923
295.2	0.0214602
295.3	0.0214319
295.4	0.0213996
295.5	0.0213679
295.6	0.0213379
295.7	0.0213049
295.8	0.0212681
295.9	0.0212284
296	0.0211873
296.1	0.021141
296.2	0.0210973
296.3	0.0210537
296.4	0.0210146
296.5	0.0209801
296.6	0.0209461
296.7	0.0209152
296.8	0.0208855
296.9	0.0208552
297	0.0208185
297.1	0.0207809
297.2	0.02074
297.3	0.0206984
297.4	0.0206595
297.5	0.0206194
297.6	0.0205784
297.7	0.020544
297.8	0.0205142
297.9	0.0204899
298	0.0204681
298.1	0.0204495
298.2	0.0204304
298.3	0.0204148
298.4	0.0204062
298.5	0.0204009
298.6	0.0204006
298.7	0.0204047
298.8	0.0204107
298.9	0.0204197
299	0.0204267
299.1	0.0204297
299.2	0.0204336
299.3	0.0204366
299.4	0.0204358
299.5	0.0204387
299.6	0.0204423
299.7	0.0204425
299.8	0.0204429
299.9	0.0204383
300	0.0204344
300.1	0.0204294
300.2	0.0204223
300.3	0.0204112
300.4	0.0203977
300.5	0.0203881
300.6	0.0203784
300.7	0.0203677
300.8	0.0203569
300.9	0.0203501
301	0.0203462
301.1	0.0203453
301.2	0.0203493
301.3	0.0203566
301.4	0.0203684
301.5	0.0203819
301.6	0.0204005
301.7	0.0204213
301.8	0.020444
301.9	0.0204621
302	0.0204788
302.1	0.0204903
302.2	0.0204975
302.3	0.0205037
302.4	0.0205096
302.5	0.0205195
302.6	0.0205315
302.7	0.0205489
302.8	0.020571
302.9	0.0205954
303	0.020621
303.1	0.0206509
303.2	0.0206816
303.3	0.0207067
303.4	0.0207273
303.5	0.0207476
303.6	0.020767
303.7	0.0207897
303.8	0.0208146
303.9	0.0208431
304	0.0208704
304.1	0.0208971
304.2	0.0209222
304.3	0.0209492
304.4	0.0209785
304.5	0.0210094
304.6	0.0210396
304.7	0.0210679
304.8	0.0210934
304.9	0.0211143
305	0.0211328
305.1	0.0211484
305.2	0.0211608
305.3	0.0211733
305.4	0.0211839
305.5	0.0211947
305.6	0.0212028
305.7	0.0212065
305.8	0.0212099
305.9	0.0212168
306	0.0212271
306.1	0.0212389
306.2	0.0212499
306.3	0.0212601
306.4	0.0212707
306.5	0.0212831
306.6	0.0213011
306.7	0.0213244
306.8	0.0213549
306.9	0.021389
307	0.0214196
307.1	0.0214495
307.2	0.0214778
307.3	0.0215049
307.4	0.0215288
307.5	0.0215578
307.6	0.0215922
307.7	0.0216335
307.8	0.0216762
307.9	0.0217218
308	0.0217658
308.1	0.0218074
308.2	0.0218466
308.3	0.0218843
308.4	0.0219227
308.5	0.0219589
308.6	0.0219928
308.7	0.0220217
308.8	0.0220492
308.9	0.0220753
309	0.0220986
309.1	0.0221197
309.2	0.02214
309.3	0.0221627
309.4	0.022182
309.5	0.0221923
309.6	0.0221962
309.7	0.0221966
309.8	0.0221917
309.9	0.0221867
310	0.0221789
310.1	0.0221701
310.2	0.0221618
310.3	0.0221502
310.4	0.0221371
310.5	0.0221261
310.6	0.0221174
310.7	0.0221075
310.8	0.0220969
310.9	0.0220873
311	0.0220771
311.1	0.0220691
311.2	0.0220628
311.3	0.0220574
311.4	0.0220505
311.5	0.0220407
311.6	0.0220287
311.7	0.0220167
311.8	0.0220057
311.9	0.0219934
312	0.021977
312.1	0.0219597
312.2	0.0219404
312.3	0.021922
312.4	0.0219069
312.5	0.021892
312.6	0.0218789
312.7	0.0218664
312.8	0.0218525
312.9	0.0218373
313	0.0218205
313.1	0.0218024
313.2	0.0217821
313.3	0.0217579
313.4	0.0217279
313.5	0.0216912
313.6	0.0216521
313.7	0.021617
313.8	0.021591
313.9	0.021567
314	0.0215423
314.1	0.0215204
314.2	0.0215001
314.3	0.0214782
314.4	0.0214509
314.5	0.0214226
314.6	0.0213908
314.7	0.0213606
314.8	0.0213332
314.9	0.0213051
315	0.0212736
315.1	0.0212424
315.2	0.0212101
315.3	0.0211755
315.4	0.0211405
315.5	0.0211055
315.6	0.0210758
315.7	0.0210444
315.8	0.0210091
315.9	0.0209739
316	0.0209431
316.1	0.0209127
316.2	0.0208838
316.3	0.0208575
316.4	0.0208291
316.5	0.0207917
316.6	0.020751
316.7	0.0207094
316.8	0.0206688
316.9	0.020626
317	0.0205776
317.1	0.0205266
317.2	0.0204745
317.3	0.020422
317.4	0.0203706
317.5	0.0203177
317.6	0.020266
317.7	0.0202154
317.8	0.0201657
317.9	0.0201185
318	0.0200669
318.1	0.0200108
318.2	0.0199563
318.3	0.0199042
318.4	0.0198505
318.5	0.0197984
318.6	0.0197455
318.7	0.019693
318.8	0.0196376
318.9	0.0195742
319	0.0195101
319.1	0.0194464
319.2	0.0193851
319.3	0.0193222
319.4	0.0192601
319.5	0.0191957
319.6	0.0191294
319.7	0.019064
319.8	0.0190021
319.9	0.0189409
320	0.0188812
320.1	0.0188233
320.2	0.0187667
320.3	0.0187122
320.4	0.018657
320.5	0.0186017
320.6	0.0185451
320.7	0.0184906
320.8	0.0184374
320.9	0.0183855
321	0.0183328
321.1	0.0182857
321.2	0.018239
321.3	0.0181949
321.4	0.0181557
321.5	0.0181212
321.6	0.0180886
321.7	0.0180559
321.8	0.0180266
321.9	0.0180012
322	0.0179758
322.1	0.0179503
322.2	0.017929
322.3	0.0179101
322.4	0.0178922
322.5	0.017878
322.6	0.0178639
322.7	0.0178449
322.8	0.0178228
322.9	0.017799
323	0.0177768
323.1	0.0177536
323.2	0.0177344
323.3	0.0177196
323.4	0.0177023
323.5	0.0176808
323.6	0.0176591
323.7	0.0176355
323.8	0.0176114
323.9	0.0175853
324	0.0175569
324.1	0.0175237
324.2	0.0174955
324.3	0.0174733
324.4	0.0174513
324.5	0.0174279
324.6	0.0174066
324.7	0.0173801
324.8	0.0173508
324.9	0.0173158
325	0.0172828
325.1	0.0172473
325.2	0.0172089
325.3	0.0171719
325.4	0.0171345
325.5	0.0170942
325.6	0.0170506
325.7	0.0170036
325.8	0.0169566
325.9	0.0169109
326	0.0168675
326.1	0.0168289
326.2	0.0167973
326.3	0.016768
326.4	0.0167417
326.5	0.0167139
326.6	0.0166875
326.7	0.0166642
326.8	0.016641
326.9	0.0166194
327	0.0166024
327.1	0.0165846
327.2	0.0165657
327.3	0.0165449
327.4	0.0165204
327.5	0.0164939
327.6	0.0164626
327.7	0.0164252
327.8	0.0163831
327.9	0.0163391
328	0.0163002
328.1	0.0162656
328.2	0.0162326
328.3	0.0161994
328.4	0.0161695
328.5	0.0161384
328.6	0.0161078
328.7	0.0160747
328.8	0.0160384
328.9	0.0160018
329	0.0159648
329.1	0.0159272
329.2	0.0158881
329.3	0.0158472
329.4	0.0158065
329.5	0.0157648
329.6	0.0157205
329.7	0.0156742
329.8	0.0156281
329.9	0.0155826
330	0.0155325
330.1	0.0154765
330.2	0.01542
330.3	0.0153653
330.4	0.0153092
330.5	0.0152511
330.6	0.0151929
330.7	0.0151371
330.8	0.015086
330.9	0.0150372
331	0.014987
331.1	0.0149396
331.2	0.0148935
331.3	0.0148462
331.4	0.0147999
331.5	0.0147511
331.6	0.0147009
331.7	0.0146509
331.8	0.0145978
331.9	0.0145356
332	0.0144665
332.1	0.0143943
332.2	0.0143207
332.3	0.0142494
332.4	0.0141792
332.5	0.0141121
332.6	0.0140515
332.7	0.0139923
332.8	0.0139302
332.9	0.0138588
333	0.0137818
333.1	0.0137027
333.2	0.0136233
333.3	0.0135452
333.4	0.0134693
333.5	0.0133975
333.6	0.0133273
333.7	0.0132544
333.8	0.0131829
333.9	0.0131096
334	0.0130348
334.1	0.0129571
334.2	0.0128806
334.3	0.0128018
334.4	0.0127191
334.5	0.0126316
334.6	0.0125415
334.7	0.012452
334.8	0.0123658
334.9	0.0122763
335	0.0121873
335.1	0.0121021
335.2	0.0120184
335.3	0.0119345
335.4	0.0118546
335.5	0.0117731
335.6	0.0116946
335.7	0.0116181
335.8	0.0115441
335.9	0.0114722
336	0.0114011
336.1	0.0113257
336.2	0.0112512
336.3	0.0111732
336.4	0.0110919
336.5	0.01101
336.6	0.0109272
336.7	0.0108461
336.8	0.0107574
336.9	0.0106638
337	0.0105702
337.1	0.010475
337.2	0.0103788
337.3	0.0102808
337.4	0.0101769
337.5	0.0100708
337.6	0.00996528
337.7	0.00986412
337.8	0.00976907
337.9	0.00968474
338	0.00960073
338.1	0.00951696
338.2	0.00943569
338.3	0.00934982
338.4	0.00925884
338.5	0.00916865
338.6	0.00908618
338.7	0.00900815
338.8	0.00892802
338.9	0.00884975
339	0.00877744
339.1	0.00870017
339.2	0.00861985
339.3	0.00853959
339.4	0.00846773
339.5	0.00839336
339.6	0.00831742
339.7	0.00823839
339.8	0.0081593
339.9	0.00807734
340	0.00799307
340.1	0.00790772
340.2	0.00782231
340.3	0.00773202
340.4	0.0076429
340.5	0.00755663
340.6	0.00747311
340.7	0.00739281
340.8	0.00730826
340.9	0.00722261
341	0.00714082
341.1	0.00706357
341.2	0.00699055
341.3	0.00691845
341.4	0.00684933
341.5	0.00678531
341.6	0.00672649
341.7	0.00667342
341.8	0.00661894
341.9	0.00656669
342	0.00651443
342.1	0.00646675
342.2	0.00642096
342.3	0.00637956
342.4	0.00633683
342.5	0.00629492
342.6	0.00625706
342.7	0.00622034
342.8	0.00618155
342.9	0.00613917
343	0.0060934
343.1	0.00604452
343.2	0.00599781
343.3	0.00594903
343.4	0.00589755
343.5	0.00584256
343.6	0.00579221
343.7	0.00574277
343.8	0.00569263
343.9	0.00564435
344	0.00559401
344.1	0.0055419
344.2	0.00549473
344.3	0.00544696
344.4	0.00540079
344.5	0.00535213
344.6	0.0053028
344.7	0.00525755
344.8	0.0052125
344.9	0.00517007
345	0.00513049
345.1	0.0050891
345.2	0.00505027
345.3	0.00501144
345.4	0.00497207
345.5	0.00492943
345.6	0.00489
345.7	0.00485322
345.8	0.00481731
345.9	0.00478144
346	0.00474638
346.1	0.00471499
346.2	0.00468206
346.3	0.00465053
346.4	0.00462576
346.5	0.00460402
346.6	0.00458189
346.7	0.00455797
346.8	0.00453164
346.9	0.00450403
347	0.00447516
347.1	0.00444518
347.2	0.00442055
347.3	0.00439878
347.4	0.00437887
347.5	0.00435796
347.6	0.00433845
347.7	0.00431673
347.8	0.00429042
347.9	0.00425865
348	0.00421588
348.1	0.00416691
348.2	0.00411785
348.3	0.00406998
348.4	0.00402155
348.5	0.00397014
348.6	0.00391796
348.7	0.00386544
348.8	0.00381239
348.9	0.00375968
349	0.00370392
349.1	0.00364733
349.2	0.00359236
349.3	0.00353583
349.4	0.00348464
349.5	0.00343659
349.6	0.00339047
349.7	0.00334608
349.8	0.0033031
349.9	0.00325669
350	0.00320882
350.1	0.00315919
350.2	0.00310909
350.3	0.00305865
350.4	0.00301239
350.5	0.00297119
350.6	0.00293652
350.7	0.00290737
350.8	0.00288155
350.9	0.00285453
351	0.00282732
351.1	0.00279988
351.2	0.00276976
351.3	0.00274033
351.4	0.00271332
351.5	0.00269336
351.6	0.00268084
351.7	0.00267383
351.8	0.00267186
351.9	0.00266929
352	0.00266833
352.1	0.00266666
352.2	0.00266051
352.3	0.00265274
352.4	0.0026402
352.5	0.00261922
352.6	0.00259607
352.7	0.00257323
352.8	0.00255329
352.9	0.00253636
353	0.00252335
353.1	0.00250987
353.2	0.0024972
353.3	0.00248313
353.4	0.00246535
353.5	0.00244304
353.6	0.00241607
353.7	0.00238894
353.8	0.00236377
353.9	0.00234132
354	0.00232406
354.1	0.0023093
354.2	0.00229504
354.3	0.00228177
354.4	0.00226842
354.5	0.00225327
354.6	0.00223375
354.7	0.00221121
354.8	0.00219035
354.9	0.0021722
355	0.00215699
355.1	0.00214442
355.2	0.00213258
355.3	0.00211585
355.4	0.00209334
355.5	0.00207446
355.6	0.00206011
355.7	0.00205195
355.8	0.00204739
355.9	0.00204543
356	0.00204123
356.1	0.00203635
356.2	0.00202846
356.3	0.00201659
356.4	0.00200033
356.5	0.00198209
356.6	0.00196315
356.7	0.00194183
356.8	0.00191786
356.9	0.00189148
357	0.00186363
357.1	0.00183636
357.2	0.00180773
357.3	0.00177825
357.4	0.00175349
357.5	0.00173101
357.6	0.00170561
357.7	0.00167633
357.8	0.00164541
357.9	0.00161851
358	0.00159634
358.1	0.00157396
358.2	0.00155355
358.3	0.00152834
358.4	0.00150232
358.5	0.00147542
358.6	0.00144909
358.7	0.00142821
358.8	0.0014074
358.9	0.00138712
359	0.00136669
359.1	0.00133969
359.2	0.00131216
359.3	0.00127935
359.4	0.00124307
359.5	0.00120473
359.6	0.00116584
359.7	0.00112398
359.8	0.0010839
359.9	0.00104356
360	0.00100603
360.1	0.000975891
360.2	0.000949874
360.3	0.000924534
360.4	0.000892218
360.5	0.000855158
360.6	0.00081179
360.7	0.000763786
360.8	0.000707888
360.9	0.000651428
361	0.000594716
361.1	0.000535128
361.2	0.000474914
361.3	0.000416889
361.4	0.000361452
361.5	0.000308157
361.6	0.000257186
361.7	0.000212019
361.8	0.000169536
361.9	0.00013202
362	9.37673e-05
362.1	5.83182e-05
362.2	2.69256e-05
362.3	-1.3045e-06
362.4	-3.03158e-05
362.5	-5.93924e-05
362.6	-8.4191e-05
362.7	-0.000109719
362.8	-0.000133648
362.9	-0.000163546
363	-0.00019178
363.1	-0.000223677
363.2	-0.000260694
363.3	-0.000302403
363.4	-0.000342569
363.5	-0.000380699
363.6	-0.000420329
363.7	-0.000457019
363.8	-0.000497075
363.9	-0.000540949
364	-0.000580838
364.1	-0.000611767
364.2	-0.000641437
364.3	-0.000667933
364.4	-0.00068839
364.5	-0.000710054
364.6	-0.000734175
364.7	-0.000758222
364.8	-0.000781547
364.9	-0.00080296
365	-0.000825679
365.1	-0.000853198
365.2	-0.000881962
365.3	-0.00091347
365.4	-0.000943594
365.5	-0.00097065
365.6	-0.000997109
365.7	-0.00102149
365.8	-0.00105383
365.9	-0.00109184
366	-0.00112933
366.1	-0.00116722
366.2	-0.0012046
366.3	-0.00123554
366.4	-0.0012665
366.5	-0.00129512
366.6	-0.00132205
366.7	-0.0013492
366.8	-0.00137948
366.9	-0.00140675
367	-0.00143391
367.1	-0.00146187
367.2	-0.00149461
367.3	-0.00153416
367.4	-0.00158019
367.5	-0.00162077
367.6	-0.00166095
367.7	-0.00169708
367.8	-0.00173358
367.9	-0.00176763
368	-0.00180191
368.1	-0.001838
368.2	-0.00187764
368.3	-0.00192192
368.4	-0.00196589
368.5	-0.00200942
368.6	-0.00205329
368.7	-0.002093
368.8	-0.00213134
368.9	-0.00216447
369	-0.00219105
369.1	-0.00221402
369.2	-0.0022364
369.3	-0.00225826
369.4	-0.00228558
369.5	-0.00231553
369.6	-0.00234095
369.7	-0.00236599
369.8	-0.00239022
369.9	-0.00241337
370	-0.00243428
370.1	-0.00246039
370.2	-0.00249294
370.3	-0.00252794
370.4	-0.00256871
370.5	-0.00261734
370.6	-0.00267187
370.7	-0.00273075
370.8	-0.00278838
370.9	-0.00284558
371	-0.00290689
371.1	-0.00297347
371.2	-0.00304344
371.3	-0.00311367
371.4	-0.00318531
371.5	-0.00326042
371.6	-0.00333272
371.7	-0.00340413
371.8	-0.0034735
371.9	-0.00353686
372	-0.00359783
372.1	-0.00365188
372.2	-0.00370103
372.3	-0.00375461
372.4	-0.00380999
372.5	-0.00386279
372.6	-0.00391342
372.7	-0.00396223
372.8	-0.00401468
372.9	-0.00406791
373	-0.0041226
373.1	-0.0041774
373.2	-0.00422663
373.3	-0.00427266
373.4	-0.00431884
373.5	-0.00436879
373.6	-0.0044171
373.7	-0.00446484
373.8	-0.004512
373.9	-0.00456066
374	-0.00460633
374.1	-0.00465287
374.2	-0.00469636
374.3	-0.00474195
374.4	-0.00478479
374.5	-0.00482781
374.6	-0.00487001
374.7	-0.00491255
374.8	-0.00495583
374.9	-0.00499392
375	-0.00503267
375.1	-0.00507493
375.2	-0.00512076
375.3	-0.00517276
375.4	-0.00522774
375.5	-0.00528269
375.6	-0.00533821
375.7	-0.00539463
375.8	-0.00545463
375.9	-0.00551681
376	-0.00557899
376.1	-0.00564076
376.2	-0.00570318
376.3	-0.00575907
376.4	-0.00581319
376.5	-0.00587021
376.6	-0.00593274
376.7	-0.00599547
376.8	-0.0060572
376.9	-0.00611768
377	-0.00618101
377.1	-0.00624286
377.2	-0.00630435
377.3	-0.00636711
377.4	-0.00643003
377.5	-0.00649134
377.6	-0.00655555
377.7	-0.00661987
377.8	-0.00667982
377.9	-0.00673548
378	-0.00679353
378.1	-0.00685322
378.2	-0.00691569
378.3	-0.00697467
378.4	-0.00703524
378.5	-0.00709985
378.6	-0.00716413
378.7	-0.00723176
378.8	-0.00730125
378.9	-0.00736963
379	-0.0074363
379.1	-0.00750577
379.2	-0.00758107
379.3	-0.00765974
379.4	-0.00773985
379.5	-0.00781698
379.6	-0.00789381
379.7	-0.00797201
379.8	-0.00805066
379.9	-0.00813089
380	-0.00821159
380.1	-0.00828969
380.2	-0.00837078
380.3	-0.00845388
380.4	-0.00853615
380.5	-0.00861724
380.6	-0.00869298
380.7	-0.00876952
380.8	-0.00884973
380.9	-0.00893101
381	-0.00901331
381.1	-0.0090916
381.2	-0.00916806
381.3	-0.00923796
381.4	-0.00930757
381.5	-0.00937578
381.6	-0.00943638
381.7	-0.00949214
381.8	-0.00954259
381.9	-0.00958766
382	-0.00962855
382.1	-0.00967098
382.2	-0.00971822
382.3	-0.0097694
382.4	-0.00982313
382.5	-0.00987248
382.6	-0.00991747
382.7	-0.00995829
382.8	-0.00999761
382.9	-0.0100407
383	-0.0100824
383.1	-0.0101241
383.2	-0.0101579
383.3	-0.01019
383.4	-0.0102183
383.5	-0.010247
383.6	-0.0102774
383.7	-0.0103085
383.8	-0.0103417
383.9	-0.0103789
384	-0.0104181
384.1	-0.0104562
384.2	-0.0104979
384.3	-0.0105403
384.4	-0.0105822
384.5	-0.0106247
384.6	-0.0106655
384.7	-0.0107018
384.8	-0.0107396
384.9	-0.0107759
385	-0.0108125
385.1	-0.0108528
385.2	-0.0109005
385.3	-0.0109578
385.4	-0.0110164
385.5	-0.011081
385.6	-0.0111505
385.7	-0.011223
385.8	-0.0112967
385.9	-0.0113702
386	-0.0114446
386.1	-0.011523
386.2	-0.0115978
386.3	-0.0116683
386.4	-0.0117348
386.5	-0.0118033
386.6	-0.0118704
386.7	-0.0119397
386.8	-0.0120074
386.9	-0.0120811
387	-0.0121576
387.1	-0.0122377
387.2	-0.0123173
387.3	-0.012397
387.4	-0.0124724
387.5	-0.0125394
387.6	-0.0125983
387.7	-0.0126533
387.8	-0.0127066
387.9	-0.0127581
388	-0.0128091
388.1	-0.0128583
388.2	-0.0129087
388.3	-0.0129605
388.4	-0.0130093
388.5	-0.0130576
388.6	-0.0131021
388.7	-0.0131396
388.8	-0.0131707
388.9	-0.013207
389	-0.0132435
389.1	-0.0132815
389.2	-0.013319
389.3	-0.0133542
389.4	-0.0133839
389.5	-0.0134092
389.6	-0.0134361
389.7	-0.0134651
389.8	-0.0134995
389.9	-0.0135353
390	-0.013566
390.1	-0.0135961
390.2	-0.0136313
390.3	-0.0136678
390.4	-0.0137028
390.5	-0.0137346
390.6	-0.0137613
390.7	-0.0137864
390.8	-0.0138093
390.9	-0.0138335
391	-0.0138589
391.1	-0.0138864
391.2	-0.0139151
391.3	-0.0139416
391.4	-0.0139681
391.5	-0.0139982
391.6	-0.0140304
391.7	-0.0140612
391.8	-0.0140891
391.9	-0.014118
392	-0.0141452
392.1	-0.0141722
392.2	-0.0141951
392.3	-0.014216
392.4	-0.014236
392.5	-0.0142569
392.6	-0.0142772
392.7	-0.0142986
392.8	-0.0143171
392.9	-0.0143324
393	-0.014343
393.1	-0.0143522
393.2	-0.0143536
393.3	-0.0143521
393.4	-0.0143508
393.5	-0.0143487
393.6	-0.0143489
393.7	-0.0143484
393.8	-0.014342
393.9	-0.0143301
394	-0.0143151
394.1	-0.0142995
394.2	-0.0142827
394.3	-0.0142668
394.4	-0.0142566
394.5	-0.014248
394.6	-0.0142411
394.7	-0.014231
394.8	-0.01422
394.9	-0.0142105
395	-0.0142071
395.1	-0.0142052
395.2	-0.0142058
395.3	-0.0142055
395.4	-0.0142086
395.5	-0.0142121
395.6	-0.0142199
395.7	-0.0142312
395.8	-0.014242
395.9	-0.0142564
396	-0.0142681
396.1	-0.0142783
396.2	-0.0142891
396.3	-0.0143058
396.4	-0.0143229
396.5	-0.0143423
396.6	-0.0143619
396.7	-0.0143791
396.8	-0.0143941
396.9	-0.0144124
397	-0.0144375
397.1	-0.0144647
397.2	-0.0144922
397.3	-0.014521
397.4	-0.0145489
397.5	-0.0145772
397.6	-0.0146034
397.7	-0.0146237
397.8	-0.0146446
397.9	-0.0146651
398	-0.0146895
398.1	-0.0147105
398.2	-0.0147335
398.3	-0.0147528
398.4	-0.0147747
398.5	-0.0147953
398.6	-0.014813
398.7	-0.0148281
398.8	-0.0148448
398.9	-0.0148642
399	-0.0148847
399.1	-0.0149075
399.2	-0.0149316
399.3	-0.014959
399.4	-0.0149878
399.5	-0.0150137
399.6	-0.0150421
399.7	-0.0150699
399.8	-0.0150916
399.9	-0.0151122
400	-0.0151343
400.1	-0.015157
400.2	-0.0151784
400.3	-0.015203
400.4	-0.0152267
400.5	-0.0152483
400.6	-0.0152712
400.7	-0.0153041
400.8	-0.0153422
400.9	-0.0153779
401	-0.0154107
401.1	-0.0154411
401.2	-0.0154755
401.3	-0.0155124
401.4	-0.0155441
401.5	-0.0155736
401.6	-0.0156011
401.7	-0.0156275
401.8	-0.0156568
401.9	-0.0156896
402	-0.0157259
402.1	-0.0157653
402.2	-0.0158022
402.3	-0.0158406
402.4	-0.0158772
402.5	-0.0159127
402.6	-0.0159453
402.7	-0.0159755
402.8	-0.0160064
402.9	-0.0160367
403	-0.0160679
403.1	-0.0161002
403.2	-0.0161345
403.3	-0.0161713
403.4	-0.0162138
403.5	-0.0162535
403.6	-0.0162907
403.7	-0.0163213
403.8	-0.0163446
403.9	-0.0163625
404	-0.0163792
404.1	-0.0163933
404.2	-0.0164087
404.3	-0.0164247
404.4	-0.0164406
404.5	-0.0164568
404.6	-0.0164782
404.7	-0.0165047
404.8	-0.0165291
404.9	-0.0165554
405	-0.016586
405.1	-0.0166125
405.2	-0.0166352
405.3	-0.0166543
405.4	-0.0166705
405.5	-0.0166868
405.6	-0.0167012
405.7	-0.0167173
405.8	-0.0167356
405.9	-0.0167581
406	-0.0167849
406.1	-0.0168129
406.2	-0.0168362
406.3	-0.0168538
406.4	-0.0168713
406.5	-0.0168868
406.6	-0.0168957
406.7	-0.0169015
406.8	-0.0169073
406.9	-0.0169153
407	-0.0169233
407.1	-0.0169306
407.2	-0.0169387
407.3	-0.0169467
407.4	-0.0169532
407.5	-0.0169586
407.6	-0.0169651
407.7	-0.0169721
407.8	-0.0169759
407.9	-0.0169796
408	-0.0169801
408.1	-0.0169825
408.2	-0.0169854
408.3	-0.0169875
408.4	-0.0169885
408.5	-0.016987
408.6	-0.0169847
408.7	-0.0169791
408.8	-0.0169681
408.9	-0.0169522
409	-0.0169358
409.1	-0.0169205
409.2	-0.0169018
409.3	-0.0168794
409.4	-0.0168504
409.5	-0.0168156
409.6	-0.0167759
409.7	-0.0167351
409.8	-0.0166941
409.9	-0.0166487
410	-0.016601
410.1	-0.0165517
410.2	-0.0165021
410.3	-0.0164544
410.4	-0.0164106
410.5	-0.0163692
410.6	-0.0163285
410.7	-0.0162852
410.8	-0.0162412
410.9	-0.0162054
411	-0.0161737
411.1	-0.0161501
411.2	-0.0161341
411.3	-0.0161224
411.4	-0.0161124
411.5	-0.016109
411.6	-0.0161109
411.7	-0.016118
411.8	-0.0161229
411.9	-0.0161278
412	-0.0161342
412.1	-0.0161374
412.2	-0.0161369
412.3	-0.0161319
412.4	-0.0161265
412.5	-0.0161158
412.6	-0.0160978
412.7	-0.016075
412.8	-0.0160466
412.9	-0.0160191
413	-0.0159935
413.1	-0.0159695
413.2	-0.015951
413.3	-0.0159347
413.4	-0.0159142
413.5	-0.0158894
413.6	-0.0158626
413.7	-0.0158442
413.8	-0.0158348
413.9	-0.0158314
414	-0.0158308
414.1	-0.0158302
414.2	-0.0158385
414.3	-0.0158512
414.4	-0.01587
414.5	-0.0158974
414.6	-0.0159295
414.7	-0.0159635
414.8	-0.0160025
414.9	-0.0160443
415	-0.016083
415.1	-0.0161231
415.2	-0.0161654
415.3	-0.0162062
415.4	-0.0162506
415.5	-0.0162956
415.6	-0.0163403
415.7	-0.0163878
415.8	-0.0164327
415.9	-0.0164782
416	-0.0165252
416.1	-0.0165741
416.2	-0.0166285
416.3	-0.016689
416.4	-0.0167504
416.5	-0.0168139
416.6	-0.0168804
416.7	-0.0169469
416.8	-0.0170106
416.9	-0.0170699
417	-0.0171248
417.1	-0.0171795
417.2	-0.0172332
417.3	-0.0172851
417.4	-0.017336
417.5	-0.0173847
417.6	-0.0174292
417.7	-0.0174734
417.8	-0.0175162
417.9	-0.0175578
418	-0.0175926
418.1	-0.0176251
418.2	-0.0176606
418.3	-0.0176951
418.4	-0.0177327
418.5	-0.0177703
418.6	-0.0178109
418.7	-0.0178511
418.8	-0.0178909
418.9	-0.0179328
419	-0.0179814
419.1	-0.0180339
419.2	-0.018087
419.3	-0.0181419
419.4	-0.0181962
419.5	-0.0182503
419.6	-0.0183003
419.7	-0.0183439
419.8	-0.0183812
419.9	-0.0184177
420	-0.0184555
420.1	-0.0184935
420.2	-0.0185286
420.3	-0.018561
420.4	-0.0185873
420.5	-0.0186174
420.6	-0.0186517
420.7	-0.0186866
420.8	-0.0187201
420.9	-0.0187533
421	-0.0187831
421.1	-0.0188135
421.2	-0.0188383
421.3	-0.0188621
421.4	-0.0188861
421.5	-0.0189144
421.6	-0.0189454
421.7	-0.0189743
421.8	-0.0190039
421.9	-0.0190362
422	-0.0190687
422.1	-0.0191071
422.2	-0.0191393
422.3	-0.0191692
422.4	-0.0191982
422.5	-0.0192263
422.6	-0.0192568
422.7	-0.0192888
422.8	-0.0193287
422.9	-0.019377
423	-0.0194293
423.1	-0.0194814
423.2	-0.0195304
423.3	-0.0195781
423.4	-0.0196287
423.5	-0.0196815
423.6	-0.0197318
423.7	-0.0197755
423.8	-0.0198127
423.9	-0.0198504
424	-0.019888
424.1	-0.0199252
424.2	-0.0199603
424.3	-0.0199933
424.4	-0.0200254
424.5	-0.0200572
424.6	-0.0200884
424.7	-0.0201161
424.8	-0.020148
424.9	-0.0201832
425	-0.0202184
425.1	-0.0202511
425.2	-0.0202853
425.3	-0.0203157
425.4	-0.020347
425.5	-0.0203849
425.6	-0.0204278
425.7	-0.0204695
425.8	-0.0205078
425.9	-0.0205427
426	-0.0205737
426.1	-0.0206048
426.2	-0.0206369
426.3	-0.0206674
426.4	-0.0206965
426.5	-0.0207237
426.6	-0.020749
426.7	-0.0207768
426.8	-0.0208027
426.9	-0.0208236
427	-0.0208366
427.1	-0.0208449
427.2	-0.020852
427.3	-0.0208535
427.4	-0.020851
427.5	-0.0208448
427.6	-0.0208389
427.7	-0.0208329
427.8	-0.0208279
427.9	-0.0208219
428	-0.0208122
428.1	-0.0207984
428.2	-0.0207802
428.3	-0.0207602
428.4	-0.0207425
428.5	-0.0207281
428.6	-0.0207144
428.7	-0.0206967
428.8	-0.0206757
428.9	-0.0206553
429	-0.020636
429.1	-0.0206184
429.2	-0.0206025
429.3	-0.0205899
429.4	-0.0205744
429.5	-0.0205522
429.6	-0.0205259
429.7	-0.0204999
429.8	-0.0204785
429.9	-0.0204577
430	-0.0204337
430.1	-0.0204051
430.2	-0.020375
430.3	-0.0203348
430.4	-0.0202885
430.5	-0.0202406
430.6	-0.0201986
430.7	-0.020156
430.8	-0.0201118
430.9	-0.0200659
431	-0.0200189
431.1	-0.0199712
431.2	-0.0199257
431.3	-0.019883
431.4	-0.0198437
431.5	-0.0198054
431.6	-0.019766
431.7	-0.0197232
431.8	-0.019682
431.9	-0.0196425
432	-0.0196015
432.1	-0.0195596
432.2	-0.0195193
432.3	-0.0194755
432.4	-0.0194315
432.5	-0.0193908
432.6	-0.0193504
432.7	-0.0193122
432.8	-0.0192738
432.9	-0.019238
433	-0.0192033
433.1	-0.0191723
433.2	-0.0191507
433.3	-0.0191357
433.4	-0.0191255
433.5	-0.0191128
433.6	-0.0190985
433.7	-0.019084
433.8	-0.0190684
433.9	-0.0190483
434	-0.0190303
434.1	-0.0190132
434.2	-0.0189965
434.3	-0.0189793
434.4	-0.0189623
434.5	-0.018945
434.6	-0.0189253
434.7	-0.0189069
434.8	-0.0188887
434.9	-0.0188688
435	-0.0188469
435.1	-0.0188234
435.2	-0.0187937
435.3	-0.0187604
435.4	-0.0187273
435.5	-0.0186922
435.6	-0.0186563
435.7	-0.0186236
435.8	-0.0185943
435.9	-0.0185666
436	-0.018547
436.1	-0.0185288
436.2	-0.0185066
436.3	-0.0184848
436.4	-0.018465
436.5	-0.0184523
436.6	-0.0184395
436.7	-0.0184257
436.8	-0.0184127
436.9	-0.018402
437	-0.0183937
437.1	-0.0183828
437.2	-0.0183738
437.3	-0.0183646
437.4	-0.0183556
437.5	-0.0183468
437.6	-0.0183379
437.7	-0.0183249
437.8	-0.0183065
437.9	-0.0182846
438	-0.0182585
438.1	-0.0182341
438.2	-0.0182089
438.3	-0.0181792
438.4	-0.0181424
438.5	-0.0181054
438.6	-0.0180748
438.7	-0.0180453
438.8	-0.0180171
438.9	-0.0179901
439	-0.0179645
439.1	-0.0179398
439.2	-0.0179098
439.3	-0.017877
439.4	-0.0178479
439.5	-0.0178187
439.6	-0.0177901
439.7	-0.0177662
439.8	-0.0177472
439.9	-0.0177295
440	-0.0177127
440.1	-0.0176993
440.2	-0.017688
440.3	-0.017676
440.4	-0.0176681
440.5	-0.0176632
440.6	-0.0176569
440.7	-0.0176427
440.8	-0.0176218
440.9	-0.0175996
441	-0.0175727
441.1	-0.0175395
441.2	-0.0175036
441.3	-0.0174638
441.4	-0.017418
441.5	-0.0173758
441.6	-0.0173339
441.7	-0.0172913
441.8	-0.0172489
441.9	-0.0172045
442	-0.0171553
442.1	-0.0171031
442.2	-0.0170452
442.3	-0.0169897
442.4	-0.0169348
442.5	-0.0168778
442.6	-0.016822
442.7	-0.016768
442.8	-0.0167187
442.9	-0.0166672
443	-0.0166139
443.1	-0.0165587
443.2	-0.0165054
443.3	-0.0164541
443.4	-0.016406
443.5	-0.0163599
443.6	-0.0163142
443.7	-0.0162648
443.8	-0.0162166
443.9	-0.0161708
444	-0.016126
444.1	-0.0160844
444.2	-0.0160435
444.3	-0.0160023
444.4	-0.0159584
444.5	-0.015917
444.6	-0.0158775
444.7	-0.0158353
444.8	-0.015793
444.9	-0.0157502
445	-0.0157049
445.1	-0.0156614
445.2	-0.015617
445.3	-0.0155765
445.4	-0.0155368
445.5	-0.0154951
445.6	-0.0154537
445.7	-0.0154145
445.8	-0.0153792
445.9	-0.0153478
446	-0.0153171
446.1	-0.0152872
446.2	-0.0152564
446.3	-0.0152212
446.4	-0.0151803
446.5	-0.0151342
446.6	-0.015084
446.7	-0.0150275
446.8	-0.0149708
446.9	-0.0149182
447	-0.0148633
447.1	-0.0148084
447.2	-0.0147536
447.3	-0.0146935
447.4	-0.0146287
447.5	-0.0145611
447.6	-0.0144929
447.7	-0.0144264
447.8	-0.0143598
447.9	-0.0142945
448	-0.0142342
448.1	-0.0141754
448.2	-0.014115
448.3	-0.0140533
448.4	-0.0139899
448.5	-0.0139269
448.6	-0.0138663
448.7	-0.0138055
448.8	-0.013741
448.9	-0.0136711
449	-0.0136018
449.1	-0.0135325
449.2	-0.0134686
449.3	-0.0134056
449.4	-0.0133462
449.5	-0.0132881
449.6	-0.0132361
449.7	-0.013188
449.8	-0.0131391
449.9	-0.0130859
450	-0.0130348
450.1	-0.0129863
450.2	-0.0129404
450.3	-0.0128922
450.4	-0.0128423
450.5	-0.0127949
450.6	-0.0127513
450.7	-0.0127073
450.8	-0.0126652
450.9	-0.012622
451	-0.0125769
451.1	-0.0125311
451.2	-0.012481
451.3	-0.0124314
451.4	-0.0123814
451.5	-0.012336
451.6	-0.0122887
451.7	-0.0122423
451.8	-0.0121977
451.9	-0.0121549
452	-0.0121119
452.1	-0.0120675
452.2	-0.0120204
452.3	-0.0119775
452.4	-0.0119361
452.5	-0.0118923
452.6	-0.0118464
452.7	-0.0118016
452.8	-0.0117567
452.9	-0.0117121
453	-0.0116662
453.1	-0.0116214
453.2	-0.011578
453.3	-0.011538
453.4	-0.0114963
453.5	-0.0114507
453.6	-0.0113979
453.7	-0.0113409
453.8	-0.0112822
453.9	-0.011222
454	-0.0111627
454.1	-0.0111027
454.2	-0.0110446
454.3	-0.0109874
454.4	-0.0109313
454.5	-0.0108753
454.6	-0.0108188
454.7	-0.0107626
454.8	-0.0107067
454.9	-0.0106509
455	-0.0105983
455.1	-0.0105472
455.2	-0.0104957
455.3	-0.0104442
455.4	-0.0103906
455.5	-0.0103403
455.6	-0.010293
455.7	-0.0102495
455.8	-0.0102064
455.9	-0.0101629
456	-0.0101168
456.1	-0.0100736
456.2	-0.0100303
456.3	-0.00998307
456.4	-0.00992921
456.5	-0.00987291
456.6	-0.00981688
456.7	-0.00975733
456.8	-0.00970124
456.9	-0.00964807
457	-0.0096033
457.1	-0.00956515
457.2	-0.00952517
457.3	-0.00948824
457.4	-0.00945709
457.5	-0.00942849
457.6	-0.0093989
457.7	-0.00936708
457.8	-0.00933449
457.9	-0.0092995
458	-0.00926313
458.1	-0.00922477
458.2	-0.00918415
458.3	-0.00914112
458.4	-0.00909706
458.5	-0.00905009
458.6	-0.0090018
458.7	-0.00894999
458.8	-0.00889078
458.9	-0.00882471
459	-0.00875166
459.1	-0.00867769
459.2	-0.00860664
459.3	-0.00853872
459.4	-0.00847044
459.5	-0.00840206
459.6	-0.00833593
459.7	-0.00827058
459.8	-0.00820355
459.9	-0.00814292
460	-0.00808486
460.1	-0.00802767
460.2	-0.007972
460.3	-0.0079201
460.4	-0.00786787
460.5	-0.00782006
460.6	-0.00777936
460.7	-0.00773913
460.8	-0.00769994
460.9	-0.00766452
461	-0.00762591
461.1	-0.00758792
461.2	-0.00755159
461.3	-0.00751913
461.4	-0.00748826
461.5	-0.0074612
461.6	-0.00743302
461.7	-0.00740698
461.8	-0.00738422
461.9	-0.00736367
462	-0.00735056
462.1	-0.00733996
462.2	-0.00732913
462.3	-0.00731508
462.4	-0.00729535
462.5	-0.00727049
462.6	-0.00724208
462.7	-0.00721084
462.8	-0.00718275
462.9	-0.00715781
463	-0.00713371
463.1	-0.00710594
463.2	-0.00707381
463.3	-0.00704076
463.4	-0.0070074
463.5	-0.00696991
463.6	-0.00692839
463.7	-0.00688447
463.8	-0.00684237
463.9	-0.00680195
464	-0.00676379
464.1	-0.00672819
464.2	-0.00669434
464.3	-0.00665624
464.4	-0.00661826
464.5	-0.00657687
464.6	-0.00653408
464.7	-0.0064911
464.8	-0.00644861
464.9	-0.00640545
465	-0.00636323
465.1	-0.00632115
465.2	-0.00627848
465.3	-0.00624012
465.4	-0.00620544
465.5	-0.00617087
465.6	-0.00613578
465.7	-0.00610133
465.8	-0.00606877
465.9	-0.00603651
466	-0.00599992
466.1	-0.00596303
466.2	-0.00592571
466.3	-0.00589007
466.4	-0.00586125
466.5	-0.00583775
466.6	-0.00581614
466.7	-0.0057973
466.8	-0.00577628
466.9	-0.00574941
467	-0.00571829
467.1	-0.00568519
467.2	-0.00565183
467.3	-0.00561653
467.4	-0.00558205
467.5	-0.00555097
467.6	-0.00552438
467.7	-0.00549881
467.8	-0.00546791
467.9	-0.00543143
468	-0.00539411
468.1	-0.00536178
468.2	-0.00533459
468.3	-0.0053048
468.4	-0.00527378
468.5	-0.00523945
468.6	-0.00520263
468.7	-0.00516926
468.8	-0.00514407
468.9	-0.00512758
469	-0.00511598
469.1	-0.00511252
469.2	-0.00511467
469.3	-0.00512003
469.4	-0.00512714
469.5	-0.00513511
469.6	-0.00514762
469.7	-0.00516373
469.8	-0.00518301
469.9	-0.00520646
470	-0.00522796
470.1	-0.0052456
470.2	-0.005259
470.3	-0.0052721
470.4	-0.00528804
470.5	-0.00530807
470.6	-0.00533017
470.7	-0.00535351
470.8	-0.00537735
470.9	-0.00540375
471	-0.00543397
471.1	-0.005465
471.2	-0.00549605
471.3	-0.00552875
471.4	-0.00555907
471.5	-0.00558349
471.6	-0.00560449
471.7	-0.0056211
471.8	-0.00563516
471.9	-0.00564846
472	-0.00566043
472.1	-0.00567189
472.2	-0.00568574
472.3	-0.00570274
472.4	-0.00572314
472.5	-0.00574684
472.6	-0.00577373
472.7	-0.00579722
472.8	-0.00582001
472.9	-0.00584256
473	-0.00586496
473.1	-0.00588816
473.2	-0.00590784
473.3	-0.0059255
473.4	-0.00594241
473.5	-0.00596018
473.6	-0.00597427
473.7	-0.0059861
473.8	-0.00599756
473.9	-0.00600468
474	-0.00601038
474.1	-0.00601083
474.2	-0.00601002
474.3	-0.00601385
474.4	-0.00601888
474.5	-0.00602813
474.6	-0.00603486
474.7	-0.00603905
474.8	-0.006041
474.9	-0.00604102
475	-0.00604159
475.1	-0.006041
475.2	-0.00603932
475.3	-0.00603781
475.4	-0.00603839
475.5	-0.00604196
475.6	-0.0060425
475.7	-0.00603899
475.8	-0.0060322
475.9	-0.00601782
476	-0.00600065
476.1	-0.00598579
476.2	-0.00597429
476.3	-0.00595859
476.4	-0.00593413
476.5	-0.00590633
476.6	-0.0058778
476.7	-0.00584617
476.8	-0.00580954
476.9	-0.00577068
477	-0.00572789
477.1	-0.00568165
477.2	-0.00563539
477.3	-0.00559181
477.4	-0.00554539
477.5	-0.00549851
477.6	-0.00545246
477.7	-0.00540726
477.8	-0.00535726
477.9	-0.00529885
478	-0.00523667
478.1	-0.00518081
478.2	-0.0051282
478.3	-0.00508092
478.4	-0.00503674
478.5	-0.00499476
478.6	-0.00495408
478.7	-0.00491619
478.8	-0.00488283
478.9	-0.00485368
479	-0.00482762
479.1	-0.00480036
479.2	-0.00477449
479.3	-0.00474768
479.4	-0.00472095
479.5	-0.00469348
479.6	-0.00467038
479.7	-0.00464414
479.8	-0.00461958
479.9	-0.00459942
480	-0.00458614
480.1	-0.00457382
480.2	-0.00455993
480.3	-0.00455018
480.4	-0.00454082
480.5	-0.00453153
480.6	-0.00452481
480.7	-0.00452417
480.8	-0.00452486
480.9	-0.00452748
481	-0.0045292
481.1	-0.00453037
481.2	-0.00453429
481.3	-0.00454426
481.4	-0.00455366
481.5	-0.00456335
481.6	-0.00457463
481.7	-0.00458517
481.8	-0.00459574
481.9	-0.00460746
482	-0.00461986
482.1	-0.00463272
482.2	-0.00464456
482.3	-0.00465605
482.4	-0.00466775
482.5	-0.00467898
482.6	-0.00468858
482.7	-0.00469416
482.8	-0.00469919
482.9	-0.00470386
483	-0.00470518
483.1	-0.00470142
483.2	-0.00469756
483.3	-0.00468879
483.4	-0.00467016
483.5	-0.00465062
483.6	-0.00463199
483.7	-0.00461622
483.8	-0.00459954
483.9	-0.00458338
484	-0.00456601
484.1	-0.00455037
484.2	-0.00453188
484.3	-0.00451044
484.4	-0.00448566
484.5	-0.00446087
484.6	-0.00443347
484.7	-0.0044028
484.8	-0.00436329
484.9	-0.00432056
485	-0.00427492
485.1	-0.00422974
485.2	-0.00418836
485.3	-0.00415391
485.4	-0.00411978
485.5	-0.00408809
485.6	-0.00405956
485.7	-0.00403589
485.8	-0.00401612
485.9	-0.00399492
486	-0.0039722
486.1	-0.00395126
486.2	-0.00393214
486.3	-0.00391204
486.4	-0.00389143
486.5	-0.00387058
486.6	-0.00385058
486.7	-0.00382827
486.8	-0.00380576
486.9	-0.00377975
487	-0.00374925
487.1	-0.00371989
487.2	-0.00368956
487.3	-0.00365745
487.4	-0.00362138
487.5	-0.00359082
487.6	-0.00356545
487.7	-0.00353795
487.8	-0.00351195
487.9	-0.00348909
488	-0.00346002
488.1	-0.00342532
488.2	-0.00338378
488.3	-0.00334895
488.4	-0.0033156
488.5	-0.00328382
488.6	-0.00325296
488.7	-0.00322521
488.8	-0.00320038
488.9	-0.00317427
489	-0.00315151
489.1	-0.00312805
489.2	-0.00310058
489.3	-0.00307009
489.4	-0.00303715
489.5	-0.00300554
489.6	-0.00297068
489.7	-0.00293559
489.8	-0.00290678
489.9	-0.00287952
490	-0.00285458
490.1	-0.00283037
490.2	-0.00281083
490.3	-0.00279506
490.4	-0.00278474
490.5	-0.00278064
490.6	-0.00278318
490.7	-0.00278827
490.8	-0.00279242
490.9	-0.00279575
491	-0.00280195
491.1	-0.00280693
491.2	-0.00281379
491.3	-0.00282737
491.4	-0.0028431
491.5	-0.00285274
491.6	-0.00286437
491.7	-0.0028776
491.8	-0.00288625
491.9	-0.00288836
492	-0.00288585
492.1	-0.00288199
492.2	-0.00287732
492.3	-0.00287499
492.4	-0.00287124
492.5	-0.0028658
492.6	-0.00285865
492.7	-0.00285528
492.8	-0.00285435
492.9	-0.00285948
493	-0.00286474
493.1	-0.00287282
493.2	-0.00288623
493.3	-0.00290684
493.4	-0.00293061
493.5	-0.0029549
493.6	-0.0029742
493.7	-0.00299177
493.8	-0.00300754
493.9	-0.00302066
494	-0.00303754
494.1	-0.00305467
494.2	-0.00306997
494.3	-0.00307842
494.4	-0.003087
494.5	-0.00309994
494.6	-0.00311749
494.7	-0.00313086
494.8	-0.00314459
494.9	-0.00316212
495	-0.00318228
495.1	-0.00320509
495.2	-0.00322354
495.3	-0.00323826
495.4	-0.00325914
495.5	-0.00328929
495.6	-0.00331626
495.7	-0.00333863
495.8	-0.00335619
495.9	-0.00337305
496	-0.00339037
496.1	-0.00340788
496.2	-0.00342998
496.3	-0.00345677
496.4	-0.00348472
496.5	-0.00351032
496.6	-0.00353405
496.7	-0.00356211
496.8	-0.00358629
496.9	-0.00361313
497	-0.00363864
497.1	-0.00366305
497.2	-0.00369085
497.3	-0.00372391
497.4	-0.00375582
497.5	-0.00378965
497.6	-0.00382294
497.7	-0.00385931
497.8	-0.00389686
497.9	-0.00393775
498	-0.00398623
498.1	-0.00403687
498.2	-0.0040905
498.3	-0.00413944
498.4	-0.00419281
498.5	-0.00424889
498.6	-0.00430996
498.7	-0.00437263
498.8	-0.00443429
498.9	-0.00449466
499	-0.00455269
499.1	-0.00460989
499.2	-0.00466686
499.3	-0.0047229
499.4	-0.0047805
499.5	-0.0048436
499.6	-0.00490872
499.7	-0.00496957
499.8	-0.00502321
499.9	-0.00507396
500	-0.00512005
