LagTime	Correlation

0	0.666692
0.1	0.661671
0.2	0.654184
0.3	0.646148
0.4	0.638042
0.5	0.629991
0.6	0.622031
0.7	0.614171
0.8	0.606411
0.9	0.598751
1	0.591187
1.1	0.583717
1.2	0.57634
1.3	0.569054
1.4	0.561862
1.5	0.554768
1.6	0.547762
1.7	0.54084
1.8	0.534001
1.9	0.527246
2	0.520577
2.1	0.513993
2.2	0.507492
2.3	0.501072
2.4	0.494733
2.5	0.488472
2.6	0.482293
2.7	0.476192
2.8	0.470177
2.9	0.464243
3	0.45839
3.1	0.452609
3.2	0.446901
3.3	0.441266
3.4	0.435711
3.5	0.430225
3.6	0.424804
3.7	0.419448
3.8	0.414156
3.9	0.408924
4	0.403755
4.1	0.398652
4.2	0.393615
4.3	0.38864
4.4	0.383726
4.5	0.378869
4.6	0.374065
4.7	0.369321
4.8	0.364638
4.9	0.36002
5	0.35546
5.1	0.350957
5.2	0.346509
5.3	0.342119
5.4	0.337791
5.5	0.333521
5.6	0.329308
5.7	0.325152
5.8	0.321052
5.9	0.317008
6	0.313021
6.1	0.309089
6.2	0.305203
6.3	0.301364
6.4	0.297572
6.5	0.29383
6.6	0.290143
6.7	0.286503
6.8	0.282908
6.9	0.279359
7	0.275853
7.1	0.272392
7.2	0.268976
7.3	0.265603
7.4	0.262268
7.5	0.258973
7.6	0.255723
7.7	0.25252
7.8	0.249362
7.9	0.246247
8	0.243176
8.1	0.24015
8.2	0.237165
8.3	0.234211
8.4	0.231293
8.5	0.228409
8.6	0.225557
8.7	0.222742
8.8	0.219962
8.9	0.217218
9	0.21451
9.1	0.211839
9.2	0.209203
9.3	0.206601
9.4	0.204031
9.5	0.201492
9.6	0.198989
9.7	0.196518
9.8	0.194073
9.9	0.191659
10	0.189275
10.1	0.186922
10.2	0.184595
10.3	0.182291
10.4	0.180009
10.5	0.177752
10.6	0.175527
10.7	0.173329
10.8	0.171159
10.9	0.169013
11	0.166899
11.1	0.164814
11.2	0.162757
11.3	0.160729
11.4	0.158727
11.5	0.156746
11.6	0.154785
11.7	0.152843
11.8	0.150925
11.9	0.149034
12	0.147168
12.1	0.145323
12.2	0.143498
12.3	0.141699
12.4	0.139922
12.5	0.138165
12.6	0.136426
12.7	0.134707
12.8	0.133008
12.9	0.131334
13	0.12968
13.1	0.128042
13.2	0.126419
13.3	0.124817
13.4	0.123235
13.5	0.121672
13.6	0.120127
13.7	0.118603
13.8	0.117093
13.9	0.115599
14	0.114119
14.1	0.112658
14.2	0.111214
14.3	0.109791
14.4	0.108384
14.5	0.106995
14.6	0.105624
14.7	0.104265
14.8	0.10292
14.9	0.101593
15	0.100281
15.1	0.0989883
15.2	0.0977137
15.3	0.0964584
15.4	0.0952175
15.5	0.0939922
15.6	0.0927874
15.7	0.0916004
15.8	0.0904341
15.9	0.0892835
16	0.0881414
16.1	0.0870144
16.2	0.0859023
16.3	0.0848084
16.4	0.0837323
16.5	0.0826719
16.6	0.0816234
16.7	0.0805848
16.8	0.0795545
16.9	0.0785364
17	0.0775308
17.1	0.0765354
17.2	0.0755474
17.3	0.0745715
17.4	0.0736108
17.5	0.0726661
17.6	0.0717387
17.7	0.0708266
17.8	0.0699275
17.9	0.0690383
18	0.0681572
18.1	0.0672873
18.2	0.0664289
18.3	0.065583
18.4	0.0647458
18.5	0.0639161
18.6	0.063101
18.7	0.0622944
18.8	0.0614966
18.9	0.0607093
19	0.0599302
19.1	0.0591591
19.2	0.0583942
19.3	0.0576403
19.4	0.0568961
19.5	0.0561634
19.6	0.0554439
19.7	0.0547379
19.8	0.0540426
19.9	0.0533568
20	0.0526793
20.1	0.0520097
20.2	0.0513499
20.3	0.0506994
20.4	0.0500566
20.5	0.0494192
20.6	0.0487901
20.7	0.0481681
20.8	0.0475522
20.9	0.0469302
21	0.0463077
21.1	0.0456936
21.2	0.0450901
21.3	0.0444957
21.4	0.0439069
21.5	0.043321
21.6	0.0427417
21.7	0.0421706
21.8	0.0416077
21.9	0.041056
22	0.0405119
22.1	0.03997
22.2	0.039432
22.3	0.0389004
22.4	0.0383775
22.5	0.0378616
22.6	0.0373515
22.7	0.0368444
22.8	0.036338
22.9	0.0358393
23	0.0353441
23.1	0.0348533
23.2	0.0343676
23.3	0.0338864
23.4	0.0334136
23.5	0.0329484
23.6	0.0324873
23.7	0.0320301
23.8	0.03158
23.9	0.0311345
24	0.0306994
24.1	0.0302715
24.2	0.0298465
24.3	0.0294274
24.4	0.029013
24.5	0.0285996
24.6	0.0281892
24.7	0.0277869
24.8	0.0273906
24.9	0.0269988
25	0.0266161
25.1	0.026248
25.2	0.0258899
25.3	0.0255388
25.4	0.0251942
25.5	0.024857
25.6	0.0245252
25.7	0.0242025
25.8	0.0238901
25.9	0.023586
26	0.0232904
26.1	0.0230004
26.2	0.0227152
26.3	0.0224348
26.4	0.0221595
26.5	0.0218882
26.6	0.0216209
26.7	0.0213558
26.8	0.0210935
26.9	0.0208364
27	0.0205829
27.1	0.0203304
27.2	0.020082
27.3	0.0198388
27.4	0.0196025
27.5	0.019369
27.6	0.0191405
27.7	0.0189177
27.8	0.0186964
27.9	0.0184809
28	0.0182697
28.1	0.0180572
28.2	0.017847
28.3	0.0176384
28.4	0.0174279
28.5	0.0172108
28.6	0.0169923
28.7	0.0167744
28.8	0.0165542
28.9	0.0163336
29	0.0161049
29.1	0.0158717
29.2	0.0156431
29.3	0.0154177
29.4	0.0151923
29.5	0.0149668
29.6	0.0147404
29.7	0.0145189
29.8	0.0143015
29.9	0.0140927
30	0.013888
30.1	0.0136874
30.2	0.0134849
30.3	0.0132804
30.4	0.0130807
30.5	0.0128898
30.6	0.012701
30.7	0.0125157
30.8	0.0123317
30.9	0.012144
31	0.0119541
31.1	0.0117665
31.2	0.0115826
31.3	0.011402
31.4	0.0112292
31.5	0.0110624
31.6	0.0109001
31.7	0.010739
31.8	0.0105789
31.9	0.0104195
32	0.0102691
32.1	0.010126
32.2	0.00998383
32.3	0.00984157
32.4	0.0097042
32.5	0.00957322
32.6	0.00944466
32.7	0.00931991
32.8	0.00919664
32.9	0.00907805
33	0.008962
33.1	0.00885166
33.2	0.0087419
33.3	0.00863646
33.4	0.00853521
33.5	0.00843372
33.6	0.0083316
33.7	0.00823368
33.8	0.00813844
33.9	0.00804565
34	0.00795358
34.1	0.00786314
34.2	0.00777291
34.3	0.0076833
34.4	0.00759801
34.5	0.00751371
34.6	0.00743019
34.7	0.00734296
34.8	0.00725298
34.9	0.00716808
35	0.00708651
35.1	0.00701173
35.2	0.00694531
35.3	0.00688305
35.4	0.00681974
35.5	0.00675079
35.6	0.00667899
35.7	0.00660758
35.8	0.00653331
35.9	0.00646058
36	0.00638879
36.1	0.00632324
36.2	0.00625769
36.3	0.00619412
36.4	0.00613829
36.5	0.00608763
36.6	0.00603904
36.7	0.00599471
36.8	0.00595339
36.9	0.00590677
37	0.00585647
37.1	0.00580108
37.2	0.0057421
37.3	0.00568257
37.4	0.00562655
37.5	0.00556959
37.6	0.00551192
37.7	0.00545411
37.8	0.00539219
37.9	0.00533197
38	0.00527194
38.1	0.00521482
38.2	0.00516695
38.3	0.00512341
38.4	0.00507934
38.5	0.00503036
38.6	0.00497719
38.7	0.00492038
38.8	0.004862
38.9	0.00479718
39	0.00472956
39.1	0.00466643
39.2	0.00460516
39.3	0.00454151
39.4	0.00448135
39.5	0.00442467
39.6	0.00436827
39.7	0.00431366
39.8	0.00425679
39.9	0.00419883
40	0.00414187
40.1	0.00408448
40.2	0.00402956
40.3	0.00397666
40.4	0.00391979
40.5	0.00385706
40.6	0.00378696
40.7	0.00371247
40.8	0.00363964
40.9	0.00356644
41	0.00349398
41.1	0.00342659
41.2	0.0033632
41.3	0.00330349
41.4	0.00324999
41.5	0.00319895
41.6	0.0031484
41.7	0.00309805
41.8	0.00304687
41.9	0.00300152
42	0.00295593
42.1	0.00290839
42.2	0.00286184
42.3	0.00281663
42.4	0.00276767
42.5	0.0027151
42.6	0.00265927
42.7	0.00259967
42.8	0.00254022
42.9	0.00248185
43	0.00242742
43.1	0.00237959
43.2	0.00233036
43.3	0.00227721
43.4	0.00222285
43.5	0.0021646
43.6	0.00210153
43.7	0.00203454
43.8	0.00196704
43.9	0.00189257
44	0.00181343
44.1	0.00173109
44.2	0.00164446
44.3	0.00156
44.4	0.00148293
44.5	0.00141064
44.6	0.00134304
44.7	0.00127696
44.8	0.00121404
44.9	0.00115214
45	0.00109181
45.1	0.00103567
45.2	0.000977956
45.3	0.000920257
45.4	0.00086369
45.5	0.000809167
45.6	0.00075751
45.7	0.000706759
45.8	0.000653724
45.9	0.000595885
46	0.000538951
46.1	0.000481809
46.2	0.000429282
46.3	0.000379962
46.4	0.000334764
46.5	0.000294594
46.6	0.000259444
46.7	0.000224032
46.8	0.000187128
46.9	0.000150588
47	0.000114067
47.1	7.57402e-05
47.2	3.33595e-05
47.3	-1.24196e-05
47.4	-5.83889e-05
47.5	-9.90402e-05
47.6	-0.000135984
47.7	-0.000169246
47.8	-0.000200327
47.9	-0.000235263
48	-0.000277532
48.1	-0.000323272
48.2	-0.00036663
48.3	-0.000406466
48.4	-0.000448548
48.5	-0.000490491
48.6	-0.000534242
48.7	-0.000576392
48.8	-0.00061498
48.9	-0.000649943
49	-0.000680523
49.1	-0.000709506
49.2	-0.00073448
49.3	-0.000754454
49.4	-0.000772805
49.5	-0.000788221
49.6	-0.000800629
49.7	-0.000816201
49.8	-0.000833559
49.9	-0.000850769
50	-0.000871399
50.1	-0.000890352
50.2	-0.000905776
50.3	-0.000920476
50.4	-0.000932003
50.5	-0.000940986
50.6	-0.000951767
50.7	-0.000963675
50.8	-0.000973826
50.9	-0.000986245
51	-0.000998579
51.1	-0.00101283
51.2	-0.00102462
51.3	-0.00103583
51.4	-0.00104707
51.5	-0.00106691
51.6	-0.00108922
51.7	-0.00111167
51.8	-0.00113158
51.9	-0.00114524
52	-0.00115528
52.1	-0.00116241
52.2	-0.00116772
52.3	-0.00117361
52.4	-0.00117891
52.5	-0.00118624
52.6	-0.00119054
52.7	-0.0011874
52.8	-0.0011766
52.9	-0.00116413
53	-0.00114732
53.1	-0.00113437
53.2	-0.00112628
53.3	-0.00112182
53.4	-0.00112036
53.5	-0.00112093
53.6	-0.00112173
53.7	-0.00112583
53.8	-0.00112922
53.9	-0.00113282
54	-0.00113595
54.1	-0.00113609
54.2	-0.00113368
54.3	-0.00113053
54.4	-0.00112906
54.5	-0.00112805
54.6	-0.00112564
54.7	-0.00112466
54.8	-0.00112512
54.9	-0.00112571
55	-0.00112493
55.1	-0.00112741
55.2	-0.0011303
55.3	-0.0011337
55.4	-0.0011364
55.5	-0.00113752
55.6	-0.00114322
55.7	-0.00115479
55.8	-0.00117105
55.9	-0.00118995
56	-0.00120654
56.1	-0.00122533
56.2	-0.00124489
56.3	-0.00125972
56.4	-0.00126865
56.5	-0.00127454
56.6	-0.00128179
56.7	-0.00129352
56.8	-0.00130409
56.9	-0.00131394
57	-0.00132623
57.1	-0.00134235
57.2	-0.00135844
57.3	-0.00137393
57.4	-0.00138879
57.5	-0.00140553
57.6	-0.00142631
57.7	-0.00144186
57.8	-0.00145005
57.9	-0.0014488
58	-0.00144452
58.1	-0.001433
58.2	-0.00141972
58.3	-0.00141375
58.4	-0.00141171
58.5	-0.00141029
58.6	-0.00140685
58.7	-0.00140063
58.8	-0.0013981
58.9	-0.00139742
59	-0.00139715
59.1	-0.00139634
59.2	-0.00139869
59.3	-0.0014081
59.4	-0.00142802
59.5	-0.00144983
59.6	-0.00147134
59.7	-0.00149533
59.8	-0.00152334
59.9	-0.00155106
60	-0.00157755
60.1	-0.00160332
60.2	-0.00163309
60.3	-0.00166077
60.4	-0.00169365
60.5	-0.00172877
60.6	-0.00176383
60.7	-0.00179927
60.8	-0.00183091
60.9	-0.0018573
61	-0.00188406
61.1	-0.00190831
61.2	-0.00192812
61.3	-0.00194628
61.4	-0.00196701
61.5	-0.00198551
61.6	-0.00199979
61.7	-0.00201016
61.8	-0.00202014
61.9	-0.00203082
62	-0.00204037
62.1	-0.0020452
62.2	-0.00204562
62.3	-0.00204724
62.4	-0.00204855
62.5	-0.00205945
62.6	-0.00207321
62.7	-0.00208476
62.8	-0.00208652
62.9	-0.00208434
63	-0.00208447
63.1	-0.00208052
63.2	-0.00207189
63.3	-0.0020621
63.4	-0.00204931
63.5	-0.00203484
63.6	-0.00202873
63.7	-0.00203205
63.8	-0.00204607
63.9	-0.0020655
64	-0.00209181
64.1	-0.0021157
64.2	-0.00213494
64.3	-0.00215484
64.4	-0.00217472
64.5	-0.00219131
64.6	-0.0022036
64.7	-0.00221262
64.8	-0.00222121
64.9	-0.00222785
65	-0.00223209
65.1	-0.00223253
65.2	-0.00222659
65.3	-0.00221957
65.4	-0.00221299
65.5	-0.00221054
65.6	-0.00221044
65.7	-0.002213
65.8	-0.00221425
65.9	-0.00221335
66	-0.00221067
66.1	-0.00221444
66.2	-0.00222273
66.3	-0.00223212
66.4	-0.00223698
66.5	-0.00224029
66.6	-0.00224638
66.7	-0.00224997
66.8	-0.00225123
66.9	-0.00225184
67	-0.00225245
67.1	-0.00225201
67.2	-0.00225042
67.3	-0.00224973
67.4	-0.00224907
67.5	-0.00224681
67.6	-0.00223776
67.7	-0.00223278
67.8	-0.00223102
67.9	-0.00223087
68	-0.00222618
68.1	-0.00221644
68.2	-0.00220147
68.3	-0.00218548
68.4	-0.00217254
68.5	-0.00216887
68.6	-0.00216843
68.7	-0.0021654
68.8	-0.00216101
68.9	-0.00215614
69	-0.00215164
69.1	-0.00215044
69.2	-0.00215325
69.3	-0.00215471
69.4	-0.00215955
69.5	-0.00216659
69.6	-0.00216904
69.7	-0.00216644
69.8	-0.00216214
69.9	-0.00215766
70	-0.00215165
70.1	-0.00214463
70.2	-0.0021398
70.3	-0.00214046
70.4	-0.00213908
70.5	-0.00213413
70.6	-0.00212933
70.7	-0.00212017
70.8	-0.00211182
70.9	-0.0021089
71	-0.00211219
71.1	-0.002117
71.2	-0.00212156
71.3	-0.00212578
71.4	-0.00213461
71.5	-0.00214545
71.6	-0.00215482
71.7	-0.00216285
71.8	-0.0021713
71.9	-0.00218048
72	-0.00218972
72.1	-0.00219698
72.2	-0.00220949
72.3	-0.00222263
72.4	-0.00223037
72.5	-0.00223799
72.6	-0.00225014
72.7	-0.00226312
72.8	-0.00227428
72.9	-0.00228454
73	-0.00228999
73.1	-0.00229536
73.2	-0.00229784
73.3	-0.00229583
73.4	-0.00229374
73.5	-0.0022954
73.6	-0.00229579
73.7	-0.00229568
73.8	-0.00229111
73.9	-0.0022832
74	-0.00227319
74.1	-0.00225721
74.2	-0.00223989
74.3	-0.00221751
74.4	-0.00219243
74.5	-0.00216555
74.6	-0.00214355
74.7	-0.0021215
74.8	-0.00209734
74.9	-0.00207349
75	-0.00204645
75.1	-0.00201529
75.2	-0.00197886
75.3	-0.00194397
75.4	-0.00191286
75.5	-0.00188674
75.6	-0.00186391
75.7	-0.00183965
75.8	-0.00181527
75.9	-0.00178642
76	-0.00175901
76.1	-0.00173421
76.2	-0.00170834
76.3	-0.00168508
76.4	-0.00166846
76.5	-0.00165764
76.6	-0.00164771
76.7	-0.00163641
76.8	-0.00162646
76.9	-0.00161102
77	-0.00160149
77.1	-0.00159632
77.2	-0.00159172
77.3	-0.00159133
77.4	-0.00159285
77.5	-0.00160017
77.6	-0.00160595
77.7	-0.00160554
77.8	-0.00160806
77.9	-0.00161323
78	-0.00161851
78.1	-0.00161961
78.2	-0.00161844
78.3	-0.00161887
78.4	-0.00161982
78.5	-0.00161818
78.6	-0.00161547
78.7	-0.00161415
78.8	-0.00161348
78.9	-0.00160772
79	-0.00160233
79.1	-0.00159859
79.2	-0.00158405
79.3	-0.00156672
79.4	-0.00154878
79.5	-0.00153112
79.6	-0.00151301
79.7	-0.00149348
79.8	-0.00147358
79.9	-0.00145232
80	-0.0014316
80.1	-0.00140767
80.2	-0.0013788
80.3	-0.00134828
80.4	-0.00131435
80.5	-0.00127974
80.6	-0.00124556
80.7	-0.00121033
80.8	-0.00117364
80.9	-0.00113897
81	-0.00110025
81.1	-0.00105828
81.2	-0.00101474
81.3	-0.000968198
81.4	-0.000919091
81.5	-0.000870992
81.6	-0.000821377
81.7	-0.000771577
81.8	-0.000722319
81.9	-0.000671666
82	-0.000624235
82.1	-0.000583313
82.2	-0.000545652
82.3	-0.000516702
82.4	-0.000489429
82.5	-0.000465112
82.6	-0.000442137
82.7	-0.000421798
82.8	-0.000405286
82.9	-0.000383125
83	-0.000361459
83.1	-0.000334223
83.2	-0.000308249
83.3	-0.000283596
83.4	-0.0002587
83.5	-0.000235577
83.6	-0.000211156
83.7	-0.000188612
83.8	-0.000162207
83.9	-0.000134197
84	-0.000108042
84.1	-8.49924e-05
84.2	-6.26423e-05
84.3	-4.13e-05
84.4	-1.57887e-05
84.5	9.41114e-06
84.6	3.3154e-05
84.7	5.40526e-05
84.8	7.55166e-05
84.9	9.46744e-05
85	0.000107896
85.1	0.000116932
85.2	0.000121569
85.3	0.000124139
85.4	0.000125167
85.5	0.000125722
85.6	0.00012962
85.7	0.000134426
85.8	0.000144038
85.9	0.000165664
86	0.000192172
86.1	0.000220845
86.2	0.000246858
86.3	0.00026741
86.4	0.000285605
86.5	0.000305616
86.6	0.000322442
86.7	0.000336914
86.8	0.000347185
86.9	0.000353911
87	0.000355951
87.1	0.000357263
87.2	0.000360528
87.3	0.000366207
87.4	0.000374115
87.5	0.000384549
87.6	0.000390633
87.7	0.000398353
87.8	0.000406908
87.9	0.000416567
88	0.000425771
88.1	0.000434569
88.2	0.000439607
88.3	0.00043912
88.4	0.000432514
88.5	0.000430462
88.6	0.000435788
88.7	0.000447332
88.8	0.00045754
88.9	0.000466111
89	0.000472292
89.1	0.000478886
89.2	0.00048376
89.3	0.000488972
89.4	0.000494066
89.5	0.000500945
89.6	0.000512029
89.7	0.000524576
89.8	0.000539199
89.9	0.000554953
90	0.000573506
90.1	0.000591725
90.2	0.000606477
90.3	0.000615713
90.4	0.000623844
90.5	0.000634627
90.6	0.000642901
90.7	0.000646057
90.8	0.000645536
90.9	0.000640065
91	0.000630306
91.1	0.000620178
91.2	0.000608964
91.3	0.000595713
91.4	0.000578074
91.5	0.000559904
91.6	0.000538412
91.7	0.000515092
91.8	0.000491096
91.9	0.000466669
92	0.000444002
92.1	0.00042321
92.2	0.000405466
92.3	0.000392241
92.4	0.000383062
92.5	0.000372121
92.6	0.000365555
92.7	0.000360255
92.8	0.000350706
92.9	0.000339962
93	0.000328014
93.1	0.000315236
93.2	0.000300114
93.3	0.000285564
93.4	0.000270277
93.5	0.000251351
93.6	0.000235216
93.7	0.000220051
93.8	0.000208155
93.9	0.000196923
94	0.000183063
94.1	0.000170265
94.2	0.000156953
94.3	0.000140798
94.4	0.000125551
94.5	0.000109825
94.6	9.64212e-05
94.7	7.99116e-05
94.8	5.79026e-05
94.9	3.33241e-05
95	7.15717e-06
95.1	-1.85985e-05
95.2	-4.46803e-05
95.3	-7.4709e-05
95.4	-0.000109856
95.5	-0.000146833
95.6	-0.000186177
95.7	-0.000224669
95.8	-0.000268926
95.9	-0.000314534
96	-0.000355047
96.1	-0.00039036
96.2	-0.000421416
96.3	-0.000447234
96.4	-0.000468641
96.5	-0.000485261
96.6	-0.000507053
96.7	-0.000528842
96.8	-0.000546721
96.9	-0.00056334
97	-0.000578255
97.1	-0.000586354
97.2	-0.000588928
97.3	-0.00058726
97.4	-0.000585748
97.5	-0.000588515
97.6	-0.000591913
97.7	-0.000598769
97.8	-0.000605327
97.9	-0.000610316
98	-0.000613564
98.1	-0.0006148
98.2	-0.00061881
98.3	-0.000625862
98.4	-0.000634295
98.5	-0.000644418
98.6	-0.000650847
98.7	-0.000655111
98.8	-0.000653729
98.9	-0.000649367
99	-0.000645138
99.1	-0.000641381
99.2	-0.00063542
99.3	-0.000629669
99.4	-0.000620225
99.5	-0.000609155
99.6	-0.000594138
99.7	-0.000574327
99.8	-0.0005551
99.9	-0.000540428
100	-0.000527425
100.1	-0.000517095
100.2	-0.000508788
100.3	-0.00050434
100.4	-0.000505401
100.5	-0.000507805
100.6	-0.000511772
100.7	-0.00052074
100.8	-0.000533838
100.9	-0.000551009
101	-0.000570305
101.1	-0.000590115
101.2	-0.000607565
101.3	-0.000622504
101.4	-0.000637795
101.5	-0.000650371
101.6	-0.000657961
101.7	-0.000658497
101.8	-0.000654307
101.9	-0.00064995
102	-0.000642307
102.1	-0.000635684
102.2	-0.000632583
102.3	-0.000635059
102.4	-0.000639157
102.5	-0.000647543
102.6	-0.000657496
102.7	-0.000668954
102.8	-0.000676615
102.9	-0.000682601
103	-0.000689097
103.1	-0.000698508
103.2	-0.000708602
103.3	-0.00072352
103.4	-0.000738698
103.5	-0.000750171
103.6	-0.000759666
103.7	-0.000767795
103.8	-0.000772481
103.9	-0.000777063
104	-0.000784136
104.1	-0.00079284
104.2	-0.000796266
104.3	-0.00079613
104.4	-0.000795674
104.5	-0.000790141
104.6	-0.000778543
104.7	-0.000766035
104.8	-0.000747844
104.9	-0.000730017
105	-0.000716331
105.1	-0.000706298
105.2	-0.0006952
105.3	-0.000684489
105.4	-0.000673115
105.5	-0.000660842
105.6	-0.000649735
105.7	-0.000636723
105.8	-0.000621855
105.9	-0.000606676
106	-0.000591893
106.1	-0.000576194
106.2	-0.000556911
106.3	-0.000538069
106.4	-0.000521457
106.5	-0.000506537
106.6	-0.000490904
106.7	-0.000477013
106.8	-0.000465325
106.9	-0.000454672
107	-0.000446322
107.1	-0.000438673
107.2	-0.000430435
107.3	-0.000424051
107.4	-0.000416922
107.5	-0.00040412
107.6	-0.000386732
107.7	-0.000367381
107.8	-0.000348817
107.9	-0.000329634
108	-0.00030994
108.1	-0.000294842
108.2	-0.00028475
108.3	-0.00027313
108.4	-0.000263758
108.5	-0.000254808
108.6	-0.000246524
108.7	-0.000239605
108.8	-0.00023515
108.9	-0.00022944
109	-0.000220832
109.1	-0.000213463
109.2	-0.000208602
109.3	-0.000201989
109.4	-0.000195037
109.5	-0.000187401
109.6	-0.00017876
109.7	-0.000168928
109.8	-0.000162303
109.9	-0.000154326
110	-0.000145625
110.1	-0.000131666
110.2	-0.000112985
110.3	-9.39673e-05
110.4	-7.61212e-05
110.5	-6.70226e-05
110.6	-6.29926e-05
110.7	-6.14921e-05
110.8	-5.57482e-05
110.9	-4.18336e-05
111	-2.15349e-05
111.1	5.69743e-06
111.2	3.12753e-05
111.3	4.74185e-05
111.4	5.94062e-05
111.5	6.43397e-05
111.6	6.63523e-05
111.7	6.69335e-05
111.8	6.72759e-05
111.9	7.01309e-05
112	7.61367e-05
112.1	8.87596e-05
112.2	0.000103538
112.3	0.000115385
112.4	0.000125498
112.5	0.000134217
112.6	0.000136738
112.7	0.000134837
112.8	0.000129357
112.9	0.000121627
113	0.000109857
113.1	9.55365e-05
113.2	8.20149e-05
113.3	6.73135e-05
113.4	5.34318e-05
113.5	3.86917e-05
113.6	2.60254e-05
113.7	1.32468e-05
113.8	3.19679e-06
113.9	-4.58389e-06
114	-1.68981e-05
114.1	-3.6194e-05
114.2	-5.73935e-05
114.3	-7.68463e-05
114.4	-0.00010022
114.5	-0.000123296
114.6	-0.000145848
114.7	-0.000172667
114.8	-0.00020811
114.9	-0.000243353
115	-0.000277272
115.1	-0.000312313
115.2	-0.000353298
115.3	-0.000394089
115.4	-0.000430214
115.5	-0.000467375
115.6	-0.0005041
115.7	-0.000541524
115.8	-0.000581901
115.9	-0.000623098
116	-0.000663743
116.1	-0.000706593
116.2	-0.000749333
116.3	-0.00079226
116.4	-0.000836268
116.5	-0.000884694
116.6	-0.000934347
116.7	-0.000986724
116.8	-0.00103755
116.9	-0.00108373
117	-0.00112688
117.1	-0.0011722
117.2	-0.00121608
117.3	-0.00125699
117.4	-0.00129717
117.5	-0.0013399
117.6	-0.00137942
117.7	-0.00141426
117.8	-0.00144699
117.9	-0.00148225
118	-0.00151868
118.1	-0.00155339
118.2	-0.00158725
118.3	-0.00162171
118.4	-0.00165337
118.5	-0.00168473
118.6	-0.001716
118.7	-0.00174976
118.8	-0.00178379
118.9	-0.00181645
119	-0.00184027
119.1	-0.00186479
119.2	-0.00189255
119.3	-0.00192022
119.4	-0.00194641
119.5	-0.00197237
119.6	-0.00200144
119.7	-0.00202888
119.8	-0.00204863
119.9	-0.00206484
120	-0.00207596
120.1	-0.00208615
120.2	-0.0020961
120.3	-0.00210645
120.4	-0.00211394
120.5	-0.00211376
120.6	-0.00210568
120.7	-0.00209606
120.8	-0.00209173
120.9	-0.00208816
121	-0.00207998
121.1	-0.00206838
121.2	-0.00205534
121.3	-0.00204412
121.4	-0.00203302
121.5	-0.00202283
121.6	-0.00201342
121.7	-0.00199743
121.8	-0.00197871
121.9	-0.00196287
122	-0.00195529
122.1	-0.00195145
122.2	-0.00194995
122.3	-0.00194729
122.4	-0.00194078
122.5	-0.00193143
122.6	-0.00192067
122.7	-0.00190838
122.8	-0.00189324
122.9	-0.00187455
123	-0.0018605
123.1	-0.00184943
123.2	-0.00183966
123.3	-0.00182733
123.4	-0.00181038
123.5	-0.00178716
123.6	-0.00176292
123.7	-0.0017395
123.8	-0.00171562
123.9	-0.00169521
124	-0.00167664
124.1	-0.00165932
124.2	-0.00164429
124.3	-0.001631
124.4	-0.00161732
124.5	-0.0016022
124.6	-0.00158211
124.7	-0.0015605
124.8	-0.00153695
124.9	-0.00151032
125	-0.00148261
125.1	-0.00145916
125.2	-0.00143536
125.3	-0.00141451
125.4	-0.00139747
125.5	-0.00138214
125.6	-0.00136538
125.7	-0.00134825
125.8	-0.00133196
125.9	-0.00131391
126	-0.00129798
126.1	-0.00128363
126.2	-0.0012663
126.3	-0.00124649
126.4	-0.00122624
126.5	-0.00120638
126.6	-0.00118016
126.7	-0.00115135
126.8	-0.00112036
126.9	-0.00108902
127	-0.00105514
127.1	-0.00101754
127.2	-0.00098048
127.3	-0.000947296
127.4	-0.000918895
127.5	-0.000898596
127.6	-0.00088154
127.7	-0.000869096
127.8	-0.000860814
127.9	-0.000850813
128	-0.000840734
128.1	-0.000836609
128.2	-0.00083409
128.3	-0.000835568
128.4	-0.000842348
128.5	-0.000848847
128.6	-0.000861168
128.7	-0.000876956
128.8	-0.000893688
128.9	-0.000915784
129	-0.000936454
129.1	-0.00095659
129.2	-0.000976234
129.3	-0.000998611
129.4	-0.00101982
129.5	-0.00103757
129.6	-0.00105394
129.7	-0.0010668
129.8	-0.00108024
129.9	-0.0010981
130	-0.0011182
130.1	-0.00113781
130.2	-0.00115318
130.3	-0.00116958
130.4	-0.00119148
130.5	-0.00121754
130.6	-0.00124276
130.7	-0.00126869
130.8	-0.00129482
130.9	-0.00132168
131	-0.00134729
131.1	-0.00137369
131.2	-0.00140714
131.3	-0.00144098
131.4	-0.00147681
131.5	-0.00151858
131.6	-0.00155972
131.7	-0.0015984
131.8	-0.0016348
131.9	-0.00167163
132	-0.00170356
132.1	-0.00173041
132.2	-0.0017569
132.3	-0.00178079
132.4	-0.0018103
132.5	-0.00184682
132.6	-0.00188362
132.7	-0.00191572
132.8	-0.00195074
132.9	-0.00198355
133	-0.00201503
133.1	-0.00204333
133.2	-0.00206976
133.3	-0.00209715
133.4	-0.00212102
133.5	-0.00214384
133.6	-0.00216617
133.7	-0.00218139
133.8	-0.0021951
133.9	-0.00220558
134	-0.00221752
134.1	-0.00222676
134.2	-0.00223066
134.3	-0.002229
134.4	-0.00223223
134.5	-0.00223754
134.6	-0.00224255
134.7	-0.00224775
134.8	-0.00225536
134.9	-0.00225844
135	-0.00225471
135.1	-0.00225068
135.2	-0.00224502
135.3	-0.0022451
135.4	-0.00224869
135.5	-0.00225337
135.6	-0.00225444
135.7	-0.00225598
135.8	-0.00225229
135.9	-0.00224587
136	-0.00223764
136.1	-0.00222346
136.2	-0.00220819
136.3	-0.00219299
136.4	-0.00217767
136.5	-0.00216004
136.6	-0.00213722
136.7	-0.00211201
136.8	-0.00208578
136.9	-0.00205834
137	-0.00203554
137.1	-0.00201841
137.2	-0.00200511
137.3	-0.0019943
137.4	-0.00198651
137.5	-0.00198082
137.6	-0.00197683
137.7	-0.00197316
137.8	-0.00196592
137.9	-0.00195516
138	-0.00194621
138.1	-0.00193996
138.2	-0.00193709
138.3	-0.00193476
138.4	-0.00193484
138.5	-0.00193978
138.6	-0.00194883
138.7	-0.00195788
138.8	-0.00197207
138.9	-0.00199108
139	-0.00201066
139.1	-0.00202971
139.2	-0.00204743
139.3	-0.00206493
139.4	-0.00208334
139.5	-0.00209748
139.6	-0.00210683
139.7	-0.00211702
139.8	-0.00212904
139.9	-0.00214401
140	-0.00216233
140.1	-0.00218024
140.2	-0.00219022
140.3	-0.00219254
140.4	-0.00219315
140.5	-0.00219179
140.6	-0.00218808
140.7	-0.00218522
140.8	-0.00218139
140.9	-0.00217815
141	-0.00217932
141.1	-0.00218373
141.2	-0.00218813
141.3	-0.00218734
141.4	-0.00218461
141.5	-0.00218392
141.6	-0.00218891
141.7	-0.00219799
141.8	-0.00220425
141.9	-0.00220714
142	-0.00220816
142.1	-0.00220708
142.2	-0.00220506
142.3	-0.00220154
142.4	-0.00219321
142.5	-0.00218641
142.6	-0.00218054
142.7	-0.00217301
142.8	-0.00216682
142.9	-0.00215793
143	-0.00214561
143.1	-0.00213334
143.2	-0.00212304
143.3	-0.00211168
143.4	-0.00209913
143.5	-0.00207769
143.6	-0.00204766
143.7	-0.00201294
143.8	-0.00197772
143.9	-0.00194749
144	-0.00191929
144.1	-0.00189273
144.2	-0.00187051
144.3	-0.0018497
144.4	-0.00183132
144.5	-0.00181411
144.6	-0.00179322
144.7	-0.00177589
144.8	-0.00176235
144.9	-0.00175682
145	-0.00174982
145.1	-0.00173676
145.2	-0.00172059
145.3	-0.0017059
145.4	-0.00168872
145.5	-0.0016673
145.6	-0.00164473
145.7	-0.00162234
145.8	-0.00159906
145.9	-0.00157461
146	-0.00155024
146.1	-0.00152965
146.2	-0.00150949
146.3	-0.00148611
146.4	-0.00146608
146.5	-0.00144913
146.6	-0.00143526
146.7	-0.00142081
146.8	-0.00140254
146.9	-0.00138431
147	-0.00136501
147.1	-0.00134779
147.2	-0.0013319
147.3	-0.00131349
147.4	-0.00129204
147.5	-0.0012689
147.6	-0.0012412
147.7	-0.00120525
147.8	-0.00116244
147.9	-0.00111577
148	-0.00107641
148.1	-0.00104391
148.2	-0.00101545
148.3	-0.000981852
148.4	-0.000947754
148.5	-0.000912725
148.6	-0.000878015
148.7	-0.000839078
148.8	-0.000802503
148.9	-0.000766373
149	-0.000727901
149.1	-0.000687935
149.2	-0.000647541
149.3	-0.000607219
149.4	-0.000564124
149.5	-0.000518122
149.6	-0.000468107
149.7	-0.000418844
149.8	-0.000365525
149.9	-0.000313403
150	-0.000257276
150.1	-0.000203699
150.2	-0.000153503
150.3	-0.000104177
150.4	-5.19085e-05
150.5	1.38402e-06
150.6	5.37443e-05
150.7	0.0001018
150.8	0.000145165
150.9	0.000183016
151	0.00021552
151.1	0.000241127
151.2	0.000263688
151.3	0.000284776
151.4	0.000304301
151.5	0.000322901
151.6	0.000341609
151.7	0.000361837
151.8	0.000385744
151.9	0.00041824
152	0.000456152
152.1	0.000496142
152.2	0.000533906
152.3	0.000560875
152.4	0.000583923
152.5	0.000608504
152.6	0.000629053
152.7	0.000644379
152.8	0.000659811
152.9	0.000678407
153	0.000696042
153.1	0.00071145
153.2	0.000720461
153.3	0.000725463
153.4	0.000725293
153.5	0.000724392
153.6	0.000723515
153.7	0.000720635
153.8	0.000715469
153.9	0.000708142
154	0.000698835
154.1	0.000687812
154.2	0.000672761
154.3	0.000652056
154.4	0.000630202
154.5	0.00060623
154.6	0.000578858
154.7	0.000555486
154.8	0.000536501
154.9	0.000514281
155	0.000489804
155.1	0.000467739
155.2	0.000445177
155.3	0.000425901
155.4	0.00041253
155.5	0.000396226
155.6	0.000375873
155.7	0.000353545
155.8	0.000330784
155.9	0.000309398
156	0.000293023
156.1	0.000280215
156.2	0.00026966
156.3	0.000259351
156.4	0.000246398
156.5	0.000235026
156.6	0.000224035
156.7	0.000208979
156.8	0.000187781
156.9	0.000166649
157	0.000148773
157.1	0.000125475
157.2	0.000101699
157.3	7.61343e-05
157.4	4.91396e-05
157.5	1.89142e-05
157.6	-1.64797e-05
157.7	-5.06421e-05
157.8	-8.63228e-05
157.9	-0.00012112
158	-0.000155068
158.1	-0.000185044
158.2	-0.000211359
158.3	-0.000241692
158.4	-0.000276513
158.5	-0.000318279
158.6	-0.000360553
158.7	-0.000404249
158.8	-0.000449228
158.9	-0.000493227
159	-0.000537834
159.1	-0.000579766
159.2	-0.000620627
159.3	-0.000661851
159.4	-0.000692541
159.5	-0.000716718
159.6	-0.000733467
159.7	-0.00074509
159.8	-0.000757623
159.9	-0.000768924
160	-0.00078261
160.1	-0.000801925
160.2	-0.000821654
160.3	-0.000846597
160.4	-0.000868263
160.5	-0.000885046
160.6	-0.000898988
160.7	-0.000909229
160.8	-0.000909075
160.9	-0.000908881
161	-0.000910848
161.1	-0.000910314
161.2	-0.000903974
161.3	-0.000896018
161.4	-0.000886928
161.5	-0.000878373
161.6	-0.000871803
161.7	-0.000867148
161.8	-0.000862347
161.9	-0.000854523
162	-0.000840674
162.1	-0.000820301
162.2	-0.000794657
162.3	-0.000768763
162.4	-0.000742644
162.5	-0.000720394
162.6	-0.000700922
162.7	-0.000686576
162.8	-0.000671839
162.9	-0.000656758
163	-0.000641772
163.1	-0.000624803
163.2	-0.000607566
163.3	-0.000589217
163.4	-0.00056588
163.5	-0.000540386
163.6	-0.00051665
163.7	-0.000495407
163.8	-0.000471051
163.9	-0.000445952
164	-0.000417354
164.1	-0.000385028
164.2	-0.000350572
164.3	-0.000318429
164.4	-0.000288877
164.5	-0.000260387
164.6	-0.000231644
164.7	-0.00019942
164.8	-0.000173012
164.9	-0.000149132
165	-0.000125722
165.1	-0.000107771
165.2	-9.52928e-05
165.3	-8.73037e-05
165.4	-8.40005e-05
165.5	-7.57498e-05
165.6	-6.50538e-05
165.7	-5.48793e-05
165.8	-4.48447e-05
165.9	-3.59632e-05
166	-2.61751e-05
166.1	-1.8856e-05
166.2	-1.24682e-05
166.3	-7.41662e-06
166.4	-9.23465e-06
166.5	-1.39952e-05
166.6	-1.90392e-05
166.7	-2.57042e-05
166.8	-2.46111e-05
166.9	-1.93172e-05
167	-9.68509e-06
167.1	8.19817e-06
167.2	3.37525e-05
167.3	6.10429e-05
167.4	8.66664e-05
167.5	0.000111742
167.6	0.000141527
167.7	0.000175604
167.8	0.00021056
167.9	0.000248166
168	0.000288221
168.1	0.000331822
168.2	0.000377123
168.3	0.000425548
168.4	0.000468286
168.5	0.000504738
168.6	0.000533105
168.7	0.000554487
168.8	0.000571352
168.9	0.000587655
169	0.000603401
169.1	0.00062035
169.2	0.000636325
169.3	0.000652978
169.4	0.000666363
169.5	0.000679833
169.6	0.0006965
169.7	0.000712933
169.8	0.000730638
169.9	0.000749343
170	0.000770232
170.1	0.000793359
170.2	0.000818103
170.3	0.000845003
170.4	0.000870469
170.5	0.000897738
170.6	0.000921626
170.7	0.000941349
170.8	0.000960953
170.9	0.000978371
171	0.000993808
171.1	0.00100898
171.2	0.00102148
171.3	0.00103553
171.4	0.00104696
171.5	0.00105645
171.6	0.00106077
171.7	0.00106288
171.8	0.00106023
171.9	0.00105596
172	0.00105061
172.1	0.00104857
172.2	0.00105043
172.3	0.0010527
172.4	0.00105303
172.5	0.0010515
172.6	0.00104674
172.7	0.0010393
172.8	0.00103057
172.9	0.00101909
173	0.000999218
173.1	0.000971558
173.2	0.000941094
173.3	0.000909201
173.4	0.000874393
173.5	0.00083612
173.6	0.000798268
173.7	0.000762482
173.8	0.000724934
173.9	0.000688697
174	0.000650588
174.1	0.000610698
174.2	0.000565621
174.3	0.000520316
174.4	0.000483844
174.5	0.000455212
174.6	0.000428695
174.7	0.000402522
174.8	0.000376543
174.9	0.000350508
175	0.000329417
175.1	0.000305762
175.2	0.000284982
175.3	0.0002668
175.4	0.000249626
175.5	0.000226789
175.6	0.000207606
175.7	0.000189631
175.8	0.00017134
175.9	0.000154561
176	0.000139551
176.1	0.000122135
176.2	0.000107231
176.3	9.19827e-05
176.4	7.77619e-05
176.5	6.33499e-05
176.6	4.99345e-05
176.7	3.82072e-05
176.8	2.54647e-05
176.9	9.73428e-06
177	-8.15793e-06
177.1	-2.47206e-05
177.2	-3.83102e-05
177.3	-4.78322e-05
177.4	-5.84984e-05
177.5	-6.79008e-05
177.6	-7.63889e-05
177.7	-7.87978e-05
177.8	-7.8551e-05
177.9	-7.55705e-05
178	-6.92864e-05
178.1	-6.51689e-05
178.2	-6.19319e-05
178.3	-5.86051e-05
178.4	-5.83152e-05
178.5	-5.84455e-05
178.6	-5.86211e-05
178.7	-5.73035e-05
178.8	-5.92389e-05
178.9	-6.25243e-05
179	-6.39521e-05
179.1	-6.56654e-05
179.2	-6.46714e-05
179.3	-5.92484e-05
179.4	-5.35801e-05
179.5	-4.24505e-05
179.6	-3.00828e-05
179.7	-2.01237e-05
179.8	-1.35652e-05
179.9	-1.14569e-05
180	-1.07213e-05
180.1	-8.7553e-06
180.2	-1.04597e-05
180.3	-1.49785e-05
180.4	-2.13337e-05
180.5	-2.37085e-05
180.6	-2.47351e-05
180.7	-2.78139e-05
180.8	-3.05483e-05
180.9	-3.01571e-05
181	-3.155e-05
181.1	-3.76612e-05
181.2	-4.71873e-05
181.3	-5.77148e-05
181.4	-6.68223e-05
181.5	-7.34322e-05
181.6	-7.50078e-05
181.7	-7.51083e-05
181.8	-7.83871e-05
181.9	-8.44415e-05
182	-9.29946e-05
182.1	-0.000102954
182.2	-0.000116083
182.3	-0.000131745
182.4	-0.000151053
182.5	-0.000173007
182.6	-0.000195456
182.7	-0.000219474
182.8	-0.000242524
182.9	-0.000267605
183	-0.000293913
183.1	-0.000324351
183.2	-0.000361738
183.3	-0.000406276
183.4	-0.000453187
183.5	-0.000503115
183.6	-0.000561253
183.7	-0.000625493
183.8	-0.000694191
183.9	-0.000760308
184	-0.000827779
184.1	-0.000896798
184.2	-0.000965721
184.3	-0.00103099
184.4	-0.00109391
184.5	-0.00115965
184.6	-0.00122387
184.7	-0.0012886
184.8	-0.001356
184.9	-0.00142787
185	-0.00150169
185.1	-0.00157733
185.2	-0.00165238
185.3	-0.00172584
185.4	-0.00179798
185.5	-0.00186712
185.6	-0.00193176
185.7	-0.00198742
185.8	-0.00203797
185.9	-0.0020841
186	-0.00212442
186.1	-0.00216062
186.2	-0.00219602
186.3	-0.00223059
186.4	-0.00226636
186.5	-0.00230066
186.6	-0.00233066
186.7	-0.00235291
186.8	-0.00236953
186.9	-0.00238246
187	-0.00239725
187.1	-0.00241033
187.2	-0.00242232
187.3	-0.00243143
187.4	-0.00244692
187.5	-0.00246395
187.6	-0.00248523
187.7	-0.00251055
187.8	-0.00253794
187.9	-0.00256633
188	-0.00259912
188.1	-0.00263428
188.2	-0.00267109
188.3	-0.00270719
188.4	-0.00274266
188.5	-0.00277844
188.6	-0.00281218
188.7	-0.00284167
188.8	-0.0028679
188.9	-0.00289202
189	-0.00291677
189.1	-0.00294313
189.2	-0.00296661
189.3	-0.00298904
189.4	-0.0030108
189.5	-0.00303258
189.6	-0.0030547
189.7	-0.00307901
189.8	-0.00310576
189.9	-0.00313251
190	-0.00315828
190.1	-0.00318386
190.2	-0.00320672
190.3	-0.00322883
190.4	-0.00325525
190.5	-0.0032884
190.6	-0.00331747
190.7	-0.0033423
190.8	-0.00336934
190.9	-0.00339971
191	-0.0034322
191.1	-0.00346929
191.2	-0.0035106
191.3	-0.00355342
191.4	-0.00359289
191.5	-0.00363292
191.6	-0.0036725
191.7	-0.00371396
191.8	-0.00375782
191.9	-0.00380303
192	-0.00384549
192.1	-0.0038845
192.2	-0.00392036
192.3	-0.00395425
192.4	-0.00398687
192.5	-0.00401832
192.6	-0.00404342
192.7	-0.00405824
192.8	-0.00406515
192.9	-0.00406624
193	-0.00406331
193.1	-0.00406152
193.2	-0.0040626
193.3	-0.0040626
193.4	-0.00406242
193.5	-0.00405873
193.6	-0.00405301
193.7	-0.00405205
193.8	-0.00405494
193.9	-0.00405346
194	-0.00404946
194.1	-0.00405404
194.2	-0.00406395
194.3	-0.0040757
194.4	-0.00408922
194.5	-0.00410456
194.6	-0.00411735
194.7	-0.00413198
194.8	-0.00414639
194.9	-0.00416083
195	-0.00417276
195.1	-0.0041863
195.2	-0.00419895
195.3	-0.0042146
195.4	-0.00422872
195.5	-0.00423768
195.6	-0.00424438
195.7	-0.00425126
195.8	-0.00425696
195.9	-0.00426308
196	-0.00426603
196.1	-0.00426838
196.2	-0.00426996
196.3	-0.00427108
196.4	-0.00427076
196.5	-0.00426839
196.6	-0.00426252
196.7	-0.00425818
196.8	-0.00425748
196.9	-0.00425833
197	-0.00425795
197.1	-0.00425463
197.2	-0.0042513
197.3	-0.00424321
197.4	-0.00423554
197.5	-0.00422462
197.6	-0.004208
197.7	-0.00418499
197.8	-0.00415762
197.9	-0.00412746
198	-0.00410099
198.1	-0.0040748
198.2	-0.00404708
198.3	-0.00401837
198.4	-0.00399032
198.5	-0.00396539
198.6	-0.003945
198.7	-0.00392615
198.8	-0.00390774
198.9	-0.00388784
199	-0.0038706
199.1	-0.00385225
199.2	-0.00383356
199.3	-0.0038154
199.4	-0.00379914
199.5	-0.0037811
199.6	-0.00376302
199.7	-0.00374657
199.8	-0.00373415
199.9	-0.00372067
200	-0.00370425
200.1	-0.0036896
200.2	-0.00367436
200.3	-0.00365753
200.4	-0.00364478
200.5	-0.00363509
200.6	-0.00362616
200.7	-0.00362014
200.8	-0.00361439
200.9	-0.00360824
201	-0.00360153
201.1	-0.00359715
201.2	-0.00359544
201.3	-0.00359611
201.4	-0.00359404
201.5	-0.00358554
201.6	-0.00357333
201.7	-0.00355393
201.8	-0.00353312
201.9	-0.00350823
202	-0.00348086
202.1	-0.00345155
202.2	-0.00342447
202.3	-0.0033981
202.4	-0.00337161
202.5	-0.0033439
202.6	-0.00331758
202.7	-0.0032919
202.8	-0.00327023
202.9	-0.00325276
203	-0.00324202
203.1	-0.00322703
203.2	-0.00320708
203.3	-0.00318458
203.4	-0.00315946
203.5	-0.00312732
203.6	-0.00309405
203.7	-0.00306071
203.8	-0.00302585
203.9	-0.00299257
204	-0.00295871
204.1	-0.00291713
204.2	-0.00287667
204.3	-0.00283446
204.4	-0.00278855
204.5	-0.00274401
204.6	-0.00269903
204.7	-0.00265125
204.8	-0.00260476
204.9	-0.00255531
205	-0.00250224
205.1	-0.00244887
205.2	-0.0023921
205.3	-0.00233203
205.4	-0.00226604
205.5	-0.00219931
205.6	-0.00213421
205.7	-0.00206852
205.8	-0.00200337
205.9	-0.00193685
206	-0.00187263
206.1	-0.00180657
206.2	-0.00174093
206.3	-0.00167676
206.4	-0.00161216
206.5	-0.00155271
206.6	-0.00149453
206.7	-0.0014351
206.8	-0.00137616
206.9	-0.00131877
207	-0.00126071
207.1	-0.00120338
207.2	-0.00114546
207.3	-0.00108531
207.4	-0.00102996
207.5	-0.000981347
207.6	-0.000937616
207.7	-0.00089381
207.8	-0.000849358
207.9	-0.000802563
208	-0.00075272
208.1	-0.000705157
208.2	-0.000654442
208.3	-0.000605585
208.4	-0.000563598
208.5	-0.000519771
208.6	-0.000473949
208.7	-0.000427971
208.8	-0.000376867
208.9	-0.000325732
209	-0.000279363
209.1	-0.000238355
209.2	-0.000195218
209.3	-0.000149538
209.4	-0.000107094
209.5	-6.42564e-05
209.6	-2.35711e-05
209.7	9.32035e-06
209.8	4.04994e-05
209.9	6.87277e-05
210	9.57971e-05
210.1	0.000123173
210.2	0.000151673
210.3	0.000184553
210.4	0.000218042
210.5	0.00024909
210.6	0.00027703
210.7	0.000305165
210.8	0.00032975
210.9	0.000355063
211	0.000383649
211.1	0.00041519
211.2	0.000446713
211.3	0.000480583
211.4	0.000514493
211.5	0.000544639
211.6	0.000569368
211.7	0.000593056
211.8	0.000617752
211.9	0.00064673
212	0.000682443
212.1	0.000719101
212.2	0.000749319
212.3	0.000774134
212.4	0.000792309
212.5	0.000805721
212.6	0.000818092
212.7	0.000828476
212.8	0.000838682
212.9	0.000844686
213	0.000849229
213.1	0.000851749
213.2	0.000849283
213.3	0.000847776
213.4	0.000849071
213.5	0.000849948
213.6	0.000850353
213.7	0.000855471
213.8	0.000863001
213.9	0.000876505
214	0.000890338
214.1	0.000904437
214.2	0.00092191
214.3	0.000941314
214.4	0.000960915
214.5	0.000975667
214.6	0.000985849
214.7	0.000994221
214.8	0.00100324
214.9	0.00101203
215	0.00102305
215.1	0.00103979
215.2	0.00105861
215.3	0.00107703
215.4	0.00109194
215.5	0.00110232
215.6	0.00111374
215.7	0.00113294
215.8	0.00115432
215.9	0.00118024
216	0.00120976
216.1	0.00123672
216.2	0.00125972
216.3	0.00127843
216.4	0.00129852
216.5	0.00132194
216.6	0.00134397
216.7	0.00136734
216.8	0.00139402
216.9	0.00142105
217	0.00144622
217.1	0.0014665
217.2	0.00148255
217.3	0.0014922
217.4	0.0014995
217.5	0.00150751
217.6	0.00152085
217.7	0.00153357
217.8	0.00154297
217.9	0.00154465
218	0.00154306
218.1	0.00153798
218.2	0.00153651
218.3	0.00153431
218.4	0.00152572
218.5	0.00151604
218.6	0.00150223
218.7	0.00148848
218.8	0.00147707
218.9	0.00146721
219	0.0014595
219.1	0.00145496
219.2	0.00145454
219.3	0.00146019
219.4	0.00146962
219.5	0.00148248
219.6	0.00149632
219.7	0.00150458
219.8	0.0015056
219.9	0.00150353
220	0.00150231
220.1	0.00150037
220.2	0.00149421
220.3	0.00148817
220.4	0.00148235
220.5	0.00147754
220.6	0.00147164
220.7	0.00146507
220.8	0.00145591
220.9	0.00144703
221	0.00143693
221.1	0.00143243
221.2	0.00143111
221.3	0.00143466
221.4	0.00144309
221.5	0.00145314
221.6	0.00146569
221.7	0.00147985
221.8	0.0014951
221.9	0.00150727
222	0.00151319
222.1	0.00151957
222.2	0.00152784
222.3	0.00153888
222.4	0.0015496
222.5	0.00155624
222.6	0.00155631
222.7	0.00155464
222.8	0.00155684
222.9	0.00156274
223	0.00157121
223.1	0.00158469
223.2	0.00160027
223.3	0.00161463
223.4	0.00162788
223.5	0.00164509
223.6	0.00166523
223.7	0.00168422
223.8	0.00170352
223.9	0.00171984
224	0.00173441
224.1	0.00174752
224.2	0.00175828
224.3	0.00176635
224.4	0.00177167
224.5	0.00177604
224.6	0.00178307
224.7	0.00178857
224.8	0.00179282
224.9	0.00179983
225	0.00180784
225.1	0.00181536
225.2	0.00182701
225.3	0.0018391
225.4	0.00184462
225.5	0.00184723
225.6	0.00184967
225.7	0.00184703
225.8	0.00184144
225.9	0.00183892
226	0.00184102
226.1	0.0018413
226.2	0.00183713
226.3	0.00183022
226.4	0.00181839
226.5	0.00180738
226.6	0.00179542
226.7	0.00178354
226.8	0.00177472
226.9	0.00176679
227	0.00175912
227.1	0.00175355
227.2	0.00174832
227.3	0.00173817
227.4	0.00172181
227.5	0.00169636
227.6	0.00167142
227.7	0.00164338
227.8	0.00161198
227.9	0.00157353
228	0.00153232
228.1	0.00149055
228.2	0.00144934
228.3	0.0014088
228.4	0.00136634
228.5	0.00131965
228.6	0.001268
228.7	0.00121659
228.8	0.00116542
228.9	0.0011157
229	0.00106505
229.1	0.00101127
229.2	0.000957325
229.3	0.00090705
229.4	0.000855648
229.5	0.000805588
229.6	0.000757448
229.7	0.000710622
229.8	0.000668936
229.9	0.000622677
230	0.000577909
230.1	0.000533495
230.2	0.000484377
230.3	0.000436386
230.4	0.000391608
230.5	0.000350353
230.6	0.00031871
230.7	0.000290112
230.8	0.00026146
230.9	0.000231483
231	0.000201544
231.1	0.000174771
231.2	0.000147197
231.3	0.00011733
231.4	8.66836e-05
231.5	5.76654e-05
231.6	2.82361e-05
231.7	1.60698e-06
231.8	-2.07295e-05
231.9	-4.19197e-05
232	-6.23371e-05
232.1	-7.60112e-05
232.2	-8.5051e-05
232.3	-9.06878e-05
232.4	-9.42265e-05
232.5	-9.42027e-05
232.6	-9.17168e-05
232.7	-8.58749e-05
232.8	-7.89289e-05
232.9	-7.52993e-05
233	-6.87209e-05
233.1	-6.277e-05
233.2	-6.31083e-05
233.3	-6.62337e-05
233.4	-7.11112e-05
233.5	-7.87808e-05
233.6	-8.68711e-05
233.7	-9.9629e-05
233.8	-0.000111285
233.9	-0.000122269
234	-0.000131155
234.1	-0.000141021
234.2	-0.000157193
234.3	-0.000173842
234.4	-0.000193544
234.5	-0.000216511
234.6	-0.000235332
234.7	-0.000253663
234.8	-0.000268713
234.9	-0.000282429
235	-0.000300789
235.1	-0.000321405
235.2	-0.000339049
235.3	-0.000354893
235.4	-0.000369761
235.5	-0.000380515
235.6	-0.000391013
235.7	-0.000403769
235.8	-0.000420242
235.9	-0.000434893
236	-0.000449007
236.1	-0.000464139
236.2	-0.00048132
236.3	-0.000503288
236.4	-0.000525461
236.5	-0.00054827
236.6	-0.000573014
236.7	-0.000593668
236.8	-0.000609893
236.9	-0.000620616
237	-0.000626596
237.1	-0.000631439
237.2	-0.000639866
237.3	-0.000647609
237.4	-0.000659212
237.5	-0.000670732
237.6	-0.000679731
237.7	-0.000687977
237.8	-0.000697544
237.9	-0.000700357
238	-0.000701904
238.1	-0.000706116
238.2	-0.000711513
238.3	-0.000719394
238.4	-0.000734207
238.5	-0.000748921
238.6	-0.000762594
238.7	-0.000778676
238.8	-0.000797375
238.9	-0.000812961
239	-0.000823009
239.1	-0.000831978
239.2	-0.000843213
239.3	-0.000853985
239.4	-0.000864366
239.5	-0.000878421
239.6	-0.000900265
239.7	-0.000931733
239.8	-0.000970758
239.9	-0.00101858
240	-0.00106374
240.1	-0.00111075
240.2	-0.00116077
240.3	-0.00121318
240.4	-0.00126796
240.5	-0.00132054
240.6	-0.00137332
240.7	-0.00142509
240.8	-0.00148234
240.9	-0.00154132
241	-0.00160038
241.1	-0.00165453
241.2	-0.0017043
241.3	-0.00175168
241.4	-0.00179279
241.5	-0.00183046
241.6	-0.0018682
241.7	-0.00190858
241.8	-0.00195477
241.9	-0.00200285
242	-0.0020492
242.1	-0.002096
242.2	-0.00214618
242.3	-0.00219406
242.4	-0.002236
242.5	-0.00227711
242.6	-0.00231925
242.7	-0.00236117
242.8	-0.0023971
242.9	-0.00243212
243	-0.00246668
243.1	-0.00249757
243.2	-0.00252361
243.3	-0.00255001
243.4	-0.00257459
243.5	-0.00259655
243.6	-0.00261317
243.7	-0.00262544
243.8	-0.0026344
243.9	-0.00264165
244	-0.00264829
244.1	-0.00265559
244.2	-0.00266138
244.3	-0.0026668
244.4	-0.00266967
244.5	-0.00266881
244.6	-0.00266961
244.7	-0.00266646
244.8	-0.00266259
244.9	-0.00265685
245	-0.00264587
245.1	-0.00263675
245.2	-0.00262485
245.3	-0.00260885
245.4	-0.00258906
245.5	-0.00256688
245.6	-0.00254124
245.7	-0.00250671
245.8	-0.0024662
245.9	-0.00242502
246	-0.0023896
246.1	-0.00236041
246.2	-0.00233378
246.3	-0.00231356
246.4	-0.00229822
246.5	-0.00228646
246.6	-0.00227148
246.7	-0.00225286
246.8	-0.00223249
246.9	-0.00221352
247	-0.00219169
247.1	-0.00216933
247.2	-0.00214305
247.3	-0.00211416
247.4	-0.00208342
247.5	-0.00205287
247.6	-0.00202486
247.7	-0.00200012
247.8	-0.00197548
247.9	-0.0019577
248	-0.00194212
248.1	-0.00192383
248.2	-0.00190717
248.3	-0.0018886
248.4	-0.00186384
248.5	-0.0018315
248.6	-0.00179597
248.7	-0.00175395
248.8	-0.00171013
248.9	-0.00166915
249	-0.00163035
249.1	-0.00159423
249.2	-0.00155814
249.3	-0.0015163
249.4	-0.0014727
249.5	-0.00142867
249.6	-0.0013881
249.7	-0.00135003
249.8	-0.00131424
249.9	-0.00127862
250	-0.00124542
250.1	-0.0012065
250.2	-0.00116581
250.3	-0.00112717
250.4	-0.00109362
250.5	-0.00106142
250.6	-0.00102115
250.7	-0.00097546
250.8	-0.00092365
250.9	-0.000869706
251	-0.0008143
251.1	-0.000756725
251.2	-0.000696403
251.3	-0.000639806
251.4	-0.000584663
251.5	-0.00053103
251.6	-0.000480395
251.7	-0.000434556
251.8	-0.000388657
251.9	-0.000347881
252	-0.000312231
252.1	-0.000280262
252.2	-0.000248042
252.3	-0.00021269
252.4	-0.00017356
252.5	-0.000130674
252.6	-8.62017e-05
252.7	-3.79071e-05
252.8	1.16671e-05
252.9	6.2216e-05
253	0.000104933
253.1	0.000142935
253.2	0.000182643
253.3	0.000221088
253.4	0.000259792
253.5	0.000295469
253.6	0.000325125
253.7	0.000347035
253.8	0.000365275
253.9	0.000381259
254	0.000399234
254.1	0.00041632
254.2	0.00043508
254.3	0.000455553
254.4	0.000481023
254.5	0.000501032
254.6	0.000516877
254.7	0.000525052
254.8	0.000530759
254.9	0.000535765
255	0.00054219
255.1	0.000548099
255.2	0.00055712
255.3	0.000567405
255.4	0.000573756
255.5	0.000573991
255.6	0.000575407
255.7	0.000578659
255.8	0.00058164
255.9	0.000581672
256	0.000582753
256.1	0.000581461
256.2	0.000578861
256.3	0.000576397
256.4	0.000572291
256.5	0.000570956
256.6	0.000571462
256.7	0.000577502
256.8	0.000583151
256.9	0.000588514
257	0.000595802
257.1	0.000603291
257.2	0.000608269
257.3	0.000613391
257.4	0.000618095
257.5	0.000625364
257.6	0.000636943
257.7	0.00065129
257.8	0.000667087
257.9	0.000679336
258	0.000686693
258.1	0.000688899
258.2	0.000694093
258.3	0.000701997
258.4	0.000713503
258.5	0.000727521
258.6	0.000746808
258.7	0.000765169
258.8	0.000786405
258.9	0.000815756
259	0.000848244
259.1	0.000874969
259.2	0.000897611
259.3	0.000918416
259.4	0.000936199
259.5	0.000953611
259.6	0.000968009
259.7	0.000982594
259.8	0.00100096
259.9	0.00101913
260	0.00103536
260.1	0.00104956
260.2	0.00105968
260.3	0.0010638
260.4	0.00106034
260.5	0.00104906
260.6	0.00103498
260.7	0.00101785
260.8	0.00100389
260.9	0.000994396
261	0.000995376
261.1	0.00100029
261.2	0.00100917
261.3	0.00101934
261.4	0.00102616
261.5	0.00103223
261.6	0.00103593
261.7	0.00103624
261.8	0.00103995
261.9	0.00104675
262	0.00105261
262.1	0.00105727
262.2	0.00106196
262.3	0.00106986
262.4	0.001079
262.5	0.00108908
262.6	0.00109989
262.7	0.00111034
262.8	0.00111983
262.9	0.00112874
263	0.00113862
263.1	0.00115097
263.2	0.00116096
263.3	0.00116988
263.4	0.0011785
263.5	0.00118467
263.6	0.00118993
263.7	0.0011936
263.8	0.00119348
263.9	0.00119077
264	0.00118709
264.1	0.0011822
264.2	0.00117655
264.3	0.00117382
264.4	0.00116887
264.5	0.00116901
264.6	0.00117391
264.7	0.00117734
264.8	0.0011842
264.9	0.00119154
265	0.00120372
265.1	0.00122013
265.2	0.001232
265.3	0.00123879
265.4	0.00124218
265.5	0.00124719
265.6	0.00125065
265.7	0.00125052
265.8	0.0012466
265.9	0.00124392
266	0.00125298
266.1	0.00126506
266.2	0.00128322
266.3	0.00130307
266.4	0.00132348
266.5	0.00134614
266.6	0.0013699
266.7	0.00139566
266.8	0.00142514
266.9	0.00145326
267	0.00147591
267.1	0.00149854
267.2	0.00152107
267.3	0.00154597
267.4	0.00157785
267.5	0.00161028
267.6	0.00163991
267.7	0.00166133
267.8	0.00167732
267.9	0.00169349
268	0.00170686
268.1	0.00171677
268.2	0.00171891
268.3	0.00171923
268.4	0.00172338
268.5	0.00173188
268.6	0.00174527
268.7	0.00175588
268.8	0.00176241
268.9	0.00176268
269	0.00175708
269.1	0.00175022
269.2	0.00174394
269.3	0.00173899
269.4	0.00173702
269.5	0.00173526
269.6	0.00173553
269.7	0.0017397
269.8	0.00174503
269.9	0.00174998
270	0.00175616
270.1	0.00176322
270.2	0.00176939
270.3	0.00177825
270.4	0.00179022
270.5	0.00180728
270.6	0.00182448
270.7	0.00184335
270.8	0.00186801
270.9	0.00189682
271	0.00192673
271.1	0.00195922
271.2	0.00199238
271.3	0.00202553
271.4	0.00205924
271.5	0.00210086
271.6	0.00214295
271.7	0.00218131
271.8	0.00221389
271.9	0.00224096
272	0.00226757
272.1	0.00229428
272.2	0.00232473
272.3	0.00235949
272.4	0.0023973
272.5	0.00243367
272.6	0.0024675
272.7	0.00250385
272.8	0.00253827
272.9	0.00257288
273	0.00260203
273.1	0.00263126
273.2	0.00266072
273.3	0.00268811
273.4	0.00271851
273.5	0.00275234
273.6	0.00278983
273.7	0.00282747
273.8	0.00286484
273.9	0.00290354
274	0.00294748
274.1	0.00299638
274.2	0.00304935
274.3	0.00309963
274.4	0.00314455
274.5	0.00318682
274.6	0.00322673
274.7	0.00326769
274.8	0.0033083
274.9	0.00334132
275	0.00336785
275.1	0.0033909
275.2	0.0034081
275.3	0.00342099
275.4	0.00343185
275.5	0.00344275
275.6	0.00345583
275.7	0.00346935
275.8	0.00348115
275.9	0.00349185
276	0.00350325
276.1	0.00351061
276.2	0.00351326
276.3	0.00351509
276.4	0.00351862
276.5	0.00352534
276.6	0.0035275
276.7	0.00352617
276.8	0.00352108
276.9	0.00351735
277	0.00351498
277.1	0.00351878
277.2	0.00352263
277.3	0.00352609
277.4	0.00352759
277.5	0.0035282
277.6	0.00353403
277.7	0.00354573
277.8	0.00356444
277.9	0.0035866
278	0.00360487
278.1	0.00362123
278.2	0.00363905
278.3	0.00365977
278.4	0.00367858
278.5	0.00369382
278.6	0.00370824
278.7	0.00372825
278.8	0.00375105
278.9	0.00377054
279	0.00378406
279.1	0.00379124
279.2	0.00379178
279.3	0.00378953
279.4	0.00378035
279.5	0.00376831
279.6	0.00375485
279.7	0.00374123
279.8	0.0037278
279.9	0.00371889
280	0.00371265
280.1	0.00371228
280.2	0.00371235
280.3	0.00370937
280.4	0.00370712
280.5	0.00370004
280.6	0.00370046
280.7	0.00369789
280.8	0.00369773
280.9	0.00369327
281	0.00368066
281.1	0.00366393
281.2	0.00364422
281.3	0.00362076
281.4	0.00359764
281.5	0.00357282
281.6	0.00354501
281.7	0.00352053
281.8	0.00349342
281.9	0.00346136
282	0.00342968
282.1	0.00340154
282.2	0.00337683
282.3	0.00334837
282.4	0.00331408
282.5	0.00327651
282.6	0.00323933
282.7	0.00320307
282.8	0.00317386
282.9	0.00315021
283	0.00312565
283.1	0.00310312
283.2	0.0030805
283.3	0.00305772
283.4	0.00303631
283.5	0.00301717
283.6	0.00299663
283.7	0.00297655
283.8	0.00295989
283.9	0.00294276
284	0.00292379
284.1	0.00290898
284.2	0.0028951
284.3	0.00288434
284.4	0.00287335
284.5	0.00286468
284.6	0.00285855
284.7	0.00285207
284.8	0.00284314
284.9	0.00283423
285	0.00282322
285.1	0.00281433
285.2	0.00280896
285.3	0.00280413
285.4	0.00279978
285.5	0.00279511
285.6	0.00278768
285.7	0.00277856
285.8	0.00276872
285.9	0.00275769
286	0.0027413
286.1	0.00271957
286.2	0.00269896
286.3	0.00268074
286.4	0.00266169
286.5	0.00264266
286.6	0.00262272
286.7	0.00260176
286.8	0.00257872
286.9	0.00255079
287	0.00252214
287.1	0.00249192
287.2	0.00246418
287.3	0.00244089
287.4	0.00242182
287.5	0.00240748
287.6	0.00239568
287.7	0.0023807
287.8	0.00236536
287.9	0.00234897
288	0.00232919
288.1	0.00230716
288.2	0.00228813
288.3	0.00226553
288.4	0.00223958
288.5	0.00221375
288.6	0.00218832
288.7	0.00216557
288.8	0.0021427
288.9	0.00211624
289	0.00208562
289.1	0.0020519
289.2	0.00201587
289.3	0.00198423
289.4	0.00195681
289.5	0.00192942
289.6	0.00189815
289.7	0.00186069
289.8	0.00182134
289.9	0.00178188
290	0.0017423
290.1	0.00170057
290.2	0.00165819
290.3	0.00161683
290.4	0.00157791
290.5	0.00153841
290.6	0.00149941
290.7	0.00146076
290.8	0.00142426
290.9	0.00139415
291	0.00137346
291.1	0.00135368
291.2	0.00133947
291.3	0.00132919
291.4	0.00131991
291.5	0.0013098
291.6	0.00130332
291.7	0.00129399
291.8	0.00128811
291.9	0.00128461
292	0.00128452
292.1	0.00128554
292.2	0.00128552
292.3	0.00129046
292.4	0.00130423
292.5	0.00132655
292.6	0.00135527
292.7	0.00138399
292.8	0.00141472
292.9	0.00144252
293	0.00146404
293.1	0.00147959
293.2	0.00149507
293.3	0.001512
293.4	0.00152777
293.5	0.00154388
293.6	0.0015598
293.7	0.00157608
293.8	0.0015937
293.9	0.00161007
294	0.0016228
294.1	0.00163546
294.2	0.00164916
294.3	0.00166858
294.4	0.00169042
294.5	0.00171483
294.6	0.00174107
294.7	0.00176357
294.8	0.0017814
294.9	0.0017948
295	0.0018073
295.1	0.00182423
295.2	0.00184411
295.3	0.00186855
295.4	0.00189607
295.5	0.00192331
295.6	0.00194881
295.7	0.00197312
295.8	0.00200358
295.9	0.00203582
296	0.00206583
296.1	0.00209579
296.2	0.00212774
296.3	0.00216433
296.4	0.00220347
296.5	0.0022499
296.6	0.00230256
296.7	0.00236113
296.8	0.00241993
296.9	0.00247728
297	0.00253146
297.1	0.00258913
297.2	0.00264659
297.3	0.00270497
297.4	0.00276141
297.5	0.00281435
297.6	0.00287046
297.7	0.00292348
297.8	0.00297259
297.9	0.00302316
298	0.00307518
298.1	0.00312745
298.2	0.00317981
298.3	0.00323311
298.4	0.00329077
298.5	0.00335222
298.6	0.00341448
298.7	0.0034759
298.8	0.00353498
298.9	0.00358564
299	0.00362815
299.1	0.00366439
299.2	0.00369637
299.3	0.00372214
299.4	0.00374256
299.5	0.00376032
299.6	0.00377007
299.7	0.00377189
299.8	0.00376922
299.9	0.00376647
300	0.00376553
300.1	0.00377348
300.2	0.00378807
300.3	0.00380484
300.4	0.00381991
300.5	0.00383296
300.6	0.00384535
300.7	0.00385019
300.8	0.00385336
300.9	0.00385278
301	0.00385197
301.1	0.00384762
301.2	0.00384059
301.3	0.00383312
301.4	0.00382043
301.5	0.00380509
301.6	0.00378402
301.7	0.00375715
301.8	0.00372256
301.9	0.00368419
302	0.00364449
302.1	0.00360924
302.2	0.00357595
302.3	0.00354341
302.4	0.00352079
302.5	0.0035014
302.6	0.00347703
302.7	0.00345133
302.8	0.00342801
302.9	0.00340669
303	0.00338672
303.1	0.00336752
303.2	0.00334603
303.3	0.00332546
303.4	0.00330631
303.5	0.00328813
303.6	0.00327273
303.7	0.00325437
303.8	0.00323304
303.9	0.00321194
304	0.00318848
304.1	0.00316614
304.2	0.00314416
304.3	0.00312029
304.4	0.0030949
304.5	0.00306768
304.6	0.00304334
304.7	0.00302053
304.8	0.00299755
304.9	0.00297603
305	0.00295642
305.1	0.00293339
305.2	0.00290998
305.3	0.00288723
305.4	0.00286272
305.5	0.00283343
305.6	0.00279725
305.7	0.00276082
305.8	0.00273009
305.9	0.00270191
306	0.002678
306.1	0.00265589
306.2	0.00263292
306.3	0.00261116
306.4	0.00259383
306.5	0.0025766
306.6	0.00255468
306.7	0.00253528
306.8	0.00251541
306.9	0.00249893
307	0.00247501
307.1	0.00244867
307.2	0.00242251
307.3	0.00239784
307.4	0.0023724
307.5	0.00234919
307.6	0.00232997
307.7	0.00230758
307.8	0.00227733
307.9	0.00223913
308	0.00219681
308.1	0.00215415
308.2	0.00210903
308.3	0.0020645
308.4	0.00201707
308.5	0.00196739
308.6	0.00192243
308.7	0.00188441
308.8	0.00185351
308.9	0.00182427
309	0.00179573
309.1	0.00177042
309.2	0.00174988
309.3	0.00172993
309.4	0.00170685
309.5	0.00168295
309.6	0.00166277
309.7	0.00164461
309.8	0.00162413
309.9	0.00160371
310	0.00158344
310.1	0.00156651
310.2	0.0015487
310.3	0.00153024
310.4	0.00151043
310.5	0.00149326
310.6	0.00147881
310.7	0.00146347
310.8	0.00144612
310.9	0.00143172
311	0.00141889
311.1	0.00140671
311.2	0.00139304
311.3	0.00138248
311.4	0.00137483
311.5	0.00136841
311.6	0.00136548
311.7	0.00136441
311.8	0.00136468
311.9	0.00136175
312	0.00135914
312.1	0.00135637
312.2	0.00135454
312.3	0.00135318
312.4	0.00135017
312.5	0.00135036
312.6	0.00135181
312.7	0.00135381
312.8	0.00136159
312.9	0.00136833
313	0.00137521
313.1	0.00138318
313.2	0.00139134
313.3	0.00140176
313.4	0.00141272
313.5	0.00142813
313.6	0.00144653
313.7	0.00146522
313.8	0.00148119
313.9	0.0014901
314	0.00149672
314.1	0.00150266
314.2	0.00150643
314.3	0.00151053
314.4	0.00151324
314.5	0.00151381
314.6	0.00151331
314.7	0.00151345
314.8	0.00150805
314.9	0.00150143
315	0.00149134
315.1	0.00147673
315.2	0.00145739
315.3	0.0014388
315.4	0.00141709
315.5	0.00139499
315.6	0.00137328
315.7	0.0013543
315.8	0.00132922
315.9	0.00130178
316	0.00126985
316.1	0.00123879
316.2	0.00120432
316.3	0.00117128
316.4	0.00113577
316.5	0.00110163
316.6	0.00106768
316.7	0.0010314
316.8	0.000991614
316.9	0.000945763
317	0.000899857
317.1	0.000856298
317.2	0.000810059
317.3	0.000757752
317.4	0.000703867
317.5	0.000647646
317.6	0.000592825
317.7	0.000534966
317.8	0.000474261
317.9	0.000414823
318	0.000353964
318.1	0.000289493
318.2	0.000220468
318.3	0.000152284
318.4	8.36213e-05
318.5	9.33466e-06
318.6	-7.06387e-05
318.7	-0.0001538
318.8	-0.000241115
318.9	-0.000326788
319	-0.000412679
319.1	-0.000501075
319.2	-0.000589768
319.3	-0.000675407
319.4	-0.000756551
319.5	-0.000833213
319.6	-0.000912461
319.7	-0.000994359
319.8	-0.00107733
319.9	-0.00115816
320	-0.00123354
320.1	-0.00130721
320.2	-0.00137772
320.3	-0.00144186
320.4	-0.0015025
320.5	-0.00156011
320.6	-0.00161331
320.7	-0.00166055
320.8	-0.00170601
320.9	-0.00174761
321	-0.00178165
321.1	-0.00181524
321.2	-0.00185256
321.3	-0.0018894
321.4	-0.00192468
321.5	-0.00195797
321.6	-0.00199057
321.7	-0.00202987
321.8	-0.00207624
321.9	-0.00212083
322	-0.0021611
322.1	-0.00219758
322.2	-0.00223141
322.3	-0.0022683
322.4	-0.00230496
322.5	-0.00234135
322.6	-0.00238267
322.7	-0.00242784
322.8	-0.00247237
322.9	-0.00251692
323	-0.0025602
323.1	-0.00260408
323.2	-0.00265229
323.3	-0.00270293
323.4	-0.00275438
323.5	-0.00280546
323.6	-0.00285469
323.7	-0.00290152
323.8	-0.00294439
323.9	-0.00298406
324	-0.0030257
324.1	-0.00306615
324.2	-0.00310001
324.3	-0.00312964
324.4	-0.00315613
324.5	-0.00317962
324.6	-0.00320052
324.7	-0.00321954
324.8	-0.00323387
324.9	-0.0032473
325	-0.00326225
325.1	-0.00327875
325.2	-0.00329694
325.3	-0.00331409
325.4	-0.00333212
325.5	-0.00335244
325.6	-0.00337388
325.7	-0.00339387
325.8	-0.00341331
325.9	-0.00343068
326	-0.00344405
326.1	-0.00345488
326.2	-0.00346351
326.3	-0.00347565
326.4	-0.00348524
326.5	-0.00349282
326.6	-0.00349672
326.7	-0.00350494
326.8	-0.00351615
326.9	-0.00352516
327	-0.00353387
327.1	-0.0035461
327.2	-0.00356117
327.3	-0.00357482
327.4	-0.00358371
327.5	-0.00358482
327.6	-0.0035803
327.7	-0.00357133
327.8	-0.00356064
327.9	-0.00354732
328	-0.00353257
328.1	-0.0035168
328.2	-0.00349922
328.3	-0.00347863
328.4	-0.00345094
328.5	-0.00341853
328.6	-0.00338551
328.7	-0.00335156
328.8	-0.00331358
328.9	-0.00327123
329	-0.00322566
329.1	-0.00317719
329.2	-0.00312261
329.3	-0.00306668
329.4	-0.00300879
329.5	-0.00294984
329.6	-0.00288762
329.7	-0.00282483
329.8	-0.00276375
329.9	-0.00270476
330	-0.00264821
330.1	-0.00259891
330.2	-0.00254912
330.3	-0.00249736
330.4	-0.00244489
330.5	-0.00239086
330.6	-0.00233067
330.7	-0.00226626
330.8	-0.00219993
330.9	-0.00213857
331	-0.0020839
331.1	-0.00203134
331.2	-0.00197847
331.3	-0.00192059
331.4	-0.00185827
331.5	-0.00179922
331.6	-0.00174339
331.7	-0.00168847
331.8	-0.00163946
331.9	-0.00159781
332	-0.0015608
332.1	-0.00152466
332.2	-0.001487
332.3	-0.00144799
332.4	-0.00140477
332.5	-0.00135958
332.6	-0.00131574
332.7	-0.00127331
332.8	-0.0012343
332.9	-0.00119644
333	-0.0011592
333.1	-0.0011238
333.2	-0.00109033
333.3	-0.00105808
333.4	-0.00102896
333.5	-0.00100223
333.6	-0.000972756
333.7	-0.000945353
333.8	-0.000924062
333.9	-0.000907997
334	-0.000895868
334.1	-0.000887625
334.2	-0.000885137
334.3	-0.000883928
334.4	-0.000881747
334.5	-0.000877383
334.6	-0.000872508
334.7	-0.000867688
334.8	-0.000868
334.9	-0.000872869
335	-0.000882613
335.1	-0.000892159
335.2	-0.000907381
335.3	-0.000925659
335.4	-0.00094158
335.5	-0.000952035
335.6	-0.000960026
335.7	-0.000973127
335.8	-0.000990961
335.9	-0.00101095
336	-0.00103188
336.1	-0.00105586
336.2	-0.00108057
336.3	-0.00110305
336.4	-0.00111856
336.5	-0.00113377
336.6	-0.0011478
336.7	-0.00116173
336.8	-0.00117287
336.9	-0.00117901
337	-0.00117852
337.1	-0.00117655
337.2	-0.00117316
337.3	-0.00116738
337.4	-0.00116366
337.5	-0.00116174
337.6	-0.00115807
337.7	-0.00115052
337.8	-0.00114442
337.9	-0.00114103
338	-0.0011386
338.1	-0.00113481
338.2	-0.00112953
338.3	-0.00112859
338.4	-0.00112918
338.5	-0.00113443
338.6	-0.00114348
338.7	-0.00115105
338.8	-0.00115737
338.9	-0.00116622
339	-0.00117857
339.1	-0.00119776
339.2	-0.00122153
339.3	-0.00124774
339.4	-0.00127299
339.5	-0.00129599
339.6	-0.00131505
339.7	-0.00132977
339.8	-0.00134227
339.9	-0.00135286
340	-0.00136267
340.1	-0.00137582
340.2	-0.00138668
340.3	-0.00139712
340.4	-0.00140366
340.5	-0.00140389
340.6	-0.00140022
340.7	-0.00139232
340.8	-0.00138089
340.9	-0.00136715
341	-0.00134813
341.1	-0.00132452
341.2	-0.00129475
341.3	-0.00126641
341.4	-0.00123465
341.5	-0.0011982
341.6	-0.00116328
341.7	-0.00113381
341.8	-0.00110718
341.9	-0.00108318
342	-0.00106026
342.1	-0.00104065
342.2	-0.00102291
342.3	-0.00100506
342.4	-0.000985688
342.5	-0.000962326
342.6	-0.00094227
342.7	-0.000922812
342.8	-0.000909618
342.9	-0.000903621
343	-0.000899932
343.1	-0.000896481
343.2	-0.000899368
343.3	-0.000906539
343.4	-0.000917881
343.5	-0.000929884
343.6	-0.000938608
343.7	-0.000946019
343.8	-0.000951315
343.9	-0.000953038
344	-0.000953925
344.1	-0.000951386
344.2	-0.000951557
344.3	-0.000950375
344.4	-0.000940933
344.5	-0.000929781
344.6	-0.000913906
344.7	-0.000899699
344.8	-0.000883472
344.9	-0.00086825
345	-0.000853423
345.1	-0.000844153
345.2	-0.000840558
345.3	-0.000837821
345.4	-0.000835886
345.5	-0.000838437
345.6	-0.000844308
345.7	-0.000852696
345.8	-0.000859239
345.9	-0.000861478
346	-0.000859449
346.1	-0.000855245
346.2	-0.000853409
346.3	-0.000850538
346.4	-0.000848286
346.5	-0.000845898
346.6	-0.000839844
346.7	-0.000827441
346.8	-0.000814292
346.9	-0.000799492
347	-0.000788706
347.1	-0.000777624
347.2	-0.000768776
347.3	-0.000760186
347.4	-0.00075028
347.5	-0.000733172
347.6	-0.000712132
347.7	-0.000682516
347.8	-0.000645766
347.9	-0.00060873
348	-0.000571643
348.1	-0.000538338
348.2	-0.0005051
348.3	-0.000474486
348.4	-0.000443106
348.5	-0.000416866
348.6	-0.000390859
348.7	-0.000367765
348.8	-0.000347879
348.9	-0.000329179
349	-0.000315088
349.1	-0.000305151
349.2	-0.000294476
349.3	-0.000284256
349.4	-0.000275364
349.5	-0.000262496
349.6	-0.000248124
349.7	-0.000233973
349.8	-0.000218833
349.9	-0.000197745
350	-0.000171774
350.1	-0.000145343
350.2	-0.000120174
350.3	-9.49415e-05
350.4	-6.63191e-05
350.5	-3.42645e-05
350.6	-1.3754e-06
350.7	3.33341e-05
350.8	7.02833e-05
350.9	0.000106531
351	0.00014458
351.1	0.00018829
351.2	0.000233546
351.3	0.000276053
351.4	0.000317052
351.5	0.000358358
351.6	0.000394889
351.7	0.000431063
351.8	0.000468577
351.9	0.00050872
352	0.000554121
352.1	0.000602163
352.2	0.000649976
352.3	0.00069534
352.4	0.000742054
352.5	0.000790752
352.6	0.000840054
352.7	0.000889218
352.8	0.000939972
352.9	0.000989622
353	0.00103805
353.1	0.00108574
353.2	0.0011339
353.3	0.00117806
353.4	0.00121708
353.5	0.0012551
353.6	0.00129189
353.7	0.00132483
353.8	0.00135834
353.9	0.00139543
354	0.00143123
354.1	0.00147074
354.2	0.00151552
354.3	0.00156332
354.4	0.00160499
354.5	0.0016499
354.6	0.00169171
354.7	0.00173702
354.8	0.0017787
354.9	0.00181908
355	0.00185696
355.1	0.0018902
355.2	0.00191963
355.3	0.00194621
355.4	0.00197404
355.5	0.00199777
355.6	0.00202004
355.7	0.00204153
355.8	0.00205878
355.9	0.00206784
356	0.00207561
356.1	0.00208257
356.2	0.0020931
356.3	0.00210843
356.4	0.00212458
356.5	0.00214352
356.6	0.00217074
356.7	0.00219851
356.8	0.00223038
356.9	0.00226605
357	0.0022974
357.1	0.00232479
357.2	0.00235347
357.3	0.00238002
357.4	0.00241029
357.5	0.00244363
357.6	0.0024774
357.7	0.00251194
357.8	0.00254563
357.9	0.00258085
358	0.00262109
358.1	0.00265967
358.2	0.00269122
358.3	0.00271857
358.4	0.00274212
358.5	0.00276576
358.6	0.00279082
358.7	0.00281822
358.8	0.00284394
358.9	0.00286722
359	0.00289058
359.1	0.00291137
359.2	0.00293417
359.3	0.00295736
359.4	0.00298352
359.5	0.00300678
359.6	0.00302686
359.7	0.00304656
359.8	0.00306772
359.9	0.003091
360	0.00311303
360.1	0.00313122
360.2	0.00314604
360.3	0.00316008
360.4	0.00316999
360.5	0.00317155
360.6	0.00316947
360.7	0.00316243
360.8	0.0031558
360.9	0.00314379
361	0.00313092
361.1	0.00311737
361.2	0.00310303
361.3	0.00308364
361.4	0.00306499
361.5	0.0030461
361.6	0.0030244
361.7	0.00300269
361.8	0.00298286
361.9	0.00296096
362	0.00293909
362.1	0.00292096
362.2	0.00290364
362.3	0.00288802
362.4	0.00286829
362.5	0.00284653
362.6	0.00282693
362.7	0.00280788
362.8	0.00278656
362.9	0.00276644
363	0.00275069
363.1	0.00273507
363.2	0.00271687
363.3	0.00269805
363.4	0.00267632
363.5	0.00265587
363.6	0.00264133
363.7	0.00262329
363.8	0.00260284
363.9	0.0025793
364	0.0025509
364.1	0.00252566
364.2	0.00249809
364.3	0.00246511
364.4	0.00243188
364.5	0.00240104
364.6	0.0023735
364.7	0.00235434
364.8	0.00233946
364.9	0.00233009
365	0.00232158
365.1	0.0023107
365.2	0.00230117
365.3	0.00229597
365.4	0.00229357
365.5	0.00228736
365.6	0.00228053
365.7	0.00227686
365.8	0.00227902
365.9	0.00228102
366	0.00228503
366.1	0.00228915
366.2	0.00229523
366.3	0.00229918
366.4	0.00230497
366.5	0.00231295
366.6	0.00232527
366.7	0.00233714
366.8	0.00235031
366.9	0.00236802
367	0.00238958
367.1	0.00241394
367.2	0.00244142
367.3	0.00246774
367.4	0.00249402
367.5	0.0025175
367.6	0.00253705
367.7	0.00255416
367.8	0.00256796
367.9	0.0025797
368	0.00259084
368.1	0.00259796
368.2	0.00259954
368.3	0.00259728
368.4	0.00259105
368.5	0.00258656
368.6	0.00258242
368.7	0.00258254
368.8	0.00258358
368.9	0.00258732
369	0.00258791
369.1	0.00258936
369.2	0.00258861
369.3	0.00258333
369.4	0.00257749
369.5	0.00257192
369.6	0.00257013
369.7	0.00256921
369.8	0.00257124
369.9	0.00257443
370	0.00257811
370.1	0.00257988
370.2	0.00257894
370.3	0.0025813
370.4	0.00258169
370.5	0.00258067
370.6	0.00257934
370.7	0.00258183
370.8	0.00258843
370.9	0.00259551
371	0.00259598
371.1	0.00259353
371.2	0.00259012
371.3	0.00258568
371.4	0.00258087
371.5	0.00257391
371.6	0.00255989
371.7	0.00254754
371.8	0.00253959
371.9	0.00253462
372	0.00253097
372.1	0.00253276
372.2	0.00253679
372.3	0.00254371
372.4	0.00255585
372.5	0.0025695
372.6	0.00257976
372.7	0.0025891
372.8	0.00259424
372.9	0.00259982
373	0.00260977
373.1	0.00262003
373.2	0.00262379
373.3	0.00262755
373.4	0.00263467
373.5	0.00264314
373.6	0.00265135
373.7	0.00266136
373.8	0.0026719
373.9	0.00268018
374	0.00268747
374.1	0.00269381
374.2	0.0026956
374.3	0.00269698
374.4	0.00269966
374.5	0.00270634
374.6	0.00271493
374.7	0.00272149
374.8	0.00272314
374.9	0.00272716
375	0.00273164
375.1	0.00273486
375.2	0.00273362
375.3	0.00273155
375.4	0.00272749
375.5	0.00272016
375.6	0.00271607
375.7	0.00271401
375.8	0.00270602
375.9	0.00269704
376	0.00268726
376.1	0.00268295
376.2	0.00268313
376.3	0.00268066
376.4	0.00267074
376.5	0.00265882
376.6	0.00265056
376.7	0.00263742
376.8	0.00262969
376.9	0.00262149
377	0.00260685
377.1	0.00259254
377.2	0.00257845
377.3	0.00256434
377.4	0.00255311
377.5	0.00254515
377.6	0.00253829
377.7	0.00253006
377.8	0.00252569
377.9	0.00252778
378	0.00253596
378.1	0.00255148
378.2	0.00257192
378.3	0.00259732
378.4	0.00262722
378.5	0.00266097
378.6	0.00269646
378.7	0.00273285
378.8	0.00276765
378.9	0.00279894
379	0.00282041
379.1	0.0028392
379.2	0.00286144
379.3	0.00288644
379.4	0.00291343
379.5	0.0029418
379.6	0.00297056
379.7	0.00299288
379.8	0.00300515
379.9	0.00301171
380	0.00301925
380.1	0.00302367
380.2	0.00302968
380.3	0.0030323
380.4	0.00303029
380.5	0.00302687
380.6	0.00302344
380.7	0.00302168
380.8	0.00302329
380.9	0.00302951
381	0.00303613
381.1	0.00304553
381.2	0.00306052
381.3	0.00307748
381.4	0.00309267
381.5	0.00310751
381.6	0.00312221
381.7	0.00313714
381.8	0.00315212
381.9	0.00316919
382	0.00318714
382.1	0.00320121
382.2	0.00321891
382.3	0.00323754
382.4	0.00325571
382.5	0.00327268
382.6	0.00328479
382.7	0.00329659
382.8	0.00331199
382.9	0.00332814
383	0.0033466
383.1	0.00336274
383.2	0.00337288
383.3	0.00337523
383.4	0.00337247
383.5	0.00336993
383.6	0.00336582
383.7	0.00335653
383.8	0.00334621
383.9	0.00333513
384	0.00332527
384.1	0.0033143
384.2	0.00330942
384.3	0.00331027
384.4	0.00331334
384.5	0.00331947
384.6	0.00332527
384.7	0.00333507
384.8	0.00334328
384.9	0.00334788
385	0.00335345
385.1	0.00335821
385.2	0.00336437
385.3	0.00336906
385.4	0.00337187
385.5	0.00337376
385.6	0.00337721
385.7	0.0033833
385.8	0.00338938
385.9	0.00339883
386	0.00340917
386.1	0.00341659
386.2	0.00342604
386.3	0.00343912
386.4	0.00345613
386.5	0.00346707
386.6	0.00348231
386.7	0.00350005
386.8	0.00352067
386.9	0.00353389
387	0.00354577
387.1	0.00355402
387.2	0.00356083
387.3	0.00356469
387.4	0.00356841
387.5	0.00357183
387.6	0.00357556
387.7	0.00358173
387.8	0.00358857
387.9	0.0035992
388	0.00361233
388.1	0.00362882
388.2	0.00364271
388.3	0.00365055
388.4	0.00365369
388.5	0.00365074
388.6	0.00364826
388.7	0.00364691
388.8	0.00364383
388.9	0.00364063
389	0.00363691
389.1	0.00363329
389.2	0.00362548
389.3	0.00361483
389.4	0.00360456
389.5	0.0035932
389.6	0.0035857
389.7	0.00357542
389.8	0.00356504
389.9	0.00354945
390	0.00353154
390.1	0.00351022
390.2	0.00348262
390.3	0.00345214
390.4	0.00342054
390.5	0.00339031
390.6	0.0033545
390.7	0.00331607
390.8	0.00327664
390.9	0.00323542
391	0.00319716
391.1	0.00316171
391.2	0.00312609
391.3	0.00309285
391.4	0.0030607
391.5	0.0030296
391.6	0.00299383
391.7	0.00295774
391.8	0.00292392
391.9	0.00289432
392	0.00286052
392.1	0.00282553
392.2	0.00278487
392.3	0.00274748
392.4	0.00271537
392.5	0.00268414
392.6	0.00265573
392.7	0.00262883
392.8	0.00260788
392.9	0.00258605
393	0.00255853
393.1	0.00252872
393.2	0.0024983
393.3	0.00247048
393.4	0.00244306
393.5	0.00241216
393.6	0.00238071
393.7	0.00234757
393.8	0.00230685
393.9	0.00226467
394	0.00222153
394.1	0.00218235
394.2	0.00214342
394.3	0.00210431
394.4	0.00206522
394.5	0.00203011
394.6	0.00199731
394.7	0.00196321
394.8	0.00192777
394.9	0.00189739
395	0.00187256
395.1	0.00184423
395.2	0.001815
395.3	0.00178548
395.4	0.00175389
395.5	0.00171735
395.6	0.0016838
395.7	0.00164709
395.8	0.00161345
395.9	0.00158101
396	0.00154604
396.1	0.00151342
396.2	0.00148075
396.3	0.00144748
396.4	0.00141184
396.5	0.0013795
396.6	0.00135518
396.7	0.00133312
396.8	0.00130888
396.9	0.0012839
397	0.00126049
397.1	0.00123371
397.2	0.00120914
397.3	0.00118168
397.4	0.0011559
397.5	0.00112733
397.6	0.00109637
397.7	0.00105834
397.8	0.0010176
397.9	0.000975817
398	0.000934461
398.1	0.000895962
398.2	0.000856151
398.3	0.000818341
398.4	0.000784584
398.5	0.000749369
398.6	0.000703295
398.7	0.000653054
398.8	0.000597833
398.9	0.000544719
399	0.000490327
399.1	0.000437612
399.2	0.000381166
399.3	0.000327551
399.4	0.000272345
399.5	0.000221319
399.6	0.000169415
399.7	0.000114426
399.8	5.63727e-05
399.9	5.3279e-07
400	-5.20989e-05
400.1	-9.78544e-05
400.2	-0.000133557
400.3	-0.000166127
400.4	-0.000191749
400.5	-0.000211499
400.6	-0.000230763
400.7	-0.000246497
400.8	-0.00026499
400.9	-0.000282788
401	-0.000301235
401.1	-0.000318278
401.2	-0.000338736
401.3	-0.000365838
401.4	-0.000396468
401.5	-0.000424825
401.6	-0.000450207
401.7	-0.000470021
401.8	-0.000489252
401.9	-0.000509467
402	-0.000528586
402.1	-0.000552265
402.2	-0.000580434
402.3	-0.000609411
402.4	-0.000637621
402.5	-0.000664423
402.6	-0.000690955
402.7	-0.000717109
402.8	-0.000742014
402.9	-0.000773882
403	-0.000811404
403.1	-0.000852233
403.2	-0.000891381
403.3	-0.000927577
403.4	-0.000963664
403.5	-0.000998724
403.6	-0.00102948
403.7	-0.00105541
403.8	-0.00107966
403.9	-0.00109825
404	-0.00111067
404.1	-0.00111944
404.2	-0.00112336
404.3	-0.00112287
404.4	-0.00112095
404.5	-0.00111191
404.6	-0.001101
404.7	-0.00108951
404.8	-0.00107758
404.9	-0.0010652
405	-0.0010509
405.1	-0.00103889
405.2	-0.00102725
405.3	-0.00101324
405.4	-0.000999766
405.5	-0.000988125
405.6	-0.000972334
405.7	-0.00095211
405.8	-0.000931033
405.9	-0.000907168
406	-0.000882139
406.1	-0.000858695
406.2	-0.000837773
406.3	-0.000819279
406.4	-0.000803607
406.5	-0.000794614
406.6	-0.000785479
406.7	-0.000779213
406.8	-0.000775319
406.9	-0.000773172
407	-0.00077195
407.1	-0.00076751
407.2	-0.000768429
407.3	-0.000771403
407.4	-0.0007798
407.5	-0.000784012
407.6	-0.000785077
407.7	-0.000789839
407.8	-0.0007982
407.9	-0.000807153
408	-0.000819508
408.1	-0.000832266
408.2	-0.000844975
408.3	-0.00085709
408.4	-0.00087021
408.5	-0.000886526
408.6	-0.00090112
408.7	-0.000909212
408.8	-0.000913981
408.9	-0.000913473
409	-0.000916043
409.1	-0.000923952
409.2	-0.000929698
409.3	-0.000936433
409.4	-0.000943442
409.5	-0.000947473
409.6	-0.000947556
409.7	-0.000943312
409.8	-0.000937855
409.9	-0.000934582
410	-0.000932928
410.1	-0.000927311
410.2	-0.000915826
410.3	-0.000899241
410.4	-0.000876369
410.5	-0.000852488
410.6	-0.000828223
410.7	-0.000805445
410.8	-0.000786082
410.9	-0.000765935
411	-0.000746902
411.1	-0.000733849
411.2	-0.000720213
411.3	-0.000706669
411.4	-0.000693925
411.5	-0.000680589
411.6	-0.000667954
411.7	-0.000663444
411.8	-0.00066439
411.9	-0.000667894
412	-0.000670385
412.1	-0.000677095
412.2	-0.000683714
412.3	-0.000691328
412.4	-0.000698132
412.5	-0.000709623
412.6	-0.000724343
412.7	-0.000739496
412.8	-0.000761451
412.9	-0.000786986
413	-0.000812977
413.1	-0.000838656
413.2	-0.000867682
413.3	-0.00089508
413.4	-0.000919635
413.5	-0.00093941
413.6	-0.000952808
413.7	-0.000958677
413.8	-0.000963857
413.9	-0.00096872
414	-0.000973758
414.1	-0.000976622
414.2	-0.000979495
414.3	-0.000981433
414.4	-0.000983869
414.5	-0.000990073
414.6	-0.000996939
414.7	-0.000999372
414.8	-0.000998662
414.9	-0.000998084
415	-0.000998022
415.1	-0.00100365
415.2	-0.00101206
415.3	-0.00102118
415.4	-0.00102698
415.5	-0.00102496
415.6	-0.00101236
415.7	-0.000995147
415.8	-0.000974067
415.9	-0.000954791
416	-0.000934438
416.1	-0.000916822
416.2	-0.00090192
416.3	-0.000890282
416.4	-0.00087674
416.5	-0.000859869
416.6	-0.000842472
416.7	-0.000826751
416.8	-0.000814895
416.9	-0.000803603
417	-0.000794759
417.1	-0.00078737
417.2	-0.000783573
417.3	-0.000780353
417.4	-0.000774183
417.5	-0.000766473
417.6	-0.00076015
417.7	-0.00074961
417.8	-0.000737399
417.9	-0.000727625
418	-0.000722962
418.1	-0.000721985
418.2	-0.000721467
418.3	-0.000726907
418.4	-0.000735791
418.5	-0.000745379
418.6	-0.0007561
418.7	-0.000773287
418.8	-0.000792034
418.9	-0.000813108
419	-0.000828102
419.1	-0.000838808
419.2	-0.000850111
419.3	-0.000862576
419.4	-0.000873837
419.5	-0.000886219
419.6	-0.000903001
419.7	-0.000923962
419.8	-0.00094829
419.9	-0.000972856
420	-0.000999155
420.1	-0.00102711
420.2	-0.00105323
420.3	-0.00107594
420.4	-0.00109825
420.5	-0.00111682
420.6	-0.00112821
420.7	-0.00114434
420.8	-0.00116698
420.9	-0.00119222
421	-0.00122015
421.1	-0.00124933
421.2	-0.00127792
421.3	-0.00130482
421.4	-0.00132699
421.5	-0.00135143
421.6	-0.00137905
421.7	-0.0014027
421.8	-0.00142521
421.9	-0.00144726
422	-0.0014651
422.1	-0.00147757
422.2	-0.00148994
422.3	-0.00150348
422.4	-0.00151534
422.5	-0.00152807
422.6	-0.00154338
422.7	-0.00155768
422.8	-0.00157369
422.9	-0.0015937
423	-0.00161519
423.1	-0.00163988
423.2	-0.00166982
423.3	-0.00169801
423.4	-0.00172519
423.5	-0.00175074
423.6	-0.0017716
423.7	-0.00178832
423.8	-0.00180187
423.9	-0.00181265
424	-0.00182389
424.1	-0.00183369
424.2	-0.00184458
424.3	-0.00185479
424.4	-0.00186632
424.5	-0.00187811
424.6	-0.00189041
424.7	-0.00190246
424.8	-0.00191105
424.9	-0.00192036
425	-0.00192695
425.1	-0.00193227
425.2	-0.00194224
425.3	-0.00195406
425.4	-0.00196554
425.5	-0.00197995
425.6	-0.00199615
425.7	-0.00201474
425.8	-0.0020289
425.9	-0.00203798
426	-0.00204017
426.1	-0.00203792
426.2	-0.0020355
426.3	-0.00203412
426.4	-0.00203389
426.5	-0.0020338
426.6	-0.00203497
426.7	-0.00203756
426.8	-0.00203717
426.9	-0.00203314
427	-0.00202925
427.1	-0.00202261
427.2	-0.00201178
427.3	-0.00199772
427.4	-0.00198493
427.5	-0.00197125
427.6	-0.00195702
427.7	-0.00193985
427.8	-0.00192361
427.9	-0.00191031
428	-0.00189653
428.1	-0.00187754
428.2	-0.00185807
428.3	-0.00184616
428.4	-0.00183397
428.5	-0.0018201
428.6	-0.00180489
428.7	-0.00178157
428.8	-0.00175101
428.9	-0.00171514
429	-0.00167989
429.1	-0.00164768
429.2	-0.00161815
429.3	-0.00159007
429.4	-0.00155796
429.5	-0.00152143
429.6	-0.0014798
429.7	-0.0014375
429.8	-0.00139406
429.9	-0.00134868
430	-0.00130466
430.1	-0.00125645
430.2	-0.00121033
430.3	-0.00116581
430.4	-0.00112415
430.5	-0.00108227
430.6	-0.0010357
430.7	-0.00098847
430.8	-0.000940051
430.9	-0.000885776
431	-0.000824826
431.1	-0.000767628
431.2	-0.000716474
431.3	-0.000667304
431.4	-0.000619147
431.5	-0.000578025
431.6	-0.000547264
431.7	-0.000522959
431.8	-0.000503982
431.9	-0.00048364
432	-0.000459327
432.1	-0.000432682
432.2	-0.000403211
432.3	-0.000373619
432.4	-0.000345189
432.5	-0.000321084
432.6	-0.000300513
432.7	-0.000275729
432.8	-0.00024906
432.9	-0.000218021
433	-0.000177901
433.1	-0.000134345
433.2	-8.75369e-05
433.3	-3.91094e-05
433.4	9.55264e-06
433.5	5.28263e-05
433.6	9.38728e-05
433.7	0.000132918
433.8	0.000173332
433.9	0.00021391
434	0.000256966
434.1	0.000307119
434.2	0.000362019
434.3	0.000421385
434.4	0.000480189
434.5	0.000537728
434.6	0.000594632
434.7	0.000657155
434.8	0.000726541
434.9	0.000800194
435	0.000878891
435.1	0.000960897
435.2	0.00104259
435.3	0.00112286
435.4	0.00120877
435.5	0.00129907
435.6	0.00138833
435.7	0.00147202
435.8	0.00155091
435.9	0.00162024
436	0.00168515
436.1	0.00174941
436.2	0.00181082
436.3	0.0018638
436.4	0.00191612
436.5	0.00196808
436.6	0.0020148
436.7	0.00205749
436.8	0.00209692
436.9	0.00213617
437	0.00217044
437.1	0.00220349
437.2	0.00223322
437.3	0.0022589
437.4	0.00227871
437.5	0.00229764
437.6	0.00232134
437.7	0.00234056
437.8	0.00235872
437.9	0.00238288
438	0.00240665
438.1	0.00242587
438.2	0.0024424
438.3	0.00245517
438.4	0.00246877
438.5	0.00248193
438.6	0.00249119
438.7	0.00250695
438.8	0.00253348
438.9	0.002567
439	0.00260168
439.1	0.00263763
439.2	0.00267449
439.3	0.00271064
439.4	0.00274331
439.5	0.00277415
439.6	0.00280377
439.7	0.0028304
439.8	0.00285598
439.9	0.00287881
440	0.00290357
440.1	0.00293171
440.2	0.00296053
440.3	0.00299077
440.4	0.00301666
440.5	0.00303558
440.6	0.00305031
440.7	0.00306249
440.8	0.00307246
440.9	0.00307928
441	0.00308528
441.1	0.00309117
441.2	0.00309488
441.3	0.00309633
441.4	0.0031019
441.5	0.00310903
441.6	0.00311613
441.7	0.00312004
441.8	0.00312043
441.9	0.00312048
442	0.00312012
442.1	0.00312011
442.2	0.0031202
442.3	0.0031198
442.4	0.00311973
442.5	0.00312006
442.6	0.0031185
442.7	0.00311436
442.8	0.00310769
442.9	0.00309832
443	0.00308433
443.1	0.0030652
443.2	0.00304631
443.3	0.00303296
443.4	0.00301775
443.5	0.00299633
443.6	0.00297356
443.7	0.00294934
443.8	0.00292774
443.9	0.00291016
444	0.00289236
444.1	0.00287744
444.2	0.00286382
444.3	0.00284736
444.4	0.00282927
444.5	0.00280891
444.6	0.00278845
444.7	0.00277405
444.8	0.00276009
444.9	0.00274002
445	0.00272011
445.1	0.00269863
445.2	0.00267725
445.3	0.00265551
445.4	0.00263697
445.5	0.00261951
445.6	0.00260789
445.7	0.00259983
445.8	0.00259105
445.9	0.00258184
446	0.0025708
446.1	0.00255996
446.2	0.00255249
446.3	0.00254504
446.4	0.00253521
446.5	0.00252793
446.6	0.00252135
446.7	0.00251182
446.8	0.00250089
446.9	0.00248451
447	0.00246759
447.1	0.00245717
447.2	0.00245374
447.3	0.00245642
447.4	0.00245688
447.5	0.00245845
447.6	0.00245693
447.7	0.00245319
447.8	0.00244962
447.9	0.00244825
448	0.00244653
448.1	0.00244286
448.2	0.00243905
448.3	0.00243408
448.4	0.00242655
448.5	0.00241893
448.6	0.00241156
448.7	0.0024075
448.8	0.00240679
448.9	0.0024049
449	0.00240287
449.1	0.00239876
449.2	0.00239722
449.3	0.0023967
449.4	0.00240089
449.5	0.00240998
449.6	0.00241964
449.7	0.00242699
449.8	0.00243025
449.9	0.00243391
450	0.00243419
450.1	0.00242935
450.2	0.00242095
450.3	0.00241259
450.4	0.00240427
450.5	0.00239589
450.6	0.00238625
450.7	0.00237402
450.8	0.00236456
450.9	0.00236134
451	0.0023664
451.1	0.00237131
451.2	0.00237143
451.3	0.00237435
451.4	0.00238317
451.5	0.00239194
451.6	0.00240263
451.7	0.00241449
451.8	0.00242512
451.9	0.00243149
452	0.00243487
452.1	0.00243719
452.2	0.00244254
452.3	0.00245596
452.4	0.00247698
452.5	0.00249457
452.6	0.002513
452.7	0.00252791
452.8	0.00253594
452.9	0.00254105
453	0.00254393
453.1	0.00254792
453.2	0.00255511
453.3	0.00256697
453.4	0.00258017
453.5	0.0025933
453.6	0.00260548
453.7	0.00261898
453.8	0.00263208
453.9	0.00264968
454	0.00266809
454.1	0.00269224
454.2	0.00271479
454.3	0.00273256
454.4	0.00275094
454.5	0.00277178
454.6	0.00279406
454.7	0.00282209
454.8	0.00285704
454.9	0.00289485
455	0.00293463
455.1	0.0029732
455.2	0.00300805
455.3	0.00303563
455.4	0.00306443
455.5	0.00309198
455.6	0.00311469
455.7	0.00313659
455.8	0.00315652
455.9	0.00317292
456	0.00318301
456.1	0.00318671
456.2	0.00319098
456.3	0.00319332
456.4	0.00319531
456.5	0.00319693
456.6	0.00320192
456.7	0.00320352
456.8	0.00320103
456.9	0.00319871
457	0.00319644
457.1	0.00319411
457.2	0.00318625
457.3	0.00317664
457.4	0.00316498
457.5	0.00315558
457.6	0.00314724
457.7	0.00313942
457.8	0.00313524
457.9	0.00313638
458	0.00314276
458.1	0.00315436
458.2	0.00316827
458.3	0.00318191
458.4	0.003199
458.5	0.00322049
458.6	0.00324385
458.7	0.00326316
458.8	0.00327835
458.9	0.00328781
459	0.00329172
459.1	0.00329263
459.2	0.00329258
459.3	0.00329656
459.4	0.0032982
459.5	0.00329956
459.6	0.00329712
459.7	0.00329154
459.8	0.00328513
459.9	0.00327521
460	0.00326113
460.1	0.00324686
460.2	0.00322971
460.3	0.00320881
460.4	0.00318916
460.5	0.00317575
460.6	0.00316308
460.7	0.00315064
460.8	0.00314144
460.9	0.0031293
461	0.00311563
461.1	0.00310632
461.2	0.0030951
461.3	0.00308064
461.4	0.00306191
461.5	0.00304005
461.6	0.00301534
461.7	0.00299369
461.8	0.00297548
461.9	0.00295898
462	0.0029474
462.1	0.00293765
462.2	0.00292973
462.3	0.00292045
462.4	0.00291442
462.5	0.00291359
462.6	0.00291022
462.7	0.00290657
462.8	0.00290109
462.9	0.00289322
463	0.00288617
463.1	0.00288191
463.2	0.00287968
463.3	0.00288176
463.4	0.00288668
463.5	0.00289162
463.6	0.0028946
463.7	0.00289781
463.8	0.00290077
463.9	0.00291238
464	0.00292581
464.1	0.00293822
464.2	0.00295493
464.3	0.00297327
464.4	0.00298746
464.5	0.00300292
464.6	0.00302399
464.7	0.00304756
464.8	0.0030685
464.9	0.00309176
465	0.00311577
465.1	0.00314444
465.2	0.00317291
465.3	0.00320092
465.4	0.00323093
465.5	0.00325901
465.6	0.00328727
465.7	0.00332153
465.8	0.00335748
465.9	0.00339398
466	0.00342208
466.1	0.00344514
466.2	0.00346782
466.3	0.00349034
466.4	0.00351316
466.5	0.00353089
466.6	0.00354693
466.7	0.0035626
466.8	0.00357241
466.9	0.00357962
467	0.0035882
467.1	0.00359362
467.2	0.00359778
467.3	0.0036033
467.4	0.00360595
467.5	0.0036113
467.6	0.00362026
467.7	0.00362822
467.8	0.00363593
467.9	0.0036437
468	0.00365576
468.1	0.0036696
468.2	0.00368537
468.3	0.00370056
468.4	0.00371843
468.5	0.00373749
468.6	0.00375512
468.7	0.00376637
468.8	0.00377132
468.9	0.00377063
469	0.00376529
469.1	0.00375184
469.2	0.00373845
469.3	0.003726
469.4	0.00371365
469.5	0.00370012
469.6	0.00368638
469.7	0.00367564
469.8	0.00366334
469.9	0.00365475
470	0.00364776
470.1	0.00363683
470.2	0.00362654
470.3	0.0036173
470.4	0.00360936
470.5	0.00360499
470.6	0.00360315
470.7	0.00360774
470.8	0.00361771
470.9	0.00362572
471	0.00362959
471.1	0.00363084
471.2	0.00363288
471.3	0.00362967
471.4	0.0036197
471.5	0.00360905
471.6	0.00359643
471.7	0.003579
471.8	0.00356367
471.9	0.00355019
472	0.00353497
472.1	0.00351546
472.2	0.0034921
472.3	0.0034675
472.4	0.0034431
472.5	0.00341702
472.6	0.00339101
472.7	0.00336335
472.8	0.00333584
472.9	0.0033101
473	0.00328147
473.1	0.00325026
473.2	0.00321885
473.3	0.00318594
473.4	0.00315708
473.5	0.00312637
473.6	0.00309681
473.7	0.00306531
473.8	0.00303477
473.9	0.00300475
474	0.00297495
474.1	0.0029427
474.2	0.00291046
474.3	0.00288254
474.4	0.00285546
474.5	0.00282231
474.6	0.00278064
474.7	0.00273607
474.8	0.00268994
474.9	0.00264068
475	0.00259082
475.1	0.00253561
475.2	0.00247739
475.3	0.00241339
475.4	0.00235018
475.5	0.00228559
475.6	0.00222295
475.7	0.00216147
475.8	0.00210165
475.9	0.00203837
476	0.00197831
476.1	0.0019228
476.2	0.00187018
476.3	0.00181694
476.4	0.00176805
476.5	0.00172307
476.6	0.00168014
476.7	0.00163374
476.8	0.00158627
476.9	0.00153839
477	0.00148891
477.1	0.00143713
477.2	0.0013839
477.3	0.00132763
477.4	0.0012676
477.5	0.00120459
477.6	0.00114062
477.7	0.00108139
477.8	0.00102756
477.9	0.000976939
478	0.000922024
478.1	0.000868288
478.2	0.000818462
478.3	0.000775685
478.4	0.000738132
478.5	0.000703164
478.6	0.000673026
478.7	0.000648679
478.8	0.000631773
478.9	0.000618691
479	0.000605206
479.1	0.000592109
479.2	0.000579658
479.3	0.000567982
479.4	0.000553538
479.5	0.00053483
479.6	0.000516947
479.7	0.000503965
479.8	0.000498723
479.9	0.000494997
480	0.000488319
480.1	0.000479696
480.2	0.000469417
480.3	0.000458154
480.4	0.000444687
480.5	0.000431671
480.6	0.00041924
480.7	0.000407225
480.8	0.000388983
480.9	0.00037108
481	0.000356636
481.1	0.000339432
481.2	0.000324064
481.3	0.000311893
481.4	0.000301278
481.5	0.000288999
481.6	0.000275096
481.7	0.000264196
481.8	0.00025175
481.9	0.000238572
482	0.000223079
482.1	0.000208086
482.2	0.000191526
482.3	0.000178238
482.4	0.000170472
482.5	0.000162744
482.6	0.000157619
482.7	0.000147628
482.8	0.000132678
482.9	0.000112193
483	9.17435e-05
483.1	7.04459e-05
483.2	5.09727e-05
483.3	3.15471e-05
483.4	1.32573e-05
483.5	-2.82198e-06
483.6	-1.95472e-05
483.7	-3.85069e-05
483.8	-5.85299e-05
483.9	-7.73738e-05
484	-9.40646e-05
484.1	-0.000108488
484.2	-0.000121566
484.3	-0.000131016
484.4	-0.000140395
484.5	-0.000151471
484.6	-0.00016071
484.7	-0.0001681
484.8	-0.000171212
484.9	-0.000175903
485	-0.000177967
485.1	-0.000183408
485.2	-0.00019362
485.3	-0.000205932
485.4	-0.000222131
485.5	-0.000241055
485.6	-0.000263583
485.7	-0.000290836
485.8	-0.000318366
485.9	-0.000345035
486	-0.000371186
486.1	-0.000399168
486.2	-0.000428456
486.3	-0.000459619
486.4	-0.000490247
486.5	-0.00051953
486.6	-0.000549803
486.7	-0.000577031
486.8	-0.000601492
486.9	-0.000621927
487	-0.000640133
487.1	-0.000661323
487.2	-0.000686003
487.3	-0.000711982
487.4	-0.000742793
487.5	-0.000776375
487.6	-0.000808525
487.7	-0.000840372
487.8	-0.000869737
487.9	-0.000894647
488	-0.000910139
488.1	-0.00091837
488.2	-0.00091786
488.3	-0.000904348
488.4	-0.000888127
488.5	-0.000876564
488.6	-0.000868726
488.7	-0.000861073
488.8	-0.000855656
488.9	-0.000848542
489	-0.000842162
489.1	-0.000835975
489.2	-0.000829113
489.3	-0.000817844
489.4	-0.000805823
489.5	-0.000790868
489.6	-0.000779605
489.7	-0.00077086
489.8	-0.000762055
489.9	-0.00075409
490	-0.000750469
490.1	-0.000749117
490.2	-0.000754994
490.3	-0.000761218
490.4	-0.000767628
490.5	-0.000777151
490.6	-0.000785525
490.7	-0.000792921
490.8	-0.0007986
490.9	-0.000801783
491	-0.000800043
491.1	-0.000792239
491.2	-0.000783675
491.3	-0.000777464
491.4	-0.00077552
491.5	-0.000775787
491.6	-0.000774146
491.7	-0.000771192
491.8	-0.000768992
491.9	-0.000766485
492	-0.000767463
492.1	-0.000769936
492.2	-0.000770209
492.3	-0.000767123
492.4	-0.000769967
492.5	-0.000782523
492.6	-0.000801265
492.7	-0.000821752
492.8	-0.000848448
492.9	-0.000876699
493	-0.000901758
493.1	-0.000928669
493.2	-0.000959459
493.3	-0.00099712
493.4	-0.00104022
493.5	-0.00108325
493.6	-0.00112229
493.7	-0.00115692
493.8	-0.00118704
493.9	-0.00121639
494	-0.00124614
494.1	-0.00127402
494.2	-0.00130108
494.3	-0.00133046
494.4	-0.00135845
494.5	-0.00138849
494.6	-0.00142538
494.7	-0.00146466
494.8	-0.00150288
494.9	-0.00153596
495	-0.00156652
495.1	-0.00159303
495.2	-0.00161811
495.3	-0.00164595
495.4	-0.00167724
495.5	-0.0017138
495.6	-0.00175252
495.7	-0.00178346
495.8	-0.00180871
495.9	-0.00183216
496	-0.00185878
496.1	-0.00188704
496.2	-0.00191456
496.3	-0.00193728
496.4	-0.00195683
496.5	-0.00197687
496.6	-0.00199946
496.7	-0.00202136
496.8	-0.00204323
496.9	-0.00206242
497	-0.00207643
497.1	-0.00208251
497.2	-0.00208474
497.3	-0.00208191
497.4	-0.00207942
497.5	-0.00208136
497.6	-0.00208662
497.7	-0.00209147
497.8	-0.00210012
497.9	-0.0021137
498	-0.00213141
498.1	-0.00215852
498.2	-0.00218836
498.3	-0.00222199
498.4	-0.00225586
498.5	-0.00228931
498.6	-0.00232487
498.7	-0.00236035
498.8	-0.0023996
498.9	-0.00244411
499	-0.00248502
499.1	-0.00252248
499.2	-0.00255638
499.3	-0.00259095
499.4	-0.00262481
499.5	-0.00265536
499.6	-0.00268637
499.7	-0.00271741
499.8	-0.00274887
499.9	-0.00277978
500	-0.00281171
