LagTime	Correlation

0	0.668791
0.1	0.663771
0.2	0.656288
0.3	0.648262
0.4	0.640175
0.5	0.632146
0.6	0.624207
0.7	0.616367
0.8	0.608624
0.9	0.600979
1	0.593424
1.1	0.585966
1.2	0.5786
1.3	0.57133
1.4	0.564153
1.5	0.557067
1.6	0.550072
1.7	0.543168
1.8	0.53635
1.9	0.529619
2	0.522967
2.1	0.516397
2.2	0.509909
2.3	0.503502
2.4	0.497175
2.5	0.490926
2.6	0.484751
2.7	0.478654
2.8	0.472637
2.9	0.466701
3	0.460841
3.1	0.45506
3.2	0.449358
3.3	0.443734
3.4	0.438182
3.5	0.432699
3.6	0.427284
3.7	0.421938
3.8	0.416663
3.9	0.411454
4	0.406308
4.1	0.401226
4.2	0.39621
4.3	0.391261
4.4	0.386374
4.5	0.381547
4.6	0.376785
4.7	0.372083
4.8	0.367439
4.9	0.362853
5	0.358331
5.1	0.353868
5.2	0.349462
5.3	0.345116
5.4	0.340829
5.5	0.336598
5.6	0.332418
5.7	0.328286
5.8	0.324201
5.9	0.32017
6	0.316191
6.1	0.312262
6.2	0.308384
6.3	0.304554
6.4	0.300774
6.5	0.297043
6.6	0.293361
6.7	0.289726
6.8	0.286135
6.9	0.282588
7	0.279083
7.1	0.275621
7.2	0.272204
7.3	0.268833
7.4	0.265504
7.5	0.262216
7.6	0.258966
7.7	0.25576
7.8	0.2526
7.9	0.249483
8	0.246409
8.1	0.243371
8.2	0.240369
8.3	0.237407
8.4	0.234488
8.5	0.231611
8.6	0.228773
8.7	0.225971
8.8	0.223205
8.9	0.220479
9	0.217782
9.1	0.215124
9.2	0.212503
9.3	0.209911
9.4	0.207347
9.5	0.20481
9.6	0.202298
9.7	0.199813
9.8	0.197358
9.9	0.194934
10	0.192535
10.1	0.190166
10.2	0.18783
10.3	0.185523
10.4	0.183243
10.5	0.180993
10.6	0.178771
10.7	0.176574
10.8	0.174399
10.9	0.172246
11	0.170121
11.1	0.168023
11.2	0.165952
11.3	0.163907
11.4	0.161889
11.5	0.159898
11.6	0.157929
11.7	0.155981
11.8	0.154054
11.9	0.152145
12	0.150259
12.1	0.148396
12.2	0.146558
12.3	0.144745
12.4	0.142955
12.5	0.141185
12.6	0.139433
12.7	0.137697
12.8	0.135978
12.9	0.134282
13	0.132604
13.1	0.130946
13.2	0.12931
13.3	0.127697
13.4	0.126107
13.5	0.124535
13.6	0.122983
13.7	0.121452
13.8	0.119937
13.9	0.118443
14	0.116974
14.1	0.115519
14.2	0.114084
14.3	0.112669
14.4	0.11128
14.5	0.109913
14.6	0.108561
14.7	0.107228
14.8	0.105909
14.9	0.104607
15	0.103324
15.1	0.102053
15.2	0.100796
15.3	0.0995509
15.4	0.0983262
15.5	0.097116
15.6	0.0959196
15.7	0.0947433
15.8	0.093588
15.9	0.0924497
16	0.0913283
16.1	0.0902229
16.2	0.0891381
16.3	0.0880663
16.4	0.0870056
16.5	0.085956
16.6	0.0849187
16.7	0.0838918
16.8	0.0828817
16.9	0.0818875
17	0.080909
17.1	0.0799452
17.2	0.0789886
17.3	0.0780426
17.4	0.0771105
17.5	0.0761854
17.6	0.0752701
17.7	0.0743594
17.8	0.073455
17.9	0.0725661
18	0.0716922
18.1	0.0708318
18.2	0.0699793
18.3	0.0691293
18.4	0.068281
18.5	0.0674441
18.6	0.0666229
18.7	0.0658135
18.8	0.065015
18.9	0.0642263
19	0.0634459
19.1	0.062671
19.2	0.0618989
19.3	0.0611357
19.4	0.0603804
19.5	0.059641
19.6	0.0589117
19.7	0.0581909
19.8	0.0574762
19.9	0.0567722
20	0.0560773
20.1	0.055384
20.2	0.0546991
20.3	0.0540237
20.4	0.0533615
20.5	0.0527069
20.6	0.052061
20.7	0.0514254
20.8	0.050803
20.9	0.0501908
21	0.0495894
21.1	0.0490012
21.2	0.0484213
21.3	0.0478463
21.4	0.0472724
21.5	0.0467058
21.6	0.046147
21.7	0.045592
21.8	0.0450411
21.9	0.0444881
22	0.0439361
22.1	0.0433856
22.2	0.0428437
22.3	0.0423072
22.4	0.0417745
22.5	0.0412448
22.6	0.0407235
22.7	0.0402073
22.8	0.0396957
22.9	0.0391894
23	0.0386889
23.1	0.038194
23.2	0.0377033
23.3	0.0372181
23.4	0.0367407
23.5	0.0362715
23.6	0.0358083
23.7	0.0353501
23.8	0.0349033
23.9	0.0344665
24	0.0340373
24.1	0.0336108
24.2	0.0331852
24.3	0.0327642
24.4	0.0323482
24.5	0.0319379
24.6	0.0315322
24.7	0.0311309
24.8	0.030732
24.9	0.0303385
25	0.0299487
25.1	0.0295628
25.2	0.0291849
25.3	0.0288105
25.4	0.0284426
25.5	0.0280811
25.6	0.0277239
25.7	0.0273679
25.8	0.0270174
25.9	0.0266738
26	0.026337
26.1	0.0260086
26.2	0.0256837
26.3	0.0253621
26.4	0.0250425
26.5	0.0247255
26.6	0.024413
26.7	0.0241054
26.8	0.0237976
26.9	0.0234916
27	0.0231899
27.1	0.0228909
27.2	0.0225969
27.3	0.0223068
27.4	0.0220216
27.5	0.0217367
27.6	0.0214563
27.7	0.0211814
27.8	0.0209092
27.9	0.0206329
28	0.0203594
28.1	0.0200914
28.2	0.0198271
28.3	0.0195607
28.4	0.0192943
28.5	0.0190261
28.6	0.0187655
28.7	0.0185057
28.8	0.0182533
28.9	0.0180067
29	0.0177659
29.1	0.0175304
29.2	0.017303
29.3	0.0170745
29.4	0.0168412
29.5	0.0166097
29.6	0.016385
29.7	0.0161679
29.8	0.0159522
29.9	0.0157386
30	0.0155325
30.1	0.0153325
30.2	0.0151341
30.3	0.0149353
30.4	0.0147402
30.5	0.0145509
30.6	0.0143652
30.7	0.0141848
30.8	0.0140085
30.9	0.0138352
31	0.0136665
31.1	0.0134992
31.2	0.0133365
31.3	0.0131782
31.4	0.0130227
31.5	0.0128675
31.6	0.0127138
31.7	0.0125612
31.8	0.0124118
31.9	0.0122648
32	0.0121167
32.1	0.0119711
32.2	0.0118249
32.3	0.0116761
32.4	0.0115261
32.5	0.0113755
32.6	0.0112222
32.7	0.0110654
32.8	0.0109077
32.9	0.010745
33	0.0105793
33.1	0.0104138
33.2	0.0102501
33.3	0.0100868
33.4	0.0099174
33.5	0.00974455
33.6	0.00956937
33.7	0.00939575
33.8	0.00922113
33.9	0.0090446
34	0.00887272
34.1	0.00870185
34.2	0.00853173
34.3	0.00836356
34.4	0.00820126
34.5	0.00804145
34.6	0.00788353
34.7	0.00772927
34.8	0.00757966
34.9	0.00742926
35	0.00727733
35.1	0.00712626
35.2	0.00698206
35.3	0.00684427
35.4	0.00671193
35.5	0.0065798
35.6	0.00644916
35.7	0.00632059
35.8	0.00618941
35.9	0.00605652
36	0.00592419
36.1	0.00579186
36.2	0.00566176
36.3	0.00553991
36.4	0.0054284
36.5	0.00531979
36.6	0.00521089
36.7	0.00509946
36.8	0.00498732
36.9	0.00487334
37	0.00475983
37.1	0.00464776
37.2	0.00453733
37.3	0.00442626
37.4	0.0043179
37.5	0.00420796
37.6	0.00409548
37.7	0.00398474
37.8	0.00387404
37.9	0.00376651
38	0.00366002
38.1	0.0035512
38.2	0.00344386
38.3	0.00334033
38.4	0.00323863
38.5	0.00314115
38.6	0.00304688
38.7	0.00295541
38.8	0.00286746
38.9	0.00277913
39	0.00269156
39.1	0.00260689
39.2	0.0025298
39.3	0.00245546
39.4	0.00238106
39.5	0.00230793
39.6	0.00223681
39.7	0.00216799
39.8	0.00210164
39.9	0.00203403
40	0.00196858
40.1	0.00190165
40.2	0.00183329
40.3	0.00176142
40.4	0.00168938
40.5	0.00161659
40.6	0.00154552
40.7	0.0014757
40.8	0.00140891
40.9	0.00134562
41	0.00128744
41.1	0.00123421
41.2	0.00118458
41.3	0.00112935
41.4	0.00107448
41.5	0.00101859
41.6	0.00096092
41.7	0.000900562
41.8	0.000837579
41.9	0.000772611
42	0.000705606
42.1	0.000634654
42.2	0.000565399
42.3	0.000500619
42.4	0.000437633
42.5	0.000371284
42.6	0.000304182
42.7	0.000241791
42.8	0.000181795
42.9	0.000126681
43	7.30309e-05
43.1	2.06943e-05
43.2	-2.52381e-05
43.3	-6.56593e-05
43.4	-0.000100714
43.5	-0.000131374
43.6	-0.00016126
43.7	-0.000186348
43.8	-0.000209891
43.9	-0.000234983
44	-0.000260507
44.1	-0.000284794
44.2	-0.000306413
44.3	-0.000327141
44.4	-0.000345128
44.5	-0.00035791
44.6	-0.000368654
44.7	-0.000378
44.8	-0.000381505
44.9	-0.000381912
45	-0.000382893
45.1	-0.000387856
45.2	-0.000395273
45.3	-0.000404241
45.4	-0.000416424
45.5	-0.000425558
45.6	-0.000436439
45.7	-0.0004467
45.8	-0.000456242
45.9	-0.000465719
46	-0.00047484
46.1	-0.000479061
46.2	-0.000480913
46.3	-0.000481136
46.4	-0.000484631
46.5	-0.000487766
46.6	-0.000492072
46.7	-0.000498999
46.8	-0.000511646
46.9	-0.000525636
47	-0.000537355
47.1	-0.000550757
47.2	-0.000565296
47.3	-0.000582921
47.4	-0.000601083
47.5	-0.000619553
47.6	-0.000635488
47.7	-0.000644338
47.8	-0.000645167
47.9	-0.000645677
48	-0.000652825
48.1	-0.000661302
48.2	-0.000669453
48.3	-0.000678453
48.4	-0.000687914
48.5	-0.000698051
48.6	-0.000708652
48.7	-0.000721935
48.8	-0.000742431
48.9	-0.000764859
49	-0.000794097
49.1	-0.000825547
49.2	-0.000857601
49.3	-0.000885265
49.4	-0.000910681
49.5	-0.000932633
49.6	-0.000948646
49.7	-0.000958353
49.8	-0.000967801
49.9	-0.000975936
50	-0.000985056
50.1	-0.00099902
50.2	-0.00101544
50.3	-0.00103103
50.4	-0.00104877
50.5	-0.00106704
50.6	-0.0010888
50.7	-0.00111756
50.8	-0.00114885
50.9	-0.00118023
51	-0.00121216
51.1	-0.00124253
51.2	-0.00127613
51.3	-0.00131176
51.4	-0.00134863
51.5	-0.0013826
51.6	-0.00141539
51.7	-0.00144282
51.8	-0.0014669
51.9	-0.00148876
52	-0.00151319
52.1	-0.00153295
52.2	-0.00154877
52.3	-0.00156359
52.4	-0.00157866
52.5	-0.00159561
52.6	-0.00161822
52.7	-0.00164601
52.8	-0.00167636
52.9	-0.00170944
53	-0.00174476
53.1	-0.00177801
53.2	-0.00180351
53.3	-0.00182376
53.4	-0.0018416
53.5	-0.00186333
53.6	-0.0018837
53.7	-0.00190097
53.8	-0.00191282
53.9	-0.00192107
54	-0.00193077
54.1	-0.00194113
54.2	-0.00195069
54.3	-0.00195343
54.4	-0.00195927
54.5	-0.00196948
54.6	-0.00198231
54.7	-0.00199826
54.8	-0.00201634
54.9	-0.00203405
55	-0.0020548
55.1	-0.00207568
55.2	-0.00209691
55.3	-0.00212202
55.4	-0.0021482
55.5	-0.00217261
55.6	-0.00218762
55.7	-0.00219032
55.8	-0.00218619
55.9	-0.00218029
56	-0.0021765
56.1	-0.00218001
56.2	-0.00218772
56.3	-0.00219229
56.4	-0.00219857
56.5	-0.00220874
56.6	-0.00222455
56.7	-0.00224326
56.8	-0.00226356
56.9	-0.00228663
57	-0.00230799
57.1	-0.00232764
57.2	-0.00234605
57.3	-0.00236528
57.4	-0.00238003
57.5	-0.00238917
57.6	-0.00239261
57.7	-0.00239402
57.8	-0.00239384
57.9	-0.00239379
58	-0.00239713
58.1	-0.00240421
58.2	-0.00241587
58.3	-0.00243071
58.4	-0.00244737
58.5	-0.00246596
58.6	-0.0024866
58.7	-0.00250433
58.8	-0.00251538
58.9	-0.0025159
59	-0.00250903
59.1	-0.00249958
59.2	-0.00249072
59.3	-0.00248112
59.4	-0.00247077
59.5	-0.00246479
59.6	-0.00246083
59.7	-0.00245727
59.8	-0.00245115
59.9	-0.00244154
60	-0.0024292
60.1	-0.00241539
60.2	-0.00239829
60.3	-0.00237686
60.4	-0.00235543
60.5	-0.0023346
60.6	-0.00231335
60.7	-0.00228893
60.8	-0.00226376
60.9	-0.00224163
61	-0.00222502
61.1	-0.00221017
61.2	-0.00219289
61.3	-0.00217545
61.4	-0.00215965
61.5	-0.00214331
61.6	-0.00212806
61.7	-0.00211086
61.8	-0.00208912
61.9	-0.00206423
62	-0.00204028
62.1	-0.00201555
62.2	-0.00198966
62.3	-0.00196716
62.4	-0.00194919
62.5	-0.00193554
62.6	-0.00192793
62.7	-0.00191974
62.8	-0.00191242
62.9	-0.00190606
63	-0.0019037
63.1	-0.0019044
63.2	-0.00190436
63.3	-0.00190457
63.4	-0.00190551
63.5	-0.00190214
63.6	-0.00189641
63.7	-0.00189092
63.8	-0.00188352
63.9	-0.00187811
64	-0.00186757
64.1	-0.00185516
64.2	-0.00184347
64.3	-0.00183265
64.4	-0.0018205
64.5	-0.00181318
64.6	-0.0018106
64.7	-0.00180987
64.8	-0.00180868
64.9	-0.00180242
65	-0.00180115
65.1	-0.00179927
65.2	-0.00179741
65.3	-0.00179551
65.4	-0.00179399
65.5	-0.0017898
65.6	-0.00178178
65.7	-0.00177218
65.8	-0.00176083
65.9	-0.00174864
66	-0.00173501
66.1	-0.00172167
66.2	-0.00170462
66.3	-0.00168594
66.4	-0.0016663
66.5	-0.00164452
66.6	-0.00162465
66.7	-0.00160821
66.8	-0.00159163
66.9	-0.00157367
67	-0.0015557
67.1	-0.00154276
67.2	-0.00153437
67.3	-0.00153451
67.4	-0.00153666
67.5	-0.00153834
67.6	-0.00154358
67.7	-0.00154607
67.8	-0.00154473
67.9	-0.00154079
68	-0.00153136
68.1	-0.00151706
68.2	-0.00149742
68.3	-0.00147521
68.4	-0.00145198
68.5	-0.0014299
68.6	-0.00140829
68.7	-0.00138345
68.8	-0.00135655
68.9	-0.00132655
69	-0.00129914
69.1	-0.00127643
69.2	-0.00125531
69.3	-0.0012315
69.4	-0.00120467
69.5	-0.00117772
69.6	-0.00115033
69.7	-0.0011253
69.8	-0.00110477
69.9	-0.00108452
70	-0.00106915
70.1	-0.00105925
70.2	-0.00105174
70.3	-0.00104331
70.4	-0.00103956
70.5	-0.00103368
70.6	-0.00102592
70.7	-0.00102108
70.8	-0.00101557
70.9	-0.00100811
71	-0.000999514
71.1	-0.000993415
71.2	-0.0009928
71.3	-0.000989285
71.4	-0.000987327
71.5	-0.000980803
71.6	-0.000974161
71.7	-0.000967992
71.8	-0.000966236
71.9	-0.000965413
72	-0.000962924
72.1	-0.000953935
72.2	-0.000936932
72.3	-0.000918583
72.4	-0.000895358
72.5	-0.000867226
72.6	-0.000836416
72.7	-0.000810636
72.8	-0.000786051
72.9	-0.000767529
73	-0.00075521
73.1	-0.000742564
73.2	-0.000731062
73.3	-0.000721997
73.4	-0.000710373
73.5	-0.000698138
73.6	-0.000686194
73.7	-0.000670141
73.8	-0.000651773
73.9	-0.000632208
74	-0.00061475
74.1	-0.000598313
74.2	-0.000582774
74.3	-0.000570793
74.4	-0.000562858
74.5	-0.000557252
74.6	-0.000551598
74.7	-0.000548831
74.8	-0.000546991
74.9	-0.000549632
75	-0.000553209
75.1	-0.000559545
75.2	-0.000567486
75.3	-0.000576817
75.4	-0.000584655
75.5	-0.000589343
75.6	-0.000593271
75.7	-0.000595924
75.8	-0.000597816
75.9	-0.000598826
76	-0.000599016
76.1	-0.000598985
76.2	-0.000595785
76.3	-0.000587182
76.4	-0.00057393
76.5	-0.000560533
76.6	-0.0005474
76.7	-0.000538618
76.8	-0.000538774
76.9	-0.000543945
77	-0.000549224
77.1	-0.000555318
77.2	-0.000558033
77.3	-0.000553646
77.4	-0.000549634
77.5	-0.000548562
77.6	-0.000550765
77.7	-0.000557274
77.8	-0.000568041
77.9	-0.000579515
78	-0.000587202
78.1	-0.000595224
78.2	-0.000607826
78.3	-0.000628188
78.4	-0.000652262
78.5	-0.000675804
78.6	-0.000700909
78.7	-0.000729832
78.8	-0.000753666
78.9	-0.000772736
79	-0.000789027
79.1	-0.000805056
79.2	-0.000824553
79.3	-0.000840144
79.4	-0.000856474
79.5	-0.000869345
79.6	-0.000879766
79.7	-0.000889939
79.8	-0.000901365
79.9	-0.000913178
80	-0.000926393
80.1	-0.000943719
80.2	-0.000962452
80.3	-0.000981643
80.4	-0.000999942
80.5	-0.00101986
80.6	-0.00103836
80.7	-0.00104824
80.8	-0.00105512
80.9	-0.00106083
81	-0.00106046
81.1	-0.00105227
81.2	-0.00104138
81.3	-0.00102701
81.4	-0.00101054
81.5	-0.000986449
81.6	-0.000961279
81.7	-0.00093971
81.8	-0.000917455
81.9	-0.000892681
82	-0.000870084
82.1	-0.000850066
82.2	-0.000830099
82.3	-0.000816128
82.4	-0.000797479
82.5	-0.000782353
82.6	-0.000769807
82.7	-0.000756641
82.8	-0.000747858
82.9	-0.000746259
83	-0.000748916
83.1	-0.000749382
83.2	-0.000744499
83.3	-0.000739877
83.4	-0.000737683
83.5	-0.000734178
83.6	-0.000734659
83.7	-0.000736065
83.8	-0.000738845
83.9	-0.000747761
84	-0.000759862
84.1	-0.000773492
84.2	-0.000787307
84.3	-0.000799505
84.4	-0.00081485
84.5	-0.000831241
84.6	-0.000847234
84.7	-0.000865705
84.8	-0.000890286
84.9	-0.000921253
85	-0.000955982
85.1	-0.000994809
85.2	-0.00103715
85.3	-0.00108114
85.4	-0.00112152
85.5	-0.00116088
85.6	-0.00119847
85.7	-0.00123806
85.8	-0.00127494
85.9	-0.00131079
86	-0.00134799
86.1	-0.00138428
86.2	-0.00142055
86.3	-0.00146129
86.4	-0.0015012
86.5	-0.00153974
86.6	-0.00157923
86.7	-0.00161469
86.8	-0.0016503
86.9	-0.00169016
87	-0.00174075
87.1	-0.00180031
87.2	-0.00186751
87.3	-0.00193736
87.4	-0.00200712
87.5	-0.00207777
87.6	-0.00214614
87.7	-0.00221308
87.8	-0.00227949
87.9	-0.00234334
88	-0.0024049
88.1	-0.00246705
88.2	-0.00253036
88.3	-0.00259295
88.4	-0.00265785
88.5	-0.00271732
88.6	-0.00277158
88.7	-0.00282155
88.8	-0.00285864
88.9	-0.00288814
89	-0.0029182
89.1	-0.00294545
89.2	-0.00297725
89.3	-0.003013
89.4	-0.00304852
89.5	-0.00308347
89.6	-0.00312209
89.7	-0.00316248
89.8	-0.00320459
89.9	-0.00324529
90	-0.00328188
90.1	-0.00331516
90.2	-0.0033453
90.3	-0.00337161
90.4	-0.00339026
90.5	-0.00340436
90.6	-0.00341512
90.7	-0.00342119
90.8	-0.00343039
90.9	-0.00343661
91	-0.00344045
91.1	-0.00344596
91.2	-0.00345007
91.3	-0.00345478
91.4	-0.00345702
91.5	-0.00345374
91.6	-0.00344921
91.7	-0.00344201
91.8	-0.00343415
91.9	-0.00342113
92	-0.00340725
92.1	-0.00339278
92.2	-0.00338098
92.3	-0.0033654
92.4	-0.00335158
92.5	-0.00334372
92.6	-0.00334215
92.7	-0.00334277
92.8	-0.00334226
92.9	-0.00333195
93	-0.0033127
93.1	-0.00328794
93.2	-0.00325556
93.3	-0.00322324
93.4	-0.0031904
93.5	-0.00316005
93.6	-0.00313145
93.7	-0.00310292
93.8	-0.00307718
93.9	-0.00305565
94	-0.00303277
94.1	-0.00300773
94.2	-0.00298575
94.3	-0.0029638
94.4	-0.00293948
94.5	-0.00292099
94.6	-0.00291155
94.7	-0.00290469
94.8	-0.00289998
94.9	-0.00289839
95	-0.0028991
95.1	-0.00290392
95.2	-0.00290605
95.3	-0.00290281
95.4	-0.00289867
95.5	-0.00289088
95.6	-0.00288051
95.7	-0.00286934
95.8	-0.00286054
95.9	-0.00285045
96	-0.00284322
96.1	-0.00283572
96.2	-0.00282637
96.3	-0.00281689
96.4	-0.00280975
96.5	-0.00280358
96.6	-0.00279694
96.7	-0.00278652
96.8	-0.0027755
96.9	-0.00276141
97	-0.00274573
97.1	-0.00272892
97.2	-0.00270871
97.3	-0.00268602
97.4	-0.00265852
97.5	-0.00262784
97.6	-0.00259632
97.7	-0.00256892
97.8	-0.00254384
97.9	-0.00251969
98	-0.00249352
98.1	-0.00246868
98.2	-0.00244275
98.3	-0.00241361
98.4	-0.00238545
98.5	-0.00235779
98.6	-0.00232861
98.7	-0.0022977
98.8	-0.00226832
98.9	-0.00224121
99	-0.00221806
99.1	-0.00219633
99.2	-0.00217101
99.3	-0.00213971
99.4	-0.00210763
99.5	-0.00207759
99.6	-0.00204772
99.7	-0.00201896
99.8	-0.00198846
99.9	-0.00195577
100	-0.00192316
100.1	-0.0018924
100.2	-0.00186386
100.3	-0.00183153
100.4	-0.00179652
100.5	-0.00175712
100.6	-0.00171359
100.7	-0.0016671
100.8	-0.00161579
100.9	-0.00156491
101	-0.00151545
101.1	-0.00146344
101.2	-0.0014115
101.3	-0.00135969
101.4	-0.00130697
101.5	-0.00125411
101.6	-0.00120552
101.7	-0.00115957
101.8	-0.00111216
101.9	-0.00106786
102	-0.00102676
102.1	-0.000989541
102.2	-0.000951529
102.3	-0.000911776
102.4	-0.00087735
102.5	-0.000843392
102.6	-0.000811268
102.7	-0.000782495
102.8	-0.000759648
102.9	-0.000740348
103	-0.00072525
103.1	-0.000707452
103.2	-0.000690089
103.3	-0.00067534
103.4	-0.000665615
103.5	-0.000659144
103.6	-0.000654782
103.7	-0.000656876
103.8	-0.000662862
103.9	-0.000670798
104	-0.000678242
104.1	-0.000686476
104.2	-0.000701048
104.3	-0.000722205
104.4	-0.000758263
104.5	-0.000801004
104.6	-0.000844925
104.7	-0.000885738
104.8	-0.000925241
104.9	-0.000956848
105	-0.00098307
105.1	-0.00100716
105.2	-0.00102327
105.3	-0.00104304
105.4	-0.00105905
105.5	-0.00106806
105.6	-0.00107582
105.7	-0.0010818
105.8	-0.00108923
105.9	-0.00109784
106	-0.00110872
106.1	-0.00112237
106.2	-0.00113733
106.3	-0.00115605
106.4	-0.00117481
106.5	-0.00118743
106.6	-0.00119482
106.7	-0.00120257
106.8	-0.00121145
106.9	-0.00121861
107	-0.0012323
107.1	-0.00124934
107.2	-0.0012741
107.3	-0.00130024
107.4	-0.00132927
107.5	-0.00136232
107.6	-0.001403
107.7	-0.00144922
107.8	-0.00149833
107.9	-0.00154884
108	-0.00160386
108.1	-0.00166576
108.2	-0.00173096
108.3	-0.00179764
108.4	-0.00186315
108.5	-0.00192652
108.6	-0.0019882
108.7	-0.00204735
108.8	-0.00210299
108.9	-0.00215625
109	-0.00220449
109.1	-0.00225145
109.2	-0.00229643
109.3	-0.00233796
109.4	-0.00238331
109.5	-0.00242778
109.6	-0.00247389
109.7	-0.00252483
109.8	-0.00257499
109.9	-0.00262046
110	-0.00266192
110.1	-0.00270074
110.2	-0.00273243
110.3	-0.00275907
110.4	-0.00278493
110.5	-0.00281388
110.6	-0.00284404
110.7	-0.00286993
110.8	-0.00289428
110.9	-0.00291806
111	-0.00294701
111.1	-0.00297387
111.2	-0.00300709
111.3	-0.00304321
111.4	-0.00307969
111.5	-0.00311386
111.6	-0.00315007
111.7	-0.00318259
111.8	-0.00320866
111.9	-0.00322771
112	-0.00324498
112.1	-0.00325796
112.2	-0.00326731
112.3	-0.00327644
112.4	-0.00328758
112.5	-0.00329955
112.6	-0.00331596
112.7	-0.00332911
112.8	-0.00333764
112.9	-0.00334785
113	-0.00335828
113.1	-0.00336768
113.2	-0.00337665
113.3	-0.00338481
113.4	-0.00339243
113.5	-0.00340313
113.6	-0.0034168
113.7	-0.00343062
113.8	-0.00345114
113.9	-0.00347778
114	-0.00350556
114.1	-0.00353389
114.2	-0.00356214
114.3	-0.00359245
114.4	-0.00361941
114.5	-0.00364202
114.6	-0.00365978
114.7	-0.0036721
114.8	-0.0036846
114.9	-0.00369903
115	-0.00371308
115.1	-0.00372364
115.2	-0.00373124
115.3	-0.0037397
115.4	-0.00374818
115.5	-0.00375844
115.6	-0.00376672
115.7	-0.00377609
115.8	-0.00378696
115.9	-0.00379962
116	-0.0038118
116.1	-0.00382173
116.2	-0.00382915
116.3	-0.00383687
116.4	-0.00384464
116.5	-0.00384731
116.6	-0.00384148
116.7	-0.00383054
116.8	-0.00381898
116.9	-0.0038079
117	-0.00379238
117.1	-0.00377492
117.2	-0.00375596
117.3	-0.00373955
117.4	-0.00372109
117.5	-0.0037003
117.6	-0.0036823
117.7	-0.00366345
117.8	-0.00364693
117.9	-0.00363402
118	-0.00362543
118.1	-0.00361386
118.2	-0.00359999
118.3	-0.00358869
118.4	-0.00358184
118.5	-0.00357575
118.6	-0.00357262
118.7	-0.00357332
118.8	-0.00357271
118.9	-0.00356939
119	-0.00356073
119.1	-0.00355272
119.2	-0.00354507
119.3	-0.00353684
119.4	-0.00353057
119.5	-0.00352424
119.6	-0.00351593
119.7	-0.00350078
119.8	-0.00348252
119.9	-0.00346636
120	-0.00345652
120.1	-0.00344928
120.2	-0.00343769
120.3	-0.00342282
120.4	-0.00340409
120.5	-0.0033819
120.6	-0.00335413
120.7	-0.00332249
120.8	-0.00328788
120.9	-0.00324969
121	-0.00320306
121.1	-0.0031521
121.2	-0.00310129
121.3	-0.0030496
121.4	-0.00299809
121.5	-0.00295425
121.6	-0.00291649
121.7	-0.00287741
121.8	-0.00283044
121.9	-0.00278361
122	-0.00273876
122.1	-0.00269797
122.2	-0.00265986
122.3	-0.0026231
122.4	-0.00258777
122.5	-0.00255365
122.6	-0.00252146
122.7	-0.00249516
122.8	-0.00246747
122.9	-0.00243447
123	-0.00239542
123.1	-0.00235579
123.2	-0.00231449
123.3	-0.00227402
123.4	-0.00223702
123.5	-0.00220561
123.6	-0.00217391
123.7	-0.00214461
123.8	-0.00211753
123.9	-0.00209185
124	-0.00207083
124.1	-0.00205172
124.2	-0.00203129
124.3	-0.00201079
124.4	-0.00198739
124.5	-0.00196074
124.6	-0.00193462
124.7	-0.00190995
124.8	-0.00188606
124.9	-0.0018586
125	-0.00183059
125.1	-0.00180068
125.2	-0.00176659
125.3	-0.00172895
125.4	-0.0016905
125.5	-0.00165434
125.6	-0.00162143
125.7	-0.00158334
125.8	-0.00154137
125.9	-0.00150204
126	-0.0014622
126.1	-0.00142674
126.2	-0.00139568
126.3	-0.00136945
126.4	-0.00134873
126.5	-0.00133343
126.6	-0.00131954
126.7	-0.00130908
126.8	-0.00129936
126.9	-0.00128966
127	-0.00127967
127.1	-0.00127135
127.2	-0.00126277
127.3	-0.00125552
127.4	-0.00125248
127.5	-0.00125741
127.6	-0.0012618
127.7	-0.00126793
127.8	-0.00127768
127.9	-0.00128913
128	-0.00130099
128.1	-0.00131157
128.2	-0.0013218
128.3	-0.00133255
128.4	-0.00134704
128.5	-0.00136243
128.6	-0.00138015
128.7	-0.00139738
128.8	-0.00141472
128.9	-0.00142902
129	-0.0014385
129.1	-0.00144501
129.2	-0.00144727
129.3	-0.00144623
129.4	-0.0014399
129.5	-0.00143449
129.6	-0.00143122
129.7	-0.00142863
129.8	-0.00142405
129.9	-0.00141969
130	-0.00141653
130.1	-0.00141419
130.2	-0.00141275
130.3	-0.001412
130.4	-0.0014094
130.5	-0.00140389
130.6	-0.00139791
130.7	-0.00138945
130.8	-0.00137802
130.9	-0.00137152
131	-0.00136867
131.1	-0.00136448
131.2	-0.00135728
131.3	-0.00134875
131.4	-0.00134156
131.5	-0.00133974
131.6	-0.00134196
131.7	-0.00134464
131.8	-0.00134816
131.9	-0.00135588
132	-0.00136725
132.1	-0.00137989
132.2	-0.00139879
132.3	-0.00142566
132.4	-0.00145048
132.5	-0.00147439
132.6	-0.00149113
132.7	-0.00150322
132.8	-0.00151748
132.9	-0.0015359
133	-0.00155957
133.1	-0.00158712
133.2	-0.00161407
133.3	-0.00164336
133.4	-0.00166934
133.5	-0.00169059
133.6	-0.00170751
133.7	-0.00172271
133.8	-0.0017348
133.9	-0.0017437
134	-0.00175059
134.1	-0.0017535
134.2	-0.00175729
134.3	-0.00176611
134.4	-0.00178147
134.5	-0.0018005
134.6	-0.00182371
134.7	-0.0018465
134.8	-0.00186797
134.9	-0.00189153
135	-0.00191433
135.1	-0.00193762
135.2	-0.00195293
135.3	-0.00195413
135.4	-0.00194695
135.5	-0.001938
135.6	-0.00192734
135.7	-0.00191673
135.8	-0.00190705
135.9	-0.00189719
136	-0.00188797
136.1	-0.00187948
136.2	-0.0018751
136.3	-0.00186868
136.4	-0.00185977
136.5	-0.00184965
136.6	-0.00184179
136.7	-0.00183036
136.8	-0.00181932
136.9	-0.00181309
137	-0.00180511
137.1	-0.00179563
137.2	-0.00178311
137.3	-0.00177077
137.4	-0.00175359
137.5	-0.00173462
137.6	-0.0017156
137.7	-0.00169761
137.8	-0.00167552
137.9	-0.00165258
138	-0.0016307
138.1	-0.0016077
138.2	-0.00158423
138.3	-0.00156608
138.4	-0.00154987
138.5	-0.00153169
138.6	-0.00151427
138.7	-0.00149446
138.8	-0.00147758
138.9	-0.00145967
139	-0.00143847
139.1	-0.00141975
139.2	-0.00140528
139.3	-0.00139038
139.4	-0.00137979
139.5	-0.0013748
139.6	-0.00137529
139.7	-0.0013747
139.8	-0.00137147
139.9	-0.00136252
140	-0.00134966
140.1	-0.00133884
140.2	-0.00133008
140.3	-0.00132309
140.4	-0.00131322
140.5	-0.00129332
140.6	-0.00127438
140.7	-0.00125976
140.8	-0.00124842
140.9	-0.00123876
141	-0.00122579
141.1	-0.00121692
141.2	-0.00121067
141.3	-0.00120463
141.4	-0.00119589
141.5	-0.00118089
141.6	-0.00116294
141.7	-0.00114446
141.8	-0.00112877
141.9	-0.00111491
142	-0.00110651
142.1	-0.00110403
142.2	-0.00110441
142.3	-0.00110786
142.4	-0.00111465
142.5	-0.00112568
142.6	-0.00113757
142.7	-0.0011524
142.8	-0.00116846
142.9	-0.00118728
143	-0.00120594
143.1	-0.00122189
143.2	-0.00123542
143.3	-0.0012542
143.4	-0.00127509
143.5	-0.00130098
143.6	-0.00132932
143.7	-0.00136051
143.8	-0.00139108
143.9	-0.00142351
144	-0.00145634
144.1	-0.00149278
144.2	-0.00153149
144.3	-0.00157712
144.4	-0.00162401
144.5	-0.0016703
144.6	-0.00171295
144.7	-0.00175211
144.8	-0.00179297
144.9	-0.00183268
145	-0.00187248
145.1	-0.00191437
145.2	-0.00195655
145.3	-0.00199722
145.4	-0.00203904
145.5	-0.00208295
145.6	-0.00212101
145.7	-0.00215496
145.8	-0.00218401
145.9	-0.00221485
146	-0.00224558
146.1	-0.00227175
146.2	-0.00229207
146.3	-0.00231109
146.4	-0.00233002
146.5	-0.00235374
146.6	-0.00237978
146.7	-0.00240909
146.8	-0.00244168
146.9	-0.00247565
147	-0.00251161
147.1	-0.00254819
147.2	-0.00258538
147.3	-0.00262012
147.4	-0.00265856
147.5	-0.00269346
147.6	-0.00272867
147.7	-0.00276211
147.8	-0.00279443
147.9	-0.00282428
148	-0.00285026
148.1	-0.00287571
148.2	-0.00290189
148.3	-0.00292746
148.4	-0.00294888
148.5	-0.00295947
148.6	-0.00296264
148.7	-0.00296205
148.8	-0.00296133
148.9	-0.00296022
149	-0.0029633
149.1	-0.0029733
149.2	-0.00298305
149.3	-0.00298801
149.4	-0.0029899
149.5	-0.00298756
149.6	-0.00298609
149.7	-0.00298407
149.8	-0.00297978
149.9	-0.00297644
150	-0.00297596
150.1	-0.00297165
150.2	-0.00296853
150.3	-0.00296576
150.4	-0.00295791
150.5	-0.00294987
150.6	-0.0029412
150.7	-0.00293183
150.8	-0.00291668
150.9	-0.0029021
151	-0.00288707
151.1	-0.0028698
151.2	-0.00285547
151.3	-0.00284825
151.4	-0.00284823
151.5	-0.00284825
151.6	-0.00284222
151.7	-0.00283536
151.8	-0.00282537
151.9	-0.00282169
152	-0.00282156
152.1	-0.00282245
152.2	-0.00282171
152.3	-0.00282575
152.4	-0.00283579
152.5	-0.00285196
152.6	-0.0028702
152.7	-0.00288652
152.8	-0.00290147
152.9	-0.00291612
153	-0.0029262
153.1	-0.00293451
153.2	-0.00294233
153.3	-0.00294967
153.4	-0.0029548
153.5	-0.00295984
153.6	-0.00296407
153.7	-0.00296244
153.8	-0.00295644
153.9	-0.00294579
154	-0.00293852
154.1	-0.00293193
154.2	-0.00292104
154.3	-0.00290767
154.4	-0.00289152
154.5	-0.00287587
154.6	-0.00286028
154.7	-0.00284586
154.8	-0.00283101
154.9	-0.00281542
155	-0.00280087
155.1	-0.00278464
155.2	-0.00276422
155.3	-0.00274242
155.4	-0.0027185
155.5	-0.00269306
155.6	-0.00266683
155.7	-0.00264009
155.8	-0.00261177
155.9	-0.00258499
156	-0.00256049
156.1	-0.00254159
156.2	-0.00252919
156.3	-0.00251796
156.4	-0.00250906
156.5	-0.00248996
156.6	-0.00246362
156.7	-0.00243022
156.8	-0.0023899
156.9	-0.0023456
157	-0.00229509
157.1	-0.00224385
157.2	-0.00219338
157.3	-0.00214256
157.4	-0.00208859
157.5	-0.00203447
157.6	-0.00197587
157.7	-0.00191915
157.8	-0.00186279
157.9	-0.00180577
158	-0.00174634
158.1	-0.00168138
158.2	-0.00161536
158.3	-0.00154848
158.4	-0.00147802
158.5	-0.00140649
158.6	-0.00133904
158.7	-0.0012691
158.8	-0.00119863
158.9	-0.00112629
159	-0.00105439
159.1	-0.000981813
159.2	-0.000911522
159.3	-0.000845725
159.4	-0.000784955
159.5	-0.000724929
159.6	-0.000670992
159.7	-0.000620728
159.8	-0.000572853
159.9	-0.000526854
160	-0.00048586
160.1	-0.000449586
160.2	-0.000418014
160.3	-0.000388297
160.4	-0.000359343
160.5	-0.000335962
160.6	-0.000318306
160.7	-0.000304647
160.8	-0.000292196
160.9	-0.000281554
161	-0.000276861
161.1	-0.000275791
161.2	-0.000277434
161.3	-0.000280366
161.4	-0.00028304
161.5	-0.000286092
161.6	-0.000295394
161.7	-0.00031346
161.8	-0.000331662
161.9	-0.000347812
162	-0.000360529
162.1	-0.000370587
162.2	-0.000381451
162.3	-0.000392732
162.4	-0.000402178
162.5	-0.000410102
162.6	-0.000421705
162.7	-0.000439928
162.8	-0.000460237
162.9	-0.000480332
163	-0.000497466
163.1	-0.000514962
163.2	-0.000530866
163.3	-0.000545629
163.4	-0.000559781
163.5	-0.00056922
163.6	-0.0005751
163.7	-0.000584722
163.8	-0.0005974
163.9	-0.000612457
164	-0.0006265
164.1	-0.000641968
164.2	-0.000659183
164.3	-0.000677719
164.4	-0.000696114
164.5	-0.000714157
164.6	-0.000736443
164.7	-0.000763882
164.8	-0.000791335
164.9	-0.000811271
165	-0.000833254
165.1	-0.000854612
165.2	-0.000876098
165.3	-0.000895182
165.4	-0.000908073
165.5	-0.000916697
165.6	-0.000927647
165.7	-0.000936181
165.8	-0.000940687
165.9	-0.000941974
166	-0.000942921
166.1	-0.000937271
166.2	-0.000927338
166.3	-0.000914928
166.4	-0.000905556
166.5	-0.000896181
166.6	-0.00088403
166.7	-0.000866744
166.8	-0.000844505
166.9	-0.000819384
167	-0.000790567
167.1	-0.000755924
167.2	-0.000713938
167.3	-0.000669861
167.4	-0.000631853
167.5	-0.000597724
167.6	-0.000565056
167.7	-0.000530477
167.8	-0.000500215
167.9	-0.000468426
168	-0.000442265
168.1	-0.000422898
168.2	-0.000401544
168.3	-0.000384234
168.4	-0.000370803
168.5	-0.000360197
168.6	-0.000349574
168.7	-0.000342557
168.8	-0.000340929
168.9	-0.000346101
169	-0.000353065
169.1	-0.000361204
169.2	-0.000365305
169.3	-0.000371393
169.4	-0.00038015
169.5	-0.000398438
169.6	-0.000419156
169.7	-0.000439512
169.8	-0.00045792
169.9	-0.000473177
170	-0.000488372
170.1	-0.000502368
170.2	-0.000515003
170.3	-0.000527518
170.4	-0.00054068
170.5	-0.000555231
170.6	-0.000573422
170.7	-0.000586943
170.8	-0.000599091
170.9	-0.000608229
171	-0.000612068
171.1	-0.000612517
171.2	-0.000612056
171.3	-0.00061428
171.4	-0.000622753
171.5	-0.000635789
171.6	-0.000646092
171.7	-0.000657946
171.8	-0.000672264
171.9	-0.000686383
172	-0.000704067
172.1	-0.000724525
172.2	-0.000742984
172.3	-0.000751724
172.4	-0.000753099
172.5	-0.000749491
172.6	-0.000742013
172.7	-0.000731115
172.8	-0.000715271
172.9	-0.000704684
173	-0.000695995
173.1	-0.000680418
173.2	-0.0006563
173.3	-0.000621784
173.4	-0.000580325
173.5	-0.000535017
173.6	-0.000491157
173.7	-0.000451771
173.8	-0.000412183
173.9	-0.000370894
174	-0.000325971
174.1	-0.000278283
174.2	-0.000228099
174.3	-0.000177904
174.4	-0.000126208
174.5	-7.32553e-05
174.6	-1.73585e-05
174.7	4.17077e-05
174.8	0.000100621
174.9	0.00015709
175	0.00021395
175.1	0.000272818
175.2	0.000330363
175.3	0.00038842
175.4	0.000444243
175.5	0.000495827
175.6	0.000544461
175.7	0.000590277
175.8	0.000630694
175.9	0.00066481
176	0.000689094
176.1	0.000705678
176.2	0.000720603
176.3	0.000736672
176.4	0.000752261
176.5	0.000763442
176.6	0.000769244
176.7	0.000766648
176.8	0.000764181
176.9	0.000761543
177	0.000763423
177.1	0.00077025
177.2	0.000773914
177.3	0.000779135
177.4	0.000782026
177.5	0.000786153
177.6	0.000789214
177.7	0.000787271
177.8	0.000786401
177.9	0.000787897
178	0.000793902
178.1	0.000801846
178.2	0.000813526
178.3	0.000829031
178.4	0.00084193
178.5	0.000851494
178.6	0.000862531
178.7	0.000872672
178.8	0.000881962
178.9	0.000893667
179	0.000908061
179.1	0.000920735
179.2	0.000927708
179.3	0.000935516
179.4	0.000940197
179.5	0.000944033
179.6	0.000944173
179.7	0.000943029
179.8	0.000944008
179.9	0.000946492
180	0.000949901
180.1	0.000953309
180.2	0.000953381
180.3	0.000951561
180.4	0.000954011
180.5	0.000959871
180.6	0.000965856
180.7	0.00096826
180.8	0.000966633
180.9	0.000961261
181	0.000954945
181.1	0.000945847
181.2	0.000939037
181.3	0.000933607
181.4	0.00093353
181.5	0.000934794
181.6	0.000938733
181.7	0.000947223
181.8	0.000960838
181.9	0.000978845
182	0.00100392
182.1	0.00103175
182.2	0.00106167
182.3	0.00109061
182.4	0.00111614
182.5	0.00114552
182.6	0.00117741
182.7	0.00121057
182.8	0.00124556
182.9	0.00127842
183	0.00131054
183.1	0.00133708
183.2	0.00136155
183.3	0.00138091
183.4	0.00139853
183.5	0.00141572
183.6	0.00143639
183.7	0.00145534
183.8	0.00147334
183.9	0.00148902
184	0.00150172
184.1	0.00151281
184.2	0.00152405
184.3	0.00153648
184.4	0.00154641
184.5	0.00155168
184.6	0.001558
184.7	0.00156807
184.8	0.00157744
184.9	0.0015862
185	0.00159445
185.1	0.00160251
185.2	0.00161107
185.3	0.00161884
185.4	0.00162412
185.5	0.00162321
185.6	0.00162241
185.7	0.00161882
185.8	0.00160525
185.9	0.00158385
186	0.00155929
186.1	0.00153317
186.2	0.00150596
186.3	0.00147857
186.4	0.0014543
186.5	0.00143111
186.6	0.00141288
186.7	0.00139991
186.8	0.00139301
186.9	0.00138988
187	0.00138804
187.1	0.00138802
187.2	0.00138997
187.3	0.00139388
187.4	0.00139664
187.5	0.00140091
187.6	0.0014069
187.7	0.00140798
187.8	0.00140489
187.9	0.00140042
188	0.00139407
188.1	0.00139321
188.2	0.00139636
188.3	0.00140229
188.4	0.00141001
188.5	0.00142022
188.6	0.00143028
188.7	0.0014439
188.8	0.00146392
188.9	0.00148753
189	0.0015103
189.1	0.00153366
189.2	0.00156018
189.3	0.00158587
189.4	0.00160839
189.5	0.00162854
189.6	0.00164644
189.7	0.00166613
189.8	0.0016903
189.9	0.00171776
190	0.00175175
190.1	0.00179115
190.2	0.00183233
190.3	0.00187115
190.4	0.00190464
190.5	0.00193587
190.6	0.00196873
190.7	0.00200225
190.8	0.00203719
190.9	0.00206896
191	0.00210643
191.1	0.00214509
191.2	0.00217726
191.3	0.00220811
191.4	0.00223887
191.5	0.00226887
191.6	0.00229819
191.7	0.00232807
191.8	0.00235957
191.9	0.00239555
192	0.00242897
192.1	0.00246004
192.2	0.00248795
192.3	0.00251099
192.4	0.00253406
192.5	0.00255417
192.6	0.00257315
192.7	0.00259064
192.8	0.00260629
192.9	0.00262129
193	0.00263571
193.1	0.00264763
193.2	0.00265989
193.3	0.00266745
193.4	0.00267226
193.5	0.00267441
193.6	0.00267631
193.7	0.00267574
193.8	0.00267531
193.9	0.00267052
194	0.0026622
194.1	0.00264983
194.2	0.00263367
194.3	0.00261244
194.4	0.00258987
194.5	0.00257117
194.6	0.00255033
194.7	0.00252046
194.8	0.00248156
194.9	0.00244101
195	0.00240484
195.1	0.00236958
195.2	0.00233505
195.3	0.00230197
195.4	0.00226768
195.5	0.00223214
195.6	0.00219593
195.7	0.00215663
195.8	0.00211497
195.9	0.00207182
196	0.00202963
196.1	0.00198849
196.2	0.00194936
196.3	0.00191443
196.4	0.00188137
196.5	0.00184785
196.6	0.00182108
196.7	0.00179753
196.8	0.00177513
196.9	0.00175058
197	0.00172025
197.1	0.00168166
197.2	0.00163687
197.3	0.00158892
197.4	0.00153607
197.5	0.00148325
197.6	0.00142941
197.7	0.00137297
197.8	0.00131757
197.9	0.00127084
198	0.00122815
198.1	0.00118202
198.2	0.00113724
198.3	0.00109337
198.4	0.00104843
198.5	0.00100486
198.6	0.000961789
198.7	0.000921222
198.8	0.000882635
198.9	0.000843563
199	0.000805155
199.1	0.000768082
199.2	0.000733879
199.3	0.000693749
199.4	0.000649428
199.5	0.000602366
199.6	0.000558138
199.7	0.000514984
199.8	0.000477296
199.9	0.000437297
200	0.000396647
200.1	0.00035887
200.2	0.000323487
200.3	0.000289964
200.4	0.000258128
200.5	0.000225324
200.6	0.000192171
200.7	0.000160707
200.8	0.000127666
200.9	8.59821e-05
201	3.9965e-05
201.1	-9.6135e-06
201.2	-5.79602e-05
201.3	-0.000107668
201.4	-0.000160553
201.5	-0.000209962
201.6	-0.000255788
201.7	-0.000306663
201.8	-0.000358993
201.9	-0.000413598
202	-0.000465829
202.1	-0.000514618
202.2	-0.00056596
202.3	-0.00062088
202.4	-0.000677983
202.5	-0.000736889
202.6	-0.000799494
202.7	-0.000862626
202.8	-0.000926736
202.9	-0.000995058
203	-0.00106112
203.1	-0.00112285
203.2	-0.00118127
203.3	-0.00123888
203.4	-0.0012983
203.5	-0.00136182
203.6	-0.00142568
203.7	-0.00149308
203.8	-0.00156103
203.9	-0.00163592
204	-0.00170783
204.1	-0.00177722
204.2	-0.00184514
204.3	-0.00191127
204.4	-0.00197841
204.5	-0.00204561
204.6	-0.00211716
204.7	-0.00219355
204.8	-0.00227468
204.9	-0.00235633
205	-0.00243581
205.1	-0.00251224
205.2	-0.00258759
205.3	-0.00265473
205.4	-0.00272494
205.5	-0.00279533
205.6	-0.00286306
205.7	-0.00292151
205.8	-0.00297359
205.9	-0.00302122
206	-0.00306106
206.1	-0.00309366
206.2	-0.00312689
206.3	-0.00316201
206.4	-0.00319518
206.5	-0.00322807
206.6	-0.00326208
206.7	-0.00329215
206.8	-0.00332247
206.9	-0.00335055
207	-0.00337717
207.1	-0.00340104
207.2	-0.0034191
207.3	-0.00343662
207.4	-0.00345238
207.5	-0.00346624
207.6	-0.00348231
207.7	-0.00349982
207.8	-0.00352065
207.9	-0.00354323
208	-0.00356493
208.1	-0.00358457
208.2	-0.0036031
208.3	-0.0036234
208.4	-0.00364384
208.5	-0.00367045
208.6	-0.00370265
208.7	-0.00373718
208.8	-0.00377325
208.9	-0.00380887
209	-0.00384229
209.1	-0.0038756
209.2	-0.00390942
209.3	-0.00394171
209.4	-0.00396837
209.5	-0.00399337
209.6	-0.00401665
209.7	-0.00403563
209.8	-0.00405201
209.9	-0.00406334
210	-0.00406531
210.1	-0.0040637
210.2	-0.00405778
210.3	-0.00405084
210.4	-0.00404046
210.5	-0.00402274
210.6	-0.00400094
210.7	-0.00397292
210.8	-0.00394355
210.9	-0.00391688
211	-0.00389089
211.1	-0.0038739
211.2	-0.00385915
211.3	-0.00384511
211.4	-0.003835
211.5	-0.00381804
211.6	-0.0038033
211.7	-0.00378963
211.8	-0.0037776
211.9	-0.00376562
212	-0.0037525
212.1	-0.00373776
212.2	-0.00372223
212.3	-0.00370606
212.4	-0.00369033
212.5	-0.0036733
212.6	-0.0036538
212.7	-0.00363439
212.8	-0.00361433
212.9	-0.00359324
213	-0.0035672
213.1	-0.00353833
213.2	-0.00350821
213.3	-0.00347444
213.4	-0.00344291
213.5	-0.00340648
213.6	-0.00336854
213.7	-0.00333077
213.8	-0.00329677
213.9	-0.00326472
214	-0.00323646
214.1	-0.00320798
214.2	-0.00317704
214.3	-0.00315139
214.4	-0.00312921
214.5	-0.00311014
214.6	-0.00309499
214.7	-0.00308268
214.8	-0.00307004
214.9	-0.00305936
215	-0.00304872
215.1	-0.00303319
215.2	-0.00301195
215.3	-0.00298444
215.4	-0.00294895
215.5	-0.00291578
215.6	-0.00288113
215.7	-0.00284863
215.8	-0.00281647
215.9	-0.00278298
216	-0.00274993
216.1	-0.00271277
216.2	-0.00267485
216.3	-0.00263497
216.4	-0.00259167
216.5	-0.00254272
216.6	-0.00249045
216.7	-0.00243708
216.8	-0.00238299
216.9	-0.00232293
217	-0.00226183
217.1	-0.0022006
217.2	-0.00214079
217.3	-0.00208011
217.4	-0.00201937
217.5	-0.00195884
217.6	-0.00189801
217.7	-0.00183218
217.8	-0.00176489
217.9	-0.00169599
218	-0.00162392
218.1	-0.00155358
218.2	-0.00148441
218.3	-0.00141486
218.4	-0.00134555
218.5	-0.00126902
218.6	-0.00118904
218.7	-0.0011104
218.8	-0.00103325
218.9	-0.000953226
219	-0.000869411
219.1	-0.000787703
219.2	-0.000711271
219.3	-0.000640437
219.4	-0.000576115
219.5	-0.000519246
219.6	-0.000467632
219.7	-0.000414829
219.8	-0.000359892
219.9	-0.0003006
220	-0.000236938
220.1	-0.000167918
220.2	-9.69368e-05
220.3	-2.98645e-05
220.4	3.32994e-05
220.5	9.02809e-05
220.6	0.000141264
220.7	0.000188668
220.8	0.000231467
220.9	0.000272129
221	0.000310963
221.1	0.000345278
221.2	0.000378903
221.3	0.000415515
221.4	0.000455597
221.5	0.000492503
221.6	0.000532761
221.7	0.000579001
221.8	0.000627357
221.9	0.000668077
222	0.000705895
222.1	0.000742656
222.2	0.000779121
222.3	0.000815126
222.4	0.00085382
222.5	0.000893419
222.6	0.000933451
222.7	0.000970281
222.8	0.00100369
222.9	0.00103308
223	0.00106183
223.1	0.00108697
223.2	0.00110902
223.3	0.00113065
223.4	0.00115122
223.5	0.00117193
223.6	0.00119443
223.7	0.0012142
223.8	0.00123179
223.9	0.00125048
224	0.00126837
224.1	0.00128727
224.2	0.00130767
224.3	0.00132646
224.4	0.00134136
224.5	0.00135619
224.6	0.00137485
224.7	0.00139754
224.8	0.00142226
224.9	0.00144502
225	0.00147122
225.1	0.00149756
225.2	0.00152397
225.3	0.00154759
225.4	0.00156982
225.5	0.00158881
225.6	0.00160166
225.7	0.0016094
225.8	0.00161778
225.9	0.00163076
226	0.00164879
226.1	0.00166738
226.2	0.00168636
226.3	0.001702
226.4	0.00171585
226.5	0.00173274
226.6	0.00175484
226.7	0.00177451
226.8	0.0017928
226.9	0.00181021
227	0.00182611
227.1	0.00183923
227.2	0.00184743
227.3	0.00185097
227.4	0.00185951
227.5	0.00187257
227.6	0.00188522
227.7	0.00190011
227.8	0.00190857
227.9	0.00191327
228	0.00192065
228.1	0.00192844
228.2	0.00193829
228.3	0.00194533
228.4	0.00194819
228.5	0.00195008
228.6	0.00194699
228.7	0.00194318
228.8	0.00193597
228.9	0.00192593
229	0.00191536
229.1	0.00190234
229.2	0.00188569
229.3	0.00186794
229.4	0.00184988
229.5	0.00183506
229.6	0.00182384
229.7	0.00181734
229.8	0.00180712
229.9	0.0017906
230	0.00177029
230.1	0.00174881
230.2	0.0017268
230.3	0.00170352
230.4	0.00168413
230.5	0.00166852
230.6	0.00165179
230.7	0.00163649
230.8	0.00162558
230.9	0.00161908
231	0.00161335
231.1	0.00160821
231.2	0.0016007
231.3	0.00159196
231.4	0.00158579
231.5	0.00157885
231.6	0.00157042
231.7	0.00156104
231.8	0.00155209
231.9	0.00154988
232	0.00155486
232.1	0.00156439
232.2	0.00157774
232.3	0.0015923
232.4	0.0016072
232.5	0.00162037
232.6	0.00163317
232.7	0.00164878
232.8	0.00166596
232.9	0.00168357
233	0.00170045
233.1	0.00171739
233.2	0.00173736
233.3	0.00175832
233.4	0.00177739
233.5	0.00179157
233.6	0.00180301
233.7	0.00180681
233.8	0.00180555
233.9	0.00180243
234	0.00180525
234.1	0.00180893
234.2	0.00181099
234.3	0.00181468
234.4	0.00182696
234.5	0.00184633
234.6	0.00186557
234.7	0.00188267
234.8	0.0018979
234.9	0.00191001
235	0.00192239
235.1	0.00193423
235.2	0.00194588
235.3	0.00195292
235.4	0.0019642
235.5	0.00197463
235.6	0.00198987
235.7	0.00201198
235.8	0.00203666
235.9	0.00206444
236	0.00209636
236.1	0.00213077
236.2	0.00216237
236.3	0.00219028
236.4	0.00221595
236.5	0.00224138
236.6	0.00226357
236.7	0.00228314
236.8	0.00229874
236.9	0.00230875
237	0.00231427
237.1	0.00231436
237.2	0.00230407
237.3	0.00229258
237.4	0.00228223
237.5	0.00227099
237.6	0.00225692
237.7	0.00224144
237.8	0.00222783
237.9	0.00222005
238	0.00221621
238.1	0.00221246
238.2	0.00221149
238.3	0.00221269
238.4	0.00221502
238.5	0.00221539
238.6	0.00221126
238.7	0.00220556
238.8	0.00220333
238.9	0.00220339
239	0.00220149
239.1	0.00219716
239.2	0.0021919
239.3	0.00218476
239.4	0.00217505
239.5	0.00215877
239.6	0.00213873
239.7	0.00211678
239.8	0.00209752
239.9	0.00208249
240	0.00206336
240.1	0.00203704
240.2	0.00200738
240.3	0.00197774
240.4	0.00195196
240.5	0.00193125
240.6	0.00191685
240.7	0.00190186
240.8	0.00188446
240.9	0.00186544
241	0.00184766
241.1	0.00183223
241.2	0.0018188
241.3	0.00180991
241.4	0.00180109
241.5	0.00179718
241.6	0.00179421
241.7	0.00179012
241.8	0.00178825
241.9	0.00178571
242	0.00178092
242.1	0.00177592
242.2	0.00177039
242.3	0.00176603
242.4	0.00176344
242.5	0.00176053
242.6	0.0017565
242.7	0.00175536
242.8	0.00175443
242.9	0.00175231
243	0.00175523
243.1	0.00175862
243.2	0.00175782
243.3	0.00175357
243.4	0.00174928
243.5	0.00174394
243.6	0.0017347
243.7	0.00172548
243.8	0.00171502
243.9	0.00169807
244	0.00167931
244.1	0.00166462
244.2	0.00165366
244.3	0.00164854
244.4	0.00164467
244.5	0.00164487
244.6	0.00164853
244.7	0.00165421
244.8	0.00166201
244.9	0.00167174
245	0.00167658
245.1	0.00168208
245.2	0.00169019
245.3	0.00169596
245.4	0.00169683
245.5	0.00170034
245.6	0.00170503
245.7	0.00171341
245.8	0.00172358
245.9	0.00173182
246	0.00173436
246.1	0.00173146
246.2	0.00172742
246.3	0.00172078
246.4	0.0017096
246.5	0.0016975
246.6	0.00168588
246.7	0.00167053
246.8	0.00165105
246.9	0.00162852
247	0.00159742
247.1	0.00156291
247.2	0.0015246
247.3	0.00148614
247.4	0.00144788
247.5	0.00141175
247.6	0.00137821
247.7	0.00134261
247.8	0.00131147
247.9	0.00128309
248	0.00125125
248.1	0.00121719
248.2	0.00118373
248.3	0.00115444
248.4	0.0011269
248.5	0.0010982
248.6	0.00106678
248.7	0.00103171
248.8	0.000991813
248.9	0.000949521
249	0.000908422
249.1	0.000871742
249.2	0.000841174
249.3	0.000817752
249.4	0.000798537
249.5	0.000783191
249.6	0.000771316
249.7	0.000765509
249.8	0.000761515
249.9	0.000760841
250	0.000764988
250.1	0.000770398
250.2	0.000776372
250.3	0.000779206
250.4	0.000777141
250.5	0.000770669
250.6	0.000758117
250.7	0.000746429
250.8	0.000735535
250.9	0.000728655
251	0.000721747
251.1	0.000713083
251.2	0.000698374
251.3	0.000684925
251.4	0.000674649
251.5	0.000665898
251.6	0.000655442
251.7	0.000646877
251.8	0.000637834
251.9	0.000623415
252	0.000610164
252.1	0.000588269
252.2	0.000558025
252.3	0.000529145
252.4	0.000500994
252.5	0.000473756
252.6	0.000446307
252.7	0.000425393
252.8	0.000411058
252.9	0.000403343
253	0.000401053
253.1	0.000399679
253.2	0.000401013
253.3	0.000406305
253.4	0.000413245
253.5	0.000420628
253.6	0.000429733
253.7	0.000440706
253.8	0.000453693
253.9	0.000467257
254	0.00047479
254.1	0.000478802
254.2	0.000479631
254.3	0.000478678
254.4	0.000473979
254.5	0.000472318
254.6	0.000472398
254.7	0.000469877
254.8	0.000467378
254.9	0.000463543
255	0.000457048
255.1	0.000446693
255.2	0.000431966
255.3	0.000419174
255.4	0.000401845
255.5	0.000379
255.6	0.00034904
255.7	0.0003191
255.8	0.000289358
255.9	0.000254585
256	0.000216043
256.1	0.00017331
256.2	0.000128118
256.3	8.48743e-05
256.4	3.766e-05
256.5	-1.37282e-05
256.6	-6.60587e-05
256.7	-0.000117614
256.8	-0.000168393
256.9	-0.000214772
257	-0.000260663
257.1	-0.000299233
257.2	-0.000332771
257.3	-0.000365246
257.4	-0.000402898
257.5	-0.000439796
257.6	-0.000478041
257.7	-0.000520749
257.8	-0.000567253
257.9	-0.000609269
258	-0.000648419
258.1	-0.000686576
258.2	-0.000724081
258.3	-0.000761808
258.4	-0.000797301
258.5	-0.000835238
258.6	-0.000874903
258.7	-0.000911728
258.8	-0.000948048
258.9	-0.000984557
259	-0.00102104
259.1	-0.0010526
259.2	-0.00108224
259.3	-0.00111312
259.4	-0.00114435
259.5	-0.00117533
259.6	-0.00120494
259.7	-0.00123193
259.8	-0.00126077
259.9	-0.00129337
260	-0.00132811
260.1	-0.00136527
260.2	-0.00140258
260.3	-0.00143011
260.4	-0.00145076
260.5	-0.00147089
260.6	-0.00149155
260.7	-0.00151497
260.8	-0.00153602
260.9	-0.00155584
261	-0.00157686
261.1	-0.00159864
261.2	-0.00161682
261.3	-0.00163122
261.4	-0.00164215
261.5	-0.00165018
261.6	-0.00165583
261.7	-0.00166229
261.8	-0.00166334
261.9	-0.00166228
262	-0.00165813
262.1	-0.00165162
262.2	-0.00163828
262.3	-0.00162221
262.4	-0.00160057
262.5	-0.00157617
262.6	-0.00155077
262.7	-0.00152648
262.8	-0.00150262
262.9	-0.00148644
263	-0.00147804
263.1	-0.0014728
263.2	-0.00146781
263.3	-0.00146119
263.4	-0.00145153
263.5	-0.00144819
263.6	-0.00144601
263.7	-0.00144382
263.8	-0.00144007
263.9	-0.00143563
264	-0.00143209
264.1	-0.00143738
264.2	-0.00144873
264.3	-0.00146333
264.4	-0.00148461
264.5	-0.00151059
264.6	-0.00154042
264.7	-0.00157486
264.8	-0.00161398
264.9	-0.00165643
265	-0.00169427
265.1	-0.00172917
265.2	-0.00176086
265.3	-0.00178931
265.4	-0.00181556
265.5	-0.00184723
265.6	-0.00187947
265.7	-0.00190882
265.8	-0.0019351
265.9	-0.00195963
266	-0.00198325
266.1	-0.00200403
266.2	-0.00202551
266.3	-0.00204599
266.4	-0.0020685
266.5	-0.00208727
266.6	-0.00210868
266.7	-0.00213528
266.8	-0.00216467
266.9	-0.00219344
267	-0.00222181
267.1	-0.00224972
267.2	-0.00227828
267.3	-0.00230323
267.4	-0.00232672
267.5	-0.0023496
267.6	-0.00237252
267.7	-0.00239605
267.8	-0.00242037
267.9	-0.00245123
268	-0.0024897
268.1	-0.00253476
268.2	-0.00258509
268.3	-0.00263499
268.4	-0.00268651
268.5	-0.00274007
268.6	-0.0027985
268.7	-0.00286273
268.8	-0.00292817
268.9	-0.00299349
269	-0.00305535
269.1	-0.00311503
269.2	-0.00317688
269.3	-0.00324037
269.4	-0.00330506
269.5	-0.00337207
269.6	-0.00343818
269.7	-0.00350284
269.8	-0.00356043
269.9	-0.00361074
270	-0.00365414
270.1	-0.00369781
270.2	-0.00374257
270.3	-0.00378503
270.4	-0.00382214
270.5	-0.00385024
270.6	-0.00386912
270.7	-0.00387989
270.8	-0.00388681
270.9	-0.00388814
271	-0.00388607
271.1	-0.00388574
271.2	-0.00388991
271.3	-0.00389835
271.4	-0.00391045
271.5	-0.00392562
271.6	-0.0039399
271.7	-0.00395486
271.8	-0.00397125
271.9	-0.00399283
272	-0.00401877
272.1	-0.00404581
272.2	-0.0040713
272.3	-0.00409368
272.4	-0.00411578
272.5	-0.00414155
272.6	-0.00416733
272.7	-0.00419234
272.8	-0.00421991
272.9	-0.00424662
273	-0.00426953
273.1	-0.00429021
273.2	-0.00431331
273.3	-0.00434007
273.4	-0.00436465
273.5	-0.00438859
273.6	-0.00441103
273.7	-0.00443403
273.8	-0.0044575
273.9	-0.0044846
274	-0.00451568
274.1	-0.00454903
274.2	-0.00458155
274.3	-0.00461021
274.4	-0.00463648
274.5	-0.00465907
274.6	-0.00467469
274.7	-0.0046851
274.8	-0.0046922
274.9	-0.00470338
275	-0.0047176
275.1	-0.00472943
275.2	-0.00473909
275.3	-0.00475372
275.4	-0.00476808
275.5	-0.00477484
275.6	-0.0047762
275.7	-0.00477456
275.8	-0.00476786
275.9	-0.00475702
276	-0.00473655
276.1	-0.00471078
276.2	-0.00468214
276.3	-0.00465762
276.4	-0.00463644
276.5	-0.00461896
276.6	-0.00460259
276.7	-0.00458284
276.8	-0.00455921
276.9	-0.00453287
277	-0.00450456
277.1	-0.0044668
277.2	-0.00442553
277.3	-0.00438126
277.4	-0.00434045
277.5	-0.00430382
277.6	-0.00427513
277.7	-0.00424609
277.8	-0.00421472
277.9	-0.00418062
278	-0.0041429
278.1	-0.00410437
278.2	-0.00407017
278.3	-0.00404107
278.4	-0.00401855
278.5	-0.00399886
278.6	-0.0039813
278.7	-0.00396373
278.8	-0.00394379
278.9	-0.00391688
279	-0.00388659
279.1	-0.00385519
279.2	-0.00382263
279.3	-0.00378714
279.4	-0.00375312
279.5	-0.00372036
279.6	-0.00369095
279.7	-0.00366322
279.8	-0.00363721
279.9	-0.00360961
280	-0.00358281
280.1	-0.00355297
280.2	-0.00352427
280.3	-0.00349764
280.4	-0.00346873
280.5	-0.00343161
280.6	-0.00338802
280.7	-0.00334359
280.8	-0.00330574
280.9	-0.00327452
281	-0.00324607
281.1	-0.00321845
281.2	-0.00319167
281.3	-0.00316629
281.4	-0.00314131
281.5	-0.00311496
281.6	-0.00308648
281.7	-0.00305515
281.8	-0.00302191
281.9	-0.00298884
282	-0.00295415
282.1	-0.0029201
282.2	-0.00288464
282.3	-0.00285122
282.4	-0.00282147
282.5	-0.0027902
282.6	-0.00275977
282.7	-0.00273208
282.8	-0.00270275
282.9	-0.00267334
283	-0.00264655
283.1	-0.00262012
283.2	-0.00259541
283.3	-0.00257198
283.4	-0.0025499
283.5	-0.00252698
283.6	-0.00250632
283.7	-0.00248889
283.8	-0.00246904
283.9	-0.00244675
284	-0.00242441
284.1	-0.00240153
284.2	-0.00237513
284.3	-0.00234796
284.4	-0.00232017
284.5	-0.00229142
284.6	-0.00226686
284.7	-0.00224341
284.8	-0.00221988
284.9	-0.00219688
285	-0.00217295
285.1	-0.00214659
285.2	-0.00212414
285.3	-0.00210024
285.4	-0.00206916
285.5	-0.00203303
285.6	-0.00199487
285.7	-0.00195606
285.8	-0.00192012
285.9	-0.00188971
286	-0.00186558
286.1	-0.00184322
286.2	-0.00182191
286.3	-0.00180374
286.4	-0.00178574
286.5	-0.00176983
286.6	-0.00175526
286.7	-0.00174351
286.8	-0.00173589
286.9	-0.0017272
287	-0.0017201
287.1	-0.00171214
287.2	-0.00170075
287.3	-0.00168547
287.4	-0.0016707
287.5	-0.00165598
287.6	-0.00163625
287.7	-0.00161094
287.8	-0.0015879
287.9	-0.00157007
288	-0.00155154
288.1	-0.0015306
288.2	-0.00150969
288.3	-0.00148938
288.4	-0.00146466
288.5	-0.00143995
288.6	-0.0014166
288.7	-0.00139247
288.8	-0.00136488
288.9	-0.00133299
289	-0.00129653
289.1	-0.00125621
289.2	-0.00122151
289.3	-0.00119029
289.4	-0.00116291
289.5	-0.00113398
289.6	-0.00111064
289.7	-0.00109035
289.8	-0.00107025
289.9	-0.00104901
290	-0.00102962
290.1	-0.00101322
290.2	-0.000998732
290.3	-0.0009853
290.4	-0.000975298
290.5	-0.00096323
290.6	-0.000948674
290.7	-0.000928554
290.8	-0.000905555
290.9	-0.000881765
291	-0.00085776
291.1	-0.000836529
291.2	-0.000816991
291.3	-0.000796468
291.4	-0.000773524
291.5	-0.000750428
291.6	-0.000732029
291.7	-0.000716891
291.8	-0.000710605
291.9	-0.000704385
292	-0.000696657
292.1	-0.00069382
292.2	-0.00069806
292.3	-0.000704921
292.4	-0.000709806
292.5	-0.000712992
292.6	-0.000720604
292.7	-0.000735564
292.8	-0.000753505
292.9	-0.000769226
293	-0.000781641
293.1	-0.000792823
293.2	-0.000801072
293.3	-0.000805304
293.4	-0.000810771
293.5	-0.000816634
293.6	-0.000818306
293.7	-0.000817907
293.8	-0.000816198
293.9	-0.000809088
294	-0.000795494
294.1	-0.000782348
294.2	-0.000769797
294.3	-0.000754601
294.4	-0.000738727
294.5	-0.000719824
294.6	-0.000701252
294.7	-0.000680331
294.8	-0.000656852
294.9	-0.000633124
295	-0.000612551
295.1	-0.000594243
295.2	-0.000578516
295.3	-0.00056267
295.4	-0.000548727
295.5	-0.000533638
295.6	-0.000520979
295.7	-0.000510827
295.8	-0.000501789
295.9	-0.00049267
296	-0.00047993
296.1	-0.000463786
296.2	-0.000443735
296.3	-0.000427618
296.4	-0.000415841
296.5	-0.000406813
296.6	-0.000401331
296.7	-0.000394186
296.8	-0.000384268
296.9	-0.000374123
297	-0.000360513
297.1	-0.000347397
297.2	-0.000332676
297.3	-0.000319406
297.4	-0.000308662
297.5	-0.000297909
297.6	-0.000282704
297.7	-0.000268996
297.8	-0.000255295
297.9	-0.000244937
298	-0.000242054
298.1	-0.000237821
298.2	-0.000231764
298.3	-0.000225854
298.4	-0.00022382
298.5	-0.000220882
298.6	-0.000218529
298.7	-0.000218607
298.8	-0.000222596
298.9	-0.000233674
299	-0.000245215
299.1	-0.00026007
299.2	-0.000279941
299.3	-0.000303314
299.4	-0.000325244
299.5	-0.000352002
299.6	-0.000377583
299.7	-0.0003985
299.8	-0.000419324
299.9	-0.000445039
300	-0.000477802
300.1	-0.000511666
300.2	-0.000547654
300.3	-0.000587637
300.4	-0.00063345
300.5	-0.000683353
300.6	-0.000735149
300.7	-0.000785437
300.8	-0.000829644
300.9	-0.000868051
301	-0.000910592
301.1	-0.000949879
301.2	-0.000985934
301.3	-0.00102385
301.4	-0.00106386
301.5	-0.0011051
301.6	-0.00114677
301.7	-0.00118516
301.8	-0.00122086
301.9	-0.00125331
302	-0.00128294
302.1	-0.00131309
302.2	-0.00134393
302.3	-0.00137399
302.4	-0.00140402
302.5	-0.00143144
302.6	-0.00146071
302.7	-0.00148674
302.8	-0.00151241
302.9	-0.0015404
303	-0.00156509
303.1	-0.00158575
303.2	-0.00160358
303.3	-0.00162281
303.4	-0.00164284
303.5	-0.00166545
303.6	-0.0016904
303.7	-0.00171756
303.8	-0.00174483
303.9	-0.00177093
304	-0.00179774
304.1	-0.00182773
304.2	-0.00185946
304.3	-0.00188909
304.4	-0.00191671
304.5	-0.00194298
304.6	-0.00196478
304.7	-0.00198386
304.8	-0.00199871
304.9	-0.00200958
305	-0.00201717
305.1	-0.00201854
305.2	-0.00201554
305.3	-0.00200975
305.4	-0.00200033
305.5	-0.00199723
305.6	-0.0019926
305.7	-0.00198196
305.8	-0.00196571
305.9	-0.00194439
306	-0.00191894
306.1	-0.00189413
306.2	-0.00186979
306.3	-0.00184513
306.4	-0.00182404
306.5	-0.00180824
306.6	-0.00179659
306.7	-0.00179145
306.8	-0.00178978
306.9	-0.00178916
307	-0.00179154
307.1	-0.00178984
307.2	-0.00178331
307.3	-0.00177538
307.4	-0.00177199
307.5	-0.00177045
307.6	-0.00177387
307.7	-0.00178117
307.8	-0.0017926
307.9	-0.00180306
308	-0.00181361
308.1	-0.00182181
308.2	-0.00182675
308.3	-0.00183548
308.4	-0.0018474
308.5	-0.0018551
308.6	-0.0018606
308.7	-0.00186432
308.8	-0.00187366
308.9	-0.00188473
309	-0.00189309
309.1	-0.00189957
309.2	-0.00190369
309.3	-0.00190511
309.4	-0.00191036
309.5	-0.00191993
309.6	-0.00193497
309.7	-0.00195207
309.8	-0.00197075
309.9	-0.00199092
310	-0.00201193
310.1	-0.00203426
310.2	-0.00205631
310.3	-0.00207281
310.4	-0.00208935
310.5	-0.00210352
310.6	-0.00211732
310.7	-0.00212928
310.8	-0.00214322
310.9	-0.00215928
311	-0.00217508
311.1	-0.00219341
311.2	-0.0022112
311.3	-0.00222941
311.4	-0.00225094
311.5	-0.00227439
311.6	-0.00229924
311.7	-0.00232384
311.8	-0.00235198
311.9	-0.00238444
312	-0.00241899
312.1	-0.00245016
312.2	-0.00248076
312.3	-0.0025116
312.4	-0.00254408
312.5	-0.00258483
312.6	-0.00263233
312.7	-0.00268361
312.8	-0.00273679
312.9	-0.00279013
313	-0.00284106
313.1	-0.00289093
313.2	-0.00293952
313.3	-0.00298781
313.4	-0.00303887
313.5	-0.0030885
313.6	-0.00313408
313.7	-0.00317117
313.8	-0.00320501
313.9	-0.0032348
314	-0.00325954
314.1	-0.00328491
314.2	-0.00331256
314.3	-0.00333598
314.4	-0.00336028
314.5	-0.00338468
314.6	-0.00340491
314.7	-0.00341984
314.8	-0.0034315
314.9	-0.00344291
315	-0.00345691
315.1	-0.00347021
315.2	-0.00348393
315.3	-0.00349869
315.4	-0.00351401
315.5	-0.00353155
315.6	-0.00355008
315.7	-0.00356483
315.8	-0.00357765
315.9	-0.00359127
316	-0.00360121
316.1	-0.00360938
316.2	-0.00362047
316.3	-0.00363123
316.4	-0.00363636
316.5	-0.00364059
316.6	-0.00364008
316.7	-0.00364245
316.8	-0.00364586
316.9	-0.0036475
317	-0.00364802
317.1	-0.00364296
317.2	-0.00363579
317.3	-0.00363054
317.4	-0.00362535
317.5	-0.00362056
317.6	-0.00361478
317.7	-0.00360721
317.8	-0.00359836
317.9	-0.00359273
318	-0.0035949
318.1	-0.00360192
318.2	-0.00361242
318.3	-0.00362819
318.4	-0.003646
318.5	-0.00366228
318.6	-0.00367129
318.7	-0.00367461
318.8	-0.00367361
318.9	-0.00367357
319	-0.00367115
319.1	-0.00366441
319.2	-0.00365562
319.3	-0.00364742
319.4	-0.00364115
319.5	-0.00363813
319.6	-0.00363769
319.7	-0.00363668
319.8	-0.00363105
319.9	-0.00361668
320	-0.00360435
320.1	-0.00359197
320.2	-0.00358133
320.3	-0.00357644
320.4	-0.00357705
320.5	-0.00357424
320.6	-0.00356751
320.7	-0.00356251
320.8	-0.00355862
320.9	-0.00355797
321	-0.00355515
321.1	-0.00354858
321.2	-0.00353897
321.3	-0.00352725
321.4	-0.00350964
321.5	-0.00348961
321.6	-0.00346681
321.7	-0.00344781
321.8	-0.00343453
321.9	-0.00342623
322	-0.00341674
322.1	-0.00341006
322.2	-0.00340721
322.3	-0.0034063
322.4	-0.00340762
322.5	-0.00341336
322.6	-0.00341596
322.7	-0.00341502
322.8	-0.00341647
322.9	-0.00341909
323	-0.00342281
323.1	-0.00342886
323.2	-0.00343693
323.3	-0.003444
323.4	-0.00344739
323.5	-0.00345021
323.6	-0.00345533
323.7	-0.00346331
323.8	-0.00347277
323.9	-0.0034813
324	-0.00349447
324.1	-0.003514
324.2	-0.00353399
324.3	-0.00355077
324.4	-0.00357033
324.5	-0.00358934
324.6	-0.00360406
324.7	-0.00362153
324.8	-0.00363584
324.9	-0.00364872
325	-0.00365652
325.1	-0.00365859
325.2	-0.00365762
325.3	-0.00365721
325.4	-0.00365866
325.5	-0.00366171
325.6	-0.00366707
325.7	-0.00367272
325.8	-0.00367964
325.9	-0.00368539
326	-0.00368656
326.1	-0.00368569
326.2	-0.0036811
326.3	-0.00367383
326.4	-0.00366146
326.5	-0.00364208
326.6	-0.00361485
326.7	-0.00358662
326.8	-0.00356506
326.9	-0.00354596
327	-0.00352647
327.1	-0.00350642
327.2	-0.00348265
327.3	-0.00345376
327.4	-0.00342388
327.5	-0.00339564
327.6	-0.00336867
327.7	-0.00334174
327.8	-0.00331608
327.9	-0.00328989
328	-0.00325523
328.1	-0.00321721
328.2	-0.00317252
328.3	-0.00312497
328.4	-0.00307737
328.5	-0.00302717
328.6	-0.00297589
328.7	-0.00292567
328.8	-0.00287735
328.9	-0.00283853
329	-0.00280188
329.1	-0.00277006
329.2	-0.00274381
329.3	-0.00272268
329.4	-0.00270709
329.5	-0.0026949
329.6	-0.00268417
329.7	-0.00267826
329.8	-0.00267088
329.9	-0.00265985
330	-0.00264284
330.1	-0.00262889
330.2	-0.00261877
330.3	-0.00260889
330.4	-0.00260393
330.5	-0.00260058
330.6	-0.00259409
330.7	-0.00258275
330.8	-0.00256772
330.9	-0.00254698
331	-0.00252424
331.1	-0.00250266
331.2	-0.00248217
331.3	-0.00245982
331.4	-0.00244166
331.5	-0.00242673
331.6	-0.00241465
331.7	-0.00240679
331.8	-0.00240078
331.9	-0.00239384
332	-0.00238973
332.1	-0.00238999
332.2	-0.00238962
332.3	-0.00239065
332.4	-0.00239044
332.5	-0.00238583
332.6	-0.00237075
332.7	-0.00234802
332.8	-0.00232607
332.9	-0.00230297
333	-0.00227822
333.1	-0.00225047
333.2	-0.00222089
333.3	-0.00218714
333.4	-0.00215262
333.5	-0.00211743
333.6	-0.0020836
333.7	-0.00205482
333.8	-0.00203231
333.9	-0.00201909
334	-0.00201286
334.1	-0.00201366
334.2	-0.00201148
334.3	-0.00201167
334.4	-0.0020105
334.5	-0.00200806
334.6	-0.00200499
334.7	-0.00200617
334.8	-0.00201211
334.9	-0.00201736
335	-0.00202304
335.1	-0.00203144
335.2	-0.00204125
335.3	-0.00205243
335.4	-0.00206568
335.5	-0.00208031
335.6	-0.00209552
335.7	-0.00210594
335.8	-0.00211457
335.9	-0.00211817
336	-0.00211664
336.1	-0.00211341
336.2	-0.0021094
336.3	-0.00210464
336.4	-0.00209584
336.5	-0.00208453
336.6	-0.00207168
336.7	-0.00205766
336.8	-0.00204443
336.9	-0.00203272
337	-0.00202227
337.1	-0.00201219
337.2	-0.00199993
337.3	-0.00198936
337.4	-0.00197624
337.5	-0.00195769
337.6	-0.00194046
337.7	-0.00191993
337.8	-0.00189658
337.9	-0.00187324
338	-0.00185371
338.1	-0.00183271
338.2	-0.00180962
338.3	-0.00178412
338.4	-0.00175394
338.5	-0.00172053
338.6	-0.00168378
338.7	-0.00164355
338.8	-0.00160327
338.9	-0.00155947
339	-0.00151577
339.1	-0.00147603
339.2	-0.00143564
339.3	-0.00139896
339.4	-0.0013565
339.5	-0.00131384
339.6	-0.00126928
339.7	-0.00122403
339.8	-0.00118071
339.9	-0.00113311
340	-0.00108744
340.1	-0.00105007
340.2	-0.00102192
340.3	-0.000998439
340.4	-0.00097491
340.5	-0.000952589
340.6	-0.000927418
340.7	-0.000903508
340.8	-0.000881204
340.9	-0.000863902
341	-0.000847688
341.1	-0.000829335
341.2	-0.000807242
341.3	-0.000784347
341.4	-0.000764184
341.5	-0.000745818
341.6	-0.000728107
341.7	-0.000710106
341.8	-0.00069296
341.9	-0.000670179
342	-0.000641402
342.1	-0.000603266
342.2	-0.000561109
342.3	-0.000518852
342.4	-0.000478619
342.5	-0.000442724
342.6	-0.000406576
342.7	-0.000373431
342.8	-0.000344228
342.9	-0.000320796
343	-0.000300553
343.1	-0.000281884
343.2	-0.000260711
343.3	-0.000239325
343.4	-0.000212091
343.5	-0.000183409
343.6	-0.000151116
343.7	-0.000119036
343.8	-8.88046e-05
343.9	-6.03437e-05
344	-3.40054e-05
344.1	-4.15717e-06
344.2	2.62728e-05
344.3	5.62342e-05
344.4	8.75402e-05
344.5	0.00012098
344.6	0.000157231
344.7	0.000194019
344.8	0.000231153
344.9	0.000269938
345	0.000308558
345.1	0.000346475
345.2	0.000382548
345.3	0.000419068
345.4	0.000457384
345.5	0.00049523
345.6	0.000529083
345.7	0.000565735
345.8	0.000600169
345.9	0.000636408
346	0.000673835
346.1	0.000708807
346.2	0.000745797
346.3	0.000783231
346.4	0.000818719
346.5	0.000851762
346.6	0.000884162
346.7	0.000918892
346.8	0.000951476
346.9	0.000988617
347	0.00102178
347.1	0.00105338
347.2	0.00108349
347.3	0.00110754
347.4	0.00113139
347.5	0.00115075
347.6	0.00116645
347.7	0.00117786
347.8	0.00118617
347.9	0.00119802
348	0.0012139
348.1	0.00122751
348.2	0.00123317
348.3	0.00123831
348.4	0.00124839
348.5	0.00126642
348.6	0.00128427
348.7	0.00130376
348.8	0.0013283
348.9	0.00134912
349	0.00136443
349.1	0.00137402
349.2	0.0013802
349.3	0.00138653
349.4	0.0013961
349.5	0.00140123
349.6	0.00140766
349.7	0.00141264
349.8	0.00141615
349.9	0.001419
350	0.00142592
350.1	0.00143286
350.2	0.0014384
350.3	0.00143964
350.4	0.00144526
350.5	0.00145637
350.6	0.00146426
350.7	0.00146667
350.8	0.0014677
350.9	0.00146741
351	0.00146468
351.1	0.00146057
351.2	0.00145444
351.3	0.00144935
351.4	0.00144047
351.5	0.00142853
351.6	0.00141996
351.7	0.00141294
351.8	0.00141075
351.9	0.00141301
352	0.00141516
352.1	0.00141802
352.2	0.00141862
352.3	0.00141507
352.4	0.00140707
352.5	0.00140313
352.6	0.0014035
352.7	0.00140209
352.8	0.00139861
352.9	0.0013937
353	0.001392
353.1	0.0013875
353.2	0.00138511
353.3	0.00138214
353.4	0.00138022
353.5	0.00137829
353.6	0.00137901
353.7	0.00138302
353.8	0.00139358
353.9	0.0014072
354	0.00142458
354.1	0.00144775
354.2	0.00146318
354.3	0.00147855
354.4	0.00149812
354.5	0.00151974
354.6	0.0015386
354.7	0.00155538
354.8	0.00157309
354.9	0.00158311
355	0.00159014
355.1	0.00159735
355.2	0.00160755
355.3	0.00161707
355.4	0.00162084
355.5	0.00162306
355.6	0.00162783
355.7	0.00163132
355.8	0.0016391
355.9	0.00164657
356	0.00165183
356.1	0.0016581
356.2	0.00166083
356.3	0.00165741
356.4	0.00164993
356.5	0.00164451
356.6	0.0016354
356.7	0.00162227
356.8	0.00160436
356.9	0.00158
357	0.00155679
357.1	0.00153863
357.2	0.00152562
357.3	0.00151662
357.4	0.00151097
357.5	0.00151096
357.6	0.00151566
357.7	0.00152226
357.8	0.00153453
357.9	0.00154581
358	0.00155671
358.1	0.00156307
358.2	0.00156567
358.3	0.0015663
358.4	0.0015676
358.5	0.00156699
358.6	0.00157184
358.7	0.0015799
358.8	0.00158847
358.9	0.00160041
359	0.00161208
359.1	0.00162415
359.2	0.00163664
359.3	0.00165081
359.4	0.00166627
359.5	0.0016814
359.6	0.00169284
359.7	0.00169698
359.8	0.00169386
359.9	0.00168982
360	0.00168611
360.1	0.00168203
360.2	0.00167725
360.3	0.00167152
360.4	0.00166543
360.5	0.00165842
360.6	0.00164771
360.7	0.00163703
360.8	0.00162882
360.9	0.00162124
361	0.00161403
361.1	0.00161121
361.2	0.00160738
361.3	0.0016007
361.4	0.00159455
361.5	0.00158953
361.6	0.001583
361.7	0.00157001
361.8	0.00155927
361.9	0.00155263
362	0.00154602
362.1	0.00153694
362.2	0.00152887
362.3	0.0015317
362.4	0.00153893
362.5	0.00154546
362.6	0.00155376
362.7	0.00156885
362.8	0.00159053
362.9	0.00161434
363	0.00163542
363.1	0.00165858
363.2	0.00167797
363.3	0.00169338
363.4	0.001707
363.5	0.00171814
363.6	0.00172635
363.7	0.00173382
363.8	0.00173817
363.9	0.0017519
364	0.00177428
364.1	0.00180726
364.2	0.00184257
364.3	0.00187344
364.4	0.00190631
364.5	0.00193777
364.6	0.00196583
364.7	0.00199279
364.8	0.0020198
364.9	0.00204629
365	0.00207118
365.1	0.00209061
365.2	0.00211015
365.3	0.00212673
365.4	0.00214314
365.5	0.00216052
365.6	0.00218325
365.7	0.00220773
365.8	0.0022353
365.9	0.00226224
366	0.00228452
366.1	0.0023052
366.2	0.00232455
366.3	0.00234335
366.4	0.00236453
366.5	0.00238772
366.6	0.00241141
366.7	0.00243329
366.8	0.0024526
366.9	0.00247173
367	0.00248978
367.1	0.00250222
367.2	0.00250961
367.3	0.00251501
367.4	0.00251946
367.5	0.00252675
367.6	0.00253643
367.7	0.00254666
367.8	0.00255086
367.9	0.00254975
368	0.00253891
368.1	0.00252542
368.2	0.00250953
368.3	0.00249484
368.4	0.00248148
368.5	0.00246993
368.6	0.00245838
368.7	0.00244816
368.8	0.00243893
368.9	0.00243341
369	0.00243158
369.1	0.00243615
369.2	0.00244352
369.3	0.00244809
369.4	0.00245563
369.5	0.00246382
369.6	0.00247938
369.7	0.00249748
369.8	0.00251492
369.9	0.00253811
370	0.00257224
370.1	0.00261421
370.2	0.00265746
370.3	0.00270068
370.4	0.00274037
370.5	0.00277425
370.6	0.00280577
370.7	0.00282984
370.8	0.00284712
370.9	0.00286246
371	0.00287899
371.1	0.00289082
371.2	0.00290069
371.3	0.00290916
371.4	0.00291407
371.5	0.00291872
371.6	0.00292336
371.7	0.00292702
371.8	0.00292972
371.9	0.00293009
372	0.00293154
372.1	0.0029341
372.2	0.00293507
372.3	0.00293922
372.4	0.00294463
372.5	0.00295065
372.6	0.00295827
372.7	0.00296606
372.8	0.00297585
372.9	0.00298749
373	0.00299922
373.1	0.00301105
373.2	0.00302078
373.3	0.00302954
373.4	0.00303674
373.5	0.00304494
373.6	0.00305624
373.7	0.0030671
373.8	0.00307881
373.9	0.00309509
374	0.00311755
374.1	0.00314261
374.2	0.00316505
374.3	0.00318546
374.4	0.00320589
374.5	0.00322888
374.6	0.00325782
374.7	0.00328981
374.8	0.00331854
374.9	0.00334339
375	0.00337039
375.1	0.00339224
375.2	0.00340634
375.3	0.00341742
375.4	0.00342408
375.5	0.00343002
375.6	0.00343706
375.7	0.00344667
375.8	0.00346115
375.9	0.00347728
376	0.00349369
376.1	0.00351406
376.2	0.00353106
376.3	0.00354513
376.4	0.00356056
376.5	0.00357419
376.6	0.00358459
376.7	0.00359495
376.8	0.00360401
376.9	0.00361572
377	0.00362964
377.1	0.0036448
377.2	0.00366056
377.3	0.00367938
377.4	0.00370065
377.5	0.00372463
377.6	0.00375033
377.7	0.00377606
377.8	0.00379922
377.9	0.00381615
378	0.00383241
378.1	0.00385023
378.2	0.00386242
378.3	0.00386763
378.4	0.00387226
378.5	0.00387827
378.6	0.00388599
378.7	0.00389916
378.8	0.00391232
378.9	0.00392104
379	0.00392585
379.1	0.00392471
379.2	0.00392102
379.3	0.00391573
379.4	0.00391428
379.5	0.00391147
379.6	0.00391102
379.7	0.00391159
379.8	0.00391309
379.9	0.00390615
380	0.00389831
380.1	0.00389086
380.2	0.00388269
380.3	0.0038773
380.4	0.00387801
380.5	0.00388183
380.6	0.00388957
380.7	0.00389876
380.8	0.00390649
380.9	0.00391889
381	0.00393784
381.1	0.00395508
381.2	0.0039763
381.3	0.00399795
381.4	0.00401737
381.5	0.00403564
381.6	0.00405368
381.7	0.00407094
381.8	0.00408825
381.9	0.00410572
382	0.00412264
382.1	0.00414019
382.2	0.00415517
382.3	0.0041682
382.4	0.00418366
382.5	0.00420254
382.6	0.00422692
382.7	0.00425154
382.8	0.00428161
382.9	0.00431238
383	0.00433797
383.1	0.00436463
383.2	0.00439282
383.3	0.00442339
383.4	0.00445627
383.5	0.00448979
383.6	0.00452567
383.7	0.00456295
383.8	0.00460032
383.9	0.00463823
384	0.00467563
384.1	0.00471167
384.2	0.00474517
384.3	0.0047773
384.4	0.00480682
384.5	0.00483521
384.6	0.00486431
384.7	0.00488593
384.8	0.00489764
384.9	0.00490011
385	0.00489416
385.1	0.00488443
385.2	0.0048735
385.3	0.00486132
385.4	0.00485078
385.5	0.00484208
385.6	0.00483133
385.7	0.00481464
385.8	0.00479288
385.9	0.00477158
386	0.00475168
386.1	0.00473731
386.2	0.00472705
386.3	0.00472127
386.4	0.00471973
386.5	0.00471834
386.6	0.00471627
386.7	0.00471801
386.8	0.00472212
386.9	0.00472874
387	0.0047364
387.1	0.00474728
387.2	0.00475773
387.3	0.00476309
387.4	0.00476642
387.5	0.00476702
387.6	0.00476643
387.7	0.0047588
387.8	0.00474399
387.9	0.00472317
388	0.00470041
388.1	0.00467387
388.2	0.00463943
388.3	0.00459932
388.4	0.00455895
388.5	0.00451692
388.6	0.00447416
388.7	0.00443628
388.8	0.00440518
388.9	0.00437863
389	0.00435282
389.1	0.00432248
389.2	0.00428806
389.3	0.00425339
389.4	0.00421472
389.5	0.00416962
389.6	0.00411662
389.7	0.00406117
389.8	0.00400357
389.9	0.00394479
390	0.00388923
390.1	0.00383631
390.2	0.00378257
390.3	0.00372666
390.4	0.00366793
390.5	0.00361031
390.6	0.00355705
390.7	0.00349756
390.8	0.00343476
390.9	0.00336449
391	0.00328992
391.1	0.00321891
391.2	0.00315159
391.3	0.00308428
391.4	0.0030157
391.5	0.00294584
391.6	0.00287821
391.7	0.00281708
391.8	0.00275963
391.9	0.00270791
392	0.00265836
392.1	0.00260783
392.2	0.00255101
392.3	0.00249218
392.4	0.00243
392.5	0.00236579
392.6	0.00229955
392.7	0.00224113
392.8	0.00218893
392.9	0.0021322
393	0.00207639
393.1	0.00202336
393.2	0.00197226
393.3	0.0019271
393.4	0.00188678
393.5	0.00184728
393.6	0.00180704
393.7	0.00176479
393.8	0.00171815
393.9	0.0016665
394	0.00161985
394.1	0.00157802
394.2	0.00154025
394.3	0.00150443
394.4	0.00146883
394.5	0.0014278
394.6	0.00138245
394.7	0.00133528
394.8	0.0012935
394.9	0.0012563
395	0.00122366
395.1	0.001191
395.2	0.00115581
395.3	0.00111494
395.4	0.00106995
395.5	0.00102616
395.6	0.000982499
395.7	0.000941672
395.8	0.000899316
395.9	0.000856276
396	0.00080985
396.1	0.00076268
396.2	0.000718278
396.3	0.000673313
396.4	0.000631095
396.5	0.000591882
396.6	0.000558576
396.7	0.000527351
396.8	0.00049718
396.9	0.000469837
397	0.000444077
397.1	0.000418462
397.2	0.000392658
397.3	0.000367646
397.4	0.000343342
397.5	0.000319049
397.6	0.000294982
397.7	0.000264135
397.8	0.000231128
397.9	0.000201076
398	0.000168774
398.1	0.00013503
398.2	9.5577e-05
398.3	5.53438e-05
398.4	1.75239e-05
398.5	-1.96608e-05
398.6	-6.08855e-05
398.7	-0.000103303
398.8	-0.000144166
398.9	-0.000181793
399	-0.000218553
399.1	-0.000253109
399.2	-0.000284357
399.3	-0.000315662
399.4	-0.000352669
399.5	-0.000389888
399.6	-0.000426329
399.7	-0.000463395
399.8	-0.000499293
399.9	-0.000531643
400	-0.000559135
400.1	-0.000582838
400.2	-0.000602067
400.3	-0.00062139
400.4	-0.000643016
400.5	-0.000671081
400.6	-0.000708071
400.7	-0.000747499
400.8	-0.000786575
400.9	-0.00082583
401	-0.000864814
401.1	-0.000900391
401.2	-0.000935779
401.3	-0.000967674
401.4	-0.000995417
401.5	-0.00102221
401.6	-0.00105418
401.7	-0.00108826
401.8	-0.00112248
401.9	-0.00115012
402	-0.00117018
402.1	-0.00118564
402.2	-0.00119836
402.3	-0.00121333
402.4	-0.00122934
402.5	-0.00124093
402.6	-0.00124611
402.7	-0.00125028
402.8	-0.00125852
402.9	-0.00127557
403	-0.00129953
403.1	-0.00132253
403.2	-0.00134153
403.3	-0.00135865
403.4	-0.0013767
403.5	-0.00139894
403.6	-0.00142366
403.7	-0.00145116
403.8	-0.00147254
403.9	-0.00149326
404	-0.00151129
404.1	-0.00153283
404.2	-0.00155973
404.3	-0.00158879
404.4	-0.00161647
404.5	-0.00164711
404.6	-0.00168146
404.7	-0.0017183
404.8	-0.00176062
404.9	-0.00180342
405	-0.00184918
405.1	-0.00189618
405.2	-0.00194173
405.3	-0.00199132
405.4	-0.00204399
405.5	-0.00209489
405.6	-0.00214006
405.7	-0.00218269
405.8	-0.00222458
405.9	-0.00226421
406	-0.00229961
406.1	-0.00232897
406.2	-0.0023581
406.3	-0.00238739
406.4	-0.00241473
406.5	-0.0024431
406.6	-0.00246575
406.7	-0.00248324
406.8	-0.00249769
406.9	-0.0025098
407	-0.00251786
407.1	-0.00252453
407.2	-0.00253677
407.3	-0.00255331
407.4	-0.00257161
407.5	-0.0025884
407.6	-0.00260474
407.7	-0.00262331
407.8	-0.00264229
407.9	-0.00265308
408	-0.00266495
408.1	-0.00267905
408.2	-0.00269333
408.3	-0.00270699
408.4	-0.00272672
408.5	-0.00275315
408.6	-0.00277672
408.7	-0.00280414
408.8	-0.0028321
408.9	-0.00285814
409	-0.0028804
409.1	-0.00289838
409.2	-0.00291654
409.3	-0.00293767
409.4	-0.00296063
409.5	-0.0029792
409.6	-0.00299897
409.7	-0.00301998
409.8	-0.00304744
409.9	-0.00307177
410	-0.00309104
410.1	-0.00310883
410.2	-0.00312383
410.3	-0.00313599
410.4	-0.00314395
410.5	-0.00315018
410.6	-0.00315502
410.7	-0.00316384
410.8	-0.00317086
410.9	-0.00317001
411	-0.00316492
411.1	-0.00315647
411.2	-0.00315217
411.3	-0.0031529
411.4	-0.00315338
411.5	-0.00314892
411.6	-0.00314263
411.7	-0.00313444
411.8	-0.00312585
411.9	-0.0031116
412	-0.00309738
412.1	-0.00308037
412.2	-0.00305873
412.3	-0.00303835
412.4	-0.00302275
412.5	-0.00300585
412.6	-0.00299174
412.7	-0.00297645
412.8	-0.00296169
412.9	-0.00295038
413	-0.00293691
413.1	-0.00292341
413.2	-0.00291144
413.3	-0.00290394
413.4	-0.00289775
413.5	-0.00288837
413.6	-0.00287863
413.7	-0.00287269
413.8	-0.0028691
413.9	-0.00286394
414	-0.00285762
414.1	-0.00285127
414.2	-0.00284154
414.3	-0.00283013
414.4	-0.00281451
414.5	-0.00279691
414.6	-0.00277064
414.7	-0.0027392
414.8	-0.00270197
414.9	-0.00265739
415	-0.00260085
415.1	-0.00254062
415.2	-0.00248023
415.3	-0.00241696
415.4	-0.00235828
415.5	-0.00230326
415.6	-0.00224649
415.7	-0.00219567
415.8	-0.00215031
415.9	-0.00210905
416	-0.00207248
416.1	-0.00203555
416.2	-0.00199235
416.3	-0.00194695
416.4	-0.00189818
416.5	-0.00184871
416.6	-0.00179684
416.7	-0.00174125
416.8	-0.00168482
416.9	-0.00163037
417	-0.00157751
417.1	-0.00152568
417.2	-0.00146973
417.3	-0.00140956
417.4	-0.00134763
417.5	-0.00128122
417.6	-0.00121315
417.7	-0.00114873
417.8	-0.00108806
417.9	-0.00103044
418	-0.000976658
418.1	-0.000923992
418.2	-0.000875925
418.3	-0.000827696
418.4	-0.0007775
418.5	-0.000723831
418.6	-0.000669274
418.7	-0.000610321
418.8	-0.00054705
418.9	-0.000488813
419	-0.000431868
419.1	-0.000375789
419.2	-0.000314392
419.3	-0.000249602
419.4	-0.000182368
419.5	-0.000114827
419.6	-5.18666e-05
419.7	7.24995e-06
419.8	6.21493e-05
419.9	0.000111324
420	0.000159313
420.1	0.000208484
420.2	0.000254446
420.3	0.00030014
420.4	0.000348355
420.5	0.000392674
420.6	0.000433785
420.7	0.000474265
420.8	0.000509996
420.9	0.000543278
421	0.000577421
421.1	0.000614104
421.2	0.000650722
421.3	0.000686078
421.4	0.000718122
421.5	0.000749589
421.6	0.000780888
421.7	0.000811388
421.8	0.000840449
421.9	0.000870706
422	0.000904393
422.1	0.000940941
422.2	0.000981926
422.3	0.00102649
422.4	0.00107678
422.5	0.00112914
422.6	0.00118169
422.7	0.00122986
422.8	0.00128039
422.9	0.00133365
423	0.00138801
423.1	0.00144367
423.2	0.00149857
423.3	0.00155113
423.4	0.00160345
423.5	0.0016526
423.6	0.00170437
423.7	0.00175473
423.8	0.00180622
423.9	0.00186098
424	0.0019093
424.1	0.001954
424.2	0.00200086
424.3	0.00205052
424.4	0.0020958
424.5	0.00213841
424.6	0.00218227
424.7	0.00222537
424.8	0.00226061
424.9	0.00229553
425	0.00232845
425.1	0.00235741
425.2	0.0023806
425.3	0.00240334
425.4	0.00242932
425.5	0.00245375
425.6	0.00247382
425.7	0.00249217
425.8	0.00250776
425.9	0.00252014
426	0.00252969
426.1	0.00253261
426.2	0.00253228
426.3	0.00253031
426.4	0.00253018
426.5	0.0025368
426.6	0.00254793
426.7	0.00256166
426.8	0.00257057
426.9	0.00258151
427	0.00259271
427.1	0.00259882
427.2	0.00260505
427.3	0.0026092
427.4	0.0026157
427.5	0.00262175
427.6	0.0026306
427.7	0.00263967
427.8	0.00264656
427.9	0.00265023
428	0.00265472
428.1	0.00265582
428.2	0.00265451
428.3	0.00265451
428.4	0.00265982
428.5	0.00266858
428.6	0.00267613
428.7	0.00268315
428.8	0.00269113
428.9	0.00270175
429	0.00271184
429.1	0.00271393
429.2	0.00271046
429.3	0.00270656
429.4	0.00270403
429.5	0.00270402
429.6	0.00270384
429.7	0.00270428
429.8	0.00270428
429.9	0.00270207
430	0.0027016
430.1	0.00270245
430.2	0.00270227
430.3	0.00270036
430.4	0.00269307
430.5	0.00268083
430.6	0.00266744
430.7	0.00265452
430.8	0.00264284
430.9	0.00263252
431	0.00262221
431.1	0.00261233
431.2	0.00260721
431.3	0.00260445
431.4	0.0026026
431.5	0.00260334
431.6	0.0026042
431.7	0.00260388
431.8	0.0026054
431.9	0.00260797
432	0.00261453
432.1	0.0026221
432.2	0.0026326
432.3	0.00264179
432.4	0.0026521
432.5	0.00266583
432.6	0.00268347
432.7	0.00270293
432.8	0.00272393
432.9	0.00275128
433	0.00278217
433.1	0.0028105
433.2	0.00284029
433.3	0.00287289
433.4	0.0029046
433.5	0.00293525
433.6	0.00296001
433.7	0.00298094
433.8	0.00300211
433.9	0.00302615
434	0.00304966
434.1	0.00307023
434.2	0.0030881
434.3	0.00310677
434.4	0.0031192
434.5	0.00312308
434.6	0.0031223
434.7	0.00312406
434.8	0.00312676
434.9	0.00312732
435	0.00312713
435.1	0.00313177
435.2	0.00313972
435.3	0.00314432
435.4	0.00314899
435.5	0.003154
435.6	0.00315875
435.7	0.0031706
435.8	0.00318985
435.9	0.00320792
436	0.00322223
436.1	0.0032318
436.2	0.00324293
436.3	0.0032556
436.4	0.00327178
436.5	0.00328938
436.6	0.00330672
436.7	0.00332231
436.8	0.00333349
436.9	0.00334482
437	0.00335135
437.1	0.00335784
437.2	0.0033685
437.3	0.00338257
437.4	0.00339536
437.5	0.00340795
437.6	0.00341837
437.7	0.00343325
437.8	0.00345265
437.9	0.00347338
438	0.0034897
438.1	0.00350349
438.2	0.00351252
438.3	0.00351948
438.4	0.00352262
438.5	0.0035223
438.6	0.00352079
438.7	0.00351932
438.8	0.00351929
438.9	0.00352214
439	0.00352987
439.1	0.00354278
439.2	0.00355866
439.3	0.00357351
439.4	0.00359015
439.5	0.00360696
439.6	0.00362324
439.7	0.00363493
439.8	0.00364792
439.9	0.00366443
440	0.00368407
440.1	0.00370918
440.2	0.00374166
440.3	0.00377182
440.4	0.00379899
440.5	0.00382413
440.6	0.00384937
440.7	0.00387611
440.8	0.00390009
440.9	0.00392315
441	0.00394356
441.1	0.00396842
441.2	0.00399454
441.3	0.00402221
441.4	0.00405264
441.5	0.00408406
441.6	0.00411607
441.7	0.00415032
441.8	0.00418422
441.9	0.00421667
442	0.00424888
442.1	0.00428801
442.2	0.00432931
442.3	0.00436915
442.4	0.00440818
442.5	0.00444339
442.6	0.0044767
442.7	0.0045102
442.8	0.00454332
442.9	0.00457141
443	0.00459456
443.1	0.00461559
443.2	0.00462993
443.3	0.0046366
443.4	0.00463868
443.5	0.00463696
443.6	0.00463303
443.7	0.0046248
443.8	0.00461499
443.9	0.00460111
444	0.0045857
444.1	0.00457504
444.2	0.00456157
444.3	0.00454682
444.4	0.00453109
444.5	0.00451914
444.6	0.00451058
444.7	0.00450499
444.8	0.00450592
444.9	0.00451219
445	0.0045193
445.1	0.00452181
445.2	0.00451915
445.3	0.00451063
445.4	0.00449976
445.5	0.00448897
445.6	0.00447773
445.7	0.00446524
445.8	0.00445473
445.9	0.00444616
446	0.00443786
446.1	0.00442657
446.2	0.00441339
446.3	0.00439602
446.4	0.00437655
446.5	0.00435407
446.6	0.00432961
446.7	0.00430151
446.8	0.00427208
446.9	0.00423773
447	0.00420215
447.1	0.00416658
447.2	0.00413194
447.3	0.00409733
447.4	0.00406425
447.5	0.00403738
447.6	0.00401122
447.7	0.0039837
447.8	0.00395489
447.9	0.0039263
448	0.00389889
448.1	0.00386954
448.2	0.00384001
448.3	0.00381021
448.4	0.00378296
448.5	0.00376134
448.6	0.00373955
448.7	0.0037156
448.8	0.00369394
448.9	0.00367537
449	0.00365504
449.1	0.00363821
449.2	0.00362715
449.3	0.00361501
449.4	0.00359974
449.5	0.00357787
449.6	0.00355183
449.7	0.00352669
449.8	0.00350278
449.9	0.00347867
450	0.00345295
450.1	0.00343113
450.2	0.00341036
450.3	0.00338775
450.4	0.00336715
450.5	0.00334542
450.6	0.00332503
450.7	0.0033074
450.8	0.00329284
450.9	0.00327797
451	0.00326468
451.1	0.00325015
451.2	0.00323147
451.3	0.00320587
451.4	0.00317973
451.5	0.00314903
451.6	0.00311437
451.7	0.0030796
451.8	0.00304853
451.9	0.00302138
452	0.00300017
452.1	0.00298205
452.2	0.00297094
452.3	0.00296384
452.4	0.00295505
452.5	0.00294561
452.6	0.00293441
452.7	0.00292351
452.8	0.00291007
452.9	0.00289605
453	0.00288365
453.1	0.00287213
453.2	0.00285583
453.3	0.0028432
453.4	0.00283295
453.5	0.00282735
453.6	0.00282224
453.7	0.00281811
453.8	0.0028143
453.9	0.00281037
454	0.00280491
454.1	0.00280362
454.2	0.00280197
454.3	0.00280182
454.4	0.00280418
454.5	0.00280529
454.6	0.00280236
454.7	0.00279722
454.8	0.00279085
454.9	0.00278013
455	0.00276378
455.1	0.00274262
455.2	0.00271783
455.3	0.00268755
455.4	0.00265478
455.5	0.00262196
455.6	0.00259114
455.7	0.00256155
455.8	0.00253381
455.9	0.00250878
456	0.00248354
456.1	0.00245682
456.2	0.00242738
456.3	0.00239401
456.4	0.00235353
456.5	0.00230891
456.6	0.00226197
456.7	0.00221034
456.8	0.00215808
456.9	0.00210622
457	0.00205811
457.1	0.00201331
457.2	0.00197735
457.3	0.00194429
457.4	0.00191167
457.5	0.00187782
457.6	0.00184358
457.7	0.00181244
457.8	0.00178342
457.9	0.00176102
458	0.00174204
458.1	0.00172091
458.2	0.00169999
458.3	0.00167754
458.4	0.00164855
458.5	0.00161495
458.6	0.0015717
458.7	0.00152901
458.8	0.00149006
458.9	0.00145246
459	0.00141446
459.1	0.00137892
459.2	0.00134634
459.3	0.00131554
459.4	0.00128549
459.5	0.00125
459.6	0.0012082
459.7	0.00115767
459.8	0.00110547
459.9	0.00104945
460	0.000994387
460.1	0.000939579
460.2	0.000886365
460.3	0.000831822
460.4	0.000773993
460.5	0.00071242
460.6	0.00065358
460.7	0.000601586
460.8	0.000554813
460.9	0.000508144
461	0.00046016
461.1	0.000410888
461.2	0.000358142
461.3	0.000306479
461.4	0.000253595
461.5	0.000200948
461.6	0.000149818
461.7	0.000101996
461.8	5.70626e-05
461.9	8.87345e-06
462	-3.63137e-05
462.1	-8.1238e-05
462.2	-0.00012175
462.3	-0.000157269
462.4	-0.000188276
462.5	-0.000213038
462.6	-0.000233726
462.7	-0.00025315
462.8	-0.000279353
462.9	-0.00031068
463	-0.000339058
463.1	-0.000366459
463.2	-0.000393509
463.3	-0.000419433
463.4	-0.000445197
463.5	-0.000470558
463.6	-0.000495708
463.7	-0.000518002
463.8	-0.000534648
463.9	-0.000549577
464	-0.00057226
464.1	-0.000598312
464.2	-0.000628667
464.3	-0.000663056
464.4	-0.000698309
464.5	-0.000728058
464.6	-0.000751569
464.7	-0.000774709
464.8	-0.000796966
464.9	-0.000817306
465	-0.000835199
465.1	-0.000852845
465.2	-0.000867392
465.3	-0.000878343
465.4	-0.000884706
465.5	-0.000888034
465.6	-0.000888239
465.7	-0.000890838
465.8	-0.000894333
465.9	-0.000900226
466	-0.000909298
466.1	-0.000922166
466.2	-0.000932764
466.3	-0.000947412
466.4	-0.000962879
466.5	-0.000977762
466.6	-0.000991588
466.7	-0.00100066
466.8	-0.00100615
466.9	-0.00101134
467	-0.00101465
467.1	-0.00101904
467.2	-0.00102391
467.3	-0.00102952
467.4	-0.00103341
467.5	-0.00103445
467.6	-0.0010391
467.7	-0.0010433
467.8	-0.00105192
467.9	-0.00105605
468	-0.00105127
468.1	-0.00104269
468.2	-0.00103452
468.3	-0.00103195
468.4	-0.00103338
468.5	-0.00103711
468.6	-0.00103713
468.7	-0.00103263
468.8	-0.00103098
468.9	-0.00103321
469	-0.001041
469.1	-0.00104905
469.2	-0.00106172
469.3	-0.00107508
469.4	-0.00108542
469.5	-0.00109531
469.6	-0.00110961
469.7	-0.00112574
469.8	-0.00114707
469.9	-0.00117036
470	-0.00120128
470.1	-0.00123153
470.2	-0.00126015
470.3	-0.00129061
470.4	-0.00131737
470.5	-0.00133812
470.6	-0.00135088
470.7	-0.00135979
470.8	-0.00136962
470.9	-0.00138219
471	-0.00139873
471.1	-0.00141908
471.2	-0.00144525
471.3	-0.00147557
471.4	-0.00150634
471.5	-0.0015362
471.6	-0.00156121
471.7	-0.00158426
471.8	-0.00160473
471.9	-0.00161864
472	-0.0016256
472.1	-0.00162794
472.2	-0.00163261
472.3	-0.00163808
472.4	-0.00163913
472.5	-0.00163755
472.6	-0.00163408
472.7	-0.00163356
472.8	-0.0016315
472.9	-0.00162534
473	-0.00161766
473.1	-0.0016084
473.2	-0.00160388
473.3	-0.00159994
473.4	-0.00159232
473.5	-0.00158312
473.6	-0.00157174
473.7	-0.00156007
473.8	-0.00154722
473.9	-0.0015301
474	-0.00151056
474.1	-0.00148715
474.2	-0.00145674
474.3	-0.00142378
474.4	-0.00139476
474.5	-0.00136747
474.6	-0.0013405
474.7	-0.00131496
474.8	-0.00129218
474.9	-0.00127311
475	-0.00125269
475.1	-0.00123336
475.2	-0.00121389
475.3	-0.00119838
475.4	-0.00118544
475.5	-0.00117618
475.6	-0.00117126
475.7	-0.00116785
475.8	-0.00116051
475.9	-0.00114769
476	-0.00113145
476.1	-0.00111287
476.2	-0.00109075
476.3	-0.00107132
476.4	-0.00105277
476.5	-0.00103358
476.6	-0.00101417
476.7	-0.000991336
476.8	-0.00096902
476.9	-0.000942497
477	-0.000910353
477.1	-0.000876797
477.2	-0.000841285
477.3	-0.000802337
477.4	-0.000763803
477.5	-0.0007204
477.6	-0.000672937
477.7	-0.000622946
477.8	-0.000574513
477.9	-0.000526076
478	-0.000472537
478.1	-0.000420483
478.2	-0.000369566
478.3	-0.000323283
478.4	-0.000284364
478.5	-0.000248562
478.6	-0.000210198
478.7	-0.000172959
478.8	-0.000135032
478.9	-9.26785e-05
479	-4.77381e-05
479.1	-6.22184e-07
479.2	4.60478e-05
479.3	8.84498e-05
479.4	0.000122745
479.5	0.000150395
479.6	0.000178834
479.7	0.000204448
479.8	0.000226463
479.9	0.000247609
480	0.000262941
480.1	0.000274923
480.2	0.000283793
480.3	0.000291247
480.4	0.000296561
480.5	0.000303121
480.6	0.000305096
480.7	0.000304963
480.8	0.000304117
480.9	0.000298604
481	0.000291157
481.1	0.000280059
481.2	0.000268964
481.3	0.000262833
481.4	0.000261194
481.5	0.000257521
481.6	0.000247107
481.7	0.000230727
481.8	0.000212273
481.9	0.000188323
482	0.000164116
482.1	0.00013581
482.2	0.000107926
482.3	7.57947e-05
482.4	4.20688e-05
482.5	8.13345e-06
482.6	-2.00264e-05
482.7	-4.15668e-05
482.8	-6.47353e-05
482.9	-9.09906e-05
483	-0.000119608
483.1	-0.000149921
483.2	-0.000181565
483.3	-0.000208933
483.4	-0.000230831
483.5	-0.000248691
483.6	-0.000263048
483.7	-0.00027868
483.8	-0.000292368
483.9	-0.000307048
484	-0.000323486
484.1	-0.000344378
484.2	-0.000364991
484.3	-0.000386922
484.4	-0.000408755
484.5	-0.000430882
484.6	-0.000455741
484.7	-0.000483118
484.8	-0.000507312
484.9	-0.000530359
485	-0.000553679
485.1	-0.000569791
485.2	-0.000577744
485.3	-0.00058639
485.4	-0.000595272
485.5	-0.000604181
485.6	-0.000610211
485.7	-0.000614866
485.8	-0.000624467
485.9	-0.000637169
486	-0.000649761
486.1	-0.000661122
486.2	-0.000673137
486.3	-0.000685726
486.4	-0.000699529
486.5	-0.000710756
486.6	-0.00072676
486.7	-0.000746716
486.8	-0.00076704
486.9	-0.000788115
487	-0.000809353
487.1	-0.00082683
487.2	-0.000841163
487.3	-0.0008515
487.4	-0.000858939
487.5	-0.000868081
487.6	-0.000879428
487.7	-0.000892749
487.8	-0.00090556
487.9	-0.000921394
488	-0.000933535
488.1	-0.000940603
488.2	-0.000946933
488.3	-0.000950128
488.4	-0.000957341
488.5	-0.000964741
488.6	-0.000972104
488.7	-0.000976832
488.8	-0.000978822
488.9	-0.000981833
489	-0.000981547
489.1	-0.000983021
489.2	-0.000983045
489.3	-0.0009915
489.4	-0.00100528
489.5	-0.00101512
489.6	-0.001027
489.7	-0.00104093
489.8	-0.00105813
489.9	-0.00107763
490	-0.00109972
490.1	-0.00112127
490.2	-0.00114185
490.3	-0.00116379
490.4	-0.00118418
490.5	-0.00120626
490.6	-0.00122927
490.7	-0.00125285
490.8	-0.00127385
490.9	-0.00129141
491	-0.00130535
491.1	-0.00131953
491.2	-0.00133308
491.3	-0.00134205
491.4	-0.00134967
491.5	-0.00135567
491.6	-0.00135931
491.7	-0.00136252
491.8	-0.00137002
491.9	-0.00138141
492	-0.0013913
492.1	-0.00139723
492.2	-0.00140015
492.3	-0.00140088
492.4	-0.00139688
492.5	-0.00139043
492.6	-0.00138317
492.7	-0.00137593
492.8	-0.00137075
492.9	-0.00136973
493	-0.00137289
493.1	-0.00137891
493.2	-0.00138452
493.3	-0.00138574
493.4	-0.00138341
493.5	-0.00138077
493.6	-0.0013784
493.7	-0.00137691
493.8	-0.00137782
493.9	-0.00138139
494	-0.00138641
494.1	-0.00139631
494.2	-0.00140585
494.3	-0.00141806
494.4	-0.00143197
494.5	-0.00144311
494.6	-0.00145294
494.7	-0.0014627
494.8	-0.00147804
494.9	-0.00149324
495	-0.00150714
495.1	-0.00152056
495.2	-0.00153595
495.3	-0.00154971
495.4	-0.00156493
495.5	-0.00158384
495.6	-0.00160168
495.7	-0.00161728
495.8	-0.00163379
495.9	-0.00164728
496	-0.00165429
496.1	-0.00165346
496.2	-0.00164746
496.3	-0.00163529
496.4	-0.00162198
496.5	-0.00160774
496.6	-0.001594
496.7	-0.00157977
496.8	-0.00156016
496.9	-0.00153805
497	-0.00151747
497.1	-0.00149709
497.2	-0.00147405
497.3	-0.0014492
497.4	-0.0014225
497.5	-0.00139724
497.6	-0.00137592
497.7	-0.00136035
497.8	-0.00135252
497.9	-0.00134617
498	-0.00134153
498.1	-0.00133903
498.2	-0.0013389
498.3	-0.00133981
498.4	-0.00133959
498.5	-0.00133547
498.6	-0.0013282
498.7	-0.00132498
498.8	-0.0013258
498.9	-0.00133244
499	-0.00134405
499.1	-0.00135685
499.2	-0.00137213
499.3	-0.00138606
499.4	-0.00139722
499.5	-0.00140951
499.6	-0.00142737
499.7	-0.0014471
499.8	-0.00146733
499.9	-0.00148971
500	-0.00151666
