LagTime	Correlation

0	3.35382
0.1	3.34881
0.2	3.34132
0.3	3.33324
0.4	3.32506
0.5	3.3169
0.6	3.30879
0.7	3.30072
0.8	3.2927
0.9	3.28474
1	3.27683
1.1	3.26896
1.2	3.26115
1.3	3.25339
1.4	3.24568
1.5	3.23802
1.6	3.23041
1.7	3.22284
1.8	3.21532
1.9	3.20784
2	3.20041
2.1	3.19302
2.2	3.18566
2.3	3.17835
2.4	3.17109
2.5	3.16386
2.6	3.15668
2.7	3.14954
2.8	3.14244
2.9	3.13539
3	3.12837
3.1	3.12139
3.2	3.11444
3.3	3.10754
3.4	3.10067
3.5	3.09384
3.6	3.08704
3.7	3.08028
3.8	3.07355
3.9	3.06687
4	3.06021
4.1	3.05359
4.2	3.04701
4.3	3.04046
4.4	3.03395
4.5	3.02746
4.6	3.02101
4.7	3.01458
4.8	3.00819
4.9	3.00182
5	2.99549
5.1	2.98918
5.2	2.9829
5.3	2.97665
5.4	2.97044
5.5	2.96425
5.6	2.95808
5.7	2.95194
5.8	2.94581
5.9	2.93972
6	2.93365
6.1	2.9276
6.2	2.92157
6.3	2.91557
6.4	2.9096
6.5	2.90365
6.6	2.89773
6.7	2.89182
6.8	2.88594
6.9	2.8801
7	2.87428
7.1	2.86848
7.2	2.86271
7.3	2.85696
7.4	2.85124
7.5	2.84554
7.6	2.83987
7.7	2.83423
7.8	2.82862
7.9	2.82303
8	2.81746
8.1	2.81193
8.2	2.80641
8.3	2.8009
8.4	2.79541
8.5	2.78994
8.6	2.7845
8.7	2.77906
8.8	2.77365
8.9	2.76825
9	2.76287
9.1	2.75751
9.2	2.75217
9.3	2.74686
9.4	2.74156
9.5	2.73629
9.6	2.73104
9.7	2.7258
9.8	2.72057
9.9	2.71537
10	2.71018
10.1	2.70501
10.2	2.69985
10.3	2.69471
10.4	2.68958
10.5	2.68448
10.6	2.67939
10.7	2.67431
10.8	2.66925
10.9	2.6642
11	2.65917
11.1	2.65416
11.2	2.64917
11.3	2.64421
11.4	2.63927
11.5	2.63435
11.6	2.62945
11.7	2.62456
11.8	2.61969
11.9	2.61483
12	2.60998
12.1	2.60515
12.2	2.60033
12.3	2.59552
12.4	2.59072
12.5	2.58593
12.6	2.58116
12.7	2.5764
12.8	2.57167
12.9	2.56695
13	2.56224
13.1	2.55755
13.2	2.55287
13.3	2.5482
13.4	2.54355
13.5	2.53891
13.6	2.53428
13.7	2.52967
13.8	2.52506
13.9	2.52047
14	2.51588
14.1	2.51131
14.2	2.50675
14.3	2.5022
14.4	2.49767
14.5	2.49316
14.6	2.48866
14.7	2.48418
14.8	2.47971
14.9	2.47525
15	2.47081
15.1	2.46638
15.2	2.46195
15.3	2.45755
15.4	2.45316
15.5	2.44878
15.6	2.44441
15.7	2.44006
15.8	2.43572
15.9	2.4314
16	2.42708
16.1	2.42279
16.2	2.4185
16.3	2.41423
16.4	2.40996
16.5	2.40569
16.6	2.40143
16.7	2.39718
16.8	2.39293
16.9	2.3887
17	2.38448
17.1	2.38028
17.2	2.37609
17.3	2.37191
17.4	2.36774
17.5	2.36357
17.6	2.35942
17.7	2.35528
17.8	2.35114
17.9	2.34701
18	2.34289
18.1	2.33878
18.2	2.33467
18.3	2.33057
18.4	2.32649
18.5	2.32242
18.6	2.31836
18.7	2.31431
18.8	2.31027
18.9	2.30623
19	2.3022
19.1	2.29818
19.2	2.29417
19.3	2.29016
19.4	2.28617
19.5	2.28217
19.6	2.27819
19.7	2.27422
19.8	2.27026
19.9	2.26631
20	2.26237
20.1	2.25845
20.2	2.25454
20.3	2.25064
20.4	2.24676
20.5	2.24288
20.6	2.239
20.7	2.23513
20.8	2.23128
20.9	2.22742
21	2.22358
21.1	2.21975
21.2	2.21594
21.3	2.21213
21.4	2.20833
21.5	2.20453
21.6	2.20075
21.7	2.19697
21.8	2.1932
21.9	2.18945
22	2.1857
22.1	2.18197
22.2	2.17824
22.3	2.17453
22.4	2.17083
22.5	2.16713
22.6	2.16345
22.7	2.15977
22.8	2.1561
22.9	2.15243
23	2.14877
23.1	2.14512
23.2	2.14146
23.3	2.13781
23.4	2.13416
23.5	2.13052
23.6	2.12687
23.7	2.12324
23.8	2.1196
23.9	2.11598
24	2.11236
24.1	2.10875
24.2	2.10515
24.3	2.10155
24.4	2.09797
24.5	2.09439
24.6	2.09083
24.7	2.08727
24.8	2.08372
24.9	2.08018
25	2.07664
25.1	2.07311
25.2	2.06959
25.3	2.06607
25.4	2.06257
25.5	2.05908
25.6	2.05561
25.7	2.05215
25.8	2.04869
25.9	2.04523
26	2.04179
26.1	2.03836
26.2	2.03493
26.3	2.0315
26.4	2.02807
26.5	2.02464
26.6	2.02122
26.7	2.0178
26.8	2.01438
26.9	2.01097
27	2.00757
27.1	2.00419
27.2	2.00081
27.3	1.99744
27.4	1.99407
27.5	1.9907
27.6	1.98734
27.7	1.984
27.8	1.98066
27.9	1.97733
28	1.97402
28.1	1.97071
28.2	1.96741
28.3	1.96412
28.4	1.96084
28.5	1.95756
28.6	1.95429
28.7	1.95102
28.8	1.94776
28.9	1.9445
29	1.94125
29.1	1.93799
29.2	1.93474
29.3	1.93149
29.4	1.92825
29.5	1.92502
29.6	1.92179
29.7	1.91855
29.8	1.91532
29.9	1.9121
30	1.90888
30.1	1.90566
30.2	1.90246
30.3	1.89927
30.4	1.89608
30.5	1.89291
30.6	1.88975
30.7	1.8866
30.8	1.88345
30.9	1.88032
31	1.87719
31.1	1.87406
31.2	1.87094
31.3	1.86782
31.4	1.86471
31.5	1.8616
31.6	1.85851
31.7	1.85543
31.8	1.85236
31.9	1.84929
32	1.84622
32.1	1.84316
32.2	1.84011
32.3	1.83706
32.4	1.83403
32.5	1.83101
32.6	1.82799
32.7	1.82499
32.8	1.82198
32.9	1.81897
33	1.81597
33.1	1.81297
33.2	1.80997
33.3	1.80697
33.4	1.80398
33.5	1.80099
33.6	1.79801
33.7	1.79503
33.8	1.79205
33.9	1.78908
34	1.78611
34.1	1.78315
34.2	1.78018
34.3	1.77722
34.4	1.77427
34.5	1.77134
34.6	1.76841
34.7	1.76548
34.8	1.76256
34.9	1.75964
35	1.75673
35.1	1.75382
35.2	1.75092
35.3	1.74802
35.4	1.74513
35.5	1.74224
35.6	1.73936
35.7	1.73647
35.8	1.73359
35.9	1.73071
36	1.72783
36.1	1.72496
36.2	1.72208
36.3	1.71922
36.4	1.71636
36.5	1.7135
36.6	1.71065
36.7	1.7078
36.8	1.70494
36.9	1.70209
37	1.69923
37.1	1.69638
37.2	1.69353
37.3	1.6907
37.4	1.68786
37.5	1.68503
37.6	1.6822
37.7	1.67938
37.8	1.67656
37.9	1.67374
38	1.67092
38.1	1.6681
38.2	1.66528
38.3	1.66247
38.4	1.65966
38.5	1.65686
38.6	1.65407
38.7	1.65129
38.8	1.64851
38.9	1.64574
39	1.64298
39.1	1.64022
39.2	1.63747
39.3	1.63472
39.4	1.63198
39.5	1.62923
39.6	1.62649
39.7	1.62375
39.8	1.62102
39.9	1.6183
40	1.61558
40.1	1.61287
40.2	1.61016
40.3	1.60746
40.4	1.60476
40.5	1.60207
40.6	1.59939
40.7	1.59671
40.8	1.59403
40.9	1.59135
41	1.58868
41.1	1.58602
41.2	1.58336
41.3	1.5807
41.4	1.57805
41.5	1.57541
41.6	1.57276
41.7	1.57012
41.8	1.56748
41.9	1.56485
42	1.56222
42.1	1.5596
42.2	1.55698
42.3	1.55437
42.4	1.55175
42.5	1.54915
42.6	1.54655
42.7	1.54396
42.8	1.54137
42.9	1.5388
43	1.53623
43.1	1.53368
43.2	1.53114
43.3	1.5286
43.4	1.52607
43.5	1.52354
43.6	1.52102
43.7	1.5185
43.8	1.51599
43.9	1.51349
44	1.51098
44.1	1.50848
44.2	1.50598
44.3	1.5035
44.4	1.50101
44.5	1.49853
44.6	1.49605
44.7	1.49357
44.8	1.4911
44.9	1.48863
45	1.48616
45.1	1.4837
45.2	1.48123
45.3	1.47877
45.4	1.47632
45.5	1.47386
45.6	1.47142
45.7	1.46897
45.8	1.46653
45.9	1.46409
46	1.46166
46.1	1.45924
46.2	1.45682
46.3	1.45441
46.4	1.45201
46.5	1.4496
46.6	1.44721
46.7	1.44483
46.8	1.44246
46.9	1.44009
47	1.43774
47.1	1.43539
47.2	1.43304
47.3	1.43069
47.4	1.42835
47.5	1.426
47.6	1.42366
47.7	1.42132
47.8	1.41898
47.9	1.41665
48	1.41432
48.1	1.41198
48.2	1.40964
48.3	1.40731
48.4	1.40497
48.5	1.40264
48.6	1.4003
48.7	1.39797
48.8	1.39563
48.9	1.3933
49	1.39098
49.1	1.38867
49.2	1.38635
49.3	1.38404
49.4	1.38173
49.5	1.37942
49.6	1.37711
49.7	1.37482
49.8	1.37253
49.9	1.37024
50	1.36795
50.1	1.36566
50.2	1.36337
50.3	1.36108
50.4	1.35879
50.5	1.35649
50.6	1.35421
50.7	1.35192
50.8	1.34964
50.9	1.34737
51	1.34509
51.1	1.34283
51.2	1.34057
51.3	1.3383
51.4	1.33605
51.5	1.3338
51.6	1.33155
51.7	1.32931
51.8	1.32707
51.9	1.32483
52	1.3226
52.1	1.32037
52.2	1.31815
52.3	1.31592
52.4	1.31369
52.5	1.31147
52.6	1.30924
52.7	1.30702
52.8	1.3048
52.9	1.30259
53	1.30037
53.1	1.29815
53.2	1.29593
53.3	1.29372
53.4	1.29152
53.5	1.28931
53.6	1.28711
53.7	1.28492
53.8	1.28272
53.9	1.28054
54	1.27838
54.1	1.27622
54.2	1.27407
54.3	1.27192
54.4	1.26977
54.5	1.26763
54.6	1.26549
54.7	1.26336
54.8	1.26123
54.9	1.2591
55	1.25697
55.1	1.25485
55.2	1.25273
55.3	1.25061
55.4	1.24848
55.5	1.24637
55.6	1.24426
55.7	1.24216
55.8	1.24005
55.9	1.23795
56	1.23585
56.1	1.23376
56.2	1.23167
56.3	1.22958
56.4	1.2275
56.5	1.22543
56.6	1.22336
56.7	1.2213
56.8	1.21924
56.9	1.21718
57	1.21512
57.1	1.21307
57.2	1.21102
57.3	1.20898
57.4	1.20694
57.5	1.20489
57.6	1.20285
57.7	1.2008
57.8	1.19876
57.9	1.19673
58	1.19469
58.1	1.19267
58.2	1.19065
58.3	1.18864
58.4	1.18663
58.5	1.18463
58.6	1.18262
58.7	1.18062
58.8	1.17863
58.9	1.17663
59	1.17463
59.1	1.17265
59.2	1.17066
59.3	1.16867
59.4	1.16668
59.5	1.16469
59.6	1.16271
59.7	1.16073
59.8	1.15876
59.9	1.1568
60	1.15485
60.1	1.1529
60.2	1.15096
60.3	1.14903
60.4	1.14709
60.5	1.14516
60.6	1.14324
60.7	1.14132
60.8	1.13941
60.9	1.13751
61	1.13561
61.1	1.13371
61.2	1.13182
61.3	1.12993
61.4	1.12804
61.5	1.12616
61.6	1.12427
61.7	1.12238
61.8	1.12049
61.9	1.1186
62	1.11671
62.1	1.11483
62.2	1.11294
62.3	1.11105
62.4	1.10916
62.5	1.10728
62.6	1.10541
62.7	1.10353
62.8	1.10166
62.9	1.09978
63	1.0979
63.1	1.09602
63.2	1.09414
63.3	1.09227
63.4	1.09039
63.5	1.08852
63.6	1.08664
63.7	1.08477
63.8	1.08289
63.9	1.08102
64	1.07916
64.1	1.07729
64.2	1.07543
64.3	1.07356
64.4	1.07169
64.5	1.06983
64.6	1.06797
64.7	1.06611
64.8	1.06425
64.9	1.0624
65	1.06056
65.1	1.05872
65.2	1.05688
65.3	1.05504
65.4	1.0532
65.5	1.05137
65.6	1.04954
65.7	1.04771
65.8	1.04588
65.9	1.04405
66	1.04222
66.1	1.0404
66.2	1.03858
66.3	1.03676
66.4	1.03494
66.5	1.03313
66.6	1.03132
66.7	1.02951
66.8	1.02771
66.9	1.02592
67	1.02415
67.1	1.02238
67.2	1.02062
67.3	1.01886
67.4	1.0171
67.5	1.01535
67.6	1.0136
67.7	1.01186
67.8	1.01013
67.9	1.00839
68	1.00667
68.1	1.00494
68.2	1.00322
68.3	1.0015
68.4	0.999788
68.5	0.998079
68.6	0.996376
68.7	0.994679
68.8	0.992987
68.9	0.9913
69	0.989617
69.1	0.987937
69.2	0.986253
69.3	0.984573
69.4	0.982897
69.5	0.981225
69.6	0.97955
69.7	0.977879
69.8	0.976216
69.9	0.974562
70	0.972911
70.1	0.971266
70.2	0.969626
70.3	0.967991
70.4	0.966355
70.5	0.964718
70.6	0.963076
70.7	0.961432
70.8	0.959787
70.9	0.958147
71	0.956512
71.1	0.954876
71.2	0.953246
71.3	0.951625
71.4	0.950009
71.5	0.948397
71.6	0.946792
71.7	0.94519
71.8	0.943596
71.9	0.942006
72	0.940418
72.1	0.938828
72.2	0.937235
72.3	0.93564
72.4	0.934043
72.5	0.932448
72.6	0.930858
72.7	0.929271
72.8	0.927687
72.9	0.926107
73	0.924527
73.1	0.922948
73.2	0.921371
73.3	0.919801
73.4	0.918238
73.5	0.916683
73.6	0.915131
73.7	0.913585
73.8	0.912038
73.9	0.910489
74	0.908943
74.1	0.907397
74.2	0.905848
74.3	0.904296
74.4	0.902749
74.5	0.901207
74.6	0.899672
74.7	0.898138
74.8	0.896608
74.9	0.895082
75	0.893556
75.1	0.892033
75.2	0.890512
75.3	0.88899
75.4	0.887465
75.5	0.885944
75.6	0.884423
75.7	0.882906
75.8	0.881394
75.9	0.879882
76	0.878371
76.1	0.87686
76.2	0.875349
76.3	0.873843
76.4	0.87234
76.5	0.870843
76.6	0.869348
76.7	0.867854
76.8	0.866366
76.9	0.864884
77	0.863403
77.1	0.861927
77.2	0.860451
77.3	0.858978
77.4	0.857502
77.5	0.856026
77.6	0.854551
77.7	0.853077
77.8	0.8516
77.9	0.85012
78	0.848641
78.1	0.847167
78.2	0.845698
78.3	0.844237
78.4	0.84278
78.5	0.841324
78.6	0.839871
78.7	0.838416
78.8	0.836965
78.9	0.835514
79	0.834059
79.1	0.832601
79.2	0.831145
79.3	0.829687
79.4	0.828235
79.5	0.82679
79.6	0.825352
79.7	0.823921
79.8	0.822495
79.9	0.821072
80	0.819649
80.1	0.81823
80.2	0.816815
80.3	0.815401
80.4	0.813985
80.5	0.812565
80.6	0.811148
80.7	0.809737
80.8	0.808331
80.9	0.806928
81	0.805525
81.1	0.804125
81.2	0.80273
81.3	0.801337
81.4	0.799952
81.5	0.798572
81.6	0.797195
81.7	0.795821
81.8	0.794448
81.9	0.793079
82	0.79172
82.1	0.790366
82.2	0.789015
82.3	0.787666
82.4	0.786324
82.5	0.784987
82.6	0.783657
82.7	0.78233
82.8	0.781009
82.9	0.779693
83	0.778381
83.1	0.777071
83.2	0.775765
83.3	0.774462
83.4	0.773162
83.5	0.771867
83.6	0.770572
83.7	0.769285
83.8	0.767999
83.9	0.76672
84	0.765446
84.1	0.764174
84.2	0.762911
84.3	0.761657
84.4	0.760409
84.5	0.759163
84.6	0.757919
84.7	0.756674
84.8	0.75543
84.9	0.754181
85	0.752931
85.1	0.751684
85.2	0.750437
85.3	0.749191
85.4	0.747946
85.5	0.746703
85.6	0.745459
85.7	0.744212
85.8	0.742963
85.9	0.741711
86	0.740455
86.1	0.739198
86.2	0.737938
86.3	0.736678
86.4	0.735417
86.5	0.734159
86.6	0.732905
86.7	0.731658
86.8	0.730413
86.9	0.72917
87	0.727931
87.1	0.726699
87.2	0.725479
87.3	0.724266
87.4	0.723059
87.5	0.721857
87.6	0.720657
87.7	0.719454
87.8	0.718254
87.9	0.717055
88	0.715858
88.1	0.714661
88.2	0.713469
88.3	0.712281
88.4	0.71109
88.5	0.709897
88.6	0.708706
88.7	0.707516
88.8	0.706332
88.9	0.705153
89	0.703972
89.1	0.70279
89.2	0.701611
89.3	0.700432
89.4	0.699248
89.5	0.69806
89.6	0.69687
89.7	0.695678
89.8	0.694488
89.9	0.693299
90	0.692118
90.1	0.690942
90.2	0.689765
90.3	0.688593
90.4	0.687427
90.5	0.686263
90.6	0.685096
90.7	0.683928
90.8	0.68276
90.9	0.681593
91	0.680431
91.1	0.679267
91.2	0.678102
91.3	0.676936
91.4	0.675771
91.5	0.674609
91.6	0.673444
91.7	0.672278
91.8	0.671105
91.9	0.669928
92	0.66875
92.1	0.667572
92.2	0.666394
92.3	0.665217
92.4	0.664043
92.5	0.662871
92.6	0.661702
92.7	0.660531
92.8	0.659359
92.9	0.658188
93	0.657022
93.1	0.655863
93.2	0.654707
93.3	0.653557
93.4	0.652416
93.5	0.65128
93.6	0.650148
93.7	0.649015
93.8	0.647878
93.9	0.646748
94	0.645626
94.1	0.644509
94.2	0.643393
94.3	0.642277
94.4	0.641158
94.5	0.640036
94.6	0.638917
94.7	0.637798
94.8	0.636676
94.9	0.635558
95	0.634443
95.1	0.63333
95.2	0.63222
95.3	0.63111
95.4	0.630001
95.5	0.628893
95.6	0.627784
95.7	0.626676
95.8	0.625571
95.9	0.624468
96	0.623367
96.1	0.62226
96.2	0.621155
96.3	0.620052
96.4	0.61895
96.5	0.617848
96.6	0.616753
96.7	0.615664
96.8	0.614579
96.9	0.613496
97	0.612416
97.1	0.611335
97.2	0.610256
97.3	0.609183
97.4	0.608116
97.5	0.60705
97.6	0.605988
97.7	0.604928
97.8	0.603871
97.9	0.602811
98	0.601753
98.1	0.600694
98.2	0.599636
98.3	0.59858
98.4	0.597528
98.5	0.596479
98.6	0.595436
98.7	0.594396
98.8	0.593355
98.9	0.592314
99	0.591277
99.1	0.590248
99.2	0.589227
99.3	0.588213
99.4	0.587202
99.5	0.586196
99.6	0.585194
99.7	0.5842
99.8	0.583212
99.9	0.582227
100	0.581244
100.1	0.580265
100.2	0.579288
100.3	0.578319
100.4	0.577357
100.5	0.5764
100.6	0.575444
100.7	0.574494
100.8	0.573545
100.9	0.572599
101	0.571664
101.1	0.570735
101.2	0.569811
101.3	0.568891
101.4	0.567977
101.5	0.567064
101.6	0.566151
101.7	0.565239
101.8	0.564325
101.9	0.563408
102	0.56249
102.1	0.561571
102.2	0.560655
102.3	0.559741
102.4	0.558832
102.5	0.557931
102.6	0.557034
102.7	0.556138
102.8	0.555242
102.9	0.554346
103	0.553455
103.1	0.552567
103.2	0.551685
103.3	0.55081
103.4	0.549938
103.5	0.549069
103.6	0.548202
103.7	0.547334
103.8	0.546466
103.9	0.545602
104	0.544742
104.1	0.543885
104.2	0.543028
104.3	0.542173
104.4	0.541318
104.5	0.540466
104.6	0.53962
104.7	0.538778
104.8	0.537934
104.9	0.53709
105	0.536245
105.1	0.5354
105.2	0.534553
105.3	0.533709
105.4	0.532863
105.5	0.532015
105.6	0.531169
105.7	0.530318
105.8	0.529464
105.9	0.528612
106	0.527765
106.1	0.52692
106.2	0.526082
106.3	0.52525
106.4	0.524415
106.5	0.523583
106.6	0.522757
106.7	0.521933
106.8	0.521108
106.9	0.520289
107	0.519473
107.1	0.518656
107.2	0.517841
107.3	0.517031
107.4	0.516223
107.5	0.515415
107.6	0.514605
107.7	0.51379
107.8	0.512968
107.9	0.512147
108	0.51133
108.1	0.510514
108.2	0.509697
108.3	0.508881
108.4	0.508065
108.5	0.507245
108.6	0.506424
108.7	0.505604
108.8	0.504784
108.9	0.503961
109	0.503137
109.1	0.502313
109.2	0.501493
109.3	0.500677
109.4	0.499862
109.5	0.499046
109.6	0.498224
109.7	0.497399
109.8	0.496568
109.9	0.495734
110	0.494896
110.1	0.494056
110.2	0.493215
110.3	0.492379
110.4	0.491543
110.5	0.490708
110.6	0.489869
110.7	0.48903
110.8	0.488194
110.9	0.487363
111	0.486535
111.1	0.485707
111.2	0.484881
111.3	0.484055
111.4	0.48323
111.5	0.482408
111.6	0.481592
111.7	0.480777
111.8	0.479965
111.9	0.479156
112	0.478347
112.1	0.477542
112.2	0.476739
112.3	0.475931
112.4	0.475125
112.5	0.474323
112.6	0.473523
112.7	0.472725
112.8	0.471934
112.9	0.471144
113	0.470358
113.1	0.469571
113.2	0.468788
113.3	0.468001
113.4	0.467217
113.5	0.466435
113.6	0.465657
113.7	0.46488
113.8	0.464105
113.9	0.463335
114	0.462571
114.1	0.461809
114.2	0.461047
114.3	0.460289
114.4	0.459536
114.5	0.458786
114.6	0.458037
114.7	0.457291
114.8	0.456543
114.9	0.455802
115	0.455065
115.1	0.454328
115.2	0.453591
115.3	0.45285
115.4	0.452105
115.5	0.451356
115.6	0.450606
115.7	0.449858
115.8	0.449119
115.9	0.448387
116	0.44766
116.1	0.446933
116.2	0.446204
116.3	0.445472
116.4	0.444739
116.5	0.444003
116.6	0.443265
116.7	0.442523
116.8	0.441782
116.9	0.441039
117	0.440299
117.1	0.439559
117.2	0.438818
117.3	0.438077
117.4	0.437335
117.5	0.43659
117.6	0.435843
117.7	0.435098
117.8	0.434356
117.9	0.433611
118	0.432869
118.1	0.432133
118.2	0.431405
118.3	0.430683
118.4	0.429966
118.5	0.429251
118.6	0.428542
118.7	0.427838
118.8	0.427134
118.9	0.426437
119	0.425747
119.1	0.425057
119.2	0.424368
119.3	0.42368
119.4	0.422993
119.5	0.422308
119.6	0.421624
119.7	0.420943
119.8	0.420263
119.9	0.419586
120	0.418908
120.1	0.418228
120.2	0.41755
120.3	0.416875
120.4	0.416202
120.5	0.415529
120.6	0.41486
120.7	0.414195
120.8	0.413531
120.9	0.412871
121	0.412216
121.1	0.411559
121.2	0.410906
121.3	0.410254
121.4	0.409607
121.5	0.408961
121.6	0.408317
121.7	0.407675
121.8	0.407034
121.9	0.406392
122	0.405751
122.1	0.405112
122.2	0.404479
122.3	0.403848
122.4	0.403219
122.5	0.402591
122.6	0.401962
122.7	0.401339
122.8	0.400723
122.9	0.400108
123	0.399495
123.1	0.398881
123.2	0.398266
123.3	0.397658
123.4	0.397055
123.5	0.396453
123.6	0.395851
123.7	0.395247
123.8	0.394644
123.9	0.394047
124	0.39345
124.1	0.392846
124.2	0.392237
124.3	0.391627
124.4	0.391016
124.5	0.390412
124.6	0.389817
124.7	0.389229
124.8	0.388649
124.9	0.388072
125	0.387491
125.1	0.386908
125.2	0.386327
125.3	0.385743
125.4	0.385159
125.5	0.384572
125.6	0.383981
125.7	0.383384
125.8	0.382786
125.9	0.382182
126	0.38158
126.1	0.380983
126.2	0.380393
126.3	0.379806
126.4	0.379217
126.5	0.378629
126.6	0.378043
126.7	0.377462
126.8	0.376883
126.9	0.376297
127	0.375715
127.1	0.375133
127.2	0.374552
127.3	0.373974
127.4	0.373399
127.5	0.372829
127.6	0.37226
127.7	0.371695
127.8	0.371135
127.9	0.370573
128	0.370006
128.1	0.369438
128.2	0.368868
128.3	0.368296
128.4	0.367729
128.5	0.367162
128.6	0.366597
128.7	0.366034
128.8	0.365469
128.9	0.364906
129	0.364342
129.1	0.363782
129.2	0.363224
129.3	0.36267
129.4	0.362121
129.5	0.361575
129.6	0.361035
129.7	0.360494
129.8	0.359955
129.9	0.359419
130	0.358886
130.1	0.358349
130.2	0.357804
130.3	0.357255
130.4	0.3567
130.5	0.356145
130.6	0.355588
130.7	0.355033
130.8	0.354476
130.9	0.353926
131	0.353377
131.1	0.352829
131.2	0.352284
131.3	0.351742
131.4	0.351199
131.5	0.350651
131.6	0.3501
131.7	0.349545
131.8	0.348992
131.9	0.348442
132	0.347892
132.1	0.347342
132.2	0.346792
132.3	0.346243
132.4	0.345694
132.5	0.345145
132.6	0.344593
132.7	0.344041
132.8	0.343488
132.9	0.342938
133	0.342388
133.1	0.341839
133.2	0.341291
133.3	0.340742
133.4	0.340194
133.5	0.339648
133.6	0.339107
133.7	0.338566
133.8	0.338028
133.9	0.337492
134	0.336955
134.1	0.336421
134.2	0.335888
134.3	0.335361
134.4	0.334834
134.5	0.334312
134.6	0.333795
134.7	0.333277
134.8	0.332756
134.9	0.332235
135	0.331711
135.1	0.331183
135.2	0.330647
135.3	0.330114
135.4	0.329583
135.5	0.329051
135.6	0.328519
135.7	0.32799
135.8	0.327466
135.9	0.326943
136	0.326422
136.1	0.325894
136.2	0.325363
136.3	0.324831
136.4	0.324295
136.5	0.323761
136.6	0.323227
136.7	0.32269
136.8	0.322155
136.9	0.32162
137	0.321084
137.1	0.320541
137.2	0.320004
137.3	0.319471
137.4	0.318939
137.5	0.318407
137.6	0.317881
137.7	0.317356
137.8	0.316833
137.9	0.316309
138	0.315783
138.1	0.315254
138.2	0.314718
138.3	0.314179
138.4	0.313641
138.5	0.313105
138.6	0.312567
138.7	0.312026
138.8	0.311486
138.9	0.310945
139	0.310401
139.1	0.309856
139.2	0.309312
139.3	0.308773
139.4	0.308232
139.5	0.307688
139.6	0.307148
139.7	0.306615
139.8	0.306084
139.9	0.305552
140	0.305021
140.1	0.304492
140.2	0.303966
140.3	0.303445
140.4	0.302925
140.5	0.302408
140.6	0.301889
140.7	0.301371
140.8	0.300855
140.9	0.300341
141	0.299832
141.1	0.299324
141.2	0.298822
141.3	0.298327
141.4	0.297838
141.5	0.297351
141.6	0.29687
141.7	0.296392
141.8	0.295914
141.9	0.295433
142	0.294949
142.1	0.294461
142.2	0.293978
142.3	0.293495
142.4	0.293014
142.5	0.292534
142.6	0.292058
142.7	0.291585
142.8	0.291115
142.9	0.290648
143	0.29018
143.1	0.289713
143.2	0.28925
143.3	0.288789
143.4	0.288329
143.5	0.287864
143.6	0.287397
143.7	0.286927
143.8	0.286458
143.9	0.28599
144	0.285527
144.1	0.285064
144.2	0.284598
144.3	0.284129
144.4	0.283662
144.5	0.283194
144.6	0.28272
144.7	0.28224
144.8	0.281758
144.9	0.281284
145	0.280812
145.1	0.280344
145.2	0.279874
145.3	0.279402
145.4	0.27893
145.5	0.278462
145.6	0.277996
145.7	0.277532
145.8	0.27707
145.9	0.27661
146	0.276148
146.1	0.275688
146.2	0.275227
146.3	0.274767
146.4	0.274302
146.5	0.273834
146.6	0.273365
146.7	0.272893
146.8	0.272416
146.9	0.271934
147	0.271446
147.1	0.270952
147.2	0.270459
147.3	0.269971
147.4	0.269484
147.5	0.269002
147.6	0.26852
147.7	0.268041
147.8	0.267565
147.9	0.267094
148	0.266624
148.1	0.266156
148.2	0.265685
148.3	0.265214
148.4	0.264742
148.5	0.264268
148.6	0.263796
148.7	0.263323
148.8	0.262851
148.9	0.262379
149	0.261908
149.1	0.261436
149.2	0.260966
149.3	0.260499
149.4	0.260026
149.5	0.259552
149.6	0.259077
149.7	0.258602
149.8	0.258123
149.9	0.257637
150	0.257148
150.1	0.256655
150.2	0.256162
150.3	0.255665
150.4	0.255172
150.5	0.254683
150.6	0.254197
150.7	0.253713
150.8	0.253232
150.9	0.25275
151	0.252268
151.1	0.251788
151.2	0.251308
151.3	0.250826
151.4	0.250348
151.5	0.249875
151.6	0.249405
151.7	0.248934
151.8	0.248456
151.9	0.247982
152	0.247509
152.1	0.247035
152.2	0.246557
152.3	0.246073
152.4	0.245589
152.5	0.245101
152.6	0.244613
152.7	0.244127
152.8	0.243644
152.9	0.243159
153	0.242669
153.1	0.242181
153.2	0.241689
153.3	0.241197
153.4	0.240713
153.5	0.240232
153.6	0.239756
153.7	0.239285
153.8	0.238818
153.9	0.238348
154	0.237877
154.1	0.23741
154.2	0.236947
154.3	0.236487
154.4	0.236026
154.5	0.235568
154.6	0.23511
154.7	0.234651
154.8	0.234185
154.9	0.233716
155	0.233243
155.1	0.232767
155.2	0.232297
155.3	0.231834
155.4	0.231373
155.5	0.230914
155.6	0.230455
155.7	0.229997
155.8	0.229538
155.9	0.229081
156	0.228622
156.1	0.228164
156.2	0.227703
156.3	0.227244
156.4	0.226786
156.5	0.226327
156.6	0.225864
156.7	0.225397
156.8	0.22493
156.9	0.224469
157	0.224016
157.1	0.223571
157.2	0.22313
157.3	0.222693
157.4	0.222254
157.5	0.221816
157.6	0.221376
157.7	0.220938
157.8	0.2205
157.9	0.220062
158	0.219623
158.1	0.219185
158.2	0.218748
158.3	0.218313
158.4	0.217882
158.5	0.217452
158.6	0.21702
158.7	0.216588
158.8	0.216151
158.9	0.215716
159	0.215274
159.1	0.214829
159.2	0.21438
159.3	0.213929
159.4	0.213481
159.5	0.213041
159.6	0.21261
159.7	0.212181
159.8	0.21175
159.9	0.211313
160	0.210873
160.1	0.21043
160.2	0.209981
160.3	0.209523
160.4	0.209062
160.5	0.2086
160.6	0.208134
160.7	0.207667
160.8	0.2072
160.9	0.206732
161	0.206264
161.1	0.205798
161.2	0.20533
161.3	0.204868
161.4	0.204409
161.5	0.20395
161.6	0.203486
161.7	0.203021
161.8	0.202558
161.9	0.202098
162	0.20164
162.1	0.201182
162.2	0.200724
162.3	0.200273
162.4	0.199824
162.5	0.199373
162.6	0.198923
162.7	0.198474
162.8	0.198028
162.9	0.197584
163	0.197145
163.1	0.196711
163.2	0.196283
163.3	0.195858
163.4	0.195435
163.5	0.195012
163.6	0.194589
163.7	0.194168
163.8	0.193752
163.9	0.193345
164	0.192944
164.1	0.192547
164.2	0.192155
164.3	0.191767
164.4	0.191384
164.5	0.191002
164.6	0.190616
164.7	0.190227
164.8	0.189833
164.9	0.189434
165	0.189038
165.1	0.188639
165.2	0.18824
165.3	0.187843
165.4	0.187447
165.5	0.187057
165.6	0.186673
165.7	0.186293
165.8	0.185915
165.9	0.185542
166	0.185168
166.1	0.18479
166.2	0.184413
166.3	0.184037
166.4	0.183665
166.5	0.183297
166.6	0.182927
166.7	0.18256
166.8	0.182187
166.9	0.181811
167	0.181429
167.1	0.181045
167.2	0.180664
167.3	0.180284
167.4	0.179911
167.5	0.179539
167.6	0.17917
167.7	0.178798
167.8	0.178423
167.9	0.178046
168	0.177669
168.1	0.177293
168.2	0.176919
168.3	0.176541
168.4	0.176162
168.5	0.175784
168.6	0.175406
168.7	0.175029
168.8	0.17465
168.9	0.174269
169	0.173882
169.1	0.173488
169.2	0.173091
169.3	0.17269
169.4	0.172291
169.5	0.171894
169.6	0.1715
169.7	0.171109
169.8	0.17072
169.9	0.170332
170	0.169943
170.1	0.16955
170.2	0.169158
170.3	0.168763
170.4	0.168368
170.5	0.16798
170.6	0.167599
170.7	0.167226
170.8	0.166857
170.9	0.166492
171	0.166127
171.1	0.165765
171.2	0.165411
171.3	0.165063
171.4	0.164719
171.5	0.164373
171.6	0.164026
171.7	0.16368
171.8	0.163336
171.9	0.162994
172	0.162659
172.1	0.162325
172.2	0.161989
172.3	0.161654
172.4	0.161312
172.5	0.160967
172.6	0.160625
172.7	0.16029
172.8	0.159953
172.9	0.159616
173	0.159281
173.1	0.158942
173.2	0.158598
173.3	0.158255
173.4	0.157909
173.5	0.157562
173.6	0.157211
173.7	0.15686
173.8	0.156513
173.9	0.156167
174	0.155824
174.1	0.15548
174.2	0.155136
174.3	0.154793
174.4	0.154457
174.5	0.154126
174.6	0.153801
174.7	0.153476
174.8	0.153148
174.9	0.15282
175	0.152492
175.1	0.152159
175.2	0.151826
175.3	0.151492
175.4	0.151161
175.5	0.150832
175.6	0.150504
175.7	0.150176
175.8	0.149851
175.9	0.149529
176	0.149209
176.1	0.148889
176.2	0.148567
176.3	0.148244
176.4	0.147922
176.5	0.147597
176.6	0.147267
176.7	0.146939
176.8	0.146608
176.9	0.146277
177	0.145945
177.1	0.145612
177.2	0.145281
177.3	0.144949
177.4	0.144617
177.5	0.144292
177.6	0.14397
177.7	0.143653
177.8	0.143337
177.9	0.143022
178	0.142707
178.1	0.142395
178.2	0.142083
178.3	0.141777
178.4	0.141477
178.5	0.141189
178.6	0.140908
178.7	0.140628
178.8	0.140351
178.9	0.140076
179	0.139804
179.1	0.139534
179.2	0.139261
179.3	0.138989
179.4	0.138721
179.5	0.138453
179.6	0.138183
179.7	0.137909
179.8	0.137627
179.9	0.137343
180	0.137061
180.1	0.136781
180.2	0.136504
180.3	0.136226
180.4	0.135949
180.5	0.135683
180.6	0.135423
180.7	0.135166
180.8	0.134912
180.9	0.134665
181	0.13442
181.1	0.134171
181.2	0.133919
181.3	0.133669
181.4	0.13342
181.5	0.133167
181.6	0.132911
181.7	0.132655
181.8	0.132402
181.9	0.132155
182	0.131907
182.1	0.131655
182.2	0.131399
182.3	0.13114
182.4	0.130882
182.5	0.130623
182.6	0.130372
182.7	0.130124
182.8	0.129879
182.9	0.129633
183	0.129385
183.1	0.129135
183.2	0.128883
183.3	0.128631
183.4	0.128381
183.5	0.128133
183.6	0.127875
183.7	0.127614
183.8	0.127351
183.9	0.127087
184	0.126827
184.1	0.126576
184.2	0.126326
184.3	0.126075
184.4	0.125822
184.5	0.125571
184.6	0.125317
184.7	0.125072
184.8	0.124834
184.9	0.124601
185	0.124371
185.1	0.124141
185.2	0.123908
185.3	0.123675
185.4	0.123443
185.5	0.123213
185.6	0.122987
185.7	0.122763
185.8	0.122541
185.9	0.122319
186	0.122089
186.1	0.121857
186.2	0.121623
186.3	0.121394
186.4	0.121163
186.5	0.120932
186.6	0.120704
186.7	0.12048
186.8	0.120255
186.9	0.120029
187	0.119803
187.1	0.119573
187.2	0.119336
187.3	0.119089
187.4	0.118837
187.5	0.11858
187.6	0.118321
187.7	0.11806
187.8	0.117795
187.9	0.117531
188	0.11727
188.1	0.117009
188.2	0.11675
188.3	0.116491
188.4	0.116229
188.5	0.115972
188.6	0.115715
188.7	0.115463
188.8	0.115217
188.9	0.114972
189	0.114728
189.1	0.114487
189.2	0.114247
189.3	0.114006
189.4	0.113765
189.5	0.113526
189.6	0.113289
189.7	0.113052
189.8	0.112814
189.9	0.11257
190	0.11232
190.1	0.112071
190.2	0.111823
190.3	0.111576
190.4	0.111331
190.5	0.111092
190.6	0.110853
190.7	0.11061
190.8	0.110368
190.9	0.110126
191	0.109882
191.1	0.109631
191.2	0.109379
191.3	0.109129
191.4	0.108877
191.5	0.108625
191.6	0.108377
191.7	0.108128
191.8	0.107876
191.9	0.107624
192	0.107376
192.1	0.107133
192.2	0.106895
192.3	0.106658
192.4	0.106424
192.5	0.106196
192.6	0.105963
192.7	0.105728
192.8	0.105496
192.9	0.105268
193	0.105039
193.1	0.104813
193.2	0.104583
193.3	0.104353
193.4	0.104123
193.5	0.10389
193.6	0.103654
193.7	0.103411
193.8	0.103167
193.9	0.102918
194	0.102668
194.1	0.10242
194.2	0.102174
194.3	0.101934
194.4	0.101693
194.5	0.10145
194.6	0.101209
194.7	0.100968
194.8	0.10072
194.9	0.100471
195	0.100225
195.1	0.0999812
195.2	0.0997387
195.3	0.0994982
195.4	0.0992596
195.5	0.0990224
195.6	0.0987809
195.7	0.0985376
195.8	0.0982985
195.9	0.0980637
196	0.0978338
196.1	0.0976151
196.2	0.0973998
196.3	0.0971882
196.4	0.0969761
196.5	0.0967605
196.6	0.0965426
196.7	0.0963235
196.8	0.0961015
196.9	0.095877
197	0.0956438
197.1	0.0954076
197.2	0.0951664
197.3	0.0949211
197.4	0.094676
197.5	0.0944295
197.6	0.0941882
197.7	0.0939556
197.8	0.0937293
197.9	0.0935057
198	0.0932838
198.1	0.09306
198.2	0.0928384
198.3	0.0926163
198.4	0.0923882
198.5	0.0921595
198.6	0.0919342
198.7	0.0917097
198.8	0.0914885
198.9	0.0912733
199	0.0910643
199.1	0.0908597
199.2	0.0906531
199.3	0.0904512
199.4	0.0902485
199.5	0.0900461
199.6	0.0898462
199.7	0.0896504
199.8	0.0894596
199.9	0.0892674
200	0.0890819
200.1	0.0888958
200.2	0.0887061
200.3	0.0885194
200.4	0.0883351
200.5	0.0881495
200.6	0.0879661
200.7	0.0877876
200.8	0.0876093
200.9	0.0874276
201	0.0872428
201.1	0.0870578
201.2	0.0868758
201.3	0.0866973
201.4	0.0865226
201.5	0.0863403
201.6	0.0861525
201.7	0.085956
201.8	0.0857548
201.9	0.0855523
202	0.0853492
202.1	0.0851432
202.2	0.0849389
202.3	0.0847344
202.4	0.0845268
202.5	0.0843166
202.6	0.0841021
202.7	0.083886
202.8	0.083672
202.9	0.0834606
203	0.083248
203.1	0.0830281
203.2	0.0828078
203.3	0.0825869
203.4	0.0823637
203.5	0.0821427
203.6	0.081921
203.7	0.0817046
203.8	0.081495
203.9	0.0812891
204	0.081082
204.1	0.0808717
204.2	0.0806582
204.3	0.0804403
204.4	0.0802186
204.5	0.0799917
204.6	0.0797601
204.7	0.0795245
204.8	0.0792848
204.9	0.0790437
205	0.0788052
205.1	0.0785662
205.2	0.0783316
205.3	0.0781011
205.4	0.0778732
205.5	0.0776458
205.6	0.0774191
205.7	0.0771934
205.8	0.0769701
205.9	0.0767449
206	0.076521
206.1	0.0762994
206.2	0.0760794
206.3	0.0758645
206.4	0.0756503
206.5	0.0754342
206.6	0.0752219
206.7	0.0750101
206.8	0.074795
206.9	0.0745826
207	0.0743784
207.1	0.0741831
207.2	0.0739924
207.3	0.0738034
207.4	0.0736185
207.5	0.0734369
207.6	0.0732584
207.7	0.073077
207.8	0.072894
207.9	0.0727105
208	0.0725264
208.1	0.0723395
208.2	0.0721602
208.3	0.0719872
208.4	0.0718245
208.5	0.071672
208.6	0.0715269
208.7	0.0713844
208.8	0.0712393
208.9	0.0710883
209	0.0709344
209.1	0.0707769
209.2	0.0706135
209.3	0.0704502
209.4	0.0702884
209.5	0.0701275
209.6	0.0699689
209.7	0.0698065
209.8	0.0696399
209.9	0.0694713
210	0.0692983
210.1	0.0691212
210.2	0.0689343
210.3	0.0687431
210.4	0.0685524
210.5	0.0683554
210.6	0.0681526
210.7	0.0679456
210.8	0.0677402
210.9	0.0675354
211	0.0673338
211.1	0.0671397
211.2	0.0669496
211.3	0.0667624
211.4	0.0665803
211.5	0.066402
211.6	0.0662217
211.7	0.0660365
211.8	0.0658514
211.9	0.0656699
212	0.0654897
212.1	0.0653083
212.2	0.0651296
212.3	0.0649549
212.4	0.0647769
212.5	0.064593
212.6	0.0644073
212.7	0.064222
212.8	0.0640375
212.9	0.0638551
213	0.0636685
213.1	0.063478
213.2	0.0632869
213.3	0.0630964
213.4	0.0629107
213.5	0.0627287
213.6	0.0625505
213.7	0.0623795
213.8	0.0622042
213.9	0.0620246
214	0.0618408
214.1	0.0616601
214.2	0.0614798
214.3	0.0612975
214.4	0.0611094
214.5	0.0609177
214.6	0.0607284
214.7	0.0605429
214.8	0.0603584
214.9	0.060175
215	0.059992
215.1	0.0598149
215.2	0.0596428
215.3	0.059473
215.4	0.0593084
215.5	0.059145
215.6	0.0589802
215.7	0.0588234
215.8	0.0586678
215.9	0.0585113
216	0.0583526
216.1	0.0581929
216.2	0.0580353
216.3	0.0578795
216.4	0.0577254
216.5	0.0575733
216.6	0.057414
216.7	0.0572506
216.8	0.0570819
216.9	0.056913
217	0.0567429
217.1	0.0565749
217.2	0.0564105
217.3	0.0562479
217.4	0.0560894
217.5	0.0559315
217.6	0.0557737
217.7	0.0556169
217.8	0.0554618
217.9	0.0553049
218	0.0551468
218.1	0.0549858
218.2	0.0548223
218.3	0.0546619
218.4	0.0545034
218.5	0.0543447
218.6	0.0541857
218.7	0.0540253
218.8	0.0538666
218.9	0.0537098
219	0.0535521
219.1	0.0533899
219.2	0.053222
219.3	0.0530502
219.4	0.0528753
219.5	0.0526992
219.6	0.0525219
219.7	0.0523459
219.8	0.0521685
219.9	0.0519865
220	0.0518045
220.1	0.0516252
220.2	0.051445
220.3	0.0512684
220.4	0.0510956
220.5	0.0509228
220.6	0.0507554
220.7	0.0505867
220.8	0.0504134
220.9	0.0502412
221	0.0500695
221.1	0.0498934
221.2	0.0497163
221.3	0.0495423
221.4	0.0493708
221.5	0.0492032
221.6	0.0490367
221.7	0.0488716
221.8	0.0487091
221.9	0.0485479
222	0.0483883
222.1	0.0482278
222.2	0.0480659
222.3	0.0479017
222.4	0.0477371
222.5	0.0475753
222.6	0.047414
222.7	0.0472498
222.8	0.0470862
222.9	0.0469173
223	0.0467431
223.1	0.0465647
223.2	0.0463845
223.3	0.0462051
223.4	0.0460293
223.5	0.0458538
223.6	0.045675
223.7	0.0454899
223.8	0.0453063
223.9	0.0451246
224	0.044944
224.1	0.0447631
224.2	0.04458
224.3	0.0443927
224.4	0.0442005
224.5	0.0440091
224.6	0.0438142
224.7	0.0436178
224.8	0.043419
224.9	0.0432186
225	0.043018
225.1	0.0428213
225.2	0.0426293
225.3	0.0424346
225.4	0.0422442
225.5	0.0420555
225.6	0.0418696
225.7	0.041683
225.8	0.0414928
225.9	0.0413034
226	0.0411137
226.1	0.0409248
226.2	0.0407333
226.3	0.0405422
226.4	0.0403547
226.5	0.0401736
226.6	0.0399972
226.7	0.0398205
226.8	0.0396412
226.9	0.0394642
227	0.0392848
227.1	0.0391049
227.2	0.0389231
227.3	0.0387366
227.4	0.0385508
227.5	0.03837
227.6	0.0381945
227.7	0.0380256
227.8	0.0378613
227.9	0.0376997
228	0.0375453
228.1	0.037396
228.2	0.0372468
228.3	0.0370987
228.4	0.0369565
228.5	0.0368121
228.6	0.0366688
228.7	0.0365297
228.8	0.0363916
228.9	0.0362515
229	0.0361054
229.1	0.0359628
229.2	0.0358212
229.3	0.0356838
229.4	0.0355387
229.5	0.0353945
229.6	0.0352497
229.7	0.0351023
229.8	0.0349508
229.9	0.0348011
230	0.0346542
230.1	0.0345005
230.2	0.0343463
230.3	0.0342
230.4	0.0340589
230.5	0.0339158
230.6	0.0337708
230.7	0.0336238
230.8	0.0334737
230.9	0.033323
231	0.0331735
231.1	0.0330269
231.2	0.0328805
231.3	0.0327329
231.4	0.0325866
231.5	0.0324376
231.6	0.0322811
231.7	0.0321184
231.8	0.0319567
231.9	0.0317933
232	0.0316309
232.1	0.0314735
232.2	0.0313178
232.3	0.0311583
232.4	0.0309951
232.5	0.0308326
232.6	0.0306687
232.7	0.0305004
232.8	0.0303258
232.9	0.0301545
233	0.0299812
233.1	0.0298075
233.2	0.0296329
233.3	0.029458
233.4	0.0292811
233.5	0.0291062
233.6	0.0289372
233.7	0.0287744
233.8	0.0286094
233.9	0.0284439
234	0.0282769
234.1	0.0281095
234.2	0.0279396
234.3	0.0277687
234.4	0.0275987
234.5	0.0274296
234.6	0.0272583
234.7	0.0270897
234.8	0.0269242
234.9	0.0267581
235	0.0265902
235.1	0.0264188
235.2	0.0262484
235.3	0.0260824
235.4	0.0259182
235.5	0.0257504
235.6	0.0255815
235.7	0.0254138
235.8	0.0252493
235.9	0.0250878
236	0.0249261
236.1	0.0247562
236.2	0.0245843
236.3	0.024415
236.4	0.0242516
236.5	0.0240965
236.6	0.0239443
236.7	0.0237891
236.8	0.023632
236.9	0.0234672
237	0.023305
237.1	0.0231446
237.2	0.0229846
237.3	0.0228301
237.4	0.0226779
237.5	0.022528
237.6	0.0223777
237.7	0.0222258
237.8	0.0220746
237.9	0.0219267
238	0.0217837
238.1	0.0216464
238.2	0.0215118
238.3	0.0213764
238.4	0.0212364
238.5	0.021099
238.6	0.0209605
238.7	0.0208222
238.8	0.0206811
238.9	0.0205412
239	0.0204014
239.1	0.0202604
239.2	0.020118
239.3	0.0199708
239.4	0.0198236
239.5	0.0196789
239.6	0.0195347
239.7	0.0193941
239.8	0.0192579
239.9	0.0191259
240	0.019
240.1	0.0188767
240.2	0.0187546
240.3	0.0186359
240.4	0.0185179
240.5	0.0184002
240.6	0.0182876
240.7	0.0181743
240.8	0.0180617
240.9	0.0179503
241	0.0178358
241.1	0.0177211
241.2	0.0176062
241.3	0.0174919
241.4	0.0173774
241.5	0.0172627
241.6	0.0171474
241.7	0.0170377
241.8	0.016928
241.9	0.0168187
242	0.0167119
242.1	0.0166067
242.2	0.0165074
242.3	0.0164089
242.4	0.0163084
242.5	0.0162049
242.6	0.0160955
242.7	0.015981
242.8	0.0158645
242.9	0.0157487
243	0.0156361
243.1	0.0155239
243.2	0.0154127
243.3	0.0152941
243.4	0.0151707
243.5	0.0150472
243.6	0.0149288
243.7	0.014813
243.8	0.014698
243.9	0.0145913
244	0.0144935
244.1	0.0144016
244.2	0.0143171
244.3	0.0142358
244.4	0.014159
244.5	0.0140821
244.6	0.0140101
244.7	0.0139377
244.8	0.013859
244.9	0.0137755
245	0.0136873
245.1	0.0136096
245.2	0.0135308
245.3	0.013454
245.4	0.013377
245.5	0.0132995
245.6	0.0132243
245.7	0.0131477
245.8	0.0130741
245.9	0.0130029
246	0.0129338
246.1	0.0128674
246.2	0.0128034
246.3	0.0127376
246.4	0.0126681
246.5	0.012602
246.6	0.01254
246.7	0.0124862
246.8	0.0124339
246.9	0.0123876
247	0.0123416
247.1	0.012301
247.2	0.0122619
247.3	0.0122252
247.4	0.0121855
247.5	0.012146
247.6	0.012109
247.7	0.0120742
247.8	0.0120392
247.9	0.0120078
248	0.0119787
248.1	0.0119475
248.2	0.0119137
248.3	0.0118756
248.4	0.0118353
248.5	0.0117947
248.6	0.0117505
248.7	0.0117031
248.8	0.0116509
248.9	0.0115921
249	0.0115327
249.1	0.011477
249.2	0.0114234
249.3	0.0113744
249.4	0.0113258
249.5	0.0112737
249.6	0.011222
249.7	0.011175
249.8	0.0111306
249.9	0.0110887
250	0.0110462
250.1	0.0110033
250.2	0.0109574
250.3	0.0109159
250.4	0.0108815
250.5	0.0108603
250.6	0.0108413
250.7	0.0108235
250.8	0.0108107
250.9	0.0108055
251	0.0108
251.1	0.0107938
251.2	0.0107884
251.3	0.0107882
251.4	0.0107911
251.5	0.0107996
251.6	0.0108166
251.7	0.0108315
251.8	0.0108407
251.9	0.0108484
252	0.0108562
252.1	0.0108679
252.2	0.0108797
252.3	0.0108908
252.4	0.0108977
252.5	0.0108985
252.6	0.010898
252.7	0.0108979
252.8	0.0108972
252.9	0.0108967
253	0.0108951
253.1	0.0108883
253.2	0.010881
253.3	0.0108747
253.4	0.0108697
253.5	0.0108673
253.6	0.010869
253.7	0.010874
253.8	0.0108812
253.9	0.0108906
254	0.0109039
254.1	0.0109222
254.2	0.0109452
254.3	0.0109661
254.4	0.0109825
254.5	0.0110002
254.6	0.0110158
254.7	0.0110331
254.8	0.0110499
254.9	0.0110662
255	0.0110801
255.1	0.0110924
255.2	0.0111058
255.3	0.0111171
255.4	0.0111267
255.5	0.0111378
255.6	0.0111494
255.7	0.0111612
255.8	0.0111751
255.9	0.0111906
256	0.0112048
256.1	0.0112149
256.2	0.0112188
256.3	0.0112217
256.4	0.0112236
256.5	0.0112218
256.6	0.0112204
256.7	0.0112173
256.8	0.0112164
256.9	0.0112143
257	0.011215
257.1	0.0112151
257.2	0.0112176
257.3	0.0112225
257.4	0.0112345
257.5	0.0112505
257.6	0.0112692
257.7	0.0112853
257.8	0.0112945
257.9	0.0113008
258	0.011305
258.1	0.0113048
258.2	0.0113036
258.3	0.0113044
258.4	0.0113085
258.5	0.0113152
258.6	0.0113235
258.7	0.011333
258.8	0.0113461
258.9	0.0113577
259	0.0113681
259.1	0.0113797
259.2	0.0113925
259.3	0.0114164
259.4	0.0114455
259.5	0.0114751
259.6	0.0115056
259.7	0.011538
259.8	0.0115729
259.9	0.0116099
260	0.0116458
260.1	0.0116795
260.2	0.0117087
260.3	0.0117414
260.4	0.0117783
260.5	0.0118155
260.6	0.0118605
260.7	0.011908
260.8	0.0119549
260.9	0.0119971
261	0.0120394
261.1	0.0120886
261.2	0.0121419
261.3	0.0121971
261.4	0.012253
261.5	0.0123068
261.6	0.0123592
261.7	0.0124139
261.8	0.0124693
261.9	0.0125303
262	0.012592
262.1	0.0126543
262.2	0.0127134
262.3	0.0127682
262.4	0.0128214
262.5	0.012876
262.6	0.0129243
262.7	0.0129766
262.8	0.0130298
262.9	0.0130823
263	0.013134
263.1	0.0131846
263.2	0.0132347
263.3	0.0132855
263.4	0.0133374
263.5	0.013387
263.6	0.0134389
263.7	0.013494
263.8	0.0135541
263.9	0.0136162
264	0.0136793
264.1	0.0137447
264.2	0.0138096
264.3	0.0138771
264.4	0.0139448
264.5	0.0140101
264.6	0.0140714
264.7	0.0141317
264.8	0.0141927
264.9	0.01425
265	0.014299
265.1	0.0143432
265.2	0.0143866
265.3	0.0144335
265.4	0.0144815
265.5	0.0145236
265.6	0.0145542
265.7	0.0145735
265.8	0.0145863
265.9	0.0145934
266	0.0145975
266.1	0.014599
266.2	0.0146014
266.3	0.0146023
266.4	0.0146039
266.5	0.0146063
266.6	0.0146101
266.7	0.0146066
266.8	0.0146023
266.9	0.0146008
267	0.014603
267.1	0.0146072
267.2	0.0146153
267.3	0.0146285
267.4	0.0146385
267.5	0.0146444
267.6	0.0146491
267.7	0.0146532
267.8	0.014655
267.9	0.0146531
268	0.0146487
268.1	0.0146446
268.2	0.0146391
268.3	0.0146355
268.4	0.0146344
268.5	0.0146333
268.6	0.0146315
268.7	0.0146256
268.8	0.0146145
268.9	0.0146072
269	0.0146018
269.1	0.0146001
269.2	0.0146017
269.3	0.014602
269.4	0.0146001
269.5	0.0145999
269.6	0.0146052
269.7	0.0146161
269.8	0.0146313
269.9	0.0146502
270	0.0146746
270.1	0.0146983
270.2	0.0147208
270.3	0.0147424
270.4	0.0147579
270.5	0.0147705
270.6	0.0147854
270.7	0.0148051
270.8	0.0148275
270.9	0.014846
271	0.014864
271.1	0.0148803
271.2	0.0148925
271.3	0.0148999
271.4	0.0149017
271.5	0.0149021
271.6	0.0148984
271.7	0.0148938
271.8	0.0148917
271.9	0.0148867
272	0.0148784
272.1	0.0148719
272.2	0.01487
272.3	0.0148694
272.4	0.01487
272.5	0.0148722
272.6	0.014869
272.7	0.0148718
272.8	0.0148763
272.9	0.0148781
273	0.0148772
273.1	0.0148742
273.2	0.0148714
273.3	0.014871
273.4	0.0148683
273.5	0.0148597
273.6	0.0148522
273.7	0.0148475
273.8	0.0148484
273.9	0.0148543
274	0.0148602
274.1	0.0148689
274.2	0.0148833
274.3	0.014899
274.4	0.0149119
274.5	0.0149274
274.6	0.0149507
274.7	0.0149824
274.8	0.0150204
274.9	0.0150612
275	0.0151036
275.1	0.0151481
275.2	0.0151934
275.3	0.0152428
275.4	0.0152939
275.5	0.0153364
275.6	0.0153805
275.7	0.0154238
275.8	0.0154638
275.9	0.0155034
276	0.0155453
276.1	0.01559
276.2	0.0156368
276.3	0.0156841
276.4	0.0157333
276.5	0.0157832
276.6	0.0158328
276.7	0.0158833
276.8	0.0159387
276.9	0.0160007
277	0.0160658
277.1	0.0161358
277.2	0.0162073
277.3	0.0162805
277.4	0.0163574
277.5	0.0164323
277.6	0.0165061
277.7	0.0165844
277.8	0.0166723
277.9	0.0167604
278	0.0168427
278.1	0.0169254
278.2	0.0170126
278.3	0.0171031
278.4	0.0171947
278.5	0.0172857
278.6	0.017375
278.7	0.0174635
278.8	0.0175504
278.9	0.0176354
279	0.0177167
279.1	0.0177963
279.2	0.0178734
279.3	0.0179468
279.4	0.0180114
279.5	0.0180751
279.6	0.0181387
279.7	0.0182004
279.8	0.0182654
279.9	0.0183286
280	0.0183943
280.1	0.0184592
280.2	0.0185214
280.3	0.0185812
280.4	0.0186426
280.5	0.0187047
280.6	0.0187658
280.7	0.0188227
280.8	0.0188778
280.9	0.0189308
281	0.0189833
281.1	0.0190358
281.2	0.0190913
281.3	0.0191437
281.4	0.0191966
281.5	0.0192453
281.6	0.0192967
281.7	0.0193475
281.8	0.0193922
281.9	0.0194333
282	0.0194727
282.1	0.0195178
282.2	0.0195648
282.3	0.019617
282.4	0.019674
282.5	0.0197281
282.6	0.019777
282.7	0.0198213
282.8	0.0198672
282.9	0.0199162
283	0.0199709
283.1	0.0200242
283.2	0.0200778
283.3	0.0201327
283.4	0.0201885
283.5	0.0202433
283.6	0.0202964
283.7	0.0203472
283.8	0.0203956
283.9	0.0204408
284	0.0204845
284.1	0.02053
284.2	0.0205766
284.3	0.0206237
284.4	0.0206717
284.5	0.0207144
284.6	0.0207519
284.7	0.0207848
284.8	0.0208137
284.9	0.0208403
285	0.0208662
285.1	0.0208961
285.2	0.0209246
285.3	0.0209513
285.4	0.0209737
285.5	0.0209926
285.6	0.0210119
285.7	0.0210293
285.8	0.0210388
285.9	0.0210457
286	0.021049
286.1	0.0210521
286.2	0.0210539
286.3	0.0210525
286.4	0.0210483
286.5	0.0210447
286.6	0.021042
286.7	0.0210352
286.8	0.0210253
286.9	0.0210158
287	0.0210046
287.1	0.0209871
287.2	0.0209678
287.3	0.0209455
287.4	0.0209232
287.5	0.0208978
287.6	0.0208706
287.7	0.0208404
287.8	0.0208105
287.9	0.0207818
288	0.0207511
288.1	0.0207189
288.2	0.0206861
288.3	0.0206519
288.4	0.0206195
288.5	0.0205922
288.6	0.0205628
288.7	0.0205277
288.8	0.0204882
288.9	0.0204432
289	0.0203946
289.1	0.0203476
289.2	0.0203011
289.3	0.0202583
289.4	0.0202203
289.5	0.0201842
289.6	0.0201476
289.7	0.0201114
289.8	0.0200779
289.9	0.0200437
290	0.0200106
290.1	0.019983
290.2	0.0199587
290.3	0.0199339
290.4	0.0199073
290.5	0.0198832
290.6	0.0198593
290.7	0.0198306
290.8	0.0198006
290.9	0.0197705
291	0.019746
291.1	0.0197241
291.2	0.0197037
291.3	0.0196851
291.4	0.0196667
291.5	0.0196477
291.6	0.019627
291.7	0.019602
291.8	0.0195759
291.9	0.0195466
292	0.0195173
292.1	0.0194859
292.2	0.0194512
292.3	0.0194158
292.4	0.0193805
292.5	0.019347
292.6	0.0193137
292.7	0.0192815
292.8	0.0192482
292.9	0.0192137
293	0.0191862
293.1	0.0191653
293.2	0.0191481
293.3	0.0191327
293.4	0.0191203
293.5	0.0191139
293.6	0.0191092
293.7	0.0191025
293.8	0.0190954
293.9	0.0190869
294	0.0190775
294.1	0.0190641
294.2	0.0190476
294.3	0.0190306
294.4	0.0190174
294.5	0.0190008
294.6	0.0189787
294.7	0.0189517
294.8	0.018915
294.9	0.018874
295	0.0188321
295.1	0.0187906
295.2	0.0187513
295.3	0.0187117
295.4	0.0186714
295.5	0.0186316
295.6	0.0185976
295.7	0.0185663
295.8	0.0185352
295.9	0.018501
296	0.0184653
296.1	0.0184274
296.2	0.0183905
296.3	0.0183512
296.4	0.0183082
296.5	0.0182632
296.6	0.0182173
296.7	0.0181719
296.8	0.0181303
296.9	0.0180844
297	0.0180407
297.1	0.0179978
297.2	0.0179557
297.3	0.017914
297.4	0.0178746
297.5	0.0178362
297.6	0.0177974
297.7	0.0177537
297.8	0.0177035
297.9	0.01765
298	0.0175898
298.1	0.0175277
298.2	0.0174623
298.3	0.0173947
298.4	0.0173274
298.5	0.0172619
298.6	0.0171927
298.7	0.0171211
298.8	0.0170464
298.9	0.016973
299	0.0169006
299.1	0.0168291
299.2	0.0167556
299.3	0.0166801
299.4	0.0166074
299.5	0.0165419
299.6	0.016479
299.7	0.016416
299.8	0.0163574
299.9	0.0163038
300	0.0162506
300.1	0.0161921
300.2	0.0161339
300.3	0.0160747
300.4	0.0160158
300.5	0.0159569
300.6	0.0158982
300.7	0.0158371
300.8	0.0157711
300.9	0.0157037
301	0.01564
301.1	0.0155768
301.2	0.0155147
301.3	0.0154521
301.4	0.0153914
301.5	0.0153279
301.6	0.01526
301.7	0.0151877
301.8	0.0151133
301.9	0.0150379
302	0.014962
302.1	0.0148861
302.2	0.0148169
302.3	0.0147539
302.4	0.0146924
302.5	0.0146295
302.6	0.0145635
302.7	0.0144939
302.8	0.0144228
302.9	0.0143495
303	0.0142717
303.1	0.0141882
303.2	0.0141026
303.3	0.0140162
303.4	0.013928
303.5	0.0138412
303.6	0.0137601
303.7	0.0136765
303.8	0.0135896
303.9	0.0134983
304	0.0134045
304.1	0.0133099
304.2	0.0132163
304.3	0.0131223
304.4	0.0130322
304.5	0.0129428
304.6	0.0128498
304.7	0.0127605
304.8	0.0126691
304.9	0.0125777
305	0.0124919
305.1	0.0124118
305.2	0.012338
305.3	0.0122701
305.4	0.0122056
305.5	0.0121421
305.6	0.0120806
305.7	0.0120256
305.8	0.0119671
305.9	0.0119059
306	0.0118412
306.1	0.011772
306.2	0.0116987
306.3	0.0116251
306.4	0.0115539
306.5	0.0114863
306.6	0.0114207
306.7	0.0113533
306.8	0.0112855
306.9	0.0112169
307	0.0111458
307.1	0.0110719
307.2	0.0109941
307.3	0.0109157
307.4	0.0108386
307.5	0.0107648
307.6	0.0106917
307.7	0.0106148
307.8	0.0105343
307.9	0.0104519
308	0.0103742
308.1	0.010303
308.2	0.010233
308.3	0.0101671
308.4	0.010103
308.5	0.0100317
308.6	0.00995637
308.7	0.00988403
308.8	0.00980931
308.9	0.00972796
309	0.00964938
309.1	0.00957305
309.2	0.00950254
309.3	0.00943095
309.4	0.00936236
309.5	0.00929875
309.6	0.00924172
309.7	0.00918454
309.8	0.00912506
309.9	0.00906444
310	0.008997
310.1	0.00892572
310.2	0.00885039
310.3	0.00877325
310.4	0.00869885
310.5	0.00862746
310.6	0.00855946
310.7	0.00849109
310.8	0.0084223
310.9	0.00835303
311	0.00828744
311.1	0.00822318
311.2	0.00816435
311.3	0.00810662
311.4	0.00804998
311.5	0.00800071
311.6	0.0079554
311.7	0.0079129
311.8	0.00786937
311.9	0.00782618
312	0.00778579
312.1	0.00774826
312.2	0.00771264
312.3	0.00767205
312.4	0.00763042
312.5	0.00759006
312.6	0.00754974
312.7	0.00751184
312.8	0.00747896
312.9	0.00744934
313	0.00742544
313.1	0.0074022
313.2	0.00737919
313.3	0.00735443
313.4	0.00732927
313.5	0.00731224
313.6	0.00729956
313.7	0.00728872
313.8	0.00728393
313.9	0.00727773
314	0.00727033
314.1	0.00727065
314.2	0.00727201
314.3	0.00727027
314.4	0.00726583
314.5	0.00725837
314.6	0.00725044
314.7	0.00724502
314.8	0.00724321
314.9	0.00724262
315	0.00723896
315.1	0.00722909
315.2	0.00721812
315.3	0.00720457
315.4	0.00719285
315.5	0.00717991
315.6	0.00717116
315.7	0.00716171
315.8	0.00714722
315.9	0.00712995
316	0.00710941
316.1	0.00708585
316.2	0.00705714
316.3	0.00702268
316.4	0.00698571
316.5	0.00694699
316.6	0.00691001
316.7	0.00687352
316.8	0.00683444
316.9	0.00679363
317	0.00675316
317.1	0.00671415
317.2	0.00667696
317.3	0.00664501
317.4	0.00661287
317.5	0.0065779
317.6	0.00654855
317.7	0.00652213
317.8	0.00649968
317.9	0.00648305
318	0.00647271
318.1	0.00646666
318.2	0.00646378
318.3	0.00646564
318.4	0.00647129
318.5	0.00647732
318.6	0.00648427
318.7	0.00648759
318.8	0.00649128
318.9	0.00649263
319	0.00648888
319.1	0.0064817
319.2	0.00646947
319.3	0.00645559
319.4	0.00643843
319.5	0.00642085
319.6	0.00640436
319.7	0.00638346
319.8	0.00635973
319.9	0.00633396
320	0.00630852
320.1	0.00628635
320.2	0.00626795
320.3	0.00625207
320.4	0.00623916
320.5	0.00622571
320.6	0.00621519
320.7	0.00621059
320.8	0.00620661
320.9	0.00620035
321	0.00618951
321.1	0.00617639
321.2	0.00616641
321.3	0.00615944
321.4	0.00615069
321.5	0.00614066
321.6	0.00613099
321.7	0.00611716
321.8	0.00609897
321.9	0.00607731
322	0.00605352
322.1	0.0060324
322.2	0.00601498
322.3	0.00600047
322.4	0.00598743
322.5	0.00597594
322.6	0.0059597
322.7	0.00593874
322.8	0.00591477
322.9	0.00588553
323	0.00584966
323.1	0.0058046
323.2	0.00575798
323.3	0.00571035
323.4	0.00566234
323.5	0.00561675
323.6	0.00557186
323.7	0.00552579
323.8	0.00548023
323.9	0.00543645
324	0.00539799
324.1	0.00536091
324.2	0.00532429
324.3	0.00528563
324.4	0.00524638
324.5	0.00520518
324.6	0.00516364
324.7	0.00512144
324.8	0.00507683
324.9	0.0050333
325	0.00498948
325.1	0.00494619
325.2	0.00490596
325.3	0.00486667
325.4	0.00483038
325.5	0.00479644
325.6	0.00476916
325.7	0.00474362
325.8	0.00471888
325.9	0.00469207
326	0.00466132
326.1	0.00462948
326.2	0.00460071
326.3	0.00456919
326.4	0.00453846
326.5	0.00451157
326.6	0.00448776
326.7	0.00446516
326.8	0.00444608
326.9	0.00442833
327	0.00440927
327.1	0.00439729
327.2	0.00439004
327.3	0.00438589
327.4	0.00437966
327.5	0.00436995
327.6	0.00435787
327.7	0.00434453
327.8	0.00433201
327.9	0.00432205
328	0.00431575
328.1	0.00431606
328.2	0.0043243
328.3	0.00433931
328.4	0.00435525
328.5	0.00437077
328.6	0.0043884
328.7	0.00440679
328.8	0.00442219
328.9	0.00443378
329	0.00444605
329.1	0.00445594
329.2	0.00446266
329.3	0.00446986
329.4	0.00447277
329.5	0.00447266
329.6	0.00446835
329.7	0.00446676
329.8	0.00446627
329.9	0.00446656
330	0.00446655
330.1	0.00446967
330.2	0.00447757
330.3	0.00449121
330.4	0.00450817
330.5	0.00452633
330.6	0.00454265
330.7	0.0045587
330.8	0.0045782
330.9	0.0046
331	0.004623
331.1	0.00464607
331.2	0.00466921
331.3	0.00469623
331.4	0.00472285
331.5	0.00475179
331.6	0.00477922
331.7	0.00480846
331.8	0.00484049
331.9	0.00487477
332	0.00490806
332.1	0.00493796
332.2	0.0049647
332.3	0.00498669
332.4	0.00500371
332.5	0.00501732
332.6	0.00502733
332.7	0.00503602
332.8	0.00504183
332.9	0.00504084
333	0.00503949
333.1	0.00503398
333.2	0.00502901
333.3	0.0050204
333.4	0.00501012
333.5	0.00499603
333.6	0.00497738
333.7	0.00495889
333.8	0.00494019
333.9	0.00492398
334	0.0049072
334.1	0.00489085
334.2	0.00487344
334.3	0.00485146
334.4	0.0048262
334.5	0.00479948
334.6	0.00477018
334.7	0.00474235
334.8	0.00471446
334.9	0.00468971
335	0.00466529
335.1	0.00464229
335.2	0.00461591
335.3	0.00459035
335.4	0.00456603
335.5	0.00454104
335.6	0.00452005
335.7	0.00450141
335.8	0.0044861
335.9	0.00447216
336	0.00446205
336.1	0.00444729
336.2	0.00443104
336.3	0.0044189
336.4	0.00441043
336.5	0.00440216
336.6	0.00439362
336.7	0.00438335
336.8	0.00437439
336.9	0.0043667
337	0.00435948
337.1	0.0043555
337.2	0.0043539
337.3	0.00435449
337.4	0.00435737
337.5	0.00436003
337.6	0.00436162
337.7	0.00436096
337.8	0.00435805
337.9	0.00435801
338	0.00435895
338.1	0.00436105
338.2	0.00436955
338.3	0.00438382
338.4	0.00439927
338.5	0.00441234
338.6	0.00442433
338.7	0.00443258
338.8	0.00444004
338.9	0.00444252
339	0.00444694
339.1	0.00444934
339.2	0.00445223
339.3	0.00445882
339.4	0.00446655
339.5	0.00447008
339.6	0.00447475
339.7	0.00447957
339.8	0.0044902
339.9	0.00450059
340	0.00451131
340.1	0.00453075
340.2	0.00455254
340.3	0.00457576
340.4	0.00459676
340.5	0.00461767
340.6	0.00463454
340.7	0.00464651
340.8	0.00465388
340.9	0.00465984
341	0.0046627
341.1	0.00466019
341.2	0.00465198
341.3	0.00464006
341.4	0.00462581
341.5	0.00460987
341.6	0.00459063
341.7	0.00456865
341.8	0.00454189
341.9	0.00451453
342	0.00448702
342.1	0.00445691
342.2	0.00442658
342.3	0.00439738
342.4	0.00437084
342.5	0.00434053
342.6	0.00430599
342.7	0.00426999
342.8	0.00423019
342.9	0.0041862
343	0.00413344
343.1	0.00407145
343.2	0.00400663
343.3	0.00394503
343.4	0.00388664
343.5	0.00383499
343.6	0.0037886
343.7	0.00374652
343.8	0.00371004
343.9	0.00367061
344	0.00363062
344.1	0.0035916
344.2	0.00355368
344.3	0.00351478
344.4	0.00347313
344.5	0.00342901
344.6	0.00338083
344.7	0.00333104
344.8	0.00328381
344.9	0.0032411
345	0.00320328
345.1	0.00316898
345.2	0.00313293
345.3	0.00309184
345.4	0.0030438
345.5	0.0029951
345.6	0.00294328
345.7	0.0028894
345.8	0.00283508
345.9	0.00278105
346	0.00273169
346.1	0.00268558
346.2	0.00264726
346.3	0.00260927
346.4	0.00257085
346.5	0.00253151
346.6	0.00248938
346.7	0.0024493
346.8	0.00240878
346.9	0.00237037
347	0.00233103
347.1	0.00228787
347.2	0.00223856
347.3	0.00218015
347.4	0.0021209
347.5	0.00206259
347.6	0.00199997
347.7	0.00193472
347.8	0.00187402
347.9	0.00181596
348	0.00175494
348.1	0.00169557
348.2	0.00164158
348.3	0.00158893
348.4	0.00153924
348.5	0.00149474
348.6	0.00145252
348.7	0.00141169
348.8	0.00136998
348.9	0.00132939
349	0.00129377
349.1	0.00126182
349.2	0.00122508
349.3	0.00118636
349.4	0.0011448
349.5	0.00109488
349.6	0.0010429
349.7	0.000989759
349.8	0.000937945
349.9	0.00088985
350	0.000846223
350.1	0.000812106
350.2	0.000781557
350.3	0.000754721
350.4	0.000725655
350.5	0.00069399
350.6	0.000659209
350.7	0.000620634
350.8	0.000578643
350.9	0.000531771
351	0.000486209
351.1	0.000445641
351.2	0.000410408
351.3	0.000378908
351.4	0.000341173
351.5	0.000301669
351.6	0.000258553
351.7	0.000203114
351.8	0.000142227
351.9	7.73437e-05
352	1.1308e-05
352.1	-5.5638e-05
352.2	-0.000126007
352.3	-0.000193985
352.4	-0.000261656
352.5	-0.000326463
352.6	-0.000388822
352.7	-0.000448501
352.8	-0.000506819
352.9	-0.000566779
353	-0.000631995
353.1	-0.000698228
353.2	-0.000765579
353.3	-0.000829259
353.4	-0.000891475
353.5	-0.000950478
353.6	-0.0010089
353.7	-0.0010699
353.8	-0.00113711
353.9	-0.00120647
354	-0.00127937
354.1	-0.00135664
354.2	-0.00143015
354.3	-0.00150357
354.4	-0.00157607
354.5	-0.00164652
354.6	-0.00171659
354.7	-0.00179046
354.8	-0.00186765
354.9	-0.00194407
355	-0.00202184
355.1	-0.00209937
355.2	-0.00217535
355.3	-0.00224841
355.4	-0.00232278
355.5	-0.00240055
355.6	-0.00247816
355.7	-0.00255707
355.8	-0.00263373
355.9	-0.00271483
356	-0.00279216
356.1	-0.00287491
356.2	-0.00295872
356.3	-0.00304247
356.4	-0.00312711
356.5	-0.00320805
356.6	-0.00328096
356.7	-0.00335223
356.8	-0.00342641
356.9	-0.00350425
357	-0.00358573
357.1	-0.00366948
357.2	-0.0037547
357.3	-0.00384292
357.4	-0.0039337
357.5	-0.00402678
357.6	-0.00412393
357.7	-0.0042216
357.8	-0.00431736
357.9	-0.00441002
358	-0.00450074
358.1	-0.00459134
358.2	-0.00468057
358.3	-0.00477011
358.4	-0.00486283
358.5	-0.00495247
358.6	-0.00504248
358.7	-0.00512675
358.8	-0.00521233
358.9	-0.00530011
359	-0.00538854
359.1	-0.00547938
359.2	-0.00556694
359.3	-0.00565083
359.4	-0.00573601
359.5	-0.00583055
359.6	-0.00593108
359.7	-0.00603586
359.8	-0.00614957
359.9	-0.00626559
360	-0.00638135
360.1	-0.00649499
360.2	-0.00660444
360.3	-0.0067108
360.4	-0.00680934
360.5	-0.0069018
360.6	-0.00698556
360.7	-0.00706743
360.8	-0.00715199
360.9	-0.00724005
361	-0.00732482
361.1	-0.00740523
361.2	-0.00748184
361.3	-0.00756012
361.4	-0.00764155
361.5	-0.00772098
361.6	-0.00780306
361.7	-0.00788675
361.8	-0.00797231
361.9	-0.00806172
362	-0.00815055
362.1	-0.00823795
362.2	-0.00832707
362.3	-0.00841608
362.4	-0.00850686
362.5	-0.0086004
362.6	-0.00869628
362.7	-0.00879727
362.8	-0.00889769
362.9	-0.00899564
363	-0.00909149
363.1	-0.00918388
363.2	-0.00927625
363.3	-0.00937461
363.4	-0.00947346
363.5	-0.0095706
363.6	-0.00966473
363.7	-0.00975692
363.8	-0.00984835
363.9	-0.00994103
364	-0.0100326
364.1	-0.0101279
364.2	-0.0102214
364.3	-0.0103129
364.4	-0.0104037
364.5	-0.0104902
364.6	-0.0105736
364.7	-0.0106605
364.8	-0.0107453
364.9	-0.0108283
365	-0.0109101
365.1	-0.0109909
365.2	-0.0110712
365.3	-0.0111494
365.4	-0.01122
365.5	-0.0112849
365.6	-0.011345
365.7	-0.0114055
365.8	-0.0114686
365.9	-0.011529
366	-0.0115873
366.1	-0.0116418
366.2	-0.0116909
366.3	-0.0117332
366.4	-0.0117709
366.5	-0.0118077
366.6	-0.0118432
366.7	-0.0118823
366.8	-0.011923
366.9	-0.0119595
367	-0.011995
367.1	-0.01203
367.2	-0.0120598
367.3	-0.0120892
367.4	-0.0121187
367.5	-0.0121461
367.6	-0.0121762
367.7	-0.0122067
367.8	-0.0122373
367.9	-0.0122636
368	-0.0122819
368.1	-0.0122926
368.2	-0.0122989
368.3	-0.0122961
368.4	-0.0122914
368.5	-0.0122882
368.6	-0.0122823
368.7	-0.0122715
368.8	-0.0122606
368.9	-0.0122492
369	-0.0122393
369.1	-0.0122346
369.2	-0.0122293
369.3	-0.0122232
369.4	-0.0122194
369.5	-0.0122207
369.6	-0.0122296
369.7	-0.0122475
369.8	-0.0122713
369.9	-0.012296
370	-0.0123183
370.1	-0.0123411
370.2	-0.0123588
370.3	-0.0123796
370.4	-0.0124002
370.5	-0.0124219
370.6	-0.0124389
370.7	-0.012451
370.8	-0.0124622
370.9	-0.0124725
371	-0.0124818
371.1	-0.0124879
371.2	-0.0124906
371.3	-0.0124891
371.4	-0.0124877
371.5	-0.0124848
371.6	-0.0124815
371.7	-0.0124765
371.8	-0.0124681
371.9	-0.012456
372	-0.0124414
372.1	-0.0124228
372.2	-0.0124045
372.3	-0.0123896
372.4	-0.0123791
372.5	-0.0123651
372.6	-0.012354
372.7	-0.0123443
372.8	-0.0123344
372.9	-0.0123252
373	-0.0123185
373.1	-0.0123107
373.2	-0.0123002
373.3	-0.0122919
373.4	-0.0122852
373.5	-0.0122831
373.6	-0.0122851
373.7	-0.012291
373.8	-0.0122976
373.9	-0.0123043
374	-0.0123117
374.1	-0.0123211
374.2	-0.0123322
374.3	-0.0123462
374.4	-0.0123632
374.5	-0.012379
374.6	-0.012398
374.7	-0.0124179
374.8	-0.0124445
374.9	-0.0124742
375	-0.0125069
375.1	-0.0125388
375.2	-0.012566
375.3	-0.0125903
375.4	-0.0126151
375.5	-0.0126345
375.6	-0.0126475
375.7	-0.0126574
375.8	-0.0126639
375.9	-0.0126734
376	-0.0126835
376.1	-0.0126965
376.2	-0.0127128
376.3	-0.0127307
376.4	-0.012752
376.5	-0.0127733
376.6	-0.0127938
376.7	-0.01281
376.8	-0.01282
376.9	-0.0128275
377	-0.0128391
377.1	-0.0128523
377.2	-0.012867
377.3	-0.0128826
377.4	-0.0128982
377.5	-0.0129127
377.6	-0.0129265
377.7	-0.0129457
377.8	-0.0129693
377.9	-0.0129945
378	-0.013015
378.1	-0.0130305
378.2	-0.0130438
378.3	-0.0130594
378.4	-0.0130771
378.5	-0.0130986
378.6	-0.0131202
378.7	-0.013143
378.8	-0.0131646
378.9	-0.0131868
379	-0.0132077
379.1	-0.0132251
379.2	-0.0132413
379.3	-0.0132546
379.4	-0.0132675
379.5	-0.0132776
379.6	-0.0132885
379.7	-0.013301
379.8	-0.0133127
379.9	-0.0133247
380	-0.0133368
380.1	-0.0133457
380.2	-0.0133525
380.3	-0.0133618
380.4	-0.0133727
380.5	-0.0133812
380.6	-0.0133876
380.7	-0.013394
380.8	-0.0134035
380.9	-0.0134119
381	-0.0134204
381.1	-0.0134371
381.2	-0.0134541
381.3	-0.013472
381.4	-0.0134905
381.5	-0.0135086
381.6	-0.0135295
381.7	-0.0135536
381.8	-0.013582
381.9	-0.0136108
382	-0.0136411
382.1	-0.0136695
382.2	-0.0136953
382.3	-0.0137188
382.4	-0.0137402
382.5	-0.0137572
382.6	-0.013769
382.7	-0.0137791
382.8	-0.0137886
382.9	-0.013791
383	-0.0137896
383.1	-0.0137833
383.2	-0.0137725
383.3	-0.0137644
383.4	-0.0137562
383.5	-0.0137437
383.6	-0.0137284
383.7	-0.0137085
383.8	-0.0136931
383.9	-0.0136801
384	-0.0136673
384.1	-0.0136549
384.2	-0.0136443
384.3	-0.0136358
384.4	-0.0136244
384.5	-0.0136106
384.6	-0.0135933
384.7	-0.0135755
384.8	-0.0135606
384.9	-0.0135489
385	-0.0135408
385.1	-0.013533
385.2	-0.013527
385.3	-0.0135238
385.4	-0.0135201
385.5	-0.0135133
385.6	-0.0135042
385.7	-0.0134908
385.8	-0.0134722
385.9	-0.0134534
386	-0.0134327
386.1	-0.0134065
386.2	-0.0133755
386.3	-0.0133434
386.4	-0.0133056
386.5	-0.0132674
386.6	-0.0132293
386.7	-0.0131866
386.8	-0.0131385
386.9	-0.0130912
387	-0.0130493
387.1	-0.0130096
387.2	-0.0129695
387.3	-0.0129325
387.4	-0.0128953
387.5	-0.0128568
387.6	-0.0128205
387.7	-0.0127776
387.8	-0.0127308
387.9	-0.012678
388	-0.0126225
388.1	-0.0125674
388.2	-0.0125107
388.3	-0.0124574
388.4	-0.0124018
388.5	-0.012344
388.6	-0.0122882
388.7	-0.0122359
388.8	-0.0121843
388.9	-0.0121295
389	-0.0120779
389.1	-0.0120338
389.2	-0.0119896
389.3	-0.011939
389.4	-0.0118855
389.5	-0.0118253
389.6	-0.0117638
389.7	-0.0117041
389.8	-0.011641
389.9	-0.0115773
390	-0.0115121
390.1	-0.0114452
390.2	-0.0113798
390.3	-0.011318
390.4	-0.0112575
390.5	-0.0111968
390.6	-0.011136
390.7	-0.0110749
390.8	-0.0110109
390.9	-0.010943
391	-0.0108708
391.1	-0.0107938
391.2	-0.0107176
391.3	-0.0106463
391.4	-0.0105753
391.5	-0.0105073
391.6	-0.0104399
391.7	-0.0103728
391.8	-0.0103066
391.9	-0.0102401
392	-0.0101779
392.1	-0.0101143
392.2	-0.0100484
392.3	-0.00998104
392.4	-0.00991127
392.5	-0.00983995
392.6	-0.00976754
392.7	-0.00969675
392.8	-0.00963375
392.9	-0.00957187
393	-0.00950861
393.1	-0.00944437
393.2	-0.0093809
393.3	-0.00931568
393.4	-0.00924536
393.5	-0.00917318
393.6	-0.00910432
393.7	-0.00903709
393.8	-0.00896328
393.9	-0.00888604
394	-0.00881135
394.1	-0.00873566
394.2	-0.00865735
394.3	-0.00857826
394.4	-0.00849927
394.5	-0.00842143
394.6	-0.00834384
394.7	-0.00826502
394.8	-0.00818886
394.9	-0.00811404
395	-0.00803789
395.1	-0.00796332
395.2	-0.00789419
395.3	-0.0078281
395.4	-0.0077636
395.5	-0.00770265
395.6	-0.00764327
395.7	-0.00757972
395.8	-0.00751606
395.9	-0.0074517
396	-0.00738545
396.1	-0.00731648
396.2	-0.00724486
396.3	-0.00717577
396.4	-0.00711443
396.5	-0.00705574
396.6	-0.00699626
396.7	-0.00693134
396.8	-0.00686715
396.9	-0.00680366
397	-0.00673732
397.1	-0.00667513
397.2	-0.00661401
397.3	-0.00655173
397.4	-0.00649202
397.5	-0.00643484
397.6	-0.00637609
397.7	-0.00631759
397.8	-0.00625769
397.9	-0.00619839
398	-0.00614374
398.1	-0.0060951
398.2	-0.00605001
398.3	-0.0060099
398.4	-0.00596799
398.5	-0.00592155
398.6	-0.00587413
398.7	-0.00582314
398.8	-0.00577447
398.9	-0.00572827
399	-0.0056851
399.1	-0.00563623
399.2	-0.0055807
399.3	-0.00552332
399.4	-0.00546851
399.5	-0.00541451
399.6	-0.0053626
399.7	-0.00531625
399.8	-0.00527619
399.9	-0.00523735
400	-0.0051947
400.1	-0.00515067
400.2	-0.00510459
400.3	-0.00505479
400.4	-0.0050053
400.5	-0.00495922
400.6	-0.00491601
400.7	-0.00487224
400.8	-0.00482864
400.9	-0.00478479
401	-0.00473931
401.1	-0.00469708
401.2	-0.00465292
401.3	-0.00460318
401.4	-0.00455059
401.5	-0.00449589
401.6	-0.00444125
401.7	-0.00438742
401.8	-0.00433286
401.9	-0.00427382
402	-0.00420902
402.1	-0.0041383
402.2	-0.00406777
402.3	-0.00399746
402.4	-0.00393372
402.5	-0.00387426
402.6	-0.00381279
402.7	-0.00375335
402.8	-0.00369595
402.9	-0.00364326
403	-0.00359101
403.1	-0.00353926
403.2	-0.00348909
403.3	-0.00344268
403.4	-0.00339509
403.5	-0.00335093
403.6	-0.00331213
403.7	-0.00327735
403.8	-0.00323736
403.9	-0.00319303
404	-0.00315203
404.1	-0.00311616
404.2	-0.00308575
404.3	-0.00305825
404.4	-0.00302472
404.5	-0.00298827
404.6	-0.00294917
404.7	-0.00291367
404.8	-0.00288549
404.9	-0.00286185
405	-0.00284442
405.1	-0.00282544
405.2	-0.00280134
405.3	-0.00277315
405.4	-0.00274087
405.5	-0.00270788
405.6	-0.00267782
405.7	-0.00264825
405.8	-0.00261775
405.9	-0.00258773
406	-0.00255709
406.1	-0.00252835
406.2	-0.00249831
406.3	-0.00246681
406.4	-0.00243424
406.5	-0.00240389
406.6	-0.00237641
406.7	-0.00235021
406.8	-0.00232545
406.9	-0.00229826
407	-0.0022665
407.1	-0.00222678
407.2	-0.00218473
407.3	-0.00214199
407.4	-0.00210203
407.5	-0.00206399
407.6	-0.00202987
407.7	-0.00199995
407.8	-0.0019692
407.9	-0.00194174
408	-0.00191304
408.1	-0.00188135
408.2	-0.00184354
408.3	-0.00180689
408.4	-0.00177063
408.5	-0.00173574
408.6	-0.0016996
408.7	-0.00165848
408.8	-0.00162074
408.9	-0.00158712
409	-0.00155441
409.1	-0.00151738
409.2	-0.00148209
409.3	-0.00144367
409.4	-0.00140719
409.5	-0.00136897
409.6	-0.00133248
409.7	-0.00129808
409.8	-0.00126276
409.9	-0.00122775
410	-0.0011903
410.1	-0.00115138
410.2	-0.0011112
410.3	-0.00107348
410.4	-0.00103874
410.5	-0.00101022
410.6	-0.000985962
410.7	-0.000963543
410.8	-0.000939731
410.9	-0.000914607
411	-0.000890161
411.1	-0.000867378
411.2	-0.000844023
411.3	-0.000820586
411.4	-0.000798593
411.5	-0.000777548
411.6	-0.000756482
411.7	-0.000730094
411.8	-0.000700481
411.9	-0.000672289
412	-0.000647382
412.1	-0.000618586
412.2	-0.00058953
412.3	-0.000558222
412.4	-0.00052906
412.5	-0.00049577
412.6	-0.000462433
412.7	-0.000432291
412.8	-0.000408356
412.9	-0.000387313
413	-0.000366157
413.1	-0.000340122
413.2	-0.000313552
413.3	-0.000289909
413.4	-0.00026546
413.5	-0.000238467
413.6	-0.000209623
413.7	-0.000178821
413.8	-0.000150665
413.9	-0.000129466
414	-0.000107137
414.1	-8.74722e-05
414.2	-6.91088e-05
414.3	-4.63725e-05
414.4	-1.9488e-05
414.5	8.15392e-06
414.6	3.68483e-05
414.7	6.81099e-05
414.8	0.000105245
414.9	0.000142278
415	0.000177257
415.1	0.000214048
415.2	0.000251569
415.3	0.000291656
415.4	0.000337103
415.5	0.000381269
415.6	0.000426287
415.7	0.000468492
415.8	0.000503783
415.9	0.000531245
416	0.000560632
416.1	0.000584505
416.2	0.000604448
416.3	0.000618408
416.4	0.000630925
416.5	0.000639875
416.6	0.000644769
416.7	0.000649803
416.8	0.000656565
416.9	0.000664879
417	0.000675463
417.1	0.000685009
417.2	0.000693535
417.3	0.000699147
417.4	0.000704998
417.5	0.000714086
417.6	0.000729096
417.7	0.000749269
417.8	0.000771185
417.9	0.000796789
418	0.000824664
418.1	0.000853386
418.2	0.000879791
418.3	0.000899923
418.4	0.000921588
418.5	0.000948395
418.6	0.000971452
418.7	0.000995182
418.8	0.0010225
418.9	0.0010466
419	0.00106718
419.1	0.00108807
419.2	0.0011081
419.3	0.00112707
419.4	0.00114157
419.5	0.00115249
419.6	0.00115592
419.7	0.00115569
419.8	0.00115328
419.9	0.00114722
420	0.00114109
420.1	0.00113202
420.2	0.00112249
420.3	0.0011123
420.4	0.00110292
420.5	0.00109172
420.6	0.00108279
420.7	0.00107271
420.8	0.00105995
420.9	0.00104352
421	0.00102387
421.1	0.00100166
421.2	0.000984506
421.3	0.000968675
421.4	0.000950437
421.5	0.000936067
421.6	0.000926946
421.7	0.000923481
421.8	0.000922807
421.9	0.000924835
422	0.00092436
422.1	0.000921165
422.2	0.00091827
422.3	0.00091597
422.4	0.000914222
422.5	0.000915934
422.6	0.000922952
422.7	0.000932369
422.8	0.000945301
422.9	0.000962387
423	0.000978873
423.1	0.000996037
423.2	0.0010148
423.3	0.00103273
423.4	0.00105079
423.5	0.00107205
423.6	0.00109512
423.7	0.00111992
423.8	0.00114964
423.9	0.00118497
424	0.00122572
424.1	0.00127059
424.2	0.00131878
424.3	0.00136595
424.4	0.00141332
424.5	0.00146314
424.6	0.00151771
424.7	0.00157921
424.8	0.00164638
424.9	0.0017217
425	0.00180301
425.1	0.00188579
425.2	0.00196806
425.3	0.00205074
425.4	0.00213605
425.5	0.00222139
425.6	0.00229891
425.7	0.00237594
425.8	0.0024551
425.9	0.00253499
426	0.00261045
426.1	0.00268134
426.2	0.00274957
426.3	0.00281215
426.4	0.00286878
426.5	0.00292164
426.6	0.002973
426.7	0.00302468
426.8	0.00307176
426.9	0.0031169
427	0.00316658
427.1	0.00321576
427.2	0.00326216
427.3	0.00331084
427.4	0.00335784
427.5	0.00340902
427.6	0.00346229
427.7	0.00352015
427.8	0.00358236
427.9	0.00364124
428	0.00369577
428.1	0.00375152
428.2	0.00380158
428.3	0.0038484
428.4	0.00389476
428.5	0.00393974
428.6	0.00398155
428.7	0.00401722
428.8	0.00404682
428.9	0.00407257
429	0.00409563
429.1	0.00412149
429.2	0.00414784
429.3	0.00416965
429.4	0.00418653
429.5	0.00420107
429.6	0.00421167
429.7	0.00421716
429.8	0.00421764
429.9	0.00421583
430	0.004217
430.1	0.00422134
430.2	0.00422667
430.3	0.00423432
430.4	0.00424439
430.5	0.00426099
430.6	0.00428397
430.7	0.00430589
430.8	0.00432778
430.9	0.00434776
431	0.00436722
431.1	0.00438864
431.2	0.00441427
431.3	0.00444526
431.4	0.00448082
431.5	0.00451578
431.6	0.00454987
431.7	0.00458597
431.8	0.00462295
431.9	0.00466438
432	0.00470926
432.1	0.00475682
432.2	0.00479842
432.3	0.00483804
432.4	0.00488327
432.5	0.00492969
432.6	0.00497838
432.7	0.00502917
432.8	0.00507953
432.9	0.00512785
433	0.00517811
433.1	0.00522915
433.2	0.00527612
433.3	0.00531995
433.4	0.00535971
433.5	0.00540014
433.6	0.00543709
433.7	0.00547116
433.8	0.00550301
433.9	0.00553222
434	0.00556134
434.1	0.00559058
434.2	0.00561921
434.3	0.00564701
434.4	0.00566811
434.5	0.00569111
434.6	0.00571569
434.7	0.00574054
434.8	0.00576321
434.9	0.00578722
435	0.00581495
435.1	0.00584117
435.2	0.0058653
435.3	0.00588782
435.4	0.00591123
435.5	0.005935
435.6	0.00596008
435.7	0.0059909
435.8	0.00602465
435.9	0.00606337
436	0.00610808
436.1	0.00615528
436.2	0.00620324
436.3	0.00625485
436.4	0.00630701
436.5	0.00635837
436.6	0.00641098
436.7	0.00646244
436.8	0.00651225
436.9	0.00655607
437	0.00659303
437.1	0.00662446
437.2	0.00665777
437.3	0.0066902
437.4	0.00671969
437.5	0.00674659
437.6	0.00677493
437.7	0.00680845
437.8	0.00684896
437.9	0.00689661
438	0.00694503
438.1	0.00699035
438.2	0.00703559
438.3	0.00708279
438.4	0.0071279
438.5	0.00717115
438.6	0.00721298
438.7	0.00725013
438.8	0.0072779
438.9	0.00730156
439	0.00731803
439.1	0.00732928
439.2	0.00733534
439.3	0.00733872
439.4	0.00733852
439.5	0.00734129
439.6	0.00734621
439.7	0.00735147
439.8	0.00735966
439.9	0.00736717
440	0.00737446
440.1	0.00737436
440.2	0.00737289
440.3	0.00737547
440.4	0.00738136
440.5	0.00738853
440.6	0.00739685
440.7	0.00740844
440.8	0.00742716
440.9	0.00744655
441	0.00746658
441.1	0.00748548
441.2	0.00750022
441.3	0.00751692
441.4	0.00753441
441.5	0.00755365
441.6	0.00757366
441.7	0.00759598
441.8	0.00762122
441.9	0.00764721
442	0.00767015
442.1	0.00768712
442.2	0.00769954
442.3	0.00770537
442.4	0.00770687
442.5	0.00770911
442.6	0.00771352
442.7	0.007723
442.8	0.00773163
442.9	0.00774153
443	0.00775251
443.1	0.00776349
443.2	0.00778043
443.3	0.00779813
443.4	0.00781829
443.5	0.00783944
443.6	0.0078564
443.7	0.00786958
443.8	0.00788084
443.9	0.00788652
444	0.00789241
444.1	0.00789635
444.2	0.0078971
444.3	0.00789925
444.4	0.0079052
444.5	0.00791064
444.6	0.00791263
444.7	0.00791454
444.8	0.00791642
444.9	0.00791614
445	0.00791107
445.1	0.00790135
445.2	0.00788803
445.3	0.00786548
445.4	0.0078348
445.5	0.00779859
445.6	0.00775878
445.7	0.00771333
445.8	0.00766524
445.9	0.00761503
446	0.00756872
446.1	0.0075245
446.2	0.00747705
446.3	0.00743187
446.4	0.00739204
446.5	0.00735362
446.6	0.00731476
446.7	0.0072773
446.8	0.00723898
446.9	0.00719943
447	0.00716161
447.1	0.00712529
447.2	0.00709171
447.3	0.00706469
447.4	0.00704357
447.5	0.00702278
447.6	0.00700211
447.7	0.00698539
447.8	0.00696882
447.9	0.0069537
448	0.00693752
448.1	0.00691978
448.2	0.00689749
448.3	0.00687212
448.4	0.00684332
448.5	0.00680713
448.6	0.00676513
448.7	0.00672189
448.8	0.00667458
448.9	0.006625
449	0.00657433
449.1	0.00652179
449.2	0.0064698
449.3	0.00641557
449.4	0.00636191
449.5	0.00630159
449.6	0.00623522
449.7	0.00616817
449.8	0.00609901
449.9	0.00603132
450	0.00596769
450.1	0.00590343
450.2	0.00583528
450.3	0.00576239
450.4	0.00568456
450.5	0.00560206
450.6	0.00551701
450.7	0.00543051
450.8	0.00534475
450.9	0.00525824
451	0.00517306
451.1	0.00508926
451.2	0.00500265
451.3	0.00491291
451.4	0.00482794
451.5	0.00474485
451.6	0.00465711
451.7	0.00456355
451.8	0.00447203
451.9	0.00437681
452	0.00428021
452.1	0.00418656
452.2	0.00409426
452.3	0.00400264
452.4	0.00391207
452.5	0.00382017
452.6	0.00373139
452.7	0.00364465
452.8	0.00356319
452.9	0.00348447
453	0.0034062
453.1	0.00332613
453.2	0.00324406
453.3	0.00316039
453.4	0.00307971
453.5	0.00300329
453.6	0.00292519
453.7	0.00284765
453.8	0.00277303
453.9	0.0027013
454	0.00263415
454.1	0.00257007
454.2	0.00250062
454.3	0.00242277
454.4	0.00233977
454.5	0.00225135
454.6	0.00216337
454.7	0.00207438
454.8	0.00198118
454.9	0.00189178
455	0.00180751
455.1	0.00172636
455.2	0.00164182
455.3	0.0015562
455.4	0.00147121
455.5	0.00138357
455.6	0.0012975
455.7	0.00121306
455.8	0.00113274
455.9	0.00105308
456	0.000977765
456.1	0.000905792
456.2	0.000837348
456.3	0.000766967
456.4	0.000693999
456.5	0.000621227
456.6	0.000551193
456.7	0.000479238
456.8	0.000401765
456.9	0.000318048
457	0.0002274
457.1	0.000136165
457.2	4.72177e-05
457.3	-3.98298e-05
457.4	-0.000126465
457.5	-0.000210462
457.6	-0.000291442
457.7	-0.000371723
457.8	-0.000447161
457.9	-0.000524737
458	-0.000599308
458.1	-0.000673531
458.2	-0.000746374
458.3	-0.000819291
458.4	-0.000897462
458.5	-0.000974129
458.6	-0.00105724
458.7	-0.00114417
458.8	-0.00122783
458.9	-0.00130609
459	-0.00138195
459.1	-0.00145883
459.2	-0.0015327
459.3	-0.00160275
459.4	-0.00166776
459.5	-0.00172637
459.6	-0.00178261
459.7	-0.0018373
459.8	-0.00188919
459.9	-0.0019422
460	-0.00198979
460.1	-0.00203603
460.2	-0.00208052
460.3	-0.00212856
460.4	-0.00217651
460.5	-0.0022241
460.6	-0.00226828
460.7	-0.00230719
460.8	-0.00234168
460.9	-0.00237265
461	-0.00240391
461.1	-0.00244042
461.2	-0.00248151
461.3	-0.00252653
461.4	-0.00257131
461.5	-0.00261774
461.6	-0.00266741
461.7	-0.0027193
461.8	-0.00277172
461.9	-0.00282762
462	-0.00288886
462.1	-0.00295878
462.2	-0.00303436
462.3	-0.0031069
462.4	-0.00318514
462.5	-0.0032684
462.6	-0.003357
462.7	-0.00344724
462.8	-0.00353546
462.9	-0.00362366
463	-0.00371192
463.1	-0.00379956
463.2	-0.00388561
463.3	-0.0039754
463.4	-0.00407426
463.5	-0.00418051
463.6	-0.00429252
463.7	-0.00441042
463.8	-0.00452498
463.9	-0.00464043
464	-0.00475732
464.1	-0.00487623
464.2	-0.00499572
464.3	-0.0051173
464.4	-0.00523691
464.5	-0.00535345
464.6	-0.00546479
464.7	-0.00557238
464.8	-0.00567376
464.9	-0.00577131
465	-0.00586454
465.1	-0.00595141
465.2	-0.00603075
465.3	-0.00610938
465.4	-0.00618318
465.5	-0.00625654
465.6	-0.0063271
465.7	-0.00639362
465.8	-0.00645823
465.9	-0.00652609
466	-0.00659546
466.1	-0.00666166
466.2	-0.00673155
466.3	-0.00680441
466.4	-0.00687824
466.5	-0.00695063
466.6	-0.00702039
466.7	-0.00709168
466.8	-0.00716193
466.9	-0.0072326
467	-0.00730246
467.1	-0.0073708
467.2	-0.00743754
467.3	-0.00750201
467.4	-0.00756563
467.5	-0.00762823
467.6	-0.00768708
467.7	-0.00773953
467.8	-0.00779135
467.9	-0.00784619
468	-0.00789905
468.1	-0.00794969
468.2	-0.00800754
468.3	-0.00806367
468.4	-0.00811737
468.5	-0.00816599
468.6	-0.00821013
468.7	-0.00824917
468.8	-0.0082854
468.9	-0.00832599
469	-0.00836661
469.1	-0.00840658
469.2	-0.00844352
469.3	-0.00847678
469.4	-0.00851034
469.5	-0.0085488
469.6	-0.00858814
469.7	-0.00862751
469.8	-0.008663
469.9	-0.00869547
470	-0.00872801
470.1	-0.00876137
470.2	-0.00879425
470.3	-0.0088261
470.4	-0.0088571
470.5	-0.008888
470.6	-0.00891781
470.7	-0.00894758
470.8	-0.00897712
470.9	-0.00900213
471	-0.00902643
471.1	-0.00905004
471.2	-0.00907064
471.3	-0.00908935
471.4	-0.0091086
471.5	-0.00912503
471.6	-0.00914284
471.7	-0.00916705
471.8	-0.00919475
471.9	-0.00923108
472	-0.00926817
472.1	-0.00930642
472.2	-0.00934173
472.3	-0.00937546
472.4	-0.00941063
472.5	-0.00944357
472.6	-0.00947733
472.7	-0.00951684
472.8	-0.00955658
472.9	-0.00959739
473	-0.00963805
473.1	-0.00967533
473.2	-0.0097112
473.3	-0.00974597
473.4	-0.00977903
473.5	-0.00981285
473.6	-0.00984781
473.7	-0.00988558
473.8	-0.0099316
473.9	-0.0099842
474	-0.0100393
474.1	-0.0100967
474.2	-0.0101537
474.3	-0.0102074
474.4	-0.010258
474.5	-0.0103064
474.6	-0.0103559
474.7	-0.0104066
474.8	-0.0104628
474.9	-0.010518
475	-0.0105733
475.1	-0.0106238
475.2	-0.0106702
475.3	-0.0107126
475.4	-0.0107483
475.5	-0.0107783
475.6	-0.0108048
475.7	-0.0108272
475.8	-0.0108457
475.9	-0.0108645
476	-0.0108839
476.1	-0.0109072
476.2	-0.0109342
476.3	-0.0109616
476.4	-0.0109885
476.5	-0.0110227
476.6	-0.0110617
476.7	-0.0111058
476.8	-0.0111555
476.9	-0.0112085
477	-0.0112619
477.1	-0.0113143
477.2	-0.0113661
477.3	-0.0114133
477.4	-0.0114601
477.5	-0.0115073
477.6	-0.0115539
477.7	-0.0116001
477.8	-0.0116486
477.9	-0.0117007
478	-0.0117569
478.1	-0.0118159
478.2	-0.0118745
478.3	-0.0119303
478.4	-0.0119842
478.5	-0.012036
478.6	-0.0120896
478.7	-0.0121479
478.8	-0.0122027
478.9	-0.0122581
479	-0.0123133
479.1	-0.012371
479.2	-0.0124293
479.3	-0.0124885
479.4	-0.0125513
479.5	-0.0126126
479.6	-0.0126733
479.7	-0.0127348
479.8	-0.0127953
479.9	-0.012854
480	-0.012909
480.1	-0.0129604
480.2	-0.0130124
480.3	-0.0130687
480.4	-0.013128
480.5	-0.0131878
480.6	-0.0132448
480.7	-0.0133022
480.8	-0.0133584
480.9	-0.0134083
481	-0.0134507
481.1	-0.0134941
481.2	-0.0135361
481.3	-0.0135759
481.4	-0.0136149
481.5	-0.0136531
481.6	-0.0136884
481.7	-0.0137257
481.8	-0.0137677
481.9	-0.0138129
482	-0.0138594
482.1	-0.0139054
482.2	-0.0139456
482.3	-0.0139822
482.4	-0.0140161
482.5	-0.0140491
482.6	-0.014079
482.7	-0.0141109
482.8	-0.0141378
482.9	-0.0141648
483	-0.014193
483.1	-0.0142193
483.2	-0.0142468
483.3	-0.014274
483.4	-0.0142985
483.5	-0.0143212
483.6	-0.0143427
483.7	-0.0143645
483.8	-0.0143897
483.9	-0.014414
484	-0.0144379
484.1	-0.0144626
484.2	-0.0144862
484.3	-0.014511
484.4	-0.0145383
484.5	-0.0145683
484.6	-0.014599
484.7	-0.0146305
484.8	-0.0146626
484.9	-0.0146935
485	-0.0147293
485.1	-0.0147707
485.2	-0.0148139
485.3	-0.0148553
485.4	-0.0148937
485.5	-0.0149257
485.6	-0.0149552
485.7	-0.0149824
485.8	-0.0150124
485.9	-0.0150457
486	-0.0150792
486.1	-0.0151155
486.2	-0.0151566
486.3	-0.0151983
486.4	-0.0152399
486.5	-0.0152807
486.6	-0.0153181
486.7	-0.015356
486.8	-0.0153951
486.9	-0.0154304
487	-0.015464
487.1	-0.0154985
487.2	-0.0155348
487.3	-0.0155764
487.4	-0.0156147
487.5	-0.0156486
487.6	-0.0156781
487.7	-0.0157061
487.8	-0.0157382
487.9	-0.0157667
488	-0.0157972
488.1	-0.015827
488.2	-0.0158566
488.3	-0.0158834
488.4	-0.0159049
488.5	-0.0159217
488.6	-0.0159419
488.7	-0.0159622
488.8	-0.0159804
488.9	-0.0159949
489	-0.016011
489.1	-0.0160265
489.2	-0.0160372
489.3	-0.0160431
489.4	-0.016049
489.5	-0.0160559
489.6	-0.0160604
489.7	-0.0160592
489.8	-0.0160585
489.9	-0.0160615
490	-0.0160655
490.1	-0.0160668
490.2	-0.0160651
490.3	-0.0160607
490.4	-0.0160504
490.5	-0.0160417
490.6	-0.0160321
490.7	-0.0160254
490.8	-0.0160197
490.9	-0.0160117
491	-0.0159989
491.1	-0.0159849
491.2	-0.0159681
491.3	-0.0159528
491.4	-0.0159412
491.5	-0.0159368
491.6	-0.0159336
491.7	-0.0159307
491.8	-0.0159278
491.9	-0.0159258
492	-0.015928
492.1	-0.015938
492.2	-0.0159555
492.3	-0.0159767
492.4	-0.0159929
492.5	-0.0160108
492.6	-0.0160308
492.7	-0.0160524
492.8	-0.0160779
492.9	-0.016103
493	-0.0161273
493.1	-0.0161512
493.2	-0.0161739
493.3	-0.0161966
493.4	-0.0162194
493.5	-0.0162492
493.6	-0.0162821
493.7	-0.0163187
493.8	-0.0163564
493.9	-0.0163963
494	-0.0164369
494.1	-0.0164826
494.2	-0.0165323
494.3	-0.016581
494.4	-0.0166337
494.5	-0.0166911
494.6	-0.0167477
494.7	-0.0168013
494.8	-0.016855
494.9	-0.0169067
495	-0.0169575
495.1	-0.017004
495.2	-0.0170471
495.3	-0.0170879
495.4	-0.0171264
495.5	-0.0171648
495.6	-0.0172011
495.7	-0.0172378
495.8	-0.0172753
495.9	-0.0173115
496	-0.017353
496.1	-0.0173969
496.2	-0.0174355
496.3	-0.0174751
496.4	-0.0175151
496.5	-0.017554
496.6	-0.01759
496.7	-0.0176274
496.8	-0.0176642
496.9	-0.0177002
497	-0.0177403
497.1	-0.0177757
497.2	-0.0178069
497.3	-0.0178334
497.4	-0.0178595
497.5	-0.0178813
497.6	-0.0178993
497.7	-0.017916
497.8	-0.017932
497.9	-0.0179455
498	-0.0179573
498.1	-0.0179709
498.2	-0.0179801
498.3	-0.0179903
498.4	-0.0179943
498.5	-0.0179996
498.6	-0.0179997
498.7	-0.0179978
498.8	-0.0179917
498.9	-0.0179867
499	-0.0179785
499.1	-0.0179699
499.2	-0.0179594
499.3	-0.0179429
499.4	-0.0179193
499.5	-0.0178972
499.6	-0.0178793
499.7	-0.0178586
499.8	-0.0178425
499.9	-0.0178285
500	-0.017818
