LagTime	Correlation

0	3.58032
0.1	3.57531
0.2	3.56783
0.3	3.55977
0.4	3.5516
0.5	3.54344
0.6	3.53532
0.7	3.52726
0.8	3.51924
0.9	3.51127
1	3.50335
1.1	3.49548
1.2	3.48766
1.3	3.47988
1.4	3.47215
1.5	3.46448
1.6	3.45684
1.7	3.44926
1.8	3.44172
1.9	3.43422
2	3.42677
2.1	3.41937
2.2	3.412
2.3	3.40468
2.4	3.3974
2.5	3.39015
2.6	3.38296
2.7	3.37581
2.8	3.36869
2.9	3.36161
3	3.35457
3.1	3.34757
3.2	3.34061
3.3	3.3337
3.4	3.32683
3.5	3.31999
3.6	3.3132
3.7	3.30644
3.8	3.29972
3.9	3.29302
4	3.28636
4.1	3.27973
4.2	3.27313
4.3	3.26656
4.4	3.26003
4.5	3.25352
4.6	3.24705
4.7	3.24061
4.8	3.2342
4.9	3.22782
5	3.22148
5.1	3.21515
5.2	3.20886
5.3	3.2026
5.4	3.19637
5.5	3.19016
5.6	3.18398
5.7	3.17783
5.8	3.17169
5.9	3.16558
6	3.1595
6.1	3.15344
6.2	3.1474
6.3	3.14138
6.4	3.13539
6.5	3.12943
6.6	3.12349
6.7	3.11758
6.8	3.1117
6.9	3.10583
7	3.09999
7.1	3.09417
7.2	3.08837
7.3	3.08259
7.4	3.07683
7.5	3.07109
7.6	3.06538
7.7	3.05969
7.8	3.05402
7.9	3.04836
8	3.04272
8.1	3.03711
8.2	3.03151
8.3	3.02593
8.4	3.02037
8.5	3.01483
8.6	3.00931
8.7	3.00379
8.8	2.9983
8.9	2.99282
9	2.98736
9.1	2.98192
9.2	2.9765
9.3	2.9711
9.4	2.96572
9.5	2.96036
9.6	2.95503
9.7	2.94971
9.8	2.94442
9.9	2.93914
10	2.93388
10.1	2.92864
10.2	2.92342
10.3	2.91821
10.4	2.91301
10.5	2.90783
10.6	2.90267
10.7	2.89752
10.8	2.89238
10.9	2.88725
11	2.88214
11.1	2.87705
11.2	2.87199
11.3	2.86696
11.4	2.86194
11.5	2.85695
11.6	2.85197
11.7	2.84701
11.8	2.84206
11.9	2.83713
12	2.83222
12.1	2.82733
12.2	2.82245
12.3	2.81759
12.4	2.81276
12.5	2.80794
12.6	2.80313
12.7	2.79834
12.8	2.79356
12.9	2.78879
13	2.78402
13.1	2.77928
13.2	2.77454
13.3	2.76982
13.4	2.76511
13.5	2.76042
13.6	2.75573
13.7	2.75106
13.8	2.74639
13.9	2.74174
14	2.7371
14.1	2.73247
14.2	2.72786
14.3	2.72325
14.4	2.71867
14.5	2.71409
14.6	2.70953
14.7	2.70496
14.8	2.70041
14.9	2.69586
15	2.69132
15.1	2.68679
15.2	2.68228
15.3	2.67779
15.4	2.6733
15.5	2.66882
15.6	2.66436
15.7	2.65991
15.8	2.65547
15.9	2.65103
16	2.64661
16.1	2.64219
16.2	2.63778
16.3	2.63339
16.4	2.62901
16.5	2.62464
16.6	2.62027
16.7	2.61591
16.8	2.61156
16.9	2.60721
17	2.60288
17.1	2.59856
17.2	2.59425
17.3	2.58995
17.4	2.58567
17.5	2.58139
17.6	2.57711
17.7	2.57285
17.8	2.5686
17.9	2.56435
18	2.56012
18.1	2.55589
18.2	2.55166
18.3	2.54744
18.4	2.54322
18.5	2.539
18.6	2.53479
18.7	2.53059
18.8	2.5264
18.9	2.52221
19	2.51803
19.1	2.51385
19.2	2.50969
19.3	2.50553
19.4	2.50138
19.5	2.49723
19.6	2.4931
19.7	2.48898
19.8	2.48487
19.9	2.48077
20	2.47667
20.1	2.47259
20.2	2.46852
20.3	2.46446
20.4	2.46041
20.5	2.45638
20.6	2.45235
20.7	2.44833
20.8	2.44433
20.9	2.44033
21	2.43634
21.1	2.43235
21.2	2.42838
21.3	2.42442
21.4	2.42046
21.5	2.41651
21.6	2.41257
21.7	2.40864
21.8	2.40473
21.9	2.40082
22	2.39691
22.1	2.39302
22.2	2.38914
22.3	2.38526
22.4	2.3814
22.5	2.37755
22.6	2.3737
22.7	2.36986
22.8	2.36603
22.9	2.36221
23	2.3584
23.1	2.35459
23.2	2.35078
23.3	2.34698
23.4	2.34318
23.5	2.33938
23.6	2.33559
23.7	2.33182
23.8	2.32805
23.9	2.32429
24	2.32053
24.1	2.31678
24.2	2.31304
24.3	2.30931
24.4	2.30558
24.5	2.30185
24.6	2.29814
24.7	2.29442
24.8	2.29072
24.9	2.28702
25	2.28333
25.1	2.27964
25.2	2.27595
25.3	2.27227
25.4	2.2686
25.5	2.26493
25.6	2.26127
25.7	2.25761
25.8	2.25395
25.9	2.2503
26	2.24666
26.1	2.24301
26.2	2.23937
26.3	2.23572
26.4	2.23209
26.5	2.22845
26.6	2.22483
26.7	2.22121
26.8	2.2176
26.9	2.214
27	2.21042
27.1	2.20684
27.2	2.20327
27.3	2.1997
27.4	2.19615
27.5	2.19261
27.6	2.18907
27.7	2.18554
27.8	2.18201
27.9	2.17849
28	2.17497
28.1	2.17146
28.2	2.16795
28.3	2.16445
28.4	2.16096
28.5	2.15746
28.6	2.15397
28.7	2.15049
28.8	2.14701
28.9	2.14355
29	2.14009
29.1	2.13663
29.2	2.13318
29.3	2.12974
29.4	2.1263
29.5	2.12287
29.6	2.11945
29.7	2.11604
29.8	2.11263
29.9	2.10924
30	2.10587
30.1	2.1025
30.2	2.09914
30.3	2.09579
30.4	2.09245
30.5	2.08911
30.6	2.08577
30.7	2.08245
30.8	2.07914
30.9	2.07584
31	2.07255
31.1	2.06927
31.2	2.066
31.3	2.06274
31.4	2.05948
31.5	2.05623
31.6	2.05298
31.7	2.04975
31.8	2.04651
31.9	2.04329
32	2.04007
32.1	2.03686
32.2	2.03365
32.3	2.03044
32.4	2.02722
32.5	2.02402
32.6	2.02082
32.7	2.01762
32.8	2.01443
32.9	2.01124
33	2.00806
33.1	2.00488
33.2	2.0017
33.3	1.99852
33.4	1.99535
33.5	1.99218
33.6	1.98902
33.7	1.98586
33.8	1.98271
33.9	1.97956
34	1.97641
34.1	1.97327
34.2	1.97014
34.3	1.96701
34.4	1.96389
34.5	1.96078
34.6	1.95768
34.7	1.95458
34.8	1.95148
34.9	1.94838
35	1.94529
35.1	1.9422
35.2	1.93912
35.3	1.93604
35.4	1.93298
35.5	1.92992
35.6	1.92688
35.7	1.92383
35.8	1.92079
35.9	1.91776
36	1.91473
36.1	1.91171
36.2	1.90868
36.3	1.90567
36.4	1.90265
36.5	1.89965
36.6	1.89665
36.7	1.89365
36.8	1.89066
36.9	1.88768
37	1.8847
37.1	1.88172
37.2	1.87874
37.3	1.87578
37.4	1.87281
37.5	1.86985
37.6	1.86689
37.7	1.86393
37.8	1.86098
37.9	1.85803
38	1.85508
38.1	1.85215
38.2	1.84921
38.3	1.84629
38.4	1.84336
38.5	1.84045
38.6	1.83754
38.7	1.83464
38.8	1.83175
38.9	1.82886
39	1.82598
39.1	1.8231
39.2	1.82023
39.3	1.81736
39.4	1.81449
39.5	1.81163
39.6	1.80877
39.7	1.80591
39.8	1.80306
39.9	1.80022
40	1.79739
40.1	1.79455
40.2	1.79172
40.3	1.78889
40.4	1.78606
40.5	1.78324
40.6	1.78042
40.7	1.77761
40.8	1.7748
40.9	1.77199
41	1.76919
41.1	1.76639
41.2	1.76359
41.3	1.76081
41.4	1.75803
41.5	1.75526
41.6	1.75249
41.7	1.74974
41.8	1.74698
41.9	1.74424
42	1.74149
42.1	1.73875
42.2	1.73603
42.3	1.73331
42.4	1.73058
42.5	1.72786
42.6	1.72514
42.7	1.72242
42.8	1.71971
42.9	1.717
43	1.71431
43.1	1.71163
43.2	1.70894
43.3	1.70627
43.4	1.7036
43.5	1.70093
43.6	1.69827
43.7	1.69561
43.8	1.69295
43.9	1.69029
44	1.68764
44.1	1.685
44.2	1.68235
44.3	1.6797
44.4	1.67706
44.5	1.67442
44.6	1.67179
44.7	1.66916
44.8	1.66653
44.9	1.66391
45	1.66128
45.1	1.65866
45.2	1.65604
45.3	1.65342
45.4	1.6508
45.5	1.64819
45.6	1.64559
45.7	1.64299
45.8	1.64039
45.9	1.63779
46	1.6352
46.1	1.6326
46.2	1.63001
46.3	1.62742
46.4	1.62484
46.5	1.62226
46.6	1.61969
46.7	1.61713
46.8	1.61457
46.9	1.61203
47	1.60949
47.1	1.60696
47.2	1.60444
47.3	1.60191
47.4	1.59939
47.5	1.59687
47.6	1.59436
47.7	1.59186
47.8	1.58937
47.9	1.58687
48	1.58438
48.1	1.58188
48.2	1.57939
48.3	1.57689
48.4	1.5744
48.5	1.57191
48.6	1.56942
48.7	1.56694
48.8	1.56446
48.9	1.56198
49	1.55952
49.1	1.55705
49.2	1.55459
49.3	1.55213
49.4	1.54969
49.5	1.54724
49.6	1.5448
49.7	1.54236
49.8	1.53993
49.9	1.53749
50	1.53506
50.1	1.53263
50.2	1.5302
50.3	1.52778
50.4	1.52536
50.5	1.52295
50.6	1.52053
50.7	1.51812
50.8	1.51571
50.9	1.51331
51	1.51091
51.1	1.50851
51.2	1.50611
51.3	1.50372
51.4	1.50133
51.5	1.49894
51.6	1.49655
51.7	1.49417
51.8	1.4918
51.9	1.48943
52	1.48707
52.1	1.48472
52.2	1.48236
52.3	1.48001
52.4	1.47765
52.5	1.4753
52.6	1.47295
52.7	1.4706
52.8	1.46826
52.9	1.46593
53	1.46359
53.1	1.46126
53.2	1.45892
53.3	1.45659
53.4	1.45427
53.5	1.45195
53.6	1.44963
53.7	1.44732
53.8	1.44501
53.9	1.4427
54	1.4404
54.1	1.43811
54.2	1.43583
54.3	1.43355
54.4	1.43129
54.5	1.42903
54.6	1.42677
54.7	1.42453
54.8	1.42228
54.9	1.42003
55	1.41779
55.1	1.41555
55.2	1.41331
55.3	1.41108
55.4	1.40884
55.5	1.40661
55.6	1.40438
55.7	1.40216
55.8	1.39994
55.9	1.39772
56	1.3955
56.1	1.39328
56.2	1.39107
56.3	1.38887
56.4	1.38668
56.5	1.38448
56.6	1.38228
56.7	1.38007
56.8	1.37787
56.9	1.37567
57	1.37347
57.1	1.37129
57.2	1.3691
57.3	1.36693
57.4	1.36475
57.5	1.36258
57.6	1.36041
57.7	1.35823
57.8	1.35606
57.9	1.35389
58	1.35173
58.1	1.34956
58.2	1.34741
58.3	1.34527
58.4	1.34313
58.5	1.341
58.6	1.33888
58.7	1.33676
58.8	1.33464
58.9	1.33252
59	1.33042
59.1	1.32832
59.2	1.32622
59.3	1.32412
59.4	1.32203
59.5	1.31994
59.6	1.31785
59.7	1.31576
59.8	1.31368
59.9	1.31159
60	1.3095
60.1	1.30741
60.2	1.30532
60.3	1.30324
60.4	1.30116
60.5	1.29908
60.6	1.29701
60.7	1.29495
60.8	1.29288
60.9	1.29082
61	1.28877
61.1	1.28671
61.2	1.28466
61.3	1.28261
61.4	1.28056
61.5	1.27851
61.6	1.27646
61.7	1.27442
61.8	1.27238
61.9	1.27034
62	1.26831
62.1	1.26628
62.2	1.26425
62.3	1.26223
62.4	1.26022
62.5	1.25821
62.6	1.25621
62.7	1.25421
62.8	1.25221
62.9	1.25022
63	1.24822
63.1	1.24623
63.2	1.24423
63.3	1.24224
63.4	1.24025
63.5	1.23825
63.6	1.23626
63.7	1.23427
63.8	1.23229
63.9	1.23032
64	1.22834
64.1	1.22637
64.2	1.22439
64.3	1.22242
64.4	1.22045
64.5	1.21849
64.6	1.21653
64.7	1.21457
64.8	1.21261
64.9	1.21066
65	1.20871
65.1	1.20676
65.2	1.2048
65.3	1.20285
65.4	1.20091
65.5	1.19896
65.6	1.19702
65.7	1.19508
65.8	1.19315
65.9	1.19121
66	1.18928
66.1	1.18735
66.2	1.18543
66.3	1.18351
66.4	1.1816
66.5	1.17969
66.6	1.17777
66.7	1.17586
66.8	1.17395
66.9	1.17204
67	1.17014
67.1	1.16823
67.2	1.16632
67.3	1.16442
67.4	1.16252
67.5	1.16062
67.6	1.15873
67.7	1.15684
67.8	1.15497
67.9	1.15309
68	1.15122
68.1	1.14936
68.2	1.1475
68.3	1.14564
68.4	1.14379
68.5	1.14194
68.6	1.1401
68.7	1.13826
68.8	1.13643
68.9	1.13461
69	1.13279
69.1	1.13097
69.2	1.12916
69.3	1.12735
69.4	1.12554
69.5	1.12373
69.6	1.12191
69.7	1.1201
69.8	1.1183
69.9	1.11649
70	1.11469
70.1	1.1129
70.2	1.11111
70.3	1.10932
70.4	1.10753
70.5	1.10575
70.6	1.10397
70.7	1.10219
70.8	1.10041
70.9	1.09864
71	1.09688
71.1	1.09512
71.2	1.09337
71.3	1.09162
71.4	1.08988
71.5	1.08814
71.6	1.08641
71.7	1.08468
71.8	1.08294
71.9	1.08121
72	1.07948
72.1	1.07775
72.2	1.07603
72.3	1.0743
72.4	1.07258
72.5	1.07087
72.6	1.06915
72.7	1.06744
72.8	1.06572
72.9	1.064
73	1.06229
73.1	1.06058
73.2	1.05887
73.3	1.05716
73.4	1.05545
73.5	1.05375
73.6	1.05205
73.7	1.05035
73.8	1.04866
73.9	1.04696
74	1.04528
74.1	1.04359
74.2	1.0419
74.3	1.04021
74.4	1.03852
74.5	1.03684
74.6	1.03515
74.7	1.03348
74.8	1.03181
74.9	1.03015
75	1.0285
75.1	1.02685
75.2	1.02521
75.3	1.02356
75.4	1.02191
75.5	1.02027
75.6	1.01863
75.7	1.01699
75.8	1.01535
75.9	1.0137
76	1.01206
76.1	1.01043
76.2	1.00879
76.3	1.00714
76.4	1.0055
76.5	1.00386
76.6	1.00223
76.7	1.0006
76.8	0.998968
76.9	0.997347
77	0.99573
77.1	0.994112
77.2	0.9925
77.3	0.990889
77.4	0.989281
77.5	0.987676
77.6	0.986074
77.7	0.984477
77.8	0.982887
77.9	0.981298
78	0.979712
78.1	0.978132
78.2	0.976554
78.3	0.974974
78.4	0.973396
78.5	0.971823
78.6	0.970254
78.7	0.96869
78.8	0.967126
78.9	0.965561
79	0.963999
79.1	0.962442
79.2	0.960887
79.3	0.95933
79.4	0.957773
79.5	0.956214
79.6	0.95466
79.7	0.953107
79.8	0.951551
79.9	0.949992
80	0.948432
80.1	0.946873
80.2	0.945318
80.3	0.943767
80.4	0.942222
80.5	0.94068
80.6	0.939141
80.7	0.937599
80.8	0.936057
80.9	0.934518
81	0.932989
81.1	0.931471
81.2	0.92996
81.3	0.928456
81.4	0.92695
81.5	0.925447
81.6	0.923945
81.7	0.922444
81.8	0.920942
81.9	0.919449
82	0.917967
82.1	0.916492
82.2	0.915021
82.3	0.913554
82.4	0.912089
82.5	0.910625
82.6	0.909159
82.7	0.907694
82.8	0.906228
82.9	0.904764
83	0.903304
83.1	0.901845
83.2	0.900388
83.3	0.898929
83.4	0.89747
83.5	0.896011
83.6	0.894561
83.7	0.893113
83.8	0.891668
83.9	0.890223
84	0.888785
84.1	0.887355
84.2	0.88593
84.3	0.884507
84.4	0.883086
84.5	0.881663
84.6	0.880247
84.7	0.878836
84.8	0.877431
84.9	0.876026
85	0.874626
85.1	0.873233
85.2	0.871845
85.3	0.870463
85.4	0.869082
85.5	0.8677
85.6	0.866319
85.7	0.864936
85.8	0.863551
85.9	0.862164
86	0.860773
86.1	0.859384
86.2	0.857995
86.3	0.856612
86.4	0.855229
86.5	0.853852
86.6	0.852478
86.7	0.851104
86.8	0.849729
86.9	0.848353
87	0.84698
87.1	0.845609
87.2	0.844241
87.3	0.842877
87.4	0.841513
87.5	0.840146
87.6	0.838777
87.7	0.83741
87.8	0.836039
87.9	0.834668
88	0.833297
88.1	0.831926
88.2	0.83056
88.3	0.8292
88.4	0.827845
88.5	0.826495
88.6	0.82515
88.7	0.823806
88.8	0.822463
88.9	0.82112
89	0.819782
89.1	0.818449
89.2	0.81712
89.3	0.815791
89.4	0.814457
89.5	0.813119
89.6	0.811785
89.7	0.810459
89.8	0.809139
89.9	0.807821
90	0.806513
90.1	0.805206
90.2	0.803902
90.3	0.802591
90.4	0.801276
90.5	0.799955
90.6	0.798629
90.7	0.797299
90.8	0.795969
90.9	0.794633
91	0.793297
91.1	0.791962
91.2	0.790627
91.3	0.789297
91.4	0.787971
91.5	0.786646
91.6	0.785322
91.7	0.783999
91.8	0.782677
91.9	0.78135
92	0.780026
92.1	0.778705
92.2	0.777388
92.3	0.776075
92.4	0.774772
92.5	0.77347
92.6	0.772174
92.7	0.770881
92.8	0.76959
92.9	0.768302
93	0.767014
93.1	0.765725
93.2	0.764436
93.3	0.763148
93.4	0.761859
93.5	0.760572
93.6	0.759287
93.7	0.758001
93.8	0.756713
93.9	0.75543
94	0.754148
94.1	0.752866
94.2	0.751592
94.3	0.750325
94.4	0.749064
94.5	0.747808
94.6	0.746551
94.7	0.745294
94.8	0.74404
94.9	0.742791
95	0.74155
95.1	0.740314
95.2	0.739085
95.3	0.737857
95.4	0.736627
95.5	0.735392
95.6	0.734161
95.7	0.732933
95.8	0.731705
95.9	0.730477
96	0.729251
96.1	0.72803
96.2	0.726814
96.3	0.725601
96.4	0.724393
96.5	0.723182
96.6	0.721974
96.7	0.720769
96.8	0.719566
96.9	0.718369
97	0.717178
97.1	0.715983
97.2	0.714787
97.3	0.713592
97.4	0.7124
97.5	0.711208
97.6	0.710019
97.7	0.708831
97.8	0.707647
97.9	0.706463
98	0.705281
98.1	0.704101
98.2	0.702925
98.3	0.701753
98.4	0.700586
98.5	0.699426
98.6	0.698272
98.7	0.697127
98.8	0.695987
98.9	0.694848
99	0.693712
99.1	0.692581
99.2	0.691454
99.3	0.690326
99.4	0.689202
99.5	0.688081
99.6	0.686962
99.7	0.685843
99.8	0.684726
99.9	0.683611
100	0.682501
100.1	0.681396
100.2	0.6803
100.3	0.67921
100.4	0.678125
100.5	0.677054
100.6	0.675992
100.7	0.674938
100.8	0.673889
100.9	0.672844
101	0.671801
101.1	0.67076
101.2	0.669723
101.3	0.668693
101.4	0.667666
101.5	0.666645
101.6	0.665628
101.7	0.664614
101.8	0.663607
101.9	0.662599
102	0.661592
102.1	0.660587
102.2	0.659582
102.3	0.658577
102.4	0.657573
102.5	0.65657
102.6	0.655569
102.7	0.654568
102.8	0.653562
102.9	0.652553
103	0.651545
103.1	0.65054
103.2	0.649534
103.3	0.648532
103.4	0.647533
103.5	0.646538
103.6	0.645546
103.7	0.644559
103.8	0.64357
103.9	0.642577
104	0.641582
104.1	0.640586
104.2	0.639589
104.3	0.638596
104.4	0.637606
104.5	0.636618
104.6	0.635633
104.7	0.634647
104.8	0.63366
104.9	0.632679
105	0.631701
105.1	0.630723
105.2	0.629741
105.3	0.628751
105.4	0.62775
105.5	0.626743
105.6	0.62573
105.7	0.624715
105.8	0.623701
105.9	0.622686
106	0.621668
106.1	0.620651
106.2	0.619637
106.3	0.618623
106.4	0.617604
106.5	0.616586
106.6	0.615566
106.7	0.614546
106.8	0.613528
106.9	0.612519
107	0.611516
107.1	0.610518
107.2	0.609518
107.3	0.608516
107.4	0.607516
107.5	0.60652
107.6	0.605526
107.7	0.604528
107.8	0.603531
107.9	0.60254
108	0.601551
108.1	0.60056
108.2	0.599565
108.3	0.59858
108.4	0.597602
108.5	0.596627
108.6	0.595657
108.7	0.594689
108.8	0.593721
108.9	0.592748
109	0.591776
109.1	0.590806
109.2	0.589842
109.3	0.588882
109.4	0.587926
109.5	0.586967
109.6	0.586008
109.7	0.585047
109.8	0.584083
109.9	0.583117
110	0.582153
110.1	0.58119
110.2	0.580226
110.3	0.579263
110.4	0.578304
110.5	0.577346
110.6	0.576388
110.7	0.575435
110.8	0.574487
110.9	0.573544
111	0.572605
111.1	0.571668
111.2	0.570735
111.3	0.569808
111.4	0.568888
111.5	0.567977
111.6	0.567069
111.7	0.566163
111.8	0.565258
111.9	0.564359
112	0.563459
112.1	0.562562
112.2	0.561668
112.3	0.560776
112.4	0.559885
112.5	0.558994
112.6	0.558103
112.7	0.557218
112.8	0.556337
112.9	0.555458
113	0.554577
113.1	0.553694
113.2	0.552807
113.3	0.551921
113.4	0.551041
113.5	0.550165
113.6	0.549285
113.7	0.548401
113.8	0.547509
113.9	0.54662
114	0.54573
114.1	0.54484
114.2	0.543946
114.3	0.543047
114.4	0.54215
114.5	0.54126
114.6	0.540378
114.7	0.539499
114.8	0.538619
114.9	0.537736
115	0.536859
115.1	0.535989
115.2	0.535121
115.3	0.534257
115.4	0.533395
115.5	0.532539
115.6	0.531682
115.7	0.530822
115.8	0.529956
115.9	0.52909
116	0.528221
116.1	0.527348
116.2	0.526474
116.3	0.525598
116.4	0.524721
116.5	0.523846
116.6	0.522972
116.7	0.522102
116.8	0.521242
116.9	0.52039
117	0.519539
117.1	0.518683
117.2	0.517822
117.3	0.516958
117.4	0.516092
117.5	0.515232
117.6	0.514374
117.7	0.51352
117.8	0.512665
117.9	0.51181
118	0.510958
118.1	0.510105
118.2	0.509255
118.3	0.508411
118.4	0.50757
118.5	0.506735
118.6	0.505902
118.7	0.505074
118.8	0.50425
118.9	0.503432
119	0.502621
119.1	0.501819
119.2	0.501021
119.3	0.500225
119.4	0.499431
119.5	0.498637
119.6	0.497844
119.7	0.49705
119.8	0.496256
119.9	0.495461
120	0.494667
120.1	0.493874
120.2	0.493085
120.3	0.492294
120.4	0.491502
120.5	0.490708
120.6	0.489914
120.7	0.489117
120.8	0.488318
120.9	0.487514
121	0.486709
121.1	0.485905
121.2	0.485101
121.3	0.484298
121.4	0.483488
121.5	0.482681
121.6	0.481875
121.7	0.481075
121.8	0.480272
121.9	0.479471
122	0.478672
122.1	0.477872
122.2	0.477076
122.3	0.476283
122.4	0.475487
122.5	0.474691
122.6	0.473898
122.7	0.473107
122.8	0.472319
122.9	0.47153
123	0.470739
123.1	0.469945
123.2	0.469147
123.3	0.468348
123.4	0.467553
123.5	0.466759
123.6	0.465958
123.7	0.465151
123.8	0.46434
123.9	0.463522
124	0.462699
124.1	0.461875
124.2	0.461055
124.3	0.460238
124.4	0.459425
124.5	0.458612
124.6	0.457798
124.7	0.456987
124.8	0.456177
124.9	0.455365
125	0.454559
125.1	0.453756
125.2	0.452954
125.3	0.452153
125.4	0.451353
125.5	0.450558
125.6	0.449765
125.7	0.448981
125.8	0.448202
125.9	0.447425
126	0.446655
126.1	0.445894
126.2	0.445138
126.3	0.444382
126.4	0.443627
126.5	0.442869
126.6	0.442112
126.7	0.441353
126.8	0.440595
126.9	0.439839
127	0.439084
127.1	0.438334
127.2	0.437588
127.3	0.436844
127.4	0.436103
127.5	0.435362
127.6	0.434625
127.7	0.433893
127.8	0.433161
127.9	0.432426
128	0.43169
128.1	0.430955
128.2	0.430222
128.3	0.429486
128.4	0.428751
128.5	0.428018
128.6	0.427281
128.7	0.426539
128.8	0.425795
128.9	0.425047
129	0.424301
129.1	0.423561
129.2	0.422825
129.3	0.422087
129.4	0.421351
129.5	0.420617
129.6	0.419885
129.7	0.419151
129.8	0.418417
129.9	0.417687
130	0.416957
130.1	0.416224
130.2	0.415491
130.3	0.414759
130.4	0.414024
130.5	0.413289
130.6	0.412557
130.7	0.411824
130.8	0.411089
130.9	0.410355
131	0.409623
131.1	0.408893
131.2	0.408166
131.3	0.407446
131.4	0.406739
131.5	0.406042
131.6	0.405353
131.7	0.404666
131.8	0.40398
131.9	0.40329
132	0.402602
132.1	0.401916
132.2	0.40123
132.3	0.400543
132.4	0.399858
132.5	0.399175
132.6	0.398495
132.7	0.397815
132.8	0.397137
132.9	0.396463
133	0.39579
133.1	0.395116
133.2	0.394442
133.3	0.393767
133.4	0.393091
133.5	0.392416
133.6	0.39174
133.7	0.391064
133.8	0.390385
133.9	0.389698
134	0.389007
134.1	0.388319
134.2	0.387628
134.3	0.386934
134.4	0.386239
134.5	0.385545
134.6	0.384851
134.7	0.38416
134.8	0.383476
134.9	0.382789
135	0.382107
135.1	0.38143
135.2	0.380763
135.3	0.3801
135.4	0.379442
135.5	0.378784
135.6	0.378126
135.7	0.377462
135.8	0.376793
135.9	0.376122
136	0.375454
136.1	0.374787
136.2	0.374117
136.3	0.373445
136.4	0.372768
136.5	0.372088
136.6	0.371407
136.7	0.370726
136.8	0.370046
136.9	0.369364
137	0.368683
137.1	0.368
137.2	0.367323
137.3	0.366652
137.4	0.365978
137.5	0.365304
137.6	0.36463
137.7	0.363955
137.8	0.363285
137.9	0.362615
138	0.361945
138.1	0.361278
138.2	0.360613
138.3	0.35995
138.4	0.359286
138.5	0.358623
138.6	0.357962
138.7	0.357299
138.8	0.356639
138.9	0.355981
139	0.355324
139.1	0.354666
139.2	0.354002
139.3	0.353332
139.4	0.352656
139.5	0.351977
139.6	0.351298
139.7	0.350618
139.8	0.349936
139.9	0.349251
140	0.348567
140.1	0.347888
140.2	0.347208
140.3	0.346525
140.4	0.345839
140.5	0.345152
140.6	0.34447
140.7	0.343795
140.8	0.343124
140.9	0.342453
141	0.341777
141.1	0.341096
141.2	0.340413
141.3	0.339728
141.4	0.339045
141.5	0.338362
141.6	0.33768
141.7	0.336999
141.8	0.336318
141.9	0.335635
142	0.334952
142.1	0.334273
142.2	0.3336
142.3	0.332936
142.4	0.332279
142.5	0.331621
142.6	0.330959
142.7	0.330299
142.8	0.329639
142.9	0.32898
143	0.328321
143.1	0.32766
143.2	0.327
143.3	0.326344
143.4	0.325689
143.5	0.32504
143.6	0.324391
143.7	0.323742
143.8	0.323091
143.9	0.322445
144	0.321803
144.1	0.32116
144.2	0.32052
144.3	0.31988
144.4	0.319238
144.5	0.318604
144.6	0.317977
144.7	0.317349
144.8	0.316725
144.9	0.316099
145	0.315469
145.1	0.314837
145.2	0.314207
145.3	0.313578
145.4	0.312945
145.5	0.312315
145.6	0.311685
145.7	0.311055
145.8	0.310423
145.9	0.309794
146	0.309167
146.1	0.308539
146.2	0.307913
146.3	0.307292
146.4	0.306677
146.5	0.306062
146.6	0.305445
146.7	0.304828
146.8	0.304217
146.9	0.303608
147	0.303002
147.1	0.302396
147.2	0.301788
147.3	0.30118
147.4	0.30057
147.5	0.299953
147.6	0.299335
147.7	0.298714
147.8	0.298097
147.9	0.29748
148	0.296862
148.1	0.296239
148.2	0.295614
148.3	0.294984
148.4	0.294354
148.5	0.293726
148.6	0.293099
148.7	0.292474
148.8	0.291852
148.9	0.291239
149	0.290631
149.1	0.290025
149.2	0.289418
149.3	0.288804
149.4	0.288183
149.5	0.287554
149.6	0.286923
149.7	0.2863
149.8	0.285689
149.9	0.285085
150	0.284486
150.1	0.283894
150.2	0.283305
150.3	0.28272
150.4	0.282138
150.5	0.281558
150.6	0.280984
150.7	0.280413
150.8	0.279848
150.9	0.279288
151	0.278739
151.1	0.278196
151.2	0.277658
151.3	0.27712
151.4	0.27658
151.5	0.27604
151.6	0.275501
151.7	0.274962
151.8	0.274425
151.9	0.273891
152	0.273361
152.1	0.272838
152.2	0.272316
152.3	0.271792
152.4	0.271268
152.5	0.270741
152.6	0.270212
152.7	0.269685
152.8	0.269155
152.9	0.26862
153	0.268085
153.1	0.267545
153.2	0.267002
153.3	0.266458
153.4	0.265919
153.5	0.265382
153.6	0.264847
153.7	0.264313
153.8	0.26378
153.9	0.263245
154	0.262715
154.1	0.262191
154.2	0.26167
154.3	0.261153
154.4	0.260636
154.5	0.260119
154.6	0.259604
154.7	0.259093
154.8	0.258583
154.9	0.258078
155	0.257574
155.1	0.257065
155.2	0.256547
155.3	0.256025
155.4	0.255502
155.5	0.254984
155.6	0.254468
155.7	0.253955
155.8	0.253444
155.9	0.252939
156	0.252436
156.1	0.251931
156.2	0.251422
156.3	0.250913
156.4	0.250402
156.5	0.249892
156.6	0.249383
156.7	0.248878
156.8	0.248377
156.9	0.247872
157	0.24737
157.1	0.246871
157.2	0.246378
157.3	0.24589
157.4	0.245404
157.5	0.244921
157.6	0.244437
157.7	0.243953
157.8	0.243467
157.9	0.242986
158	0.242505
158.1	0.242016
158.2	0.241519
158.3	0.241024
158.4	0.24053
158.5	0.240035
158.6	0.239538
158.7	0.239041
158.8	0.238541
158.9	0.23804
159	0.237531
159.1	0.237022
159.2	0.236519
159.3	0.23602
159.4	0.235522
159.5	0.235027
159.6	0.234535
159.7	0.234051
159.8	0.233568
159.9	0.233091
160	0.232619
160.1	0.23215
160.2	0.231678
160.3	0.231205
160.4	0.230727
160.5	0.230244
160.6	0.229761
160.7	0.229278
160.8	0.228795
160.9	0.228306
161	0.227817
161.1	0.227331
161.2	0.226847
161.3	0.226365
161.4	0.225885
161.5	0.225401
161.6	0.224918
161.7	0.224432
161.8	0.223943
161.9	0.223457
162	0.222985
162.1	0.222523
162.2	0.222065
162.3	0.221609
162.4	0.221153
162.5	0.220699
162.6	0.220248
162.7	0.219802
162.8	0.219358
162.9	0.21892
163	0.218485
163.1	0.218049
163.2	0.217613
163.3	0.217178
163.4	0.216746
163.5	0.216318
163.6	0.215894
163.7	0.215471
163.8	0.215049
163.9	0.21463
164	0.21421
164.1	0.213785
164.2	0.21336
164.3	0.212933
164.4	0.212508
164.5	0.212081
164.6	0.211657
164.7	0.21123
164.8	0.210799
164.9	0.210372
165	0.209947
165.1	0.209524
165.2	0.209102
165.3	0.208682
165.4	0.208265
165.5	0.207853
165.6	0.207441
165.7	0.207027
165.8	0.206611
165.9	0.206194
166	0.20578
166.1	0.205369
166.2	0.204962
166.3	0.204556
166.4	0.204144
166.5	0.203732
166.6	0.203324
166.7	0.202918
166.8	0.202513
166.9	0.202112
167	0.201709
167.1	0.201304
167.2	0.200895
167.3	0.20049
167.4	0.200091
167.5	0.199699
167.6	0.199308
167.7	0.198916
167.8	0.198524
167.9	0.198131
168	0.197734
168.1	0.19733
168.2	0.196922
168.3	0.196515
168.4	0.196113
168.5	0.195719
168.6	0.195331
168.7	0.194946
168.8	0.194564
168.9	0.194175
169	0.193782
169.1	0.193383
169.2	0.192981
169.3	0.192577
169.4	0.192171
169.5	0.191769
169.6	0.191376
169.7	0.190986
169.8	0.190599
169.9	0.190215
170	0.189836
170.1	0.189457
170.2	0.18908
170.3	0.188708
170.4	0.188341
170.5	0.187982
170.6	0.187625
170.7	0.187265
170.8	0.186904
170.9	0.186543
171	0.186185
171.1	0.185829
171.2	0.185477
171.3	0.185124
171.4	0.184771
171.5	0.184415
171.6	0.184057
171.7	0.183698
171.8	0.183338
171.9	0.182974
172	0.182611
172.1	0.182249
172.2	0.181888
172.3	0.181522
172.4	0.181154
172.5	0.180782
172.6	0.180409
172.7	0.180033
172.8	0.179657
172.9	0.179285
173	0.178916
173.1	0.178552
173.2	0.178188
173.3	0.177822
173.4	0.177451
173.5	0.177075
173.6	0.1767
173.7	0.176327
173.8	0.175957
173.9	0.175587
174	0.175216
174.1	0.174839
174.2	0.174458
174.3	0.174074
174.4	0.173692
174.5	0.173311
174.6	0.172933
174.7	0.172557
174.8	0.172178
174.9	0.171803
175	0.171431
175.1	0.171065
175.2	0.170707
175.3	0.170352
175.4	0.169996
175.5	0.169641
175.6	0.169284
175.7	0.168927
175.8	0.168574
175.9	0.168216
176	0.167855
176.1	0.167492
176.2	0.167131
176.3	0.16677
176.4	0.166411
176.5	0.166054
176.6	0.165698
176.7	0.165347
176.8	0.165004
176.9	0.164664
177	0.164318
177.1	0.163968
177.2	0.163622
177.3	0.163277
177.4	0.162938
177.5	0.162595
177.6	0.162255
177.7	0.161913
177.8	0.161568
177.9	0.161218
178	0.160869
178.1	0.160523
178.2	0.16019
178.3	0.159864
178.4	0.159539
178.5	0.159213
178.6	0.158886
178.7	0.158557
178.8	0.158225
178.9	0.15789
179	0.157554
179.1	0.157214
179.2	0.156873
179.3	0.156532
179.4	0.156194
179.5	0.155858
179.6	0.155519
179.7	0.155178
179.8	0.15484
179.9	0.154503
180	0.154172
180.1	0.153839
180.2	0.153509
180.3	0.15318
180.4	0.152848
180.5	0.152513
180.6	0.152175
180.7	0.151841
180.8	0.15151
180.9	0.151178
181	0.150846
181.1	0.150511
181.2	0.150177
181.3	0.149843
181.4	0.149508
181.5	0.149173
181.6	0.148839
181.7	0.148507
181.8	0.148175
181.9	0.147846
182	0.147519
182.1	0.147187
182.2	0.14685
182.3	0.146507
182.4	0.146164
182.5	0.145823
182.6	0.145481
182.7	0.145141
182.8	0.144804
182.9	0.144468
183	0.144133
183.1	0.143799
183.2	0.143469
183.3	0.143139
183.4	0.142805
183.5	0.142468
183.6	0.142133
183.7	0.141799
183.8	0.141468
183.9	0.141139
184	0.140808
184.1	0.14048
184.2	0.140154
184.3	0.139829
184.4	0.139503
184.5	0.139174
184.6	0.138843
184.7	0.138507
184.8	0.138174
184.9	0.137834
185	0.13749
185.1	0.137144
185.2	0.136797
185.3	0.136447
185.4	0.136097
185.5	0.135754
185.6	0.135412
185.7	0.135075
185.8	0.134741
185.9	0.13441
186	0.134082
186.1	0.133756
186.2	0.133427
186.3	0.133094
186.4	0.132757
186.5	0.132422
186.6	0.132087
186.7	0.131753
186.8	0.13142
186.9	0.131088
187	0.13076
187.1	0.130435
187.2	0.130112
187.3	0.129792
187.4	0.129472
187.5	0.129151
187.6	0.128831
187.7	0.128509
187.8	0.128193
187.9	0.12788
188	0.127575
188.1	0.12727
188.2	0.126965
188.3	0.126662
188.4	0.126365
188.5	0.126071
188.6	0.125779
188.7	0.12549
188.8	0.125202
188.9	0.124912
189	0.124617
189.1	0.124318
189.2	0.124016
189.3	0.123709
189.4	0.1234
189.5	0.123093
189.6	0.122787
189.7	0.122482
189.8	0.122178
189.9	0.121878
190	0.121575
190.1	0.121274
190.2	0.120972
190.3	0.120669
190.4	0.12037
190.5	0.120067
190.6	0.119765
190.7	0.119463
190.8	0.119163
190.9	0.118867
191	0.118577
191.1	0.118283
191.2	0.117995
191.3	0.11771
191.4	0.117423
191.5	0.117134
191.6	0.116844
191.7	0.116556
191.8	0.116266
191.9	0.115971
192	0.115675
192.1	0.115382
192.2	0.115091
192.3	0.114801
192.4	0.114513
192.5	0.114232
192.6	0.113952
192.7	0.113674
192.8	0.113394
192.9	0.113115
193	0.112836
193.1	0.112552
193.2	0.112263
193.3	0.111975
193.4	0.111682
193.5	0.111386
193.6	0.111085
193.7	0.110778
193.8	0.11047
193.9	0.110156
194	0.109843
194.1	0.109531
194.2	0.109211
194.3	0.108892
194.4	0.108577
194.5	0.108262
194.6	0.10795
194.7	0.107648
194.8	0.107351
194.9	0.107058
195	0.106767
195.1	0.106478
195.2	0.106189
195.3	0.105904
195.4	0.105627
195.5	0.105351
195.6	0.105072
195.7	0.104792
195.8	0.104509
195.9	0.10423
196	0.10395
196.1	0.103674
196.2	0.103395
196.3	0.103119
196.4	0.102842
196.5	0.102563
196.6	0.102286
196.7	0.102009
196.8	0.101733
196.9	0.101454
197	0.101166
197.1	0.100874
197.2	0.100583
197.3	0.1003
197.4	0.100023
197.5	0.0997454
197.6	0.0994665
197.7	0.0991914
197.8	0.0989193
197.9	0.0986463
198	0.0983717
198.1	0.0980952
198.2	0.0978175
198.3	0.0975429
198.4	0.0972729
198.5	0.0970038
198.6	0.0967397
198.7	0.0964804
198.8	0.0962209
198.9	0.0959618
199	0.0957035
199.1	0.0954398
199.2	0.0951759
199.3	0.0949066
199.4	0.0946352
199.5	0.0943651
199.6	0.0940979
199.7	0.0938335
199.8	0.0935709
199.9	0.0933103
200	0.0930496
200.1	0.0927905
200.2	0.0925367
200.3	0.0922878
200.4	0.0920406
200.5	0.0917961
200.6	0.0915539
200.7	0.0913112
200.8	0.0910674
200.9	0.0908194
201	0.0905732
201.1	0.090325
201.2	0.0900797
201.3	0.089836
201.4	0.0895894
201.5	0.0893419
201.6	0.0890938
201.7	0.088844
201.8	0.0885937
201.9	0.0883469
202	0.0880986
202.1	0.0878493
202.2	0.0875993
202.3	0.0873438
202.4	0.0870877
202.5	0.0868273
202.6	0.0865609
202.7	0.0862906
202.8	0.0860176
202.9	0.0857465
203	0.0854749
203.1	0.0852024
203.2	0.0849305
203.3	0.0846574
203.4	0.0843826
203.5	0.084101
203.6	0.0838149
203.7	0.0835217
203.8	0.0832228
203.9	0.0829131
204	0.082602
204.1	0.0822911
204.2	0.0819797
204.3	0.0816703
204.4	0.0813655
204.5	0.0810619
204.6	0.0807582
204.7	0.0804556
204.8	0.0801542
204.9	0.0798536
205	0.0795561
205.1	0.079257
205.2	0.0789632
205.3	0.0786759
205.4	0.0783919
205.5	0.0781126
205.6	0.0778404
205.7	0.0775711
205.8	0.0772992
205.9	0.0770268
206	0.0767577
206.1	0.0764914
206.2	0.0762275
206.3	0.0759604
206.4	0.0756955
206.5	0.0754325
206.6	0.0751725
206.7	0.0749149
206.8	0.0746541
206.9	0.0743929
207	0.0741327
207.1	0.0738782
207.2	0.0736253
207.3	0.0733721
207.4	0.0731195
207.5	0.0728675
207.6	0.0726193
207.7	0.0723753
207.8	0.0721341
207.9	0.0718907
208	0.0716498
208.1	0.0714114
208.2	0.0711762
208.3	0.0709468
208.4	0.0707145
208.5	0.0704819
208.6	0.0702458
208.7	0.0700077
208.8	0.0697719
208.9	0.0695355
209	0.0692992
209.1	0.0690674
209.2	0.0688422
209.3	0.0686241
209.4	0.0684085
209.5	0.0681936
209.6	0.0679783
209.7	0.0677673
209.8	0.0675625
209.9	0.0673629
210	0.0671669
210.1	0.0669742
210.2	0.0667844
210.3	0.0665964
210.4	0.0664103
210.5	0.0662237
210.6	0.066033
210.7	0.0658359
210.8	0.0656358
210.9	0.0654376
211	0.0652406
211.1	0.065042
211.2	0.0648435
211.3	0.0646432
211.4	0.0644392
211.5	0.064232
211.6	0.0640214
211.7	0.0638088
211.8	0.0635972
211.9	0.0633856
212	0.0631742
212.1	0.0629599
212.2	0.062742
212.3	0.0625223
212.4	0.0623026
212.5	0.0620775
212.6	0.0618482
212.7	0.0616206
212.8	0.0613977
212.9	0.0611807
213	0.0609631
213.1	0.0607403
213.2	0.0605158
213.3	0.0602926
213.4	0.0600652
213.5	0.0598361
213.6	0.059608
213.7	0.0593758
213.8	0.0591422
213.9	0.0589043
214	0.0586666
214.1	0.0584291
214.2	0.0581915
214.3	0.0579546
214.4	0.0577159
214.5	0.0574737
214.6	0.0572258
214.7	0.056972
214.8	0.0567176
214.9	0.0564611
215	0.0562042
215.1	0.0559502
215.2	0.0556985
215.3	0.0554477
215.4	0.0551978
215.5	0.054943
215.6	0.0546847
215.7	0.0544243
215.8	0.0541648
215.9	0.0539052
216	0.0536436
216.1	0.0533774
216.2	0.0531088
216.3	0.0528422
216.4	0.0525753
216.5	0.0523124
216.6	0.0520528
216.7	0.0517886
216.8	0.0515256
216.9	0.0512641
217	0.0510058
217.1	0.0507545
217.2	0.0505097
217.3	0.0502705
217.4	0.0500301
217.5	0.0497891
217.6	0.0495472
217.7	0.0493119
217.8	0.0490788
217.9	0.0488464
218	0.0486174
218.1	0.0483873
218.2	0.0481561
218.3	0.0479262
218.4	0.0476971
218.5	0.0474649
218.6	0.0472312
218.7	0.0469947
218.8	0.0467601
218.9	0.0465226
219	0.0462829
219.1	0.0460484
219.2	0.0458163
219.3	0.0455908
219.4	0.0453645
219.5	0.0451402
219.6	0.0449165
219.7	0.0446949
219.8	0.0444748
219.9	0.0442581
220	0.0440468
220.1	0.0438387
220.2	0.043629
220.3	0.0434172
220.4	0.0432113
220.5	0.0430127
220.6	0.0428192
220.7	0.0426275
220.8	0.0424362
220.9	0.0422412
221	0.0420512
221.1	0.0418687
221.2	0.0416925
221.3	0.0415218
221.4	0.0413543
221.5	0.0411937
221.6	0.0410395
221.7	0.0408845
221.8	0.0407268
221.9	0.0405694
222	0.0404108
222.1	0.0402543
222.2	0.0400995
222.3	0.0399478
222.4	0.0397973
222.5	0.039642
222.6	0.0394802
222.7	0.0393152
222.8	0.0391475
222.9	0.0389781
223	0.0388102
223.1	0.0386432
223.2	0.0384763
223.3	0.0383143
223.4	0.0381538
223.5	0.0379915
223.6	0.037827
223.7	0.0376655
223.8	0.0375054
223.9	0.0373421
224	0.0371731
224.1	0.0370023
224.2	0.0368332
224.3	0.0366654
224.4	0.0364962
224.5	0.0363269
224.6	0.0361547
224.7	0.0359762
224.8	0.0357918
224.9	0.035603
225	0.0354123
225.1	0.0352195
225.2	0.0350277
225.3	0.0348325
225.4	0.0346418
225.5	0.0344561
225.6	0.0342747
225.7	0.0340961
225.8	0.0339162
225.9	0.0337327
226	0.0335499
226.1	0.0333676
226.2	0.0331862
226.3	0.0330088
226.4	0.0328302
226.5	0.0326487
226.6	0.0324656
226.7	0.0322841
226.8	0.0320984
226.9	0.0319136
227	0.03173
227.1	0.0315479
227.2	0.0313652
227.3	0.0311855
227.4	0.0310041
227.5	0.0308272
227.6	0.0306468
227.7	0.0304647
227.8	0.0302816
227.9	0.0300998
228	0.0299209
228.1	0.0297416
228.2	0.0295622
228.3	0.029381
228.4	0.0291971
228.5	0.0290125
228.6	0.0288298
228.7	0.0286476
228.8	0.0284702
228.9	0.0283034
229	0.0281486
229.1	0.027999
229.2	0.0278457
229.3	0.0276888
229.4	0.0275299
229.5	0.0273748
229.6	0.0272203
229.7	0.0270658
229.8	0.0269165
229.9	0.0267682
230	0.0266199
230.1	0.0264731
230.2	0.0263228
230.3	0.0261721
230.4	0.0260227
230.5	0.0258769
230.6	0.0257303
230.7	0.0255831
230.8	0.0254313
230.9	0.0252765
231	0.0251165
231.1	0.0249528
231.2	0.0247867
231.3	0.0246196
231.4	0.0244522
231.5	0.0242802
231.6	0.0241083
231.7	0.0239363
231.8	0.0237725
231.9	0.0236124
232	0.0234493
232.1	0.0232804
232.2	0.0231045
232.3	0.0229257
232.4	0.0227445
232.5	0.02257
232.6	0.0223997
232.7	0.0222265
232.8	0.0220488
232.9	0.0218681
233	0.0216901
233.1	0.0215167
233.2	0.0213434
233.3	0.0211694
233.4	0.0209937
233.5	0.0208184
233.6	0.0206407
233.7	0.020465
233.8	0.0202923
233.9	0.0201175
234	0.0199417
234.1	0.0197644
234.2	0.0195802
234.3	0.0193978
234.4	0.0192116
234.5	0.0190223
234.6	0.0188282
234.7	0.0186343
234.8	0.0184382
234.9	0.0182428
235	0.0180549
235.1	0.01787
235.2	0.0176869
235.3	0.0175036
235.4	0.0173214
235.5	0.0171409
235.6	0.0169631
235.7	0.0167898
235.8	0.0166214
235.9	0.0164521
236	0.0162766
236.1	0.0160966
236.2	0.0159135
236.3	0.0157289
236.4	0.0155459
236.5	0.0153658
236.6	0.0151892
236.7	0.0150159
236.8	0.0148452
236.9	0.0146761
237	0.0145012
237.1	0.0143218
237.2	0.014141
237.3	0.0139651
237.4	0.0137936
237.5	0.0136256
237.6	0.0134574
237.7	0.0132874
237.8	0.0131141
237.9	0.0129365
238	0.0127585
238.1	0.0125845
238.2	0.0124106
238.3	0.0122418
238.4	0.0120802
238.5	0.0119253
238.6	0.0117738
238.7	0.011625
238.8	0.0114753
238.9	0.0113224
239	0.0111646
239.1	0.0110043
239.2	0.0108414
239.3	0.0106795
239.4	0.0105151
239.5	0.0103505
239.6	0.0101855
239.7	0.0100236
239.8	0.0098668
239.9	0.00970629
240	0.00954172
240.1	0.0093772
240.2	0.00921068
240.3	0.00904398
240.4	0.00887856
240.5	0.00871495
240.6	0.00854972
240.7	0.00838816
240.8	0.0082248
240.9	0.0080611
241	0.00789377
241.1	0.00772381
241.2	0.00754705
241.3	0.00736858
241.4	0.0071915
241.5	0.00701801
241.6	0.00685177
241.7	0.00669232
241.8	0.00653458
241.9	0.00637849
242	0.00622326
242.1	0.00607008
242.2	0.00591252
242.3	0.00575259
242.4	0.00558646
242.5	0.00541873
242.6	0.00524908
242.7	0.00507327
242.8	0.00490092
242.9	0.00473317
243	0.004566
243.1	0.00439943
243.2	0.00423524
243.3	0.00407491
243.4	0.00391853
243.5	0.00376711
243.6	0.00362086
243.7	0.00348188
243.8	0.0033417
243.9	0.00320585
244	0.00306986
244.1	0.00293082
244.2	0.00279566
244.3	0.0026632
244.4	0.00253034
244.5	0.00239365
244.6	0.00225324
244.7	0.00211165
244.8	0.00196713
244.9	0.00182267
245	0.00167402
245.1	0.00152084
245.2	0.00136244
245.3	0.00120359
245.4	0.00104355
245.5	0.000882404
245.6	0.000720023
245.7	0.000559858
245.8	0.000403382
245.9	0.000246529
246	8.56163e-05
246.1	-8.06081e-05
246.2	-0.000250457
246.3	-0.000418625
246.4	-0.00058997
246.5	-0.000757066
246.6	-0.000921253
246.7	-0.00108305
246.8	-0.00124331
246.9	-0.00140173
247	-0.00156096
247.1	-0.00172161
247.2	-0.00188677
247.3	-0.00205435
247.4	-0.00221858
247.5	-0.00237831
247.6	-0.00253098
247.7	-0.00268108
247.8	-0.00283047
247.9	-0.00297874
248	-0.00312903
248.1	-0.00328369
248.2	-0.00343985
248.3	-0.00359703
248.4	-0.00376129
248.5	-0.00392743
248.6	-0.00408893
248.7	-0.00424499
248.8	-0.00439621
248.9	-0.00454277
249	-0.00468727
249.1	-0.00482575
249.2	-0.00496181
249.3	-0.0050962
249.4	-0.00522832
249.5	-0.00535329
249.6	-0.00547498
249.7	-0.00559619
249.8	-0.00571189
249.9	-0.0058264
250	-0.00593929
250.1	-0.00604859
250.2	-0.00615523
250.3	-0.00625757
250.4	-0.00635751
250.5	-0.00645716
250.6	-0.00656127
250.7	-0.00666945
250.8	-0.00677806
250.9	-0.0068846
251	-0.00699201
251.1	-0.00710044
251.2	-0.00720795
251.3	-0.00731332
251.4	-0.00741818
251.5	-0.00751914
251.6	-0.00761675
251.7	-0.00771897
251.8	-0.00782521
251.9	-0.00793112
252	-0.00803827
252.1	-0.00814605
252.2	-0.00825212
252.3	-0.00836063
252.4	-0.00846749
252.5	-0.00857046
252.6	-0.00867607
252.7	-0.00878424
252.8	-0.00889252
252.9	-0.00900018
253	-0.00910506
253.1	-0.00920741
253.2	-0.00930389
253.3	-0.00939746
253.4	-0.00949198
253.5	-0.00959103
253.6	-0.0096874
253.7	-0.00978005
253.8	-0.00987022
253.9	-0.00996255
254	-0.0100578
254.1	-0.0101546
254.2	-0.0102508
254.3	-0.0103458
254.4	-0.0104422
254.5	-0.0105392
254.6	-0.0106336
254.7	-0.0107275
254.8	-0.0108221
254.9	-0.0109148
255	-0.0110081
255.1	-0.0111012
255.2	-0.0111942
255.3	-0.0112876
255.4	-0.0113802
255.5	-0.0114747
255.6	-0.0115649
255.7	-0.0116515
255.8	-0.0117394
255.9	-0.0118255
256	-0.0119064
256.1	-0.0119879
256.2	-0.0120701
256.3	-0.0121539
256.4	-0.0122394
256.5	-0.0123249
256.6	-0.0124096
256.7	-0.0124903
256.8	-0.0125676
256.9	-0.0126405
257	-0.0127153
257.1	-0.0127946
257.2	-0.0128796
257.3	-0.0129651
257.4	-0.0130518
257.5	-0.0131358
257.6	-0.0132188
257.7	-0.0132952
257.8	-0.0133697
257.9	-0.0134462
258	-0.0135266
258.1	-0.013605
258.2	-0.0136797
258.3	-0.0137469
258.4	-0.0138094
258.5	-0.0138663
258.6	-0.0139178
258.7	-0.0139699
258.8	-0.0140254
258.9	-0.0140825
259	-0.0141427
259.1	-0.0142005
259.2	-0.014261
259.3	-0.0143231
259.4	-0.0143851
259.5	-0.0144502
259.6	-0.0145247
259.7	-0.0146041
259.8	-0.014683
259.9	-0.0147626
260	-0.0148414
260.1	-0.0149151
260.2	-0.0149847
260.3	-0.0150513
260.4	-0.0151158
260.5	-0.0151794
260.6	-0.0152455
260.7	-0.0153148
260.8	-0.0153872
260.9	-0.0154553
261	-0.0155133
261.1	-0.0155676
261.2	-0.0156205
261.3	-0.015668
261.4	-0.015711
261.5	-0.0157519
261.6	-0.0157923
261.7	-0.0158335
261.8	-0.0158735
261.9	-0.015914
262	-0.0159573
262.1	-0.0160008
262.2	-0.0160416
262.3	-0.0160872
262.4	-0.0161332
262.5	-0.0161836
262.6	-0.0162364
262.7	-0.0162867
262.8	-0.0163326
262.9	-0.0163746
263	-0.0164173
263.1	-0.0164567
263.2	-0.0164984
263.3	-0.0165418
263.4	-0.0165913
263.5	-0.0166422
263.6	-0.0166925
263.7	-0.0167396
263.8	-0.0167815
263.9	-0.0168243
264	-0.0168655
264.1	-0.0169045
264.2	-0.0169437
264.3	-0.016984
264.4	-0.0170235
264.5	-0.0170615
264.6	-0.0171019
264.7	-0.0171451
264.8	-0.0171894
264.9	-0.0172313
265	-0.0172741
265.1	-0.0173231
265.2	-0.0173741
265.3	-0.0174269
265.4	-0.0174779
265.5	-0.017528
265.6	-0.0175781
265.7	-0.0176294
265.8	-0.0176806
265.9	-0.0177348
266	-0.0177904
266.1	-0.0178451
266.2	-0.0178967
266.3	-0.0179444
266.4	-0.0179926
266.5	-0.018038
266.6	-0.0180825
266.7	-0.018131
266.8	-0.018185
266.9	-0.0182371
267	-0.018286
267.1	-0.0183323
267.2	-0.0183772
267.3	-0.0184184
267.4	-0.0184599
267.5	-0.0185005
267.6	-0.0185387
267.7	-0.018573
267.8	-0.0186059
267.9	-0.0186369
268	-0.0186673
268.1	-0.0187013
268.2	-0.0187391
268.3	-0.0187792
268.4	-0.018819
268.5	-0.018859
268.6	-0.0188956
268.7	-0.0189315
268.8	-0.0189696
268.9	-0.0190094
269	-0.0190497
269.1	-0.019096
269.2	-0.0191496
269.3	-0.0192065
269.4	-0.0192687
269.5	-0.0193311
269.6	-0.0193918
269.7	-0.0194529
269.8	-0.019517
269.9	-0.0195836
270	-0.0196469
270.1	-0.0197104
270.2	-0.0197747
270.3	-0.0198419
270.4	-0.0199094
270.5	-0.0199753
270.6	-0.0200397
270.7	-0.0201037
270.8	-0.0201696
270.9	-0.020234
271	-0.0202894
271.1	-0.0203355
271.2	-0.0203772
271.3	-0.0204127
271.4	-0.0204461
271.5	-0.0204795
271.6	-0.0205145
271.7	-0.0205548
271.8	-0.020595
271.9	-0.0206337
272	-0.0206665
272.1	-0.0206969
272.2	-0.0207224
272.3	-0.0207461
272.4	-0.0207729
272.5	-0.0208032
272.6	-0.0208358
272.7	-0.0208675
272.8	-0.0209012
272.9	-0.020933
273	-0.0209669
273.1	-0.0209998
273.2	-0.0210342
273.3	-0.0210699
273.4	-0.0211106
273.5	-0.0211498
273.6	-0.0211881
273.7	-0.0212289
273.8	-0.0212686
273.9	-0.0213087
274	-0.0213498
274.1	-0.0213908
274.2	-0.02143
274.3	-0.0214696
274.4	-0.0215079
274.5	-0.0215431
274.6	-0.021572
274.7	-0.0215969
274.8	-0.0216231
274.9	-0.0216501
275	-0.021677
275.1	-0.0216976
275.2	-0.0217126
275.3	-0.0217296
275.4	-0.0217486
275.5	-0.0217706
275.6	-0.0217918
275.7	-0.0218116
275.8	-0.0218299
275.9	-0.0218505
276	-0.0218699
276.1	-0.0218885
276.2	-0.021908
276.3	-0.0219294
276.4	-0.0219509
276.5	-0.0219649
276.6	-0.0219777
276.7	-0.0219886
276.8	-0.022001
276.9	-0.0220132
277	-0.0220297
277.1	-0.0220487
277.2	-0.0220674
277.3	-0.022088
277.4	-0.0221079
277.5	-0.022126
277.6	-0.022141
277.7	-0.022156
277.8	-0.0221722
277.9	-0.0221892
278	-0.0222068
278.1	-0.0222258
278.2	-0.022245
278.3	-0.022263
278.4	-0.0222812
278.5	-0.0223032
278.6	-0.0223229
278.7	-0.022341
278.8	-0.0223581
278.9	-0.0223776
279	-0.0223995
279.1	-0.0224207
279.2	-0.0224452
279.3	-0.0224709
279.4	-0.0225006
279.5	-0.0225341
279.6	-0.0225704
279.7	-0.0226101
279.8	-0.0226492
279.9	-0.0226851
280	-0.0227202
280.1	-0.0227569
280.2	-0.02279
280.3	-0.0228202
280.4	-0.0228489
280.5	-0.0228799
280.6	-0.0229098
280.7	-0.022936
280.8	-0.0229631
280.9	-0.0229886
281	-0.0230145
281.1	-0.023039
281.2	-0.0230648
281.3	-0.0230921
281.4	-0.0231197
281.5	-0.0231501
281.6	-0.0231816
281.7	-0.0232083
281.8	-0.023229
281.9	-0.0232475
282	-0.0232686
282.1	-0.0232913
282.2	-0.0233108
282.3	-0.0233215
282.4	-0.0233262
282.5	-0.0233317
282.6	-0.0233425
282.7	-0.0233539
282.8	-0.0233672
282.9	-0.0233802
283	-0.023398
283.1	-0.0234247
283.2	-0.0234585
283.3	-0.0234953
283.4	-0.0235333
283.5	-0.0235718
283.6	-0.0236171
283.7	-0.0236646
283.8	-0.0237103
283.9	-0.0237596
284	-0.0238118
284.1	-0.0238566
284.2	-0.0238986
284.3	-0.0239399
284.4	-0.0239778
284.5	-0.0240162
284.6	-0.0240524
284.7	-0.024093
284.8	-0.0241343
284.9	-0.024174
285	-0.0242177
285.1	-0.0242626
285.2	-0.0243091
285.3	-0.0243582
285.4	-0.0244069
285.5	-0.0244555
285.6	-0.024507
285.7	-0.0245651
285.8	-0.0246253
285.9	-0.0246851
286	-0.0247409
286.1	-0.0247949
286.2	-0.0248468
286.3	-0.0248935
286.4	-0.0249346
286.5	-0.0249725
286.6	-0.0250066
286.7	-0.0250388
286.8	-0.0250721
286.9	-0.0251055
287	-0.0251385
287.1	-0.025165
287.2	-0.0251864
287.3	-0.0252007
287.4	-0.0252112
287.5	-0.0252173
287.6	-0.0252265
287.7	-0.0252375
287.8	-0.0252516
287.9	-0.0252718
288	-0.0252963
288.1	-0.0253236
288.2	-0.0253491
288.3	-0.0253774
288.4	-0.0254039
288.5	-0.0254282
288.6	-0.025455
288.7	-0.0254842
288.8	-0.025514
288.9	-0.0255421
289	-0.0255744
289.1	-0.0256068
289.2	-0.0256409
289.3	-0.0256783
289.4	-0.0257176
289.5	-0.0257559
289.6	-0.0257971
289.7	-0.025835
289.8	-0.0258685
289.9	-0.0258995
290	-0.0259352
290.1	-0.0259783
290.2	-0.0260251
290.3	-0.0260772
290.4	-0.0261359
290.5	-0.0262007
290.6	-0.0262651
290.7	-0.0263296
290.8	-0.026398
290.9	-0.0264649
291	-0.0265267
291.1	-0.0265864
291.2	-0.0266445
291.3	-0.0267025
291.4	-0.0267637
291.5	-0.0268249
291.6	-0.0268905
291.7	-0.0269621
291.8	-0.0270376
291.9	-0.0271085
292	-0.0271758
292.1	-0.0272391
292.2	-0.0273015
292.3	-0.0273623
292.4	-0.0274219
292.5	-0.0274816
292.6	-0.0275387
292.7	-0.0275922
292.8	-0.0276448
292.9	-0.0276973
293	-0.0277529
293.1	-0.0278115
293.2	-0.027866
293.3	-0.0279248
293.4	-0.0279871
293.5	-0.028054
293.6	-0.0281249
293.7	-0.028197
293.8	-0.028265
293.9	-0.0283274
294	-0.0283882
294.1	-0.0284484
294.2	-0.0285166
294.3	-0.0285868
294.4	-0.0286555
294.5	-0.028723
294.6	-0.0287918
294.7	-0.0288655
294.8	-0.0289411
294.9	-0.0290192
295	-0.0290999
295.1	-0.0291854
295.2	-0.0292728
295.3	-0.0293637
295.4	-0.029455
295.5	-0.0295507
295.6	-0.0296501
295.7	-0.0297553
295.8	-0.0298606
295.9	-0.0299657
296	-0.0300702
296.1	-0.0301751
296.2	-0.0302771
296.3	-0.0303817
296.4	-0.0304935
296.5	-0.0306079
296.6	-0.0307235
296.7	-0.0308342
296.8	-0.0309433
296.9	-0.0310539
297	-0.0311695
297.1	-0.0312849
297.2	-0.0313994
297.3	-0.0315117
297.4	-0.0316181
297.5	-0.0317267
297.6	-0.0318369
297.7	-0.0319461
297.8	-0.03205
297.9	-0.0321576
298	-0.0322624
298.1	-0.0323626
298.2	-0.0324542
298.3	-0.03254
298.4	-0.0326253
298.5	-0.0327089
298.6	-0.0327887
298.7	-0.0328633
298.8	-0.0329372
298.9	-0.033012
299	-0.033086
299.1	-0.0331583
299.2	-0.0332344
299.3	-0.0333106
299.4	-0.0333852
299.5	-0.0334603
299.6	-0.0335397
299.7	-0.0336247
299.8	-0.0337128
299.9	-0.0338001
300	-0.0338893
300.1	-0.0339774
300.2	-0.0340615
300.3	-0.0341444
300.4	-0.0342255
300.5	-0.0343078
300.6	-0.0343872
300.7	-0.0344624
300.8	-0.0345394
300.9	-0.0346162
301	-0.0346915
301.1	-0.0347686
301.2	-0.0348438
301.3	-0.0349196
301.4	-0.034999
301.5	-0.0350793
301.6	-0.0351615
301.7	-0.0352417
301.8	-0.035316
301.9	-0.0353877
302	-0.0354597
302.1	-0.0355314
302.2	-0.0356062
302.3	-0.0356859
302.4	-0.0357671
302.5	-0.0358551
302.6	-0.0359472
302.7	-0.0360454
302.8	-0.0361448
302.9	-0.0362462
303	-0.0363498
303.1	-0.0364526
303.2	-0.0365551
303.3	-0.0366576
303.4	-0.0367566
303.5	-0.0368567
303.6	-0.0369616
303.7	-0.0370657
303.8	-0.0371698
303.9	-0.0372753
304	-0.0373834
304.1	-0.0374937
304.2	-0.0376032
304.3	-0.0377072
304.4	-0.0378123
304.5	-0.0379131
304.6	-0.0380174
304.7	-0.0381219
304.8	-0.0382254
304.9	-0.0383212
305	-0.0384156
305.1	-0.0385101
305.2	-0.0386046
305.3	-0.0387013
305.4	-0.0387947
305.5	-0.0388855
305.6	-0.0389764
305.7	-0.0390715
305.8	-0.0391635
305.9	-0.0392543
306	-0.0393431
306.1	-0.039435
306.2	-0.0395285
306.3	-0.0396202
306.4	-0.0397101
306.5	-0.0397944
306.6	-0.0398765
306.7	-0.0399566
306.8	-0.0400394
306.9	-0.0401218
307	-0.0402016
307.1	-0.0402773
307.2	-0.0403482
307.3	-0.0404183
307.4	-0.0404867
307.5	-0.040556
307.6	-0.0406261
307.7	-0.0406864
307.8	-0.0407421
307.9	-0.0407953
308	-0.0408477
308.1	-0.0409009
308.2	-0.0409522
308.3	-0.0409965
308.4	-0.0410353
308.5	-0.0410698
308.6	-0.041101
308.7	-0.0411258
308.8	-0.0411488
308.9	-0.0411713
309	-0.0411979
309.1	-0.041228
309.2	-0.0412619
309.3	-0.0413027
309.4	-0.0413511
309.5	-0.0414027
309.6	-0.041454
309.7	-0.0415069
309.8	-0.04156
309.9	-0.0416107
310	-0.0416595
310.1	-0.0417095
310.2	-0.0417595
310.3	-0.0418113
310.4	-0.0418596
310.5	-0.0419091
310.6	-0.0419577
310.7	-0.0420053
310.8	-0.0420455
310.9	-0.0420788
311	-0.0421133
311.1	-0.0421485
311.2	-0.0421858
311.3	-0.0422262
311.4	-0.04227
311.5	-0.042311
311.6	-0.0423501
311.7	-0.042388
311.8	-0.0424335
311.9	-0.0424846
312	-0.0425368
312.1	-0.0425904
312.2	-0.042648
312.3	-0.0427078
312.4	-0.0427687
312.5	-0.0428267
312.6	-0.0428869
312.7	-0.0429473
312.8	-0.0430031
312.9	-0.0430556
313	-0.0431109
313.1	-0.0431689
313.2	-0.0432263
313.3	-0.0432776
313.4	-0.0433252
313.5	-0.0433751
313.6	-0.043432
313.7	-0.0434905
313.8	-0.0435493
313.9	-0.0436079
314	-0.0436663
314.1	-0.0437265
314.2	-0.0437899
314.3	-0.043853
314.4	-0.0439192
314.5	-0.0439891
314.6	-0.0440575
314.7	-0.0441218
314.8	-0.0441814
314.9	-0.0442401
315	-0.0442974
315.1	-0.0443553
315.2	-0.044411
315.3	-0.0444625
315.4	-0.0445066
315.5	-0.0445539
315.6	-0.0446029
315.7	-0.0446516
315.8	-0.0447001
315.9	-0.0447475
316	-0.0447888
316.1	-0.0448234
316.2	-0.0448545
316.3	-0.0448842
316.4	-0.044916
316.5	-0.0449466
316.6	-0.0449774
316.7	-0.0450051
316.8	-0.0450295
316.9	-0.0450506
317	-0.0450681
317.1	-0.0450823
317.2	-0.0450934
317.3	-0.0451066
317.4	-0.0451197
317.5	-0.0451317
317.6	-0.0451427
317.7	-0.0451586
317.8	-0.0451787
317.9	-0.0452004
318	-0.0452187
318.1	-0.0452361
318.2	-0.0452552
318.3	-0.0452734
318.4	-0.0452904
318.5	-0.0453053
318.6	-0.0453177
318.7	-0.0453302
318.8	-0.0453487
318.9	-0.0453695
319	-0.0453881
319.1	-0.045406
319.2	-0.0454233
319.3	-0.0454397
319.4	-0.0454527
319.5	-0.0454647
319.6	-0.0454756
319.7	-0.0454842
319.8	-0.0454924
319.9	-0.0454964
320	-0.0455048
320.1	-0.0455197
320.2	-0.0455398
320.3	-0.0455573
320.4	-0.045569
320.5	-0.0455755
320.6	-0.045582
320.7	-0.0455905
320.8	-0.0456038
320.9	-0.0456182
321	-0.0456326
321.1	-0.0456459
321.2	-0.0456585
321.3	-0.0456711
321.4	-0.0456865
321.5	-0.0457023
321.6	-0.0457161
321.7	-0.0457201
321.8	-0.0457243
321.9	-0.0457298
322	-0.0457355
322.1	-0.0457425
322.2	-0.0457518
322.3	-0.0457596
322.4	-0.045766
322.5	-0.0457713
322.6	-0.0457866
322.7	-0.0458036
322.8	-0.045816
322.9	-0.0458229
323	-0.045823
323.1	-0.0458197
323.2	-0.0458113
323.3	-0.0458013
323.4	-0.0457948
323.5	-0.0457901
323.6	-0.0457878
323.7	-0.045788
323.8	-0.0457922
323.9	-0.0458019
324	-0.0458115
324.1	-0.0458239
324.2	-0.0458408
324.3	-0.045866
324.4	-0.0458991
324.5	-0.0459371
324.6	-0.0459787
324.7	-0.0460209
324.8	-0.0460673
324.9	-0.0461183
325	-0.0461782
325.1	-0.0462347
325.2	-0.0462899
325.3	-0.0463397
325.4	-0.0463841
325.5	-0.046428
325.6	-0.0464756
325.7	-0.0465204
325.8	-0.0465603
325.9	-0.0466023
326	-0.0466437
326.1	-0.046681
326.2	-0.0467149
326.3	-0.0467464
326.4	-0.0467788
326.5	-0.0468121
326.6	-0.0468471
326.7	-0.0468839
326.8	-0.0469289
326.9	-0.0469742
327	-0.0470154
327.1	-0.0470483
327.2	-0.0470766
327.3	-0.0471044
327.4	-0.0471353
327.5	-0.0471667
327.6	-0.0471962
327.7	-0.047228
327.8	-0.0472613
327.9	-0.0472975
328	-0.0473319
328.1	-0.0473644
328.2	-0.0473947
328.3	-0.0474257
328.4	-0.0474533
328.5	-0.0474801
328.6	-0.0475063
328.7	-0.0475298
328.8	-0.0475545
328.9	-0.047577
329	-0.0475994
329.1	-0.047621
329.2	-0.0476415
329.3	-0.0476587
329.4	-0.0476792
329.5	-0.0476988
329.6	-0.0477244
329.7	-0.0477529
329.8	-0.0477837
329.9	-0.0478138
330	-0.0478395
330.1	-0.047864
330.2	-0.0478876
330.3	-0.0479107
330.4	-0.0479304
330.5	-0.0479549
330.6	-0.0479864
330.7	-0.0480231
330.8	-0.0480674
330.9	-0.0481125
331	-0.0481514
331.1	-0.0481836
331.2	-0.0482083
331.3	-0.0482326
331.4	-0.0482626
331.5	-0.0482958
331.6	-0.0483296
331.7	-0.0483657
331.8	-0.0483983
331.9	-0.0484229
332	-0.0484411
332.1	-0.0484601
332.2	-0.0484812
332.3	-0.0485017
332.4	-0.0485209
332.5	-0.0485382
332.6	-0.0485552
332.7	-0.0485717
332.8	-0.0485858
332.9	-0.0485961
333	-0.0486061
333.1	-0.0486158
333.2	-0.0486275
333.3	-0.0486403
333.4	-0.0486551
333.5	-0.0486694
333.6	-0.0486832
333.7	-0.0486953
333.8	-0.0487026
333.9	-0.0487036
334	-0.0487052
334.1	-0.0487069
334.2	-0.0487084
334.3	-0.0487069
334.4	-0.0486997
334.5	-0.0486884
334.6	-0.0486757
334.7	-0.0486607
334.8	-0.0486445
334.9	-0.0486297
335	-0.0486162
335.1	-0.0486038
335.2	-0.0485902
335.3	-0.0485728
335.4	-0.0485514
335.5	-0.04853
335.6	-0.0485132
335.7	-0.0484992
335.8	-0.0484818
335.9	-0.0484664
336	-0.0484502
336.1	-0.0484407
336.2	-0.048438
336.3	-0.04844
336.4	-0.0484436
336.5	-0.0484435
336.6	-0.0484391
336.7	-0.0484331
336.8	-0.0484273
336.9	-0.0484215
337	-0.0484176
337.1	-0.0484155
337.2	-0.0484123
337.3	-0.0484094
337.4	-0.0484124
337.5	-0.0484175
337.6	-0.0484194
337.7	-0.0484219
337.8	-0.0484235
337.9	-0.048428
338	-0.048434
338.1	-0.0484428
338.2	-0.0484546
338.3	-0.0484716
338.4	-0.048493
338.5	-0.0485189
338.6	-0.048551
338.7	-0.0485773
338.8	-0.0486026
338.9	-0.0486256
339	-0.0486438
339.1	-0.0486545
339.2	-0.0486588
339.3	-0.0486521
339.4	-0.0486408
339.5	-0.0486331
339.6	-0.0486272
339.7	-0.0486188
339.8	-0.0486159
339.9	-0.0486093
340	-0.0486003
340.1	-0.0485932
340.2	-0.0485894
340.3	-0.0485822
340.4	-0.0485713
340.5	-0.0485566
340.6	-0.0485434
340.7	-0.0485349
340.8	-0.0485238
340.9	-0.0485096
341	-0.0484944
341.1	-0.0484763
341.2	-0.0484602
341.3	-0.048445
341.4	-0.0484302
341.5	-0.0484132
341.6	-0.0483898
341.7	-0.0483608
341.8	-0.0483333
341.9	-0.0482988
342	-0.0482603
342.1	-0.0482241
342.2	-0.0481902
342.3	-0.0481558
342.4	-0.0481164
342.5	-0.0480716
342.6	-0.0480281
342.7	-0.0479855
342.8	-0.0479414
342.9	-0.0478942
343	-0.0478453
343.1	-0.0477923
343.2	-0.047741
343.3	-0.0476886
343.4	-0.0476367
343.5	-0.047585
343.6	-0.0475327
343.7	-0.0474798
343.8	-0.0474287
343.9	-0.0473811
344	-0.0473335
344.1	-0.04729
344.2	-0.0472512
344.3	-0.0472161
344.4	-0.047185
344.5	-0.0471571
344.6	-0.0471288
344.7	-0.0471071
344.8	-0.0470898
344.9	-0.0470764
345	-0.0470628
345.1	-0.0470509
345.2	-0.0470379
345.3	-0.047024
345.4	-0.0470115
345.5	-0.0470015
345.6	-0.0469869
345.7	-0.0469628
345.8	-0.0469347
345.9	-0.0469098
346	-0.0468854
346.1	-0.0468611
346.2	-0.046842
346.3	-0.0468318
346.4	-0.0468232
346.5	-0.0468118
346.6	-0.0467964
346.7	-0.0467816
346.8	-0.0467719
346.9	-0.0467661
347	-0.0467627
347.1	-0.0467602
347.2	-0.0467595
347.3	-0.0467554
347.4	-0.0467504
347.5	-0.0467417
347.6	-0.0467313
347.7	-0.0467221
347.8	-0.0467111
347.9	-0.0466985
348	-0.0466821
348.1	-0.0466642
348.2	-0.0466498
348.3	-0.0466376
348.4	-0.0466311
348.5	-0.0466314
348.6	-0.0466328
348.7	-0.0466374
348.8	-0.0466426
348.9	-0.0466497
349	-0.0466622
349.1	-0.0466738
349.2	-0.0466867
349.3	-0.0467018
349.4	-0.0467272
349.5	-0.0467495
349.6	-0.0467683
349.7	-0.0467876
349.8	-0.0468042
349.9	-0.0468221
350	-0.0468368
350.1	-0.0468455
350.2	-0.0468508
350.3	-0.0468472
350.4	-0.0468412
350.5	-0.0468293
350.6	-0.0468154
350.7	-0.0468013
350.8	-0.0467928
350.9	-0.0467827
351	-0.0467641
351.1	-0.0467402
351.2	-0.0467116
351.3	-0.0466829
351.4	-0.0466514
351.5	-0.0466228
351.6	-0.0465932
351.7	-0.046565
351.8	-0.0465342
351.9	-0.0465091
352	-0.0464886
352.1	-0.0464716
352.2	-0.0464581
352.3	-0.0464411
352.4	-0.0464221
352.5	-0.0464057
352.6	-0.0463932
352.7	-0.0463839
352.8	-0.0463773
352.9	-0.046377
353	-0.0463789
353.1	-0.0463818
353.2	-0.0463853
353.3	-0.0463928
353.4	-0.0464039
353.5	-0.0464153
353.6	-0.0464236
353.7	-0.0464313
353.8	-0.0464331
353.9	-0.0464345
354	-0.0464372
354.1	-0.0464362
354.2	-0.0464363
354.3	-0.0464337
354.4	-0.0464266
354.5	-0.0464191
354.6	-0.0464075
354.7	-0.0463949
354.8	-0.0463769
354.9	-0.046352
355	-0.0463215
355.1	-0.0462864
355.2	-0.0462519
355.3	-0.0462183
355.4	-0.0461854
355.5	-0.0461506
355.6	-0.0461124
355.7	-0.0460717
355.8	-0.0460315
355.9	-0.0459909
356	-0.0459507
356.1	-0.0459103
356.2	-0.0458707
356.3	-0.0458289
356.4	-0.0457882
356.5	-0.0457457
356.6	-0.0457057
356.7	-0.0456645
356.8	-0.0456241
356.9	-0.0455834
357	-0.0455422
357.1	-0.0455017
357.2	-0.0454554
357.3	-0.0454054
357.4	-0.0453543
357.5	-0.0453026
357.6	-0.0452473
357.7	-0.0451932
357.8	-0.0451443
357.9	-0.0450956
358	-0.0450498
358.1	-0.0450087
358.2	-0.0449666
358.3	-0.0449226
358.4	-0.044878
358.5	-0.0448343
358.6	-0.04479
358.7	-0.0447413
358.8	-0.0446914
358.9	-0.0446426
359	-0.0445919
359.1	-0.0445324
359.2	-0.0444667
359.3	-0.0443998
359.4	-0.0443352
359.5	-0.0442712
359.6	-0.0442082
359.7	-0.0441508
359.8	-0.0440969
359.9	-0.0440457
360	-0.0439929
360.1	-0.0439373
360.2	-0.0438756
360.3	-0.0438122
360.4	-0.0437481
360.5	-0.0436855
360.6	-0.0436242
360.7	-0.0435581
360.8	-0.0434877
360.9	-0.0434181
361	-0.0433456
361.1	-0.0432725
361.2	-0.0432005
361.3	-0.0431298
361.4	-0.0430643
361.5	-0.0429994
361.6	-0.0429344
361.7	-0.0428676
361.8	-0.0428039
361.9	-0.0427416
362	-0.0426782
362.1	-0.042615
362.2	-0.0425478
362.3	-0.0424764
362.4	-0.0424051
362.5	-0.0423341
362.6	-0.0422603
362.7	-0.0421836
362.8	-0.0421089
362.9	-0.0420359
363	-0.0419703
363.1	-0.0419082
363.2	-0.0418456
363.3	-0.0417815
363.4	-0.0417201
363.5	-0.0416579
363.6	-0.0415979
363.7	-0.0415369
363.8	-0.0414768
363.9	-0.0414188
364	-0.04136
364.1	-0.0413005
364.2	-0.0412408
364.3	-0.0411791
364.4	-0.0411168
364.5	-0.0410571
364.6	-0.0410029
364.7	-0.040946
364.8	-0.0408869
364.9	-0.040826
365	-0.0407663
365.1	-0.0407056
365.2	-0.0406456
365.3	-0.0405871
365.4	-0.0405348
365.5	-0.0404831
365.6	-0.0404289
365.7	-0.0403714
365.8	-0.0403172
365.9	-0.0402659
366	-0.0402152
366.1	-0.0401648
366.2	-0.0401127
366.3	-0.0400574
366.4	-0.040002
366.5	-0.0399433
366.6	-0.0398823
366.7	-0.0398178
366.8	-0.0397509
366.9	-0.0396834
367	-0.0396152
367.1	-0.0395479
367.2	-0.0394856
367.3	-0.0394257
367.4	-0.0393636
367.5	-0.0393013
367.6	-0.0392381
367.7	-0.0391721
367.8	-0.0391052
367.9	-0.0390364
368	-0.0389594
368.1	-0.038876
368.2	-0.0387902
368.3	-0.0387022
368.4	-0.0386119
368.5	-0.0385209
368.6	-0.0384269
368.7	-0.038333
368.8	-0.0382375
368.9	-0.0381366
369	-0.0380335
369.1	-0.037928
369.2	-0.0378277
369.3	-0.0377339
369.4	-0.0376435
369.5	-0.0375503
369.6	-0.0374528
369.7	-0.0373578
369.8	-0.0372653
369.9	-0.0371688
370	-0.0370759
370.1	-0.0369861
370.2	-0.036898
370.3	-0.0368076
370.4	-0.0367212
370.5	-0.0366342
370.6	-0.0365466
370.7	-0.0364561
370.8	-0.0363705
370.9	-0.036289
371	-0.0362092
371.1	-0.0361296
371.2	-0.0360487
371.3	-0.0359671
371.4	-0.0358856
371.5	-0.0358036
371.6	-0.035721
371.7	-0.0356375
371.8	-0.0355562
371.9	-0.0354801
372	-0.03541
372.1	-0.0353451
372.2	-0.0352882
372.3	-0.0352311
372.4	-0.0351783
372.5	-0.0351275
372.6	-0.0350735
372.7	-0.0350089
372.8	-0.0349455
372.9	-0.034884
373	-0.0348233
373.1	-0.0347619
373.2	-0.034703
373.3	-0.0346377
373.4	-0.0345702
373.5	-0.0345073
373.6	-0.0344506
373.7	-0.0343983
373.8	-0.0343479
373.9	-0.0342977
374	-0.034256
374.1	-0.0342204
374.2	-0.0341867
374.3	-0.0341568
374.4	-0.0341282
374.5	-0.034101
374.6	-0.0340722
374.7	-0.0340417
374.8	-0.0340128
374.9	-0.0339829
375	-0.0339489
375.1	-0.033911
375.2	-0.0338738
375.3	-0.0338383
375.4	-0.0338043
375.5	-0.0337767
375.6	-0.0337562
375.7	-0.0337353
375.8	-0.0337122
375.9	-0.0336921
376	-0.0336726
376.1	-0.0336501
376.2	-0.0336251
376.3	-0.033601
376.4	-0.0335784
376.5	-0.0335531
376.6	-0.0335298
376.7	-0.0335065
376.8	-0.0334852
376.9	-0.033462
377	-0.0334363
377.1	-0.0334087
377.2	-0.0333802
377.3	-0.0333491
377.4	-0.0333173
377.5	-0.0332862
377.6	-0.0332592
377.7	-0.0332334
377.8	-0.03321
377.9	-0.0331884
378	-0.033169
378.1	-0.0331497
378.2	-0.033129
378.3	-0.0331059
378.4	-0.0330833
378.5	-0.0330556
378.6	-0.0330285
378.7	-0.0329982
378.8	-0.0329654
378.9	-0.0329329
379	-0.0328975
379.1	-0.0328606
379.2	-0.0328229
379.3	-0.0327791
379.4	-0.0327328
379.5	-0.0326776
379.6	-0.0326159
379.7	-0.0325532
379.8	-0.0324941
379.9	-0.0324394
380	-0.0323913
380.1	-0.0323451
380.2	-0.0322976
380.3	-0.0322488
380.4	-0.0322032
380.5	-0.032166
380.6	-0.032132
380.7	-0.0321017
380.8	-0.0320721
380.9	-0.0320384
381	-0.0320013
381.1	-0.0319584
381.2	-0.0319127
381.3	-0.0318672
381.4	-0.0318242
381.5	-0.0317786
381.6	-0.0317299
381.7	-0.0316762
381.8	-0.0316222
381.9	-0.0315609
382	-0.0314975
382.1	-0.0314338
382.2	-0.0313655
382.3	-0.0312996
382.4	-0.0312362
382.5	-0.0311715
382.6	-0.0311065
382.7	-0.0310366
382.8	-0.0309622
382.9	-0.0308862
383	-0.0308122
383.1	-0.0307401
383.2	-0.0306623
383.3	-0.0305891
383.4	-0.0305173
383.5	-0.0304443
383.6	-0.0303761
383.7	-0.0303025
383.8	-0.0302241
383.9	-0.030146
384	-0.0300747
384.1	-0.030008
384.2	-0.0299424
384.3	-0.029881
384.4	-0.029817
384.5	-0.0297478
384.6	-0.0296777
384.7	-0.0296018
384.8	-0.0295244
384.9	-0.0294451
385	-0.0293701
385.1	-0.0292944
385.2	-0.0292161
385.3	-0.0291385
385.4	-0.0290562
385.5	-0.0289731
385.6	-0.02889
385.7	-0.0288089
385.8	-0.0287312
385.9	-0.028656
386	-0.0285826
386.1	-0.0285122
386.2	-0.0284444
386.3	-0.028375
386.4	-0.0283073
386.5	-0.0282406
386.6	-0.0281762
386.7	-0.0281109
386.8	-0.0280452
386.9	-0.027983
387	-0.0279182
387.1	-0.0278542
387.2	-0.0277934
387.3	-0.0277334
387.4	-0.0276712
387.5	-0.0276077
387.6	-0.0275383
387.7	-0.0274639
387.8	-0.0273918
387.9	-0.0273194
388	-0.0272493
388.1	-0.0271857
388.2	-0.027134
388.3	-0.0270913
388.4	-0.0270504
388.5	-0.0270058
388.6	-0.0269543
388.7	-0.0269046
388.8	-0.0268503
388.9	-0.026795
389	-0.0267448
389.1	-0.0266931
389.2	-0.0266387
389.3	-0.0265824
389.4	-0.0265233
389.5	-0.0264614
389.6	-0.0264045
389.7	-0.0263487
389.8	-0.0262908
389.9	-0.0262367
390	-0.0261878
390.1	-0.0261373
390.2	-0.0260843
390.3	-0.0260295
390.4	-0.0259768
390.5	-0.0259279
390.6	-0.0258844
390.7	-0.0258478
390.8	-0.0258123
390.9	-0.0257749
391	-0.0257349
391.1	-0.0256938
391.2	-0.0256572
391.3	-0.025619
391.4	-0.0255808
391.5	-0.0255425
391.6	-0.0255039
391.7	-0.0254695
391.8	-0.0254344
391.9	-0.0253999
392	-0.0253679
392.1	-0.0253398
392.2	-0.0253134
392.3	-0.0252957
392.4	-0.0252815
392.5	-0.0252634
392.6	-0.0252465
392.7	-0.0252316
392.8	-0.0252137
392.9	-0.0252
393	-0.02519
393.1	-0.0251764
393.2	-0.0251645
393.3	-0.0251497
393.4	-0.0251315
393.5	-0.025113
393.6	-0.0250932
393.7	-0.0250766
393.8	-0.0250632
393.9	-0.0250503
394	-0.0250386
394.1	-0.0250273
394.2	-0.0250163
394.3	-0.0250017
394.4	-0.0249865
394.5	-0.0249704
394.6	-0.0249532
394.7	-0.0249331
394.8	-0.024918
394.9	-0.0249073
395	-0.0248976
395.1	-0.0248852
395.2	-0.0248753
395.3	-0.0248662
395.4	-0.0248563
395.5	-0.0248478
395.6	-0.0248424
395.7	-0.0248382
395.8	-0.024834
395.9	-0.0248294
396	-0.0248236
396.1	-0.0248186
396.2	-0.024817
396.3	-0.0248217
396.4	-0.0248259
396.5	-0.0248282
396.6	-0.0248328
396.7	-0.0248362
396.8	-0.0248395
396.9	-0.0248378
397	-0.0248315
397.1	-0.0248229
397.2	-0.0248148
397.3	-0.0248036
397.4	-0.0247897
397.5	-0.0247739
397.6	-0.0247578
397.7	-0.0247423
397.8	-0.0247289
397.9	-0.0247136
398	-0.0246958
398.1	-0.0246781
398.2	-0.0246638
398.3	-0.024651
398.4	-0.0246401
398.5	-0.0246262
398.6	-0.0246109
398.7	-0.024591
398.8	-0.0245757
398.9	-0.0245668
399	-0.0245619
399.1	-0.0245589
399.2	-0.024554
399.3	-0.0245503
399.4	-0.0245485
399.5	-0.02455
399.6	-0.0245627
399.7	-0.0245815
399.8	-0.024606
399.9	-0.0246361
400	-0.0246687
400.1	-0.0246919
400.2	-0.0247071
400.3	-0.0247203
400.4	-0.0247243
400.5	-0.0247262
400.6	-0.0247244
400.7	-0.0247204
400.8	-0.0247132
400.9	-0.0247057
401	-0.0246939
401.1	-0.0246825
401.2	-0.0246669
401.3	-0.0246492
401.4	-0.0246292
401.5	-0.0246046
401.6	-0.0245751
401.7	-0.0245435
401.8	-0.0245077
401.9	-0.0244682
402	-0.0244284
402.1	-0.0243909
402.2	-0.0243612
402.3	-0.0243356
402.4	-0.0243165
402.5	-0.0243025
402.6	-0.0242927
402.7	-0.0242882
402.8	-0.02428
402.9	-0.0242712
403	-0.0242587
403.1	-0.0242474
403.2	-0.0242369
403.3	-0.0242253
403.4	-0.0242114
403.5	-0.0241963
403.6	-0.0241773
403.7	-0.0241556
403.8	-0.0241347
403.9	-0.02412
404	-0.0241037
404.1	-0.0240908
404.2	-0.0240769
404.3	-0.0240631
404.4	-0.0240507
404.5	-0.024037
404.6	-0.0240262
404.7	-0.0240126
404.8	-0.0239956
404.9	-0.0239781
405	-0.0239658
405.1	-0.02396
405.2	-0.0239586
405.3	-0.0239624
405.4	-0.0239705
405.5	-0.0239798
405.6	-0.0239912
405.7	-0.0240034
405.8	-0.0240244
405.9	-0.0240496
406	-0.0240776
406.1	-0.024108
406.2	-0.0241414
406.3	-0.0241764
406.4	-0.0242107
406.5	-0.0242456
406.6	-0.0242789
406.7	-0.0243166
406.8	-0.0243533
406.9	-0.0243944
407	-0.0244415
407.1	-0.0244897
407.2	-0.024538
407.3	-0.0245883
407.4	-0.024639
407.5	-0.0246829
407.6	-0.0247218
407.7	-0.0247591
407.8	-0.0247999
407.9	-0.0248386
408	-0.0248787
408.1	-0.0249204
408.2	-0.0249619
408.3	-0.0250089
408.4	-0.0250564
408.5	-0.0251051
408.6	-0.0251538
408.7	-0.0252012
408.8	-0.025245
408.9	-0.0252869
409	-0.0253312
409.1	-0.0253744
409.2	-0.0254178
409.3	-0.0254617
409.4	-0.0255084
409.5	-0.0255548
409.6	-0.0255925
409.7	-0.0256245
409.8	-0.0256482
409.9	-0.025669
410	-0.0256888
410.1	-0.0257058
410.2	-0.0257238
410.3	-0.0257392
410.4	-0.0257519
410.5	-0.0257662
410.6	-0.0257726
410.7	-0.0257796
410.8	-0.0257901
410.9	-0.025797
411	-0.0257987
411.1	-0.025802
411.2	-0.0258067
411.3	-0.0258085
411.4	-0.0258081
411.5	-0.0258083
411.6	-0.0258119
411.7	-0.0258159
411.8	-0.0258158
411.9	-0.0258182
412	-0.0258228
412.1	-0.0258217
412.2	-0.0258197
412.3	-0.0258208
412.4	-0.0258231
412.5	-0.0258252
412.6	-0.0258245
412.7	-0.0258193
412.8	-0.0258128
412.9	-0.0258065
413	-0.0258023
413.1	-0.0257982
413.2	-0.025791
413.3	-0.0257791
413.4	-0.0257644
413.5	-0.0257495
413.6	-0.0257403
413.7	-0.0257397
413.8	-0.0257457
413.9	-0.0257498
414	-0.025757
414.1	-0.0257664
414.2	-0.0257776
414.3	-0.025789
414.4	-0.0258049
414.5	-0.0258232
414.6	-0.0258379
414.7	-0.0258532
414.8	-0.0258725
414.9	-0.0258951
415	-0.0259155
415.1	-0.0259355
415.2	-0.0259585
415.3	-0.0259865
415.4	-0.0260147
415.5	-0.0260439
415.6	-0.0260794
415.7	-0.026121
415.8	-0.0261642
415.9	-0.0262073
416	-0.0262522
416.1	-0.0262966
416.2	-0.0263454
416.3	-0.0263958
416.4	-0.0264501
416.5	-0.0265049
416.6	-0.0265621
416.7	-0.0266221
416.8	-0.0266817
416.9	-0.026745
417	-0.026814
417.1	-0.0268842
417.2	-0.0269541
417.3	-0.0270245
417.4	-0.0270965
417.5	-0.0271661
417.6	-0.0272344
417.7	-0.0272978
417.8	-0.027357
417.9	-0.0274139
418	-0.0274728
418.1	-0.0275334
418.2	-0.0275938
418.3	-0.0276526
418.4	-0.0277111
418.5	-0.0277639
418.6	-0.0278096
418.7	-0.0278534
418.8	-0.0279007
418.9	-0.0279479
419	-0.0279935
419.1	-0.0280374
419.2	-0.0280876
419.3	-0.0281353
419.4	-0.0281827
419.5	-0.0282326
419.6	-0.0282836
419.7	-0.0283337
419.8	-0.0283831
419.9	-0.0284257
420	-0.0284736
420.1	-0.0285198
420.2	-0.0285598
420.3	-0.0285998
420.4	-0.0286406
420.5	-0.0286802
420.6	-0.0287191
420.7	-0.0287592
420.8	-0.0287979
420.9	-0.0288384
421	-0.0288806
421.1	-0.0289228
421.2	-0.028963
421.3	-0.0290033
421.4	-0.0290437
421.5	-0.0290794
421.6	-0.0291124
421.7	-0.0291456
421.8	-0.0291767
421.9	-0.0292069
422	-0.0292378
422.1	-0.0292723
422.2	-0.0293123
422.3	-0.0293513
422.4	-0.0293937
422.5	-0.0294364
422.6	-0.0294782
422.7	-0.0295187
422.8	-0.0295594
422.9	-0.0296035
423	-0.0296474
423.1	-0.0296901
423.2	-0.0297289
423.3	-0.0297675
423.4	-0.029813
423.5	-0.0298566
423.6	-0.0298991
423.7	-0.029942
423.8	-0.0299834
423.9	-0.0300249
424	-0.0300691
424.1	-0.0301144
424.2	-0.0301549
424.3	-0.0301972
424.4	-0.0302389
424.5	-0.0302826
424.6	-0.0303277
424.7	-0.0303711
424.8	-0.0304137
424.9	-0.0304549
425	-0.0304976
425.1	-0.0305441
425.2	-0.030598
425.3	-0.0306526
425.4	-0.0307076
425.5	-0.03076
425.6	-0.0308132
425.7	-0.030867
425.8	-0.030921
425.9	-0.0309743
426	-0.0310291
426.1	-0.0310818
426.2	-0.0311325
426.3	-0.0311821
426.4	-0.0312295
426.5	-0.0312745
426.6	-0.0313221
426.7	-0.0313714
426.8	-0.0314193
426.9	-0.0314688
427	-0.0315137
427.1	-0.0315525
427.2	-0.0315936
427.3	-0.0316391
427.4	-0.0316828
427.5	-0.0317249
427.6	-0.031773
427.7	-0.0318294
427.8	-0.0318898
427.9	-0.0319519
428	-0.0320089
428.1	-0.0320649
428.2	-0.0321157
428.3	-0.0321641
428.4	-0.0322092
428.5	-0.0322525
428.6	-0.032293
428.7	-0.0323317
428.8	-0.0323696
428.9	-0.0324136
429	-0.0324589
429.1	-0.0325003
429.2	-0.0325373
429.3	-0.0325667
429.4	-0.0325941
429.5	-0.0326197
429.6	-0.0326487
429.7	-0.032683
429.8	-0.0327177
429.9	-0.0327493
430	-0.032782
430.1	-0.0328143
430.2	-0.0328491
430.3	-0.0328821
430.4	-0.0329166
430.5	-0.0329505
430.6	-0.0329837
430.7	-0.0330126
430.8	-0.0330389
430.9	-0.0330664
431	-0.0330932
431.1	-0.033125
431.2	-0.0331569
431.3	-0.0331917
431.4	-0.0332255
431.5	-0.0332613
431.6	-0.033293
431.7	-0.0333286
431.8	-0.0333678
431.9	-0.0334136
432	-0.0334606
432.1	-0.0335076
432.2	-0.0335549
432.3	-0.0336021
432.4	-0.0336495
432.5	-0.0336986
432.6	-0.0337456
432.7	-0.0337932
432.8	-0.0338436
432.9	-0.0338954
433	-0.0339519
433.1	-0.0340157
433.2	-0.0340801
433.3	-0.034141
433.4	-0.0342052
433.5	-0.034265
433.6	-0.0343266
433.7	-0.0343908
433.8	-0.0344537
433.9	-0.0345165
434	-0.0345733
434.1	-0.0346248
434.2	-0.0346731
434.3	-0.0347125
434.4	-0.0347452
434.5	-0.0347782
434.6	-0.0348176
434.7	-0.0348601
434.8	-0.0349047
434.9	-0.0349525
435	-0.0350047
435.1	-0.0350602
435.2	-0.0351194
435.3	-0.0351798
435.4	-0.035234
435.5	-0.03529
435.6	-0.0353474
435.7	-0.0354052
435.8	-0.035461
435.9	-0.0355126
436	-0.0355654
436.1	-0.035618
436.2	-0.0356731
436.3	-0.0357274
436.4	-0.0357832
436.5	-0.0358366
436.6	-0.0358855
436.7	-0.0359345
436.8	-0.0359867
436.9	-0.0360434
437	-0.0361049
437.1	-0.036174
437.2	-0.0362482
437.3	-0.03632
437.4	-0.0363894
437.5	-0.0364558
437.6	-0.0365143
437.7	-0.0365716
437.8	-0.036625
437.9	-0.0366758
438	-0.0367203
438.1	-0.0367618
438.2	-0.0368037
438.3	-0.0368504
438.4	-0.0369014
438.5	-0.0369485
438.6	-0.0369861
438.7	-0.0370223
438.8	-0.0370601
438.9	-0.0371001
439	-0.0371393
439.1	-0.0371736
439.2	-0.0372047
439.3	-0.037233
439.4	-0.037258
439.5	-0.0372776
439.6	-0.0372932
439.7	-0.0373075
439.8	-0.0373242
439.9	-0.0373491
440	-0.0373775
440.1	-0.0374123
440.2	-0.0374461
440.3	-0.0374755
440.4	-0.0375042
440.5	-0.0375322
440.6	-0.0375592
440.7	-0.0375923
440.8	-0.0376293
440.9	-0.0376671
441	-0.0377033
441.1	-0.0377391
441.2	-0.0377768
441.3	-0.0378146
441.4	-0.0378526
441.5	-0.0378867
441.6	-0.037914
441.7	-0.0379395
441.8	-0.0379621
441.9	-0.0379847
442	-0.0380113
442.1	-0.0380366
442.2	-0.0380587
442.3	-0.0380804
442.4	-0.038097
442.5	-0.0381118
442.6	-0.0381193
442.7	-0.0381256
442.8	-0.0381337
442.9	-0.0381412
443	-0.0381497
443.1	-0.038158
443.2	-0.0381663
443.3	-0.0381779
443.4	-0.0381893
443.5	-0.0382055
443.6	-0.0382243
443.7	-0.0382438
443.8	-0.0382679
443.9	-0.0382928
444	-0.0383194
444.1	-0.0383452
444.2	-0.038374
444.3	-0.0383979
444.4	-0.0384157
444.5	-0.0384234
444.6	-0.0384242
444.7	-0.0384205
444.8	-0.0384127
444.9	-0.0384071
445	-0.0383986
445.1	-0.0383863
445.2	-0.0383682
445.3	-0.038351
445.4	-0.0383374
445.5	-0.0383268
445.6	-0.0383136
445.7	-0.0383002
445.8	-0.0382906
445.9	-0.038282
446	-0.0382742
446.1	-0.0382671
446.2	-0.0382538
446.3	-0.0382316
446.4	-0.0382007
446.5	-0.0381649
446.6	-0.0381255
446.7	-0.0380812
446.8	-0.0380369
446.9	-0.0379919
447	-0.0379489
447.1	-0.0379027
447.2	-0.0378539
447.3	-0.0378037
447.4	-0.0377534
447.5	-0.0377068
447.6	-0.0376668
447.7	-0.0376317
447.8	-0.0376003
447.9	-0.0375707
448	-0.0375449
448.1	-0.0375195
448.2	-0.0374968
448.3	-0.0374688
448.4	-0.0374413
448.5	-0.0374176
448.6	-0.0373957
448.7	-0.0373717
448.8	-0.0373457
448.9	-0.0373145
449	-0.0372784
449.1	-0.0372446
449.2	-0.0372194
449.3	-0.0372007
449.4	-0.0371841
449.5	-0.0371688
449.6	-0.0371584
449.7	-0.0371492
449.8	-0.0371331
449.9	-0.0371125
450	-0.0370957
450.1	-0.0370769
450.2	-0.0370617
450.3	-0.0370484
450.4	-0.0370349
450.5	-0.037022
450.6	-0.0370052
450.7	-0.0369845
450.8	-0.0369592
450.9	-0.0369302
451	-0.0369073
451.1	-0.0368872
451.2	-0.0368698
451.3	-0.0368548
451.4	-0.0368353
451.5	-0.0368183
451.6	-0.0368032
451.7	-0.0367958
451.8	-0.0367911
451.9	-0.0367878
452	-0.0367887
452.1	-0.0367954
452.2	-0.0368028
452.3	-0.0368132
452.4	-0.036829
452.5	-0.0368433
452.6	-0.0368545
452.7	-0.0368648
452.8	-0.0368766
452.9	-0.0368895
453	-0.0369024
453.1	-0.0369194
453.2	-0.0369345
453.3	-0.03695
453.4	-0.0369662
453.5	-0.0369853
453.6	-0.0370035
453.7	-0.037023
453.8	-0.0370426
453.9	-0.0370591
454	-0.0370747
454.1	-0.0370929
454.2	-0.0371135
454.3	-0.0371438
454.4	-0.0371749
454.5	-0.037203
454.6	-0.037227
454.7	-0.0372493
454.8	-0.0372726
454.9	-0.0372979
455	-0.037325
455.1	-0.0373536
455.2	-0.0373837
455.3	-0.0374111
455.4	-0.0374397
455.5	-0.037465
455.6	-0.0374901
455.7	-0.0375179
455.8	-0.0375467
455.9	-0.0375764
456	-0.0375985
456.1	-0.0376187
456.2	-0.0376409
456.3	-0.037669
456.4	-0.0376981
456.5	-0.0377248
456.6	-0.0377473
456.7	-0.0377688
456.8	-0.0377895
456.9	-0.0378077
457	-0.0378259
457.1	-0.0378403
457.2	-0.0378507
457.3	-0.0378621
457.4	-0.0378748
457.5	-0.037889
457.6	-0.0379037
457.7	-0.0379239
457.8	-0.0379491
457.9	-0.0379708
458	-0.0379944
458.1	-0.0380194
458.2	-0.0380505
458.3	-0.0380858
458.4	-0.0381221
458.5	-0.0381606
458.6	-0.0382049
458.7	-0.0382532
458.8	-0.0383066
458.9	-0.0383622
459	-0.0384251
459.1	-0.0384933
459.2	-0.0385636
459.3	-0.0386289
459.4	-0.0386914
459.5	-0.0387497
459.6	-0.0388082
459.7	-0.0388707
459.8	-0.0389358
459.9	-0.0390014
460	-0.0390653
460.1	-0.0391304
460.2	-0.0391968
460.3	-0.0392613
460.4	-0.039324
460.5	-0.0393809
460.6	-0.0394336
460.7	-0.0394831
460.8	-0.0395314
460.9	-0.0395783
461	-0.0396201
461.1	-0.0396586
461.2	-0.0396964
461.3	-0.0397322
461.4	-0.0397621
461.5	-0.0397883
461.6	-0.0398107
461.7	-0.0398296
461.8	-0.0398474
461.9	-0.0398639
462	-0.0398786
462.1	-0.0398951
462.2	-0.0399095
462.3	-0.0399202
462.4	-0.0399288
462.5	-0.0399361
462.6	-0.0399445
462.7	-0.0399533
462.8	-0.0399613
462.9	-0.0399687
463	-0.0399789
463.1	-0.0399899
463.2	-0.0399969
463.3	-0.0399989
463.4	-0.0399926
463.5	-0.0399816
463.6	-0.0399609
463.7	-0.0399351
463.8	-0.0399094
463.9	-0.039882
464	-0.0398529
464.1	-0.0398238
464.2	-0.039793
464.3	-0.039769
464.4	-0.0397454
464.5	-0.0397203
464.6	-0.039691
464.7	-0.0396641
464.8	-0.0396395
464.9	-0.0396177
465	-0.0396026
465.1	-0.0395904
465.2	-0.039579
465.3	-0.0395674
465.4	-0.0395572
465.5	-0.039545
465.6	-0.0395326
465.7	-0.0395208
465.8	-0.0395107
465.9	-0.0394991
466	-0.039486
466.1	-0.0394761
466.2	-0.0394671
466.3	-0.0394536
466.4	-0.0394425
466.5	-0.0394314
466.6	-0.0394273
466.7	-0.0394307
466.8	-0.0394367
466.9	-0.0394443
467	-0.0394517
467.1	-0.0394626
467.2	-0.0394774
467.3	-0.0394926
467.4	-0.0395058
467.5	-0.0395193
467.6	-0.0395339
467.7	-0.0395487
467.8	-0.03956
467.9	-0.0395728
468	-0.0395916
468.1	-0.039613
468.2	-0.0396381
468.3	-0.0396581
468.4	-0.0396743
468.5	-0.03969
468.6	-0.0397031
468.7	-0.0397153
468.8	-0.0397248
468.9	-0.0397315
469	-0.0397348
469.1	-0.0397442
469.2	-0.0397597
469.3	-0.0397754
469.4	-0.0397885
469.5	-0.0397982
469.6	-0.0398069
469.7	-0.0398188
469.8	-0.0398372
469.9	-0.0398642
470	-0.0398955
470.1	-0.0399248
470.2	-0.0399518
470.3	-0.0399772
470.4	-0.0400001
470.5	-0.0400213
470.6	-0.0400412
470.7	-0.0400643
470.8	-0.040086
470.9	-0.0401067
471	-0.040124
471.1	-0.0401368
471.2	-0.0401484
471.3	-0.0401586
471.4	-0.0401694
471.5	-0.0401858
471.6	-0.0402042
471.7	-0.0402265
471.8	-0.040251
471.9	-0.0402793
472	-0.040305
472.1	-0.0403264
472.2	-0.0403429
472.3	-0.0403576
472.4	-0.0403702
472.5	-0.0403838
472.6	-0.0403947
472.7	-0.0403979
472.8	-0.040402
472.9	-0.0404028
473	-0.0404005
473.1	-0.0403901
473.2	-0.0403747
473.3	-0.0403647
473.4	-0.0403566
473.5	-0.0403491
473.6	-0.0403417
473.7	-0.0403329
473.8	-0.0403249
473.9	-0.0403186
474	-0.0403175
474.1	-0.0403198
474.2	-0.0403205
474.3	-0.0403197
474.4	-0.0403186
474.5	-0.0403168
474.6	-0.0403095
474.7	-0.0403003
474.8	-0.0402962
474.9	-0.0402925
475	-0.0402872
475.1	-0.0402797
475.2	-0.0402763
475.3	-0.0402739
475.4	-0.0402765
475.5	-0.0402811
475.6	-0.0402865
475.7	-0.0402862
475.8	-0.0402864
475.9	-0.0402817
476	-0.0402716
476.1	-0.0402594
476.2	-0.0402511
476.3	-0.0402442
476.4	-0.0402384
476.5	-0.0402293
476.6	-0.0402189
476.7	-0.0402052
476.8	-0.0401857
476.9	-0.0401637
477	-0.0401438
477.1	-0.0401233
477.2	-0.0401013
477.3	-0.0400793
477.4	-0.0400591
477.5	-0.0400414
477.6	-0.0400233
477.7	-0.0400066
477.8	-0.0399912
477.9	-0.0399777
478	-0.0399636
478.1	-0.0399487
478.2	-0.039938
478.3	-0.0399336
478.4	-0.0399315
478.5	-0.0399302
478.6	-0.0399309
478.7	-0.0399348
478.8	-0.0399433
478.9	-0.0399578
479	-0.0399729
479.1	-0.0399949
479.2	-0.0400202
479.3	-0.0400428
479.4	-0.0400636
479.5	-0.0400856
479.6	-0.0401061
479.7	-0.0401222
479.8	-0.0401385
479.9	-0.0401556
480	-0.0401722
480.1	-0.0401841
480.2	-0.0401969
480.3	-0.040219
480.4	-0.0402468
480.5	-0.0402757
480.6	-0.0403041
480.7	-0.0403335
480.8	-0.0403642
480.9	-0.0403954
481	-0.0404234
481.1	-0.0404518
481.2	-0.0404792
481.3	-0.0405037
481.4	-0.0405249
481.5	-0.040545
481.6	-0.0405654
481.7	-0.040581
481.8	-0.0405918
481.9	-0.0406043
482	-0.0406228
482.1	-0.04064
482.2	-0.0406538
482.3	-0.0406628
482.4	-0.0406707
482.5	-0.0406749
482.6	-0.040683
482.7	-0.0406963
482.8	-0.0407086
482.9	-0.0407175
483	-0.0407256
483.1	-0.0407329
483.2	-0.0407412
483.3	-0.0407465
483.4	-0.0407493
483.5	-0.0407494
483.6	-0.040749
483.7	-0.0407455
483.8	-0.040741
483.9	-0.0407362
484	-0.0407286
484.1	-0.0407198
484.2	-0.0407079
484.3	-0.0406947
484.4	-0.0406794
484.5	-0.0406645
484.6	-0.0406454
484.7	-0.0406217
484.8	-0.0405954
484.9	-0.0405711
485	-0.0405496
485.1	-0.0405259
485.2	-0.0405018
485.3	-0.0404802
485.4	-0.04046
485.5	-0.0404408
485.6	-0.0404214
485.7	-0.0404
485.8	-0.0403783
485.9	-0.0403509
486	-0.0403188
486.1	-0.0402859
486.2	-0.040255
486.3	-0.0402264
486.4	-0.0402002
486.5	-0.0401803
486.6	-0.0401644
486.7	-0.0401493
486.8	-0.0401357
486.9	-0.0401243
487	-0.0401083
487.1	-0.0400893
487.2	-0.0400726
487.3	-0.0400567
487.4	-0.0400438
487.5	-0.0400348
487.6	-0.0400274
487.7	-0.0400189
487.8	-0.0400084
487.9	-0.0399981
488	-0.039984
488.1	-0.0399669
488.2	-0.0399478
488.3	-0.0399277
488.4	-0.0399111
488.5	-0.0398918
488.6	-0.0398732
488.7	-0.0398629
488.8	-0.0398603
488.9	-0.0398649
489	-0.039864
489.1	-0.0398609
489.2	-0.0398537
489.3	-0.0398483
489.4	-0.0398432
489.5	-0.039835
489.6	-0.0398262
489.7	-0.0398171
489.8	-0.0398075
489.9	-0.039794
490	-0.0397803
490.1	-0.0397668
490.2	-0.0397557
490.3	-0.0397463
490.4	-0.0397306
490.5	-0.0397096
490.6	-0.0396898
490.7	-0.03967
490.8	-0.0396521
490.9	-0.0396398
491	-0.0396276
491.1	-0.0396126
491.2	-0.0395945
491.3	-0.0395697
491.4	-0.0395422
491.5	-0.039515
491.6	-0.0394899
491.7	-0.0394681
491.8	-0.0394481
491.9	-0.0394283
492	-0.0394067
492.1	-0.0393817
492.2	-0.0393526
492.3	-0.0393233
492.4	-0.0392965
492.5	-0.0392716
492.6	-0.0392505
492.7	-0.0392307
492.8	-0.0392071
492.9	-0.0391826
493	-0.0391591
493.1	-0.0391369
493.2	-0.0391094
493.3	-0.0390779
493.4	-0.0390416
493.5	-0.0390023
493.6	-0.0389558
493.7	-0.0389039
493.8	-0.0388495
493.9	-0.0387957
494	-0.0387439
494.1	-0.0386939
494.2	-0.0386486
494.3	-0.0386059
494.4	-0.0385676
494.5	-0.0385341
494.6	-0.0385052
494.7	-0.0384764
494.8	-0.0384474
494.9	-0.0384191
495	-0.0383892
495.1	-0.038362
495.2	-0.038339
495.3	-0.0383154
495.4	-0.0382923
495.5	-0.0382738
495.6	-0.0382597
495.7	-0.0382495
495.8	-0.0382458
495.9	-0.0382465
496	-0.0382518
496.1	-0.038259
496.2	-0.0382658
496.3	-0.0382727
496.4	-0.0382803
496.5	-0.03829
496.6	-0.0383045
496.7	-0.0383209
496.8	-0.0383384
496.9	-0.0383572
497	-0.0383786
497.1	-0.0384023
497.2	-0.038428
497.3	-0.038462
497.4	-0.0385004
497.5	-0.0385439
497.6	-0.0385865
497.7	-0.0386304
497.8	-0.0386742
497.9	-0.038719
498	-0.0387614
498.1	-0.0388003
498.2	-0.0388434
498.3	-0.0388851
498.4	-0.0389294
498.5	-0.0389803
498.6	-0.0390325
498.7	-0.0390867
498.8	-0.0391435
498.9	-0.0392018
499	-0.0392565
499.1	-0.0393111
499.2	-0.0393634
499.3	-0.0394138
499.4	-0.0394639
499.5	-0.0395132
499.6	-0.0395642
499.7	-0.0396186
499.8	-0.039672
499.9	-0.0397272
500	-0.0397831
