LagTime	Correlation

0	3.59545
0.1	3.59045
0.2	3.58296
0.3	3.5749
0.4	3.56674
0.5	3.55858
0.6	3.55047
0.7	3.5424
0.8	3.53438
0.9	3.52641
1	3.51849
1.1	3.51062
1.2	3.50279
1.3	3.49501
1.4	3.48728
1.5	3.4796
1.6	3.47196
1.7	3.46437
1.8	3.45682
1.9	3.44931
2	3.44186
2.1	3.43444
2.2	3.42708
2.3	3.41975
2.4	3.41247
2.5	3.40522
2.6	3.39801
2.7	3.39084
2.8	3.38372
2.9	3.37664
3	3.3696
3.1	3.36261
3.2	3.35565
3.3	3.34873
3.4	3.34182
3.5	3.33495
3.6	3.32812
3.7	3.32131
3.8	3.31455
3.9	3.30781
4	3.3011
4.1	3.29443
4.2	3.2878
4.3	3.2812
4.4	3.27463
4.5	3.26809
4.6	3.26158
4.7	3.2551
4.8	3.24865
4.9	3.24223
5	3.23584
5.1	3.22947
5.2	3.22313
5.3	3.21682
5.4	3.21054
5.5	3.20428
5.6	3.19805
5.7	3.19185
5.8	3.18567
5.9	3.17952
6	3.17339
6.1	3.16729
6.2	3.16121
6.3	3.15516
6.4	3.14913
6.5	3.14313
6.6	3.13715
6.7	3.1312
6.8	3.12528
6.9	3.11938
7	3.11351
7.1	3.10767
7.2	3.10184
7.3	3.09602
7.4	3.09024
7.5	3.08448
7.6	3.07874
7.7	3.07302
7.8	3.06733
7.9	3.06166
8	3.05601
8.1	3.05038
8.2	3.04476
8.3	3.03917
8.4	3.03359
8.5	3.02804
8.6	3.02251
8.7	3.017
8.8	3.0115
8.9	3.00603
9	3.00058
9.1	2.99514
9.2	2.98972
9.3	2.98432
9.4	2.97893
9.5	2.97356
9.6	2.96822
9.7	2.96288
9.8	2.95756
9.9	2.95227
10	2.94698
10.1	2.94172
10.2	2.93648
10.3	2.93125
10.4	2.92604
10.5	2.92085
10.6	2.91567
10.7	2.91052
10.8	2.90537
10.9	2.90025
11	2.89514
11.1	2.89003
11.2	2.88494
11.3	2.87986
11.4	2.8748
11.5	2.86975
11.6	2.86472
11.7	2.8597
11.8	2.85468
11.9	2.84969
12	2.84471
12.1	2.83974
12.2	2.83478
12.3	2.82982
12.4	2.82488
12.5	2.81996
12.6	2.81505
12.7	2.81014
12.8	2.80526
12.9	2.80039
13	2.79552
13.1	2.79067
13.2	2.78583
13.3	2.781
13.4	2.77619
13.5	2.77138
13.6	2.7666
13.7	2.76182
13.8	2.75706
13.9	2.7523
14	2.74756
14.1	2.74283
14.2	2.73812
14.3	2.73342
14.4	2.72874
14.5	2.72407
14.6	2.71943
14.7	2.71479
14.8	2.71018
14.9	2.70557
15	2.70099
15.1	2.69642
15.2	2.69186
15.3	2.68732
15.4	2.68278
15.5	2.67827
15.6	2.67376
15.7	2.66926
15.8	2.66477
15.9	2.66029
16	2.65582
16.1	2.65136
16.2	2.6469
16.3	2.64246
16.4	2.63803
16.5	2.63362
16.6	2.62922
16.7	2.62483
16.8	2.62045
16.9	2.61608
17	2.61171
17.1	2.60736
17.2	2.60301
17.3	2.59868
17.4	2.59437
17.5	2.59007
17.6	2.58579
17.7	2.58151
17.8	2.57725
17.9	2.57299
18	2.56874
18.1	2.56451
18.2	2.56028
18.3	2.55606
18.4	2.55185
18.5	2.54765
18.6	2.54345
18.7	2.53926
18.8	2.53508
18.9	2.53091
19	2.52676
19.1	2.52261
19.2	2.51847
19.3	2.51433
19.4	2.51021
19.5	2.5061
19.6	2.50199
19.7	2.4979
19.8	2.49382
19.9	2.48974
20	2.48566
20.1	2.48159
20.2	2.47753
20.3	2.47348
20.4	2.46943
20.5	2.46538
20.6	2.46134
20.7	2.4573
20.8	2.45327
20.9	2.44925
21	2.44524
21.1	2.44124
21.2	2.43725
21.3	2.43327
21.4	2.4293
21.5	2.42533
21.6	2.42137
21.7	2.41741
21.8	2.41347
21.9	2.40953
22	2.40561
22.1	2.40169
22.2	2.39777
22.3	2.39386
22.4	2.38997
22.5	2.38608
22.6	2.3822
22.7	2.37834
22.8	2.37448
22.9	2.37063
23	2.36679
23.1	2.36296
23.2	2.35914
23.3	2.35532
23.4	2.35152
23.5	2.34772
23.6	2.34393
23.7	2.34016
23.8	2.33639
23.9	2.33263
24	2.32888
24.1	2.32513
24.2	2.32138
24.3	2.31764
24.4	2.31391
24.5	2.31018
24.6	2.30645
24.7	2.30274
24.8	2.29903
24.9	2.29532
25	2.29162
25.1	2.28792
25.2	2.28423
25.3	2.28054
25.4	2.27686
25.5	2.27319
25.6	2.26953
25.7	2.26587
25.8	2.26223
25.9	2.25859
26	2.25495
26.1	2.25132
26.2	2.24771
26.3	2.2441
26.4	2.24049
26.5	2.23688
26.6	2.23328
26.7	2.22969
26.8	2.2261
26.9	2.22251
27	2.21893
27.1	2.21535
27.2	2.21178
27.3	2.20821
27.4	2.20466
27.5	2.20111
27.6	2.19757
27.7	2.19405
27.8	2.19053
27.9	2.18702
28	2.18353
28.1	2.18004
28.2	2.17655
28.3	2.17306
28.4	2.16958
28.5	2.16609
28.6	2.16262
28.7	2.15915
28.8	2.15569
28.9	2.15224
29	2.1488
29.1	2.14535
29.2	2.14192
29.3	2.13849
29.4	2.13507
29.5	2.13165
29.6	2.12825
29.7	2.12486
29.8	2.12147
29.9	2.11808
30	2.1147
30.1	2.11133
30.2	2.10797
30.3	2.10461
30.4	2.10126
30.5	2.09791
30.6	2.09457
30.7	2.09124
30.8	2.08792
30.9	2.08459
31	2.08128
31.1	2.07797
31.2	2.07466
31.3	2.07135
31.4	2.06805
31.5	2.06476
31.6	2.06147
31.7	2.05819
31.8	2.05491
31.9	2.05163
32	2.04836
32.1	2.0451
32.2	2.04184
32.3	2.03858
32.4	2.03532
32.5	2.03207
32.6	2.02882
32.7	2.02558
32.8	2.02234
32.9	2.01911
33	2.01589
33.1	2.01267
33.2	2.00946
33.3	2.00625
33.4	2.00305
33.5	1.99985
33.6	1.99667
33.7	1.99349
33.8	1.99031
33.9	1.98715
34	1.98399
34.1	1.98083
34.2	1.97768
34.3	1.97453
34.4	1.97138
34.5	1.96824
34.6	1.96511
34.7	1.96198
34.8	1.95886
34.9	1.95574
35	1.95263
35.1	1.94952
35.2	1.94641
35.3	1.94331
35.4	1.94021
35.5	1.93711
35.6	1.93403
35.7	1.93095
35.8	1.92788
35.9	1.92482
36	1.92177
36.1	1.91872
36.2	1.91569
36.3	1.91266
36.4	1.90964
36.5	1.90663
36.6	1.90363
36.7	1.90063
36.8	1.89765
36.9	1.89466
37	1.89168
37.1	1.8887
37.2	1.88572
37.3	1.88275
37.4	1.87979
37.5	1.87684
37.6	1.87391
37.7	1.87097
37.8	1.86804
37.9	1.8651
38	1.86217
38.1	1.85923
38.2	1.85631
38.3	1.85338
38.4	1.85046
38.5	1.84753
38.6	1.84461
38.7	1.8417
38.8	1.83879
38.9	1.83588
39	1.83298
39.1	1.83007
39.2	1.82717
39.3	1.82426
39.4	1.82136
39.5	1.81846
39.6	1.81557
39.7	1.81268
39.8	1.8098
39.9	1.80692
40	1.80404
40.1	1.80115
40.2	1.79828
40.3	1.7954
40.4	1.79254
40.5	1.78968
40.6	1.78682
40.7	1.78396
40.8	1.78111
40.9	1.77826
41	1.77542
41.1	1.77258
41.2	1.76974
41.3	1.7669
41.4	1.76407
41.5	1.76124
41.6	1.75842
41.7	1.75561
41.8	1.7528
41.9	1.74999
42	1.74719
42.1	1.7444
42.2	1.7416
42.3	1.73881
42.4	1.73602
42.5	1.73324
42.6	1.73046
42.7	1.72768
42.8	1.7249
42.9	1.72213
43	1.71936
43.1	1.7166
43.2	1.71385
43.3	1.7111
43.4	1.70836
43.5	1.70562
43.6	1.70288
43.7	1.70014
43.8	1.6974
43.9	1.69466
44	1.69193
44.1	1.6892
44.2	1.68648
44.3	1.68375
44.4	1.68103
44.5	1.67831
44.6	1.67559
44.7	1.67289
44.8	1.67019
44.9	1.6675
45	1.66481
45.1	1.66214
45.2	1.65946
45.3	1.65679
45.4	1.65412
45.5	1.65145
45.6	1.64879
45.7	1.64614
45.8	1.64349
45.9	1.64084
46	1.6382
46.1	1.63557
46.2	1.63295
46.3	1.63033
46.4	1.62772
46.5	1.62512
46.6	1.62253
46.7	1.61993
46.8	1.61734
46.9	1.61475
47	1.61218
47.1	1.6096
47.2	1.60704
47.3	1.60448
47.4	1.60192
47.5	1.59938
47.6	1.59684
47.7	1.59431
47.8	1.59178
47.9	1.58925
48	1.58673
48.1	1.58422
48.2	1.58171
48.3	1.5792
48.4	1.57671
48.5	1.57422
48.6	1.57174
48.7	1.56927
48.8	1.5668
48.9	1.56432
49	1.56185
49.1	1.55937
49.2	1.5569
49.3	1.55442
49.4	1.55195
49.5	1.54947
49.6	1.547
49.7	1.54453
49.8	1.54206
49.9	1.53959
50	1.53713
50.1	1.53467
50.2	1.53222
50.3	1.52977
50.4	1.52732
50.5	1.52488
50.6	1.52244
50.7	1.52001
50.8	1.5176
50.9	1.51519
51	1.5128
51.1	1.51041
51.2	1.50803
51.3	1.50564
51.4	1.50326
51.5	1.50088
51.6	1.4985
51.7	1.49612
51.8	1.49374
51.9	1.49137
52	1.48901
52.1	1.48665
52.2	1.48428
52.3	1.48192
52.4	1.47957
52.5	1.47721
52.6	1.47486
52.7	1.47251
52.8	1.47017
52.9	1.46783
53	1.4655
53.1	1.46319
53.2	1.46086
53.3	1.45854
53.4	1.45623
53.5	1.45392
53.6	1.45161
53.7	1.4493
53.8	1.447
53.9	1.44471
54	1.44241
54.1	1.44013
54.2	1.43785
54.3	1.43557
54.4	1.43329
54.5	1.43101
54.6	1.42873
54.7	1.42646
54.8	1.42418
54.9	1.4219
55	1.41962
55.1	1.41735
55.2	1.41508
55.3	1.41283
55.4	1.41058
55.5	1.40833
55.6	1.40609
55.7	1.40385
55.8	1.40162
55.9	1.39939
56	1.39718
56.1	1.39497
56.2	1.39276
56.3	1.39056
56.4	1.38836
56.5	1.38618
56.6	1.38399
56.7	1.3818
56.8	1.37962
56.9	1.37744
57	1.37526
57.1	1.37308
57.2	1.37091
57.3	1.36873
57.4	1.36655
57.5	1.36439
57.6	1.36222
57.7	1.36006
57.8	1.35791
57.9	1.35577
58	1.35363
58.1	1.3515
58.2	1.34936
58.3	1.34723
58.4	1.3451
58.5	1.34297
58.6	1.34084
58.7	1.33871
58.8	1.33658
58.9	1.33446
59	1.33233
59.1	1.33022
59.2	1.3281
59.3	1.32599
59.4	1.32387
59.5	1.32177
59.6	1.31966
59.7	1.31756
59.8	1.31545
59.9	1.31333
60	1.31122
60.1	1.30911
60.2	1.307
60.3	1.3049
60.4	1.30281
60.5	1.30071
60.6	1.29863
60.7	1.29654
60.8	1.29446
60.9	1.29239
61	1.29032
61.1	1.28825
61.2	1.28618
61.3	1.28411
61.4	1.28204
61.5	1.27998
61.6	1.27792
61.7	1.27586
61.8	1.27381
61.9	1.27177
62	1.26973
62.1	1.26769
62.2	1.26566
62.3	1.26362
62.4	1.26159
62.5	1.25956
62.6	1.25753
62.7	1.2555
62.8	1.25348
62.9	1.25147
63	1.24945
63.1	1.24744
63.2	1.24543
63.3	1.24342
63.4	1.24141
63.5	1.2394
63.6	1.23739
63.7	1.23539
63.8	1.23339
63.9	1.23139
64	1.22939
64.1	1.2274
64.2	1.22541
64.3	1.22342
64.4	1.22144
64.5	1.21946
64.6	1.21748
64.7	1.2155
64.8	1.21353
64.9	1.21157
65	1.20962
65.1	1.20767
65.2	1.20573
65.3	1.20379
65.4	1.20186
65.5	1.19993
65.6	1.19801
65.7	1.19609
65.8	1.19417
65.9	1.19225
66	1.19034
66.1	1.18843
66.2	1.18653
66.3	1.18464
66.4	1.18275
66.5	1.18087
66.6	1.179
66.7	1.17712
66.8	1.17525
66.9	1.17337
67	1.1715
67.1	1.16963
67.2	1.16776
67.3	1.16589
67.4	1.16403
67.5	1.16218
67.6	1.16033
67.7	1.15849
67.8	1.15665
67.9	1.1548
68	1.15296
68.1	1.15111
68.2	1.14926
68.3	1.14741
68.4	1.14556
68.5	1.14372
68.6	1.14188
68.7	1.14004
68.8	1.1382
68.9	1.13637
69	1.13453
69.1	1.1327
69.2	1.13087
69.3	1.12904
69.4	1.12722
69.5	1.1254
69.6	1.12358
69.7	1.12177
69.8	1.11996
69.9	1.11815
70	1.11634
70.1	1.11453
70.2	1.11272
70.3	1.11093
70.4	1.10914
70.5	1.10735
70.6	1.10557
70.7	1.10378
70.8	1.10199
70.9	1.1002
71	1.0984
71.1	1.0966
71.2	1.0948
71.3	1.093
71.4	1.0912
71.5	1.08941
71.6	1.08762
71.7	1.08585
71.8	1.08407
71.9	1.08231
72	1.08054
72.1	1.07877
72.2	1.077
72.3	1.07523
72.4	1.07348
72.5	1.07173
72.6	1.06998
72.7	1.06823
72.8	1.06649
72.9	1.06475
73	1.06302
73.1	1.06129
73.2	1.05956
73.3	1.05784
73.4	1.05612
73.5	1.0544
73.6	1.0527
73.7	1.05099
73.8	1.04928
73.9	1.04758
74	1.04587
74.1	1.04417
74.2	1.04246
74.3	1.04076
74.4	1.03905
74.5	1.03734
74.6	1.03564
74.7	1.03394
74.8	1.03225
74.9	1.03055
75	1.02886
75.1	1.02717
75.2	1.02548
75.3	1.02379
75.4	1.02212
75.5	1.02045
75.6	1.01879
75.7	1.01713
75.8	1.01547
75.9	1.01382
76	1.01218
76.1	1.01053
76.2	1.00889
76.3	1.00725
76.4	1.00561
76.5	1.00398
76.6	1.00236
76.7	1.00074
76.8	0.999136
76.9	0.997535
77	0.995936
77.1	0.994334
77.2	0.992735
77.3	0.991134
77.4	0.989533
77.5	0.987934
77.6	0.98634
77.7	0.984749
77.8	0.983162
77.9	0.981574
78	0.979984
78.1	0.978395
78.2	0.976807
78.3	0.97522
78.4	0.973634
78.5	0.972047
78.6	0.970461
78.7	0.968881
78.8	0.967313
78.9	0.965747
79	0.964183
79.1	0.962619
79.2	0.961055
79.3	0.9595
79.4	0.957947
79.5	0.956396
79.6	0.954853
79.7	0.953309
79.8	0.951761
79.9	0.950215
80	0.948673
80.1	0.947134
80.2	0.945596
80.3	0.944058
80.4	0.94252
80.5	0.940981
80.6	0.939441
80.7	0.937903
80.8	0.936366
80.9	0.934832
81	0.9333
81.1	0.93177
81.2	0.930243
81.3	0.92872
81.4	0.927199
81.5	0.925683
81.6	0.924174
81.7	0.922668
81.8	0.921164
81.9	0.919659
82	0.918156
82.1	0.916653
82.2	0.915152
82.3	0.913657
82.4	0.912166
82.5	0.910683
82.6	0.909207
82.7	0.907735
82.8	0.906267
82.9	0.904805
83	0.903342
83.1	0.901877
83.2	0.900406
83.3	0.898934
83.4	0.897469
83.5	0.896004
83.6	0.894541
83.7	0.893079
83.8	0.891614
83.9	0.89015
84	0.888692
84.1	0.887236
84.2	0.885782
84.3	0.884333
84.4	0.882895
84.5	0.881461
84.6	0.880031
84.7	0.878605
84.8	0.877185
84.9	0.875774
85	0.87437
85.1	0.872973
85.2	0.871576
85.3	0.870181
85.4	0.868789
85.5	0.867398
85.6	0.866008
85.7	0.864618
85.8	0.863229
85.9	0.861845
86	0.860465
86.1	0.859088
86.2	0.857717
86.3	0.856355
86.4	0.854997
86.5	0.853645
86.6	0.8523
86.7	0.850962
86.8	0.849629
86.9	0.848295
87	0.846963
87.1	0.845634
87.2	0.844308
87.3	0.842988
87.4	0.841668
87.5	0.840352
87.6	0.83904
87.7	0.837734
87.8	0.836434
87.9	0.835138
88	0.833841
88.1	0.832542
88.2	0.831243
88.3	0.829942
88.4	0.828642
88.5	0.827345
88.6	0.826058
88.7	0.824776
88.8	0.823495
88.9	0.822217
89	0.820941
89.1	0.81967
89.2	0.8184
89.3	0.81713
89.4	0.815864
89.5	0.814595
89.6	0.813333
89.7	0.812072
89.8	0.810811
89.9	0.809554
90	0.808303
90.1	0.807058
90.2	0.805816
90.3	0.804581
90.4	0.803345
90.5	0.802107
90.6	0.800874
90.7	0.799646
90.8	0.798425
90.9	0.797206
91	0.795987
91.1	0.794771
91.2	0.793553
91.3	0.792338
91.4	0.791127
91.5	0.78992
91.6	0.788713
91.7	0.787509
91.8	0.78631
91.9	0.785119
92	0.783932
92.1	0.782754
92.2	0.781574
92.3	0.780395
92.4	0.779211
92.5	0.77803
92.6	0.776852
92.7	0.77568
92.8	0.774511
92.9	0.773344
93	0.772178
93.1	0.771016
93.2	0.769857
93.3	0.768708
93.4	0.767562
93.5	0.766416
93.6	0.765269
93.7	0.76412
93.8	0.762967
93.9	0.76181
94	0.760654
94.1	0.759494
94.2	0.758333
94.3	0.757172
94.4	0.756012
94.5	0.754855
94.6	0.753694
94.7	0.752533
94.8	0.75137
94.9	0.750208
95	0.749042
95.1	0.747872
95.2	0.746703
95.3	0.745533
95.4	0.744367
95.5	0.743205
95.6	0.742048
95.7	0.740888
95.8	0.739729
95.9	0.738571
96	0.737416
96.1	0.736266
96.2	0.735116
96.3	0.733963
96.4	0.732808
96.5	0.731656
96.6	0.730509
96.7	0.729366
96.8	0.728224
96.9	0.727087
97	0.725951
97.1	0.724816
97.2	0.723687
97.3	0.722559
97.4	0.721434
97.5	0.72031
97.6	0.719187
97.7	0.718065
97.8	0.716942
97.9	0.71582
98	0.714699
98.1	0.713579
98.2	0.712462
98.3	0.711345
98.4	0.710224
98.5	0.709106
98.6	0.707988
98.7	0.706878
98.8	0.705776
98.9	0.704682
99	0.703592
99.1	0.702505
99.2	0.701416
99.3	0.700329
99.4	0.699243
99.5	0.69816
99.6	0.697079
99.7	0.696005
99.8	0.694941
99.9	0.693886
100	0.692837
100.1	0.691793
100.2	0.690756
100.3	0.689726
100.4	0.6887
100.5	0.687674
100.6	0.68665
100.7	0.685627
100.8	0.684602
100.9	0.68358
101	0.682561
101.1	0.681544
101.2	0.680531
101.3	0.679523
101.4	0.678519
101.5	0.677519
101.6	0.676523
101.7	0.675524
101.8	0.674527
101.9	0.673531
102	0.672534
102.1	0.671532
102.2	0.670532
102.3	0.669533
102.4	0.668535
102.5	0.667539
102.6	0.666541
102.7	0.665536
102.8	0.664525
102.9	0.663507
103	0.662482
103.1	0.661456
103.2	0.660427
103.3	0.659398
103.4	0.658374
103.5	0.657356
103.6	0.656341
103.7	0.655329
103.8	0.654321
103.9	0.653316
104	0.652316
104.1	0.651319
104.2	0.650327
104.3	0.649334
104.4	0.648346
104.5	0.647358
104.6	0.646376
104.7	0.645398
104.8	0.64442
104.9	0.643444
105	0.642468
105.1	0.641495
105.2	0.640528
105.3	0.639565
105.4	0.6386
105.5	0.637634
105.6	0.636668
105.7	0.635707
105.8	0.634747
105.9	0.633788
106	0.632832
106.1	0.631874
106.2	0.630914
106.3	0.629948
106.4	0.628974
106.5	0.627995
106.6	0.627015
106.7	0.626031
106.8	0.625048
106.9	0.624063
107	0.623081
107.1	0.622096
107.2	0.621108
107.3	0.620115
107.4	0.619118
107.5	0.618122
107.6	0.617128
107.7	0.61614
107.8	0.615152
107.9	0.614171
108	0.613192
108.1	0.612216
108.2	0.611243
108.3	0.610275
108.4	0.609313
108.5	0.608349
108.6	0.607385
108.7	0.606422
108.8	0.605456
108.9	0.604489
109	0.603521
109.1	0.602557
109.2	0.601591
109.3	0.600624
109.4	0.599651
109.5	0.598676
109.6	0.597698
109.7	0.596716
109.8	0.595735
109.9	0.594758
110	0.593782
110.1	0.592811
110.2	0.591838
110.3	0.590862
110.4	0.589886
110.5	0.588911
110.6	0.587934
110.7	0.586954
110.8	0.585974
110.9	0.584999
111	0.584029
111.1	0.583064
111.2	0.5821
111.3	0.58114
111.4	0.580184
111.5	0.579231
111.6	0.578286
111.7	0.577346
111.8	0.576413
111.9	0.575487
112	0.574567
112.1	0.573652
112.2	0.572744
112.3	0.571841
112.4	0.570935
112.5	0.570031
112.6	0.56913
112.7	0.56823
112.8	0.567341
112.9	0.566454
113	0.565573
113.1	0.564695
113.2	0.563818
113.3	0.562941
113.4	0.562062
113.5	0.561185
113.6	0.560313
113.7	0.559445
113.8	0.558576
113.9	0.557702
114	0.556826
114.1	0.555955
114.2	0.555089
114.3	0.554223
114.4	0.553359
114.5	0.5525
114.6	0.551647
114.7	0.550801
114.8	0.549958
114.9	0.549118
115	0.548281
115.1	0.547448
115.2	0.546621
115.3	0.545796
115.4	0.544973
115.5	0.544151
115.6	0.543339
115.7	0.542535
115.8	0.541739
115.9	0.540947
116	0.540161
116.1	0.539371
116.2	0.538583
116.3	0.537797
116.4	0.537012
116.5	0.53623
116.6	0.535452
116.7	0.534679
116.8	0.533906
116.9	0.533133
117	0.532358
117.1	0.531583
117.2	0.530809
117.3	0.530039
117.4	0.52927
117.5	0.528502
117.6	0.527739
117.7	0.526977
117.8	0.526215
117.9	0.52545
118	0.524675
118.1	0.523897
118.2	0.523118
118.3	0.522341
118.4	0.521569
118.5	0.520803
118.6	0.520042
118.7	0.519286
118.8	0.51853
118.9	0.517769
119	0.517001
119.1	0.516234
119.2	0.515465
119.3	0.514697
119.4	0.513931
119.5	0.513163
119.6	0.512398
119.7	0.511633
119.8	0.510869
119.9	0.510105
120	0.509344
120.1	0.508589
120.2	0.507837
120.3	0.507086
120.4	0.50634
120.5	0.505601
120.6	0.504867
120.7	0.504135
120.8	0.503408
120.9	0.502681
121	0.501957
121.1	0.501232
121.2	0.500504
121.3	0.499776
121.4	0.49905
121.5	0.498322
121.6	0.497596
121.7	0.496868
121.8	0.49614
121.9	0.495413
122	0.494688
122.1	0.493963
122.2	0.493241
122.3	0.49252
122.4	0.491799
122.5	0.491078
122.6	0.490357
122.7	0.489636
122.8	0.488911
122.9	0.488185
123	0.48746
123.1	0.486731
123.2	0.485999
123.3	0.485265
123.4	0.484532
123.5	0.483803
123.6	0.483076
123.7	0.482349
123.8	0.481621
123.9	0.480899
124	0.480178
124.1	0.479456
124.2	0.478734
124.3	0.478014
124.4	0.477293
124.5	0.476574
124.6	0.475856
124.7	0.475137
124.8	0.474422
124.9	0.473714
125	0.473014
125.1	0.472326
125.2	0.471637
125.3	0.470947
125.4	0.470256
125.5	0.469569
125.6	0.468881
125.7	0.468194
125.8	0.467507
125.9	0.466822
126	0.46614
126.1	0.465456
126.2	0.464772
126.3	0.464091
126.4	0.463416
126.5	0.462745
126.6	0.462076
126.7	0.46141
126.8	0.460745
126.9	0.460083
127	0.459427
127.1	0.45877
127.2	0.458114
127.3	0.45746
127.4	0.456813
127.5	0.456167
127.6	0.455526
127.7	0.454889
127.8	0.454246
127.9	0.453609
128	0.452973
128.1	0.452339
128.2	0.451704
128.3	0.45107
128.4	0.450441
128.5	0.449818
128.6	0.449202
128.7	0.448593
128.8	0.44798
128.9	0.447367
129	0.446751
129.1	0.44614
129.2	0.44553
129.3	0.444916
129.4	0.444306
129.5	0.443697
129.6	0.443089
129.7	0.442482
129.8	0.441877
129.9	0.441272
130	0.44067
130.1	0.44007
130.2	0.439474
130.3	0.438881
130.4	0.438286
130.5	0.437692
130.6	0.437094
130.7	0.436494
130.8	0.435894
130.9	0.435294
131	0.43469
131.1	0.434088
131.2	0.43349
131.3	0.432892
131.4	0.432297
131.5	0.431705
131.6	0.431112
131.7	0.430521
131.8	0.429929
131.9	0.429339
132	0.428752
132.1	0.428169
132.2	0.427591
132.3	0.427015
132.4	0.426443
132.5	0.425874
132.6	0.42531
132.7	0.424741
132.8	0.424167
132.9	0.423589
133	0.423013
133.1	0.42244
133.2	0.421872
133.3	0.421305
133.4	0.420735
133.5	0.420159
133.6	0.419573
133.7	0.418982
133.8	0.418392
133.9	0.417808
134	0.417232
134.1	0.416663
134.2	0.416094
134.3	0.415525
134.4	0.414956
134.5	0.414391
134.6	0.413828
134.7	0.413263
134.8	0.412692
134.9	0.412119
135	0.411543
135.1	0.410969
135.2	0.410396
135.3	0.409824
135.4	0.409252
135.5	0.408682
135.6	0.408117
135.7	0.40755
135.8	0.406987
135.9	0.406429
136	0.405876
136.1	0.405326
136.2	0.404772
136.3	0.404214
136.4	0.403651
136.5	0.403084
136.6	0.402517
136.7	0.401953
136.8	0.401391
136.9	0.400828
137	0.400267
137.1	0.399708
137.2	0.399151
137.3	0.3986
137.4	0.398051
137.5	0.3975
137.6	0.396951
137.7	0.396408
137.8	0.39587
137.9	0.395339
138	0.394812
138.1	0.394289
138.2	0.393768
138.3	0.393251
138.4	0.392734
138.5	0.392218
138.6	0.391705
138.7	0.391197
138.8	0.390695
138.9	0.390196
139	0.389692
139.1	0.389189
139.2	0.388685
139.3	0.388185
139.4	0.387689
139.5	0.387192
139.6	0.386697
139.7	0.386208
139.8	0.385725
139.9	0.385251
140	0.384783
140.1	0.384314
140.2	0.383842
140.3	0.383365
140.4	0.382887
140.5	0.382408
140.6	0.381926
140.7	0.381443
140.8	0.380959
140.9	0.380477
141	0.379996
141.1	0.379517
141.2	0.379045
141.3	0.378579
141.4	0.37812
141.5	0.377663
141.6	0.37721
141.7	0.376761
141.8	0.37632
141.9	0.375885
142	0.37545
142.1	0.375015
142.2	0.374584
142.3	0.374155
142.4	0.37373
142.5	0.373306
142.6	0.372884
142.7	0.372462
142.8	0.372042
142.9	0.371621
143	0.371196
143.1	0.370771
143.2	0.370347
143.3	0.369924
143.4	0.369502
143.5	0.369077
143.6	0.368646
143.7	0.36821
143.8	0.367774
143.9	0.367335
144	0.366897
144.1	0.366458
144.2	0.366021
144.3	0.365589
144.4	0.365159
144.5	0.364733
144.6	0.364313
144.7	0.363892
144.8	0.363475
144.9	0.36305
145	0.362619
145.1	0.362187
145.2	0.361756
145.3	0.361326
145.4	0.360892
145.5	0.360453
145.6	0.360011
145.7	0.35957
145.8	0.359133
145.9	0.3587
146	0.358269
146.1	0.35784
146.2	0.357412
146.3	0.356984
146.4	0.356557
146.5	0.35613
146.6	0.355704
146.7	0.35528
146.8	0.354861
146.9	0.354442
147	0.354024
147.1	0.353605
147.2	0.353185
147.3	0.352766
147.4	0.352347
147.5	0.35192
147.6	0.351491
147.7	0.351059
147.8	0.350622
147.9	0.350185
148	0.349748
148.1	0.349306
148.2	0.348857
148.3	0.3484
148.4	0.347939
148.5	0.347481
148.6	0.347023
148.7	0.346565
148.8	0.346112
148.9	0.345667
149	0.345224
149.1	0.344782
149.2	0.344342
149.3	0.343904
149.4	0.343469
149.5	0.343032
149.6	0.342592
149.7	0.342153
149.8	0.34171
149.9	0.341264
150	0.340812
150.1	0.340362
150.2	0.339913
150.3	0.339462
150.4	0.339013
150.5	0.338569
150.6	0.338127
150.7	0.337688
150.8	0.33725
150.9	0.336818
151	0.336391
151.1	0.335963
151.2	0.335538
151.3	0.335116
151.4	0.334697
151.5	0.334284
151.6	0.333871
151.7	0.333453
151.8	0.333032
151.9	0.332612
152	0.33219
152.1	0.331765
152.2	0.331341
152.3	0.330912
152.4	0.330482
152.5	0.330051
152.6	0.329619
152.7	0.329187
152.8	0.328759
152.9	0.328332
153	0.327906
153.1	0.327486
153.2	0.327066
153.3	0.326648
153.4	0.326225
153.5	0.325799
153.6	0.325367
153.7	0.324932
153.8	0.324497
153.9	0.324064
154	0.323632
154.1	0.323205
154.2	0.322783
154.3	0.322364
154.4	0.32195
154.5	0.321533
154.6	0.321115
154.7	0.320694
154.8	0.320274
154.9	0.319856
155	0.319429
155.1	0.319002
155.2	0.318576
155.3	0.31815
155.4	0.317725
155.5	0.317304
155.6	0.316883
155.7	0.316465
155.8	0.31605
155.9	0.315633
156	0.315212
156.1	0.314789
156.2	0.314369
156.3	0.313949
156.4	0.313526
156.5	0.313107
156.6	0.31269
156.7	0.312278
156.8	0.311873
156.9	0.311468
157	0.311068
157.1	0.310674
157.2	0.310283
157.3	0.309894
157.4	0.309497
157.5	0.309098
157.6	0.308699
157.7	0.308304
157.8	0.307912
157.9	0.307523
158	0.30714
158.1	0.306763
158.2	0.306389
158.3	0.306016
158.4	0.305645
158.5	0.305281
158.6	0.30492
158.7	0.304557
158.8	0.304192
158.9	0.303827
159	0.303465
159.1	0.303103
159.2	0.302738
159.3	0.302375
159.4	0.302012
159.5	0.301644
159.6	0.301272
159.7	0.300891
159.8	0.300506
159.9	0.300117
160	0.299729
160.1	0.299346
160.2	0.29896
160.3	0.298575
160.4	0.29819
160.5	0.297799
160.6	0.297402
160.7	0.297002
160.8	0.296601
160.9	0.2962
161	0.295799
161.1	0.295399
161.2	0.294996
161.3	0.294594
161.4	0.294196
161.5	0.2938
161.6	0.293405
161.7	0.293012
161.8	0.292621
161.9	0.292234
162	0.291847
162.1	0.291461
162.2	0.291075
162.3	0.290686
162.4	0.290294
162.5	0.289902
162.6	0.289512
162.7	0.289127
162.8	0.288748
162.9	0.288375
163	0.288005
163.1	0.287635
163.2	0.287265
163.3	0.286895
163.4	0.286524
163.5	0.286145
163.6	0.285761
163.7	0.285371
163.8	0.28498
163.9	0.28459
164	0.284205
164.1	0.283821
164.2	0.283437
164.3	0.283048
164.4	0.282661
164.5	0.282273
164.6	0.281886
164.7	0.281495
164.8	0.2811
164.9	0.280706
165	0.28031
165.1	0.279917
165.2	0.279529
165.3	0.279144
165.4	0.278765
165.5	0.278391
165.6	0.278016
165.7	0.27764
165.8	0.277268
165.9	0.276896
166	0.27652
166.1	0.276144
166.2	0.275772
166.3	0.275398
166.4	0.275025
166.5	0.274655
166.6	0.274285
166.7	0.273921
166.8	0.273563
166.9	0.273202
167	0.272836
167.1	0.272475
167.2	0.272109
167.3	0.271741
167.4	0.271369
167.5	0.270993
167.6	0.270617
167.7	0.270241
167.8	0.269865
167.9	0.269489
168	0.269115
168.1	0.268739
168.2	0.268364
168.3	0.267988
168.4	0.267612
168.5	0.267242
168.6	0.266875
168.7	0.266512
168.8	0.266142
168.9	0.265764
169	0.265374
169.1	0.264982
169.2	0.264589
169.3	0.264193
169.4	0.263795
169.5	0.263398
169.6	0.263001
169.7	0.262599
169.8	0.262195
169.9	0.261785
170	0.261375
170.1	0.260968
170.2	0.260563
170.3	0.260161
170.4	0.259761
170.5	0.259364
170.6	0.258968
170.7	0.258573
170.8	0.258183
170.9	0.2578
171	0.257419
171.1	0.257037
171.2	0.256657
171.3	0.256284
171.4	0.255915
171.5	0.255553
171.6	0.255195
171.7	0.254841
171.8	0.25449
171.9	0.25414
172	0.253795
172.1	0.253452
172.2	0.253114
172.3	0.252778
172.4	0.252444
172.5	0.252113
172.6	0.251783
172.7	0.251457
172.8	0.25113
172.9	0.250802
173	0.250473
173.1	0.250151
173.2	0.249838
173.3	0.249528
173.4	0.249225
173.5	0.248926
173.6	0.248627
173.7	0.248332
173.8	0.24804
173.9	0.247745
174	0.247445
174.1	0.247146
174.2	0.246849
174.3	0.246556
174.4	0.246272
174.5	0.245987
174.6	0.245705
174.7	0.245423
174.8	0.245143
174.9	0.244863
175	0.244583
175.1	0.244303
175.2	0.24402
175.3	0.243731
175.4	0.243445
175.5	0.24316
175.6	0.242873
175.7	0.242588
175.8	0.242307
175.9	0.242022
176	0.241734
176.1	0.241446
176.2	0.241155
176.3	0.24087
176.4	0.240588
176.5	0.240306
176.6	0.240023
176.7	0.239733
176.8	0.23944
176.9	0.239144
177	0.238848
177.1	0.238554
177.2	0.238265
177.3	0.237976
177.4	0.237689
177.5	0.237405
177.6	0.237122
177.7	0.236835
177.8	0.236547
177.9	0.236257
178	0.235971
178.1	0.235684
178.2	0.235398
178.3	0.235106
178.4	0.234811
178.5	0.234515
178.6	0.234219
178.7	0.233919
178.8	0.233621
178.9	0.233325
179	0.233036
179.1	0.232752
179.2	0.232467
179.3	0.232179
179.4	0.231887
179.5	0.23159
179.6	0.231289
179.7	0.230984
179.8	0.230683
179.9	0.230384
180	0.230086
180.1	0.229782
180.2	0.229473
180.3	0.229166
180.4	0.228862
180.5	0.228563
180.6	0.228263
180.7	0.227963
180.8	0.227664
180.9	0.227372
181	0.227078
181.1	0.226783
181.2	0.226484
181.3	0.226184
181.4	0.225887
181.5	0.225592
181.6	0.2253
181.7	0.225008
181.8	0.224722
181.9	0.224437
182	0.224151
182.1	0.223865
182.2	0.223579
182.3	0.223299
182.4	0.22302
182.5	0.222739
182.6	0.222452
182.7	0.222169
182.8	0.221884
182.9	0.221603
183	0.221318
183.1	0.221036
183.2	0.220752
183.3	0.220474
183.4	0.220198
183.5	0.219931
183.6	0.219672
183.7	0.21942
183.8	0.219166
183.9	0.21891
184	0.218652
184.1	0.218396
184.2	0.21814
184.3	0.217886
184.4	0.217631
184.5	0.217374
184.6	0.217118
184.7	0.216861
184.8	0.216607
184.9	0.216356
185	0.216109
185.1	0.215864
185.2	0.215627
185.3	0.2154
185.4	0.215173
185.5	0.214943
185.6	0.214713
185.7	0.214483
185.8	0.214254
185.9	0.214022
186	0.213789
186.1	0.213552
186.2	0.213313
186.3	0.213071
186.4	0.212827
186.5	0.212583
186.6	0.212339
186.7	0.212092
186.8	0.211844
186.9	0.211593
187	0.211341
187.1	0.211087
187.2	0.210833
187.3	0.210583
187.4	0.210342
187.5	0.2101
187.6	0.209859
187.7	0.209616
187.8	0.209376
187.9	0.209133
188	0.208889
188.1	0.20865
188.2	0.208412
188.3	0.208173
188.4	0.207931
188.5	0.207684
188.6	0.207435
188.7	0.207184
188.8	0.206933
188.9	0.20668
189	0.20643
189.1	0.206181
189.2	0.205935
189.3	0.205689
189.4	0.205442
189.5	0.205192
189.6	0.20494
189.7	0.204683
189.8	0.204427
189.9	0.204168
190	0.203908
190.1	0.203649
190.2	0.203386
190.3	0.203126
190.4	0.202866
190.5	0.20261
190.6	0.202359
190.7	0.20211
190.8	0.20186
190.9	0.201609
191	0.201359
191.1	0.201113
191.2	0.200866
191.3	0.200621
191.4	0.200376
191.5	0.200132
191.6	0.199887
191.7	0.199639
191.8	0.199394
191.9	0.199149
192	0.198904
192.1	0.19866
192.2	0.198413
192.3	0.198164
192.4	0.197916
192.5	0.197664
192.6	0.197411
192.7	0.197157
192.8	0.196901
192.9	0.19664
193	0.196382
193.1	0.19613
193.2	0.195885
193.3	0.19564
193.4	0.195396
193.5	0.195155
193.6	0.194914
193.7	0.19467
193.8	0.194428
193.9	0.194189
194	0.193948
194.1	0.193708
194.2	0.193466
194.3	0.193228
194.4	0.19299
194.5	0.192752
194.6	0.192514
194.7	0.192275
194.8	0.192037
194.9	0.191796
195	0.191553
195.1	0.191307
195.2	0.191065
195.3	0.190827
195.4	0.190589
195.5	0.19035
195.6	0.190107
195.7	0.18986
195.8	0.18961
195.9	0.189356
196	0.189101
196.1	0.188849
196.2	0.188602
196.3	0.188357
196.4	0.188109
196.5	0.187862
196.6	0.187615
196.7	0.187371
196.8	0.187133
196.9	0.186899
197	0.186666
197.1	0.186437
197.2	0.186211
197.3	0.185987
197.4	0.185764
197.5	0.185545
197.6	0.185323
197.7	0.1851
197.8	0.184877
197.9	0.184654
198	0.184432
198.1	0.184209
198.2	0.183984
198.3	0.183759
198.4	0.183533
198.5	0.183312
198.6	0.183092
198.7	0.182867
198.8	0.182638
198.9	0.18241
199	0.182181
199.1	0.181951
199.2	0.18172
199.3	0.181499
199.4	0.181276
199.5	0.181051
199.6	0.180822
199.7	0.180589
199.8	0.180356
199.9	0.180122
200	0.179892
200.1	0.179662
200.2	0.179431
200.3	0.179197
200.4	0.178957
200.5	0.178712
200.6	0.178463
200.7	0.178205
200.8	0.17794
200.9	0.177674
201	0.177406
201.1	0.177139
201.2	0.176871
201.3	0.176604
201.4	0.176339
201.5	0.17608
201.6	0.175827
201.7	0.175577
201.8	0.175333
201.9	0.175093
202	0.174856
202.1	0.174617
202.2	0.174371
202.3	0.174124
202.4	0.173871
202.5	0.173622
202.6	0.173382
202.7	0.173153
202.8	0.172926
202.9	0.172698
203	0.17247
203.1	0.172241
203.2	0.172016
203.3	0.171793
203.4	0.171573
203.5	0.171353
203.6	0.171132
203.7	0.170912
203.8	0.170692
203.9	0.170474
204	0.170258
204.1	0.170047
204.2	0.169841
204.3	0.169639
204.4	0.169438
204.5	0.169238
204.6	0.169035
204.7	0.168833
204.8	0.16863
204.9	0.168429
205	0.168227
205.1	0.168028
205.2	0.167832
205.3	0.167641
205.4	0.167457
205.5	0.167276
205.6	0.167091
205.7	0.166904
205.8	0.166718
205.9	0.166539
206	0.166364
206.1	0.166195
206.2	0.16603
206.3	0.165868
206.4	0.16571
206.5	0.165554
206.6	0.165399
206.7	0.165248
206.8	0.165097
206.9	0.164943
207	0.16478
207.1	0.16461
207.2	0.164439
207.3	0.164266
207.4	0.164098
207.5	0.163929
207.6	0.163758
207.7	0.163584
207.8	0.163411
207.9	0.163237
208	0.163064
208.1	0.162893
208.2	0.162722
208.3	0.162546
208.4	0.162366
208.5	0.162184
208.6	0.162003
208.7	0.161827
208.8	0.161654
208.9	0.16148
209	0.161305
209.1	0.161126
209.2	0.160942
209.3	0.160756
209.4	0.160572
209.5	0.160392
209.6	0.160219
209.7	0.16005
209.8	0.159881
209.9	0.159712
210	0.159542
210.1	0.159371
210.2	0.159202
210.3	0.159034
210.4	0.158871
210.5	0.158708
210.6	0.158549
210.7	0.158399
210.8	0.158253
210.9	0.158107
211	0.157965
211.1	0.157831
211.2	0.157705
211.3	0.157586
211.4	0.157469
211.5	0.157353
211.6	0.15723
211.7	0.157105
211.8	0.156974
211.9	0.15683
212	0.156679
212.1	0.156527
212.2	0.156374
212.3	0.15622
212.4	0.156061
212.5	0.155897
212.6	0.155735
212.7	0.155574
212.8	0.155413
212.9	0.15525
213	0.155088
213.1	0.154923
213.2	0.154756
213.3	0.154589
213.4	0.15442
213.5	0.154252
213.6	0.154087
213.7	0.153923
213.8	0.153763
213.9	0.1536
214	0.153435
214.1	0.153277
214.2	0.15312
214.3	0.152964
214.4	0.152811
214.5	0.152659
214.6	0.152511
214.7	0.152369
214.8	0.152232
214.9	0.152099
215	0.151967
215.1	0.151839
215.2	0.151716
215.3	0.151598
215.4	0.151484
215.5	0.151371
215.6	0.15126
215.7	0.151149
215.8	0.151033
215.9	0.150914
216	0.150792
216.1	0.150669
216.2	0.150542
216.3	0.150412
216.4	0.15028
216.5	0.150147
216.6	0.150013
216.7	0.149878
216.8	0.149741
216.9	0.1496
217	0.149454
217.1	0.149307
217.2	0.149163
217.3	0.14902
217.4	0.148875
217.5	0.148732
217.6	0.148589
217.7	0.148445
217.8	0.1483
217.9	0.148154
218	0.148009
218.1	0.147864
218.2	0.147721
218.3	0.147576
218.4	0.147429
218.5	0.14728
218.6	0.147129
218.7	0.146978
218.8	0.146829
218.9	0.146686
219	0.146546
219.1	0.146404
219.2	0.146262
219.3	0.146121
219.4	0.145984
219.5	0.145849
219.6	0.145718
219.7	0.145586
219.8	0.145451
219.9	0.145315
220	0.145178
220.1	0.145043
220.2	0.14491
220.3	0.14478
220.4	0.144658
220.5	0.144538
220.6	0.144418
220.7	0.144298
220.8	0.144179
220.9	0.144064
221	0.143956
221.1	0.14385
221.2	0.143742
221.3	0.14363
221.4	0.143515
221.5	0.143395
221.6	0.143266
221.7	0.143134
221.8	0.143005
221.9	0.142876
222	0.142746
222.1	0.142617
222.2	0.142489
222.3	0.142359
222.4	0.142229
222.5	0.142099
222.6	0.141973
222.7	0.14185
222.8	0.141725
222.9	0.141591
223	0.141452
223.1	0.141316
223.2	0.141185
223.3	0.141056
223.4	0.140931
223.5	0.140802
223.6	0.140669
223.7	0.140541
223.8	0.140412
223.9	0.140283
224	0.140153
224.1	0.140024
224.2	0.139892
224.3	0.139753
224.4	0.139614
224.5	0.139472
224.6	0.139326
224.7	0.13918
224.8	0.13903
224.9	0.138881
225	0.138732
225.1	0.138582
225.2	0.138433
225.3	0.138286
225.4	0.138139
225.5	0.137986
225.6	0.137831
225.7	0.13768
225.8	0.13753
225.9	0.137375
226	0.137217
226.1	0.137062
226.2	0.136909
226.3	0.136758
226.4	0.136611
226.5	0.136463
226.6	0.136316
226.7	0.136168
226.8	0.136014
226.9	0.135859
227	0.135708
227.1	0.135563
227.2	0.135419
227.3	0.135277
227.4	0.135138
227.5	0.135001
227.6	0.134859
227.7	0.134717
227.8	0.134575
227.9	0.134435
228	0.134291
228.1	0.134144
228.2	0.133998
228.3	0.133851
228.4	0.133703
228.5	0.133559
228.6	0.133417
228.7	0.133277
228.8	0.13314
228.9	0.133006
229	0.132877
229.1	0.132747
229.2	0.132626
229.3	0.132512
229.4	0.132402
229.5	0.132293
229.6	0.132187
229.7	0.132082
229.8	0.131978
229.9	0.13187
230	0.131758
230.1	0.13164
230.2	0.131521
230.3	0.1314
230.4	0.131277
230.5	0.131155
230.6	0.131035
230.7	0.130914
230.8	0.130795
230.9	0.130675
231	0.130555
231.1	0.130439
231.2	0.130326
231.3	0.130215
231.4	0.130107
231.5	0.13
231.6	0.129893
231.7	0.129786
231.8	0.129682
231.9	0.129578
232	0.129474
232.1	0.129373
232.2	0.129274
232.3	0.129176
232.4	0.129076
232.5	0.128979
232.6	0.128882
232.7	0.128785
232.8	0.128681
232.9	0.128576
233	0.128472
233.1	0.128368
233.2	0.128264
233.3	0.128163
233.4	0.128066
233.5	0.12797
233.6	0.127869
233.7	0.12777
233.8	0.127673
233.9	0.127577
234	0.12748
234.1	0.127386
234.2	0.127299
234.3	0.127216
234.4	0.127135
234.5	0.127054
234.6	0.126966
234.7	0.126872
234.8	0.126774
234.9	0.126676
235	0.126581
235.1	0.126487
235.2	0.126391
235.3	0.126291
235.4	0.126187
235.5	0.126078
235.6	0.125965
235.7	0.12585
235.8	0.125733
235.9	0.125612
236	0.125491
236.1	0.125366
236.2	0.125238
236.3	0.125103
236.4	0.12496
236.5	0.124814
236.6	0.12467
236.7	0.124525
236.8	0.124386
236.9	0.124249
237	0.124118
237.1	0.123992
237.2	0.123868
237.3	0.123747
237.4	0.123627
237.5	0.123508
237.6	0.123385
237.7	0.123263
237.8	0.123141
237.9	0.12302
238	0.122902
238.1	0.122788
238.2	0.12267
238.3	0.122548
238.4	0.122421
238.5	0.122295
238.6	0.122165
238.7	0.122034
238.8	0.121906
238.9	0.121777
239	0.121652
239.1	0.121533
239.2	0.121422
239.3	0.121319
239.4	0.121216
239.5	0.121116
239.6	0.121016
239.7	0.120918
239.8	0.120819
239.9	0.120721
240	0.120622
240.1	0.120521
240.2	0.120416
240.3	0.120309
240.4	0.120199
240.5	0.120089
240.6	0.119974
240.7	0.119858
240.8	0.119744
240.9	0.119633
241	0.119521
241.1	0.119409
241.2	0.119298
241.3	0.119183
241.4	0.119065
241.5	0.118943
241.6	0.118817
241.7	0.118694
241.8	0.118575
241.9	0.118454
242	0.118333
242.1	0.118214
242.2	0.118098
242.3	0.117985
242.4	0.117874
242.5	0.11776
242.6	0.117638
242.7	0.117511
242.8	0.117381
242.9	0.117248
243	0.117113
243.1	0.116974
243.2	0.116833
243.3	0.116689
243.4	0.11654
243.5	0.116391
243.6	0.116243
243.7	0.116096
243.8	0.11595
243.9	0.115803
244	0.115655
244.1	0.1155
244.2	0.115341
244.3	0.115182
244.4	0.115027
244.5	0.114873
244.6	0.114718
244.7	0.11456
244.8	0.114401
244.9	0.11424
245	0.114079
245.1	0.113914
245.2	0.113749
245.3	0.113587
245.4	0.113421
245.5	0.113258
245.6	0.11309
245.7	0.112919
245.8	0.112748
245.9	0.112577
246	0.112404
246.1	0.112231
246.2	0.112055
246.3	0.111884
246.4	0.111719
246.5	0.111551
246.6	0.111379
246.7	0.111206
246.8	0.111035
246.9	0.110869
247	0.110707
247.1	0.110548
247.2	0.110392
247.3	0.110236
247.4	0.110083
247.5	0.10993
247.6	0.109774
247.7	0.109619
247.8	0.109463
247.9	0.109309
248	0.109156
248.1	0.109003
248.2	0.108851
248.3	0.108701
248.4	0.108548
248.5	0.108397
248.6	0.108246
248.7	0.108095
248.8	0.107947
248.9	0.107798
249	0.107649
249.1	0.107499
249.2	0.107352
249.3	0.107209
249.4	0.107066
249.5	0.106921
249.6	0.106776
249.7	0.106632
249.8	0.106486
249.9	0.106338
250	0.106181
250.1	0.106018
250.2	0.105855
250.3	0.105688
250.4	0.105523
250.5	0.10536
250.6	0.105202
250.7	0.105044
250.8	0.104889
250.9	0.104733
251	0.104575
251.1	0.104412
251.2	0.104248
251.3	0.104086
251.4	0.103925
251.5	0.103763
251.6	0.103604
251.7	0.103448
251.8	0.103293
251.9	0.103138
252	0.102985
252.1	0.10283
252.2	0.102679
252.3	0.102531
252.4	0.102386
252.5	0.10224
252.6	0.102094
252.7	0.10195
252.8	0.101805
252.9	0.101658
253	0.10151
253.1	0.101361
253.2	0.101206
253.3	0.101051
253.4	0.100897
253.5	0.100747
253.6	0.100596
253.7	0.100443
253.8	0.100297
253.9	0.100156
254	0.100014
254.1	0.0998737
254.2	0.0997344
254.3	0.099598
254.4	0.0994599
254.5	0.0993223
254.6	0.0991841
254.7	0.0990452
254.8	0.0989037
254.9	0.0987631
255	0.0986258
255.1	0.0984898
255.2	0.098353
255.3	0.0982172
255.4	0.0980822
255.5	0.0979475
255.6	0.0978154
255.7	0.0976816
255.8	0.0975426
255.9	0.0974013
256	0.0972585
256.1	0.0971126
256.2	0.0969652
256.3	0.0968208
256.4	0.0966774
256.5	0.0965359
256.6	0.0963892
256.7	0.0962377
256.8	0.0960836
256.9	0.0959238
257	0.0957577
257.1	0.0955907
257.2	0.0954221
257.3	0.0952495
257.4	0.0950749
257.5	0.0949008
257.6	0.094728
257.7	0.0945579
257.8	0.0943907
257.9	0.0942268
258	0.0940656
258.1	0.0939076
258.2	0.0937539
258.3	0.0936054
258.4	0.0934598
258.5	0.093311
258.6	0.0931613
258.7	0.0930149
258.8	0.0928738
258.9	0.0927372
259	0.0926039
259.1	0.0924712
259.2	0.0923393
259.3	0.0922106
259.4	0.092087
259.5	0.091968
259.6	0.0918524
259.7	0.0917398
259.8	0.0916284
259.9	0.0915131
260	0.0913985
260.1	0.0912837
260.2	0.0911675
260.3	0.0910525
260.4	0.0909306
260.5	0.0908091
260.6	0.0906873
260.7	0.0905645
260.8	0.0904453
260.9	0.0903218
261	0.0901973
261.1	0.0900744
261.2	0.0899524
261.3	0.0898273
261.4	0.0897014
261.5	0.0895733
261.6	0.0894436
261.7	0.0893154
261.8	0.0891932
261.9	0.0890741
262	0.0889565
262.1	0.0888372
262.2	0.0887184
262.3	0.0885973
262.4	0.0884676
262.5	0.088339
262.6	0.0882102
262.7	0.0880798
262.8	0.0879468
262.9	0.0878161
263	0.0876923
263.1	0.0875753
263.2	0.0874653
263.3	0.087359
263.4	0.0872508
263.5	0.0871398
263.6	0.0870267
263.7	0.0869164
263.8	0.086807
263.9	0.0866975
264	0.0865921
264.1	0.0864922
264.2	0.0863881
264.3	0.0862832
264.4	0.0861811
264.5	0.0860804
264.6	0.0859799
264.7	0.085882
264.8	0.0857888
264.9	0.085693
265	0.0855977
265.1	0.0854991
265.2	0.0853998
265.3	0.0853024
265.4	0.0852007
265.5	0.0850999
265.6	0.084998
265.7	0.0848955
265.8	0.0847943
265.9	0.0846941
266	0.0845987
266.1	0.0845074
266.2	0.0844111
266.3	0.0843137
266.4	0.0842129
266.5	0.0841143
266.6	0.0840142
266.7	0.0839117
266.8	0.0838101
266.9	0.0837139
267	0.083619
267.1	0.0835275
267.2	0.0834376
267.3	0.0833478
267.4	0.0832542
267.5	0.0831567
267.6	0.0830579
267.7	0.0829532
267.8	0.0828474
267.9	0.0827403
268	0.0826383
268.1	0.0825422
268.2	0.082446
268.3	0.0823603
268.4	0.0822832
268.5	0.0822075
268.6	0.0821299
268.7	0.082054
268.8	0.0819762
268.9	0.0818976
269	0.0818177
269.1	0.0817368
269.2	0.0816508
269.3	0.0815611
269.4	0.0814678
269.5	0.0813747
269.6	0.081282
269.7	0.081194
269.8	0.0811054
269.9	0.0810212
270	0.0809423
270.1	0.0808637
270.2	0.0807835
270.3	0.0807006
270.4	0.0806135
270.5	0.0805235
270.6	0.0804343
270.7	0.080341
270.8	0.0802461
270.9	0.0801481
271	0.0800428
271.1	0.079938
271.2	0.0798318
271.3	0.0797208
271.4	0.0796081
271.5	0.0794916
271.6	0.0793716
271.7	0.0792476
271.8	0.0791249
271.9	0.0790095
272	0.0789008
272.1	0.0788003
272.2	0.0787077
272.3	0.0786186
272.4	0.0785332
272.5	0.0784455
272.6	0.0783582
272.7	0.0782748
272.8	0.0781918
272.9	0.0781066
273	0.0780175
273.1	0.0779226
273.2	0.077828
273.3	0.0777318
273.4	0.0776321
273.5	0.0775222
273.6	0.077411
273.7	0.0772967
273.8	0.0771812
273.9	0.0770658
274	0.0769488
274.1	0.0768288
274.2	0.0767046
274.3	0.0765758
274.4	0.0764419
274.5	0.0762981
274.6	0.0761545
274.7	0.076016
274.8	0.0758803
274.9	0.0757474
275	0.0756104
275.1	0.0754726
275.2	0.0753356
275.3	0.0751959
275.4	0.0750584
275.5	0.0749199
275.6	0.0747808
275.7	0.0746472
275.8	0.0745138
275.9	0.0743801
276	0.0742425
276.1	0.0741065
276.2	0.073971
276.3	0.0738362
276.4	0.0736961
276.5	0.0735552
276.6	0.0734147
276.7	0.0732785
276.8	0.0731438
276.9	0.0730081
277	0.0728717
277.1	0.0727343
277.2	0.0725922
277.3	0.0724539
277.4	0.0723142
277.5	0.0721764
277.6	0.0720437
277.7	0.0719141
277.8	0.0717865
277.9	0.071661
278	0.0715394
278.1	0.0714195
278.2	0.0712973
278.3	0.0711731
278.4	0.0710488
278.5	0.0709242
278.6	0.0707996
278.7	0.0706808
278.8	0.0705651
278.9	0.0704541
279	0.0703447
279.1	0.0702379
279.2	0.0701313
279.3	0.0700231
279.4	0.0699128
279.5	0.069803
279.6	0.0696956
279.7	0.069586
279.8	0.069479
279.9	0.0693744
280	0.0692684
280.1	0.0691621
280.2	0.0690497
280.3	0.0689386
280.4	0.068829
280.5	0.0687181
280.6	0.068603
280.7	0.0684903
280.8	0.0683786
280.9	0.068268
281	0.0681586
281.1	0.0680528
281.2	0.06795
281.3	0.0678469
281.4	0.0677426
281.5	0.067639
281.6	0.0675348
281.7	0.0674313
281.8	0.0673277
281.9	0.0672239
282	0.0671232
282.1	0.0670255
282.2	0.0669265
282.3	0.0668255
282.4	0.0667208
282.5	0.0666184
282.6	0.0665145
282.7	0.0664091
282.8	0.0663057
282.9	0.066207
283	0.0661116
283.1	0.0660165
283.2	0.0659202
283.3	0.0658224
283.4	0.0657229
283.5	0.0656236
283.6	0.0655168
283.7	0.065408
283.8	0.0653023
283.9	0.0652054
284	0.0651133
284.1	0.0650183
284.2	0.0649214
284.3	0.0648207
284.4	0.0647212
284.5	0.0646184
284.6	0.0645165
284.7	0.0644178
284.8	0.0643157
284.9	0.0642076
285	0.0640969
285.1	0.0639845
285.2	0.0638698
285.3	0.0637577
285.4	0.0636446
285.5	0.0635298
285.6	0.0634143
285.7	0.0633035
285.8	0.0631974
285.9	0.0630947
286	0.0629926
286.1	0.0628924
286.2	0.0627916
286.3	0.0626868
286.4	0.0625785
286.5	0.062472
286.6	0.0623683
286.7	0.0622652
286.8	0.0621632
286.9	0.0620594
287	0.061956
287.1	0.0618609
287.2	0.0617705
287.3	0.0616839
287.4	0.0615968
287.5	0.0615103
287.6	0.0614196
287.7	0.0613245
287.8	0.0612288
287.9	0.0611331
288	0.061041
288.1	0.0609508
288.2	0.0608611
288.3	0.0607704
288.4	0.0606762
288.5	0.0605828
288.6	0.0604914
288.7	0.0603996
288.8	0.0603036
288.9	0.0602083
289	0.0601098
289.1	0.0600077
289.2	0.0599071
289.3	0.0598108
289.4	0.0597183
289.5	0.0596258
289.6	0.0595332
289.7	0.0594443
289.8	0.059357
289.9	0.0592673
290	0.0591776
290.1	0.059093
290.2	0.0590111
290.3	0.0589321
290.4	0.0588525
290.5	0.0587735
290.6	0.0586968
290.7	0.058617
290.8	0.0585352
290.9	0.0584546
291	0.05837
291.1	0.0582802
291.2	0.0581899
291.3	0.058104
291.4	0.0580203
291.5	0.0579415
291.6	0.0578567
291.7	0.057772
291.8	0.0576878
291.9	0.0576063
292	0.057525
292.1	0.0574388
292.2	0.0573541
292.3	0.0572694
292.4	0.0571825
292.5	0.057097
292.6	0.0570118
292.7	0.0569282
292.8	0.0568555
292.9	0.0567897
293	0.0567252
293.1	0.0566597
293.2	0.0565965
293.3	0.0565306
293.4	0.0564642
293.5	0.0563965
293.6	0.056325
293.7	0.0562551
293.8	0.0561869
293.9	0.056118
294	0.0560468
294.1	0.0559709
294.2	0.0558932
294.3	0.0558192
294.4	0.0557501
294.5	0.0556793
294.6	0.0556022
294.7	0.0555154
294.8	0.0554254
294.9	0.0553362
295	0.0552493
295.1	0.0551625
295.2	0.0550757
295.3	0.0549847
295.4	0.0548936
295.5	0.0548043
295.6	0.0547153
295.7	0.0546259
295.8	0.0545339
295.9	0.0544436
296	0.0543565
296.1	0.0542742
296.2	0.0541911
296.3	0.0541051
296.4	0.0540159
296.5	0.0539214
296.6	0.0538258
296.7	0.0537287
296.8	0.0536257
296.9	0.0535169
297	0.0534093
297.1	0.0532998
297.2	0.053188
297.3	0.0530744
297.4	0.0529582
297.5	0.0528381
297.6	0.0527201
297.7	0.0526053
297.8	0.0524911
297.9	0.0523782
298	0.052266
298.1	0.0521583
298.2	0.0520557
298.3	0.0519556
298.4	0.051856
298.5	0.0517582
298.6	0.0516642
298.7	0.051575
298.8	0.0514891
298.9	0.0513943
299	0.0512946
299.1	0.0511923
299.2	0.0510811
299.3	0.0509685
299.4	0.0508555
299.5	0.0507428
299.6	0.0506325
299.7	0.0505242
299.8	0.0504139
299.9	0.050307
300	0.0502001
300.1	0.0500923
300.2	0.0499874
300.3	0.0498875
300.4	0.0497909
300.5	0.0496981
300.6	0.0496087
300.7	0.0495208
300.8	0.0494413
300.9	0.0493676
301	0.0492988
301.1	0.0492363
301.2	0.0491808
301.3	0.0491296
301.4	0.0490773
301.5	0.0490253
301.6	0.048975
301.7	0.0489231
301.8	0.0488702
301.9	0.0488128
302	0.048759
302.1	0.0487072
302.2	0.0486563
302.3	0.0486027
302.4	0.0485484
302.5	0.0484941
302.6	0.048437
302.7	0.048381
302.8	0.0483219
302.9	0.0482622
303	0.0482011
303.1	0.0481431
303.2	0.0480895
303.3	0.0480373
303.4	0.0479808
303.5	0.04792
303.6	0.0478614
303.7	0.047807
303.8	0.0477565
303.9	0.047711
304	0.0476709
304.1	0.0476343
304.2	0.0475996
304.3	0.0475634
304.4	0.0475274
304.5	0.0474911
304.6	0.0474523
304.7	0.0474148
304.8	0.0473753
304.9	0.0473315
305	0.0472874
305.1	0.047243
305.2	0.0472005
305.3	0.0471635
305.4	0.0471343
305.5	0.0471072
305.6	0.047083
305.7	0.0470564
305.8	0.047028
305.9	0.0469973
306	0.046967
306.1	0.0469384
306.2	0.0469131
306.3	0.0468891
306.4	0.0468621
306.5	0.0468371
306.6	0.0468152
306.7	0.0467973
306.8	0.0467848
306.9	0.0467749
307	0.0467702
307.1	0.0467695
307.2	0.0467716
307.3	0.0467686
307.4	0.0467614
307.5	0.0467606
307.6	0.0467658
307.7	0.0467706
307.8	0.0467745
307.9	0.0467773
308	0.0467769
308.1	0.0467801
308.2	0.0467847
308.3	0.0467904
308.4	0.0467978
308.5	0.0468065
308.6	0.046818
308.7	0.0468362
308.8	0.0468645
308.9	0.0468971
309	0.0469315
309.1	0.0469633
309.2	0.046997
309.3	0.0470307
309.4	0.0470617
309.5	0.0470949
309.6	0.0471295
309.7	0.0471621
309.8	0.0471972
309.9	0.0472368
310	0.0472748
310.1	0.0473106
310.2	0.0473452
310.3	0.047377
310.4	0.0474068
310.5	0.0474377
310.6	0.0474666
310.7	0.0474959
310.8	0.047524
310.9	0.0475548
311	0.0475847
311.1	0.0476176
311.2	0.0476465
311.3	0.0476724
311.4	0.0476959
311.5	0.0477163
311.6	0.0477386
311.7	0.0477625
311.8	0.0477821
311.9	0.0478014
312	0.0478207
312.1	0.0478349
312.2	0.0478481
312.3	0.0478598
312.4	0.0478646
312.5	0.0478639
312.6	0.0478553
312.7	0.0478413
312.8	0.0478273
312.9	0.0478081
313	0.0477813
313.1	0.0477514
313.2	0.047724
313.3	0.0476968
313.4	0.0476697
313.5	0.0476369
313.6	0.0476003
313.7	0.0475649
313.8	0.0475313
313.9	0.0475004
314	0.0474715
314.1	0.0474442
314.2	0.0474207
314.3	0.0474013
314.4	0.0473816
314.5	0.047361
314.6	0.047337
314.7	0.0473045
314.8	0.0472689
314.9	0.0472281
315	0.0471829
315.1	0.0471347
315.2	0.0470847
315.3	0.0470368
315.4	0.0469907
315.5	0.0469477
315.6	0.0469096
315.7	0.0468777
315.8	0.046845
315.9	0.0468097
316	0.0467704
316.1	0.0467336
316.2	0.0466955
316.3	0.0466575
316.4	0.0466202
316.5	0.0465797
316.6	0.0465377
316.7	0.0464943
316.8	0.0464498
316.9	0.0464052
317	0.0463609
317.1	0.0463144
317.2	0.0462665
317.3	0.0462142
317.4	0.0461614
317.5	0.0461109
317.6	0.046065
317.7	0.0460191
317.8	0.0459723
317.9	0.0459216
318	0.0458717
318.1	0.0458237
318.2	0.0457786
318.3	0.0457357
318.4	0.0456929
318.5	0.0456521
318.6	0.0456066
318.7	0.04556
318.8	0.0455132
318.9	0.0454715
319	0.0454274
319.1	0.0453757
319.2	0.045321
319.3	0.0452636
319.4	0.0452042
319.5	0.0451458
319.6	0.0450876
319.7	0.0450308
319.8	0.04498
319.9	0.0449308
320	0.0448843
320.1	0.0448405
320.2	0.0447962
320.3	0.0447568
320.4	0.04472
320.5	0.0446864
320.6	0.0446611
320.7	0.0446344
320.8	0.0445999
320.9	0.0445603
321	0.044522
321.1	0.0444857
321.2	0.0444483
321.3	0.0444076
321.4	0.0443631
321.5	0.0443156
321.6	0.0442628
321.7	0.0442056
321.8	0.0441512
321.9	0.0440973
322	0.044043
322.1	0.0439893
322.2	0.04394
322.3	0.0438932
322.4	0.0438471
322.5	0.0438051
322.6	0.0437597
322.7	0.043714
322.8	0.0436641
322.9	0.0436152
323	0.0435694
323.1	0.0435232
323.2	0.0434763
323.3	0.0434257
323.4	0.0433764
323.5	0.0433263
323.6	0.0432722
323.7	0.04322
323.8	0.0431732
323.9	0.0431278
324	0.0430818
324.1	0.0430346
324.2	0.0429898
324.3	0.0429459
324.4	0.0429032
324.5	0.0428603
324.6	0.0428201
324.7	0.0427767
324.8	0.0427282
324.9	0.0426832
325	0.0426437
325.1	0.0426073
325.2	0.0425713
325.3	0.0425314
325.4	0.0424847
325.5	0.0424298
325.6	0.0423755
325.7	0.0423238
325.8	0.0422723
325.9	0.0422187
326	0.0421666
326.1	0.0421141
326.2	0.0420586
326.3	0.0420041
326.4	0.0419473
326.5	0.0418942
326.6	0.041844
326.7	0.041791
326.8	0.0417343
326.9	0.0416739
327	0.0416128
327.1	0.0415483
327.2	0.0414819
327.3	0.0414134
327.4	0.0413506
327.5	0.04129
327.6	0.041227
327.7	0.0411631
327.8	0.0410998
327.9	0.0410346
328	0.0409717
328.1	0.0409036
328.2	0.0408336
328.3	0.0407578
328.4	0.0406788
328.5	0.040603
328.6	0.04053
328.7	0.04046
328.8	0.0403984
328.9	0.0403421
329	0.0402874
329.1	0.0402292
329.2	0.0401692
329.3	0.0401129
329.4	0.04006
329.5	0.040013
329.6	0.0399746
329.7	0.0399429
329.8	0.0399158
329.9	0.0398901
330	0.0398629
330.1	0.0398422
330.2	0.0398263
330.3	0.0398105
330.4	0.0397945
330.5	0.0397804
330.6	0.0397665
330.7	0.0397538
330.8	0.0397432
330.9	0.0397361
331	0.0397315
331.1	0.0397259
331.2	0.0397258
331.3	0.0397307
331.4	0.0397367
331.5	0.0397458
331.6	0.0397589
331.7	0.0397709
331.8	0.0397835
331.9	0.0397917
332	0.0398018
332.1	0.0398153
332.2	0.0398301
332.3	0.0398492
332.4	0.0398721
332.5	0.0398998
332.6	0.0399274
332.7	0.0399575
332.8	0.039984
332.9	0.0400116
333	0.0400355
333.1	0.0400559
333.2	0.0400774
333.3	0.0400994
333.4	0.0401207
333.5	0.0401442
333.6	0.0401704
333.7	0.0401967
333.8	0.0402235
333.9	0.0402487
334	0.0402757
334.1	0.0403007
334.2	0.0403237
334.3	0.040352
334.4	0.0403813
334.5	0.0404091
334.6	0.0404365
334.7	0.0404657
334.8	0.0404937
334.9	0.0405196
335	0.0405456
335.1	0.0405759
335.2	0.0405998
335.3	0.0406202
335.4	0.0406382
335.5	0.0406555
335.6	0.0406714
335.7	0.0406892
335.8	0.0407095
335.9	0.0407324
336	0.0407606
336.1	0.0407955
336.2	0.0408368
336.3	0.0408829
336.4	0.0409295
336.5	0.0409743
336.6	0.0410118
336.7	0.0410487
336.8	0.0410787
336.9	0.0411038
337	0.0411253
337.1	0.0411465
337.2	0.0411634
337.3	0.0411751
337.4	0.0411817
337.5	0.0411892
337.6	0.0412019
337.7	0.041214
337.8	0.0412224
337.9	0.0412263
338	0.0412329
338.1	0.0412401
338.2	0.0412463
338.3	0.0412472
338.4	0.0412435
338.5	0.0412371
338.6	0.0412294
338.7	0.0412248
338.8	0.0412237
338.9	0.0412263
339	0.0412278
339.1	0.041226
339.2	0.0412198
339.3	0.0412142
339.4	0.0412054
339.5	0.0412008
339.6	0.0411942
339.7	0.0411807
339.8	0.0411636
339.9	0.0411477
340	0.041134
340.1	0.0411201
340.2	0.0411023
340.3	0.0410856
340.4	0.0410726
340.5	0.0410599
340.6	0.0410464
340.7	0.0410319
340.8	0.0410195
340.9	0.0410068
341	0.040991
341.1	0.0409714
341.2	0.0409484
341.3	0.0409219
341.4	0.0408987
341.5	0.040878
341.6	0.0408568
341.7	0.0408348
341.8	0.0408073
341.9	0.0407756
342	0.0407394
342.1	0.0406955
342.2	0.0406437
342.3	0.0405893
342.4	0.0405355
342.5	0.0404779
342.6	0.0404217
342.7	0.0403665
342.8	0.0403163
342.9	0.040269
343	0.0402256
343.1	0.0401831
343.2	0.0401404
343.3	0.0400989
343.4	0.0400562
343.5	0.0400095
343.6	0.0399645
343.7	0.0399219
343.8	0.0398846
343.9	0.0398493
344	0.0398235
344.1	0.0398052
344.2	0.039793
344.3	0.0397808
344.4	0.0397661
344.5	0.0397449
344.6	0.0397156
344.7	0.0396818
344.8	0.0396495
344.9	0.0396202
345	0.0395923
345.1	0.0395625
345.2	0.0395335
345.3	0.0395005
345.4	0.0394684
345.5	0.0394327
345.6	0.0393958
345.7	0.0393588
345.8	0.0393255
345.9	0.0392953
346	0.0392686
346.1	0.0392428
346.2	0.0392168
346.3	0.0391965
346.4	0.0391759
346.5	0.0391524
346.6	0.0391285
346.7	0.0391067
346.8	0.0390868
346.9	0.0390715
347	0.0390626
347.1	0.0390573
347.2	0.0390529
347.3	0.039051
347.4	0.0390475
347.5	0.0390422
347.6	0.0390404
347.7	0.0390414
347.8	0.0390445
347.9	0.0390464
348	0.0390499
348.1	0.0390559
348.2	0.0390613
348.3	0.0390652
348.4	0.0390712
348.5	0.0390773
348.6	0.0390845
348.7	0.039086
348.8	0.0390891
348.9	0.0390951
349	0.0391047
349.1	0.0391147
349.2	0.039125
349.3	0.039141
349.4	0.039158
349.5	0.0391723
349.6	0.0391848
349.7	0.0391963
349.8	0.0392056
349.9	0.039211
350	0.039212
350.1	0.0392153
350.2	0.0392212
350.3	0.0392268
350.4	0.0392327
350.5	0.0392391
350.6	0.0392438
350.7	0.039244
350.8	0.0392444
350.9	0.0392476
351	0.0392556
351.1	0.0392653
351.2	0.0392776
351.3	0.0392888
351.4	0.039294
351.5	0.0393021
351.6	0.039306
351.7	0.0393101
351.8	0.0393166
351.9	0.0393261
352	0.0393287
352.1	0.0393224
352.2	0.0393183
352.3	0.039316
352.4	0.0393084
352.5	0.0392937
352.6	0.0392771
352.7	0.0392602
352.8	0.0392428
352.9	0.0392207
353	0.0392002
353.1	0.0391795
353.2	0.0391575
353.3	0.0391338
353.4	0.0391118
353.5	0.0390933
353.6	0.0390745
353.7	0.0390605
353.8	0.0390431
353.9	0.0390269
354	0.0390119
354.1	0.0389994
354.2	0.0389882
354.3	0.038973
354.4	0.0389479
354.5	0.0389196
354.6	0.0388889
354.7	0.0388595
354.8	0.0388291
354.9	0.0387973
355	0.0387639
355.1	0.0387273
355.2	0.0386891
355.3	0.0386455
355.4	0.0386017
355.5	0.0385577
355.6	0.0385184
355.7	0.0384786
355.8	0.0384391
355.9	0.0384019
356	0.0383627
356.1	0.038328
356.2	0.0382937
356.3	0.0382634
356.4	0.0382345
356.5	0.0382032
356.6	0.0381651
356.7	0.0381256
356.8	0.0380807
356.9	0.0380361
357	0.0379934
357.1	0.0379581
357.2	0.0379246
357.3	0.0378901
357.4	0.0378594
357.5	0.0378274
357.6	0.0377917
357.7	0.037755
357.8	0.0377203
357.9	0.0376867
358	0.0376497
358.1	0.0376143
358.2	0.0375833
358.3	0.0375536
358.4	0.0375269
358.5	0.0374968
358.6	0.0374618
358.7	0.0374265
358.8	0.0373899
358.9	0.0373503
359	0.0373081
359.1	0.0372648
359.2	0.0372189
359.3	0.0371688
359.4	0.0371175
359.5	0.0370665
359.6	0.0370172
359.7	0.0369661
359.8	0.0369094
359.9	0.0368521
360	0.036799
360.1	0.0367523
360.2	0.0367065
360.3	0.0366589
360.4	0.0366065
360.5	0.0365517
360.6	0.0364957
360.7	0.0364393
360.8	0.0363879
360.9	0.0363393
361	0.0362933
361.1	0.0362552
361.2	0.0362218
361.3	0.0361874
361.4	0.0361529
361.5	0.0361176
361.6	0.0360818
361.7	0.0360457
361.8	0.036012
361.9	0.0359797
362	0.0359454
362.1	0.0359079
362.2	0.0358681
362.3	0.0358246
362.4	0.0357817
362.5	0.0357377
362.6	0.0356971
362.7	0.0356594
362.8	0.0356182
362.9	0.035576
363	0.035532
363.1	0.0354915
363.2	0.0354562
363.3	0.0354156
363.4	0.0353748
363.5	0.0353325
363.6	0.0352884
363.7	0.0352399
363.8	0.0351869
363.9	0.0351293
364	0.0350682
364.1	0.0350044
364.2	0.0349364
364.3	0.0348647
364.4	0.0347943
364.5	0.0347251
364.6	0.0346513
364.7	0.0345749
364.8	0.0344991
364.9	0.0344258
365	0.0343531
365.1	0.0342813
365.2	0.0342078
365.3	0.0341339
365.4	0.0340616
365.5	0.0339951
365.6	0.0339327
365.7	0.0338668
365.8	0.0338015
365.9	0.0337439
366	0.0336895
366.1	0.0336337
366.2	0.0335751
366.3	0.0335189
366.4	0.0334605
366.5	0.0334052
366.6	0.0333535
366.7	0.0333007
366.8	0.0332462
366.9	0.0331898
367	0.0331351
367.1	0.0330785
367.2	0.0330197
367.3	0.0329602
367.4	0.0329006
367.5	0.0328412
367.6	0.0327814
367.7	0.0327251
367.8	0.0326737
367.9	0.0326257
368	0.0325786
368.1	0.0325277
368.2	0.0324766
368.3	0.0324257
368.4	0.0323753
368.5	0.032326
368.6	0.0322752
368.7	0.0322272
368.8	0.0321826
368.9	0.0321432
369	0.0321022
369.1	0.0320608
369.2	0.0320157
369.3	0.0319681
369.4	0.0319221
369.5	0.031878
369.6	0.0318384
369.7	0.0317983
369.8	0.0317612
369.9	0.0317258
370	0.031693
370.1	0.0316643
370.2	0.0316354
370.3	0.0316004
370.4	0.0315579
370.5	0.0315151
370.6	0.0314694
370.7	0.0314231
370.8	0.0313727
370.9	0.03132
371	0.0312643
371.1	0.031211
371.2	0.0311627
371.3	0.0311138
371.4	0.0310615
371.5	0.0310023
371.6	0.0309405
371.7	0.0308771
371.8	0.030811
371.9	0.0307402
372	0.0306676
372.1	0.0305969
372.2	0.0305306
372.3	0.0304622
372.4	0.0303919
372.5	0.0303254
372.6	0.030264
372.7	0.0302085
372.8	0.0301514
372.9	0.0300946
373	0.030035
373.1	0.0299701
373.2	0.0299038
373.3	0.0298329
373.4	0.0297619
373.5	0.0296884
373.6	0.0296121
373.7	0.0295378
373.8	0.0294649
373.9	0.0293943
374	0.0293273
374.1	0.0292677
374.2	0.0292103
374.3	0.0291532
374.4	0.0290919
374.5	0.0290316
374.6	0.0289695
374.7	0.0289039
374.8	0.0288359
374.9	0.0287647
375	0.0286895
375.1	0.028611
375.2	0.0285309
375.3	0.0284537
375.4	0.0283806
375.5	0.0283119
375.6	0.0282424
375.7	0.0281733
375.8	0.0281044
375.9	0.0280337
376	0.0279604
376.1	0.0278853
376.2	0.0278134
376.3	0.0277466
376.4	0.0276805
376.5	0.0276148
376.6	0.0275502
376.7	0.027487
376.8	0.0274244
376.9	0.0273598
377	0.0272991
377.1	0.0272399
377.2	0.0271786
377.3	0.0271116
377.4	0.0270427
377.5	0.0269696
377.6	0.0268907
377.7	0.0268099
377.8	0.0267276
377.9	0.0266471
378	0.0265735
378.1	0.0264985
378.2	0.0264249
378.3	0.0263514
378.4	0.0262771
378.5	0.0262056
378.6	0.026136
378.7	0.0260656
378.8	0.0260009
378.9	0.0259348
379	0.0258653
379.1	0.0257955
379.2	0.0257287
379.3	0.0256646
379.4	0.0256065
379.5	0.0255451
379.6	0.0254858
379.7	0.0254251
379.8	0.0253665
379.9	0.0253079
380	0.0252529
380.1	0.0251937
380.2	0.025133
380.3	0.0250724
380.4	0.0250078
380.5	0.024941
380.6	0.0248791
380.7	0.0248197
380.8	0.024762
380.9	0.0247029
381	0.0246428
381.1	0.0245758
381.2	0.0245017
381.3	0.0244234
381.4	0.0243468
381.5	0.0242656
381.6	0.0241839
381.7	0.0241017
381.8	0.0240167
381.9	0.0239319
382	0.0238488
382.1	0.0237732
382.2	0.0237044
382.3	0.0236397
382.4	0.0235739
382.5	0.0235068
382.6	0.0234364
382.7	0.023366
382.8	0.0232976
382.9	0.0232234
383	0.0231455
383.1	0.0230662
383.2	0.0229825
383.3	0.0228985
383.4	0.0228163
383.5	0.0227275
383.6	0.0226342
383.7	0.0225386
383.8	0.0224382
383.9	0.0223317
384	0.0222266
384.1	0.0221257
384.2	0.0220274
384.3	0.021932
384.4	0.0218384
384.5	0.0217397
384.6	0.0216381
384.7	0.0215333
384.8	0.0214226
384.9	0.0213049
385	0.0211863
385.1	0.0210684
385.2	0.0209538
385.3	0.0208416
385.4	0.0207342
385.5	0.0206318
385.6	0.0205316
385.7	0.0204343
385.8	0.020342
385.9	0.0202475
386	0.0201547
386.1	0.0200635
386.2	0.0199718
386.3	0.0198756
386.4	0.0197752
386.5	0.0196688
386.6	0.0195559
386.7	0.0194404
386.8	0.0193263
386.9	0.0192185
387	0.0191153
387.1	0.0190105
387.2	0.0189059
387.3	0.0187996
387.4	0.0186954
387.5	0.0185955
387.6	0.0185032
387.7	0.0184176
387.8	0.0183347
387.9	0.0182472
388	0.0181529
388.1	0.0180578
388.2	0.0179591
388.3	0.0178583
388.4	0.0177574
388.5	0.0176542
388.6	0.0175534
388.7	0.0174537
388.8	0.0173475
388.9	0.0172396
389	0.0171324
389.1	0.0170278
389.2	0.0169284
389.3	0.0168306
389.4	0.0167303
389.5	0.0166273
389.6	0.016518
389.7	0.0164016
389.8	0.0162804
389.9	0.016158
390	0.0160335
390.1	0.0159083
390.2	0.0157806
390.3	0.0156511
390.4	0.0155214
390.5	0.0153937
390.6	0.0152694
390.7	0.0151476
390.8	0.0150239
390.9	0.0148983
391	0.0147733
391.1	0.0146486
391.2	0.0145234
391.3	0.0144006
391.4	0.0142844
391.5	0.0141676
391.6	0.0140545
391.7	0.0139407
391.8	0.0138229
391.9	0.0137071
392	0.0135956
392.1	0.0134854
392.2	0.0133735
392.3	0.0132577
392.4	0.01314
392.5	0.0130223
392.6	0.0129057
392.7	0.0127903
392.8	0.0126741
392.9	0.0125623
393	0.0124489
393.1	0.0123343
393.2	0.0122154
393.3	0.0120952
393.4	0.011972
393.5	0.011854
393.6	0.0117403
393.7	0.011624
393.8	0.0115043
393.9	0.0113802
394	0.0112563
394.1	0.0111318
394.2	0.0110061
394.3	0.0108763
394.4	0.0107507
394.5	0.010628
394.6	0.0105076
394.7	0.0103841
394.8	0.0102602
394.9	0.0101346
395	0.0100087
395.1	0.00988391
395.2	0.0097587
395.3	0.00963607
395.4	0.00951475
395.5	0.00939227
395.6	0.00926525
395.7	0.00913407
395.8	0.00900126
395.9	0.00887286
396	0.00874849
396.1	0.00862638
396.2	0.00850621
396.3	0.00838621
396.4	0.00826787
396.5	0.00814797
396.6	0.00802643
396.7	0.00790902
396.8	0.00779762
396.9	0.00769422
397	0.00759261
397.1	0.00748544
397.2	0.00737563
397.3	0.00726278
397.4	0.00714483
397.5	0.00703153
397.6	0.00692259
397.7	0.00681408
397.8	0.00670636
397.9	0.00660082
398	0.00649294
398.1	0.00638244
398.2	0.00627183
398.3	0.00615833
398.4	0.00604293
398.5	0.00592643
398.6	0.00581148
398.7	0.00569835
398.8	0.00558822
398.9	0.0054777
399	0.00537044
399.1	0.00526888
399.2	0.0051729
399.3	0.00507906
399.4	0.00498935
399.5	0.00490195
399.6	0.00481477
399.7	0.00472594
399.8	0.00463643
399.9	0.00454718
400	0.00445933
400.1	0.00437688
400.2	0.00429728
400.3	0.00421675
400.4	0.00413745
400.5	0.00406105
400.6	0.00398176
400.7	0.00390288
400.8	0.00382303
400.9	0.00373882
401	0.0036557
401.1	0.00357056
401.2	0.00348778
401.3	0.00340536
401.4	0.00332942
401.5	0.00325606
401.6	0.00317977
401.7	0.0031023
401.8	0.00302678
401.9	0.00295198
402	0.00287948
402.1	0.00281137
402.2	0.00274484
402.3	0.00267564
402.4	0.00260166
402.5	0.00252177
402.6	0.00243887
402.7	0.00235489
402.8	0.00226926
402.9	0.00218394
403	0.00209642
403.1	0.00201184
403.2	0.00192938
403.3	0.00184931
403.4	0.00177366
403.5	0.00169885
403.6	0.00162074
403.7	0.00153961
403.8	0.00145856
403.9	0.00137474
404	0.00129588
404.1	0.00121647
404.2	0.0011393
404.3	0.00106702
404.4	0.00100272
404.5	0.000945431
404.6	0.000887133
404.7	0.000828621
404.8	0.000770527
404.9	0.000705285
405	0.000640363
405.1	0.000575832
405.2	0.000508193
405.3	0.000443846
405.4	0.000379777
405.5	0.00031485
405.6	0.000246942
405.7	0.000176633
405.8	0.000111013
405.9	4.51088e-05
406	-1.88601e-05
406.1	-8.52562e-05
406.2	-0.000148649
406.3	-0.000209501
406.4	-0.000273871
406.5	-0.000334134
406.6	-0.000391819
406.7	-0.000446903
406.8	-0.00050147
406.9	-0.000550271
407	-0.000598155
407.1	-0.000650319
407.2	-0.00070362
407.3	-0.00076244
407.4	-0.00082454
407.5	-0.000884701
407.6	-0.00094751
407.7	-0.00101746
407.8	-0.00109174
407.9	-0.0011714
408	-0.00124885
408.1	-0.00132957
408.2	-0.001409
408.3	-0.00148202
408.4	-0.00155193
408.5	-0.00162547
408.6	-0.00170098
408.7	-0.00176783
408.8	-0.00182871
408.9	-0.00188473
409	-0.00193731
409.1	-0.00198322
409.2	-0.00202442
409.3	-0.00206478
409.4	-0.00210776
409.5	-0.00215194
409.6	-0.00220035
409.7	-0.0022532
409.8	-0.00231122
409.9	-0.00237623
410	-0.00244139
410.1	-0.0025095
410.2	-0.00258285
410.3	-0.00265615
410.4	-0.00272693
410.5	-0.00279867
410.6	-0.00287131
410.7	-0.00294523
410.8	-0.00301973
410.9	-0.00309301
411	-0.00316418
411.1	-0.00323623
411.2	-0.00330534
411.3	-0.00337344
411.4	-0.00343678
411.5	-0.0034964
411.6	-0.00355313
411.7	-0.00361427
411.8	-0.00367136
411.9	-0.00371917
412	-0.00376188
412.1	-0.00380206
412.2	-0.00383486
412.3	-0.00387044
412.4	-0.0039082
412.5	-0.00394108
412.6	-0.00396694
412.7	-0.00399239
412.8	-0.00402154
412.9	-0.00405061
413	-0.00407996
413.1	-0.00411357
413.2	-0.00414599
413.3	-0.00417393
413.4	-0.00419785
413.5	-0.00422009
413.6	-0.00423758
413.7	-0.00425165
413.8	-0.00426347
413.9	-0.0042766
414	-0.00428943
414.1	-0.00430514
414.2	-0.00432196
414.3	-0.00433815
414.4	-0.0043538
414.5	-0.00436585
414.6	-0.00437205
414.7	-0.00437375
414.8	-0.00437215
414.9	-0.004369
415	-0.00437126
415.1	-0.00437598
415.2	-0.00438567
415.3	-0.0044023
415.4	-0.0044237
415.5	-0.00444765
415.6	-0.00447328
415.7	-0.00450374
415.8	-0.00453924
415.9	-0.00457541
416	-0.00461107
416.1	-0.0046491
416.2	-0.00468547
416.3	-0.00472575
416.4	-0.00476756
416.5	-0.00480595
416.6	-0.00484217
416.7	-0.00487911
416.8	-0.00491474
416.9	-0.00494911
417	-0.00498462
417.1	-0.00501673
417.2	-0.00504409
417.3	-0.00506963
417.4	-0.00509619
417.5	-0.00512309
417.6	-0.00515177
417.7	-0.00518174
417.8	-0.00521699
417.9	-0.00525222
418	-0.00528614
418.1	-0.00531747
418.2	-0.00534727
418.3	-0.00537166
418.4	-0.00539663
418.5	-0.00542024
418.6	-0.00543858
418.7	-0.00544947
418.8	-0.00545938
418.9	-0.00547471
419	-0.00549191
419.1	-0.00551009
419.2	-0.00552388
419.3	-0.00553296
419.4	-0.00553987
419.5	-0.00554352
419.6	-0.00554483
419.7	-0.00554337
419.8	-0.00554152
419.9	-0.00553896
420	-0.0055336
420.1	-0.00552743
420.2	-0.00552019
420.3	-0.00551248
420.4	-0.00550158
420.5	-0.00548638
420.6	-0.00547292
420.7	-0.0054645
420.8	-0.00545483
420.9	-0.00545106
421	-0.00544771
421.1	-0.00544249
421.2	-0.00543757
421.3	-0.00542808
421.4	-0.00541616
421.5	-0.00540711
421.6	-0.00540543
421.7	-0.00541117
421.8	-0.0054267
421.9	-0.00545006
422	-0.00548047
422.1	-0.00551319
422.2	-0.00554408
422.3	-0.00557743
422.4	-0.00561035
422.5	-0.00564568
422.6	-0.00567907
422.7	-0.00571349
422.8	-0.00574378
422.9	-0.00577384
423	-0.00580417
423.1	-0.00583367
423.2	-0.00586551
423.3	-0.00589544
423.4	-0.00592223
423.5	-0.00594401
423.6	-0.00596587
423.7	-0.00598505
423.8	-0.00600686
423.9	-0.0060305
424	-0.00605363
424.1	-0.00607194
424.2	-0.00608701
424.3	-0.00609808
424.4	-0.00610897
424.5	-0.00611824
424.6	-0.00612335
424.7	-0.00612113
424.8	-0.00611995
424.9	-0.00612205
425	-0.00612553
425.1	-0.00612728
425.2	-0.00613141
425.3	-0.00613299
425.4	-0.00613546
425.5	-0.00614459
425.6	-0.00615584
425.7	-0.00617104
425.8	-0.00618923
425.9	-0.00621
426	-0.00623049
426.1	-0.00625758
426.2	-0.00628758
426.3	-0.006319
426.4	-0.0063534
426.5	-0.00639101
426.6	-0.00643174
426.7	-0.00647647
426.8	-0.00652638
426.9	-0.00658274
427	-0.00664097
427.1	-0.00670507
427.2	-0.00676979
427.3	-0.00683835
427.4	-0.00691475
427.5	-0.00699368
427.6	-0.00707693
427.7	-0.00716196
427.8	-0.00724533
427.9	-0.00732477
428	-0.00740448
428.1	-0.00748684
428.2	-0.00757231
428.3	-0.00765824
428.4	-0.00773941
428.5	-0.00781488
428.6	-0.00788794
428.7	-0.00795805
428.8	-0.00802219
428.9	-0.00808598
429	-0.0081504
429.1	-0.0082097
429.2	-0.00826624
429.3	-0.0083217
429.4	-0.0083744
429.5	-0.0084306
429.6	-0.00848788
429.7	-0.00854609
429.8	-0.00860388
429.9	-0.00866111
430	-0.00871624
430.1	-0.00876733
430.2	-0.00882125
430.3	-0.00887532
430.4	-0.00892777
430.5	-0.00897568
430.6	-0.00902029
430.7	-0.00906615
430.8	-0.00911383
430.9	-0.00916215
431	-0.00920802
431.1	-0.00924985
431.2	-0.00929029
431.3	-0.00933086
431.4	-0.00937371
431.5	-0.00942139
431.6	-0.0094714
431.7	-0.00952359
431.8	-0.00957731
431.9	-0.00963239
432	-0.00968815
432.1	-0.00974388
432.2	-0.00980376
432.3	-0.00986069
432.4	-0.00991469
432.5	-0.00996734
432.6	-0.0100207
432.7	-0.0100686
432.8	-0.0101135
432.9	-0.0101562
433	-0.0101977
433.1	-0.0102368
433.2	-0.0102775
433.3	-0.0103191
433.4	-0.010362
433.5	-0.0104023
433.6	-0.0104399
433.7	-0.0104813
433.8	-0.0105242
433.9	-0.0105694
434	-0.0106135
434.1	-0.0106557
434.2	-0.0106999
434.3	-0.0107457
434.4	-0.0107905
434.5	-0.0108311
434.6	-0.0108661
434.7	-0.0109001
434.8	-0.0109351
434.9	-0.0109626
435	-0.0109889
435.1	-0.0110133
435.2	-0.0110394
435.3	-0.0110628
435.4	-0.0110799
435.5	-0.011093
435.6	-0.0111048
435.7	-0.0111166
435.8	-0.011127
435.9	-0.0111366
436	-0.0111441
436.1	-0.0111468
436.2	-0.0111482
436.3	-0.0111503
436.4	-0.0111528
436.5	-0.0111581
436.6	-0.0111621
436.7	-0.0111698
436.8	-0.0111821
436.9	-0.0111941
437	-0.0112077
437.1	-0.0112206
437.2	-0.0112388
437.3	-0.0112618
437.4	-0.0112919
437.5	-0.0113261
437.6	-0.0113662
437.7	-0.0114032
437.8	-0.0114348
437.9	-0.0114563
438	-0.0114693
438.1	-0.01148
438.2	-0.0114874
438.3	-0.0114928
438.4	-0.0114942
438.5	-0.011495
438.6	-0.0114925
438.7	-0.0114916
438.8	-0.0114933
438.9	-0.0114915
439	-0.011492
439.1	-0.0114915
439.2	-0.0114891
439.3	-0.0114864
439.4	-0.011491
439.5	-0.0114989
439.6	-0.0115112
439.7	-0.0115277
439.8	-0.0115425
439.9	-0.0115552
440	-0.0115654
440.1	-0.011575
440.2	-0.0115891
440.3	-0.0116074
440.4	-0.0116247
440.5	-0.0116439
440.6	-0.0116623
440.7	-0.0116832
440.8	-0.0117056
440.9	-0.0117358
441	-0.0117694
441.1	-0.0118054
441.2	-0.0118439
441.3	-0.0118808
441.4	-0.0119174
441.5	-0.0119523
441.6	-0.0119859
441.7	-0.0120206
441.8	-0.0120545
441.9	-0.0120822
442	-0.0121104
442.1	-0.0121363
442.2	-0.0121619
442.3	-0.0121868
442.4	-0.0122062
442.5	-0.0122287
442.6	-0.0122536
442.7	-0.0122769
442.8	-0.0122983
442.9	-0.0123154
443	-0.0123315
443.1	-0.0123491
443.2	-0.0123674
443.3	-0.0123867
443.4	-0.0124015
443.5	-0.0124132
443.6	-0.0124231
443.7	-0.0124307
443.8	-0.0124286
443.9	-0.0124186
444	-0.0124064
444.1	-0.0123943
444.2	-0.0123829
444.3	-0.01237
444.4	-0.0123603
444.5	-0.0123501
444.6	-0.0123383
444.7	-0.0123248
444.8	-0.0123096
444.9	-0.0122883
445	-0.012269
445.1	-0.0122517
445.2	-0.0122348
445.3	-0.0122216
445.4	-0.0122148
445.5	-0.0122096
445.6	-0.0122047
445.7	-0.0121986
445.8	-0.0121957
445.9	-0.0121981
446	-0.0122033
446.1	-0.012202
446.2	-0.0121919
446.3	-0.0121855
446.4	-0.0121843
446.5	-0.012186
446.6	-0.0121918
446.7	-0.0121947
446.8	-0.0121968
446.9	-0.0121985
447	-0.0121954
447.1	-0.0121868
447.2	-0.0121797
447.3	-0.0121701
447.4	-0.0121637
447.5	-0.0121544
447.6	-0.0121438
447.7	-0.0121338
447.8	-0.0121186
447.9	-0.0120987
448	-0.0120799
448.1	-0.0120607
448.2	-0.0120408
448.3	-0.0120178
448.4	-0.011996
448.5	-0.011976
448.6	-0.011952
448.7	-0.0119258
448.8	-0.0119064
448.9	-0.0118901
449	-0.0118692
449.1	-0.0118423
449.2	-0.0118097
449.3	-0.0117711
449.4	-0.0117274
449.5	-0.0116792
449.6	-0.0116271
449.7	-0.0115734
449.8	-0.0115193
449.9	-0.0114675
450	-0.0114187
450.1	-0.0113693
450.2	-0.0113182
450.3	-0.0112644
450.4	-0.0112109
450.5	-0.0111564
450.6	-0.0111
450.7	-0.0110439
450.8	-0.0109878
450.9	-0.0109345
451	-0.0108826
451.1	-0.010828
451.2	-0.0107745
451.3	-0.0107131
451.4	-0.010649
451.5	-0.0105863
451.6	-0.0105308
451.7	-0.010479
451.8	-0.0104296
451.9	-0.0103779
452	-0.0103247
452.1	-0.0102735
452.2	-0.0102256
452.3	-0.010173
452.4	-0.0101178
452.5	-0.0100604
452.6	-0.00999789
452.7	-0.0099294
452.8	-0.009858
452.9	-0.00979076
453	-0.00973115
453.1	-0.00967631
453.2	-0.00962379
453.3	-0.00957913
453.4	-0.00953482
453.5	-0.00949054
453.6	-0.00944794
453.7	-0.00940616
453.8	-0.00936207
453.9	-0.00931919
454	-0.00927576
454.1	-0.0092288
454.2	-0.00917973
454.3	-0.00913099
454.4	-0.00908215
454.5	-0.00903138
454.6	-0.00898258
454.7	-0.00893233
454.8	-0.00888276
454.9	-0.00883403
455	-0.00878892
455.1	-0.00874833
455.2	-0.00871242
455.3	-0.00867712
455.4	-0.00864353
455.5	-0.00861167
455.6	-0.00858418
455.7	-0.00856526
455.8	-0.00855052
455.9	-0.00854066
456	-0.00853276
456.1	-0.00852571
456.2	-0.0085165
456.3	-0.0084999
456.4	-0.0084797
456.5	-0.00845757
456.6	-0.00843622
456.7	-0.00841825
456.8	-0.00840288
456.9	-0.00839157
457	-0.00837784
457.1	-0.00836412
457.2	-0.00834557
457.3	-0.00832231
457.4	-0.00829468
457.5	-0.00826578
457.6	-0.00823567
457.7	-0.00820512
457.8	-0.00817413
457.9	-0.00814578
458	-0.00811341
458.1	-0.00807821
458.2	-0.00804294
458.3	-0.00801208
458.4	-0.00798418
458.5	-0.00795662
458.6	-0.00792436
458.7	-0.00788718
458.8	-0.0078538
458.9	-0.00782087
459	-0.00778729
459.1	-0.00775449
459.2	-0.00772411
459.3	-0.00769867
459.4	-0.00767268
459.5	-0.00764753
459.6	-0.00762477
459.7	-0.00759839
459.8	-0.00757121
459.9	-0.00753841
460	-0.00750549
460.1	-0.00747229
460.2	-0.00744003
460.3	-0.00741031
460.4	-0.00738421
460.5	-0.00736143
460.6	-0.00734094
460.7	-0.00731851
460.8	-0.00729722
460.9	-0.00727632
461	-0.00725417
461.1	-0.00723366
461.2	-0.00721886
461.3	-0.00721266
461.4	-0.00721448
461.5	-0.00722119
461.6	-0.00722973
461.7	-0.00723414
461.8	-0.00724363
461.9	-0.00726037
462	-0.00728518
462.1	-0.00731062
462.2	-0.00733301
462.3	-0.00735656
462.4	-0.00737961
462.5	-0.00740271
462.6	-0.0074258
462.7	-0.00745117
462.8	-0.00747763
462.9	-0.00750599
463	-0.0075352
463.1	-0.00756329
463.2	-0.00759105
463.3	-0.00761971
463.4	-0.00764828
463.5	-0.00767006
463.6	-0.00768915
463.7	-0.00770653
463.8	-0.00771927
463.9	-0.00772629
464	-0.0077283
464.1	-0.00773042
464.2	-0.00773329
464.3	-0.00773756
464.4	-0.00773918
464.5	-0.0077395
464.6	-0.00773881
464.7	-0.00773753
464.8	-0.00773436
464.9	-0.00773542
465	-0.00773786
465.1	-0.00773599
465.2	-0.00773447
465.3	-0.00773355
465.4	-0.00773211
465.5	-0.00772697
465.6	-0.0077132
465.7	-0.00769052
465.8	-0.00766649
465.9	-0.00764104
466	-0.00761821
466.1	-0.00758962
466.2	-0.00755687
466.3	-0.00752171
466.4	-0.00749282
466.5	-0.00747087
466.6	-0.00745277
466.7	-0.00743905
466.8	-0.00742511
466.9	-0.007411
467	-0.00739764
467.1	-0.00738071
467.2	-0.00736622
467.3	-0.00734971
467.4	-0.0073364
467.5	-0.00732565
467.6	-0.00731851
467.7	-0.00731758
467.8	-0.00731637
467.9	-0.0073158
468	-0.00731984
468.1	-0.00733329
468.2	-0.00735117
468.3	-0.00737226
468.4	-0.00739641
468.5	-0.00742438
468.6	-0.00745647
468.7	-0.00748796
468.8	-0.00752034
468.9	-0.00755371
469	-0.00758922
469.1	-0.00762858
469.2	-0.00767064
469.3	-0.00771516
469.4	-0.00776106
469.5	-0.00780475
469.6	-0.00785022
469.7	-0.007895
469.8	-0.00794445
469.9	-0.00799632
470	-0.00805041
470.1	-0.00810577
470.2	-0.00816673
470.3	-0.00822816
470.4	-0.00828799
470.5	-0.00834993
470.6	-0.00841133
470.7	-0.0084741
470.8	-0.00854071
470.9	-0.00860901
471	-0.00867835
471.1	-0.00874386
471.2	-0.00880594
471.3	-0.00886638
471.4	-0.00892769
471.5	-0.00899689
471.6	-0.00906858
471.7	-0.00914453
471.8	-0.009219
471.9	-0.0092957
472	-0.00937178
472.1	-0.0094437
472.2	-0.00951359
472.3	-0.00958509
472.4	-0.00965687
472.5	-0.00972694
472.6	-0.00979728
472.7	-0.0098752
472.8	-0.0099579
472.9	-0.0100454
473	-0.0101379
473.1	-0.0102321
473.2	-0.0103271
473.3	-0.0104195
473.4	-0.0105113
473.5	-0.0105997
473.6	-0.0106839
473.7	-0.0107755
473.8	-0.0108734
473.9	-0.0109718
474	-0.0110686
474.1	-0.0111621
474.2	-0.0112524
474.3	-0.011337
474.4	-0.0114145
474.5	-0.011485
474.6	-0.0115562
474.7	-0.0116283
474.8	-0.0117005
474.9	-0.0117746
475	-0.0118481
475.1	-0.0119226
475.2	-0.0119947
475.3	-0.0120645
475.4	-0.0121315
475.5	-0.0121953
475.6	-0.0122543
475.7	-0.0123106
475.8	-0.0123659
475.9	-0.0124202
476	-0.0124757
476.1	-0.0125309
476.2	-0.0125877
476.3	-0.0126455
476.4	-0.0127051
476.5	-0.0127683
476.6	-0.0128373
476.7	-0.0129082
476.8	-0.0129812
476.9	-0.0130504
477	-0.0131139
477.1	-0.0131788
477.2	-0.0132515
477.3	-0.0133261
477.4	-0.0134029
477.5	-0.0134811
477.6	-0.0135542
477.7	-0.0136217
477.8	-0.0136887
477.9	-0.0137601
478	-0.0138377
478.1	-0.0139122
478.2	-0.0139833
478.3	-0.0140575
478.4	-0.0141352
478.5	-0.0142188
478.6	-0.0143043
478.7	-0.0143892
478.8	-0.0144757
478.9	-0.0145589
479	-0.0146394
479.1	-0.0147171
479.2	-0.0147963
479.3	-0.014879
479.4	-0.0149583
479.5	-0.0150359
479.6	-0.0151104
479.7	-0.0151868
479.8	-0.0152637
479.9	-0.0153389
480	-0.0154161
480.1	-0.015493
480.2	-0.0155735
480.3	-0.0156547
480.4	-0.015733
480.5	-0.0158052
480.6	-0.0158771
480.7	-0.015949
480.8	-0.0160181
480.9	-0.0160838
481	-0.0161491
481.1	-0.0162144
481.2	-0.0162849
481.3	-0.0163538
481.4	-0.0164195
481.5	-0.0164813
481.6	-0.0165426
481.7	-0.0166062
481.8	-0.0166678
481.9	-0.0167314
482	-0.0167919
482.1	-0.0168473
482.2	-0.016896
482.3	-0.0169432
482.4	-0.0169884
482.5	-0.0170333
482.6	-0.0170777
482.7	-0.0171207
482.8	-0.0171611
482.9	-0.0172009
483	-0.01724
483.1	-0.0172804
483.2	-0.017319
483.3	-0.0173585
483.4	-0.0173948
483.5	-0.0174307
483.6	-0.0174665
483.7	-0.017504
483.8	-0.0175378
483.9	-0.0175729
484	-0.0176076
484.1	-0.0176441
484.2	-0.0176832
484.3	-0.0177248
484.4	-0.0177689
484.5	-0.0178158
484.6	-0.0178634
484.7	-0.0179152
484.8	-0.0179679
484.9	-0.0180189
485	-0.0180687
485.1	-0.0181227
485.2	-0.0181768
485.3	-0.0182338
485.4	-0.0182955
485.5	-0.0183648
485.6	-0.0184376
485.7	-0.0185141
485.8	-0.0185927
485.9	-0.0186744
486	-0.0187599
486.1	-0.0188484
486.2	-0.0189375
486.3	-0.0190249
486.4	-0.0191095
486.5	-0.0191962
486.6	-0.0192866
486.7	-0.0193808
486.8	-0.0194809
486.9	-0.0195841
487	-0.0196885
487.1	-0.019797
487.2	-0.0199051
487.3	-0.0200132
487.4	-0.0201209
487.5	-0.0202269
487.6	-0.0203294
487.7	-0.0204255
487.8	-0.0205166
487.9	-0.0206063
488	-0.0206914
488.1	-0.0207779
488.2	-0.0208649
488.3	-0.0209467
488.4	-0.0210222
488.5	-0.0210997
488.6	-0.0211751
488.7	-0.0212447
488.8	-0.0213144
488.9	-0.0213825
489	-0.0214502
489.1	-0.0215185
489.2	-0.0215857
489.3	-0.0216505
489.4	-0.0217114
489.5	-0.0217698
489.6	-0.0218215
489.7	-0.0218765
489.8	-0.0219376
489.9	-0.0220065
490	-0.022081
490.1	-0.0221569
490.2	-0.022227
490.3	-0.0222952
490.4	-0.0223645
490.5	-0.0224324
490.6	-0.0225024
490.7	-0.0225707
490.8	-0.0226375
490.9	-0.0227047
491	-0.0227741
491.1	-0.0228439
491.2	-0.0229055
491.3	-0.0229623
491.4	-0.023016
491.5	-0.0230657
491.6	-0.0231094
491.7	-0.0231516
491.8	-0.0231949
491.9	-0.0232408
492	-0.0232856
492.1	-0.0233315
492.2	-0.0233788
492.3	-0.0234309
492.4	-0.023482
492.5	-0.023537
492.6	-0.0235936
492.7	-0.0236537
492.8	-0.0237135
492.9	-0.0237764
493	-0.0238424
493.1	-0.0239125
493.2	-0.0239877
493.3	-0.0240617
493.4	-0.0241302
493.5	-0.0241909
493.6	-0.0242424
493.7	-0.0242904
493.8	-0.0243346
493.9	-0.0243789
494	-0.0244293
494.1	-0.0244836
494.2	-0.0245413
494.3	-0.024598
494.4	-0.0246541
494.5	-0.0247069
494.6	-0.0247582
494.7	-0.0248137
494.8	-0.0248641
494.9	-0.0249107
495	-0.0249534
495.1	-0.0249955
495.2	-0.0250369
495.3	-0.0250737
495.4	-0.0251007
495.5	-0.0251216
495.6	-0.0251408
495.7	-0.0251593
495.8	-0.0251774
495.9	-0.0251976
496	-0.0252147
496.1	-0.025227
496.2	-0.0252353
496.3	-0.0252449
496.4	-0.0252565
496.5	-0.0252704
496.6	-0.0252797
496.7	-0.0252824
496.8	-0.0252856
496.9	-0.0252886
497	-0.0252878
497.1	-0.0252842
497.2	-0.0252829
497.3	-0.0252794
497.4	-0.0252748
497.5	-0.0252696
497.6	-0.0252639
497.7	-0.0252577
497.8	-0.0252509
497.9	-0.0252451
498	-0.0252417
498.1	-0.0252345
498.2	-0.0252233
498.3	-0.0252093
498.4	-0.0251961
498.5	-0.0251832
498.6	-0.0251742
498.7	-0.0251691
498.8	-0.0251676
498.9	-0.0251674
499	-0.0251658
499.1	-0.0251655
499.2	-0.025166
499.3	-0.0251699
499.4	-0.0251749
499.5	-0.0251829
499.6	-0.025193
499.7	-0.0251968
499.8	-0.0251971
499.9	-0.0251987
500	-0.0251998
