LagTime	Correlation

0	1.3954
0.1	1.39039
0.2	1.3829
0.3	1.37485
0.4	1.3667
0.5	1.35859
0.6	1.35053
0.7	1.34256
0.8	1.33465
0.9	1.32681
1	1.31905
1.1	1.31135
1.2	1.30372
1.3	1.29616
1.4	1.28866
1.5	1.28123
1.6	1.27386
1.7	1.26655
1.8	1.25929
1.9	1.25209
2	1.24495
2.1	1.23786
2.2	1.23083
2.3	1.22385
2.4	1.21694
2.5	1.21009
2.6	1.20329
2.7	1.19656
2.8	1.18988
2.9	1.18326
3	1.17669
3.1	1.17018
3.2	1.16373
3.3	1.15733
3.4	1.15097
3.5	1.14468
3.6	1.13843
3.7	1.13223
3.8	1.12607
3.9	1.11997
4	1.11392
4.1	1.10792
4.2	1.10197
4.3	1.09607
4.4	1.09021
4.5	1.0844
4.6	1.07863
4.7	1.07291
4.8	1.06722
4.9	1.06158
5	1.05598
5.1	1.05043
5.2	1.04491
5.3	1.03944
5.4	1.03401
5.5	1.02862
5.6	1.02327
5.7	1.01796
5.8	1.0127
5.9	1.00747
6	1.00228
6.1	0.997126
6.2	0.992003
6.3	0.986917
6.4	0.981871
6.5	0.976861
6.6	0.971888
6.7	0.966959
6.8	0.962069
6.9	0.957214
7	0.952385
7.1	0.947587
7.2	0.942819
7.3	0.938082
7.4	0.933377
7.5	0.928708
7.6	0.924077
7.7	0.919479
7.8	0.914916
7.9	0.910394
8	0.905907
8.1	0.901447
8.2	0.897017
8.3	0.892617
8.4	0.888247
8.5	0.883911
8.6	0.879609
8.7	0.875338
8.8	0.871099
8.9	0.866891
9	0.862712
9.1	0.858561
9.2	0.854437
9.3	0.850342
9.4	0.846278
9.5	0.842244
9.6	0.83824
9.7	0.83427
9.8	0.830328
9.9	0.826412
10	0.822528
10.1	0.818668
10.2	0.814838
10.3	0.811036
10.4	0.807266
10.5	0.803522
10.6	0.799805
10.7	0.796117
10.8	0.792459
10.9	0.788831
11	0.785232
11.1	0.781658
11.2	0.778109
11.3	0.774587
11.4	0.771088
11.5	0.767615
11.6	0.764168
11.7	0.760748
11.8	0.757356
11.9	0.753985
12	0.750638
12.1	0.747315
12.2	0.744015
12.3	0.740734
12.4	0.737475
12.5	0.734239
12.6	0.731022
12.7	0.727826
12.8	0.724647
12.9	0.721486
13	0.718348
13.1	0.715229
13.2	0.712136
13.3	0.709068
13.4	0.706018
13.5	0.702985
13.6	0.69997
13.7	0.696974
13.8	0.693996
13.9	0.691036
14	0.688093
14.1	0.685172
14.2	0.682269
14.3	0.679383
14.4	0.676515
14.5	0.67366
14.6	0.670824
14.7	0.668004
14.8	0.6652
14.9	0.662412
15	0.659637
15.1	0.65688
15.2	0.654142
15.3	0.651428
15.4	0.648732
15.5	0.646056
15.6	0.643395
15.7	0.640746
15.8	0.63811
15.9	0.63549
16	0.632884
16.1	0.630292
16.2	0.627715
16.3	0.625152
16.4	0.622601
16.5	0.620067
16.6	0.617546
16.7	0.615038
16.8	0.612541
16.9	0.610052
17	0.607579
17.1	0.60512
17.2	0.602671
17.3	0.600239
17.4	0.597822
17.5	0.595418
17.6	0.593023
17.7	0.590636
17.8	0.588258
17.9	0.585893
18	0.583542
18.1	0.581203
18.2	0.578882
18.3	0.576575
18.4	0.574285
18.5	0.572011
18.6	0.569755
18.7	0.567513
18.8	0.565289
18.9	0.563081
19	0.560887
19.1	0.558707
19.2	0.556539
19.3	0.554382
19.4	0.552236
19.5	0.550105
19.6	0.547984
19.7	0.545875
19.8	0.543779
19.9	0.541691
20	0.539615
20.1	0.537549
20.2	0.535492
20.3	0.533444
20.4	0.531408
20.5	0.529386
20.6	0.527372
20.7	0.525366
20.8	0.52337
20.9	0.521385
21	0.519412
21.1	0.517448
21.2	0.515496
21.3	0.513556
21.4	0.511627
21.5	0.509708
21.6	0.507799
21.7	0.505902
21.8	0.504019
21.9	0.502147
22	0.500283
22.1	0.498434
22.2	0.496598
22.3	0.494773
22.4	0.492963
22.5	0.491166
22.6	0.489377
22.7	0.487595
22.8	0.48582
22.9	0.484057
23	0.482306
23.1	0.480567
23.2	0.478836
23.3	0.477114
23.4	0.475403
23.5	0.473701
23.6	0.472003
23.7	0.470316
23.8	0.468635
23.9	0.466955
24	0.465282
24.1	0.463618
24.2	0.461959
24.3	0.460299
24.4	0.458643
24.5	0.456987
24.6	0.455332
24.7	0.453683
24.8	0.452039
24.9	0.450401
25	0.448766
25.1	0.44714
25.2	0.44552
25.3	0.44391
25.4	0.442309
25.5	0.440713
25.6	0.439123
25.7	0.437537
25.8	0.435951
25.9	0.434373
26	0.432802
26.1	0.431241
26.2	0.429684
26.3	0.428138
26.4	0.426596
26.5	0.425063
26.6	0.423539
26.7	0.422021
26.8	0.420511
26.9	0.419009
27	0.417515
27.1	0.416028
27.2	0.414545
27.3	0.41307
27.4	0.411598
27.5	0.410126
27.6	0.408659
27.7	0.407197
27.8	0.405738
27.9	0.404286
28	0.402843
28.1	0.401406
28.2	0.399977
28.3	0.398553
28.4	0.397142
28.5	0.395746
28.6	0.394363
28.7	0.392986
28.8	0.391618
28.9	0.390257
29	0.388901
29.1	0.38755
29.2	0.386203
29.3	0.38486
29.4	0.383521
29.5	0.38219
29.6	0.380865
29.7	0.379544
29.8	0.378234
29.9	0.376933
30	0.375641
30.1	0.374354
30.2	0.373072
30.3	0.371799
30.4	0.370536
30.5	0.369279
30.6	0.368025
30.7	0.366773
30.8	0.365526
30.9	0.364281
31	0.36304
31.1	0.361801
31.2	0.360569
31.3	0.359343
31.4	0.358126
31.5	0.356914
31.6	0.355708
31.7	0.354503
31.8	0.353302
31.9	0.352108
32	0.350915
32.1	0.349722
32.2	0.348533
32.3	0.347346
32.4	0.346165
32.5	0.34499
32.6	0.343819
32.7	0.342652
32.8	0.341488
32.9	0.340329
33	0.339174
33.1	0.338022
33.2	0.336871
33.3	0.335718
33.4	0.334563
33.5	0.333414
33.6	0.332269
33.7	0.33113
33.8	0.329997
33.9	0.328866
34	0.327738
34.1	0.326618
34.2	0.325504
34.3	0.324399
34.4	0.323296
34.5	0.322202
34.6	0.321117
34.7	0.320039
34.8	0.31897
34.9	0.317906
35	0.316849
35.1	0.315795
35.2	0.314745
35.3	0.313698
35.4	0.312654
35.5	0.311613
35.6	0.310575
35.7	0.309537
35.8	0.308497
35.9	0.307456
36	0.30642
36.1	0.305392
36.2	0.304368
36.3	0.303348
36.4	0.302334
36.5	0.301327
36.6	0.300326
36.7	0.299329
36.8	0.298337
36.9	0.297352
37	0.296376
37.1	0.295403
37.2	0.294439
37.3	0.293481
37.4	0.292525
37.5	0.291576
37.6	0.290626
37.7	0.289674
37.8	0.288721
37.9	0.28777
38	0.286821
38.1	0.285879
38.2	0.284939
38.3	0.284005
38.4	0.283078
38.5	0.28216
38.6	0.281246
38.7	0.280337
38.8	0.279433
38.9	0.278534
39	0.277638
39.1	0.276747
39.2	0.27586
39.3	0.274975
39.4	0.274095
39.5	0.27322
39.6	0.272347
39.7	0.271476
39.8	0.270606
39.9	0.269735
40	0.268862
40.1	0.26799
40.2	0.267121
40.3	0.266258
40.4	0.265399
40.5	0.264544
40.6	0.263696
40.7	0.262853
40.8	0.262019
40.9	0.261191
41	0.260367
41.1	0.25955
41.2	0.258735
41.3	0.257921
41.4	0.25711
41.5	0.2563
41.6	0.255492
41.7	0.25469
41.8	0.253888
41.9	0.253086
42	0.252283
42.1	0.251479
42.2	0.250679
42.3	0.249883
42.4	0.249089
42.5	0.248299
42.6	0.247507
42.7	0.246719
42.8	0.24593
42.9	0.245146
43	0.244365
43.1	0.243589
43.2	0.242816
43.3	0.24204
43.4	0.241264
43.5	0.24049
43.6	0.239718
43.7	0.238949
43.8	0.238179
43.9	0.237408
44	0.236641
44.1	0.235878
44.2	0.23512
44.3	0.234365
44.4	0.23362
44.5	0.232879
44.6	0.23214
44.7	0.231408
44.8	0.230686
44.9	0.229972
45	0.229261
45.1	0.228553
45.2	0.227848
45.3	0.227138
45.4	0.226426
45.5	0.225714
45.6	0.225005
45.7	0.2243
45.8	0.2236
45.9	0.222901
46	0.222206
46.1	0.221512
46.2	0.220818
46.3	0.220121
46.4	0.219423
46.5	0.218729
46.6	0.218036
46.7	0.217343
46.8	0.216651
46.9	0.215958
47	0.215268
47.1	0.214577
47.2	0.213891
47.3	0.213211
47.4	0.212532
47.5	0.211852
47.6	0.211174
47.7	0.210497
47.8	0.209823
47.9	0.20915
48	0.208481
48.1	0.207819
48.2	0.20716
48.3	0.2065
48.4	0.205839
48.5	0.205179
48.6	0.204518
48.7	0.203857
48.8	0.203195
48.9	0.202533
49	0.201875
49.1	0.201227
49.2	0.200582
49.3	0.199939
49.4	0.1993
49.5	0.198663
49.6	0.198031
49.7	0.197402
49.8	0.19678
49.9	0.196167
50	0.195559
50.1	0.194961
50.2	0.194368
50.3	0.193781
50.4	0.193199
50.5	0.192621
50.6	0.192046
50.7	0.191476
50.8	0.190908
50.9	0.190341
51	0.18977
51.1	0.189197
51.2	0.188625
51.3	0.188053
51.4	0.187482
51.5	0.18691
51.6	0.186339
51.7	0.185768
51.8	0.185199
51.9	0.184626
52	0.184053
52.1	0.183481
52.2	0.182913
52.3	0.18235
52.4	0.18179
52.5	0.18123
52.6	0.180672
52.7	0.180116
52.8	0.179566
52.9	0.17902
53	0.178478
53.1	0.177938
53.2	0.177396
53.3	0.176858
53.4	0.176325
53.5	0.175798
53.6	0.175274
53.7	0.174751
53.8	0.174228
53.9	0.173702
54	0.173172
54.1	0.17264
54.2	0.172113
54.3	0.171584
54.4	0.171055
54.5	0.170527
54.6	0.169998
54.7	0.169475
54.8	0.168959
54.9	0.168446
55	0.167937
55.1	0.167429
55.2	0.166925
55.3	0.166423
55.4	0.16592
55.5	0.165419
55.6	0.164918
55.7	0.164418
55.8	0.163919
55.9	0.163417
56	0.162915
56.1	0.162409
56.2	0.161898
56.3	0.161388
56.4	0.160879
56.5	0.16037
56.6	0.159867
56.7	0.159364
56.8	0.158864
56.9	0.158365
57	0.157871
57.1	0.157379
57.2	0.156892
57.3	0.156406
57.4	0.155924
57.5	0.155447
57.6	0.154976
57.7	0.154511
57.8	0.154053
57.9	0.153601
58	0.153153
58.1	0.152706
58.2	0.152259
58.3	0.151807
58.4	0.151355
58.5	0.150906
58.6	0.15046
58.7	0.150018
58.8	0.149578
58.9	0.149138
59	0.148702
59.1	0.148268
59.2	0.147834
59.3	0.147399
59.4	0.146965
59.5	0.14653
59.6	0.146096
59.7	0.145661
59.8	0.145225
59.9	0.144785
60	0.144347
60.1	0.143909
60.2	0.143476
60.3	0.143049
60.4	0.14263
60.5	0.142216
60.6	0.141802
60.7	0.141388
60.8	0.140974
60.9	0.140561
61	0.140151
61.1	0.139744
61.2	0.139343
61.3	0.138944
61.4	0.138546
61.5	0.13815
61.6	0.137754
61.7	0.137359
61.8	0.136963
61.9	0.136568
62	0.136173
62.1	0.135782
62.2	0.135394
62.3	0.135012
62.4	0.134638
62.5	0.134271
62.6	0.133907
62.7	0.133542
62.8	0.133175
62.9	0.132808
63	0.132444
63.1	0.132088
63.2	0.13173
63.3	0.131373
63.4	0.131011
63.5	0.130645
63.6	0.13028
63.7	0.129911
63.8	0.129541
63.9	0.129175
64	0.128813
64.1	0.128453
64.2	0.128094
64.3	0.127736
64.4	0.127375
64.5	0.127011
64.6	0.126646
64.7	0.12628
64.8	0.125919
64.9	0.125556
65	0.125189
65.1	0.124824
65.2	0.124462
65.3	0.1241
65.4	0.123744
65.5	0.12339
65.6	0.123042
65.7	0.122694
65.8	0.122348
65.9	0.122002
66	0.121653
66.1	0.121305
66.2	0.12096
66.3	0.120618
66.4	0.120281
66.5	0.119941
66.6	0.119601
66.7	0.119259
66.8	0.118915
66.9	0.118565
67	0.118219
67.1	0.117875
67.2	0.117532
67.3	0.117192
67.4	0.116861
67.5	0.116535
67.6	0.116205
67.7	0.115875
67.8	0.115546
67.9	0.115216
68	0.114883
68.1	0.11455
68.2	0.114224
68.3	0.113896
68.4	0.113568
68.5	0.113235
68.6	0.112899
68.7	0.112561
68.8	0.112228
68.9	0.111898
69	0.111573
69.1	0.111251
69.2	0.110929
69.3	0.110607
69.4	0.110282
69.5	0.109959
69.6	0.109635
69.7	0.109311
69.8	0.10898
69.9	0.108648
70	0.10832
70.1	0.107997
70.2	0.107673
70.3	0.107347
70.4	0.107022
70.5	0.106695
70.6	0.106372
70.7	0.106052
70.8	0.105734
70.9	0.105408
71	0.105077
71.1	0.104745
71.2	0.104414
71.3	0.104082
71.4	0.103754
71.5	0.103433
71.6	0.103118
71.7	0.1028
71.8	0.102482
71.9	0.102159
72	0.101834
72.1	0.101509
72.2	0.101185
72.3	0.100856
72.4	0.100527
72.5	0.100197
72.6	0.0998644
72.7	0.0995354
72.8	0.099212
72.9	0.0988865
73	0.0985609
73.1	0.0982364
73.2	0.097912
73.3	0.0975911
73.4	0.0972733
73.5	0.0969526
73.6	0.096628
73.7	0.0963026
73.8	0.095975
73.9	0.0956529
74	0.0953356
74.1	0.0950177
74.2	0.0946993
74.3	0.0943823
74.4	0.0940687
74.5	0.0937591
74.6	0.0934478
74.7	0.0931437
74.8	0.0928477
74.9	0.0925541
75	0.0922608
75.1	0.0919707
75.2	0.0916807
75.3	0.0913894
75.4	0.0910976
75.5	0.0908065
75.6	0.0905182
75.7	0.0902268
75.8	0.0899373
75.9	0.0896491
76	0.0893602
76.1	0.0890695
76.2	0.0887748
76.3	0.0884815
76.4	0.0881857
76.5	0.0878866
76.6	0.0875867
76.7	0.0872854
76.8	0.0869848
76.9	0.0866915
77	0.0864038
77.1	0.086119
77.2	0.0858378
77.3	0.0855567
77.4	0.0852753
77.5	0.0849974
77.6	0.0847227
77.7	0.0844438
77.8	0.0841624
77.9	0.0838751
78	0.0835892
78.1	0.0833081
78.2	0.0830354
78.3	0.082771
78.4	0.0825101
78.5	0.0822483
78.6	0.0819864
78.7	0.0817197
78.8	0.0814464
78.9	0.0811704
79	0.0808984
79.1	0.0806302
79.2	0.0803619
79.3	0.0800924
79.4	0.0798187
79.5	0.0795484
79.6	0.0792852
79.7	0.0790302
79.8	0.0787781
79.9	0.0785266
80	0.0782773
80.1	0.0780278
80.2	0.0777844
80.3	0.0775382
80.4	0.0772903
80.5	0.0770438
80.6	0.0767913
80.7	0.076532
80.8	0.0762687
80.9	0.076003
81	0.0757359
81.1	0.0754718
81.2	0.0752038
81.3	0.0749353
81.4	0.0746703
81.5	0.0744135
81.6	0.0741646
81.7	0.0739213
81.8	0.073681
81.9	0.0734442
82	0.0732087
82.1	0.0729721
82.2	0.0727392
82.3	0.0725134
82.4	0.072293
82.5	0.072074
82.6	0.0718572
82.7	0.0716435
82.8	0.0714345
82.9	0.0712277
83	0.0710225
83.1	0.0708182
83.2	0.0706178
83.3	0.070421
83.4	0.0702283
83.5	0.0700377
83.6	0.0698441
83.7	0.0696506
83.8	0.0694584
83.9	0.0692663
84	0.069073
84.1	0.0688816
84.2	0.0686864
84.3	0.068493
84.4	0.0683031
84.5	0.0681114
84.6	0.0679205
84.7	0.0677302
84.8	0.0675411
84.9	0.0673578
85	0.0671791
85.1	0.0670039
85.2	0.0668215
85.3	0.066637
85.4	0.0664485
85.5	0.0662544
85.6	0.066059
85.7	0.0658708
85.8	0.0656858
85.9	0.0655042
86	0.0653294
86.1	0.0651522
86.2	0.0649761
86.3	0.0647981
86.4	0.0646188
86.5	0.064446
86.6	0.0642808
86.7	0.0641166
86.8	0.0639474
86.9	0.0637813
87	0.0636188
87.1	0.0634599
87.2	0.0633041
87.3	0.063152
87.4	0.0630022
87.5	0.0628574
87.6	0.0627165
87.7	0.0625781
87.8	0.0624396
87.9	0.0623017
88	0.0621657
88.1	0.0620328
88.2	0.0619006
88.3	0.0617674
88.4	0.0616306
88.5	0.0614888
88.6	0.0613466
88.7	0.0612088
88.8	0.0610661
88.9	0.0609202
89	0.0607692
89.1	0.0606189
89.2	0.060462
89.3	0.0602977
89.4	0.0601313
89.5	0.0599635
89.6	0.0597907
89.7	0.0596118
89.8	0.0594299
89.9	0.0592487
90	0.0590662
90.1	0.0588824
90.2	0.0586965
90.3	0.0585111
90.4	0.0583277
90.5	0.0581464
90.6	0.0579633
90.7	0.0577811
90.8	0.0575972
90.9	0.0574158
91	0.057238
91.1	0.057061
91.2	0.0568841
91.3	0.0567085
91.4	0.0565316
91.5	0.0563533
91.6	0.0561728
91.7	0.0559936
91.8	0.0558159
91.9	0.0556389
92	0.055456
92.1	0.0552702
92.2	0.0550824
92.3	0.0548928
92.4	0.0546993
92.5	0.054506
92.6	0.0543157
92.7	0.0541221
92.8	0.0539318
92.9	0.0537454
93	0.0535658
93.1	0.0533919
93.2	0.0532227
93.3	0.0530608
93.4	0.0529085
93.5	0.0527528
93.6	0.0525926
93.7	0.0524298
93.8	0.0522662
93.9	0.0520993
94	0.0519317
94.1	0.0517684
94.2	0.0516075
94.3	0.0514453
94.4	0.0512861
94.5	0.0511308
94.6	0.0509768
94.7	0.0508228
94.8	0.0506594
94.9	0.050495
95	0.0503282
95.1	0.0501646
95.2	0.0500009
95.3	0.0498361
95.4	0.0496673
95.5	0.049493
95.6	0.0493138
95.7	0.0491342
95.8	0.0489544
95.9	0.0487734
96	0.0485916
96.1	0.0484086
96.2	0.0482268
96.3	0.0480457
96.4	0.0478616
96.5	0.0476789
96.6	0.047495
96.7	0.0473084
96.8	0.0471188
96.9	0.0469258
97	0.0467273
97.1	0.046527
97.2	0.0463272
97.3	0.0461277
97.4	0.0459293
97.5	0.0457318
97.6	0.0455376
97.7	0.0453457
97.8	0.0451601
97.9	0.0449776
98	0.0447979
98.1	0.0446204
98.2	0.0444389
98.3	0.0442564
98.4	0.0440712
98.5	0.043885
98.6	0.0436954
98.7	0.0435086
98.8	0.0433253
98.9	0.0431441
99	0.0429608
99.1	0.0427759
99.2	0.0425885
99.3	0.0424018
99.4	0.0422211
99.5	0.0420466
99.6	0.0418767
99.7	0.0417062
99.8	0.0415361
99.9	0.041365
100	0.0411936
100.1	0.0410225
100.2	0.0408541
100.3	0.0406885
100.4	0.0405277
100.5	0.0403709
100.6	0.0402198
100.7	0.0400716
100.8	0.0399256
100.9	0.0397862
101	0.0396486
101.1	0.0395108
101.2	0.0393706
101.3	0.0392321
101.4	0.039097
101.5	0.0389593
101.6	0.0388153
101.7	0.0386674
101.8	0.0385174
101.9	0.0383698
102	0.0382252
102.1	0.0380815
102.2	0.0379312
102.3	0.0377819
102.4	0.0376353
102.5	0.0374871
102.6	0.0373409
102.7	0.0371928
102.8	0.0370422
102.9	0.0368902
103	0.0367373
103.1	0.0365831
103.2	0.0364293
103.3	0.0362732
103.4	0.0361174
103.5	0.0359613
103.6	0.0358106
103.7	0.0356639
103.8	0.0355192
103.9	0.0353677
104	0.0352167
104.1	0.0350692
104.2	0.0349197
104.3	0.0347698
104.4	0.0346185
104.5	0.0344635
104.6	0.0343045
104.7	0.0341483
104.8	0.0339942
104.9	0.0338444
105	0.0336961
105.1	0.033549
105.2	0.0334033
105.3	0.0332602
105.4	0.0331208
105.5	0.0329845
105.6	0.0328421
105.7	0.0326932
105.8	0.0325444
105.9	0.0323949
106	0.0322439
106.1	0.0320978
106.2	0.0319524
106.3	0.031805
106.4	0.0316526
106.5	0.0314954
106.6	0.031337
106.7	0.0311788
106.8	0.0310178
106.9	0.0308576
107	0.0306956
107.1	0.0305345
107.2	0.0303804
107.3	0.0302331
107.4	0.0300871
107.5	0.0299414
107.6	0.0297946
107.7	0.0296466
107.8	0.0294996
107.9	0.0293474
108	0.029197
108.1	0.0290477
108.2	0.0289014
108.3	0.0287603
108.4	0.028619
108.5	0.0284798
108.6	0.0283435
108.7	0.0282095
108.8	0.0280788
108.9	0.0279496
109	0.0278243
109.1	0.0276946
109.2	0.0275604
109.3	0.0274227
109.4	0.027285
109.5	0.0271461
109.6	0.0270024
109.7	0.026857
109.8	0.0267087
109.9	0.026553
110	0.0263957
110.1	0.0262382
110.2	0.0260794
110.3	0.0259212
110.4	0.0257647
110.5	0.025609
110.6	0.0254532
110.7	0.0253005
110.8	0.0251508
110.9	0.0250047
111	0.0248651
111.1	0.0247258
111.2	0.0245866
111.3	0.0244434
111.4	0.0242989
111.5	0.0241552
111.6	0.0240192
111.7	0.0238882
111.8	0.0237568
111.9	0.0236284
112	0.0235034
112.1	0.0233798
112.2	0.0232601
112.3	0.0231459
112.4	0.0230353
112.5	0.0229327
112.6	0.0228349
112.7	0.022739
112.8	0.0226494
112.9	0.0225653
113	0.0224861
113.1	0.0224104
113.2	0.0223365
113.3	0.0222621
113.4	0.0221939
113.5	0.0221234
113.6	0.0220539
113.7	0.0219871
113.8	0.0219221
113.9	0.0218557
114	0.0217917
114.1	0.0217269
114.2	0.0216573
114.3	0.0215883
114.4	0.0215215
114.5	0.021455
114.6	0.0213898
114.7	0.0213227
114.8	0.0212587
114.9	0.0212007
115	0.0211444
115.1	0.0210887
115.2	0.0210355
115.3	0.0209797
115.4	0.0209257
115.5	0.0208688
115.6	0.0208086
115.7	0.0207466
115.8	0.0206798
115.9	0.0206091
116	0.0205368
116.1	0.0204658
116.2	0.0203956
116.3	0.02033
116.4	0.020268
116.5	0.0202094
116.6	0.0201521
116.7	0.0200999
116.8	0.0200467
116.9	0.0199993
117	0.0199555
117.1	0.0199133
117.2	0.0198726
117.3	0.0198317
117.4	0.0197939
117.5	0.0197606
117.6	0.019733
117.7	0.0197053
117.8	0.0196823
117.9	0.0196658
118	0.0196509
118.1	0.0196381
118.2	0.0196222
118.3	0.0195977
118.4	0.0195693
118.5	0.0195442
118.6	0.0195155
118.7	0.0194824
118.8	0.0194449
118.9	0.0194044
119	0.0193601
119.1	0.0193194
119.2	0.0192809
119.3	0.0192401
119.4	0.0191976
119.5	0.0191565
119.6	0.0191137
119.7	0.0190665
119.8	0.0190165
119.9	0.0189677
120	0.0189189
120.1	0.0188652
120.2	0.0188057
120.3	0.0187402
120.4	0.0186674
120.5	0.0185924
120.6	0.0185135
120.7	0.0184305
120.8	0.0183411
120.9	0.0182482
121	0.0181557
121.1	0.0180644
121.2	0.0179754
121.3	0.017892
121.4	0.0178037
121.5	0.0177119
121.6	0.0176198
121.7	0.0175298
121.8	0.0174443
121.9	0.0173615
122	0.0172801
122.1	0.0171919
122.2	0.0171007
122.3	0.017009
122.4	0.0169177
122.5	0.0168291
122.6	0.0167437
122.7	0.0166627
122.8	0.0165854
122.9	0.016505
123	0.0164222
123.1	0.0163409
123.2	0.0162645
123.3	0.0161875
123.4	0.0161085
123.5	0.0160227
123.6	0.0159399
123.7	0.0158588
123.8	0.0157732
123.9	0.0156848
124	0.0155914
124.1	0.0154973
124.2	0.0154052
124.3	0.0153134
124.4	0.0152247
124.5	0.0151353
124.6	0.0150369
124.7	0.0149311
124.8	0.0148228
124.9	0.0147118
125	0.0145967
125.1	0.0144779
125.2	0.014352
125.3	0.0142258
125.4	0.0141026
125.5	0.0139883
125.6	0.0138771
125.7	0.0137653
125.8	0.0136515
125.9	0.0135385
126	0.0134277
126.1	0.0133145
126.2	0.0131952
126.3	0.0130726
126.4	0.0129532
126.5	0.0128359
126.6	0.0127226
126.7	0.0126058
126.8	0.0124902
126.9	0.0123741
127	0.0122601
127.1	0.0121521
127.2	0.0120465
127.3	0.0119443
127.4	0.011838
127.5	0.0117332
127.6	0.0116329
127.7	0.0115386
127.8	0.0114456
127.9	0.0113542
128	0.011263
128.1	0.0111753
128.2	0.0110853
128.3	0.0109966
128.4	0.0109064
128.5	0.0108131
128.6	0.0107186
128.7	0.0106231
128.8	0.0105288
128.9	0.0104358
129	0.0103453
129.1	0.0102555
129.2	0.0101687
129.3	0.0100798
129.4	0.00998834
129.5	0.00989481
129.6	0.00980095
129.7	0.00970486
129.8	0.00961078
129.9	0.00951987
130	0.00943008
130.1	0.00933584
130.2	0.00923743
130.3	0.00914001
130.4	0.00904134
130.5	0.00894351
130.6	0.00884569
130.7	0.00875247
130.8	0.00865759
130.9	0.0085564
131	0.00844904
131.1	0.00833814
131.2	0.00823129
131.3	0.0081244
131.4	0.00801387
131.5	0.00790494
131.6	0.00779783
131.7	0.00769078
131.8	0.00758818
131.9	0.00748753
132	0.00738561
132.1	0.00728115
132.2	0.00717397
132.3	0.00706507
132.4	0.00695779
132.5	0.00684971
132.6	0.00673487
132.7	0.00661842
132.8	0.00650238
132.9	0.00639315
133	0.00629275
133.1	0.00619593
133.2	0.00610224
133.3	0.00600996
133.4	0.0059182
133.5	0.00582624
133.6	0.00573686
133.7	0.00564471
133.8	0.00555515
133.9	0.00546971
134	0.0053859
134.1	0.00530837
134.2	0.00523475
134.3	0.0051612
134.4	0.00508656
134.5	0.00502078
134.6	0.0049594
134.7	0.00490108
134.8	0.00484073
134.9	0.0047809
135	0.00472574
135.1	0.00467456
135.2	0.00462281
135.3	0.0045721
135.4	0.00452362
135.5	0.00447736
135.6	0.00443499
135.7	0.00439268
135.8	0.00435268
135.9	0.00431064
136	0.00426634
136.1	0.00422111
136.2	0.00417769
136.3	0.00413533
136.4	0.00409452
136.5	0.00405859
136.6	0.00402565
136.7	0.0039902
136.8	0.00395598
136.9	0.00392575
137	0.00389972
137.1	0.00387771
137.2	0.00385746
137.3	0.00384145
137.4	0.00382638
137.5	0.00381618
137.6	0.00380609
137.7	0.00379369
137.8	0.00377854
137.9	0.00376234
138	0.00374234
138.1	0.00371778
138.2	0.00369183
138.3	0.00366831
138.4	0.00364388
138.5	0.00361813
138.6	0.00359387
138.7	0.0035699
138.8	0.0035478
138.9	0.00351885
139	0.0034795
139.1	0.00343346
139.2	0.0033894
139.3	0.00334255
139.4	0.00328889
139.5	0.00322984
139.6	0.0031672
139.7	0.00310231
139.8	0.00303593
139.9	0.00296653
140	0.00289658
140.1	0.00282498
140.2	0.0027508
140.3	0.00267963
140.4	0.0026074
140.5	0.00253357
140.6	0.00245458
140.7	0.00237156
140.8	0.00229337
140.9	0.00222082
141	0.00214685
141.1	0.00207207
141.2	0.00199683
141.3	0.00192514
141.4	0.00185212
141.5	0.00177756
141.6	0.00170618
141.7	0.00163874
141.8	0.00157478
141.9	0.00151575
142	0.00145106
142.1	0.00138835
142.2	0.00132541
142.3	0.00126174
142.4	0.00119362
142.5	0.00111952
142.6	0.00104522
142.7	0.000970157
142.8	0.000898057
142.9	0.000826539
143	0.000755378
143.1	0.000683497
143.2	0.000615616
143.3	0.000555723
143.4	0.000493484
143.5	0.000434471
143.6	0.000379821
143.7	0.000326461
143.8	0.00027328
143.9	0.00022347
144	0.000173985
144.1	0.000119931
144.2	6.75632e-05
144.3	1.8279e-05
144.4	-2.85904e-05
144.5	-7.35436e-05
144.6	-0.000117463
144.7	-0.000163912
144.8	-0.00021337
144.9	-0.000264744
145	-0.00031724
145.1	-0.000370282
145.2	-0.000422469
145.3	-0.000470238
145.4	-0.000521129
145.5	-0.000569681
145.6	-0.000617055
145.7	-0.000668498
145.8	-0.000718499
145.9	-0.000770335
146	-0.000826149
146.1	-0.00088064
146.2	-0.000938678
146.3	-0.00099389
146.4	-0.00104281
146.5	-0.0010909
146.6	-0.0011445
146.7	-0.00119707
146.8	-0.00125335
146.9	-0.00130788
147	-0.00135721
147.1	-0.00139854
147.2	-0.00143592
147.3	-0.00147339
147.4	-0.00151044
147.5	-0.0015487
147.6	-0.00158858
147.7	-0.00162955
147.8	-0.00167693
147.9	-0.00173012
148	-0.00178266
148.1	-0.0018417
148.2	-0.00190062
148.3	-0.00195939
148.4	-0.00201831
148.5	-0.00207421
148.6	-0.00212722
148.7	-0.0021763
148.8	-0.00222566
148.9	-0.00228058
149	-0.00233584
149.1	-0.00239354
149.2	-0.00245769
149.3	-0.00252719
149.4	-0.00260236
149.5	-0.0026815
149.6	-0.00276464
149.7	-0.00284711
149.8	-0.0029288
149.9	-0.0030087
150	-0.00308241
150.1	-0.00315129
150.2	-0.00321313
150.3	-0.00327051
150.4	-0.00332643
150.5	-0.00338215
150.6	-0.00344108
150.7	-0.00349846
150.8	-0.00355334
150.9	-0.00360583
151	-0.00365852
151.1	-0.00371052
151.2	-0.00376434
151.3	-0.00381613
151.4	-0.00386749
151.5	-0.00391787
151.6	-0.00396137
151.7	-0.00399796
151.8	-0.00403055
151.9	-0.00405008
152	-0.00406225
152.1	-0.00406946
152.2	-0.00407799
152.3	-0.00408453
152.4	-0.0040877
152.5	-0.00409251
152.6	-0.00410032
152.7	-0.0041079
152.8	-0.00411903
152.9	-0.00413297
153	-0.00414921
153.1	-0.00416649
153.2	-0.00418037
153.3	-0.00419254
153.4	-0.00420343
153.5	-0.00421429
153.6	-0.00421685
153.7	-0.00421334
153.8	-0.00420565
153.9	-0.00419714
154	-0.00418564
154.1	-0.00416776
154.2	-0.00414579
154.3	-0.00412271
154.4	-0.00410136
154.5	-0.00408097
154.6	-0.00406191
154.7	-0.00404025
154.8	-0.00402258
154.9	-0.00400598
155	-0.00398907
155.1	-0.00397205
155.2	-0.00396284
155.3	-0.00396049
155.4	-0.00395683
155.5	-0.00395006
155.6	-0.00394198
155.7	-0.00393353
155.8	-0.00392523
155.9	-0.00392119
156	-0.00391616
156.1	-0.00391016
156.2	-0.0039037
156.3	-0.00389958
156.4	-0.00389744
156.5	-0.00389846
156.6	-0.00389715
156.7	-0.00389853
156.8	-0.00390051
156.9	-0.00389905
157	-0.00389255
157.1	-0.00387687
157.2	-0.00385237
157.3	-0.00382409
157.4	-0.00379407
157.5	-0.00376606
157.6	-0.00374082
157.7	-0.00371158
157.8	-0.00368045
157.9	-0.00364995
158	-0.00362005
158.1	-0.00358913
158.2	-0.00356117
158.3	-0.00353735
158.4	-0.00351422
158.5	-0.00348774
158.6	-0.00346031
158.7	-0.00343071
158.8	-0.00340111
158.9	-0.00337743
159	-0.00335743
159.1	-0.00333715
159.2	-0.00331818
159.3	-0.00330355
159.4	-0.00328857
159.5	-0.00326495
159.6	-0.00323867
159.7	-0.00321421
159.8	-0.00319496
159.9	-0.00318042
160	-0.00317063
160.1	-0.00316294
160.2	-0.00315185
160.3	-0.00313859
160.4	-0.00312641
160.5	-0.00310946
160.6	-0.00309196
160.7	-0.00307459
160.8	-0.0030598
160.9	-0.00305502
161	-0.00305939
161.1	-0.00306673
161.2	-0.0030751
161.3	-0.00308561
161.4	-0.00309805
161.5	-0.00310849
161.6	-0.00311976
161.7	-0.00313114
161.8	-0.00313639
161.9	-0.00313664
162	-0.00313949
162.1	-0.0031452
162.2	-0.00315253
162.3	-0.0031561
162.4	-0.00315693
162.5	-0.00315618
162.6	-0.00315599
162.7	-0.00315922
162.8	-0.00316529
162.9	-0.00316998
163	-0.00317441
163.1	-0.00317787
163.2	-0.003186
163.3	-0.00319147
163.4	-0.00320336
163.5	-0.0032116
163.6	-0.00322057
163.7	-0.00322729
163.8	-0.00322921
163.9	-0.00322982
164	-0.00323436
164.1	-0.00323733
164.2	-0.00323881
164.3	-0.0032391
164.4	-0.00323962
164.5	-0.0032386
164.6	-0.00323632
164.7	-0.00323314
164.8	-0.0032282
164.9	-0.00321959
165	-0.00321118
165.1	-0.00320031
165.2	-0.00318549
165.3	-0.00317114
165.4	-0.00316016
165.5	-0.00315848
165.6	-0.00316557
165.7	-0.00317529
165.8	-0.0031784
165.9	-0.00317791
166	-0.00317872
166.1	-0.00318315
166.2	-0.00319115
166.3	-0.00320564
166.4	-0.00322765
166.5	-0.00324953
166.6	-0.00326379
166.7	-0.00327452
166.8	-0.00328719
166.9	-0.00329844
167	-0.00330527
167.1	-0.00330488
167.2	-0.00329795
167.3	-0.0032935
167.4	-0.0032896
167.5	-0.00328656
167.6	-0.00328693
167.7	-0.00328605
167.8	-0.00328225
167.9	-0.00327268
168	-0.00325626
168.1	-0.00323934
168.2	-0.00322523
168.3	-0.00321343
168.4	-0.00320343
168.5	-0.00319532
168.6	-0.00319005
168.7	-0.00318832
168.8	-0.00318528
168.9	-0.0031786
169	-0.00317613
169.1	-0.00317468
169.2	-0.00317189
169.3	-0.00316719
169.4	-0.00316353
169.5	-0.00315906
169.6	-0.00315016
169.7	-0.00314122
169.8	-0.00313113
169.9	-0.00312433
170	-0.00312479
170.1	-0.00313038
170.2	-0.0031385
170.3	-0.0031492
170.4	-0.00316153
170.5	-0.00317182
170.6	-0.00317643
170.7	-0.00318173
170.8	-0.00318753
170.9	-0.00319588
171	-0.00320478
171.1	-0.00321777
171.2	-0.00323007
171.3	-0.00324165
171.4	-0.0032542
171.5	-0.00326182
171.6	-0.00326392
171.7	-0.00326162
171.8	-0.00325644
171.9	-0.00325076
172	-0.00324702
172.1	-0.00324863
172.2	-0.00325106
172.3	-0.00325274
172.4	-0.00325366
172.5	-0.00325453
172.6	-0.00325612
172.7	-0.00325803
172.8	-0.00325775
172.9	-0.0032555
173	-0.00325592
173.1	-0.00325896
173.2	-0.00326612
173.3	-0.00328197
173.4	-0.00330541
173.5	-0.00333249
173.6	-0.00336111
173.7	-0.00339035
173.8	-0.0034174
173.9	-0.00344629
174	-0.003477
174.1	-0.00351148
174.2	-0.0035483
174.3	-0.00358447
174.4	-0.00362463
174.5	-0.00366854
174.6	-0.00371658
174.7	-0.00376187
174.8	-0.00380207
174.9	-0.00383532
175	-0.00386539
175.1	-0.00388983
175.2	-0.00390868
175.3	-0.00392596
175.4	-0.00394295
175.5	-0.00396212
175.6	-0.00397886
175.7	-0.00399454
175.8	-0.00401065
175.9	-0.00402731
176	-0.00404392
176.1	-0.00405856
176.2	-0.0040751
176.3	-0.00408932
176.4	-0.0041048
176.5	-0.004126
176.6	-0.004145
176.7	-0.00416348
176.8	-0.00417615
176.9	-0.00418968
177	-0.00420516
177.1	-0.00422514
177.2	-0.00425033
177.3	-0.004278
177.4	-0.00430731
177.5	-0.00433482
177.6	-0.00435985
177.7	-0.00438323
177.8	-0.0044044
177.9	-0.00443149
178	-0.00446676
178.1	-0.00450566
178.2	-0.00454543
178.3	-0.00458562
178.4	-0.00462627
178.5	-0.00466991
178.6	-0.00471557
178.7	-0.00476411
178.8	-0.00481606
178.9	-0.00486847
179	-0.0049204
179.1	-0.00496811
179.2	-0.00501132
179.3	-0.005054
179.4	-0.0050965
179.5	-0.00514046
179.6	-0.00518428
179.7	-0.00523079
179.8	-0.00527775
179.9	-0.00532556
180	-0.00537146
180.1	-0.00542137
180.2	-0.00547248
180.3	-0.00552714
180.4	-0.00557932
180.5	-0.00562526
180.6	-0.00566573
180.7	-0.00570024
180.8	-0.00573622
180.9	-0.0057712
181	-0.00580556
181.1	-0.00584477
181.2	-0.00588183
181.3	-0.00591746
181.4	-0.0059519
181.5	-0.00598081
181.6	-0.00600543
181.7	-0.00602357
181.8	-0.00604112
181.9	-0.00605716
182	-0.00607293
182.1	-0.00609333
182.2	-0.00611596
182.3	-0.00613959
182.4	-0.00616719
182.5	-0.00619977
182.6	-0.00623587
182.7	-0.00626835
182.8	-0.006297
182.9	-0.00632487
183	-0.00635218
183.1	-0.00637613
183.2	-0.00639543
183.3	-0.00640931
183.4	-0.00641964
183.5	-0.00642944
183.6	-0.00644063
183.7	-0.00645235
183.8	-0.0064613
183.9	-0.0064681
184	-0.00647699
184.1	-0.00648688
184.2	-0.00649426
184.3	-0.0065025
184.4	-0.00650975
184.5	-0.00651592
184.6	-0.00652181
184.7	-0.00652512
184.8	-0.00652446
184.9	-0.0065203
185	-0.00651123
185.1	-0.00649575
185.2	-0.00648349
185.3	-0.0064747
185.4	-0.00646683
185.5	-0.00646188
185.6	-0.00646179
185.7	-0.0064653
185.8	-0.0064752
185.9	-0.00648412
186	-0.00649684
186.1	-0.00650615
186.2	-0.00651068
186.3	-0.00650795
186.4	-0.00650067
186.5	-0.00649041
186.6	-0.00647677
186.7	-0.00645833
186.8	-0.00643817
186.9	-0.00641832
187	-0.00640156
187.1	-0.006383
187.2	-0.00636472
187.3	-0.00634824
187.4	-0.00632902
187.5	-0.00630781
187.6	-0.0062838
187.7	-0.0062628
187.8	-0.00623923
187.9	-0.0062151
188	-0.00619863
188.1	-0.00618345
188.2	-0.00616852
188.3	-0.00615459
188.4	-0.00613952
188.5	-0.00612608
188.6	-0.00611448
188.7	-0.00610388
188.8	-0.0060984
188.9	-0.00609908
189	-0.00610332
189.1	-0.00610338
189.2	-0.00610013
189.3	-0.00609634
189.4	-0.00609525
189.5	-0.00609569
189.6	-0.00609627
189.7	-0.00609897
189.8	-0.00610665
189.9	-0.00612122
190	-0.00614144
190.1	-0.00616395
190.2	-0.00618587
190.3	-0.00621244
190.4	-0.00624614
190.5	-0.00628235
190.6	-0.0063207
190.7	-0.00636021
190.8	-0.00639758
190.9	-0.00642892
191	-0.0064503
191.1	-0.00647095
191.2	-0.00649495
191.3	-0.00652251
191.4	-0.006552
191.5	-0.00658341
191.6	-0.00662262
191.7	-0.0066663
191.8	-0.00671691
191.9	-0.00676757
192	-0.00681599
192.1	-0.00686286
192.2	-0.00690929
192.3	-0.00695888
192.4	-0.00700598
192.5	-0.00705022
192.6	-0.00709536
192.7	-0.00713452
192.8	-0.00716466
192.9	-0.00718731
193	-0.00720452
193.1	-0.00721664
193.2	-0.0072236
193.3	-0.00722867
193.4	-0.00722874
193.5	-0.00722919
193.6	-0.00722487
193.7	-0.00721676
193.8	-0.00720753
193.9	-0.00720036
194	-0.0071983
194.1	-0.00719934
194.2	-0.00719912
194.3	-0.00720255
194.4	-0.00720564
194.5	-0.00720468
194.6	-0.00720374
194.7	-0.00719987
194.8	-0.007198
194.9	-0.00719539
195	-0.00718775
195.1	-0.00717501
195.2	-0.00716271
195.3	-0.00715276
195.4	-0.00714045
195.5	-0.00712149
195.6	-0.00709596
195.7	-0.00706612
195.8	-0.00703959
195.9	-0.00701383
196	-0.00699013
196.1	-0.00696538
196.2	-0.00693829
196.3	-0.00691271
196.4	-0.0068929
196.5	-0.00687796
196.6	-0.00686582
196.7	-0.00685746
196.8	-0.00684947
196.9	-0.00683615
197	-0.00682151
197.1	-0.00680326
197.2	-0.00678053
197.3	-0.00675769
197.4	-0.0067332
197.5	-0.00670872
197.6	-0.00667999
197.7	-0.00664671
197.8	-0.00661099
197.9	-0.00657133
198	-0.00653068
198.1	-0.00649374
198.2	-0.00645965
198.3	-0.00642581
198.4	-0.00639139
198.5	-0.00636097
198.6	-0.00633501
198.7	-0.0063091
198.8	-0.00628745
198.9	-0.00626434
199	-0.0062398
199.1	-0.00621405
199.2	-0.00618668
199.3	-0.00615745
199.4	-0.00613158
199.5	-0.0061059
199.6	-0.00608014
199.7	-0.00604846
199.8	-0.00601317
199.9	-0.00597922
200	-0.00593998
200.1	-0.00589945
200.2	-0.00585893
200.3	-0.00582019
200.4	-0.0057834
200.5	-0.00574659
200.6	-0.00570975
200.7	-0.00567456
200.8	-0.0056401
200.9	-0.00560531
201	-0.00557256
201.1	-0.00554281
201.2	-0.00551556
201.3	-0.0054898
201.4	-0.00546913
201.5	-0.0054503
201.6	-0.00543147
201.7	-0.00541466
201.8	-0.00540494
201.9	-0.00539656
202	-0.0053851
202.1	-0.00537051
202.2	-0.00535463
202.3	-0.00533711
202.4	-0.0053196
202.5	-0.00530499
202.6	-0.00529703
202.7	-0.00529744
202.8	-0.00529964
202.9	-0.00530022
203	-0.00529874
203.1	-0.00529906
203.2	-0.00529759
203.3	-0.00529474
203.4	-0.00528777
203.5	-0.00528135
203.6	-0.005277
203.7	-0.0052808
203.8	-0.00528765
203.9	-0.00529664
204	-0.00530542
204.1	-0.00531589
204.2	-0.00532585
204.3	-0.00534325
204.4	-0.00535779
204.5	-0.00536924
204.6	-0.0053743
204.7	-0.00537271
204.8	-0.00536772
204.9	-0.00535715
205	-0.00534416
205.1	-0.00533122
205.2	-0.00531856
205.3	-0.00530354
205.4	-0.00528169
205.5	-0.00525756
205.6	-0.00523261
205.7	-0.00521161
205.8	-0.00519275
205.9	-0.0051763
206	-0.00516022
206.1	-0.00514362
206.2	-0.00512978
206.3	-0.00511716
206.4	-0.00510078
206.5	-0.00507619
206.6	-0.00504142
206.7	-0.00500105
206.8	-0.00495967
206.9	-0.00491958
207	-0.00487762
207.1	-0.0048329
207.2	-0.00478962
207.3	-0.00474912
207.4	-0.00470696
207.5	-0.00466288
207.6	-0.00461528
207.7	-0.00456499
207.8	-0.00451225
207.9	-0.00445925
208	-0.00440939
208.1	-0.0043655
208.2	-0.00432502
208.3	-0.0042864
208.4	-0.00424634
208.5	-0.00420473
208.6	-0.00415935
208.7	-0.00411515
208.8	-0.00407334
208.9	-0.00403688
209	-0.00400104
209.1	-0.00396681
209.2	-0.00393421
209.3	-0.00390171
209.4	-0.00387152
209.5	-0.00384069
209.6	-0.00380919
209.7	-0.00377561
209.8	-0.00374077
209.9	-0.00370704
210	-0.00367581
210.1	-0.00364362
210.2	-0.00361032
210.3	-0.00357666
210.4	-0.0035408
210.5	-0.00351026
210.6	-0.00348243
210.7	-0.00345908
210.8	-0.00343828
210.9	-0.00342024
211	-0.0034048
211.1	-0.0033853
211.2	-0.00336436
211.3	-0.00334744
211.4	-0.00333477
211.5	-0.00332149
211.6	-0.00330505
211.7	-0.0032866
211.8	-0.00326127
211.9	-0.00323724
212	-0.00321261
212.1	-0.00319001
212.2	-0.00316001
212.3	-0.00312489
212.4	-0.00308482
212.5	-0.00303659
212.6	-0.002987
212.7	-0.00293485
212.8	-0.00288423
212.9	-0.00283761
213	-0.00279447
213.1	-0.00275681
213.2	-0.0027223
213.3	-0.00269101
213.4	-0.00266139
213.5	-0.00263417
213.6	-0.00260694
213.7	-0.00258074
213.8	-0.00255934
213.9	-0.00254422
214	-0.00253349
214.1	-0.00252673
214.2	-0.00252577
214.3	-0.00252555
214.4	-0.00251805
214.5	-0.00250911
214.6	-0.00249751
214.7	-0.00248274
214.8	-0.00247179
214.9	-0.00246389
215	-0.00245152
215.1	-0.00243512
215.2	-0.00241855
215.3	-0.0024049
215.4	-0.00239401
215.5	-0.00238154
215.6	-0.00237331
215.7	-0.00236479
215.8	-0.00235106
215.9	-0.00234071
216	-0.00233259
216.1	-0.00232271
216.2	-0.00230797
216.3	-0.00229082
216.4	-0.00227366
216.5	-0.00225602
216.6	-0.00223757
216.7	-0.00221699
216.8	-0.00219555
216.9	-0.00218007
217	-0.00216802
217.1	-0.0021566
217.2	-0.00214237
217.3	-0.00212615
217.4	-0.00211018
217.5	-0.00209223
217.6	-0.00207486
217.7	-0.00205365
217.8	-0.00203461
217.9	-0.00201917
218	-0.00200325
218.1	-0.00199194
218.2	-0.00198128
218.3	-0.00197256
218.4	-0.00196224
218.5	-0.00195052
218.6	-0.00193761
218.7	-0.00192267
218.8	-0.00190921
218.9	-0.00189352
219	-0.00187487
219.1	-0.00185797
219.2	-0.00184136
219.3	-0.00182346
219.4	-0.00180231
219.5	-0.0017793
219.6	-0.00175624
219.7	-0.00173357
219.8	-0.00171717
219.9	-0.00170466
220	-0.00169305
220.1	-0.00168385
220.2	-0.00167418
220.3	-0.00166545
220.4	-0.0016594
220.5	-0.00165603
220.6	-0.00165802
220.7	-0.00166823
220.8	-0.00167638
220.9	-0.00168953
221	-0.00170332
221.1	-0.00171587
221.2	-0.00172815
221.3	-0.00174305
221.4	-0.00175926
221.5	-0.00177989
221.6	-0.00180024
221.7	-0.0018208
221.8	-0.00183892
221.9	-0.00185805
222	-0.00187484
222.1	-0.00189001
222.2	-0.00190058
222.3	-0.00190764
222.4	-0.00191581
222.5	-0.00191928
222.6	-0.00192205
222.7	-0.00192666
222.8	-0.0019324
222.9	-0.0019388
223	-0.00194464
223.1	-0.00194513
223.2	-0.0019454
223.3	-0.00194348
223.4	-0.00194278
223.5	-0.00194642
223.6	-0.00194867
223.7	-0.00194873
223.8	-0.00194998
223.9	-0.00194999
224	-0.00194972
224.1	-0.00195435
224.2	-0.00196555
224.3	-0.00198288
224.4	-0.00200362
224.5	-0.00202807
224.6	-0.0020524
224.7	-0.00207596
224.8	-0.00210057
224.9	-0.00212543
225	-0.00215452
225.1	-0.00218274
225.2	-0.00221274
225.3	-0.00224307
225.4	-0.00227127
225.5	-0.00230029
225.6	-0.00233084
225.7	-0.00236098
225.8	-0.00238752
225.9	-0.00241244
226	-0.00244228
226.1	-0.0024701
226.2	-0.00249348
226.3	-0.00251791
226.4	-0.00254523
226.5	-0.00258316
226.6	-0.00262372
226.7	-0.0026645
226.8	-0.00270566
226.9	-0.00274976
227	-0.00279142
227.1	-0.00283059
227.2	-0.00286642
227.3	-0.00290513
227.4	-0.00294815
227.5	-0.00299135
227.6	-0.00303845
227.7	-0.00308253
227.8	-0.00312451
227.9	-0.00316455
228	-0.00320181
228.1	-0.00323456
228.2	-0.00326864
228.3	-0.00330035
228.4	-0.00333629
228.5	-0.00338335
228.6	-0.00343039
228.7	-0.00347963
228.8	-0.00353168
228.9	-0.00358318
229	-0.00363955
229.1	-0.00369897
229.2	-0.00375858
229.3	-0.00381841
229.4	-0.00387593
229.5	-0.00393691
229.6	-0.00399235
229.7	-0.00404174
229.8	-0.00408376
229.9	-0.00412186
230	-0.00415123
230.1	-0.00417346
230.2	-0.00418921
230.3	-0.00420263
230.4	-0.00421216
230.5	-0.00421504
230.6	-0.00421173
230.7	-0.00420776
230.8	-0.00420372
230.9	-0.00420161
231	-0.00419834
231.1	-0.00419225
231.2	-0.00418766
231.3	-0.00418602
231.4	-0.0041795
231.5	-0.00417093
231.6	-0.00416515
231.7	-0.00416182
231.8	-0.00416629
231.9	-0.00417094
232	-0.00417135
232.1	-0.00417019
232.2	-0.00416876
232.3	-0.004165
232.4	-0.00416042
232.5	-0.00415407
232.6	-0.00415223
232.7	-0.00415999
232.8	-0.00417634
232.9	-0.00419804
233	-0.00422352
233.1	-0.00425147
233.2	-0.00428295
233.3	-0.00431604
233.4	-0.00434624
233.5	-0.00437518
233.6	-0.00440712
233.7	-0.00444021
233.8	-0.00447043
233.9	-0.00449825
234	-0.00452363
234.1	-0.00455022
234.2	-0.00457375
234.3	-0.0045908
234.4	-0.00460502
234.5	-0.00462167
234.6	-0.00463599
234.7	-0.00465505
234.8	-0.00468041
234.9	-0.00470891
235	-0.00474361
235.1	-0.00477939
235.2	-0.0048116
235.3	-0.00484009
235.4	-0.00486573
235.5	-0.00489373
235.6	-0.00492577
235.7	-0.00495964
235.8	-0.00499301
235.9	-0.00502586
236	-0.00505727
236.1	-0.00508374
236.2	-0.00510941
236.3	-0.00513734
236.4	-0.00517139
236.5	-0.00521198
236.6	-0.00525839
236.7	-0.00530306
236.8	-0.00534333
236.9	-0.00537961
237	-0.00541383
237.1	-0.00544737
237.2	-0.00547457
237.3	-0.00549882
237.4	-0.0055249
237.5	-0.00555094
237.6	-0.00557503
237.7	-0.00560093
237.8	-0.00562489
237.9	-0.00564523
238	-0.00566745
238.1	-0.00569044
238.2	-0.0057103
238.3	-0.00572702
238.4	-0.00574273
238.5	-0.00575873
238.6	-0.00577784
238.7	-0.00579927
238.8	-0.00582237
238.9	-0.00584755
239	-0.00587139
239.1	-0.00589314
239.2	-0.00592028
239.3	-0.00595267
239.4	-0.00598637
239.5	-0.00601621
239.6	-0.00604786
239.7	-0.00608088
239.8	-0.00611217
239.9	-0.00614587
240	-0.00618381
240.1	-0.00621761
240.2	-0.00624598
240.3	-0.00626976
240.4	-0.00628437
240.5	-0.00629066
240.6	-0.00628977
240.7	-0.0062848
240.8	-0.00628041
240.9	-0.00627165
241	-0.00626304
241.1	-0.00625504
241.2	-0.00625082
241.3	-0.00624701
241.4	-0.00624168
241.5	-0.00623543
241.6	-0.00623246
241.7	-0.00622697
241.8	-0.00621693
241.9	-0.0062
242	-0.00617815
242.1	-0.00615508
242.2	-0.00613419
242.3	-0.00611874
242.4	-0.00610183
242.5	-0.00608311
242.6	-0.00606292
242.7	-0.00604647
242.8	-0.00603229
242.9	-0.00601503
243	-0.00600065
243.1	-0.005991
243.2	-0.0059789
243.3	-0.00596423
243.4	-0.00595335
243.5	-0.00594204
243.6	-0.00593176
243.7	-0.00592126
243.8	-0.00591433
243.9	-0.00590793
244	-0.00589999
244.1	-0.00589546
244.2	-0.00589571
244.3	-0.00589829
244.4	-0.00589546
244.5	-0.00588887
244.6	-0.00588646
244.7	-0.00588857
244.8	-0.00589273
244.9	-0.0058942
245	-0.00589912
245.1	-0.00590118
245.2	-0.00589899
245.3	-0.00589679
245.4	-0.0058939
245.5	-0.00589617
245.6	-0.00590147
245.7	-0.00591135
245.8	-0.00592706
245.9	-0.00594648
246	-0.00596979
246.1	-0.00599727
246.2	-0.00602733
246.3	-0.00605288
246.4	-0.0060795
246.5	-0.00610517
246.6	-0.00613176
246.7	-0.00615662
246.8	-0.0061839
246.9	-0.00621179
247	-0.00623781
247.1	-0.00626482
247.2	-0.00628631
247.3	-0.00630302
247.4	-0.00630998
247.5	-0.00630903
247.6	-0.0063024
247.7	-0.00628878
247.8	-0.00628003
247.9	-0.0062763
248	-0.0062731
248.1	-0.0062717
248.2	-0.00627628
248.3	-0.0062785
248.4	-0.00628067
248.5	-0.00628391
248.6	-0.00628363
248.7	-0.00628572
248.8	-0.0062885
248.9	-0.00629173
249	-0.00629578
249.1	-0.00630024
249.2	-0.00630162
249.3	-0.00630449
249.4	-0.00631068
249.5	-0.00632028
249.6	-0.00633263
249.7	-0.00634542
249.8	-0.00635755
249.9	-0.00637383
250	-0.0063922
250.1	-0.0064118
250.2	-0.00643236
250.3	-0.00645558
250.4	-0.00648347
250.5	-0.00651355
250.6	-0.00653527
250.7	-0.0065518
250.8	-0.00657088
250.9	-0.00659396
251	-0.006619
251.1	-0.00664677
251.2	-0.00667559
251.3	-0.00670448
251.4	-0.00673406
251.5	-0.00676996
251.6	-0.00680778
251.7	-0.0068484
251.8	-0.00688945
251.9	-0.00692864
252	-0.00696976
252.1	-0.00701284
252.2	-0.00706493
252.3	-0.00711895
252.4	-0.007174
252.5	-0.00722573
252.6	-0.00727722
252.7	-0.0073269
252.8	-0.00737324
252.9	-0.00742047
253	-0.00746693
253.1	-0.00750862
253.2	-0.00754883
253.3	-0.00758792
253.4	-0.00762684
253.5	-0.00766795
253.6	-0.00770904
253.7	-0.00775056
253.8	-0.00780047
253.9	-0.00785869
254	-0.00791661
254.1	-0.0079745
254.2	-0.00803165
254.3	-0.00809257
254.4	-0.00815615
254.5	-0.00821908
254.6	-0.00828458
254.7	-0.00835049
254.8	-0.00841491
254.9	-0.00847538
255	-0.0085307
255.1	-0.00858085
255.2	-0.00863186
255.3	-0.00867675
255.4	-0.00871806
255.5	-0.00875653
255.6	-0.00879682
255.7	-0.00883774
255.8	-0.00888465
255.9	-0.00893349
256	-0.00898441
256.1	-0.00903466
256.2	-0.0090833
256.3	-0.00912974
256.4	-0.00917313
256.5	-0.00921201
256.6	-0.00925364
256.7	-0.00929519
256.8	-0.00932978
256.9	-0.00936143
257	-0.00938798
257.1	-0.0094134
257.2	-0.00944354
257.3	-0.0094745
257.4	-0.0095087
257.5	-0.00954529
257.6	-0.00958009
257.7	-0.00961096
257.8	-0.00964074
257.9	-0.00967237
258	-0.00970886
258.1	-0.00974977
258.2	-0.00979354
258.3	-0.00983601
258.4	-0.00987912
258.5	-0.0099206
258.6	-0.00996397
258.7	-0.0100092
258.8	-0.0100546
258.9	-0.0100951
259	-0.0101271
259.1	-0.0101548
259.2	-0.0101824
259.3	-0.0102043
259.4	-0.0102211
259.5	-0.0102372
259.6	-0.010255
259.7	-0.0102778
259.8	-0.0102963
259.9	-0.0103135
260	-0.0103253
260.1	-0.0103395
260.2	-0.0103511
260.3	-0.0103605
260.4	-0.0103664
260.5	-0.0103734
260.6	-0.0103784
260.7	-0.0103847
260.8	-0.0103874
260.9	-0.0103874
261	-0.0103867
261.1	-0.0103884
261.2	-0.0103918
261.3	-0.0104002
261.4	-0.0104096
261.5	-0.010415
261.6	-0.0104184
261.7	-0.0104211
261.8	-0.0104235
261.9	-0.0104292
262	-0.0104353
262.1	-0.010441
262.2	-0.0104461
262.3	-0.0104465
262.4	-0.0104451
262.5	-0.010443
262.6	-0.0104446
262.7	-0.0104533
262.8	-0.0104635
262.9	-0.0104723
263	-0.0104785
263.1	-0.0104818
263.2	-0.010488
263.3	-0.0104953
263.4	-0.0105003
263.5	-0.0105025
263.6	-0.0105008
263.7	-0.0105009
263.8	-0.0105016
263.9	-0.0105022
264	-0.010503
264.1	-0.0105047
264.2	-0.0105053
264.3	-0.0105051
264.4	-0.0105004
264.5	-0.0104922
264.6	-0.0104812
264.7	-0.0104725
264.8	-0.0104617
264.9	-0.0104514
265	-0.0104423
265.1	-0.0104376
265.2	-0.0104357
265.3	-0.0104322
265.4	-0.0104292
265.5	-0.0104223
265.6	-0.0104115
265.7	-0.0104005
265.8	-0.0103897
265.9	-0.0103776
266	-0.0103699
266.1	-0.0103714
266.2	-0.0103771
266.3	-0.010385
266.4	-0.0103992
266.5	-0.0104163
266.6	-0.0104302
266.7	-0.0104407
266.8	-0.0104464
266.9	-0.0104531
267	-0.0104589
267.1	-0.0104614
267.2	-0.0104598
267.3	-0.0104562
267.4	-0.0104475
267.5	-0.0104342
267.6	-0.0104206
267.7	-0.0104093
267.8	-0.0103994
267.9	-0.0103857
268	-0.0103756
268.1	-0.0103715
268.2	-0.0103706
268.3	-0.0103733
268.4	-0.0103834
268.5	-0.0103976
268.6	-0.0104122
268.7	-0.0104243
268.8	-0.0104325
268.9	-0.0104407
269	-0.0104499
269.1	-0.010461
269.2	-0.0104723
269.3	-0.0104823
269.4	-0.0104933
269.5	-0.0105074
269.6	-0.010521
269.7	-0.0105371
269.8	-0.0105549
269.9	-0.010573
270	-0.0105885
270.1	-0.0106084
270.2	-0.0106313
270.3	-0.0106554
270.4	-0.0106803
270.5	-0.0107065
270.6	-0.0107314
270.7	-0.0107529
270.8	-0.010778
270.9	-0.0108049
271	-0.0108315
271.1	-0.010863
271.2	-0.0108967
271.3	-0.0109379
271.4	-0.0109805
271.5	-0.0110246
271.6	-0.0110693
271.7	-0.0111151
271.8	-0.0111617
271.9	-0.0112092
272	-0.0112581
272.1	-0.011304
272.2	-0.0113552
272.3	-0.0114124
272.4	-0.0114704
272.5	-0.0115322
272.6	-0.0115978
272.7	-0.0116639
272.8	-0.0117293
272.9	-0.0117935
273	-0.0118566
273.1	-0.0119144
273.2	-0.0119705
273.3	-0.0120285
273.4	-0.0120832
273.5	-0.0121374
273.6	-0.012193
273.7	-0.0122495
273.8	-0.0123118
273.9	-0.0123767
274	-0.0124421
274.1	-0.0125092
274.2	-0.0125753
274.3	-0.0126386
274.4	-0.0126968
274.5	-0.0127498
274.6	-0.0128021
274.7	-0.0128561
274.8	-0.0129147
274.9	-0.0129769
275	-0.0130374
275.1	-0.0131004
275.2	-0.0131643
275.3	-0.0132271
275.4	-0.0132864
275.5	-0.0133504
275.6	-0.0134233
275.7	-0.0135041
275.8	-0.013589
275.9	-0.0136738
276	-0.0137583
276.1	-0.0138462
276.2	-0.0139387
276.3	-0.0140321
276.4	-0.014127
276.5	-0.0142239
276.6	-0.0143158
276.7	-0.0144058
276.8	-0.0144925
276.9	-0.0145787
277	-0.0146656
277.1	-0.0147538
277.2	-0.0148425
277.3	-0.0149351
277.4	-0.01503
277.5	-0.015122
277.6	-0.0152109
277.7	-0.0152947
277.8	-0.0153759
277.9	-0.0154604
278	-0.0155487
278.1	-0.0156343
278.2	-0.0157143
278.3	-0.0157927
278.4	-0.0158682
278.5	-0.01594
278.6	-0.0160093
278.7	-0.016079
278.8	-0.0161498
278.9	-0.016215
279	-0.0162764
279.1	-0.0163396
279.2	-0.0164012
279.3	-0.0164651
279.4	-0.0165334
279.5	-0.0166065
279.6	-0.0166794
279.7	-0.0167506
279.8	-0.0168208
279.9	-0.0168914
280	-0.016962
280.1	-0.0170311
280.2	-0.0171051
280.3	-0.0171803
280.4	-0.0172534
280.5	-0.0173268
280.6	-0.0173996
280.7	-0.0174738
280.8	-0.0175436
280.9	-0.0176062
281	-0.0176661
281.1	-0.0177231
281.2	-0.0177741
281.3	-0.0178219
281.4	-0.0178677
281.5	-0.0179143
281.6	-0.0179574
281.7	-0.0179982
281.8	-0.0180357
281.9	-0.0180697
282	-0.0181059
282.1	-0.0181461
282.2	-0.0181917
282.3	-0.0182423
282.4	-0.0182931
282.5	-0.0183465
282.6	-0.0184003
282.7	-0.0184511
282.8	-0.0185045
282.9	-0.0185577
283	-0.0186137
283.1	-0.0186698
283.2	-0.0187275
283.3	-0.0187786
283.4	-0.0188271
283.5	-0.0188787
283.6	-0.0189332
283.7	-0.018986
283.8	-0.0190312
283.9	-0.0190727
284	-0.0191141
284.1	-0.0191547
284.2	-0.0191942
284.3	-0.0192372
284.4	-0.0192852
284.5	-0.0193321
284.6	-0.0193753
284.7	-0.0194214
284.8	-0.0194708
284.9	-0.019519
285	-0.0195683
285.1	-0.0196187
285.2	-0.0196686
285.3	-0.0197182
285.4	-0.0197703
285.5	-0.0198269
285.6	-0.0198856
285.7	-0.0199478
285.8	-0.0200154
285.9	-0.0200854
286	-0.0201553
286.1	-0.0202238
286.2	-0.0202846
286.3	-0.0203448
286.4	-0.0204049
286.5	-0.0204598
286.6	-0.0205089
286.7	-0.020552
286.8	-0.0205928
286.9	-0.0206291
287	-0.0206614
287.1	-0.0206946
287.2	-0.020728
287.3	-0.0207646
287.4	-0.0208046
287.5	-0.0208457
287.6	-0.020884
287.7	-0.0209196
287.8	-0.0209551
287.9	-0.0209915
288	-0.0210272
288.1	-0.021067
288.2	-0.0211088
288.3	-0.0211466
288.4	-0.0211808
288.5	-0.0212134
288.6	-0.0212474
288.7	-0.0212842
288.8	-0.021323
288.9	-0.0213618
289	-0.0214008
289.1	-0.0214433
289.2	-0.0214855
289.3	-0.0215272
289.4	-0.0215616
289.5	-0.0215896
289.6	-0.0216097
289.7	-0.0216253
289.8	-0.0216382
289.9	-0.0216459
290	-0.0216508
290.1	-0.0216546
290.2	-0.0216557
290.3	-0.0216579
290.4	-0.0216663
290.5	-0.0216721
290.6	-0.0216736
290.7	-0.0216688
290.8	-0.0216636
290.9	-0.0216649
291	-0.021666
291.1	-0.0216672
291.2	-0.0216669
291.3	-0.0216653
291.4	-0.0216637
291.5	-0.0216617
291.6	-0.0216579
291.7	-0.0216541
291.8	-0.0216464
291.9	-0.0216366
292	-0.0216256
292.1	-0.0216153
292.2	-0.0216064
292.3	-0.021598
292.4	-0.0215837
292.5	-0.0215679
292.6	-0.0215541
292.7	-0.0215357
292.8	-0.0215152
292.9	-0.0214933
293	-0.0214674
293.1	-0.0214414
293.2	-0.021411
293.3	-0.0213779
293.4	-0.0213427
293.5	-0.0213099
293.6	-0.0212774
293.7	-0.0212426
293.8	-0.0212091
293.9	-0.0211838
294	-0.0211606
294.1	-0.0211398
294.2	-0.0211165
294.3	-0.0210905
294.4	-0.0210584
294.5	-0.0210217
294.6	-0.0209866
294.7	-0.0209503
294.8	-0.0209142
294.9	-0.0208828
295	-0.0208545
295.1	-0.0208301
295.2	-0.0208049
295.3	-0.020782
295.4	-0.0207554
295.5	-0.0207292
295.6	-0.0207063
295.7	-0.0206863
295.8	-0.0206698
295.9	-0.0206537
296	-0.0206395
296.1	-0.020625
296.2	-0.0206172
296.3	-0.0206128
296.4	-0.0206143
296.5	-0.0206221
296.6	-0.0206298
296.7	-0.0206332
296.8	-0.0206351
296.9	-0.0206331
297	-0.0206286
297.1	-0.0206234
297.2	-0.0206148
297.3	-0.0206056
297.4	-0.0205946
297.5	-0.0205807
297.6	-0.0205601
297.7	-0.0205359
297.8	-0.0205097
297.9	-0.0204806
298	-0.0204537
298.1	-0.0204258
298.2	-0.0203966
298.3	-0.0203681
298.4	-0.0203388
298.5	-0.0203089
298.6	-0.0202848
298.7	-0.020265
298.8	-0.0202461
298.9	-0.0202234
299	-0.0201975
299.1	-0.0201722
299.2	-0.020145
299.3	-0.0201123
299.4	-0.0200759
299.5	-0.0200376
299.6	-0.0199957
299.7	-0.0199502
299.8	-0.0199036
299.9	-0.019853
300	-0.0198034
300.1	-0.0197569
300.2	-0.0197114
300.3	-0.0196704
300.4	-0.0196261
300.5	-0.0195795
300.6	-0.0195369
300.7	-0.0194951
300.8	-0.0194524
300.9	-0.019408
301	-0.019364
301.1	-0.0193196
301.2	-0.0192745
301.3	-0.0192238
301.4	-0.0191697
301.5	-0.0191105
301.6	-0.0190516
301.7	-0.0189895
301.8	-0.0189207
301.9	-0.0188506
302	-0.0187781
302.1	-0.0186991
302.2	-0.0186187
302.3	-0.0185404
302.4	-0.0184614
302.5	-0.0183807
302.6	-0.0183045
302.7	-0.0182241
302.8	-0.0181371
302.9	-0.0180446
303	-0.0179478
303.1	-0.0178474
303.2	-0.0177489
303.3	-0.017653
303.4	-0.0175596
303.5	-0.0174716
303.6	-0.0173872
303.7	-0.01731
303.8	-0.0172389
303.9	-0.0171693
304	-0.0171014
304.1	-0.0170327
304.2	-0.0169666
304.3	-0.0169029
304.4	-0.0168352
304.5	-0.0167663
304.6	-0.0166968
304.7	-0.0166275
304.8	-0.016559
304.9	-0.0164882
305	-0.0164154
305.1	-0.0163399
305.2	-0.0162679
305.3	-0.0161927
305.4	-0.0161222
305.5	-0.016054
305.6	-0.0159849
305.7	-0.0159109
305.8	-0.0158353
305.9	-0.0157582
306	-0.0156847
306.1	-0.0156063
306.2	-0.015525
306.3	-0.0154452
306.4	-0.0153661
306.5	-0.0152806
306.6	-0.0151936
306.7	-0.0151068
306.8	-0.0150223
306.9	-0.014939
307	-0.0148524
307.1	-0.0147601
307.2	-0.0146668
307.3	-0.0145773
307.4	-0.0144905
307.5	-0.0144058
307.6	-0.0143249
307.7	-0.0142492
307.8	-0.0141755
307.9	-0.0141038
308	-0.0140345
308.1	-0.013967
308.2	-0.0139035
308.3	-0.0138424
308.4	-0.0137824
308.5	-0.0137244
308.6	-0.0136631
308.7	-0.0135973
308.8	-0.0135296
308.9	-0.0134635
309	-0.0133994
309.1	-0.0133382
309.2	-0.0132807
309.3	-0.0132281
309.4	-0.013179
309.5	-0.0131279
309.6	-0.0130794
309.7	-0.013031
309.8	-0.0129893
309.9	-0.0129478
310	-0.0129055
310.1	-0.0128691
310.2	-0.0128334
310.3	-0.0127936
310.4	-0.0127544
310.5	-0.0127142
310.6	-0.0126764
310.7	-0.0126387
310.8	-0.0126058
310.9	-0.0125756
311	-0.0125464
311.1	-0.0125217
311.2	-0.0125012
311.3	-0.0124839
311.4	-0.0124695
311.5	-0.0124567
311.6	-0.0124461
311.7	-0.0124384
311.8	-0.0124349
311.9	-0.0124314
312	-0.0124309
312.1	-0.0124301
312.2	-0.0124292
312.3	-0.0124292
312.4	-0.0124317
312.5	-0.0124311
312.6	-0.0124295
312.7	-0.0124276
312.8	-0.012426
312.9	-0.0124231
313	-0.0124205
313.1	-0.0124144
313.2	-0.0124052
313.3	-0.012392
313.4	-0.0123789
313.5	-0.012364
313.6	-0.0123532
313.7	-0.0123471
313.8	-0.0123437
313.9	-0.0123417
314	-0.0123409
314.1	-0.012343
314.2	-0.0123434
314.3	-0.0123383
314.4	-0.0123349
314.5	-0.0123325
314.6	-0.0123289
314.7	-0.0123205
314.8	-0.0123124
314.9	-0.012303
315	-0.0122957
315.1	-0.0122873
315.2	-0.012274
315.3	-0.0122578
315.4	-0.012239
315.5	-0.0122188
315.6	-0.0121958
315.7	-0.0121737
315.8	-0.0121526
315.9	-0.0121295
316	-0.0121037
316.1	-0.0120726
316.2	-0.0120369
316.3	-0.0120006
316.4	-0.0119674
316.5	-0.0119386
316.6	-0.0119137
316.7	-0.0118883
316.8	-0.0118636
316.9	-0.0118386
317	-0.0118078
317.1	-0.0117723
317.2	-0.011737
317.3	-0.011709
317.4	-0.0116828
317.5	-0.0116557
317.6	-0.0116292
317.7	-0.0116042
317.8	-0.0115834
317.9	-0.0115657
318	-0.0115438
318.1	-0.0115169
318.2	-0.011489
318.3	-0.0114652
318.4	-0.0114418
318.5	-0.0114171
318.6	-0.0113936
318.7	-0.0113733
318.8	-0.0113522
318.9	-0.0113266
319	-0.0113012
319.1	-0.0112761
319.2	-0.0112507
319.3	-0.0112258
319.4	-0.0112041
319.5	-0.0111818
319.6	-0.011152
319.7	-0.0111208
319.8	-0.0110889
319.9	-0.0110552
320	-0.0110262
320.1	-0.0110005
320.2	-0.0109775
320.3	-0.0109559
320.4	-0.0109307
320.5	-0.0109052
320.6	-0.0108792
320.7	-0.01085
320.8	-0.0108216
320.9	-0.0107899
321	-0.0107535
321.1	-0.0107113
321.2	-0.0106656
321.3	-0.0106111
321.4	-0.0105486
321.5	-0.0104829
321.6	-0.010422
321.7	-0.0103613
321.8	-0.0102994
321.9	-0.0102406
322	-0.0101871
322.1	-0.0101372
322.2	-0.010088
322.3	-0.0100385
322.4	-0.0099927
322.5	-0.00994576
322.6	-0.00990007
322.7	-0.00985462
322.8	-0.00981146
322.9	-0.00976978
323	-0.00972987
323.1	-0.00968941
323.2	-0.00964943
323.3	-0.00961268
323.4	-0.00957396
323.5	-0.00953645
323.6	-0.00949967
323.7	-0.00946049
323.8	-0.00941355
323.9	-0.00936681
324	-0.00931508
324.1	-0.00926182
324.2	-0.00921213
324.3	-0.0091636
324.4	-0.00911092
324.5	-0.00905764
324.6	-0.00901034
324.7	-0.00896371
324.8	-0.00891383
324.9	-0.00886383
325	-0.00881491
325.1	-0.00876763
325.2	-0.00872137
325.3	-0.00867526
325.4	-0.00862379
325.5	-0.00857025
325.6	-0.00851724
325.7	-0.00846385
325.8	-0.00841268
325.9	-0.00836045
326	-0.00830679
326.1	-0.00825272
326.2	-0.00819751
326.3	-0.00814187
326.4	-0.00808459
326.5	-0.00802948
326.6	-0.00797939
326.7	-0.00793595
326.8	-0.00789664
326.9	-0.00785907
327	-0.00781998
327.1	-0.00777944
327.2	-0.00773429
327.3	-0.00769333
327.4	-0.00766005
327.5	-0.00763583
327.6	-0.00761918
327.7	-0.00760743
327.8	-0.00759705
327.9	-0.00758017
328	-0.0075569
328.1	-0.00752901
328.2	-0.00750461
328.3	-0.0074793
328.4	-0.00745415
328.5	-0.00743208
328.6	-0.00740991
328.7	-0.00738698
328.8	-0.00736038
328.9	-0.00733188
329	-0.00730131
329.1	-0.00727165
329.2	-0.00724959
329.3	-0.0072241
329.4	-0.00719575
329.5	-0.00716675
329.6	-0.00714176
329.7	-0.00711637
329.8	-0.00708766
329.9	-0.00706082
330	-0.00702984
330.1	-0.00699226
330.2	-0.00695397
330.3	-0.00691951
330.4	-0.00688282
330.5	-0.0068412
330.6	-0.00679529
330.7	-0.00674892
330.8	-0.00670007
330.9	-0.00665145
331	-0.00659983
331.1	-0.00655022
331.2	-0.00649934
331.3	-0.00644606
331.4	-0.00639082
331.5	-0.00633452
331.6	-0.00627671
331.7	-0.00621858
331.8	-0.00616151
331.9	-0.00611174
332	-0.00606533
332.1	-0.00601695
332.2	-0.0059665
332.3	-0.00591963
332.4	-0.00587398
332.5	-0.00582854
332.6	-0.00578924
332.7	-0.00575672
332.8	-0.00572756
332.9	-0.00570185
333	-0.00567653
333.1	-0.00564719
333.2	-0.00561971
333.3	-0.0055943
333.4	-0.00556907
333.5	-0.00554299
333.6	-0.00551258
333.7	-0.00547367
333.8	-0.0054301
333.9	-0.00538486
334	-0.00533835
334.1	-0.00528905
334.2	-0.00523154
334.3	-0.0051697
334.4	-0.00510701
334.5	-0.00504566
334.6	-0.0049898
334.7	-0.00493724
334.8	-0.00488695
334.9	-0.00483558
335	-0.00478363
335.1	-0.00473089
335.2	-0.004677
335.3	-0.00462197
335.4	-0.0045611
335.5	-0.00449853
335.6	-0.00443444
335.7	-0.00436712
335.8	-0.00429962
335.9	-0.00422984
336	-0.00415815
336.1	-0.00408278
336.2	-0.00400454
336.3	-0.00393024
336.4	-0.00386169
336.5	-0.00380025
336.6	-0.00374228
336.7	-0.00367947
336.8	-0.00361878
336.9	-0.00355988
337	-0.00349715
337.1	-0.00343206
337.2	-0.00336656
337.3	-0.00330327
337.4	-0.00324469
337.5	-0.00318962
337.6	-0.00313837
337.7	-0.00309105
337.8	-0.00304593
337.9	-0.00300114
338	-0.00295788
338.1	-0.00291521
338.2	-0.00287029
338.3	-0.0028282
338.4	-0.00279528
338.5	-0.00276346
338.6	-0.0027346
338.7	-0.00270439
338.8	-0.00267564
338.9	-0.00264755
339	-0.00262308
339.1	-0.00260142
339.2	-0.0025789
339.3	-0.00255835
339.4	-0.00254238
339.5	-0.00252827
339.6	-0.00252251
339.7	-0.00251818
339.8	-0.0025141
339.9	-0.00251247
340	-0.00251339
340.1	-0.00251439
340.2	-0.00251542
340.3	-0.00252172
340.4	-0.00252758
340.5	-0.0025329
340.6	-0.00253747
340.7	-0.00253834
340.8	-0.00253783
340.9	-0.00254079
341	-0.00254481
341.1	-0.00255122
341.2	-0.00255883
341.3	-0.00256667
341.4	-0.00257252
341.5	-0.00258071
341.6	-0.00259382
341.7	-0.00261191
341.8	-0.00263057
341.9	-0.00264391
342	-0.0026525
342.1	-0.00265419
342.2	-0.00265314
342.3	-0.00264993
342.4	-0.00264615
342.5	-0.00264306
342.6	-0.00264295
342.7	-0.0026452
342.8	-0.00265033
342.9	-0.00265517
343	-0.00266728
343.1	-0.0026833
343.2	-0.00269785
343.3	-0.00270377
343.4	-0.00270709
343.5	-0.00270389
343.6	-0.00269964
343.7	-0.00269364
343.8	-0.00268613
343.9	-0.00268329
344	-0.00268937
344.1	-0.00269781
344.2	-0.00270804
344.3	-0.00271709
344.4	-0.00273025
344.5	-0.00274895
344.6	-0.00277312
344.7	-0.00279906
344.8	-0.00282118
344.9	-0.00283912
345	-0.00285673
345.1	-0.00287122
345.2	-0.00288539
345.3	-0.00290048
345.4	-0.00292023
345.5	-0.00294397
345.6	-0.00296726
345.7	-0.00299231
345.8	-0.00301701
345.9	-0.00304143
346	-0.00306741
346.1	-0.00309204
346.2	-0.0031107
346.3	-0.00313086
346.4	-0.00315127
346.5	-0.00317568
346.6	-0.00319612
346.7	-0.00320868
346.8	-0.00321962
346.9	-0.00323652
347	-0.00325623
347.1	-0.00327889
347.2	-0.00330201
347.3	-0.00332552
347.4	-0.00335234
347.5	-0.00338212
347.6	-0.00341475
347.7	-0.00344321
347.8	-0.00346786
347.9	-0.00348399
348	-0.00348969
348.1	-0.00349307
348.2	-0.00349386
348.3	-0.00350206
348.4	-0.00351581
348.5	-0.0035279
348.6	-0.0035433
348.7	-0.00356165
348.8	-0.00357489
348.9	-0.00358361
349	-0.00358867
349.1	-0.0035988
349.2	-0.00361576
349.3	-0.00363157
349.4	-0.0036485
349.5	-0.00366497
349.6	-0.00368169
349.7	-0.00369977
349.8	-0.00372363
349.9	-0.00375471
350	-0.00378165
350.1	-0.00381143
350.2	-0.00383824
350.3	-0.00385918
350.4	-0.00387506
350.5	-0.00388698
350.6	-0.00389412
350.7	-0.00389638
350.8	-0.00389421
350.9	-0.00388709
351	-0.00388596
351.1	-0.0038873
351.2	-0.00389034
351.3	-0.00389366
351.4	-0.00390228
351.5	-0.00390719
351.6	-0.00391287
351.7	-0.00391598
351.8	-0.00391509
351.9	-0.00391154
352	-0.00391038
352.1	-0.0039092
352.2	-0.00390918
352.3	-0.00391281
352.4	-0.00391813
352.5	-0.00392132
352.6	-0.00392956
352.7	-0.00394059
352.8	-0.00395479
352.9	-0.00396913
353	-0.00398452
353.1	-0.00400888
353.2	-0.00403767
353.3	-0.00406795
353.4	-0.00409853
353.5	-0.00412671
353.6	-0.0041517
353.7	-0.00417825
353.8	-0.00420511
353.9	-0.00423242
354	-0.00425775
354.1	-0.00428382
354.2	-0.00431216
354.3	-0.00433822
354.4	-0.00436356
354.5	-0.00438476
354.6	-0.00440645
354.7	-0.00443114
354.8	-0.00445893
354.9	-0.00448816
355	-0.00451754
355.1	-0.00454598
355.2	-0.00457363
355.3	-0.00460131
355.4	-0.00462633
355.5	-0.00465158
355.6	-0.00467968
355.7	-0.00470266
355.8	-0.00472443
355.9	-0.00474364
356	-0.00476588
356.1	-0.0047889
356.2	-0.00481305
356.3	-0.00483819
356.4	-0.00486161
356.5	-0.0048868
356.6	-0.00491484
356.7	-0.00494551
356.8	-0.00497611
356.9	-0.00500674
357	-0.00503537
357.1	-0.00506442
357.2	-0.005095
357.3	-0.0051261
357.4	-0.00515658
357.5	-0.00519026
357.6	-0.00522442
357.7	-0.00525682
357.8	-0.00528853
357.9	-0.00531971
358	-0.00535202
358.1	-0.00538455
358.2	-0.00541343
358.3	-0.0054401
358.4	-0.00546833
358.5	-0.00549952
358.6	-0.00553067
358.7	-0.00556691
358.8	-0.0056084
358.9	-0.00564748
359	-0.00568595
359.1	-0.00572429
359.2	-0.00576029
359.3	-0.00579477
359.4	-0.00582853
359.5	-0.00585463
359.6	-0.00587211
359.7	-0.00589074
359.8	-0.00591152
359.9	-0.00594123
360	-0.0059764
360.1	-0.00600892
360.2	-0.006041
360.3	-0.00606825
360.4	-0.00609169
360.5	-0.00610911
360.6	-0.00612005
360.7	-0.00612867
360.8	-0.00614031
360.9	-0.00615333
361	-0.00616854
361.1	-0.00618924
361.2	-0.0062055
361.3	-0.00622003
361.4	-0.00622964
361.5	-0.0062365
361.6	-0.00624343
361.7	-0.00625111
361.8	-0.00626186
361.9	-0.00627371
362	-0.00628666
362.1	-0.00629743
362.2	-0.00630796
362.3	-0.00632187
362.4	-0.00633467
362.5	-0.00634748
362.6	-0.00635601
362.7	-0.00635974
362.8	-0.00636163
362.9	-0.00636345
363	-0.00636411
363.1	-0.0063601
363.2	-0.00635102
363.3	-0.00634338
363.4	-0.00633512
363.5	-0.0063257
363.6	-0.00631951
363.7	-0.00631222
363.8	-0.00630035
363.9	-0.00628812
364	-0.00627265
364.1	-0.00625421
364.2	-0.00623749
364.3	-0.00622593
364.4	-0.00621516
364.5	-0.00620525
364.6	-0.00618898
364.7	-0.00617236
364.8	-0.0061578
364.9	-0.00613889
365	-0.00611987
365.1	-0.00610236
365.2	-0.00608423
365.3	-0.00606273
365.4	-0.00604497
365.5	-0.00603089
365.6	-0.00601417
365.7	-0.00599337
365.8	-0.00597109
365.9	-0.00595061
366	-0.00592978
366.1	-0.00590877
366.2	-0.00588695
366.3	-0.00586902
366.4	-0.00585608
366.5	-0.00584563
366.6	-0.00584143
366.7	-0.00583836
366.8	-0.00583778
366.9	-0.00583426
367	-0.00582887
367.1	-0.0058223
367.2	-0.00581228
367.3	-0.0057994
367.4	-0.00578583
367.5	-0.0057698
367.6	-0.0057541
367.7	-0.00574154
367.8	-0.00573195
367.9	-0.00572138
368	-0.00571295
368.1	-0.00570759
368.2	-0.00570631
368.3	-0.00570364
368.4	-0.00570073
368.5	-0.00569656
368.6	-0.00569317
368.7	-0.00568565
368.8	-0.00567868
368.9	-0.00567562
369	-0.00567327
369.1	-0.00567277
369.2	-0.00566833
369.3	-0.0056635
369.4	-0.00566315
369.5	-0.0056639
369.6	-0.00566587
369.7	-0.00567005
369.8	-0.00567962
369.9	-0.00569055
370	-0.00570487
370.1	-0.00572117
370.2	-0.00573965
370.3	-0.00575789
370.4	-0.00577958
370.5	-0.00580886
370.6	-0.00583751
370.7	-0.00586275
370.8	-0.00588863
370.9	-0.00591763
371	-0.00594638
371.1	-0.00597892
371.2	-0.00601135
371.3	-0.00604444
371.4	-0.00607127
371.5	-0.00609123
371.6	-0.00610684
371.7	-0.00612208
371.8	-0.00613768
371.9	-0.00614773
372	-0.00615471
372.1	-0.00615757
372.2	-0.00615427
372.3	-0.00614554
372.4	-0.00612998
372.5	-0.00611109
372.6	-0.00609256
372.7	-0.00607453
372.8	-0.00605647
372.9	-0.0060362
373	-0.00601478
373.1	-0.0059925
373.2	-0.00597477
373.3	-0.00595598
373.4	-0.00593221
373.5	-0.0059022
373.6	-0.00586721
373.7	-0.00583251
373.8	-0.00580256
373.9	-0.00577628
374	-0.00575422
374.1	-0.00573445
374.2	-0.00571669
374.3	-0.00569851
374.4	-0.00567863
374.5	-0.00565746
374.6	-0.00563498
374.7	-0.00560638
374.8	-0.00557533
374.9	-0.0055457
375	-0.0055205
375.1	-0.00549607
375.2	-0.00547396
375.3	-0.0054542
375.4	-0.00543599
375.5	-0.00540878
375.6	-0.00538169
375.7	-0.00535549
375.8	-0.0053335
375.9	-0.00531124
376	-0.00528377
376.1	-0.00525608
376.2	-0.0052353
376.3	-0.00521911
376.4	-0.00520672
376.5	-0.005194
376.6	-0.0051821
376.7	-0.00516992
376.8	-0.00515235
376.9	-0.00513123
377	-0.00510792
377.1	-0.00508838
377.2	-0.00506907
377.3	-0.00505332
377.4	-0.0050327
377.5	-0.00500322
377.6	-0.00496723
377.7	-0.00493603
377.8	-0.00490397
377.9	-0.00487346
378	-0.00484402
378.1	-0.00481766
378.2	-0.00479483
378.3	-0.00477519
378.4	-0.00475891
378.5	-0.00474068
378.6	-0.00472138
378.7	-0.00470157
378.8	-0.00468325
378.9	-0.00466724
379	-0.00465021
379.1	-0.00463228
379.2	-0.00461789
379.3	-0.00460835
379.4	-0.00459591
379.5	-0.00458014
379.6	-0.00456341
379.7	-0.00454792
379.8	-0.00453023
379.9	-0.00451404
380	-0.00450297
380.1	-0.00449505
380.2	-0.00448986
380.3	-0.00448529
380.4	-0.0044811
380.5	-0.00447689
380.6	-0.00447376
380.7	-0.00447086
380.8	-0.00446861
380.9	-0.00446629
381	-0.00446248
381.1	-0.00446295
381.2	-0.00446484
381.3	-0.00446614
381.4	-0.00447078
381.5	-0.00447364
381.6	-0.00447292
381.7	-0.00447396
381.8	-0.00447418
381.9	-0.00447213
382	-0.00446822
382.1	-0.00446336
382.2	-0.00445731
382.3	-0.00445063
382.4	-0.00444523
382.5	-0.00443942
382.6	-0.00444172
382.7	-0.00444352
382.8	-0.00444041
382.9	-0.00443731
383	-0.00443216
383.1	-0.0044251
383.2	-0.00441976
383.3	-0.0044144
383.4	-0.00441259
383.5	-0.0044127
383.6	-0.00441843
383.7	-0.00442704
383.8	-0.00443559
383.9	-0.00444196
384	-0.00444586
384.1	-0.00445416
384.2	-0.00446934
384.3	-0.00449108
384.4	-0.00451527
384.5	-0.00454772
384.6	-0.00458179
384.7	-0.00461649
384.8	-0.00464858
384.9	-0.00467964
385	-0.00470775
385.1	-0.00472789
385.2	-0.00474273
385.3	-0.00475608
385.4	-0.00476953
385.5	-0.00478338
385.6	-0.00479391
385.7	-0.00480604
385.8	-0.00481814
385.9	-0.00483133
386	-0.00484431
386.1	-0.00485517
386.2	-0.00486522
386.3	-0.0048736
386.4	-0.00487864
386.5	-0.00487814
386.6	-0.00487722
386.7	-0.00487594
386.8	-0.00487354
386.9	-0.0048738
387	-0.00487535
387.1	-0.00487871
387.2	-0.00487547
387.3	-0.00486937
387.4	-0.00485576
387.5	-0.00484286
387.6	-0.00483366
387.7	-0.00482313
387.8	-0.00481473
387.9	-0.00480677
388	-0.0047956
388.1	-0.00478799
388.2	-0.00479017
388.3	-0.00479581
388.4	-0.00480364
388.5	-0.00481169
388.6	-0.00481939
388.7	-0.00482873
388.8	-0.00483985
388.9	-0.00485072
389	-0.00485608
389.1	-0.00485624
389.2	-0.0048557
389.3	-0.0048606
389.4	-0.00487324
389.5	-0.00489349
389.6	-0.00491596
389.7	-0.00493772
389.8	-0.0049637
389.9	-0.00499242
390	-0.00502
390.1	-0.00504813
390.2	-0.00507315
390.3	-0.00509758
390.4	-0.00512031
390.5	-0.0051461
390.6	-0.00517085
390.7	-0.0051941
390.8	-0.00521596
390.9	-0.0052357
391	-0.00525456
391.1	-0.00527055
391.2	-0.00528527
391.3	-0.00529984
391.4	-0.00531362
391.5	-0.00532516
391.6	-0.00533143
391.7	-0.00533055
391.8	-0.00533223
391.9	-0.00533751
392	-0.00534146
392.1	-0.00534437
392.2	-0.00535095
392.3	-0.00535891
392.4	-0.00536483
392.5	-0.00536723
392.6	-0.00537195
392.7	-0.00537294
392.8	-0.00537754
392.9	-0.00538419
393	-0.00538648
393.1	-0.00538254
393.2	-0.00537337
393.3	-0.00536602
393.4	-0.00535712
393.5	-0.00535053
393.6	-0.0053428
393.7	-0.00533502
393.8	-0.00532502
393.9	-0.00531208
394	-0.00529652
394.1	-0.00528136
394.2	-0.00526686
394.3	-0.00525253
394.4	-0.00523962
394.5	-0.00522376
394.6	-0.005214
394.7	-0.00521183
394.8	-0.00521244
394.9	-0.00521528
395	-0.00522314
395.1	-0.00523531
395.2	-0.00525154
395.3	-0.00526648
395.4	-0.00527881
395.5	-0.00528666
395.6	-0.00529226
395.7	-0.0052914
395.8	-0.00528523
395.9	-0.00527672
396	-0.00527053
396.1	-0.00526509
396.2	-0.00525935
396.3	-0.00525142
396.4	-0.00524416
396.5	-0.0052366
396.6	-0.00522653
396.7	-0.00521794
396.8	-0.00521633
396.9	-0.00522047
397	-0.0052247
397.1	-0.00523008
397.2	-0.00523637
397.3	-0.00523759
397.4	-0.00523582
397.5	-0.00523335
397.6	-0.00523094
397.7	-0.00523074
397.8	-0.00523366
397.9	-0.00523892
398	-0.0052459
398.1	-0.00525197
398.2	-0.00525545
398.3	-0.00525922
398.4	-0.00526181
398.5	-0.00526001
398.6	-0.00525075
398.7	-0.00523973
398.8	-0.0052249
398.9	-0.00521172
399	-0.00520332
399.1	-0.00519352
399.2	-0.00518343
399.3	-0.00517799
399.4	-0.00517197
399.5	-0.00516637
399.6	-0.00515456
399.7	-0.0051415
399.8	-0.00513148
399.9	-0.00512382
400	-0.00511777
400.1	-0.00511499
400.2	-0.00511785
400.3	-0.005126
400.4	-0.00513178
400.5	-0.0051322
400.6	-0.00513311
400.7	-0.0051331
400.8	-0.00513348
400.9	-0.00513054
401	-0.00512673
401.1	-0.00512246
401.2	-0.00511273
401.3	-0.00510135
401.4	-0.00509075
401.5	-0.00507978
401.6	-0.00507374
401.7	-0.00507204
401.8	-0.00507024
401.9	-0.00506953
402	-0.00506797
402.1	-0.00506904
402.2	-0.00507009
402.3	-0.00507024
402.4	-0.00507403
402.5	-0.00507981
402.6	-0.00508646
402.7	-0.00509097
402.8	-0.00509945
402.9	-0.0051067
403	-0.00511424
403.1	-0.00512418
403.2	-0.00513199
403.3	-0.00514213
403.4	-0.00515263
403.5	-0.00516915
403.6	-0.00518498
403.7	-0.00520082
403.8	-0.00521467
403.9	-0.00522899
404	-0.00524525
404.1	-0.00526341
404.2	-0.0052834
404.3	-0.00530193
404.4	-0.005318
404.5	-0.00533016
404.6	-0.00534125
404.7	-0.00535866
404.8	-0.00537763
404.9	-0.00539603
405	-0.005418
405.1	-0.00544039
405.2	-0.00545964
405.3	-0.00548018
405.4	-0.00550041
405.5	-0.00551428
405.6	-0.00552445
405.7	-0.00553141
405.8	-0.00553517
405.9	-0.00553875
406	-0.00554127
406.1	-0.00553933
406.2	-0.0055382
406.3	-0.0055418
406.4	-0.00554514
406.5	-0.00554494
406.6	-0.00554456
406.7	-0.00553582
406.8	-0.0055241
406.9	-0.00551631
407	-0.00550898
407.1	-0.00549945
407.2	-0.00548855
407.3	-0.00547746
407.4	-0.00546605
407.5	-0.00545204
407.6	-0.00543821
407.7	-0.00542605
407.8	-0.0054112
407.9	-0.00539551
408	-0.00537881
408.1	-0.00535945
408.2	-0.00533935
408.3	-0.00532464
408.4	-0.00531175
408.5	-0.00529788
408.6	-0.00528165
408.7	-0.00525973
408.8	-0.00523607
408.9	-0.00520915
409	-0.00517877
409.1	-0.00514394
409.2	-0.00511082
409.3	-0.00507589
409.4	-0.00504255
409.5	-0.00500826
409.6	-0.00498001
409.7	-0.00495822
409.8	-0.00493718
409.9	-0.00491708
410	-0.00489501
410.1	-0.00487673
410.2	-0.00485827
410.3	-0.00484071
410.4	-0.00482436
410.5	-0.00480721
410.6	-0.00478775
410.7	-0.0047639
410.8	-0.00474047
410.9	-0.00471815
411	-0.00469396
411.1	-0.00466965
411.2	-0.00464349
411.3	-0.00461634
411.4	-0.00458689
411.5	-0.00455582
411.6	-0.00452369
411.7	-0.00448963
411.8	-0.00445237
411.9	-0.0044176
412	-0.00438867
412.1	-0.0043603
412.2	-0.00433317
412.3	-0.00430379
412.4	-0.00427179
412.5	-0.00424136
412.6	-0.00421335
412.7	-0.00419382
412.8	-0.00418088
412.9	-0.00417313
413	-0.00416848
413.1	-0.00416019
413.2	-0.00415734
413.3	-0.0041605
413.4	-0.00416466
413.5	-0.00416809
413.6	-0.00417053
413.7	-0.00417122
413.8	-0.0041678
413.9	-0.00416498
414	-0.00416274
414.1	-0.00416588
414.2	-0.00417576
414.3	-0.00418244
414.4	-0.00418063
414.5	-0.00417166
414.6	-0.00416694
414.7	-0.0041659
414.8	-0.00417336
414.9	-0.0041812
415	-0.00419013
415.1	-0.00419755
415.2	-0.00420829
415.3	-0.00422028
415.4	-0.00423058
415.5	-0.0042405
415.6	-0.00424885
415.7	-0.00425349
415.8	-0.00425508
415.9	-0.00425713
416	-0.00425905
416.1	-0.00425619
416.2	-0.00425649
416.3	-0.00425806
416.4	-0.00425518
416.5	-0.00424769
416.6	-0.00423233
416.7	-0.00421163
416.8	-0.00419365
416.9	-0.00417655
417	-0.0041553
417.1	-0.00413873
417.2	-0.00413014
417.3	-0.00412503
417.4	-0.00411694
417.5	-0.00410695
417.6	-0.00409376
417.7	-0.00407605
417.8	-0.00405479
417.9	-0.00403212
418	-0.00400992
418.1	-0.00398792
418.2	-0.00396275
418.3	-0.00393824
418.4	-0.00390715
418.5	-0.0038666
418.6	-0.00382222
418.7	-0.00377346
418.8	-0.00372125
418.9	-0.00366232
419	-0.00360306
419.1	-0.00353967
419.2	-0.00348019
419.3	-0.00342258
419.4	-0.00336438
419.5	-0.00330207
419.6	-0.00324146
419.7	-0.0031832
419.8	-0.00312688
419.9	-0.00307407
420	-0.00301974
420.1	-0.0029587
420.2	-0.00289286
420.3	-0.00282291
420.4	-0.00275532
420.5	-0.00269064
420.6	-0.00262663
420.7	-0.00256751
420.8	-0.00251318
420.9	-0.00245619
421	-0.00240291
421.1	-0.0023575
421.2	-0.00231534
421.3	-0.00227699
421.4	-0.00224056
421.5	-0.00220333
421.6	-0.00217062
421.7	-0.0021363
421.8	-0.00209691
421.9	-0.00205043
422	-0.00200587
422.1	-0.00196644
422.2	-0.00192369
422.3	-0.00187646
422.4	-0.00182098
422.5	-0.00176409
422.6	-0.00170862
422.7	-0.00165174
422.8	-0.0015984
422.9	-0.00153872
423	-0.00147664
423.1	-0.00141487
423.2	-0.00135523
423.3	-0.00130179
423.4	-0.00125114
423.5	-0.00120202
423.6	-0.00115203
423.7	-0.00109794
423.8	-0.00104156
423.9	-0.00098321
424	-0.000927283
424.1	-0.000873222
424.2	-0.000821511
424.3	-0.000769568
424.4	-0.000711597
424.5	-0.00064886
424.6	-0.000588695
424.7	-0.000535447
424.8	-0.000485439
424.9	-0.000439707
425	-0.000395513
425.1	-0.000357103
425.2	-0.000319506
425.3	-0.000277488
425.4	-0.000234267
425.5	-0.000189948
425.6	-0.000147722
425.7	-0.000104061
425.8	-5.64335e-05
425.9	-5.10222e-06
426	4.96996e-05
426.1	0.000108054
426.2	0.000168323
426.3	0.000227859
426.4	0.000284649
426.5	0.000335944
426.6	0.000385855
426.7	0.000437938
426.8	0.000490997
426.9	0.000541772
427	0.000591446
427.1	0.000641986
427.2	0.000693794
427.3	0.000749528
427.4	0.000810403
427.5	0.000866825
427.6	0.000914957
427.7	0.000953159
427.8	0.000987613
427.9	0.00102206
428	0.00104726
428.1	0.00107207
428.2	0.00109753
428.3	0.00112957
428.4	0.00116301
428.5	0.00120085
428.6	0.00124265
428.7	0.00128638
428.8	0.00132638
428.9	0.00136552
429	0.00139475
429.1	0.00141648
429.2	0.00143209
429.3	0.00144277
429.4	0.00144873
429.5	0.00144935
429.6	0.00144808
429.7	0.0014393
429.8	0.00142608
429.9	0.00141378
430	0.00140083
430.1	0.00139083
430.2	0.00138196
430.3	0.00137045
430.4	0.00135537
430.5	0.00133699
430.6	0.00131271
430.7	0.00128379
430.8	0.00125075
430.9	0.00121876
431	0.0011824
431.1	0.00114338
431.2	0.00110383
431.3	0.00106227
431.4	0.00102426
431.5	0.000987447
431.6	0.000951895
431.7	0.000921547
431.8	0.000898905
431.9	0.000877722
432	0.000855707
432.1	0.000835774
432.2	0.00081665
432.3	0.000801574
432.4	0.000792767
432.5	0.000784182
432.6	0.000777356
432.7	0.000768301
432.8	0.000759844
432.9	0.000750205
433	0.000743316
433.1	0.000738775
433.2	0.0007388
433.3	0.000749882
433.4	0.000766005
433.5	0.000784804
433.6	0.00080713
433.7	0.000837672
433.8	0.000868833
433.9	0.000895457
434	0.000920137
434.1	0.000944327
434.2	0.00096766
434.3	0.000992176
434.4	0.00101637
434.5	0.0010373
434.6	0.00105587
434.7	0.00107761
434.8	0.00110058
434.9	0.00112502
435	0.00114715
435.1	0.00116796
435.2	0.00118277
435.3	0.00120001
435.4	0.00122203
435.5	0.001246
435.6	0.00126786
435.7	0.00128922
435.8	0.00131172
435.9	0.00133445
436	0.00135102
436.1	0.00136399
436.2	0.00137656
436.3	0.0013898
436.4	0.00140607
436.5	0.00141938
436.6	0.0014316
436.7	0.00144214
436.8	0.00145185
436.9	0.0014597
437	0.00146531
437.1	0.00146752
437.2	0.00147122
437.3	0.00147501
437.4	0.0014795
437.5	0.00148885
437.6	0.00149874
437.7	0.0015124
437.8	0.0015298
437.9	0.00155382
438	0.00158036
438.1	0.00161226
438.2	0.00164612
438.3	0.00168082
438.4	0.00171514
438.5	0.00175121
438.6	0.00179208
438.7	0.00183341
438.8	0.00188004
438.9	0.00192577
439	0.0019679
439.1	0.00200738
439.2	0.00205051
439.3	0.00209013
439.4	0.00212239
439.5	0.00215397
439.6	0.00218493
439.7	0.00221377
439.8	0.00224368
439.9	0.00228113
440	0.00232194
440.1	0.00236448
440.2	0.00240457
440.3	0.00244047
440.4	0.00246936
440.5	0.00249514
440.6	0.00251058
440.7	0.00252067
440.8	0.00252509
440.9	0.00252873
441	0.0025324
441.1	0.00253389
441.2	0.00253453
441.3	0.00253312
441.4	0.00253136
441.5	0.00252863
441.6	0.00252529
441.7	0.00251907
441.8	0.00251181
441.9	0.00250338
442	0.00249382
442.1	0.00248702
442.2	0.00248164
442.3	0.00247231
442.4	0.00245991
442.5	0.0024412
442.6	0.00241697
442.7	0.00239017
442.8	0.00236135
442.9	0.00232759
443	0.00229017
443.1	0.00225444
443.2	0.00221761
443.3	0.0021793
443.4	0.00214321
443.5	0.00210918
443.6	0.00207831
443.7	0.00204392
443.8	0.00201502
443.9	0.00199098
444	0.00196769
444.1	0.00194317
444.2	0.00191965
444.3	0.00189831
444.4	0.00187915
444.5	0.00186009
444.6	0.00183931
444.7	0.0018179
444.8	0.00179198
444.9	0.00176634
445	0.00174289
445.1	0.00171929
445.2	0.00169685
445.3	0.00168016
445.4	0.00167193
445.5	0.00166934
445.6	0.00166838
445.7	0.00166474
445.8	0.00166216
445.9	0.00166511
446	0.00167073
446.1	0.00167802
446.2	0.00168726
446.3	0.00169545
446.4	0.00170433
446.5	0.00171627
446.6	0.0017317
446.7	0.00174864
446.8	0.00176481
446.9	0.00178207
447	0.00179564
447.1	0.00180767
447.2	0.00181668
447.3	0.00182382
447.4	0.00183321
447.5	0.00184283
447.6	0.0018499
447.7	0.00185668
447.8	0.00185796
447.9	0.0018545
448	0.00184341
448.1	0.00182753
448.2	0.00181244
448.3	0.00179435
448.4	0.00177516
448.5	0.00175473
448.6	0.00173723
448.7	0.00172398
448.8	0.00170935
448.9	0.00169078
449	0.00166652
449.1	0.00163281
449.2	0.00160034
449.3	0.00156839
449.4	0.00153541
449.5	0.00150142
449.6	0.00146748
449.7	0.0014347
449.8	0.0013975
449.9	0.00135367
450	0.00130572
450.1	0.00125898
450.2	0.00121283
450.3	0.00116722
450.4	0.00111761
450.5	0.00107094
450.6	0.0010256
450.7	0.000980466
450.8	0.000933809
450.9	0.000884489
451	0.000836896
451.1	0.00079192
451.2	0.000752749
451.3	0.000711975
451.4	0.000669735
451.5	0.000628032
451.6	0.000586019
451.7	0.000540148
451.8	0.000489455
451.9	0.000437889
452	0.000388943
452.1	0.00034046
452.2	0.000290582
452.3	0.000237639
452.4	0.000179605
452.5	0.00011645
452.6	5.17675e-05
452.7	-1.34219e-05
452.8	-7.53638e-05
452.9	-0.000130392
453	-0.000177664
453.1	-0.000222875
453.2	-0.000264856
453.3	-0.000302113
453.4	-0.000338531
453.5	-0.00038015
453.6	-0.000426618
453.7	-0.000473973
453.8	-0.000516718
453.9	-0.000551549
454	-0.000576873
454.1	-0.00060456
454.2	-0.000633176
454.3	-0.000661628
454.4	-0.000692675
454.5	-0.000722829
454.6	-0.00075292
454.7	-0.000785369
454.8	-0.00082096
454.9	-0.000854081
455	-0.00088193
455.1	-0.000911802
455.2	-0.000939756
455.3	-0.000966582
455.4	-0.000991601
455.5	-0.00101299
455.6	-0.0010275
455.7	-0.00103918
455.8	-0.00104798
455.9	-0.00105487
456	-0.00106271
456.1	-0.00107355
456.2	-0.00108622
456.3	-0.00110016
456.4	-0.00111362
456.5	-0.00112709
456.6	-0.00113971
456.7	-0.0011471
456.8	-0.0011562
456.9	-0.00116987
457	-0.00118716
457.1	-0.00120408
457.2	-0.00121902
457.3	-0.0012332
457.4	-0.00125017
457.5	-0.00127062
457.6	-0.00128991
457.7	-0.00130581
457.8	-0.00131897
457.9	-0.00133472
458	-0.0013557
458.1	-0.00137772
458.2	-0.00139534
458.3	-0.00141119
458.4	-0.00142564
458.5	-0.0014429
458.6	-0.00145943
458.7	-0.00147965
458.8	-0.0015041
458.9	-0.00153574
459	-0.0015668
459.1	-0.00160174
459.2	-0.0016447
459.3	-0.00169198
459.4	-0.00174463
459.5	-0.00180268
459.6	-0.00185914
459.7	-0.00190949
459.8	-0.00195779
459.9	-0.00200437
460	-0.00204541
460.1	-0.00208297
460.2	-0.00212176
460.3	-0.00215725
460.4	-0.00219421
460.5	-0.00223227
460.6	-0.00227036
460.7	-0.00230479
460.8	-0.00233518
460.9	-0.00236426
461	-0.00238688
461.1	-0.0024002
461.2	-0.00240834
461.3	-0.00241352
461.4	-0.00241958
461.5	-0.00243198
461.6	-0.00245379
461.7	-0.00247882
461.8	-0.00250149
461.9	-0.00251785
462	-0.00252712
462.1	-0.00252795
462.2	-0.00252433
462.3	-0.00252382
462.4	-0.00252883
462.5	-0.00253704
462.6	-0.00254107
462.7	-0.00253751
462.8	-0.00252939
462.9	-0.00251999
463	-0.00251204
463.1	-0.00250445
463.2	-0.00249214
463.3	-0.00248047
463.4	-0.00246699
463.5	-0.00245191
463.6	-0.0024354
463.7	-0.00241749
463.8	-0.00239477
463.9	-0.00237275
464	-0.00234594
464.1	-0.00231637
464.2	-0.00228645
464.3	-0.00225485
464.4	-0.00222106
464.5	-0.00218659
464.6	-0.0021472
464.7	-0.00210439
464.8	-0.00206138
464.9	-0.00201634
465	-0.00196766
465.1	-0.00191841
465.2	-0.00186967
465.3	-0.0018196
465.4	-0.00177323
465.5	-0.00173037
465.6	-0.00168862
465.7	-0.00165211
465.8	-0.0016168
465.9	-0.00158433
466	-0.00155445
466.1	-0.00152849
466.2	-0.00150904
466.3	-0.00148602
466.4	-0.00146059
466.5	-0.00143529
466.6	-0.00140952
466.7	-0.00138293
466.8	-0.00135866
466.9	-0.00133656
467	-0.00131493
467.1	-0.00129548
467.2	-0.00127768
467.3	-0.00125918
467.4	-0.00124151
467.5	-0.00122396
467.6	-0.00120672
467.7	-0.00119054
467.8	-0.0011779
467.9	-0.00116303
468	-0.00115039
468.1	-0.00114192
468.2	-0.00113169
468.3	-0.00111992
468.4	-0.00110408
468.5	-0.00108935
468.6	-0.00107099
468.7	-0.00105322
468.8	-0.00103109
468.9	-0.00100955
469	-0.000988186
469.1	-0.000966738
469.2	-0.000945137
469.3	-0.000921373
469.4	-0.000893425
469.5	-0.000869407
469.6	-0.000849717
469.7	-0.000830891
469.8	-0.000813853
469.9	-0.000799079
470	-0.000785585
470.1	-0.000773733
470.2	-0.000762534
470.3	-0.000750572
470.4	-0.00074005
470.5	-0.000730068
470.6	-0.000720568
470.7	-0.000710264
470.8	-0.000697905
470.9	-0.000685496
471	-0.000669733
471.1	-0.000651804
471.2	-0.000634859
471.3	-0.00061803
471.4	-0.000602137
471.5	-0.000585834
471.6	-0.000571552
471.7	-0.000560345
471.8	-0.000552218
471.9	-0.000541771
472	-0.000527096
472.1	-0.000508042
472.2	-0.00048635
472.3	-0.000461291
472.4	-0.000433912
472.5	-0.00040307
472.6	-0.000369113
472.7	-0.000338488
472.8	-0.00031062
472.9	-0.000283513
473	-0.000260467
473.1	-0.000242287
473.2	-0.000222891
473.3	-0.000201892
473.4	-0.000180252
473.5	-0.000160376
473.6	-0.000139743
473.7	-0.000122204
473.8	-0.000109775
473.9	-0.000101315
474	-9.03779e-05
474.1	-7.2185e-05
474.2	-4.9449e-05
474.3	-2.54284e-05
474.4	-4.91813e-06
474.5	1.06204e-05
474.6	1.8692e-05
474.7	1.79848e-05
474.8	1.754e-05
474.9	1.5633e-05
475	1.22739e-05
475.1	8.92763e-06
475.2	8.84347e-06
475.3	1.02003e-05
475.4	1.51152e-05
475.5	2.006e-05
475.6	1.85255e-05
475.7	1.41869e-05
475.8	1.46834e-05
475.9	1.2602e-05
476	1.43903e-05
476.1	1.82056e-05
476.2	2.23646e-05
476.3	2.69506e-05
476.4	3.60072e-05
476.5	4.11757e-05
476.6	4.21209e-05
476.7	3.87693e-05
476.8	2.85707e-05
476.9	2.02596e-05
477	1.14754e-05
477.1	7.63506e-06
477.2	3.44248e-06
477.3	2.88972e-06
477.4	9.22363e-06
477.5	1.41367e-05
477.6	1.83931e-05
477.7	2.33224e-05
477.8	2.99839e-05
477.9	3.08677e-05
478	3.36616e-05
478.1	3.72976e-05
478.2	4.33382e-05
478.3	4.52222e-05
478.4	4.56417e-05
478.5	4.90455e-05
478.6	5.04965e-05
478.7	4.87756e-05
478.8	4.28592e-05
478.9	3.27366e-05
479	1.52127e-05
479.1	-3.70608e-06
479.2	-1.54874e-05
479.3	-2.48002e-05
479.4	-2.97508e-05
479.5	-2.90088e-05
479.6	-3.1375e-05
479.7	-3.44584e-05
479.8	-3.24377e-05
479.9	-2.99896e-05
480	-2.33978e-05
480.1	-1.05792e-05
480.2	1.82907e-06
480.3	5.12877e-06
480.4	4.03564e-06
480.5	4.99381e-06
480.6	7.33544e-06
480.7	1.53158e-05
480.8	2.68954e-05
480.9	3.62814e-05
481	4.54018e-05
481.1	5.69716e-05
481.2	6.95621e-05
481.3	7.97076e-05
481.4	8.74581e-05
481.5	9.45703e-05
481.6	9.96853e-05
481.7	0.000105216
481.8	0.000109169
481.9	0.000114936
482	0.000128275
482.1	0.000141578
482.2	0.000151756
482.3	0.000161008
482.4	0.000170908
482.5	0.000181659
482.6	0.000190608
482.7	0.000197204
482.8	0.000198185
482.9	0.000193643
483	0.000187978
483.1	0.00017795
483.2	0.000168331
483.3	0.000159437
483.4	0.00014753
483.5	0.000134891
483.6	0.000119587
483.7	0.000103206
483.8	8.82041e-05
483.9	6.94732e-05
484	4.98944e-05
484.1	3.23228e-05
484.2	1.59374e-05
484.3	3.64254e-07
484.4	-1.44698e-05
484.5	-2.50974e-05
484.6	-3.04452e-05
484.7	-3.40839e-05
484.8	-3.54993e-05
484.9	-3.69057e-05
485	-3.65482e-05
485.1	-3.68189e-05
485.2	-3.53713e-05
485.3	-3.36728e-05
485.4	-2.81107e-05
485.5	-1.76111e-05
485.6	-5.63169e-06
485.7	8.57383e-06
485.8	2.43579e-05
485.9	4.31696e-05
486	6.46977e-05
486.1	8.47513e-05
486.2	9.74927e-05
486.3	0.000106847
486.4	0.00011557
486.5	0.00012322
486.6	0.000126458
486.7	0.000127455
486.8	0.00013275
486.9	0.000136826
487	0.000142299
487.1	0.000146093
487.2	0.000143404
487.3	0.000143023
487.4	0.000143544
487.5	0.000146854
487.6	0.000152001
487.7	0.000154695
487.8	0.000159798
487.9	0.000165821
488	0.000171764
488.1	0.00017331
488.2	0.000169501
488.3	0.000160253
488.4	0.000145925
488.5	0.00013236
488.6	0.000121996
488.7	0.000114559
488.8	0.000110912
488.9	0.000108723
489	0.00010088
489.1	8.69138e-05
489.2	7.07452e-05
489.3	4.87188e-05
489.4	2.51559e-05
489.5	1.69699e-06
489.6	-2.52757e-05
489.7	-5.34222e-05
489.8	-7.80958e-05
489.9	-0.000101992
490	-0.000125771
490.1	-0.000145705
490.2	-0.000164158
490.3	-0.000174213
490.4	-0.00017783
490.5	-0.000174256
490.6	-0.000171186
490.7	-0.000168803
490.8	-0.000164512
490.9	-0.000160563
491	-0.000156413
491.1	-0.000152521
491.2	-0.000148687
491.3	-0.00014567
491.4	-0.000140969
491.5	-0.000132313
491.6	-0.000126572
491.7	-0.000123887
491.8	-0.000121467
491.9	-0.000111731
492	-0.000101348
492.1	-9.13196e-05
492.2	-8.14801e-05
492.3	-7.13879e-05
492.4	-5.90472e-05
492.5	-4.34291e-05
492.6	-2.91594e-05
492.7	-1.58577e-05
492.8	-5.79058e-06
492.9	-3.07325e-06
493	-4.55702e-06
493.1	-1.22035e-05
493.2	-2.52973e-05
493.3	-3.9272e-05
493.4	-5.31513e-05
493.5	-6.71643e-05
493.6	-7.89822e-05
493.7	-9.1904e-05
493.8	-0.000103943
493.9	-0.000116452
494	-0.000132288
494.1	-0.000148868
494.2	-0.000159684
494.3	-0.000169806
494.4	-0.000181517
494.5	-0.000196675
494.6	-0.00021706
494.7	-0.000233567
494.8	-0.000249749
494.9	-0.000266403
495	-0.000284428
495.1	-0.000304612
495.2	-0.00033136
495.3	-0.000357892
495.4	-0.000388657
495.5	-0.000419865
495.6	-0.000448741
495.7	-0.000477466
495.8	-0.00050171
495.9	-0.000524502
496	-0.000547703
496.1	-0.000569902
496.2	-0.000590186
496.3	-0.000609471
496.4	-0.000628636
496.5	-0.000647691
496.6	-0.000668248
496.7	-0.000686788
496.8	-0.00070483
496.9	-0.000720343
497	-0.0007363
497.1	-0.00074821
497.2	-0.000762773
497.3	-0.000780225
497.4	-0.000796634
497.5	-0.000810515
497.6	-0.00081888
497.7	-0.000825486
497.8	-0.000838605
497.9	-0.000859504
498	-0.000883805
498.1	-0.000911431
498.2	-0.000941169
498.3	-0.000969558
498.4	-0.000994004
498.5	-0.00102156
498.6	-0.0010555
498.7	-0.00109281
498.8	-0.00112792
498.9	-0.00116123
499	-0.00119018
499.1	-0.00121643
499.2	-0.00124185
499.3	-0.00126475
499.4	-0.00129042
499.5	-0.00131537
499.6	-0.00133903
499.7	-0.00136608
499.8	-0.00139819
499.9	-0.00143209
500	-0.00146673
