LagTime	Correlation

0	3.58318
0.1	3.57817
0.2	3.57068
0.3	3.5626
0.4	3.55443
0.5	3.54626
0.6	3.53814
0.7	3.53007
0.8	3.52205
0.9	3.51408
1	3.50618
1.1	3.49831
1.2	3.4905
1.3	3.48273
1.4	3.47502
1.5	3.46735
1.6	3.45972
1.7	3.45213
1.8	3.4446
1.9	3.43711
2	3.42967
2.1	3.42227
2.2	3.41491
2.3	3.4076
2.4	3.40034
2.5	3.3931
2.6	3.38591
2.7	3.37876
2.8	3.37165
2.9	3.36458
3	3.35755
3.1	3.35055
3.2	3.3436
3.3	3.33668
3.4	3.3298
3.5	3.32294
3.6	3.31612
3.7	3.30934
3.8	3.3026
3.9	3.29591
4	3.28926
4.1	3.28264
4.2	3.27605
4.3	3.26949
4.4	3.26296
4.5	3.25647
4.6	3.25001
4.7	3.24358
4.8	3.23718
4.9	3.23081
5	3.22448
5.1	3.21817
5.2	3.21189
5.3	3.20564
5.4	3.19941
5.5	3.19322
5.6	3.18705
5.7	3.1809
5.8	3.17479
5.9	3.1687
6	3.16264
6.1	3.1566
6.2	3.15059
6.3	3.14461
6.4	3.13866
6.5	3.13273
6.6	3.12683
6.7	3.12094
6.8	3.11507
6.9	3.10923
7	3.1034
7.1	3.09759
7.2	3.09181
7.3	3.08605
7.4	3.08032
7.5	3.0746
7.6	3.06891
7.7	3.06324
7.8	3.0576
7.9	3.05198
8	3.04639
8.1	3.04082
8.2	3.03527
8.3	3.02974
8.4	3.02422
8.5	3.01872
8.6	3.01325
8.7	3.00779
8.8	3.00235
8.9	2.99693
9	2.99153
9.1	2.98615
9.2	2.98079
9.3	2.97545
9.4	2.97012
9.5	2.96482
9.6	2.95953
9.7	2.95427
9.8	2.94902
9.9	2.9438
10	2.93861
10.1	2.93342
10.2	2.92825
10.3	2.9231
10.4	2.91796
10.5	2.91283
10.6	2.90772
10.7	2.90263
10.8	2.89755
10.9	2.89249
11	2.88744
11.1	2.88241
11.2	2.87738
11.3	2.87237
11.4	2.86737
11.5	2.86238
11.6	2.85741
11.7	2.85243
11.8	2.84747
11.9	2.84252
12	2.83759
12.1	2.83267
12.2	2.82776
12.3	2.82287
12.4	2.81799
12.5	2.81313
12.6	2.80828
12.7	2.80345
12.8	2.79863
12.9	2.79382
13	2.78903
13.1	2.78425
13.2	2.77949
13.3	2.77474
13.4	2.77001
13.5	2.76528
13.6	2.76058
13.7	2.75589
13.8	2.75122
13.9	2.74656
14	2.74192
14.1	2.73728
14.2	2.73265
14.3	2.72804
14.4	2.72344
14.5	2.71884
14.6	2.71426
14.7	2.70969
14.8	2.70513
14.9	2.70058
15	2.69604
15.1	2.69152
15.2	2.68701
15.3	2.68251
15.4	2.67803
15.5	2.67355
15.6	2.66909
15.7	2.66464
15.8	2.66021
15.9	2.65578
16	2.65137
16.1	2.64696
16.2	2.64255
16.3	2.63815
16.4	2.63376
16.5	2.62939
16.6	2.62503
16.7	2.62069
16.8	2.61635
16.9	2.61202
17	2.60769
17.1	2.60338
17.2	2.59908
17.3	2.59479
17.4	2.59051
17.5	2.58624
17.6	2.58198
17.7	2.57772
17.8	2.57346
17.9	2.56922
18	2.56498
18.1	2.56075
18.2	2.55653
18.3	2.55232
18.4	2.54813
18.5	2.54393
18.6	2.53975
18.7	2.53558
18.8	2.53142
18.9	2.52728
19	2.52315
19.1	2.51903
19.2	2.51492
19.3	2.51083
19.4	2.50673
19.5	2.50265
19.6	2.49856
19.7	2.49449
19.8	2.49042
19.9	2.48636
20	2.4823
20.1	2.47826
20.2	2.47423
20.3	2.47021
20.4	2.46619
20.5	2.46219
20.6	2.4582
20.7	2.45421
20.8	2.45023
20.9	2.44625
21	2.44227
21.1	2.4383
21.2	2.43433
21.3	2.43037
21.4	2.42642
21.5	2.42248
21.6	2.41855
21.7	2.41463
21.8	2.41072
21.9	2.40682
22	2.40293
22.1	2.39905
22.2	2.39517
22.3	2.3913
22.4	2.38743
22.5	2.38357
22.6	2.37971
22.7	2.37585
22.8	2.372
22.9	2.36815
23	2.3643
23.1	2.36045
23.2	2.35662
23.3	2.35279
23.4	2.34898
23.5	2.34517
23.6	2.34137
23.7	2.33758
23.8	2.3338
23.9	2.33003
24	2.32628
24.1	2.32254
24.2	2.3188
24.3	2.31507
24.4	2.31135
24.5	2.30763
24.6	2.30392
24.7	2.30021
24.8	2.29652
24.9	2.29283
25	2.28915
25.1	2.28547
25.2	2.28179
25.3	2.27812
25.4	2.27446
25.5	2.27081
25.6	2.26717
25.7	2.26354
25.8	2.25991
25.9	2.25628
26	2.25266
26.1	2.24904
26.2	2.24541
26.3	2.2418
26.4	2.23818
26.5	2.23457
26.6	2.23095
26.7	2.22733
26.8	2.22372
26.9	2.22012
27	2.21653
27.1	2.21295
27.2	2.20937
27.3	2.20581
27.4	2.20225
27.5	2.19868
27.6	2.19512
27.7	2.19157
27.8	2.18803
27.9	2.18449
28	2.18096
28.1	2.17743
28.2	2.1739
28.3	2.17037
28.4	2.16685
28.5	2.16333
28.6	2.15982
28.7	2.15631
28.8	2.15281
28.9	2.14932
29	2.14583
29.1	2.14235
29.2	2.13888
29.3	2.13542
29.4	2.13197
29.5	2.12852
29.6	2.12509
29.7	2.12165
29.8	2.11823
29.9	2.11482
30	2.11141
30.1	2.10801
30.2	2.10461
30.3	2.10121
30.4	2.09782
30.5	2.09444
30.6	2.09107
30.7	2.0877
30.8	2.08434
30.9	2.08099
31	2.07765
31.1	2.07433
31.2	2.07101
31.3	2.06768
31.4	2.06435
31.5	2.06103
31.6	2.05771
31.7	2.05439
31.8	2.05108
31.9	2.04777
32	2.04448
32.1	2.04119
32.2	2.03791
32.3	2.03463
32.4	2.03135
32.5	2.02809
32.6	2.02483
32.7	2.02158
32.8	2.01834
32.9	2.01511
33	2.01188
33.1	2.00865
33.2	2.00543
33.3	2.00221
33.4	1.99899
33.5	1.99577
33.6	1.99255
33.7	1.98933
33.8	1.98612
33.9	1.98292
34	1.97972
34.1	1.97654
34.2	1.97336
34.3	1.97019
34.4	1.96704
34.5	1.96389
34.6	1.96076
34.7	1.95763
34.8	1.9545
34.9	1.95138
35	1.94827
35.1	1.94516
35.2	1.94205
35.3	1.93895
35.4	1.93585
35.5	1.93275
35.6	1.92965
35.7	1.92656
35.8	1.92349
35.9	1.92042
36	1.91736
36.1	1.9143
36.2	1.91125
36.3	1.90821
36.4	1.90517
36.5	1.90213
36.6	1.8991
36.7	1.89607
36.8	1.89305
36.9	1.89004
37	1.88703
37.1	1.88403
37.2	1.88103
37.3	1.87804
37.4	1.87505
37.5	1.87208
37.6	1.86912
37.7	1.86616
37.8	1.86321
37.9	1.86026
38	1.85731
38.1	1.85436
38.2	1.8514
38.3	1.84845
38.4	1.8455
38.5	1.84255
38.6	1.8396
38.7	1.83667
38.8	1.83374
38.9	1.83082
39	1.82791
39.1	1.825
39.2	1.8221
39.3	1.8192
39.4	1.81631
39.5	1.81342
39.6	1.81053
39.7	1.80764
39.8	1.80476
39.9	1.80189
40	1.79902
40.1	1.79616
40.2	1.7933
40.3	1.79046
40.4	1.78762
40.5	1.78478
40.6	1.78195
40.7	1.77913
40.8	1.77632
40.9	1.77352
41	1.77072
41.1	1.76792
41.2	1.76512
41.3	1.76234
41.4	1.75955
41.5	1.75677
41.6	1.75399
41.7	1.75122
41.8	1.74844
41.9	1.74566
42	1.74289
42.1	1.74012
42.2	1.73735
42.3	1.73459
42.4	1.73182
42.5	1.72906
42.6	1.7263
42.7	1.72354
42.8	1.72078
42.9	1.71802
43	1.71527
43.1	1.71252
43.2	1.70977
43.3	1.70702
43.4	1.70428
43.5	1.70154
43.6	1.69881
43.7	1.69609
43.8	1.69337
43.9	1.69067
44	1.68796
44.1	1.68526
44.2	1.68257
44.3	1.67988
44.4	1.6772
44.5	1.67452
44.6	1.67185
44.7	1.66919
44.8	1.66653
44.9	1.66387
45	1.66123
45.1	1.65859
45.2	1.65596
45.3	1.65333
45.4	1.6507
45.5	1.64809
45.6	1.64547
45.7	1.64285
45.8	1.64024
45.9	1.63763
46	1.63504
46.1	1.63245
46.2	1.62986
46.3	1.62728
46.4	1.62471
46.5	1.62215
46.6	1.61959
46.7	1.61704
46.8	1.61449
46.9	1.61196
47	1.60942
47.1	1.6069
47.2	1.60437
47.3	1.60184
47.4	1.59931
47.5	1.59679
47.6	1.59428
47.7	1.59177
47.8	1.58926
47.9	1.58677
48	1.58427
48.1	1.58177
48.2	1.57927
48.3	1.57678
48.4	1.57429
48.5	1.5718
48.6	1.56932
48.7	1.56685
48.8	1.56439
48.9	1.56193
49	1.55947
49.1	1.55702
49.2	1.55457
49.3	1.55213
49.4	1.54969
49.5	1.54725
49.6	1.54481
49.7	1.54238
49.8	1.53994
49.9	1.53751
50	1.53508
50.1	1.53265
50.2	1.53023
50.3	1.52781
50.4	1.5254
50.5	1.52299
50.6	1.52058
50.7	1.51818
50.8	1.51577
50.9	1.51337
51	1.51097
51.1	1.50857
51.2	1.50618
51.3	1.50379
51.4	1.5014
51.5	1.49903
51.6	1.49666
51.7	1.49429
51.8	1.49193
51.9	1.48958
52	1.48723
52.1	1.48488
52.2	1.48254
52.3	1.48021
52.4	1.47788
52.5	1.47556
52.6	1.47325
52.7	1.47094
52.8	1.46865
52.9	1.46636
53	1.46407
53.1	1.4618
53.2	1.45953
53.3	1.45726
53.4	1.455
53.5	1.45273
53.6	1.45047
53.7	1.44822
53.8	1.44597
53.9	1.44373
54	1.44148
54.1	1.43925
54.2	1.43702
54.3	1.43479
54.4	1.43257
54.5	1.43035
54.6	1.42813
54.7	1.42592
54.8	1.42372
54.9	1.42152
55	1.41932
55.1	1.41712
55.2	1.41492
55.3	1.41274
55.4	1.41055
55.5	1.40837
55.6	1.40619
55.7	1.40403
55.8	1.40187
55.9	1.39971
56	1.39756
56.1	1.3954
56.2	1.39324
56.3	1.39108
56.4	1.38892
56.5	1.38677
56.6	1.38463
56.7	1.3825
56.8	1.38038
56.9	1.37827
57	1.37616
57.1	1.37407
57.2	1.37197
57.3	1.36987
57.4	1.36778
57.5	1.36569
57.6	1.3636
57.7	1.36151
57.8	1.35942
57.9	1.35733
58	1.35525
58.1	1.35316
58.2	1.35108
58.3	1.349
58.4	1.34693
58.5	1.34485
58.6	1.34278
58.7	1.34071
58.8	1.33865
58.9	1.33659
59	1.33454
59.1	1.33249
59.2	1.33044
59.3	1.3284
59.4	1.32636
59.5	1.32432
59.6	1.32228
59.7	1.32025
59.8	1.31822
59.9	1.3162
60	1.31418
60.1	1.31216
60.2	1.31014
60.3	1.30813
60.4	1.30611
60.5	1.3041
60.6	1.3021
60.7	1.3001
60.8	1.2981
60.9	1.2961
61	1.2941
61.1	1.29211
61.2	1.29012
61.3	1.28814
61.4	1.28616
61.5	1.2842
61.6	1.28223
61.7	1.28027
61.8	1.27832
61.9	1.27637
62	1.27441
62.1	1.27247
62.2	1.27052
62.3	1.26859
62.4	1.26666
62.5	1.26474
62.6	1.26281
62.7	1.26089
62.8	1.25895
62.9	1.25702
63	1.25509
63.1	1.25316
63.2	1.25123
63.3	1.24929
63.4	1.24737
63.5	1.24545
63.6	1.24354
63.7	1.24163
63.8	1.23973
63.9	1.23782
64	1.23592
64.1	1.23401
64.2	1.2321
64.3	1.2302
64.4	1.22831
64.5	1.22643
64.6	1.22455
64.7	1.22267
64.8	1.22079
64.9	1.21891
65	1.21704
65.1	1.21519
65.2	1.21333
65.3	1.21147
65.4	1.20962
65.5	1.20776
65.6	1.2059
65.7	1.20404
65.8	1.20219
65.9	1.20034
66	1.19849
66.1	1.19663
66.2	1.19478
66.3	1.19292
66.4	1.19108
66.5	1.18923
66.6	1.18739
66.7	1.18556
66.8	1.18373
66.9	1.1819
67	1.18008
67.1	1.17827
67.2	1.17645
67.3	1.17464
67.4	1.17284
67.5	1.17104
67.6	1.16923
67.7	1.16743
67.8	1.16563
67.9	1.16383
68	1.16202
68.1	1.16022
68.2	1.15843
68.3	1.15664
68.4	1.15485
68.5	1.15306
68.6	1.15127
68.7	1.14948
68.8	1.14769
68.9	1.14591
69	1.14413
69.1	1.14235
69.2	1.14058
69.3	1.13881
69.4	1.13704
69.5	1.13528
69.6	1.13353
69.7	1.13178
69.8	1.13003
69.9	1.12828
70	1.12653
70.1	1.12477
70.2	1.12302
70.3	1.12126
70.4	1.1195
70.5	1.11774
70.6	1.11599
70.7	1.11423
70.8	1.11247
70.9	1.11072
71	1.10896
71.1	1.1072
71.2	1.10543
71.3	1.10365
71.4	1.10189
71.5	1.10013
71.6	1.09838
71.7	1.09663
71.8	1.09488
71.9	1.09314
72	1.0914
72.1	1.08967
72.2	1.08794
72.3	1.08621
72.4	1.08449
72.5	1.08277
72.6	1.08106
72.7	1.07935
72.8	1.07764
72.9	1.07594
73	1.07424
73.1	1.07254
73.2	1.07085
73.3	1.06915
73.4	1.06746
73.5	1.06577
73.6	1.06409
73.7	1.06241
73.8	1.06075
73.9	1.05908
74	1.05741
74.1	1.05574
74.2	1.05407
74.3	1.05241
74.4	1.05075
74.5	1.04909
74.6	1.04743
74.7	1.04577
74.8	1.04411
74.9	1.04246
75	1.0408
75.1	1.03913
75.2	1.03747
75.3	1.03581
75.4	1.03414
75.5	1.03248
75.6	1.03081
75.7	1.02914
75.8	1.02748
75.9	1.02582
76	1.02416
76.1	1.0225
76.2	1.02084
76.3	1.01917
76.4	1.01751
76.5	1.01586
76.6	1.01421
76.7	1.01257
76.8	1.01093
76.9	1.0093
77	1.00767
77.1	1.00605
77.2	1.00442
77.3	1.00278
77.4	1.00114
77.5	0.999501
77.6	0.997867
77.7	0.996241
77.8	0.994626
77.9	0.99302
78	0.991414
78.1	0.989809
78.2	0.988208
78.3	0.986604
78.4	0.985006
78.5	0.983418
78.6	0.981834
78.7	0.980247
78.8	0.97866
78.9	0.977079
79	0.975503
79.1	0.973933
79.2	0.972367
79.3	0.970807
79.4	0.969249
79.5	0.967692
79.6	0.966135
79.7	0.96459
79.8	0.963051
79.9	0.96151
80	0.959967
80.1	0.958424
80.2	0.956881
80.3	0.955344
80.4	0.953809
80.5	0.952279
80.6	0.95075
80.7	0.949219
80.8	0.9477
80.9	0.94619
81	0.944685
81.1	0.943182
81.2	0.941682
81.3	0.940184
81.4	0.938688
81.5	0.937195
81.6	0.935699
81.7	0.934201
81.8	0.932701
81.9	0.931203
82	0.929707
82.1	0.928214
82.2	0.926723
82.3	0.925234
82.4	0.923743
82.5	0.922258
82.6	0.920777
82.7	0.919296
82.8	0.917813
82.9	0.916329
83	0.914847
83.1	0.913366
83.2	0.911889
83.3	0.910417
83.4	0.908951
83.5	0.907491
83.6	0.906035
83.7	0.904584
83.8	0.903136
83.9	0.901692
84	0.900253
84.1	0.898816
84.2	0.897383
84.3	0.895953
84.4	0.894524
84.5	0.893101
84.6	0.891684
84.7	0.890268
84.8	0.888856
84.9	0.887448
85	0.886044
85.1	0.884641
85.2	0.88324
85.3	0.881845
85.4	0.880446
85.5	0.879041
85.6	0.877632
85.7	0.876222
85.8	0.874815
85.9	0.873413
86	0.872013
86.1	0.870616
86.2	0.869218
86.3	0.867824
86.4	0.866442
86.5	0.865067
86.6	0.863697
86.7	0.862327
86.8	0.860957
86.9	0.859585
87	0.858216
87.1	0.856852
87.2	0.855493
87.3	0.85414
87.4	0.852784
87.5	0.851429
87.6	0.850082
87.7	0.848743
87.8	0.847408
87.9	0.846073
88	0.844738
88.1	0.843405
88.2	0.842071
88.3	0.840738
88.4	0.839408
88.5	0.838084
88.6	0.836766
88.7	0.835449
88.8	0.834134
88.9	0.83282
89	0.831509
89.1	0.830197
89.2	0.828879
89.3	0.827555
89.4	0.826232
89.5	0.824907
89.6	0.823585
89.7	0.822267
89.8	0.820953
89.9	0.819639
90	0.81833
90.1	0.817025
90.2	0.815724
90.3	0.814424
90.4	0.813118
90.5	0.811812
90.6	0.810509
90.7	0.809208
90.8	0.807911
90.9	0.806617
91	0.805322
91.1	0.804031
91.2	0.802744
91.3	0.801459
91.4	0.800169
91.5	0.798877
91.6	0.797584
91.7	0.796291
91.8	0.795004
91.9	0.793714
92	0.792421
92.1	0.79113
92.2	0.789843
92.3	0.788558
92.4	0.787275
92.5	0.785991
92.6	0.784707
92.7	0.783425
92.8	0.782144
92.9	0.780865
93	0.779584
93.1	0.778304
93.2	0.77703
93.3	0.77576
93.4	0.774484
93.5	0.773207
93.6	0.771934
93.7	0.77066
93.8	0.769381
93.9	0.7681
94	0.766817
94.1	0.765531
94.2	0.764243
94.3	0.762964
94.4	0.761688
94.5	0.760418
94.6	0.75915
94.7	0.757884
94.8	0.75662
94.9	0.755362
95	0.75411
95.1	0.752859
95.2	0.751609
95.3	0.750361
95.4	0.749113
95.5	0.747865
95.6	0.746621
95.7	0.745381
95.8	0.744139
95.9	0.742899
96	0.741664
96.1	0.740432
96.2	0.739206
96.3	0.737985
96.4	0.736768
96.5	0.735552
96.6	0.734339
96.7	0.733128
96.8	0.731922
96.9	0.730719
97	0.729526
97.1	0.728341
97.2	0.727163
97.3	0.725993
97.4	0.724833
97.5	0.723667
97.6	0.722497
97.7	0.721326
97.8	0.720155
97.9	0.718988
98	0.717829
98.1	0.716678
98.2	0.715528
98.3	0.71438
98.4	0.71323
98.5	0.712083
98.6	0.710941
98.7	0.709805
98.8	0.708669
98.9	0.707531
99	0.706391
99.1	0.705255
99.2	0.70412
99.3	0.702989
99.4	0.701856
99.5	0.700719
99.6	0.69958
99.7	0.69844
99.8	0.697299
99.9	0.696161
100	0.695023
100.1	0.693895
100.2	0.692772
100.3	0.691654
100.4	0.690538
100.5	0.68943
100.6	0.688331
100.7	0.687236
100.8	0.686141
100.9	0.685049
101	0.683955
101.1	0.682858
101.2	0.681757
101.3	0.68065
101.4	0.679541
101.5	0.678435
101.6	0.677331
101.7	0.676226
101.8	0.675121
101.9	0.67402
102	0.672918
102.1	0.671815
102.2	0.670711
102.3	0.669614
102.4	0.668525
102.5	0.66744
102.6	0.666358
102.7	0.665278
102.8	0.664197
102.9	0.663121
103	0.662052
103.1	0.660985
103.2	0.659924
103.3	0.658869
103.4	0.657809
103.5	0.656747
103.6	0.655681
103.7	0.654616
103.8	0.65355
103.9	0.652484
104	0.651419
104.1	0.650361
104.2	0.649304
104.3	0.648249
104.4	0.647198
104.5	0.646151
104.6	0.645103
104.7	0.644052
104.8	0.642996
104.9	0.641938
105	0.640878
105.1	0.639815
105.2	0.638749
105.3	0.637683
105.4	0.63662
105.5	0.635563
105.6	0.634517
105.7	0.633479
105.8	0.632441
105.9	0.631404
106	0.630368
106.1	0.629335
106.2	0.628304
106.3	0.627282
106.4	0.626264
106.5	0.625249
106.6	0.624239
106.7	0.623233
106.8	0.622234
106.9	0.621237
107	0.620239
107.1	0.619237
107.2	0.618235
107.3	0.617236
107.4	0.616242
107.5	0.615253
107.6	0.614266
107.7	0.613284
107.8	0.612302
107.9	0.611317
108	0.610326
108.1	0.609331
108.2	0.608335
108.3	0.607338
108.4	0.606343
108.5	0.60535
108.6	0.604362
108.7	0.60338
108.8	0.6024
108.9	0.601424
109	0.600445
109.1	0.599463
109.2	0.598488
109.3	0.597519
109.4	0.596553
109.5	0.595586
109.6	0.594618
109.7	0.59365
109.8	0.59268
109.9	0.591714
110	0.590749
110.1	0.589782
110.2	0.588816
110.3	0.587853
110.4	0.586897
110.5	0.58594
110.6	0.584985
110.7	0.58403
110.8	0.583075
110.9	0.582128
111	0.581185
111.1	0.580245
111.2	0.579311
111.3	0.57838
111.4	0.577448
111.5	0.576516
111.6	0.575587
111.7	0.57466
111.8	0.573735
111.9	0.572809
112	0.571888
112.1	0.570971
112.2	0.570058
112.3	0.569149
112.4	0.568239
112.5	0.567324
112.6	0.566408
112.7	0.565489
112.8	0.564569
112.9	0.563651
113	0.562735
113.1	0.561819
113.2	0.56091
113.3	0.560005
113.4	0.559099
113.5	0.558185
113.6	0.557266
113.7	0.556345
113.8	0.555426
113.9	0.554505
114	0.553581
114.1	0.552657
114.2	0.551735
114.3	0.550816
114.4	0.549898
114.5	0.54898
114.6	0.548061
114.7	0.547144
114.8	0.546227
114.9	0.545309
115	0.544395
115.1	0.543483
115.2	0.542574
115.3	0.541667
115.4	0.540763
115.5	0.539859
115.6	0.538952
115.7	0.538042
115.8	0.53714
115.9	0.53624
116	0.53534
116.1	0.534438
116.2	0.533534
116.3	0.532634
116.4	0.531736
116.5	0.530842
116.6	0.529952
116.7	0.529066
116.8	0.528181
116.9	0.527296
117	0.526414
117.1	0.525534
117.2	0.524654
117.3	0.523775
117.4	0.5229
117.5	0.52203
117.6	0.521165
117.7	0.520301
117.8	0.51944
117.9	0.518581
118	0.517722
118.1	0.516864
118.2	0.516003
118.3	0.515141
118.4	0.514276
118.5	0.513411
118.6	0.512549
118.7	0.511691
118.8	0.510839
118.9	0.509991
119	0.509145
119.1	0.5083
119.2	0.507455
119.3	0.506613
119.4	0.505777
119.5	0.504945
119.6	0.504115
119.7	0.503288
119.8	0.502465
119.9	0.501641
120	0.500817
120.1	0.499995
120.2	0.499175
120.3	0.498361
120.4	0.497551
120.5	0.49674
120.6	0.49593
120.7	0.495119
120.8	0.494308
120.9	0.493494
121	0.49268
121.1	0.491867
121.2	0.491056
121.3	0.490245
121.4	0.48944
121.5	0.488642
121.6	0.487846
121.7	0.487049
121.8	0.486254
121.9	0.485461
122	0.484671
122.1	0.483879
122.2	0.483082
122.3	0.482281
122.4	0.48148
122.5	0.480674
122.6	0.479863
122.7	0.479054
122.8	0.478251
122.9	0.477444
123	0.47663
123.1	0.475815
123.2	0.474995
123.3	0.474171
123.4	0.473343
123.5	0.472513
123.6	0.471679
123.7	0.470841
123.8	0.470004
123.9	0.469169
124	0.468338
124.1	0.467508
124.2	0.466676
124.3	0.465845
124.4	0.465018
124.5	0.464193
124.6	0.463362
124.7	0.462531
124.8	0.461703
124.9	0.460873
125	0.460042
125.1	0.459207
125.2	0.458373
125.3	0.457535
125.4	0.456694
125.5	0.455853
125.6	0.455017
125.7	0.454184
125.8	0.453351
125.9	0.452525
126	0.451702
126.1	0.450881
126.2	0.45006
126.3	0.449242
126.4	0.448433
126.5	0.447631
126.6	0.446833
126.7	0.446042
126.8	0.44526
126.9	0.444481
127	0.443696
127.1	0.442904
127.2	0.442111
127.3	0.441321
127.4	0.440529
127.5	0.439735
127.6	0.438948
127.7	0.438168
127.8	0.43739
127.9	0.436618
128	0.435849
128.1	0.435081
128.2	0.434311
128.3	0.433539
128.4	0.432764
128.5	0.431984
128.6	0.431203
128.7	0.430428
128.8	0.429656
128.9	0.428883
129	0.428109
129.1	0.427334
129.2	0.426563
129.3	0.425796
129.4	0.42503
129.5	0.424265
129.6	0.423499
129.7	0.422739
129.8	0.421981
129.9	0.421226
130	0.420467
130.1	0.419707
130.2	0.418944
130.3	0.418176
130.4	0.417408
130.5	0.416634
130.6	0.415863
130.7	0.415097
130.8	0.414336
130.9	0.413574
131	0.412814
131.1	0.412054
131.2	0.411298
131.3	0.410544
131.4	0.409788
131.5	0.409036
131.6	0.408289
131.7	0.407543
131.8	0.406797
131.9	0.406055
132	0.405313
132.1	0.404575
132.2	0.403839
132.3	0.403102
132.4	0.402367
132.5	0.401635
132.6	0.400908
132.7	0.400189
132.8	0.399474
132.9	0.398757
133	0.398049
133.1	0.397348
133.2	0.396656
133.3	0.395973
133.4	0.395296
133.5	0.394622
133.6	0.393951
133.7	0.393281
133.8	0.392612
133.9	0.391942
134	0.391279
134.1	0.390623
134.2	0.389972
134.3	0.389321
134.4	0.388673
134.5	0.388028
134.6	0.387385
134.7	0.386744
134.8	0.3861
134.9	0.385457
135	0.384815
135.1	0.384169
135.2	0.383519
135.3	0.382866
135.4	0.382213
135.5	0.381566
135.6	0.380923
135.7	0.380283
135.8	0.379649
135.9	0.37902
136	0.378396
136.1	0.377771
136.2	0.377144
136.3	0.376519
136.4	0.375898
136.5	0.375286
136.6	0.374677
136.7	0.374071
136.8	0.373464
136.9	0.372859
137	0.372255
137.1	0.371654
137.2	0.371053
137.3	0.37045
137.4	0.369845
137.5	0.369239
137.6	0.368633
137.7	0.368025
137.8	0.367413
137.9	0.366796
138	0.36618
138.1	0.365563
138.2	0.364948
138.3	0.36434
138.4	0.363741
138.5	0.36314
138.6	0.36254
138.7	0.361937
138.8	0.361336
138.9	0.360735
139	0.360133
139.1	0.359531
139.2	0.358934
139.3	0.358335
139.4	0.357737
139.5	0.357142
139.6	0.356543
139.7	0.355942
139.8	0.355343
139.9	0.354743
140	0.354144
140.1	0.35355
140.2	0.352958
140.3	0.352366
140.4	0.351768
140.5	0.351169
140.6	0.350572
140.7	0.349978
140.8	0.349393
140.9	0.348813
141	0.348235
141.1	0.347662
141.2	0.347094
141.3	0.346535
141.4	0.345979
141.5	0.345424
141.6	0.344869
141.7	0.344313
141.8	0.343755
141.9	0.343194
142	0.342634
142.1	0.34207
142.2	0.341499
142.3	0.340925
142.4	0.340346
142.5	0.339764
142.6	0.339187
142.7	0.338609
142.8	0.338036
142.9	0.337465
143	0.3369
143.1	0.336341
143.2	0.335785
143.3	0.335235
143.4	0.334689
143.5	0.334145
143.6	0.3336
143.7	0.333054
143.8	0.332505
143.9	0.331954
144	0.331404
144.1	0.330856
144.2	0.330304
144.3	0.329751
144.4	0.329205
144.5	0.32866
144.6	0.328119
144.7	0.327576
144.8	0.327032
144.9	0.326486
145	0.325937
145.1	0.325391
145.2	0.324849
145.3	0.324304
145.4	0.323757
145.5	0.32321
145.6	0.322664
145.7	0.322118
145.8	0.32157
145.9	0.321022
146	0.320475
146.1	0.31993
146.2	0.319384
146.3	0.318841
146.4	0.318301
146.5	0.317767
146.6	0.317229
146.7	0.316697
146.8	0.316171
146.9	0.315644
147	0.31512
147.1	0.314597
147.2	0.314079
147.3	0.313559
147.4	0.313041
147.5	0.312524
147.6	0.312011
147.7	0.311505
147.8	0.311
147.9	0.310494
148	0.309992
148.1	0.30949
148.2	0.308992
148.3	0.308495
148.4	0.307998
148.5	0.307496
148.6	0.30699
148.7	0.306478
148.8	0.305966
148.9	0.305458
149	0.304949
149.1	0.304436
149.2	0.303924
149.3	0.30341
149.4	0.302898
149.5	0.30239
149.6	0.301888
149.7	0.301392
149.8	0.300903
149.9	0.300419
150	0.29994
150.1	0.299454
150.2	0.298964
150.3	0.298474
150.4	0.297981
150.5	0.297489
150.6	0.297
150.7	0.29651
150.8	0.296026
150.9	0.295544
151	0.295067
151.1	0.294593
151.2	0.294117
151.3	0.293639
151.4	0.293159
151.5	0.292685
151.6	0.292218
151.7	0.291755
151.8	0.291299
151.9	0.290842
152	0.290387
152.1	0.289932
152.2	0.289473
152.3	0.289012
152.4	0.288546
152.5	0.288075
152.6	0.287602
152.7	0.287131
152.8	0.286662
152.9	0.286189
153	0.285706
153.1	0.285221
153.2	0.28474
153.3	0.284263
153.4	0.283792
153.5	0.283325
153.6	0.282859
153.7	0.282395
153.8	0.281936
153.9	0.281474
154	0.281012
154.1	0.280556
154.2	0.280103
154.3	0.279652
154.4	0.279201
154.5	0.27875
154.6	0.278297
154.7	0.27784
154.8	0.277384
154.9	0.276928
155	0.276471
155.1	0.276014
155.2	0.275551
155.3	0.275083
155.4	0.274606
155.5	0.274119
155.6	0.273629
155.7	0.273139
155.8	0.272654
155.9	0.27217
156	0.27169
156.1	0.271208
156.2	0.270722
156.3	0.270231
156.4	0.269739
156.5	0.269249
156.6	0.268764
156.7	0.268282
156.8	0.267802
156.9	0.267328
157	0.266859
157.1	0.266393
157.2	0.265932
157.3	0.265468
157.4	0.264998
157.5	0.264523
157.6	0.26405
157.7	0.263578
157.8	0.26311
157.9	0.26265
158	0.262194
158.1	0.261738
158.2	0.261282
158.3	0.260825
158.4	0.260365
158.5	0.259905
158.6	0.259443
158.7	0.25898
158.8	0.258525
158.9	0.258078
159	0.257634
159.1	0.257195
159.2	0.256762
159.3	0.256334
159.4	0.255916
159.5	0.255506
159.6	0.255097
159.7	0.254686
159.8	0.254279
159.9	0.253873
160	0.253468
160.1	0.253061
160.2	0.252655
160.3	0.252251
160.4	0.251851
160.5	0.251452
160.6	0.251048
160.7	0.250644
160.8	0.250242
160.9	0.249837
161	0.249432
161.1	0.24903
161.2	0.248625
161.3	0.248222
161.4	0.247823
161.5	0.247427
161.6	0.247037
161.7	0.246648
161.8	0.246258
161.9	0.245866
162	0.245476
162.1	0.245086
162.2	0.244697
162.3	0.244308
162.4	0.243917
162.5	0.243525
162.6	0.243137
162.7	0.242751
162.8	0.242366
162.9	0.241982
163	0.241595
163.1	0.24121
163.2	0.240824
163.3	0.240441
163.4	0.240059
163.5	0.23968
163.6	0.239299
163.7	0.238917
163.8	0.238534
163.9	0.238156
164	0.237777
164.1	0.237395
164.2	0.237011
164.3	0.236631
164.4	0.236255
164.5	0.235879
164.6	0.235509
164.7	0.235147
164.8	0.234795
164.9	0.23445
165	0.234106
165.1	0.233762
165.2	0.233417
165.3	0.233069
165.4	0.232715
165.5	0.232362
165.6	0.232011
165.7	0.23166
165.8	0.231308
165.9	0.230962
166	0.230621
166.1	0.230283
166.2	0.229947
166.3	0.22961
166.4	0.229274
166.5	0.228938
166.6	0.228599
166.7	0.228259
166.8	0.227919
166.9	0.227585
167	0.227249
167.1	0.226916
167.2	0.22658
167.3	0.226236
167.4	0.225892
167.5	0.225546
167.6	0.225201
167.7	0.224856
167.8	0.224511
167.9	0.224166
168	0.223817
168.1	0.223466
168.2	0.223113
168.3	0.22276
168.4	0.222409
168.5	0.222059
168.6	0.22171
168.7	0.221361
168.8	0.22101
168.9	0.22066
169	0.220308
169.1	0.219956
169.2	0.219605
169.3	0.219258
169.4	0.218914
169.5	0.218571
169.6	0.218233
169.7	0.217899
169.8	0.217567
169.9	0.217239
170	0.216914
170.1	0.216596
170.2	0.216283
170.3	0.215967
170.4	0.215651
170.5	0.21533
170.6	0.215005
170.7	0.214677
170.8	0.214348
170.9	0.214023
171	0.213701
171.1	0.213377
171.2	0.213049
171.3	0.212721
171.4	0.212394
171.5	0.21207
171.6	0.211751
171.7	0.211433
171.8	0.211111
171.9	0.210789
172	0.210469
172.1	0.210152
172.2	0.209838
172.3	0.209526
172.4	0.209216
172.5	0.208907
172.6	0.208598
172.7	0.20829
172.8	0.207985
172.9	0.207683
173	0.207382
173.1	0.20708
173.2	0.206776
173.3	0.20647
173.4	0.206163
173.5	0.205854
173.6	0.205542
173.7	0.205226
173.8	0.204907
173.9	0.204591
174	0.204279
174.1	0.203965
174.2	0.203652
174.3	0.203343
174.4	0.203034
174.5	0.202724
174.6	0.202414
174.7	0.202104
174.8	0.201796
174.9	0.201488
175	0.201177
175.1	0.200871
175.2	0.200566
175.3	0.200254
175.4	0.199939
175.5	0.199626
175.6	0.199318
175.7	0.19901
175.8	0.198704
175.9	0.198398
176	0.198092
176.1	0.197789
176.2	0.197484
176.3	0.197181
176.4	0.196876
176.5	0.196566
176.6	0.196252
176.7	0.19594
176.8	0.195632
176.9	0.195327
177	0.195024
177.1	0.194722
177.2	0.194413
177.3	0.194102
177.4	0.193791
177.5	0.19348
177.6	0.193174
177.7	0.192873
177.8	0.192576
177.9	0.192279
178	0.191975
178.1	0.191675
178.2	0.191371
178.3	0.191073
178.4	0.190776
178.5	0.190477
178.6	0.19018
178.7	0.189884
178.8	0.18959
178.9	0.189306
179	0.189025
179.1	0.188742
179.2	0.188464
179.3	0.188197
179.4	0.187939
179.5	0.187686
179.6	0.187431
179.7	0.187178
179.8	0.186924
179.9	0.18667
180	0.186416
180.1	0.186162
180.2	0.185903
180.3	0.185643
180.4	0.185382
180.5	0.185119
180.6	0.184855
180.7	0.184588
180.8	0.184321
180.9	0.184056
181	0.183797
181.1	0.183538
181.2	0.183278
181.3	0.183016
181.4	0.182754
181.5	0.182493
181.6	0.182235
181.7	0.181981
181.8	0.18173
181.9	0.181477
182	0.181218
182.1	0.180956
182.2	0.180693
182.3	0.180431
182.4	0.18017
182.5	0.179907
182.6	0.179646
182.7	0.179381
182.8	0.179114
182.9	0.178844
183	0.178571
183.1	0.178294
183.2	0.178016
183.3	0.177736
183.4	0.17745
183.5	0.177161
183.6	0.176871
183.7	0.176572
183.8	0.176268
183.9	0.175965
184	0.175664
184.1	0.175352
184.2	0.175035
184.3	0.17471
184.4	0.174379
184.5	0.174048
184.6	0.173723
184.7	0.1734
184.8	0.173074
184.9	0.172743
185	0.17241
185.1	0.172073
185.2	0.171729
185.3	0.171385
185.4	0.171043
185.5	0.170704
185.6	0.17037
185.7	0.170041
185.8	0.169712
185.9	0.169384
186	0.169057
186.1	0.168731
186.2	0.168405
186.3	0.168081
186.4	0.167757
186.5	0.167429
186.6	0.167098
186.7	0.166764
186.8	0.166431
186.9	0.166105
187	0.165781
187.1	0.165454
187.2	0.165128
187.3	0.164806
187.4	0.164482
187.5	0.164155
187.6	0.163822
187.7	0.163481
187.8	0.163136
187.9	0.162785
188	0.162436
188.1	0.162086
188.2	0.161744
188.3	0.161411
188.4	0.161079
188.5	0.160749
188.6	0.160422
188.7	0.160099
188.8	0.159776
188.9	0.159453
189	0.159132
189.1	0.15881
189.2	0.158488
189.3	0.158165
189.4	0.157839
189.5	0.15751
189.6	0.157179
189.7	0.15685
189.8	0.156519
189.9	0.156184
190	0.155848
190.1	0.155515
190.2	0.155185
190.3	0.154862
190.4	0.15455
190.5	0.154243
190.6	0.153937
190.7	0.153633
190.8	0.153332
190.9	0.153039
191	0.152754
191.1	0.152474
191.2	0.152199
191.3	0.151928
191.4	0.151661
191.5	0.151396
191.6	0.151132
191.7	0.150868
191.8	0.150611
191.9	0.150361
192	0.150114
192.1	0.149866
192.2	0.149618
192.3	0.149366
192.4	0.149114
192.5	0.148858
192.6	0.148601
192.7	0.148344
192.8	0.148085
192.9	0.14782
193	0.147553
193.1	0.147285
193.2	0.147021
193.3	0.146758
193.4	0.146495
193.5	0.146234
193.6	0.145974
193.7	0.145716
193.8	0.145458
193.9	0.145199
194	0.144939
194.1	0.14468
194.2	0.144414
194.3	0.144144
194.4	0.143874
194.5	0.143599
194.6	0.143323
194.7	0.143049
194.8	0.142775
194.9	0.142504
195	0.142236
195.1	0.14197
195.2	0.141702
195.3	0.141437
195.4	0.141175
195.5	0.140917
195.6	0.140661
195.7	0.140408
195.8	0.140154
195.9	0.139906
196	0.139662
196.1	0.139421
196.2	0.139181
196.3	0.138942
196.4	0.1387
196.5	0.138458
196.6	0.138221
196.7	0.137984
196.8	0.137751
196.9	0.137521
197	0.137282
197.1	0.137029
197.2	0.136773
197.3	0.136517
197.4	0.136266
197.5	0.136013
197.6	0.13576
197.7	0.135506
197.8	0.135251
197.9	0.135002
198	0.134752
198.1	0.134503
198.2	0.13425
198.3	0.134002
198.4	0.133759
198.5	0.133519
198.6	0.133275
198.7	0.13303
198.8	0.132781
198.9	0.132537
199	0.1323
199.1	0.132071
199.2	0.131845
199.3	0.131617
199.4	0.131391
199.5	0.131168
199.6	0.130951
199.7	0.130732
199.8	0.130517
199.9	0.130304
200	0.130096
200.1	0.129889
200.2	0.129682
200.3	0.129476
200.4	0.129271
200.5	0.129067
200.6	0.128862
200.7	0.128658
200.8	0.128456
200.9	0.128253
201	0.128057
201.1	0.127863
201.2	0.127675
201.3	0.127488
201.4	0.127302
201.5	0.127112
201.6	0.126917
201.7	0.126724
201.8	0.126533
201.9	0.126339
202	0.126139
202.1	0.125934
202.2	0.12573
202.3	0.125539
202.4	0.125351
202.5	0.125164
202.6	0.124975
202.7	0.124789
202.8	0.124605
202.9	0.124427
203	0.124251
203.1	0.12408
203.2	0.12391
203.3	0.123736
203.4	0.123561
203.5	0.123381
203.6	0.123193
203.7	0.123001
203.8	0.122806
203.9	0.12261
204	0.122411
204.1	0.122215
204.2	0.122016
204.3	0.121818
204.4	0.121624
204.5	0.121435
204.6	0.12125
204.7	0.121067
204.8	0.120887
204.9	0.120709
205	0.120528
205.1	0.120345
205.2	0.120158
205.3	0.119971
205.4	0.119788
205.5	0.119607
205.6	0.119429
205.7	0.119256
205.8	0.119087
205.9	0.11892
206	0.118754
206.1	0.118588
206.2	0.118423
206.3	0.118254
206.4	0.118083
206.5	0.117917
206.6	0.117755
206.7	0.117591
206.8	0.117424
206.9	0.117253
207	0.11708
207.1	0.116906
207.2	0.116729
207.3	0.116553
207.4	0.116378
207.5	0.116198
207.6	0.116014
207.7	0.11583
207.8	0.115648
207.9	0.115466
208	0.115283
208.1	0.115094
208.2	0.114908
208.3	0.114728
208.4	0.114553
208.5	0.114384
208.6	0.114213
208.7	0.114045
208.8	0.113881
208.9	0.11372
209	0.113559
209.1	0.113401
209.2	0.113244
209.3	0.11309
209.4	0.112941
209.5	0.112791
209.6	0.11264
209.7	0.112486
209.8	0.11233
209.9	0.112169
210	0.112008
210.1	0.111848
210.2	0.111681
210.3	0.111512
210.4	0.111343
210.5	0.111168
210.6	0.110987
210.7	0.110807
210.8	0.110635
210.9	0.110471
211	0.110304
211.1	0.110137
211.2	0.109973
211.3	0.109814
211.4	0.109657
211.5	0.109499
211.6	0.10934
211.7	0.109181
211.8	0.109019
211.9	0.108859
212	0.108696
212.1	0.108536
212.2	0.108374
212.3	0.108216
212.4	0.108052
212.5	0.107884
212.6	0.107713
212.7	0.107539
212.8	0.107363
212.9	0.107185
213	0.107012
213.1	0.106841
213.2	0.10667
213.3	0.106494
213.4	0.106314
213.5	0.10613
213.6	0.105941
213.7	0.105746
213.8	0.105551
213.9	0.105358
214	0.105164
214.1	0.104968
214.2	0.104771
214.3	0.104574
214.4	0.104377
214.5	0.10418
214.6	0.103981
214.7	0.103776
214.8	0.103569
214.9	0.103363
215	0.103156
215.1	0.102954
215.2	0.102762
215.3	0.102577
215.4	0.102398
215.5	0.10222
215.6	0.102042
215.7	0.101867
215.8	0.101689
215.9	0.10151
216	0.10133
216.1	0.101146
216.2	0.100963
216.3	0.100784
216.4	0.100605
216.5	0.10042
216.6	0.100236
216.7	0.10006
216.8	0.0998841
216.9	0.0997122
217	0.0995457
217.1	0.0993815
217.2	0.099212
217.3	0.0990428
217.4	0.0988747
217.5	0.098706
217.6	0.0985357
217.7	0.098363
217.8	0.0981921
217.9	0.0980245
218	0.0978527
218.1	0.0976824
218.2	0.0975132
218.3	0.0973421
218.4	0.0971688
218.5	0.0969936
218.6	0.0968205
218.7	0.0966437
218.8	0.0964691
218.9	0.0962923
219	0.096107
219.1	0.0959148
219.2	0.095723
219.3	0.0955257
219.4	0.0953301
219.5	0.0951407
219.6	0.0949537
219.7	0.0947626
219.8	0.0945738
219.9	0.0943893
220	0.094209
220.1	0.0940302
220.2	0.0938586
220.3	0.0936912
220.4	0.093526
220.5	0.0933605
220.6	0.0931901
220.7	0.0930203
220.8	0.0928516
220.9	0.0926818
221	0.0925081
221.1	0.0923338
221.2	0.0921653
221.3	0.0919997
221.4	0.0918354
221.5	0.0916742
221.6	0.0915202
221.7	0.0913716
221.8	0.0912257
221.9	0.0910823
222	0.0909416
222.1	0.0908009
222.2	0.0906666
222.3	0.0905343
222.4	0.0904062
222.5	0.090277
222.6	0.0901414
222.7	0.0900024
222.8	0.0898602
222.9	0.0897154
223	0.0895702
223.1	0.089424
223.2	0.0892733
223.3	0.0891195
223.4	0.0889579
223.5	0.0887911
223.6	0.0886205
223.7	0.0884494
223.8	0.0882821
223.9	0.0881189
224	0.0879535
224.1	0.0877877
224.2	0.08762
224.3	0.0874532
224.4	0.0872854
224.5	0.0871216
224.6	0.0869514
224.7	0.0867748
224.8	0.0865921
224.9	0.0864012
225	0.0862062
225.1	0.0860158
225.2	0.0858288
225.3	0.0856425
225.4	0.0854568
225.5	0.0852727
225.6	0.0850865
225.7	0.0849039
225.8	0.0847282
225.9	0.0845562
226	0.0843876
226.1	0.0842177
226.2	0.084045
226.3	0.083868
226.4	0.0836941
226.5	0.0835185
226.6	0.0833445
226.7	0.083173
226.8	0.0830006
226.9	0.0828227
227	0.082642
227.1	0.0824608
227.2	0.082279
227.3	0.0821008
227.4	0.0819233
227.5	0.0817433
227.6	0.0815669
227.7	0.0813962
227.8	0.0812273
227.9	0.0810575
228	0.0808848
228.1	0.080707
228.2	0.0805265
228.3	0.080347
228.4	0.0801699
228.5	0.0799926
228.6	0.0798208
228.7	0.0796559
228.8	0.0794993
228.9	0.0793462
229	0.0791951
229.1	0.0790476
229.2	0.0788972
229.3	0.0787424
229.4	0.0785898
229.5	0.0784377
229.6	0.0782896
229.7	0.0781447
229.8	0.0780001
229.9	0.0778615
230	0.077724
230.1	0.0775863
230.2	0.0774463
230.3	0.0773074
230.4	0.077171
230.5	0.0770312
230.6	0.0768858
230.7	0.0767314
230.8	0.0765707
230.9	0.0764107
231	0.0762542
231.1	0.0761007
231.2	0.0759472
231.3	0.075791
231.4	0.0756307
231.5	0.0754712
231.6	0.0753121
231.7	0.0751526
231.8	0.0749877
231.9	0.0748188
232	0.0746517
232.1	0.0744889
232.2	0.0743227
232.3	0.0741591
232.4	0.0740011
232.5	0.0738434
232.6	0.0736843
232.7	0.0735254
232.8	0.0733649
232.9	0.0732076
233	0.0730565
233.1	0.0729087
233.2	0.0727656
233.3	0.0726301
233.4	0.0724998
233.5	0.0723722
233.6	0.0722489
233.7	0.0721278
233.8	0.0720049
233.9	0.0718823
234	0.0717588
234.1	0.0716393
234.2	0.0715232
234.3	0.0714006
234.4	0.0712739
234.5	0.0711457
234.6	0.0710192
234.7	0.0708962
234.8	0.0707776
234.9	0.0706619
235	0.0705417
235.1	0.070418
235.2	0.0702914
235.3	0.0701633
235.4	0.0700362
235.5	0.0699117
235.6	0.0697886
235.7	0.0696637
235.8	0.0695446
235.9	0.0694296
236	0.0693173
236.1	0.069204
236.2	0.06909
236.3	0.0689767
236.4	0.0688653
236.5	0.0687552
236.6	0.0686494
236.7	0.068549
236.8	0.0684545
236.9	0.0683609
237	0.0682706
237.1	0.0681841
237.2	0.0681026
237.3	0.0680208
237.4	0.0679392
237.5	0.0678595
237.6	0.0677756
237.7	0.0676815
237.8	0.0675874
237.9	0.0674922
238	0.0673928
238.1	0.067289
238.2	0.0671825
238.3	0.0670733
238.4	0.0669629
238.5	0.0668515
238.6	0.0667366
238.7	0.0666197
238.8	0.0664994
238.9	0.0663743
239	0.0662437
239.1	0.0661104
239.2	0.065979
239.3	0.0658538
239.4	0.0657261
239.5	0.0655958
239.6	0.0654678
239.7	0.0653443
239.8	0.0652276
239.9	0.0651167
240	0.0650036
240.1	0.0648887
240.2	0.0647738
240.3	0.0646626
240.4	0.0645546
240.5	0.0644453
240.6	0.0643383
240.7	0.0642328
240.8	0.0641213
240.9	0.0640049
241	0.0638854
241.1	0.0637647
241.2	0.0636433
241.3	0.063526
241.4	0.0634135
241.5	0.0633046
241.6	0.0631983
241.7	0.0630926
241.8	0.0629885
241.9	0.0628821
242	0.0627802
242.1	0.0626833
242.2	0.0625919
242.3	0.0624973
242.4	0.0624052
242.5	0.0623123
242.6	0.0622172
242.7	0.0621188
242.8	0.0620183
242.9	0.0619129
243	0.0618049
243.1	0.0616964
243.2	0.0615853
243.3	0.0614728
243.4	0.061365
243.5	0.0612559
243.6	0.0611518
243.7	0.0610518
243.8	0.0609557
243.9	0.0608605
244	0.0607658
244.1	0.060669
244.2	0.0605765
244.3	0.0604888
244.4	0.0604116
244.5	0.0603361
244.6	0.060263
244.7	0.0601943
244.8	0.0601289
244.9	0.0600606
245	0.0599924
245.1	0.0599254
245.2	0.0598673
245.3	0.0598101
245.4	0.0597518
245.5	0.0596974
245.6	0.059649
245.7	0.0596003
245.8	0.0595462
245.9	0.0594887
246	0.0594248
246.1	0.0593552
246.2	0.0592823
246.3	0.0592059
246.4	0.059127
246.5	0.0590404
246.6	0.0589531
246.7	0.0588695
246.8	0.0587907
246.9	0.0587097
247	0.0586302
247.1	0.0585545
247.2	0.0584854
247.3	0.0584158
247.4	0.0583513
247.5	0.0582878
247.6	0.0582181
247.7	0.0581502
247.8	0.0580827
247.9	0.0580104
248	0.0579332
248.1	0.057854
248.2	0.0577782
248.3	0.057705
248.4	0.0576259
248.5	0.057541
248.6	0.0574516
248.7	0.0573572
248.8	0.0572573
248.9	0.0571495
249	0.0570346
249.1	0.0569227
249.2	0.0568112
249.3	0.0566973
249.4	0.056581
249.5	0.0564592
249.6	0.0563311
249.7	0.0562055
249.8	0.0560792
249.9	0.0559573
250	0.0558352
250.1	0.0557106
250.2	0.0555863
250.3	0.0554655
250.4	0.0553464
250.5	0.0552267
250.6	0.0551116
250.7	0.0549965
250.8	0.0548816
250.9	0.0547652
251	0.0546488
251.1	0.0545333
251.2	0.0544178
251.3	0.0542968
251.4	0.0541804
251.5	0.0540738
251.6	0.0539713
251.7	0.053867
251.8	0.0537628
251.9	0.0536607
252	0.0535574
252.1	0.0534574
252.2	0.0533579
252.3	0.0532576
252.4	0.053156
252.5	0.0530517
252.6	0.0529477
252.7	0.0528512
252.8	0.0527605
252.9	0.0526736
253	0.0525904
253.1	0.0525065
253.2	0.0524235
253.3	0.0523448
253.4	0.0522686
253.5	0.0521938
253.6	0.0521198
253.7	0.0520466
253.8	0.0519768
253.9	0.05191
254	0.051847
254.1	0.0517888
254.2	0.0517327
254.3	0.0516807
254.4	0.0516329
254.5	0.0515872
254.6	0.0515402
254.7	0.0514908
254.8	0.0514414
254.9	0.0513867
255	0.0513254
255.1	0.0512635
255.2	0.0512004
255.3	0.0511341
255.4	0.0510659
255.5	0.0509998
255.6	0.0509366
255.7	0.0508763
255.8	0.0508199
255.9	0.0507644
256	0.0507137
256.1	0.0506668
256.2	0.0506224
256.3	0.0505794
256.4	0.050534
256.5	0.050487
256.6	0.0504341
256.7	0.0503757
256.8	0.0503152
256.9	0.0502532
257	0.0501916
257.1	0.0501293
257.2	0.0500676
257.3	0.0500036
257.4	0.0499419
257.5	0.0498793
257.6	0.0498212
257.7	0.0497634
257.8	0.0497031
257.9	0.0496451
258	0.0495896
258.1	0.0495378
258.2	0.0494874
258.3	0.0494419
258.4	0.0493954
258.5	0.0493457
258.6	0.0492924
258.7	0.0492359
258.8	0.0491731
258.9	0.0491065
259	0.0490417
259.1	0.048978
259.2	0.0489156
259.3	0.0488582
259.4	0.0488049
259.5	0.0487537
259.6	0.0487043
259.7	0.0486523
259.8	0.0485993
259.9	0.0485509
260	0.0485071
260.1	0.0484643
260.2	0.0484244
260.3	0.0483906
260.4	0.0483622
260.5	0.0483375
260.6	0.0483143
260.7	0.0482938
260.8	0.0482743
260.9	0.0482527
261	0.0482296
261.1	0.0482073
261.2	0.0481818
261.3	0.0481565
261.4	0.0481331
261.5	0.0481118
261.6	0.0480929
261.7	0.0480772
261.8	0.0480665
261.9	0.0480547
262	0.0480419
262.1	0.0480255
262.2	0.0480069
262.3	0.047988
262.4	0.047971
262.5	0.0479562
262.6	0.0479393
262.7	0.047922
262.8	0.0479029
262.9	0.0478813
263	0.047854
263.1	0.0478229
263.2	0.0477949
263.3	0.0477701
263.4	0.0477438
263.5	0.0477209
263.6	0.0476965
263.7	0.047675
263.8	0.0476562
263.9	0.0476417
264	0.0476293
264.1	0.047614
264.2	0.0475966
264.3	0.0475793
264.4	0.0475645
264.5	0.0475441
264.6	0.0475213
264.7	0.0474943
264.8	0.0474664
264.9	0.0474361
265	0.0474068
265.1	0.0473779
265.2	0.047351
265.3	0.0473246
265.4	0.0473014
265.5	0.0472804
265.6	0.0472593
265.7	0.0472375
265.8	0.0472154
265.9	0.0471901
266	0.0471673
266.1	0.0471451
266.2	0.0471162
266.3	0.0470832
266.4	0.0470513
266.5	0.0470207
266.6	0.0469887
266.7	0.0469587
266.8	0.0469276
266.9	0.0468946
267	0.046858
267.1	0.0468157
267.2	0.0467665
267.3	0.0467095
267.4	0.0466513
267.5	0.0465869
267.6	0.0465165
267.7	0.0464456
267.8	0.0463737
267.9	0.0463021
268	0.0462272
268.1	0.0461499
268.2	0.0460739
268.3	0.0460027
268.4	0.0459346
268.5	0.0458696
268.6	0.0458089
268.7	0.0457492
268.8	0.0456859
268.9	0.0456245
269	0.0455628
269.1	0.0455052
269.2	0.0454505
269.3	0.045397
269.4	0.0453445
269.5	0.0452922
269.6	0.0452378
269.7	0.0451754
269.8	0.045107
269.9	0.045034
270	0.0449568
270.1	0.0448756
270.2	0.0447899
270.3	0.0447051
270.4	0.0446189
270.5	0.0445265
270.6	0.0444327
270.7	0.0443375
270.8	0.0442455
270.9	0.0441528
271	0.0440546
271.1	0.0439509
271.2	0.043846
271.3	0.0437428
271.4	0.0436398
271.5	0.0435431
271.6	0.0434484
271.7	0.0433571
271.8	0.043265
271.9	0.0431735
272	0.043081
272.1	0.0429872
272.2	0.0428907
272.3	0.042793
272.4	0.0426965
272.5	0.0426007
272.6	0.0425005
272.7	0.0424009
272.8	0.0423039
272.9	0.0422035
273	0.0420985
273.1	0.0419927
273.2	0.0418905
273.3	0.0417907
273.4	0.0416876
273.5	0.0415852
273.6	0.0414821
273.7	0.0413829
273.8	0.0412761
273.9	0.0411659
274	0.0410579
274.1	0.0409486
274.2	0.0408348
274.3	0.0407198
274.4	0.0406032
274.5	0.0404866
274.6	0.040369
274.7	0.0402447
274.8	0.0401129
274.9	0.0399827
275	0.0398537
275.1	0.0397266
275.2	0.0396005
275.3	0.0394721
275.4	0.0393365
275.5	0.0391969
275.6	0.0390568
275.7	0.0389157
275.8	0.0387771
275.9	0.0386414
276	0.038506
276.1	0.0383685
276.2	0.0382336
276.3	0.0381003
276.4	0.0379731
276.5	0.0378526
276.6	0.0377409
276.7	0.0376265
276.8	0.0375117
276.9	0.0373943
277	0.037282
277.1	0.0371732
277.2	0.0370641
277.3	0.0369504
277.4	0.0368323
277.5	0.0367114
277.6	0.0365907
277.7	0.0364704
277.8	0.0363502
277.9	0.0362292
278	0.0361076
278.1	0.0359863
278.2	0.0358618
278.3	0.0357408
278.4	0.0356237
278.5	0.0355086
278.6	0.0353975
278.7	0.0352803
278.8	0.0351553
278.9	0.0350311
279	0.034907
279.1	0.0347785
279.2	0.0346465
279.3	0.0345143
279.4	0.0343814
279.5	0.0342491
279.6	0.0341203
279.7	0.0339857
279.8	0.0338539
279.9	0.0337251
280	0.0336001
280.1	0.0334761
280.2	0.0333534
280.3	0.0332335
280.4	0.0331134
280.5	0.0329944
280.6	0.0328726
280.7	0.0327489
280.8	0.0326242
280.9	0.0325024
281	0.0323769
281.1	0.0322498
281.2	0.032118
281.3	0.031981
281.4	0.0318456
281.5	0.0317141
281.6	0.0315854
281.7	0.0314647
281.8	0.0313468
281.9	0.0312251
282	0.0311045
282.1	0.0309857
282.2	0.0308642
282.3	0.030742
282.4	0.0306191
282.5	0.0304924
282.6	0.0303648
282.7	0.0302411
282.8	0.03012
282.9	0.0300047
283	0.0298921
283.1	0.029781
283.2	0.0296687
283.3	0.0295568
283.4	0.0294483
283.5	0.0293402
283.6	0.0292263
283.7	0.0291096
283.8	0.0289867
283.9	0.0288617
284	0.028738
284.1	0.0286094
284.2	0.0284747
284.3	0.0283382
284.4	0.0282008
284.5	0.028063
284.6	0.0279241
284.7	0.0277807
284.8	0.0276368
284.9	0.0274973
285	0.0273604
285.1	0.0272275
285.2	0.0270959
285.3	0.026968
285.4	0.0268409
285.5	0.0267186
285.6	0.0265986
285.7	0.0264789
285.8	0.0263624
285.9	0.0262462
286	0.0261303
286.1	0.026014
286.2	0.0259009
286.3	0.0257885
286.4	0.0256758
286.5	0.0255646
286.6	0.0254543
286.7	0.0253469
286.8	0.025245
286.9	0.0251425
287	0.0250422
287.1	0.0249447
287.2	0.0248475
287.3	0.0247518
287.4	0.0246569
287.5	0.0245615
287.6	0.0244709
287.7	0.0243834
287.8	0.0242997
287.9	0.0242166
288	0.02413
288.1	0.0240425
288.2	0.0239544
288.3	0.0238679
288.4	0.0237768
288.5	0.0236826
288.6	0.0235852
288.7	0.0234863
288.8	0.0233823
288.9	0.0232729
289	0.0231603
289.1	0.023044
289.2	0.0229276
289.3	0.0228157
289.4	0.0227016
289.5	0.0225872
289.6	0.0224785
289.7	0.0223765
289.8	0.0222792
289.9	0.0221919
290	0.0221112
290.1	0.0220332
290.2	0.0219523
290.3	0.0218673
290.4	0.0217827
290.5	0.0217012
290.6	0.0216172
290.7	0.02153
290.8	0.0214421
290.9	0.0213551
291	0.0212657
291.1	0.0211768
291.2	0.0210852
291.3	0.0209897
291.4	0.0208895
291.5	0.0207898
291.6	0.0206906
291.7	0.0205965
291.8	0.0205089
291.9	0.0204237
292	0.0203395
292.1	0.0202577
292.2	0.0201786
292.3	0.0201013
292.4	0.0200271
292.5	0.0199559
292.6	0.0198845
292.7	0.0198145
292.8	0.0197487
292.9	0.0196851
293	0.0196226
293.1	0.0195641
293.2	0.019506
293.3	0.0194498
293.4	0.0193959
293.5	0.0193397
293.6	0.0192824
293.7	0.0192281
293.8	0.0191772
293.9	0.0191251
294	0.0190734
294.1	0.0190242
294.2	0.0189749
294.3	0.0189252
294.4	0.0188753
294.5	0.0188216
294.6	0.0187621
294.7	0.0187031
294.8	0.018646
294.9	0.0185921
295	0.0185411
295.1	0.0184953
295.2	0.018449
295.3	0.0184027
295.4	0.0183577
295.5	0.018317
295.6	0.0182773
295.7	0.0182359
295.8	0.0181884
295.9	0.0181327
296	0.0180725
296.1	0.0180113
296.2	0.0179476
296.3	0.017881
296.4	0.0178108
296.5	0.0177407
296.6	0.0176672
296.7	0.0175926
296.8	0.0175172
296.9	0.0174409
297	0.0173599
297.1	0.0172724
297.2	0.0171856
297.3	0.0170992
297.4	0.0170149
297.5	0.0169356
297.6	0.0168582
297.7	0.0167789
297.8	0.0166967
297.9	0.0166111
298	0.0165265
298.1	0.0164456
298.2	0.0163708
298.3	0.016303
298.4	0.016234
298.5	0.0161628
298.6	0.0160929
298.7	0.0160232
298.8	0.0159503
298.9	0.0158776
299	0.0158047
299.1	0.0157339
299.2	0.0156618
299.3	0.0155916
299.4	0.0155225
299.5	0.0154535
299.6	0.0153837
299.7	0.0153103
299.8	0.0152315
299.9	0.0151442
300	0.0150457
300.1	0.0149464
300.2	0.0148483
300.3	0.0147485
300.4	0.0146504
300.5	0.0145541
300.6	0.0144599
300.7	0.0143606
300.8	0.014259
300.9	0.0141512
301	0.0140482
301.1	0.0139449
301.2	0.0138422
301.3	0.0137391
301.4	0.0136356
301.5	0.0135318
301.6	0.0134322
301.7	0.0133386
301.8	0.0132467
301.9	0.0131564
302	0.0130647
302.1	0.0129719
302.2	0.0128766
302.3	0.0127787
302.4	0.0126794
302.5	0.0125835
302.6	0.0124905
302.7	0.0124035
302.8	0.0123146
302.9	0.0122218
303	0.0121275
303.1	0.0120305
303.2	0.0119333
303.3	0.0118357
303.4	0.0117419
303.5	0.0116494
303.6	0.0115546
303.7	0.0114609
303.8	0.011372
303.9	0.0112827
304	0.0111948
304.1	0.0111082
304.2	0.0110207
304.3	0.0109315
304.4	0.0108364
304.5	0.010737
304.6	0.0106305
304.7	0.0105198
304.8	0.0104091
304.9	0.0103035
305	0.0101996
305.1	0.0100968
305.2	0.00999477
305.3	0.00989104
305.4	0.00978389
305.5	0.00967766
305.6	0.00957166
305.7	0.00946573
305.8	0.00936134
305.9	0.00926137
306	0.00916287
306.1	0.00906423
306.2	0.00896548
306.3	0.00887118
306.4	0.00877828
306.5	0.0086898
306.6	0.0086026
306.7	0.00851397
306.8	0.00842404
306.9	0.00833125
307	0.00823666
307.1	0.00814649
307.2	0.00805841
307.3	0.00796355
307.4	0.00786618
307.5	0.00777028
307.6	0.0076734
307.7	0.00757268
307.8	0.00747344
307.9	0.00737381
308	0.00727213
308.1	0.00716719
308.2	0.00706235
308.3	0.00696334
308.4	0.0068626
308.5	0.00676
308.6	0.0066605
308.7	0.0065636
308.8	0.00647126
308.9	0.0063725
309	0.00627098
309.1	0.00616738
309.2	0.00606128
309.3	0.00595528
309.4	0.0058543
309.5	0.00576015
309.6	0.00567204
309.7	0.00557794
309.8	0.00548146
309.9	0.00539
310	0.00530302
310.1	0.00521588
310.2	0.0051283
310.3	0.00504028
310.4	0.00495323
310.5	0.00486447
310.6	0.00477588
310.7	0.0046915
310.8	0.00460805
310.9	0.00452849
311	0.00444767
311.1	0.00436349
311.2	0.0042767
311.3	0.00418665
311.4	0.00409664
311.5	0.00400361
311.6	0.00390754
311.7	0.00381157
311.8	0.00372013
311.9	0.00363237
312	0.00353651
312.1	0.00343627
312.2	0.00334007
312.3	0.00324279
312.4	0.00314155
312.5	0.00303742
312.6	0.00292928
312.7	0.00282087
312.8	0.00271348
312.9	0.00261242
313	0.0025136
313.1	0.00241511
313.2	0.00231479
313.3	0.00221902
313.4	0.00212074
313.5	0.00202069
313.6	0.00191801
313.7	0.00181228
313.8	0.0017058
313.9	0.00159838
314	0.00149092
314.1	0.00138318
314.2	0.00127341
314.3	0.00116073
314.4	0.00104181
314.5	0.000924768
314.6	0.000807763
314.7	0.000690344
314.8	0.00056834
314.9	0.000442539
315	0.000315389
315.1	0.000187078
315.2	5.75665e-05
315.3	-7.53259e-05
315.4	-0.00020611
315.5	-0.000337416
315.6	-0.000474362
315.7	-0.000613561
315.8	-0.000750014
315.9	-0.00088623
316	-0.00101494
316.1	-0.00114167
316.2	-0.00127047
316.3	-0.00139672
316.4	-0.00152141
316.5	-0.00164294
316.6	-0.00176182
316.7	-0.00188344
316.8	-0.00200427
316.9	-0.00211781
317	-0.00223049
317.1	-0.00234648
317.2	-0.00247025
317.3	-0.00259654
317.4	-0.00272219
317.5	-0.00284987
317.6	-0.00297945
317.7	-0.00311295
317.8	-0.00324988
317.9	-0.00338928
318	-0.00353032
318.1	-0.00367621
318.2	-0.00382783
318.3	-0.00398041
318.4	-0.00413276
318.5	-0.00428429
318.6	-0.00443724
318.7	-0.00458544
318.8	-0.00472576
318.9	-0.00486141
319	-0.00499222
319.1	-0.0051206
319.2	-0.00525121
319.3	-0.00538656
319.4	-0.005523
319.5	-0.00565871
319.6	-0.00579091
319.7	-0.00591824
319.8	-0.00604417
319.9	-0.00617123
320	-0.00629629
320.1	-0.00641747
320.2	-0.00653754
320.3	-0.0066561
320.4	-0.00677461
320.5	-0.00689344
320.6	-0.00700992
320.7	-0.00712775
320.8	-0.00725159
320.9	-0.00737441
321	-0.00748978
321.1	-0.00759955
321.2	-0.00770604
321.3	-0.00781198
321.4	-0.00791989
321.5	-0.0080237
321.6	-0.00812895
321.7	-0.0082354
321.8	-0.00834445
321.9	-0.00845742
322	-0.00857189
322.1	-0.00868691
322.2	-0.00880119
322.3	-0.00890883
322.4	-0.00900961
322.5	-0.00910701
322.6	-0.00920597
322.7	-0.00930571
322.8	-0.00940565
322.9	-0.00950483
323	-0.00960085
323.1	-0.00969226
323.2	-0.009789
323.3	-0.00988806
323.4	-0.00998431
323.5	-0.0100815
323.6	-0.0101794
323.7	-0.0102761
323.8	-0.0103714
323.9	-0.0104634
324	-0.0105507
324.1	-0.010635
324.2	-0.0107128
324.3	-0.0107817
324.4	-0.0108457
324.5	-0.0109078
324.6	-0.010967
324.7	-0.0110285
324.8	-0.0110908
324.9	-0.011153
325	-0.0112122
325.1	-0.0112691
325.2	-0.0113203
325.3	-0.0113709
325.4	-0.0114202
325.5	-0.0114734
325.6	-0.0115282
325.7	-0.0115803
325.8	-0.0116334
325.9	-0.0116884
326	-0.0117467
326.1	-0.0118097
326.2	-0.0118699
326.3	-0.0119272
326.4	-0.0119778
326.5	-0.0120268
326.6	-0.0120752
326.7	-0.0121261
326.8	-0.0121744
326.9	-0.0122233
327	-0.0122711
327.1	-0.0123183
327.2	-0.0123622
327.3	-0.0124018
327.4	-0.012437
327.5	-0.0124693
327.6	-0.0124982
327.7	-0.0125272
327.8	-0.0125624
327.9	-0.0126039
328	-0.0126492
328.1	-0.0126965
328.2	-0.0127426
328.3	-0.0127901
328.4	-0.012839
328.5	-0.012883
328.6	-0.0129252
328.7	-0.0129669
328.8	-0.0130079
328.9	-0.0130501
329	-0.013093
329.1	-0.0131383
329.2	-0.0131872
329.3	-0.0132386
329.4	-0.013288
329.5	-0.0133354
329.6	-0.0133871
329.7	-0.0134346
329.8	-0.0134803
329.9	-0.0135214
330	-0.013562
330.1	-0.0136072
330.2	-0.0136552
330.3	-0.013709
330.4	-0.0137649
330.5	-0.0138232
330.6	-0.0138828
330.7	-0.0139444
330.8	-0.0140084
330.9	-0.0140733
331	-0.0141438
331.1	-0.0142176
331.2	-0.0142918
331.3	-0.014362
331.4	-0.0144302
331.5	-0.0144975
331.6	-0.0145685
331.7	-0.0146424
331.8	-0.0147184
331.9	-0.0147983
332	-0.014886
332.1	-0.0149739
332.2	-0.0150602
332.3	-0.015144
332.4	-0.0152259
332.5	-0.0153069
332.6	-0.0153863
332.7	-0.0154667
332.8	-0.0155472
332.9	-0.0156282
333	-0.0157064
333.1	-0.0157825
333.2	-0.0158552
333.3	-0.0159316
333.4	-0.016008
333.5	-0.0160846
333.6	-0.0161538
333.7	-0.0162174
333.8	-0.0162769
333.9	-0.0163349
334	-0.0163978
334.1	-0.0164614
334.2	-0.0165229
334.3	-0.016586
334.4	-0.0166509
334.5	-0.0167186
334.6	-0.0167847
334.7	-0.0168548
334.8	-0.0169308
334.9	-0.0170072
335	-0.0170863
335.1	-0.0171676
335.2	-0.0172496
335.3	-0.0173334
335.4	-0.0174171
335.5	-0.0174977
335.6	-0.0175724
335.7	-0.0176468
335.8	-0.0177247
335.9	-0.0177972
336	-0.0178671
336.1	-0.0179304
336.2	-0.0179853
336.3	-0.0180396
336.4	-0.0180906
336.5	-0.0181455
336.6	-0.0182001
336.7	-0.0182526
336.8	-0.0182999
336.9	-0.0183473
337	-0.0183965
337.1	-0.0184489
337.2	-0.0185029
337.3	-0.0185557
337.4	-0.0186056
337.5	-0.0186545
337.6	-0.0187059
337.7	-0.0187602
337.8	-0.0188197
337.9	-0.0188848
338	-0.0189479
338.1	-0.0190128
338.2	-0.0190756
338.3	-0.0191332
338.4	-0.0191898
338.5	-0.0192418
338.6	-0.0192939
338.7	-0.0193463
338.8	-0.0194021
338.9	-0.0194585
339	-0.0195143
339.1	-0.0195629
339.2	-0.0196073
339.3	-0.0196485
339.4	-0.0196908
339.5	-0.0197349
339.6	-0.0197786
339.7	-0.0198282
339.8	-0.0198802
339.9	-0.0199353
340	-0.0199885
340.1	-0.0200375
340.2	-0.0200803
340.3	-0.0201246
340.4	-0.0201691
340.5	-0.0202114
340.6	-0.0202498
340.7	-0.0202874
340.8	-0.0203257
340.9	-0.0203671
341	-0.0204104
341.1	-0.020454
341.2	-0.0204976
341.3	-0.0205408
341.4	-0.0205866
341.5	-0.0206312
341.6	-0.020678
341.7	-0.0207248
341.8	-0.020778
341.9	-0.0208344
342	-0.0208929
342.1	-0.0209498
342.2	-0.0210078
342.3	-0.0210616
342.4	-0.0211114
342.5	-0.0211585
342.6	-0.0211996
342.7	-0.021237
342.8	-0.0212754
342.9	-0.0213127
343	-0.0213479
343.1	-0.0213816
343.2	-0.0214154
343.3	-0.0214464
343.4	-0.0214732
343.5	-0.0215028
343.6	-0.02153
343.7	-0.0215571
343.8	-0.0215897
343.9	-0.021628
344	-0.0216663
344.1	-0.0217037
344.2	-0.0217428
344.3	-0.0217861
344.4	-0.0218321
344.5	-0.0218773
344.6	-0.0219195
344.7	-0.021964
344.8	-0.0220094
344.9	-0.0220545
345	-0.0221024
345.1	-0.0221553
345.2	-0.0222115
345.3	-0.0222698
345.4	-0.0223272
345.5	-0.0223845
345.6	-0.0224456
345.7	-0.022506
345.8	-0.0225717
345.9	-0.0226433
346	-0.0227218
346.1	-0.0228022
346.2	-0.0228816
346.3	-0.0229598
346.4	-0.0230391
346.5	-0.0231137
346.6	-0.023188
346.7	-0.0232641
346.8	-0.0233359
346.9	-0.023405
347	-0.0234695
347.1	-0.0235333
347.2	-0.0235955
347.3	-0.0236579
347.4	-0.0237204
347.5	-0.0237851
347.6	-0.023853
347.7	-0.0239189
347.8	-0.0239837
347.9	-0.0240456
348	-0.024103
348.1	-0.024156
348.2	-0.0242088
348.3	-0.0242618
348.4	-0.0243104
348.5	-0.0243532
348.6	-0.0243934
348.7	-0.024434
348.8	-0.024469
348.9	-0.0244964
349	-0.0245222
349.1	-0.024545
349.2	-0.0245657
349.3	-0.0245857
349.4	-0.0246076
349.5	-0.0246286
349.6	-0.024646
349.7	-0.0246596
349.8	-0.0246749
349.9	-0.0246941
350	-0.0247084
350.1	-0.0247192
350.2	-0.0247259
350.3	-0.0247263
350.4	-0.0247214
350.5	-0.0247118
350.6	-0.0247041
350.7	-0.0247051
350.8	-0.0247121
350.9	-0.0247231
351	-0.0247336
351.1	-0.0247436
351.2	-0.0247537
351.3	-0.024761
351.4	-0.0247621
351.5	-0.0247588
351.6	-0.0247504
351.7	-0.0247421
351.8	-0.0247376
351.9	-0.0247367
352	-0.0247405
352.1	-0.024751
352.2	-0.0247679
352.3	-0.0247844
352.4	-0.0247974
352.5	-0.0248089
352.6	-0.0248157
352.7	-0.0248229
352.8	-0.0248303
352.9	-0.0248407
353	-0.0248527
353.1	-0.0248714
353.2	-0.0248916
353.3	-0.0249184
353.4	-0.0249489
353.5	-0.024981
353.6	-0.02502
353.7	-0.0250658
353.8	-0.0251182
353.9	-0.0251737
354	-0.0252285
354.1	-0.0252776
354.2	-0.0253291
354.3	-0.0253845
354.4	-0.0254424
354.5	-0.0254999
354.6	-0.0255567
354.7	-0.0256099
354.8	-0.0256596
354.9	-0.0257064
355	-0.0257551
355.1	-0.0258023
355.2	-0.0258487
355.3	-0.0258955
355.4	-0.025946
355.5	-0.0259968
355.6	-0.0260507
355.7	-0.0261082
355.8	-0.0261674
355.9	-0.0262258
356	-0.026283
356.1	-0.0263391
356.2	-0.0263932
356.3	-0.0264542
356.4	-0.0265207
356.5	-0.0265874
356.6	-0.0266534
356.7	-0.026717
356.8	-0.0267791
356.9	-0.0268399
357	-0.0268976
357.1	-0.0269531
357.2	-0.027007
357.3	-0.0270593
357.4	-0.0271142
357.5	-0.0271755
357.6	-0.0272393
357.7	-0.0272975
357.8	-0.0273562
357.9	-0.027414
358	-0.0274668
358.1	-0.0275188
358.2	-0.0275685
358.3	-0.0276171
358.4	-0.0276658
358.5	-0.0277098
358.6	-0.0277571
358.7	-0.0278057
358.8	-0.0278517
358.9	-0.0278963
359	-0.0279401
359.1	-0.0279804
359.2	-0.0280185
359.3	-0.0280591
359.4	-0.028101
359.5	-0.028145
359.6	-0.0281936
359.7	-0.0282484
359.8	-0.028306
359.9	-0.0283654
360	-0.0284282
360.1	-0.0284973
360.2	-0.0285702
360.3	-0.028651
360.4	-0.0287341
360.5	-0.0288177
360.6	-0.0288983
360.7	-0.0289766
360.8	-0.0290542
360.9	-0.0291277
361	-0.0291966
361.1	-0.0292666
361.2	-0.029339
361.3	-0.0294092
361.4	-0.0294735
361.5	-0.0295293
361.6	-0.0295783
361.7	-0.0296267
361.8	-0.0296735
361.9	-0.0297228
362	-0.0297739
362.1	-0.0298246
362.2	-0.0298736
362.3	-0.0299239
362.4	-0.0299725
362.5	-0.03002
362.6	-0.0300675
362.7	-0.0301105
362.8	-0.0301558
362.9	-0.0302004
363	-0.0302477
363.1	-0.0302963
363.2	-0.0303451
363.3	-0.0303953
363.4	-0.0304436
363.5	-0.0304911
363.6	-0.0305361
363.7	-0.0305806
363.8	-0.0306268
363.9	-0.0306722
364	-0.0307218
364.1	-0.0307703
364.2	-0.0308192
364.3	-0.0308719
364.4	-0.0309295
364.5	-0.0309923
364.6	-0.0310566
364.7	-0.0311214
364.8	-0.0311851
364.9	-0.0312512
365	-0.0313238
365.1	-0.031395
365.2	-0.0314689
365.3	-0.0315416
365.4	-0.0316136
365.5	-0.0316886
365.6	-0.0317674
365.7	-0.0318491
365.8	-0.0319281
365.9	-0.0320015
366	-0.0320687
366.1	-0.0321306
366.2	-0.0321923
366.3	-0.0322541
366.4	-0.0323115
366.5	-0.0323645
366.6	-0.0324133
366.7	-0.0324656
366.8	-0.0325187
366.9	-0.0325713
367	-0.0326249
367.1	-0.0326788
367.2	-0.0327308
367.3	-0.0327814
367.4	-0.0328331
367.5	-0.0328837
367.6	-0.0329386
367.7	-0.0329905
367.8	-0.0330454
367.9	-0.0331015
368	-0.0331588
368.1	-0.0332214
368.2	-0.0332898
368.3	-0.0333583
368.4	-0.0334268
368.5	-0.033494
368.6	-0.0335555
368.7	-0.0336138
368.8	-0.0336706
368.9	-0.0337298
369	-0.0337917
369.1	-0.0338496
369.2	-0.0339043
369.3	-0.033956
369.4	-0.034004
369.5	-0.0340499
369.6	-0.0340936
369.7	-0.0341356
369.8	-0.0341805
369.9	-0.0342256
370	-0.0342695
370.1	-0.0343116
370.2	-0.0343504
370.3	-0.0343844
370.4	-0.0344201
370.5	-0.0344593
370.6	-0.0345003
370.7	-0.0345414
370.8	-0.0345796
370.9	-0.0346179
371	-0.0346541
371.1	-0.0346944
371.2	-0.0347392
371.3	-0.0347823
371.4	-0.0348266
371.5	-0.0348775
371.6	-0.0349332
371.7	-0.0349944
371.8	-0.0350528
371.9	-0.0351105
372	-0.0351673
372.1	-0.0352209
372.2	-0.0352732
372.3	-0.0353216
372.4	-0.0353685
372.5	-0.0354149
372.6	-0.035461
372.7	-0.0355
372.8	-0.0355311
372.9	-0.0355575
373	-0.0355801
373.1	-0.0356001
373.2	-0.0356194
373.3	-0.0356383
373.4	-0.0356515
373.5	-0.0356608
373.6	-0.0356722
373.7	-0.0356886
373.8	-0.035704
373.9	-0.0357183
374	-0.0357324
374.1	-0.0357456
374.2	-0.0357552
374.3	-0.0357644
374.4	-0.0357792
374.5	-0.0358013
374.6	-0.0358243
374.7	-0.0358495
374.8	-0.0358742
374.9	-0.0359034
375	-0.0359332
375.1	-0.0359614
375.2	-0.03599
375.3	-0.0360192
375.4	-0.0360482
375.5	-0.0360702
375.6	-0.0360874
375.7	-0.0361025
375.8	-0.0361132
375.9	-0.03612
376	-0.0361233
376.1	-0.036128
376.2	-0.0361308
376.3	-0.036136
376.4	-0.0361458
376.5	-0.0361578
376.6	-0.0361686
376.7	-0.0361802
376.8	-0.0361865
376.9	-0.0361871
377	-0.0361835
377.1	-0.0361829
377.2	-0.0361855
377.3	-0.0361871
377.4	-0.0361923
377.5	-0.0361926
377.6	-0.0361916
377.7	-0.0361879
377.8	-0.0361841
377.9	-0.0361854
378	-0.0361847
378.1	-0.036185
378.2	-0.0361886
378.3	-0.0361962
378.4	-0.0362047
378.5	-0.0362134
378.6	-0.0362201
378.7	-0.0362255
378.8	-0.0362274
378.9	-0.0362276
379	-0.0362331
379.1	-0.0362407
379.2	-0.0362483
379.3	-0.0362537
379.4	-0.0362598
379.5	-0.0362671
379.6	-0.0362734
379.7	-0.0362783
379.8	-0.0362843
379.9	-0.036294
380	-0.0363038
380.1	-0.0363181
380.2	-0.036339
380.3	-0.0363668
380.4	-0.036405
380.5	-0.0364384
380.6	-0.0364685
380.7	-0.0364947
380.8	-0.0365227
380.9	-0.0365482
381	-0.0365735
381.1	-0.0366024
381.2	-0.0366352
381.3	-0.0366774
381.4	-0.0367251
381.5	-0.0367689
381.6	-0.0368107
381.7	-0.0368497
381.8	-0.036886
381.9	-0.0369223
382	-0.0369606
382.1	-0.0369966
382.2	-0.0370332
382.3	-0.0370696
382.4	-0.0371055
382.5	-0.0371465
382.6	-0.0371915
382.7	-0.0372329
382.8	-0.0372731
382.9	-0.0373139
383	-0.0373564
383.1	-0.0373944
383.2	-0.037426
383.3	-0.0374522
383.4	-0.0374756
383.5	-0.0374894
383.6	-0.0374939
383.7	-0.0374972
383.8	-0.0375015
383.9	-0.0375004
384	-0.0374968
384.1	-0.0374905
384.2	-0.0374797
384.3	-0.0374649
384.4	-0.0374467
384.5	-0.0374252
384.6	-0.0374082
384.7	-0.0373888
384.8	-0.0373657
384.9	-0.0373429
385	-0.0373226
385.1	-0.0373012
385.2	-0.03728
385.3	-0.0372611
385.4	-0.0372479
385.5	-0.0372394
385.6	-0.0372404
385.7	-0.0372477
385.8	-0.0372601
385.9	-0.0372758
386	-0.0372958
386.1	-0.0373211
386.2	-0.0373481
386.3	-0.0373721
386.4	-0.0373968
386.5	-0.0374211
386.6	-0.0374429
386.7	-0.0374636
386.8	-0.0374824
386.9	-0.0375025
387	-0.0375283
387.1	-0.0375516
387.2	-0.0375765
387.3	-0.0376064
387.4	-0.0376358
387.5	-0.0376649
387.6	-0.037692
387.7	-0.0377235
387.8	-0.037762
387.9	-0.0378014
388	-0.0378412
388.1	-0.0378792
388.2	-0.0379152
388.3	-0.0379496
388.4	-0.0379836
388.5	-0.0380167
388.6	-0.0380554
388.7	-0.0380949
388.8	-0.0381364
388.9	-0.0381773
389	-0.0382142
389.1	-0.0382466
389.2	-0.0382772
389.3	-0.0383061
389.4	-0.0383369
389.5	-0.0383681
389.6	-0.0383924
389.7	-0.0384091
389.8	-0.038423
389.9	-0.0384318
390	-0.0384381
390.1	-0.0384404
390.2	-0.0384353
390.3	-0.0384224
390.4	-0.0384083
390.5	-0.0383906
390.6	-0.0383709
390.7	-0.0383482
390.8	-0.0383226
390.9	-0.0382969
391	-0.0382768
391.1	-0.038254
391.2	-0.0382279
391.3	-0.0381981
391.4	-0.0381635
391.5	-0.0381248
391.6	-0.0380842
391.7	-0.0380392
391.8	-0.0379927
391.9	-0.0379494
392	-0.037904
392.1	-0.0378536
392.2	-0.0378014
392.3	-0.037747
392.4	-0.0376954
392.5	-0.0376437
392.6	-0.0375908
392.7	-0.0375384
392.8	-0.0374846
392.9	-0.0374302
393	-0.0373779
393.1	-0.0373252
393.2	-0.0372718
393.3	-0.0372167
393.4	-0.0371578
393.5	-0.0370992
393.6	-0.0370434
393.7	-0.0369882
393.8	-0.0369371
393.9	-0.036888
394	-0.0368376
394.1	-0.0367877
394.2	-0.0367319
394.3	-0.0366756
394.4	-0.0366221
394.5	-0.0365667
394.6	-0.0365053
394.7	-0.0364433
394.8	-0.0363775
394.9	-0.0363075
395	-0.0362346
395.1	-0.0361631
395.2	-0.036092
395.3	-0.0360204
395.4	-0.0359517
395.5	-0.0358832
395.6	-0.0358144
395.7	-0.0357465
395.8	-0.0356823
395.9	-0.0356189
396	-0.0355578
396.1	-0.0354951
396.2	-0.035434
396.3	-0.035371
396.4	-0.0353041
396.5	-0.0352351
396.6	-0.0351651
396.7	-0.0350963
396.8	-0.0350311
396.9	-0.0349676
397	-0.034904
397.1	-0.0348451
397.2	-0.034791
397.3	-0.0347364
397.4	-0.0346848
397.5	-0.0346353
397.6	-0.0345891
397.7	-0.0345473
397.8	-0.0345053
397.9	-0.0344612
398	-0.0344173
398.1	-0.0343737
398.2	-0.0343291
398.3	-0.0342819
398.4	-0.0342339
398.5	-0.0341845
398.6	-0.0341324
398.7	-0.0340858
398.8	-0.0340409
398.9	-0.033997
399	-0.0339526
399.1	-0.0339106
399.2	-0.0338698
399.3	-0.0338301
399.4	-0.0337862
399.5	-0.0337423
399.6	-0.0337009
399.7	-0.0336616
399.8	-0.033614
399.9	-0.0335654
400	-0.0335208
400.1	-0.0334761
400.2	-0.0334325
400.3	-0.0333883
400.4	-0.0333475
400.5	-0.0333087
400.6	-0.033273
400.7	-0.0332334
400.8	-0.033189
400.9	-0.0331405
401	-0.0330935
401.1	-0.0330478
401.2	-0.033003
401.3	-0.0329603
401.4	-0.0329199
401.5	-0.032878
401.6	-0.032835
401.7	-0.0327897
401.8	-0.0327462
401.9	-0.0327044
402	-0.0326606
402.1	-0.0326114
402.2	-0.0325559
402.3	-0.0324987
402.4	-0.032441
402.5	-0.0323807
402.6	-0.032312
402.7	-0.0322396
402.8	-0.0321661
402.9	-0.0320914
403	-0.032014
403.1	-0.0319331
403.2	-0.0318511
403.3	-0.031769
403.4	-0.0316867
403.5	-0.0316042
403.6	-0.0315269
403.7	-0.0314537
403.8	-0.0313822
403.9	-0.0313076
404	-0.0312292
404.1	-0.0311491
404.2	-0.0310674
404.3	-0.0309888
404.4	-0.030911
404.5	-0.0308391
404.6	-0.0307712
404.7	-0.0307081
404.8	-0.0306442
404.9	-0.0305835
405	-0.0305249
405.1	-0.0304657
405.2	-0.0304133
405.3	-0.0303669
405.4	-0.0303202
405.5	-0.0302764
405.6	-0.0302373
405.7	-0.0301951
405.8	-0.0301525
405.9	-0.0301121
406	-0.0300714
406.1	-0.0300305
406.2	-0.0299869
406.3	-0.0299396
406.4	-0.0298908
406.5	-0.0298407
406.6	-0.029792
406.7	-0.0297492
406.8	-0.0297091
406.9	-0.0296665
407	-0.0296223
407.1	-0.0295728
407.2	-0.0295197
407.3	-0.0294646
407.4	-0.0294088
407.5	-0.0293494
407.6	-0.0292884
407.7	-0.0292244
407.8	-0.0291608
407.9	-0.0290954
408	-0.0290293
408.1	-0.0289627
408.2	-0.0289021
408.3	-0.0288462
408.4	-0.0287908
408.5	-0.0287346
408.6	-0.0286751
408.7	-0.0286116
408.8	-0.0285435
408.9	-0.028479
409	-0.0284142
409.1	-0.0283488
409.2	-0.028286
409.3	-0.0282272
409.4	-0.0281705
409.5	-0.0281136
409.6	-0.0280563
409.7	-0.0279988
409.8	-0.0279373
409.9	-0.0278742
410	-0.0278127
410.1	-0.0277551
410.2	-0.0276975
410.3	-0.0276362
410.4	-0.0275756
410.5	-0.0275149
410.6	-0.0274545
410.7	-0.0273963
410.8	-0.0273359
410.9	-0.0272717
411	-0.0272102
411.1	-0.0271512
411.2	-0.0270934
411.3	-0.0270414
411.4	-0.0269945
411.5	-0.0269544
411.6	-0.0269152
411.7	-0.0268786
411.8	-0.0268416
411.9	-0.0268045
412	-0.0267658
412.1	-0.0267263
412.2	-0.0266859
412.3	-0.0266468
412.4	-0.0266087
412.5	-0.0265737
412.6	-0.0265486
412.7	-0.0265308
412.8	-0.0265139
412.9	-0.0264942
413	-0.0264703
413.1	-0.0264428
413.2	-0.026411
413.3	-0.0263796
413.4	-0.0263493
413.5	-0.0263246
413.6	-0.0263014
413.7	-0.0262798
413.8	-0.0262606
413.9	-0.0262409
414	-0.0262171
414.1	-0.0261949
414.2	-0.0261778
414.3	-0.0261667
414.4	-0.0261573
414.5	-0.026147
414.6	-0.0261346
414.7	-0.0261194
414.8	-0.0260985
414.9	-0.0260782
415	-0.026058
415.1	-0.0260389
415.2	-0.0260245
415.3	-0.0260136
415.4	-0.026005
415.5	-0.0259929
415.6	-0.025981
415.7	-0.0259672
415.8	-0.0259508
415.9	-0.0259326
416	-0.0259152
416.1	-0.0259025
416.2	-0.0258922
416.3	-0.025881
416.4	-0.0258719
416.5	-0.0258648
416.6	-0.0258588
416.7	-0.0258509
416.8	-0.0258476
416.9	-0.0258457
417	-0.0258465
417.1	-0.0258556
417.2	-0.0258673
417.3	-0.0258811
417.4	-0.0258924
417.5	-0.0259045
417.6	-0.0259193
417.7	-0.0259386
417.8	-0.0259587
417.9	-0.0259776
418	-0.025995
418.1	-0.0260094
418.2	-0.0260254
418.3	-0.0260482
418.4	-0.0260732
418.5	-0.0261029
418.6	-0.0261357
418.7	-0.0261679
418.8	-0.0261961
418.9	-0.026227
419	-0.0262607
419.1	-0.0262976
419.2	-0.0263361
419.3	-0.0263807
419.4	-0.0264273
419.5	-0.0264741
419.6	-0.0265172
419.7	-0.0265568
419.8	-0.0265913
419.9	-0.0266259
420	-0.0266612
420.1	-0.0266895
420.2	-0.0267135
420.3	-0.0267395
420.4	-0.0267662
420.5	-0.0267891
420.6	-0.0268177
420.7	-0.0268477
420.8	-0.0268773
420.9	-0.0269037
421	-0.0269308
421.1	-0.0269589
421.2	-0.0269902
421.3	-0.027018
421.4	-0.0270459
421.5	-0.0270707
421.6	-0.0270919
421.7	-0.0271077
421.8	-0.0271184
421.9	-0.0271257
422	-0.0271341
422.1	-0.0271393
422.2	-0.027135
422.3	-0.0271248
422.4	-0.0271116
422.5	-0.0270975
422.6	-0.0270827
422.7	-0.0270712
422.8	-0.0270591
422.9	-0.0270489
423	-0.0270374
423.1	-0.0270248
423.2	-0.0270086
423.3	-0.0269933
423.4	-0.0269782
423.5	-0.0269629
423.6	-0.0269481
423.7	-0.0269289
423.8	-0.0269077
423.9	-0.0268835
424	-0.0268573
424.1	-0.0268286
424.2	-0.0267999
424.3	-0.0267727
424.4	-0.0267485
424.5	-0.0267261
424.6	-0.0267055
424.7	-0.0266833
424.8	-0.0266633
424.9	-0.0266483
425	-0.0266403
425.1	-0.0266349
425.2	-0.0266252
425.3	-0.0266057
425.4	-0.0265799
425.5	-0.0265539
425.6	-0.0265258
425.7	-0.0265003
425.8	-0.0264747
425.9	-0.0264518
426	-0.0264337
426.1	-0.026414
426.2	-0.0263922
426.3	-0.0263703
426.4	-0.0263481
426.5	-0.0263255
426.6	-0.0263024
426.7	-0.0262774
426.8	-0.0262512
426.9	-0.0262248
427	-0.0261985
427.1	-0.026172
427.2	-0.0261498
427.3	-0.0261286
427.4	-0.0261106
427.5	-0.0260915
427.6	-0.0260735
427.7	-0.0260535
427.8	-0.0260331
427.9	-0.0260143
428	-0.0259946
428.1	-0.0259738
428.2	-0.0259518
428.3	-0.0259374
428.4	-0.0259246
428.5	-0.0259111
428.6	-0.0259016
428.7	-0.0258958
428.8	-0.0258864
428.9	-0.025875
429	-0.0258633
429.1	-0.0258516
429.2	-0.0258392
429.3	-0.0258297
429.4	-0.0258198
429.5	-0.0258125
429.6	-0.0258078
429.7	-0.0257982
429.8	-0.0257881
429.9	-0.0257835
430	-0.0257836
430.1	-0.0257899
430.2	-0.0258002
430.3	-0.0258166
430.4	-0.0258313
430.5	-0.0258455
430.6	-0.0258677
430.7	-0.0258969
430.8	-0.0259243
430.9	-0.0259506
431	-0.0259755
431.1	-0.0259957
431.2	-0.0260164
431.3	-0.0260362
431.4	-0.0260528
431.5	-0.0260658
431.6	-0.0260786
431.7	-0.0260914
431.8	-0.0261027
431.9	-0.0261125
432	-0.0261169
432.1	-0.0261194
432.2	-0.0261258
432.3	-0.0261304
432.4	-0.0261316
432.5	-0.0261344
432.6	-0.0261299
432.7	-0.0261246
432.8	-0.0261181
432.9	-0.0261124
433	-0.0261101
433.1	-0.0261141
433.2	-0.0261189
433.3	-0.0261224
433.4	-0.026128
433.5	-0.026134
433.6	-0.0261393
433.7	-0.0261445
433.8	-0.0261499
433.9	-0.0261571
434	-0.0261689
434.1	-0.0261789
434.2	-0.026184
434.3	-0.0261881
434.4	-0.0261951
434.5	-0.0262015
434.6	-0.0262072
434.7	-0.0262067
434.8	-0.0262042
434.9	-0.0262055
435	-0.026211
435.1	-0.0262169
435.2	-0.0262189
435.3	-0.0262156
435.4	-0.0262088
435.5	-0.0261952
435.6	-0.0261785
435.7	-0.0261541
435.8	-0.026123
435.9	-0.0260911
436	-0.0260603
436.1	-0.0260326
436.2	-0.0260041
436.3	-0.0259746
436.4	-0.025946
436.5	-0.0259165
436.6	-0.0258845
436.7	-0.0258474
436.8	-0.0258112
436.9	-0.0257741
437	-0.0257317
437.1	-0.0256832
437.2	-0.0256281
437.3	-0.025575
437.4	-0.0255229
437.5	-0.0254765
437.6	-0.025436
437.7	-0.0253977
437.8	-0.0253581
437.9	-0.0253194
438	-0.0252796
438.1	-0.0252457
438.2	-0.0252122
438.3	-0.0251793
438.4	-0.0251474
438.5	-0.0251168
438.6	-0.0250871
438.7	-0.0250592
438.8	-0.0250345
438.9	-0.0250179
439	-0.0250097
439.1	-0.0250101
439.2	-0.0250144
439.3	-0.0250128
439.4	-0.0250097
439.5	-0.0250073
439.6	-0.0250071
439.7	-0.025003
439.8	-0.024996
439.9	-0.0249821
440	-0.0249662
440.1	-0.024952
440.2	-0.0249322
440.3	-0.0249062
440.4	-0.0248809
440.5	-0.0248528
440.6	-0.0248262
440.7	-0.0247985
440.8	-0.0247709
440.9	-0.0247451
441	-0.0247185
441.1	-0.0246919
441.2	-0.0246684
441.3	-0.0246483
441.4	-0.0246282
441.5	-0.0246082
441.6	-0.0245789
441.7	-0.0245446
441.8	-0.0245039
441.9	-0.0244607
442	-0.0244165
442.1	-0.0243744
442.2	-0.0243314
442.3	-0.0242869
442.4	-0.0242405
442.5	-0.0242001
442.6	-0.024162
442.7	-0.0241273
442.8	-0.0240981
442.9	-0.0240704
443	-0.0240479
443.1	-0.024027
443.2	-0.0240091
443.3	-0.0239882
443.4	-0.0239675
443.5	-0.023947
443.6	-0.0239235
443.7	-0.023902
443.8	-0.0238794
443.9	-0.0238586
444	-0.0238366
444.1	-0.0238095
444.2	-0.0237799
444.3	-0.0237551
444.4	-0.0237277
444.5	-0.0237001
444.6	-0.0236749
444.7	-0.0236512
444.8	-0.0236325
444.9	-0.0236134
445	-0.0235941
445.1	-0.0235761
445.2	-0.023558
445.3	-0.0235404
445.4	-0.0235235
445.5	-0.0235084
445.6	-0.0234974
445.7	-0.0234911
445.8	-0.0234876
445.9	-0.0234831
446	-0.0234796
446.1	-0.0234761
446.2	-0.0234736
446.3	-0.0234733
446.4	-0.0234771
446.5	-0.0234849
446.6	-0.0234923
446.7	-0.0234996
446.8	-0.0235103
446.9	-0.0235248
447	-0.0235447
447.1	-0.0235711
447.2	-0.0235971
447.3	-0.023621
447.4	-0.0236424
447.5	-0.0236584
447.6	-0.0236747
447.7	-0.0236946
447.8	-0.0237144
447.9	-0.0237304
448	-0.0237426
448.1	-0.0237546
448.2	-0.0237654
448.3	-0.0237717
448.4	-0.0237772
448.5	-0.0237825
448.6	-0.0237898
448.7	-0.0237998
448.8	-0.0238097
448.9	-0.0238243
449	-0.0238451
449.1	-0.0238717
449.2	-0.0239036
449.3	-0.0239348
449.4	-0.0239656
449.5	-0.0239944
449.6	-0.0240198
449.7	-0.0240436
449.8	-0.0240635
449.9	-0.024086
450	-0.0241092
450.1	-0.0241378
450.2	-0.0241686
450.3	-0.0242009
450.4	-0.024233
450.5	-0.0242618
450.6	-0.0242855
450.7	-0.0243036
450.8	-0.0243182
450.9	-0.0243324
451	-0.024343
451.1	-0.0243559
451.2	-0.0243701
451.3	-0.0243846
451.4	-0.0244015
451.5	-0.0244197
451.6	-0.0244383
451.7	-0.0244543
451.8	-0.0244754
451.9	-0.0245001
452	-0.0245332
452.1	-0.0245688
452.2	-0.0246052
452.3	-0.0246398
452.4	-0.024672
452.5	-0.0246997
452.6	-0.0247205
452.7	-0.024737
452.8	-0.024747
452.9	-0.0247583
453	-0.0247693
453.1	-0.024774
453.2	-0.0247721
453.3	-0.0247673
453.4	-0.0247638
453.5	-0.0247635
453.6	-0.0247654
453.7	-0.0247739
453.8	-0.0247843
453.9	-0.024797
454	-0.024808
454.1	-0.0248136
454.2	-0.02482
454.3	-0.0248268
454.4	-0.0248311
454.5	-0.0248375
454.6	-0.024845
454.7	-0.0248512
454.8	-0.0248579
454.9	-0.0248636
455	-0.0248659
455.1	-0.0248664
455.2	-0.0248673
455.3	-0.0248679
455.4	-0.0248709
455.5	-0.0248802
455.6	-0.0248904
455.7	-0.0248983
455.8	-0.0249028
455.9	-0.0249067
456	-0.0249109
456.1	-0.0249168
456.2	-0.02492
456.3	-0.0249218
456.4	-0.0249272
456.5	-0.0249341
456.6	-0.0249368
456.7	-0.0249364
456.8	-0.0249366
456.9	-0.0249339
457	-0.0249244
457.1	-0.0249073
457.2	-0.0248856
457.3	-0.0248615
457.4	-0.0248327
457.5	-0.0248066
457.6	-0.0247836
457.7	-0.0247606
457.8	-0.0247315
457.9	-0.0246974
458	-0.024668
458.1	-0.0246428
458.2	-0.024621
458.3	-0.0245972
458.4	-0.024571
458.5	-0.0245403
458.6	-0.0245085
458.7	-0.0244758
458.8	-0.0244441
458.9	-0.024409
459	-0.0243776
459.1	-0.0243411
459.2	-0.0242977
459.3	-0.0242517
459.4	-0.0242014
459.5	-0.0241476
459.6	-0.0240937
459.7	-0.024043
459.8	-0.0239891
459.9	-0.0239315
460	-0.023879
460.1	-0.0238252
460.2	-0.023771
460.3	-0.0237148
460.4	-0.0236578
460.5	-0.0236015
460.6	-0.0235485
460.7	-0.0234949
460.8	-0.0234394
460.9	-0.0233848
461	-0.023332
461.1	-0.0232804
461.2	-0.0232282
461.3	-0.023174
461.4	-0.0231169
461.5	-0.0230544
461.6	-0.0229908
461.7	-0.0229261
461.8	-0.022866
461.9	-0.0228131
462	-0.0227661
462.1	-0.0227223
462.2	-0.0226806
462.3	-0.0226435
462.4	-0.0226056
462.5	-0.0225648
462.6	-0.022524
462.7	-0.0224826
462.8	-0.0224411
462.9	-0.0224018
463	-0.0223613
463.1	-0.022323
463.2	-0.0222842
463.3	-0.0222472
463.4	-0.0222108
463.5	-0.0221751
463.6	-0.0221383
463.7	-0.0221021
463.8	-0.0220703
463.9	-0.0220418
464	-0.0220204
464.1	-0.0220055
464.2	-0.0219927
464.3	-0.0219869
464.4	-0.0219851
464.5	-0.0219865
464.6	-0.021991
464.7	-0.0219977
464.8	-0.0220098
464.9	-0.0220234
465	-0.0220359
465.1	-0.0220422
465.2	-0.0220424
465.3	-0.0220418
465.4	-0.0220409
465.5	-0.0220417
465.6	-0.0220434
465.7	-0.0220446
465.8	-0.0220473
465.9	-0.0220505
466	-0.0220478
466.1	-0.0220429
466.2	-0.0220402
466.3	-0.0220362
466.4	-0.0220287
466.5	-0.0220238
466.6	-0.0220194
466.7	-0.0220199
466.8	-0.0220222
466.9	-0.0220235
467	-0.0220249
467.1	-0.0220241
467.2	-0.0220233
467.3	-0.0220288
467.4	-0.0220401
467.5	-0.0220564
467.6	-0.0220755
467.7	-0.0220942
467.8	-0.0221106
467.9	-0.02213
468	-0.0221465
468.1	-0.0221656
468.2	-0.0221897
468.3	-0.0222168
468.4	-0.0222386
468.5	-0.0222577
468.6	-0.0222718
468.7	-0.0222871
468.8	-0.0223026
468.9	-0.0223204
469	-0.0223334
469.1	-0.0223395
469.2	-0.0223457
469.3	-0.0223527
469.4	-0.0223613
469.5	-0.0223664
469.6	-0.0223667
469.7	-0.0223651
469.8	-0.0223604
469.9	-0.0223561
470	-0.0223557
470.1	-0.0223561
470.2	-0.0223619
470.3	-0.0223744
470.4	-0.0223921
470.5	-0.0224117
470.6	-0.0224285
470.7	-0.0224391
470.8	-0.0224423
470.9	-0.0224394
471	-0.0224297
471.1	-0.0224245
471.2	-0.0224231
471.3	-0.0224286
471.4	-0.0224345
471.5	-0.0224408
471.6	-0.0224409
471.7	-0.0224385
471.8	-0.0224368
471.9	-0.0224369
472	-0.0224331
472.1	-0.0224313
472.2	-0.0224325
472.3	-0.0224349
472.4	-0.0224418
472.5	-0.0224552
472.6	-0.0224709
472.7	-0.022487
472.8	-0.0225059
472.9	-0.0225222
473	-0.0225382
473.1	-0.02255
473.2	-0.0225574
473.3	-0.0225627
473.4	-0.0225622
473.5	-0.0225603
473.6	-0.022558
473.7	-0.0225603
473.8	-0.0225682
473.9	-0.0225767
474	-0.0225813
474.1	-0.0225854
474.2	-0.0225904
474.3	-0.0225992
474.4	-0.0226101
474.5	-0.0226186
474.6	-0.0226237
474.7	-0.0226264
474.8	-0.0226284
474.9	-0.0226331
475	-0.0226369
475.1	-0.0226403
475.2	-0.0226481
475.3	-0.0226558
475.4	-0.022661
475.5	-0.0226621
475.6	-0.0226585
475.7	-0.0226543
475.8	-0.0226525
475.9	-0.0226541
476	-0.022659
476.1	-0.022666
476.2	-0.0226773
476.3	-0.022691
476.4	-0.0227088
476.5	-0.0227282
476.6	-0.0227507
476.7	-0.0227749
476.8	-0.0228028
476.9	-0.0228327
477	-0.0228636
477.1	-0.0229022
477.2	-0.0229487
477.3	-0.0230013
477.4	-0.0230577
477.5	-0.0231184
477.6	-0.0231818
477.7	-0.0232396
477.8	-0.0232972
477.9	-0.0233587
478	-0.0234237
478.1	-0.0234925
478.2	-0.0235639
478.3	-0.023632
478.4	-0.0236961
478.5	-0.0237591
478.6	-0.0238181
478.7	-0.0238715
478.8	-0.0239239
478.9	-0.0239699
479	-0.024012
479.1	-0.0240553
479.2	-0.0241036
479.3	-0.0241551
479.4	-0.0242085
479.5	-0.0242647
479.6	-0.0243217
479.7	-0.0243779
479.8	-0.0244338
479.9	-0.0244905
480	-0.0245456
480.1	-0.0246051
480.2	-0.0246681
480.3	-0.0247293
480.4	-0.0247793
480.5	-0.0248175
480.6	-0.0248504
480.7	-0.0248775
480.8	-0.0249024
480.9	-0.0249287
481	-0.0249582
481.1	-0.0249913
481.2	-0.0250254
481.3	-0.0250557
481.4	-0.0250794
481.5	-0.0251013
481.6	-0.0251225
481.7	-0.0251437
481.8	-0.0251657
481.9	-0.0251878
482	-0.0252088
482.1	-0.0252289
482.2	-0.0252423
482.3	-0.0252541
482.4	-0.0252612
482.5	-0.0252664
482.6	-0.0252628
482.7	-0.0252503
482.8	-0.0252348
482.9	-0.0252237
483	-0.0252153
483.1	-0.0252033
483.2	-0.0251825
483.3	-0.0251549
483.4	-0.025125
483.5	-0.0250972
483.6	-0.025077
483.7	-0.0250625
483.8	-0.0250491
483.9	-0.025033
484	-0.0250148
484.1	-0.024993
484.2	-0.0249651
484.3	-0.0249402
484.4	-0.0249246
484.5	-0.0249143
484.6	-0.0249076
484.7	-0.0249085
484.8	-0.0249098
484.9	-0.0249162
485	-0.0249256
485.1	-0.0249304
485.2	-0.0249304
485.3	-0.0249275
485.4	-0.0249258
485.5	-0.0249257
485.6	-0.0249296
485.7	-0.0249329
485.8	-0.0249347
485.9	-0.0249402
486	-0.0249473
486.1	-0.0249569
486.2	-0.0249698
486.3	-0.0249802
486.4	-0.0249903
486.5	-0.0249963
486.6	-0.0250007
486.7	-0.0250065
486.8	-0.02501
486.9	-0.0250175
487	-0.0250311
487.1	-0.0250487
487.2	-0.0250656
487.3	-0.025086
487.4	-0.0251053
487.5	-0.0251253
487.6	-0.0251443
487.7	-0.0251635
487.8	-0.0251865
487.9	-0.0252052
488	-0.0252162
488.1	-0.0252224
488.2	-0.0252254
488.3	-0.0252229
488.4	-0.0252141
488.5	-0.0251982
488.6	-0.0251791
488.7	-0.0251538
488.8	-0.0251295
488.9	-0.0251088
489	-0.025092
489.1	-0.0250749
489.2	-0.0250546
489.3	-0.0250387
489.4	-0.0250259
489.5	-0.0250129
489.6	-0.0249977
489.7	-0.0249807
489.8	-0.02496
489.9	-0.0249398
490	-0.0249208
490.1	-0.0248992
490.2	-0.0248737
490.3	-0.024844
490.4	-0.0248089
490.5	-0.0247721
490.6	-0.024742
490.7	-0.0247117
490.8	-0.0246768
490.9	-0.0246421
491	-0.0246067
491.1	-0.0245686
491.2	-0.0245327
491.3	-0.024498
491.4	-0.0244669
491.5	-0.0244374
491.6	-0.0244048
491.7	-0.0243692
491.8	-0.0243303
491.9	-0.0242887
492	-0.0242475
492.1	-0.0242085
492.2	-0.024176
492.3	-0.0241537
492.4	-0.0241389
492.5	-0.0241262
492.6	-0.0241116
492.7	-0.0240934
492.8	-0.0240724
492.9	-0.0240505
493	-0.0240258
493.1	-0.0240005
493.2	-0.0239716
493.3	-0.0239431
493.4	-0.0239128
493.5	-0.023881
493.6	-0.023846
493.7	-0.0238149
493.8	-0.0237799
493.9	-0.0237404
494	-0.023701
494.1	-0.0236579
494.2	-0.0236109
494.3	-0.0235607
494.4	-0.0235076
494.5	-0.0234538
494.6	-0.0233964
494.7	-0.0233388
494.8	-0.0232829
494.9	-0.0232321
495	-0.0231874
495.1	-0.0231486
495.2	-0.0231135
495.3	-0.023078
495.4	-0.0230441
495.5	-0.0230102
495.6	-0.0229778
495.7	-0.0229546
495.8	-0.0229358
495.9	-0.0229198
496	-0.0229051
496.1	-0.0228886
496.2	-0.0228669
496.3	-0.0228425
496.4	-0.0228201
496.5	-0.0228038
496.6	-0.0227911
496.7	-0.0227812
496.8	-0.0227766
496.9	-0.0227757
497	-0.0227704
497.1	-0.0227597
497.2	-0.0227506
497.3	-0.0227356
497.4	-0.0227126
497.5	-0.0226882
497.6	-0.0226673
497.7	-0.0226485
497.8	-0.0226261
497.9	-0.0226067
498	-0.0225903
498.1	-0.0225814
498.2	-0.0225788
498.3	-0.0225779
498.4	-0.0225767
498.5	-0.0225776
498.6	-0.0225836
498.7	-0.0225901
498.8	-0.0225941
498.9	-0.0225894
499	-0.0225782
499.1	-0.0225723
499.2	-0.0225705
499.3	-0.0225714
499.4	-0.0225718
499.5	-0.0225709
499.6	-0.022572
499.7	-0.0225813
499.8	-0.0225955
499.9	-0.0226159
500	-0.022637
