LagTime	Correlation

0	0.666762
0.1	0.66174
0.2	0.65425
0.3	0.646216
0.4	0.63812
0.5	0.630088
0.6	0.622148
0.7	0.614306
0.8	0.606562
0.9	0.59892
1	0.591376
1.1	0.583929
1.2	0.57658
1.3	0.569326
1.4	0.562155
1.5	0.555072
1.6	0.548078
1.7	0.541169
1.8	0.534345
1.9	0.527605
2	0.520949
2.1	0.514383
2.2	0.507896
2.3	0.501488
2.4	0.495161
2.5	0.488916
2.6	0.482757
2.7	0.476682
2.8	0.47069
2.9	0.464776
3	0.458935
3.1	0.453169
3.2	0.447476
3.3	0.441849
3.4	0.436291
3.5	0.430804
3.6	0.425384
3.7	0.420031
3.8	0.41474
3.9	0.409511
4	0.404346
4.1	0.399249
4.2	0.394219
4.3	0.389251
4.4	0.384346
4.5	0.379496
4.6	0.374707
4.7	0.369981
4.8	0.365311
4.9	0.360702
5	0.356152
5.1	0.351666
5.2	0.347241
5.3	0.342875
5.4	0.338564
5.5	0.334309
5.6	0.330113
5.7	0.325967
5.8	0.32187
5.9	0.317826
6	0.313837
6.1	0.309896
6.2	0.306002
6.3	0.30216
6.4	0.298372
6.5	0.294632
6.6	0.290939
6.7	0.287292
6.8	0.283685
6.9	0.280125
7	0.276613
7.1	0.273151
7.2	0.26974
7.3	0.266374
7.4	0.263051
7.5	0.259774
7.6	0.256546
7.7	0.253365
7.8	0.250229
7.9	0.247134
8	0.244073
8.1	0.241046
8.2	0.238054
8.3	0.235096
8.4	0.23218
8.5	0.229302
8.6	0.226464
8.7	0.223663
8.8	0.220901
8.9	0.218181
9	0.2155
9.1	0.212857
9.2	0.210248
9.3	0.207671
9.4	0.205125
9.5	0.202608
9.6	0.200122
9.7	0.197669
9.8	0.195248
9.9	0.192859
10	0.190504
10.1	0.188185
10.2	0.185897
10.3	0.183638
10.4	0.1814
10.5	0.179181
10.6	0.176987
10.7	0.17482
10.8	0.172676
10.9	0.170556
11	0.168462
11.1	0.166396
11.2	0.16435
11.3	0.162326
11.4	0.16033
11.5	0.158351
11.6	0.1564
11.7	0.154475
11.8	0.152572
11.9	0.150694
12	0.148841
12.1	0.147004
12.2	0.145193
12.3	0.14341
12.4	0.141652
12.5	0.139919
12.6	0.138208
12.7	0.136519
12.8	0.134851
12.9	0.133205
13	0.131578
13.1	0.12997
13.2	0.128376
13.3	0.126803
13.4	0.12525
13.5	0.123717
13.6	0.122199
13.7	0.1207
13.8	0.119215
13.9	0.117748
14	0.116302
14.1	0.114874
14.2	0.113462
14.3	0.112071
14.4	0.110702
14.5	0.109354
14.6	0.10802
14.7	0.106706
14.8	0.105409
14.9	0.104126
15	0.102857
15.1	0.101602
15.2	0.10036
15.3	0.0991288
15.4	0.0979167
15.5	0.096721
15.6	0.0955407
15.7	0.0943786
15.8	0.0932319
15.9	0.0921019
16	0.0909826
16.1	0.0898758
16.2	0.0887844
16.3	0.0877021
16.4	0.0866249
16.5	0.0855591
16.6	0.0845129
16.7	0.0834831
16.8	0.0824668
16.9	0.0814594
17	0.0804661
17.1	0.0794867
17.2	0.0785222
17.3	0.0775673
17.4	0.0766218
17.5	0.0756924
17.6	0.0747827
17.7	0.0738839
17.8	0.0729922
17.9	0.0721103
18	0.0712417
18.1	0.0703844
18.2	0.0695397
18.3	0.0687082
18.4	0.067887
18.5	0.0670726
18.6	0.0662677
18.7	0.0654694
18.8	0.064678
18.9	0.0638904
19	0.0631081
19.1	0.0623264
19.2	0.06155
19.3	0.0607809
19.4	0.0600187
19.5	0.0592645
19.6	0.0585217
19.7	0.0577942
19.8	0.0570738
19.9	0.0563595
20	0.0556451
20.1	0.0549352
20.2	0.0542396
20.3	0.0535542
20.4	0.0528818
20.5	0.0522145
20.6	0.0515473
20.7	0.0508851
20.8	0.0502302
20.9	0.049586
21	0.0489566
21.1	0.0483401
21.2	0.0477289
21.3	0.0471187
21.4	0.0465134
21.5	0.0459157
21.6	0.0453259
21.7	0.0447425
21.8	0.0441668
21.9	0.0436002
22	0.0430465
22.1	0.0424983
22.2	0.041954
22.3	0.0414162
22.4	0.0408876
22.5	0.0403643
22.6	0.0398435
22.7	0.0393313
22.8	0.038827
22.9	0.0383313
23	0.0378482
23.1	0.0373764
23.2	0.0369174
23.3	0.0364634
23.4	0.036011
23.5	0.0355646
23.6	0.0351215
23.7	0.0346837
23.8	0.0342523
23.9	0.0338235
24	0.0334048
24.1	0.0329949
24.2	0.0325933
24.3	0.0322008
24.4	0.0318114
24.5	0.0314252
24.6	0.031037
24.7	0.0306472
24.8	0.0302585
24.9	0.0298751
25	0.0294981
25.1	0.0291319
25.2	0.0287715
25.3	0.0284156
25.4	0.0280669
25.5	0.0277229
25.6	0.0273829
25.7	0.0270406
25.8	0.0266986
25.9	0.0263583
26	0.026017
26.1	0.0256761
26.2	0.0253378
26.3	0.0250077
26.4	0.0246815
26.5	0.0243519
26.6	0.0240193
26.7	0.023689
26.8	0.0233651
26.9	0.0230466
27	0.0227292
27.1	0.0224151
27.2	0.0221034
27.3	0.021795
27.4	0.0214936
27.5	0.0211934
27.6	0.0209004
27.7	0.0206132
27.8	0.0203266
27.9	0.0200363
28	0.0197496
28.1	0.0194687
28.2	0.0191871
28.3	0.0189094
28.4	0.0186374
28.5	0.0183691
28.6	0.0181062
28.7	0.0178491
28.8	0.0175962
28.9	0.0173479
29	0.0171066
29.1	0.0168704
29.2	0.0166417
29.3	0.0164202
29.4	0.0162071
29.5	0.0160028
29.6	0.015804
29.7	0.0156052
29.8	0.0154062
29.9	0.0152133
30	0.0150304
30.1	0.0148515
30.2	0.0146728
30.3	0.0144949
30.4	0.0143197
30.5	0.0141515
30.6	0.0139887
30.7	0.0138295
30.8	0.0136685
30.9	0.0135036
31	0.0133388
31.1	0.0131767
31.2	0.0130173
31.3	0.0128594
31.4	0.0127016
31.5	0.0125461
31.6	0.0123963
31.7	0.0122467
31.8	0.0120966
31.9	0.0119517
32	0.0118071
32.1	0.011662
32.2	0.011513
32.3	0.011365
32.4	0.011217
32.5	0.0110719
32.6	0.0109274
32.7	0.0107818
32.8	0.0106336
32.9	0.0104896
33	0.0103499
33.1	0.0102116
33.2	0.0100784
33.3	0.00994573
33.4	0.00981618
33.5	0.00968847
33.6	0.00956175
33.7	0.00943703
33.8	0.00931337
33.9	0.00918701
34	0.00905991
34.1	0.00893405
34.2	0.00881366
34.3	0.00869754
34.4	0.00858218
34.5	0.00846582
34.6	0.0083508
34.7	0.00824245
34.8	0.00813517
34.9	0.00802173
35	0.00790488
35.1	0.00778792
35.2	0.00767295
35.3	0.00756206
35.4	0.00745324
35.5	0.00734704
35.6	0.00724264
35.7	0.00714267
35.8	0.00704408
35.9	0.00694671
36	0.00685179
36.1	0.00675813
36.2	0.00666444
36.3	0.00656888
36.4	0.00647541
36.5	0.00638363
36.6	0.00629526
36.7	0.00620754
36.8	0.00612215
36.9	0.00603844
37	0.00595032
37.1	0.00586127
37.2	0.00577315
37.3	0.00568282
37.4	0.00558699
37.5	0.00548627
37.6	0.00538069
37.7	0.00527493
37.8	0.00516794
37.9	0.0050626
38	0.00495828
38.1	0.00485402
38.2	0.00474489
38.3	0.00463527
38.4	0.00452179
38.5	0.00440767
38.6	0.00429767
38.7	0.0041936
38.8	0.0040887
38.9	0.00398474
39	0.0038835
39.1	0.00378569
39.2	0.00369198
39.3	0.0035995
39.4	0.00351071
39.5	0.0034273
39.6	0.00334411
39.7	0.00326498
39.8	0.00318835
39.9	0.0031155
40	0.00304614
40.1	0.00297829
40.2	0.00291813
40.3	0.00286577
40.4	0.00282161
40.5	0.00278323
40.6	0.00274688
40.7	0.00270479
40.8	0.00266318
40.9	0.00262659
41	0.00259024
41.1	0.00255375
41.2	0.00251367
41.3	0.00247044
41.4	0.0024332
41.5	0.00240135
41.6	0.00237152
41.7	0.00234394
41.8	0.00231283
41.9	0.0022848
42	0.00226066
42.1	0.00223393
42.2	0.00220711
42.3	0.0021782
42.4	0.00215311
42.5	0.00213006
42.6	0.0021043
42.7	0.00207809
42.8	0.00205361
42.9	0.00202928
43	0.00200633
43.1	0.00198887
43.2	0.00197497
43.3	0.00196606
43.4	0.00196219
43.5	0.00195749
43.6	0.00194842
43.7	0.00193437
43.8	0.00192133
43.9	0.0019154
44	0.0019132
44.1	0.00190728
44.2	0.00190039
44.3	0.00189137
44.4	0.00187783
44.5	0.00186569
44.6	0.00185919
44.7	0.00185475
44.8	0.00184787
44.9	0.0018391
45	0.00182344
45.1	0.00180689
45.2	0.00179129
45.3	0.0017747
45.4	0.00175536
45.5	0.00173825
45.6	0.00172457
45.7	0.00171752
45.8	0.00171186
45.9	0.00170902
46	0.00170674
46.1	0.00169807
46.2	0.00169159
46.3	0.00168723
46.4	0.00167878
46.5	0.0016733
46.6	0.00167155
46.7	0.00167136
46.8	0.00167217
46.9	0.00167339
47	0.0016732
47.1	0.00167333
47.2	0.00167475
47.3	0.00167424
47.4	0.00167456
47.5	0.00167235
47.6	0.00166724
47.7	0.00165949
47.8	0.00165462
47.9	0.00164451
48	0.00162965
48.1	0.00161467
48.2	0.00160179
48.3	0.00158632
48.4	0.00157159
48.5	0.00155361
48.6	0.00153406
48.7	0.00151442
48.8	0.00148902
48.9	0.00146447
49	0.00143978
49.1	0.00141616
49.2	0.00139843
49.3	0.00138307
49.4	0.00136736
49.5	0.00135267
49.6	0.00133559
49.7	0.00131396
49.8	0.00128441
49.9	0.0012531
50	0.00122008
50.1	0.00118438
50.2	0.00114242
50.3	0.00109899
50.4	0.00105722
50.5	0.00101446
50.6	0.000976455
50.7	0.000938827
50.8	0.000904998
50.9	0.000870358
51	0.000834963
51.1	0.000801095
51.2	0.000764261
51.3	0.000728442
51.4	0.000697827
51.5	0.000674286
51.6	0.000656048
51.7	0.000637338
51.8	0.000621072
51.9	0.000599495
52	0.00057636
52.1	0.000550084
52.2	0.000522005
52.3	0.000497459
52.4	0.000477032
52.5	0.00045586
52.6	0.000438455
52.7	0.000421269
52.8	0.000399923
52.9	0.000378453
53	0.000358315
53.1	0.000342066
53.2	0.00032553
53.3	0.00031457
53.4	0.000309592
53.5	0.000309583
53.6	0.000318124
53.7	0.00033224
53.8	0.000348292
53.9	0.000365784
54	0.000385269
54.1	0.000407451
54.2	0.000432683
54.3	0.000463034
54.4	0.000491657
54.5	0.000515124
54.6	0.00053746
54.7	0.000559488
54.8	0.000583016
54.9	0.000613259
55	0.000647195
55.1	0.000682943
55.2	0.000720028
55.3	0.000756967
55.4	0.000792986
55.5	0.000833843
55.6	0.000873489
55.7	0.000905215
55.8	0.000924978
55.9	0.000935923
56	0.000938475
56.1	0.000939266
56.2	0.000941353
56.3	0.000943358
56.4	0.000946999
56.5	0.000950568
56.6	0.000954484
56.7	0.000955414
56.8	0.000952822
56.9	0.000949197
57	0.000946807
57.1	0.000944785
57.2	0.000936136
57.3	0.000927785
57.4	0.000920699
57.5	0.000912906
57.6	0.000904907
57.7	0.000895367
57.8	0.000881408
57.9	0.000866117
58	0.000851098
58.1	0.000833876
58.2	0.000812105
58.3	0.00079007
58.4	0.000772676
58.5	0.000756475
58.6	0.000740133
58.7	0.000719247
58.8	0.000697075
58.9	0.000674844
59	0.00065209
59.1	0.000635426
59.2	0.000621276
59.3	0.000601853
59.4	0.000583002
59.5	0.000570609
59.6	0.000565495
59.7	0.00056997
59.8	0.000578582
59.9	0.000588694
60	0.000599186
60.1	0.000611649
60.2	0.00062443
60.3	0.000637604
60.4	0.000652184
60.5	0.000670748
60.6	0.000691518
60.7	0.000714773
60.8	0.000740075
60.9	0.000765766
61	0.000791231
61.1	0.000821561
61.2	0.000854908
61.3	0.000889913
61.4	0.000924582
61.5	0.000961796
61.6	0.00100138
61.7	0.0010455
61.8	0.00109339
61.9	0.00114037
62	0.00118648
62.1	0.00123067
62.2	0.00127286
62.3	0.00131313
62.4	0.00135632
62.5	0.00140588
62.6	0.00145827
62.7	0.00151014
62.8	0.00156432
62.9	0.00161751
63	0.00167047
63.1	0.00172058
63.2	0.00176908
63.3	0.00181072
63.4	0.00184585
63.5	0.00187583
63.6	0.00190454
63.7	0.00193201
63.8	0.00195818
63.9	0.00197944
64	0.00200026
64.1	0.0020206
64.2	0.00203844
64.3	0.002059
64.4	0.00208548
64.5	0.00210996
64.6	0.00213162
64.7	0.00215148
64.8	0.00217713
64.9	0.0022022
65	0.0022266
65.1	0.00224836
65.2	0.00226695
65.3	0.00228877
65.4	0.00230729
65.5	0.0023234
65.6	0.00234015
65.7	0.0023573
65.8	0.00237367
65.9	0.00239667
66	0.00242281
66.1	0.0024485
66.2	0.00247708
66.3	0.00251195
66.4	0.00255013
66.5	0.00258806
66.6	0.00262165
66.7	0.00265417
66.8	0.00268871
66.9	0.00271976
67	0.00274951
67.1	0.00277739
67.2	0.00280589
67.3	0.00283692
67.4	0.00286175
67.5	0.00288402
67.6	0.00290407
67.7	0.00292255
67.8	0.00294028
67.9	0.00295554
68	0.00297001
68.1	0.00298297
68.2	0.00299184
68.3	0.0029987
68.4	0.00300251
68.5	0.00300555
68.6	0.00301131
68.7	0.00301349
68.8	0.00301045
68.9	0.00300202
69	0.00299211
69.1	0.0029829
69.2	0.00297313
69.3	0.00296295
69.4	0.0029523
69.5	0.00293846
69.6	0.00291946
69.7	0.00289935
69.8	0.00287382
69.9	0.00284618
70	0.00281607
70.1	0.00278826
70.2	0.00276832
70.3	0.00275042
70.4	0.00273272
70.5	0.00272124
70.6	0.00271083
70.7	0.00269913
70.8	0.00268714
70.9	0.00267437
71	0.00266203
71.1	0.00264592
71.2	0.00262627
71.3	0.00259803
71.4	0.00256491
71.5	0.00253234
71.6	0.00249887
71.7	0.00246578
71.8	0.00243323
71.9	0.00240009
72	0.00236914
72.1	0.00234004
72.2	0.00231404
72.3	0.00229504
72.4	0.00227956
72.5	0.00226635
72.6	0.00225391
72.7	0.00224116
72.8	0.0022321
72.9	0.00222402
73	0.00221669
73.1	0.00220534
73.2	0.00219049
73.3	0.00217199
73.4	0.00215024
73.5	0.00212835
73.6	0.00210778
73.7	0.00209023
73.8	0.0020725
73.9	0.00205568
74	0.00203708
74.1	0.00201864
74.2	0.002008
74.3	0.00200219
74.4	0.00199867
74.5	0.00199333
74.6	0.0019903
74.7	0.00199184
74.8	0.00199249
74.9	0.00199137
75	0.0019827
75.1	0.00197055
75.2	0.00195869
75.3	0.001944
75.4	0.00192403
75.5	0.00189924
75.6	0.00187489
75.7	0.00184058
75.8	0.00180468
75.9	0.0017737
76	0.00174751
76.1	0.00172724
76.2	0.00170852
76.3	0.00168981
76.4	0.00166964
76.5	0.00165044
76.6	0.00162851
76.7	0.00160596
76.8	0.00158565
76.9	0.00156339
77	0.00154818
77.1	0.00153466
77.2	0.00152596
77.3	0.00151349
77.4	0.00149917
77.5	0.00148234
77.6	0.00146456
77.7	0.00144576
77.8	0.00142161
77.9	0.00140213
78	0.00138375
78.1	0.0013658
78.2	0.00135323
78.3	0.00134647
78.4	0.00134224
78.5	0.00133283
78.6	0.00132195
78.7	0.00130983
78.8	0.00129992
78.9	0.001289
79	0.00127987
79.1	0.00127002
79.2	0.00126168
79.3	0.00125711
79.4	0.00125297
79.5	0.00124835
79.6	0.00123952
79.7	0.00123158
79.8	0.00122088
79.9	0.001209
80	0.00120117
80.1	0.00119478
80.2	0.00118944
80.3	0.00118525
80.4	0.00117645
80.5	0.00116494
80.6	0.00115695
80.7	0.00114748
80.8	0.00113625
80.9	0.00112319
81	0.00111087
81.1	0.00109417
81.2	0.00107474
81.3	0.00105122
81.4	0.00102367
81.5	0.000994688
81.6	0.000961789
81.7	0.000925023
81.8	0.000886286
81.9	0.000846226
82	0.000804052
82.1	0.000760356
82.2	0.000720013
82.3	0.000681336
82.4	0.000638276
82.5	0.000590968
82.6	0.000544141
82.7	0.000496459
82.8	0.000447439
82.9	0.000396409
83	0.000341717
83.1	0.00028254
83.2	0.000225325
83.3	0.00016934
83.4	0.00011169
83.5	4.84277e-05
83.6	-1.86318e-05
83.7	-8.29848e-05
83.8	-0.000148362
83.9	-0.000217067
84	-0.000287828
84.1	-0.00035651
84.2	-0.00042633
84.3	-0.000496262
84.4	-0.000563139
84.5	-0.000629623
84.6	-0.000694263
84.7	-0.000755213
84.8	-0.00081808
84.9	-0.000882001
85	-0.000943444
85.1	-0.00100593
85.2	-0.00106144
85.3	-0.00111071
85.4	-0.00115883
85.5	-0.00120318
85.6	-0.0012399
85.7	-0.00126808
85.8	-0.00129431
85.9	-0.00131902
86	-0.00134705
86.1	-0.00137465
86.2	-0.00139853
86.3	-0.0014193
86.4	-0.00143419
86.5	-0.00144582
86.6	-0.0014562
86.7	-0.001467
86.8	-0.00147795
86.9	-0.00148811
87	-0.00149524
87.1	-0.00149588
87.2	-0.0014964
87.3	-0.00149542
87.4	-0.00149871
87.5	-0.00150236
87.6	-0.00150673
87.7	-0.00151498
87.8	-0.00151863
87.9	-0.00151807
88	-0.0015168
88.1	-0.00151796
88.2	-0.00151841
88.3	-0.00151511
88.4	-0.00151186
88.5	-0.00151212
88.6	-0.00151155
88.7	-0.00151208
88.8	-0.00151426
88.9	-0.00151803
89	-0.00152183
89.1	-0.00152894
89.2	-0.00153418
89.3	-0.00153805
89.4	-0.00153814
89.5	-0.00153348
89.6	-0.00152308
89.7	-0.00151232
89.8	-0.00150052
89.9	-0.00148866
90	-0.00147562
90.1	-0.00146176
90.2	-0.00145156
90.3	-0.00144359
90.4	-0.00143633
90.5	-0.00142594
90.6	-0.0014144
90.7	-0.00140012
90.8	-0.00138151
90.9	-0.00136076
91	-0.00133956
91.1	-0.00131477
91.2	-0.00129109
91.3	-0.00126787
91.4	-0.0012477
91.5	-0.00122583
91.6	-0.00120367
91.7	-0.00118105
91.8	-0.00116064
91.9	-0.00114254
92	-0.00112701
92.1	-0.00111525
92.2	-0.00110131
92.3	-0.00108427
92.4	-0.00106697
92.5	-0.00105366
92.6	-0.00103662
92.7	-0.00102042
92.8	-0.00101038
92.9	-0.00100469
93	-0.00100044
93.1	-0.000996496
93.2	-0.000995435
93.3	-0.000992672
93.4	-0.00099174
93.5	-0.000994495
93.6	-0.000996189
93.7	-0.000997915
93.8	-0.000998899
93.9	-0.00100448
94	-0.00101402
94.1	-0.00102594
94.2	-0.00103853
94.3	-0.00105154
94.4	-0.00106611
94.5	-0.00108647
94.6	-0.00111081
94.7	-0.00113715
94.8	-0.00116995
94.9	-0.00119892
95	-0.00122338
95.1	-0.00124593
95.2	-0.00126593
95.3	-0.00127971
95.4	-0.00129557
95.5	-0.00130937
95.6	-0.00131843
95.7	-0.00132989
95.8	-0.00134637
95.9	-0.0013595
96	-0.00137205
96.1	-0.00138142
96.2	-0.00138913
96.3	-0.00138974
96.4	-0.00138965
96.5	-0.00139282
96.6	-0.00140044
96.7	-0.00140988
96.8	-0.0014172
96.9	-0.00142531
97	-0.00143154
97.1	-0.00143762
97.2	-0.0014416
97.3	-0.00144385
97.4	-0.00145238
97.5	-0.00146387
97.6	-0.00147787
97.7	-0.0014867
97.8	-0.00149245
97.9	-0.00149125
98	-0.00148465
98.1	-0.0014771
98.2	-0.00147183
98.3	-0.00146816
98.4	-0.00146659
98.5	-0.0014697
98.6	-0.00146918
98.7	-0.00146873
98.8	-0.0014623
98.9	-0.00144857
99	-0.00142893
99.1	-0.00140412
99.2	-0.0013831
99.3	-0.00136588
99.4	-0.00134638
99.5	-0.00132638
99.6	-0.00131066
99.7	-0.00129737
99.8	-0.0012872
99.9	-0.00128098
100	-0.00127943
100.1	-0.00128203
100.2	-0.00128003
100.3	-0.00127907
100.4	-0.00128108
100.5	-0.00128424
100.6	-0.00128747
100.7	-0.00129106
100.8	-0.00129195
100.9	-0.00129399
101	-0.00129857
101.1	-0.00130935
101.2	-0.00132261
101.3	-0.00133839
101.4	-0.00135902
101.5	-0.00137865
101.6	-0.0014022
101.7	-0.0014226
101.8	-0.0014409
101.9	-0.00145896
102	-0.00147407
102.1	-0.0014869
102.2	-0.00150275
102.3	-0.00152309
102.4	-0.00154397
102.5	-0.00156379
102.6	-0.00157931
102.7	-0.00159277
102.8	-0.00160666
102.9	-0.00162134
103	-0.00163723
103.1	-0.00165318
103.2	-0.0016674
103.3	-0.00167959
103.4	-0.00169164
103.5	-0.00169934
103.6	-0.00170671
103.7	-0.00171348
103.8	-0.00172148
103.9	-0.00172551
104	-0.00172566
104.1	-0.00172439
104.2	-0.00172225
104.3	-0.00172341
104.4	-0.00172479
104.5	-0.00172775
104.6	-0.0017303
104.7	-0.00173008
104.8	-0.00173042
104.9	-0.00172902
105	-0.00172642
105.1	-0.00172691
105.2	-0.00173015
105.3	-0.00173766
105.4	-0.00174155
105.5	-0.00174256
105.6	-0.0017435
105.7	-0.0017431
105.8	-0.00173648
105.9	-0.00172577
106	-0.00171717
106.1	-0.0017106
106.2	-0.00170605
106.3	-0.0017063
106.4	-0.00170708
106.5	-0.00170509
106.6	-0.00170069
106.7	-0.00169924
106.8	-0.00169961
106.9	-0.00170132
107	-0.00170154
107.1	-0.00170093
107.2	-0.00170267
107.3	-0.00170854
107.4	-0.00171068
107.5	-0.00171157
107.6	-0.00170868
107.7	-0.00170539
107.8	-0.00170583
107.9	-0.00170767
108	-0.00170393
108.1	-0.00169757
108.2	-0.00169327
108.3	-0.0016916
108.4	-0.00168936
108.5	-0.00168191
108.6	-0.00167283
108.7	-0.00165987
108.8	-0.00164525
108.9	-0.0016287
109	-0.00161435
109.1	-0.00159707
109.2	-0.00157824
109.3	-0.0015571
109.4	-0.00153668
109.5	-0.0015187
109.6	-0.00149949
109.7	-0.00147709
109.8	-0.00145319
109.9	-0.00143009
110	-0.00140824
110.1	-0.00138626
110.2	-0.00136253
110.3	-0.00134422
110.4	-0.00132762
110.5	-0.00130847
110.6	-0.00129101
110.7	-0.00127721
110.8	-0.00126663
110.9	-0.0012552
111	-0.00124762
111.1	-0.00124529
111.2	-0.00124698
111.3	-0.00124921
111.4	-0.00124917
111.5	-0.00124971
111.6	-0.00124945
111.7	-0.00124789
111.8	-0.00124531
111.9	-0.00124562
112	-0.00124757
112.1	-0.00125105
112.2	-0.0012547
112.3	-0.00125261
112.4	-0.00125046
112.5	-0.00124061
112.6	-0.00122728
112.7	-0.00121529
112.8	-0.00120729
112.9	-0.00120181
113	-0.00120132
113.1	-0.00119954
113.2	-0.00119552
113.3	-0.00118896
113.4	-0.00118405
113.5	-0.00117874
113.6	-0.00117224
113.7	-0.00116904
113.8	-0.00116489
113.9	-0.00116381
114	-0.00116233
114.1	-0.00115381
114.2	-0.00114389
114.3	-0.00113038
114.4	-0.00111207
114.5	-0.00109213
114.6	-0.0010768
114.7	-0.00105904
114.8	-0.00104018
114.9	-0.00102249
115	-0.00100361
115.1	-0.000983939
115.2	-0.000961719
115.3	-0.00093552
115.4	-0.000910614
115.5	-0.000885318
115.6	-0.00085946
115.7	-0.000833783
115.8	-0.000808991
115.9	-0.000782963
116	-0.000752216
116.1	-0.000719182
116.2	-0.000687385
116.3	-0.000661951
116.4	-0.000642111
116.5	-0.000630296
116.6	-0.000624431
116.7	-0.000620806
116.8	-0.000621051
116.9	-0.000618094
117	-0.000613012
117.1	-0.000605667
117.2	-0.000596081
117.3	-0.000588972
117.4	-0.000583199
117.5	-0.000577214
117.6	-0.000577492
117.7	-0.00058122
117.8	-0.000583342
117.9	-0.000582557
118	-0.000578645
118.1	-0.000573153
118.2	-0.000570584
118.3	-0.000568548
118.4	-0.00056643
118.5	-0.000563306
118.6	-0.000559723
118.7	-0.000552607
118.8	-0.000541039
118.9	-0.000525606
119	-0.000512447
119.1	-0.000502749
119.2	-0.000494004
119.3	-0.000485844
119.4	-0.00047838
119.5	-0.000470565
119.6	-0.000459189
119.7	-0.000447371
119.8	-0.000436157
119.9	-0.000429034
120	-0.000425794
120.1	-0.000425534
120.2	-0.000429165
120.3	-0.000432572
120.4	-0.000434186
120.5	-0.000433406
120.6	-0.000428848
120.7	-0.000426185
120.8	-0.000425319
120.9	-0.000421167
121	-0.00041632
121.1	-0.000411883
121.2	-0.000407819
121.3	-0.000407767
121.4	-0.000404686
121.5	-0.000396865
121.6	-0.000382223
121.7	-0.000369389
121.8	-0.000363861
121.9	-0.00036206
122	-0.000365092
122.1	-0.000365442
122.2	-0.000364282
122.3	-0.000363582
122.4	-0.000369282
122.5	-0.000378104
122.6	-0.000387322
122.7	-0.000399001
122.8	-0.000410748
122.9	-0.000418768
123	-0.000424123
123.1	-0.000432959
123.2	-0.000446897
123.3	-0.000467436
123.4	-0.000490478
123.5	-0.000509049
123.6	-0.000523635
123.7	-0.000531181
123.8	-0.000535427
123.9	-0.000536694
124	-0.000538671
124.1	-0.000544495
124.2	-0.000552917
124.3	-0.000560727
124.4	-0.000566245
124.5	-0.000568994
124.6	-0.000571843
124.7	-0.000575003
124.8	-0.000579862
124.9	-0.0005911
125	-0.000598399
125.1	-0.000599653
125.2	-0.000598522
125.3	-0.000596094
125.4	-0.000592788
125.5	-0.000586735
125.6	-0.000582528
125.7	-0.000577518
125.8	-0.00057276
125.9	-0.000568999
126	-0.000566438
126.1	-0.00056388
126.2	-0.000561046
126.3	-0.000559624
126.4	-0.000561945
126.5	-0.000563802
126.6	-0.000565866
126.7	-0.000568085
126.8	-0.000571331
126.9	-0.000568937
127	-0.000559738
127.1	-0.000545264
127.2	-0.000524957
127.3	-0.000503385
127.4	-0.000485583
127.5	-0.000474246
127.6	-0.0004667
127.7	-0.000461664
127.8	-0.0004546
127.9	-0.000449299
128	-0.000446343
128.1	-0.000439633
128.2	-0.000430065
128.3	-0.000418139
128.4	-0.00040252
128.5	-0.000382622
128.6	-0.000354743
128.7	-0.000320732
128.8	-0.00028444
128.9	-0.000250039
129	-0.000219498
129.1	-0.000194281
129.2	-0.000176626
129.3	-0.000163576
129.4	-0.0001532
129.5	-0.000143889
129.6	-0.000135818
129.7	-0.000134158
129.8	-0.000132773
129.9	-0.000130225
130	-0.000129771
130.1	-0.000131848
130.2	-0.000139515
130.3	-0.000153798
130.4	-0.000170535
130.5	-0.000184857
130.6	-0.000202974
130.7	-0.000218357
130.8	-0.000231946
130.9	-0.000245088
131	-0.000260876
131.1	-0.000273006
131.2	-0.000281
131.3	-0.000281445
131.4	-0.000279512
131.5	-0.000276398
131.6	-0.000274562
131.7	-0.000273162
131.8	-0.000275706
131.9	-0.000283144
132	-0.000289558
132.1	-0.000298043
132.2	-0.000309277
132.3	-0.000321031
132.4	-0.000332052
132.5	-0.000345637
132.6	-0.000355122
132.7	-0.000360512
132.8	-0.00036392
132.9	-0.000364449
133	-0.000365667
133.1	-0.000363157
133.2	-0.000361795
133.3	-0.000364648
133.4	-0.000373628
133.5	-0.000381162
133.6	-0.000386643
133.7	-0.00039054
133.8	-0.00039116
133.9	-0.00039334
134	-0.00039469
134.1	-0.000392092
134.2	-0.000389433
134.3	-0.000390041
134.4	-0.000394629
134.5	-0.000399173
134.6	-0.000402692
134.7	-0.000406773
134.8	-0.000410555
134.9	-0.000415399
135	-0.000421637
135.1	-0.000422075
135.2	-0.000422023
135.3	-0.000421137
135.4	-0.000411893
135.5	-0.000402241
135.6	-0.000391756
135.7	-0.000379407
135.8	-0.000363371
135.9	-0.000349235
136	-0.000336447
136.1	-0.000317545
136.2	-0.000296297
136.3	-0.000273785
136.4	-0.00025262
136.5	-0.000228461
136.6	-0.000209643
136.7	-0.00019491
136.8	-0.00018212
136.9	-0.000168516
137	-0.000149961
137.1	-0.000132738
137.2	-0.000116137
137.3	-0.00010176
137.4	-8.40034e-05
137.5	-6.89758e-05
137.6	-5.85948e-05
137.7	-4.98321e-05
137.8	-4.25288e-05
137.9	-3.67903e-05
138	-3.42851e-05
138.1	-3.60543e-05
138.2	-4.11797e-05
138.3	-5.06844e-05
138.4	-6.11524e-05
138.5	-7.04391e-05
138.6	-8.14169e-05
138.7	-9.57568e-05
138.8	-0.000111696
138.9	-0.000130111
139	-0.000146717
139.1	-0.000160126
139.2	-0.000169481
139.3	-0.000174239
139.4	-0.000170304
139.5	-0.000160666
139.6	-0.000155719
139.7	-0.000154753
139.8	-0.000156507
139.9	-0.000155474
140	-0.000154203
140.1	-0.00014891
140.2	-0.000138765
140.3	-0.000129728
140.4	-0.000121622
140.5	-0.000111497
140.6	-9.90976e-05
140.7	-8.66199e-05
140.8	-7.26249e-05
140.9	-6.1658e-05
141	-4.77311e-05
141.1	-2.7121e-05
141.2	-8.12259e-06
141.3	7.33683e-06
141.4	2.26605e-05
141.5	3.75331e-05
141.6	5.31239e-05
141.7	6.35056e-05
141.8	7.1703e-05
141.9	7.55727e-05
142	7.4029e-05
142.1	7.12798e-05
142.2	6.75676e-05
142.3	7.00801e-05
142.4	7.25076e-05
142.5	7.80655e-05
142.6	8.65815e-05
142.7	9.62876e-05
142.8	0.000108471
142.9	0.000116613
143	0.000117022
143.1	0.000108227
143.2	8.48244e-05
143.3	5.19975e-05
143.4	2.06303e-05
143.5	-9.2655e-06
143.6	-3.38621e-05
143.7	-6.08512e-05
143.8	-9.41338e-05
143.9	-0.000129818
144	-0.000163612
144.1	-0.000198068
144.2	-0.000237509
144.3	-0.000279907
144.4	-0.000321593
144.5	-0.000361987
144.6	-0.000400757
144.7	-0.000436946
144.8	-0.00047037
144.9	-0.000502334
145	-0.000537594
145.1	-0.000572552
145.2	-0.000604343
145.3	-0.000639057
145.4	-0.0006748
145.5	-0.000711549
145.6	-0.000749544
145.7	-0.000784946
145.8	-0.000820967
145.9	-0.000859585
146	-0.000900147
146.1	-0.000942055
146.2	-0.000981919
146.3	-0.00101884
146.4	-0.00105459
146.5	-0.0010912
146.6	-0.00112666
146.7	-0.00115475
146.8	-0.00118292
146.9	-0.00120862
147	-0.00123111
147.1	-0.00125753
147.2	-0.00128589
147.3	-0.00131965
147.4	-0.00135251
147.5	-0.00138751
147.6	-0.00142576
147.7	-0.00146484
147.8	-0.00150337
147.9	-0.00154068
148	-0.0015758
148.1	-0.00160961
148.2	-0.00164206
148.3	-0.00167696
148.4	-0.00171107
148.5	-0.00174443
148.6	-0.00177762
148.7	-0.00180783
148.8	-0.00183826
148.9	-0.001865
149	-0.00189376
149.1	-0.00191882
149.2	-0.0019427
149.3	-0.00196821
149.4	-0.00199031
149.5	-0.00201002
149.6	-0.00202933
149.7	-0.00204929
149.8	-0.0020708
149.9	-0.00209386
150	-0.00211946
150.1	-0.002149
150.2	-0.00217474
150.3	-0.00219313
150.4	-0.00221079
150.5	-0.00222998
150.6	-0.00225365
150.7	-0.0022794
150.8	-0.00231103
150.9	-0.00234147
151	-0.00237022
151.1	-0.00240063
151.2	-0.00243026
151.3	-0.00245961
151.4	-0.00248783
151.5	-0.00251204
151.6	-0.0025306
151.7	-0.00254752
151.8	-0.00256315
151.9	-0.00257422
152	-0.0025827
152.1	-0.00258852
152.2	-0.00259109
152.3	-0.00259242
152.4	-0.00259458
152.5	-0.00259869
152.6	-0.00259811
152.7	-0.00259738
152.8	-0.00259766
152.9	-0.00260158
153	-0.00260426
153.1	-0.00259945
153.2	-0.0025924
153.3	-0.00258548
153.4	-0.00258356
153.5	-0.00257873
153.6	-0.00257596
153.7	-0.00257442
153.8	-0.00257368
153.9	-0.00257609
154	-0.00258254
154.1	-0.00258957
154.2	-0.0026001
154.3	-0.00261292
154.4	-0.00262703
154.5	-0.00263733
154.6	-0.00264861
154.7	-0.00265823
154.8	-0.00266849
154.9	-0.00267889
155	-0.00269192
155.1	-0.00270985
155.2	-0.00272496
155.3	-0.00273907
155.4	-0.00274931
155.5	-0.00274986
155.6	-0.00274838
155.7	-0.00274703
155.8	-0.00275275
155.9	-0.00276134
156	-0.00276477
156.1	-0.00276188
156.2	-0.00276218
156.3	-0.00276542
156.4	-0.00276874
156.5	-0.00277294
156.6	-0.002776
156.7	-0.00277825
156.8	-0.00278026
156.9	-0.00277517
157	-0.0027726
157.1	-0.00277438
157.2	-0.00277921
157.3	-0.00278744
157.4	-0.0027975
157.5	-0.00280481
157.6	-0.00281122
157.7	-0.00281859
157.8	-0.00282393
157.9	-0.002824
158	-0.00282386
158.1	-0.00282331
158.2	-0.00282636
158.3	-0.0028325
158.4	-0.00283505
158.5	-0.00282961
158.6	-0.00282439
158.7	-0.00281813
158.8	-0.00281283
158.9	-0.00280371
159	-0.00279447
159.1	-0.00279325
159.2	-0.00279946
159.3	-0.00280529
159.4	-0.00280723
159.5	-0.00280959
159.6	-0.00281012
159.7	-0.00280873
159.8	-0.00281022
159.9	-0.00281659
160	-0.00281999
160.1	-0.00282065
160.2	-0.00282458
160.3	-0.00283283
160.4	-0.00284556
160.5	-0.00286025
160.6	-0.00287683
160.7	-0.00288913
160.8	-0.00289625
160.9	-0.00290208
161	-0.00290759
161.1	-0.00291221
161.2	-0.00291167
161.3	-0.0029146
161.4	-0.00292295
161.5	-0.00293638
161.6	-0.00295265
161.7	-0.00296982
161.8	-0.0029845
161.9	-0.00299236
162	-0.00300074
162.1	-0.00301069
162.2	-0.00302171
162.3	-0.00302857
162.4	-0.00302841
162.5	-0.00302767
162.6	-0.00302482
162.7	-0.00302424
162.8	-0.00302189
162.9	-0.00302014
163	-0.00301302
163.1	-0.00299988
163.2	-0.00298318
163.3	-0.00297074
163.4	-0.00295997
163.5	-0.00295171
163.6	-0.00294599
163.7	-0.00294198
163.8	-0.00293576
163.9	-0.00292574
164	-0.0029082
164.1	-0.00288911
164.2	-0.00286367
164.3	-0.00283403
164.4	-0.00280188
164.5	-0.00276913
164.6	-0.0027346
164.7	-0.00270286
164.8	-0.00267322
164.9	-0.00264427
165	-0.00261514
165.1	-0.00258827
165.2	-0.00255887
165.3	-0.00252895
165.4	-0.00250052
165.5	-0.00247548
165.6	-0.00245438
165.7	-0.00243699
165.8	-0.002421
165.9	-0.0024087
166	-0.00239632
166.1	-0.002388
166.2	-0.0023827
166.3	-0.00237671
166.4	-0.00236921
166.5	-0.00236396
166.6	-0.00236057
166.7	-0.00236045
166.8	-0.00236239
166.9	-0.00236636
167	-0.00237139
167.1	-0.00237782
167.2	-0.00238902
167.3	-0.00240407
167.4	-0.00242223
167.5	-0.00244042
167.6	-0.00245876
167.7	-0.00247855
167.8	-0.00249751
167.9	-0.00251698
168	-0.00254167
168.1	-0.00256826
168.2	-0.00259311
168.3	-0.00261748
168.4	-0.00264341
168.5	-0.00266815
168.6	-0.00268876
168.7	-0.00270676
168.8	-0.00272754
168.9	-0.00275419
169	-0.00278288
169.1	-0.00281459
169.2	-0.00284797
169.3	-0.00287245
169.4	-0.00289206
169.5	-0.00291093
169.6	-0.00293026
169.7	-0.0029494
169.8	-0.0029644
169.9	-0.00298065
170	-0.00300064
170.1	-0.00301935
170.2	-0.00303057
170.3	-0.00303744
170.4	-0.00304158
170.5	-0.00304205
170.6	-0.0030404
170.7	-0.00303878
170.8	-0.00303724
170.9	-0.00303871
171	-0.00304575
171.1	-0.00305599
171.2	-0.00306149
171.3	-0.00305984
171.4	-0.00304927
171.5	-0.00303257
171.6	-0.00301497
171.7	-0.00299572
171.8	-0.00298049
171.9	-0.00297143
172	-0.00296717
172.1	-0.00296619
172.2	-0.00296577
172.3	-0.00296745
172.4	-0.00296486
172.5	-0.00296437
172.6	-0.0029632
172.7	-0.00295862
172.8	-0.00295197
172.9	-0.00294794
173	-0.00294278
173.1	-0.00293874
173.2	-0.00293742
173.3	-0.00294023
173.4	-0.00294442
173.5	-0.00294733
173.6	-0.00295081
173.7	-0.00295204
173.8	-0.00295195
173.9	-0.00295107
174	-0.00295065
174.1	-0.00294567
174.2	-0.00293924
174.3	-0.00293345
174.4	-0.00292773
174.5	-0.00292278
174.6	-0.00291898
174.7	-0.00292329
174.8	-0.00293725
174.9	-0.00295523
175	-0.00297108
175.1	-0.00298934
175.2	-0.00300666
175.3	-0.0030173
175.4	-0.00302984
175.5	-0.00304787
175.6	-0.00306402
175.7	-0.00308206
175.8	-0.00309932
175.9	-0.00311059
176	-0.00312077
176.1	-0.00312856
176.2	-0.00313654
176.3	-0.00314787
176.4	-0.00316187
176.5	-0.00317646
176.6	-0.00319238
176.7	-0.00320579
176.8	-0.00321802
176.9	-0.00322651
177	-0.00323089
177.1	-0.00323165
177.2	-0.00323178
177.3	-0.00322979
177.4	-0.00322786
177.5	-0.00322193
177.6	-0.00321777
177.7	-0.00320841
177.8	-0.00319897
177.9	-0.00319749
178	-0.00320635
178.1	-0.0032171
178.2	-0.00322605
178.3	-0.00323777
178.4	-0.00325478
178.5	-0.00327282
178.6	-0.00328392
178.7	-0.00328783
178.8	-0.00328558
178.9	-0.00328112
179	-0.00328158
179.1	-0.00328387
179.2	-0.00328578
179.3	-0.00328545
179.4	-0.00328416
179.5	-0.00327978
179.6	-0.00327299
179.7	-0.00326481
179.8	-0.00325006
179.9	-0.00323125
180	-0.00321184
180.1	-0.00318625
180.2	-0.00315585
180.3	-0.00312403
180.4	-0.00308797
180.5	-0.0030506
180.6	-0.00301623
180.7	-0.00298123
180.8	-0.00294978
180.9	-0.00292078
181	-0.00289315
181.1	-0.00286951
181.2	-0.00284475
181.3	-0.0028223
181.4	-0.00280109
181.5	-0.00277781
181.6	-0.00274848
181.7	-0.00271545
181.8	-0.0026779
181.9	-0.0026372
182	-0.00259374
182.1	-0.00255546
182.2	-0.00251996
182.3	-0.00248741
182.4	-0.00246143
182.5	-0.00244045
182.6	-0.00242638
182.7	-0.002419
182.8	-0.00241267
182.9	-0.00240458
183	-0.00239537
183.1	-0.00238633
183.2	-0.00237708
183.3	-0.00236954
183.4	-0.00235745
183.5	-0.00234222
183.6	-0.00232577
183.7	-0.00231008
183.8	-0.0022954
183.9	-0.00227882
184	-0.00226021
184.1	-0.00224355
184.2	-0.00222929
184.3	-0.00221716
184.4	-0.00220896
184.5	-0.0022024
184.6	-0.00219531
184.7	-0.00218392
184.8	-0.00217164
184.9	-0.00215766
185	-0.00214141
185.1	-0.002128
185.2	-0.00211663
185.3	-0.00210638
185.4	-0.00209664
185.5	-0.00208699
185.6	-0.00207667
185.7	-0.00206253
185.8	-0.0020471
185.9	-0.00202834
186	-0.0020098
186.1	-0.00199345
186.2	-0.00197943
186.3	-0.001962
186.4	-0.00194603
186.5	-0.00193608
186.6	-0.00192723
186.7	-0.00192033
186.8	-0.00191246
186.9	-0.00190005
187	-0.00188501
187.1	-0.0018694
187.2	-0.00185805
187.3	-0.001849
187.4	-0.00184321
187.5	-0.0018365
187.6	-0.00182627
187.7	-0.0018114
187.8	-0.00179441
187.9	-0.00177822
188	-0.00176499
188.1	-0.00175375
188.2	-0.00174015
188.3	-0.0017251
188.4	-0.00170969
188.5	-0.00169122
188.6	-0.00167428
188.7	-0.00165734
188.8	-0.0016437
188.9	-0.00163391
189	-0.00162782
189.1	-0.00162418
189.2	-0.00162211
189.3	-0.00161936
189.4	-0.00161552
189.5	-0.00161268
189.6	-0.00160812
189.7	-0.00159932
189.8	-0.00159037
189.9	-0.00159323
190	-0.00160336
190.1	-0.00161695
190.2	-0.00163357
190.3	-0.0016515
190.4	-0.00166758
190.5	-0.00168414
190.6	-0.00170049
190.7	-0.00171837
190.8	-0.0017356
190.9	-0.00175298
191	-0.00177117
191.1	-0.00178577
191.2	-0.00179209
191.3	-0.00179434
191.4	-0.00179527
191.5	-0.00179472
191.6	-0.00179462
191.7	-0.00179435
191.8	-0.00179638
191.9	-0.00180156
192	-0.00181358
192.1	-0.00182829
192.2	-0.00184173
192.3	-0.00185986
192.4	-0.00187956
192.5	-0.00190334
192.6	-0.00192939
192.7	-0.00195617
192.8	-0.00198264
192.9	-0.00201259
193	-0.00204742
193.1	-0.00208353
193.2	-0.00212394
193.3	-0.0021688
193.4	-0.00221564
193.5	-0.00226531
193.6	-0.00231565
193.7	-0.00236244
193.8	-0.00241162
193.9	-0.00245551
194	-0.0024973
194.1	-0.00253527
194.2	-0.00256879
194.3	-0.00259698
194.4	-0.00262484
194.5	-0.00264829
194.6	-0.0026711
194.7	-0.00269594
194.8	-0.00272069
194.9	-0.00273965
195	-0.00275265
195.1	-0.00276233
195.2	-0.00276712
195.3	-0.00277557
195.4	-0.00278508
195.5	-0.00279537
195.6	-0.00280968
195.7	-0.00282278
195.8	-0.00283374
195.9	-0.00284216
196	-0.0028487
196.1	-0.00285653
196.2	-0.00286577
196.3	-0.002874
196.4	-0.00288208
196.5	-0.00288651
196.6	-0.00288386
196.7	-0.00288163
196.8	-0.00287827
196.9	-0.00287219
197	-0.00286471
197.1	-0.0028558
197.2	-0.00283598
197.3	-0.00281293
197.4	-0.00279102
197.5	-0.00277052
197.6	-0.00275513
197.7	-0.00274079
197.8	-0.00273048
197.9	-0.00272043
198	-0.00270791
198.1	-0.00269021
198.2	-0.00266932
198.3	-0.00264964
198.4	-0.00263217
198.5	-0.00261208
198.6	-0.00259412
198.7	-0.00257759
198.8	-0.00256016
198.9	-0.00254461
199	-0.00252869
199.1	-0.00251166
199.2	-0.00249444
199.3	-0.00247835
199.4	-0.00245788
199.5	-0.00243534
199.6	-0.00240842
199.7	-0.00237501
199.8	-0.00233201
199.9	-0.00228581
200	-0.00223731
200.1	-0.0021906
200.2	-0.0021422
200.3	-0.00209619
200.4	-0.0020506
200.5	-0.00200499
200.6	-0.00195875
200.7	-0.00190547
200.8	-0.00184527
200.9	-0.00178096
201	-0.00171831
201.1	-0.00165479
201.2	-0.00159144
201.3	-0.00152479
201.4	-0.00145542
201.5	-0.00138358
201.6	-0.00131397
201.7	-0.00124922
201.8	-0.00117971
201.9	-0.00111215
202	-0.00104906
202.1	-0.000993848
202.2	-0.000943334
202.3	-0.000896991
202.4	-0.000857812
202.5	-0.000823313
202.6	-0.000786784
202.7	-0.000743432
202.8	-0.000700864
202.9	-0.000659504
203	-0.00061821
203.1	-0.000576728
203.2	-0.000535455
203.3	-0.000492165
203.4	-0.000452334
203.5	-0.000419281
203.6	-0.000391859
203.7	-0.000366548
203.8	-0.000345932
203.9	-0.000324953
204	-0.00030653
204.1	-0.000295379
204.2	-0.000287946
204.3	-0.000279781
204.4	-0.000275169
204.5	-0.000273026
204.6	-0.000271895
204.7	-0.000268157
204.8	-0.000260836
204.9	-0.0002591
205	-0.000261118
205.1	-0.000266563
205.2	-0.000277038
205.3	-0.000287775
205.4	-0.000302326
205.5	-0.000321088
205.6	-0.000344276
205.7	-0.000372354
205.8	-0.00040327
205.9	-0.000433575
206	-0.000465637
206.1	-0.000498088
206.2	-0.000532688
206.3	-0.000570275
206.4	-0.000608508
206.5	-0.000640835
206.6	-0.000675059
206.7	-0.000708568
206.8	-0.000743514
206.9	-0.000775921
207	-0.000812623
207.1	-0.000845274
207.2	-0.00087596
207.3	-0.00090634
207.4	-0.000935588
207.5	-0.00096705
207.6	-0.00100208
207.7	-0.00103441
207.8	-0.00106711
207.9	-0.00110221
208	-0.00113864
208.1	-0.00117709
208.2	-0.00121846
208.3	-0.00125989
208.4	-0.00130358
208.5	-0.00134657
208.6	-0.0013906
208.7	-0.00143346
208.8	-0.00147927
208.9	-0.00152897
209	-0.00158218
209.1	-0.0016353
209.2	-0.00169361
209.3	-0.00175419
209.4	-0.00181134
209.5	-0.00187127
209.6	-0.00193256
209.7	-0.00199256
209.8	-0.00204569
209.9	-0.00209849
210	-0.00214536
210.1	-0.00218998
210.2	-0.0022349
210.3	-0.00227979
210.4	-0.00232088
210.5	-0.00235665
210.6	-0.0023848
210.7	-0.00241445
210.8	-0.00244149
210.9	-0.0024632
211	-0.00247909
211.1	-0.00248929
211.2	-0.00249544
211.3	-0.0025023
211.4	-0.00250795
211.5	-0.00251437
211.6	-0.00252005
211.7	-0.0025241
211.8	-0.00252204
211.9	-0.00252037
212	-0.00251533
212.1	-0.00251226
212.2	-0.00250875
212.3	-0.00250541
212.4	-0.00250712
212.5	-0.00251264
212.6	-0.00251856
212.7	-0.00252825
212.8	-0.00253775
212.9	-0.00254208
213	-0.00254432
213.1	-0.00254537
213.2	-0.00254521
213.3	-0.00254645
213.4	-0.00254783
213.5	-0.00255118
213.6	-0.00255555
213.7	-0.00255708
213.8	-0.00255756
213.9	-0.00255756
214	-0.00256116
214.1	-0.00256971
214.2	-0.00258517
214.3	-0.00260258
214.4	-0.00262062
214.5	-0.00263918
214.6	-0.00266058
214.7	-0.00268367
214.8	-0.0027086
214.9	-0.00273829
215	-0.00276612
215.1	-0.0027859
215.2	-0.00280667
215.3	-0.00282996
215.4	-0.0028539
215.5	-0.00287236
215.6	-0.00288744
215.7	-0.00290078
215.8	-0.0029159
215.9	-0.00293389
216	-0.00295677
216.1	-0.00297662
216.2	-0.00299668
216.3	-0.00301718
216.4	-0.0030383
216.5	-0.00306009
216.6	-0.00308071
216.7	-0.00309138
216.8	-0.00309583
216.9	-0.00309934
217	-0.00310617
217.1	-0.00311592
217.2	-0.00312539
217.3	-0.00312816
217.4	-0.00312512
217.5	-0.00312231
217.6	-0.00311853
217.7	-0.0031132
217.8	-0.00310187
217.9	-0.00308806
218	-0.00307648
218.1	-0.00306709
218.2	-0.00305936
218.3	-0.0030541
218.4	-0.00305354
218.5	-0.00305144
218.6	-0.00304918
218.7	-0.0030469
218.8	-0.00304779
218.9	-0.00304838
219	-0.00304566
219.1	-0.00303513
219.2	-0.00301946
219.3	-0.00300151
219.4	-0.00298495
219.5	-0.00296789
219.6	-0.00294524
219.7	-0.00292084
219.8	-0.00289684
219.9	-0.00287494
220	-0.00285467
220.1	-0.00283261
220.2	-0.0028058
220.3	-0.0027797
220.4	-0.00275351
220.5	-0.00273105
220.6	-0.00270531
220.7	-0.00267565
220.8	-0.00264855
220.9	-0.00261877
221	-0.00258653
221.1	-0.00255414
221.2	-0.00252122
221.3	-0.00249096
221.4	-0.00246489
221.5	-0.00243527
221.6	-0.00240427
221.7	-0.00237413
221.8	-0.00234299
221.9	-0.0023137
222	-0.00228413
222.1	-0.00225834
222.2	-0.00223383
222.3	-0.00220812
222.4	-0.00218137
222.5	-0.00215475
222.6	-0.00212899
222.7	-0.00210484
222.8	-0.00208323
222.9	-0.00206286
223	-0.0020376
223.1	-0.00200802
223.2	-0.00197997
223.3	-0.00195407
223.4	-0.00192222
223.5	-0.00188525
223.6	-0.00184321
223.7	-0.001799
223.8	-0.00175266
223.9	-0.00170501
224	-0.00166046
224.1	-0.00161846
224.2	-0.00157785
224.3	-0.00153838
224.4	-0.00150398
224.5	-0.00146521
224.6	-0.00142489
224.7	-0.00138551
224.8	-0.00134671
224.9	-0.00130879
225	-0.00127781
225.1	-0.00125385
225.2	-0.00123245
225.3	-0.00121546
225.4	-0.00120024
225.5	-0.00117833
225.6	-0.00114834
225.7	-0.00111161
225.8	-0.00107026
225.9	-0.00103302
226	-0.000995606
226.1	-0.000957168
226.2	-0.000915476
226.3	-0.000875234
226.4	-0.000835603
226.5	-0.000793105
226.6	-0.000749526
226.7	-0.000702351
226.8	-0.000656501
226.9	-0.000614099
227	-0.000571603
227.1	-0.000532325
227.2	-0.000490291
227.3	-0.000447606
227.4	-0.000407834
227.5	-0.000371872
227.6	-0.00033437
227.7	-0.000295995
227.8	-0.000255805
227.9	-0.000216498
228	-0.000175626
228.1	-0.000136219
228.2	-0.00010247
228.3	-7.26383e-05
228.4	-5.04601e-05
228.5	-3.5508e-05
228.6	-2.39347e-05
228.7	-1.34369e-05
228.8	1.32274e-06
228.9	2.0599e-05
229	3.86058e-05
229.1	4.97152e-05
229.2	5.44427e-05
229.3	5.66106e-05
229.4	5.19726e-05
229.5	4.66481e-05
229.6	4.35136e-05
229.7	4.2517e-05
229.8	4.23704e-05
229.9	3.91859e-05
230	3.19777e-05
230.1	2.66478e-05
230.2	2.50039e-05
230.3	2.45479e-05
230.4	2.19147e-05
230.5	2.32191e-05
230.6	2.62357e-05
230.7	3.42731e-05
230.8	4.96548e-05
230.9	6.95509e-05
231	9.1936e-05
231.1	0.000115027
231.2	0.000136959
231.3	0.00016204
231.4	0.000185026
231.5	0.000202284
231.6	0.000215811
231.7	0.000218921
231.8	0.000219063
231.9	0.000221118
232	0.000223222
232.1	0.000221376
232.2	0.00021903
232.3	0.000214449
232.4	0.000206061
232.5	0.000203076
232.6	0.000205285
232.7	0.000213221
232.8	0.000224174
232.9	0.000237527
233	0.000250368
233.1	0.000261819
233.2	0.000273107
233.3	0.000284695
233.4	0.000297993
233.5	0.000308209
233.6	0.000319745
233.7	0.000333935
233.8	0.000347323
233.9	0.000361051
234	0.000371816
234.1	0.000382777
234.2	0.000390456
234.3	0.000397141
234.4	0.000408052
234.5	0.000423185
234.6	0.000440094
234.7	0.000456807
234.8	0.000475676
234.9	0.000493902
235	0.000516554
235.1	0.000541843
235.2	0.000565691
235.3	0.000587242
235.4	0.000605447
235.5	0.000617983
235.6	0.000627946
235.7	0.000632738
235.8	0.000637027
235.9	0.000635759
236	0.000629625
236.1	0.000623553
236.2	0.000614771
236.3	0.000603953
236.4	0.000590638
236.5	0.000571632
236.6	0.000545684
236.7	0.000522761
236.8	0.000498981
236.9	0.000474265
237	0.000446813
237.1	0.000421071
237.2	0.000396864
237.3	0.000375345
237.4	0.000353719
237.5	0.000330106
237.6	0.000305307
237.7	0.000279688
237.8	0.000252722
237.9	0.00022467
238	0.000195347
238.1	0.000165423
238.2	0.000137508
238.3	0.000110187
238.4	7.98873e-05
238.5	5.46873e-05
238.6	2.8152e-05
238.7	-2.55879e-06
238.8	-3.4208e-05
238.9	-6.57395e-05
239	-9.54494e-05
239.1	-0.000125235
239.2	-0.00015134
239.3	-0.000171031
239.4	-0.00018627
239.5	-0.000196923
239.6	-0.00020502
239.7	-0.000207912
239.8	-0.000212799
239.9	-0.000218962
240	-0.000223059
240.1	-0.000227963
240.2	-0.000232905
240.3	-0.000239138
240.4	-0.000247291
240.5	-0.000252575
240.6	-0.000258547
240.7	-0.000266995
240.8	-0.00027818
240.9	-0.000284962
241	-0.000288285
241.1	-0.000294274
241.2	-0.000297556
241.3	-0.000300241
241.4	-0.000305989
241.5	-0.00030925
241.6	-0.000312222
241.7	-0.000311897
241.8	-0.000309526
241.9	-0.000311631
242	-0.000314572
242.1	-0.000321056
242.2	-0.000330554
242.3	-0.000339978
242.4	-0.00034403
242.5	-0.000346493
242.6	-0.000346067
242.7	-0.000348934
242.8	-0.000349527
242.9	-0.000345794
243	-0.000339639
243.1	-0.000329466
243.2	-0.000314056
243.3	-0.000293888
243.4	-0.000270568
243.5	-0.00025006
243.6	-0.000238999
243.7	-0.000231411
243.8	-0.000228847
243.9	-0.000221959
244	-0.000215221
244.1	-0.000210382
244.2	-0.000206003
244.3	-0.000197403
244.4	-0.000187022
244.5	-0.000174524
244.6	-0.000160176
244.7	-0.000142151
244.8	-0.000123076
244.9	-0.000105091
245	-8.74639e-05
245.1	-7.01037e-05
245.2	-5.41312e-05
245.3	-4.0479e-05
245.4	-2.79819e-05
245.5	-1.77151e-05
245.6	-6.59088e-06
245.7	2.9709e-06
245.8	1.43906e-05
245.9	3.15601e-05
246	5.09936e-05
246.1	7.56575e-05
246.2	9.85978e-05
246.3	0.000120518
246.4	0.000142128
246.5	0.000166114
246.6	0.000195795
246.7	0.000225252
246.8	0.000255421
246.9	0.000282579
247	0.000306584
247.1	0.000327304
247.2	0.000344903
247.3	0.00036568
247.4	0.000385052
247.5	0.000401118
247.6	0.000414899
247.7	0.00042747
247.8	0.000440169
247.9	0.000449787
248	0.000455005
248.1	0.000461583
248.2	0.000467655
248.3	0.000473396
248.4	0.000478336
248.5	0.000486851
248.6	0.000498207
248.7	0.000509459
248.8	0.000520449
248.9	0.000526494
249	0.000526788
249.1	0.000530563
249.2	0.000535834
249.3	0.000544529
249.4	0.000551831
249.5	0.000554373
249.6	0.00055141
249.7	0.00054084
249.8	0.000533121
249.9	0.000527975
250	0.000524352
250.1	0.000522199
250.2	0.000518389
250.3	0.000514943
250.4	0.000509209
250.5	0.000506194
250.6	0.000504277
250.7	0.000503075
250.8	0.000504022
250.9	0.00050328
251	0.000505951
251.1	0.000509693
251.2	0.000510809
251.3	0.000511674
251.4	0.000517837
251.5	0.000527394
251.6	0.00054581
251.7	0.000567059
251.8	0.000588716
251.9	0.000611705
252	0.000636321
252.1	0.000660874
252.2	0.000686724
252.3	0.000717931
252.4	0.000756046
252.5	0.000791627
252.6	0.000829438
252.7	0.000865207
252.8	0.000893458
252.9	0.000915449
253	0.000930686
253.1	0.000948747
253.2	0.000976472
253.3	0.00100443
253.4	0.00103317
253.5	0.00106443
253.6	0.00110218
253.7	0.00113807
253.8	0.00117292
253.9	0.0012073
254	0.00123844
254.1	0.0012684
254.2	0.00129502
254.3	0.0013195
254.4	0.00134391
254.5	0.0013711
254.6	0.0013983
254.7	0.00142323
254.8	0.0014479
254.9	0.00147439
255	0.00150003
255.1	0.00152137
255.2	0.00154033
255.3	0.00155468
255.4	0.00156704
255.5	0.00157634
255.6	0.00158472
255.7	0.00159006
255.8	0.00159011
255.9	0.00158743
256	0.00157933
256.1	0.00157046
256.2	0.00156245
256.3	0.00155069
256.4	0.00154054
256.5	0.00153261
256.6	0.00152704
256.7	0.00152021
256.8	0.0015078
256.9	0.00149331
257	0.00147849
257.1	0.00145985
257.2	0.00144015
257.3	0.00142096
257.4	0.00140137
257.5	0.00138595
257.6	0.00137325
257.7	0.00136127
257.8	0.00134452
257.9	0.00133168
258	0.00132456
258.1	0.00131711
258.2	0.0013069
258.3	0.00129332
258.4	0.0012835
258.5	0.0012724
258.6	0.00125736
258.7	0.0012425
258.8	0.00122291
258.9	0.00120067
259	0.00118003
259.1	0.00116108
259.2	0.00113867
259.3	0.00111377
259.4	0.00108699
259.5	0.00106683
259.6	0.00105252
259.7	0.00104381
259.8	0.00103238
259.9	0.00102118
260	0.00100928
260.1	0.000998543
260.2	0.000985422
260.3	0.000969036
260.4	0.000953276
260.5	0.000938004
260.6	0.000916491
260.7	0.000891486
260.8	0.00086601
260.9	0.000840062
261	0.000813741
261.1	0.000792556
261.2	0.000768384
261.3	0.000745971
261.4	0.000724793
261.5	0.000700906
261.6	0.000677775
261.7	0.000653753
261.8	0.000628225
261.9	0.000602223
262	0.000579416
262.1	0.000555976
262.2	0.000530653
262.3	0.000504327
262.4	0.000480265
262.5	0.000451969
262.6	0.000416661
262.7	0.000378842
262.8	0.00034366
262.9	0.000305211
263	0.000269206
263.1	0.000239247
263.2	0.00021292
263.3	0.000188194
263.4	0.000165846
263.5	0.000145248
263.6	0.000123059
263.7	9.55785e-05
263.8	6.60389e-05
263.9	3.9383e-05
264	1.08694e-05
264.1	-1.67636e-05
264.2	-4.1535e-05
264.3	-6.51259e-05
264.4	-8.51621e-05
264.5	-0.000101777
264.6	-0.000117254
264.7	-0.000136401
264.8	-0.000161068
264.9	-0.000186166
265	-0.000209923
265.1	-0.000235478
265.2	-0.00025918
265.3	-0.000278145
265.4	-0.000296484
265.5	-0.00031175
265.6	-0.0003264
265.7	-0.000333701
265.8	-0.000340046
265.9	-0.00034547
266	-0.000352951
266.1	-0.000360231
266.2	-0.000367744
266.3	-0.000375103
266.4	-0.000383581
266.5	-0.000392272
266.6	-0.000405746
266.7	-0.000425469
266.8	-0.000452291
266.9	-0.000484829
267	-0.000523501
267.1	-0.000562666
267.2	-0.000602499
267.3	-0.000642242
267.4	-0.000678023
267.5	-0.000713525
267.6	-0.000750782
267.7	-0.000789747
267.8	-0.000826889
267.9	-0.00086057
268	-0.000891475
268.1	-0.000918708
268.2	-0.000946192
268.3	-0.000971212
268.4	-0.000997158
268.5	-0.00101482
268.6	-0.0010223
268.7	-0.00102391
268.8	-0.00101736
268.9	-0.00100531
269	-0.000989417
269.1	-0.000971498
269.2	-0.00095248
269.3	-0.000935734
269.4	-0.000918631
269.5	-0.000902598
269.6	-0.000886362
269.7	-0.000866826
269.8	-0.000847413
269.9	-0.000827395
270	-0.000809957
270.1	-0.000791494
270.2	-0.000775192
270.3	-0.000760508
270.4	-0.000746406
270.5	-0.000734171
270.6	-0.000725594
270.7	-0.000715623
270.8	-0.000705402
270.9	-0.000699277
271	-0.000697661
271.1	-0.000696034
271.2	-0.00068966
271.3	-0.00068074
271.4	-0.000670998
271.5	-0.000660908
271.6	-0.000651778
271.7	-0.00064772
271.8	-0.000648267
271.9	-0.0006476
272	-0.000643706
272.1	-0.000639607
272.2	-0.00064097
272.3	-0.000644924
272.4	-0.000645354
272.5	-0.000643136
272.6	-0.000640177
272.7	-0.000639621
272.8	-0.000640611
272.9	-0.000643514
273	-0.000645531
273.1	-0.000643618
273.2	-0.000645153
273.3	-0.00064732
273.4	-0.000646746
273.5	-0.000646154
273.6	-0.000652158
273.7	-0.000661428
273.8	-0.000674119
273.9	-0.000689928
274	-0.000707341
274.1	-0.000720466
274.2	-0.000736493
274.3	-0.000757536
274.4	-0.0007857
274.5	-0.000815394
274.6	-0.000843913
274.7	-0.000874441
274.8	-0.000905578
274.9	-0.000935757
275	-0.000966822
275.1	-0.000997601
275.2	-0.00102663
275.3	-0.00105624
275.4	-0.00108852
275.5	-0.00112036
275.6	-0.00114733
275.7	-0.00117367
275.8	-0.00119925
275.9	-0.00122386
276	-0.00124629
276.1	-0.00126449
276.2	-0.00127699
276.3	-0.00129496
276.4	-0.00131501
276.5	-0.0013367
276.6	-0.0013547
276.7	-0.00137044
276.8	-0.00138456
276.9	-0.00139663
277	-0.00140483
277.1	-0.00141011
277.2	-0.00140974
277.3	-0.00141137
277.4	-0.00141215
277.5	-0.0014157
277.6	-0.00141839
277.7	-0.00141965
277.8	-0.00141971
277.9	-0.00141753
278	-0.0014147
278.1	-0.00140971
278.2	-0.00139745
278.3	-0.00138636
278.4	-0.00137251
278.5	-0.00135297
278.6	-0.00132896
278.7	-0.00129515
278.8	-0.00125274
278.9	-0.00120308
279	-0.00114557
279.1	-0.00108131
279.2	-0.00101999
279.3	-0.000967613
279.4	-0.000924607
279.5	-0.000888124
279.6	-0.000855489
279.7	-0.000819027
279.8	-0.000774112
279.9	-0.000727818
280	-0.000683827
280.1	-0.000645461
280.2	-0.000611102
280.3	-0.000573575
280.4	-0.000533977
280.5	-0.000498855
280.6	-0.000465446
280.7	-0.000434818
280.8	-0.000404818
280.9	-0.000379346
281	-0.000349874
281.1	-0.000317705
281.2	-0.000287458
281.3	-0.000254869
281.4	-0.000222414
281.5	-0.000196292
281.6	-0.000177525
281.7	-0.000162331
281.8	-0.00014912
281.9	-0.000135206
282	-0.000118054
282.1	-0.000102048
282.2	-8.34191e-05
282.3	-5.94563e-05
282.4	-3.18614e-05
282.5	-2.37665e-06
282.6	2.6611e-05
282.7	4.9016e-05
282.8	7.01399e-05
282.9	9.22118e-05
283	0.000116346
283.1	0.000142887
283.2	0.000166061
283.3	0.00019016
283.4	0.000218491
283.5	0.000251255
283.6	0.000289113
283.7	0.000327132
283.8	0.000367436
283.9	0.000403445
284	0.00043105
284.1	0.000452784
284.2	0.000471654
284.3	0.000487227
284.4	0.000505209
284.5	0.000522329
284.6	0.00053739
284.7	0.000549742
284.8	0.000556615
284.9	0.000564022
285	0.000570281
285.1	0.000573717
285.2	0.000575861
285.3	0.000583554
285.4	0.000592531
285.5	0.000598322
285.6	0.000604606
285.7	0.000615123
285.8	0.000629096
285.9	0.000642851
286	0.000663474
286.1	0.000689021
286.2	0.000715434
286.3	0.000743139
286.4	0.000764209
286.5	0.000784473
286.6	0.000801649
286.7	0.000817811
286.8	0.000828605
286.9	0.000838763
287	0.000841295
287.1	0.00083883
287.2	0.000839019
287.3	0.000842558
287.4	0.000846797
287.5	0.000852851
287.6	0.000857658
287.7	0.000860686
287.8	0.000864274
287.9	0.000864162
288	0.000862227
288.1	0.000858733
288.2	0.000853426
288.3	0.000849669
288.4	0.000851252
288.5	0.000856825
288.6	0.000866438
288.7	0.000879522
288.8	0.000896263
288.9	0.000913805
289	0.000930086
289.1	0.000947435
289.2	0.000962274
289.3	0.000976665
289.4	0.000991857
289.5	0.00100514
289.6	0.00101811
289.7	0.00103193
289.8	0.00104657
289.9	0.00106251
290	0.00107797
290.1	0.00108873
290.2	0.00109795
290.3	0.00110333
290.4	0.00110672
290.5	0.00111043
290.6	0.0011138
290.7	0.00111352
290.8	0.00111167
290.9	0.00110814
291	0.00109643
291.1	0.00108249
291.2	0.00106914
291.3	0.00105593
291.4	0.00104171
291.5	0.00102482
291.6	0.00100541
291.7	0.000980784
291.8	0.000954715
291.9	0.00092435
292	0.000891789
292.1	0.00086063
292.2	0.000833887
292.3	0.000807252
292.4	0.000782716
292.5	0.000753318
292.6	0.000723825
292.7	0.000693748
292.8	0.000663572
292.9	0.000632716
293	0.000595988
293.1	0.000554172
293.2	0.0005067
293.3	0.000457216
293.4	0.00040987
293.5	0.000365939
293.6	0.000325046
293.7	0.000282384
293.8	0.000234903
293.9	0.000187613
294	0.000137344
294.1	8.64057e-05
294.2	3.87457e-05
294.3	-6.69196e-06
294.4	-4.91796e-05
294.5	-8.19483e-05
294.6	-0.000109672
294.7	-0.000136014
294.8	-0.000162766
294.9	-0.000190504
295	-0.000212523
295.1	-0.000230003
295.2	-0.000247564
295.3	-0.000264917
295.4	-0.000278242
295.5	-0.000293712
295.6	-0.000313731
295.7	-0.00033935
295.8	-0.000363471
295.9	-0.000389559
296	-0.000422842
296.1	-0.000462621
296.2	-0.000503202
296.3	-0.000547776
296.4	-0.000594254
296.5	-0.000638634
296.6	-0.000680694
296.7	-0.000714976
296.8	-0.00074259
296.9	-0.000769479
297	-0.000799457
297.1	-0.00082813
297.2	-0.000859694
297.3	-0.000892239
297.4	-0.000930461
297.5	-0.00097182
297.6	-0.00100911
297.7	-0.00104663
297.8	-0.00108498
297.9	-0.00111808
298	-0.0011499
298.1	-0.00117952
298.2	-0.00120805
298.3	-0.00123541
298.4	-0.00126303
298.5	-0.00129121
298.6	-0.00131949
298.7	-0.00134883
298.8	-0.00137964
298.9	-0.00141099
299	-0.00144156
299.1	-0.00146707
299.2	-0.0014886
299.3	-0.00150904
299.4	-0.00153062
299.5	-0.00155187
299.6	-0.00157207
299.7	-0.00159229
299.8	-0.00161416
299.9	-0.00163266
300	-0.00164752
300.1	-0.00166911
300.2	-0.00169274
300.3	-0.00171576
300.4	-0.00173005
300.5	-0.00173967
300.6	-0.00174808
300.7	-0.00175974
300.8	-0.00177191
300.9	-0.00178378
301	-0.00179599
301.1	-0.00180868
301.2	-0.00182211
301.3	-0.00183539
301.4	-0.00184794
301.5	-0.00185877
301.6	-0.00186418
301.7	-0.00186595
301.8	-0.00186112
301.9	-0.00184948
302	-0.00183466
302.1	-0.00182216
302.2	-0.00181758
302.3	-0.00181922
302.4	-0.00182194
302.5	-0.00182754
302.6	-0.00183656
302.7	-0.00184715
302.8	-0.00186389
302.9	-0.00188185
303	-0.00190181
303.1	-0.00192365
303.2	-0.00194441
303.3	-0.00195591
303.4	-0.00196073
303.5	-0.00196331
303.6	-0.00196809
303.7	-0.00197387
303.8	-0.00198061
303.9	-0.00199213
304	-0.00200414
304.1	-0.00201845
304.2	-0.00203023
304.3	-0.00203537
304.4	-0.00203636
304.5	-0.00203085
304.6	-0.0020206
304.7	-0.00200695
304.8	-0.00199507
304.9	-0.00198721
305	-0.00197647
305.1	-0.00196439
305.2	-0.00194738
305.3	-0.00192574
305.4	-0.0019022
305.5	-0.00187523
305.6	-0.0018446
305.7	-0.00181171
305.8	-0.00178024
305.9	-0.00175092
306	-0.00172434
306.1	-0.00169865
306.2	-0.00167577
306.3	-0.00165075
306.4	-0.00162593
306.5	-0.00159939
306.6	-0.00157283
306.7	-0.00154969
306.8	-0.00153128
306.9	-0.00151006
307	-0.00148903
307.1	-0.00146832
307.2	-0.00144998
307.3	-0.00143316
307.4	-0.00141431
307.5	-0.00139145
307.6	-0.00136671
307.7	-0.00134334
307.8	-0.00132506
307.9	-0.00130889
308	-0.00129154
308.1	-0.00127491
308.2	-0.00125852
308.3	-0.00124539
308.4	-0.0012303
308.5	-0.00121288
308.6	-0.00119412
308.7	-0.00117391
308.8	-0.0011538
308.9	-0.0011394
309	-0.0011329
309.1	-0.00112855
309.2	-0.00112688
309.3	-0.00112689
309.4	-0.00112472
309.5	-0.00112186
309.6	-0.00112376
309.7	-0.00112746
309.8	-0.00114095
309.9	-0.00115708
310	-0.0011762
310.1	-0.00119943
310.2	-0.00122207
310.3	-0.00124674
310.4	-0.00127131
310.5	-0.00129956
310.6	-0.00133121
310.7	-0.00136533
310.8	-0.00140471
310.9	-0.00144942
311	-0.00149869
311.1	-0.00155305
311.2	-0.00160499
311.3	-0.00165095
311.4	-0.00169543
311.5	-0.00173814
311.6	-0.00177726
311.7	-0.00181159
311.8	-0.0018441
311.9	-0.00187182
312	-0.00189755
312.1	-0.00191896
312.2	-0.00194468
312.3	-0.00197221
312.4	-0.00200211
312.5	-0.0020401
312.6	-0.00207952
312.7	-0.00211936
312.8	-0.00215665
312.9	-0.00219214
313	-0.0022311
313.1	-0.00227382
313.2	-0.00231987
313.3	-0.00236372
313.4	-0.00240884
313.5	-0.00245187
313.6	-0.00249169
313.7	-0.00253346
313.8	-0.00257544
313.9	-0.00261599
314	-0.00265348
314.1	-0.00268642
314.2	-0.00272147
314.3	-0.00275611
314.4	-0.00278619
314.5	-0.00281398
314.6	-0.00284017
314.7	-0.00286394
314.8	-0.00288203
314.9	-0.00289421
315	-0.0029053
315.1	-0.0029135
315.2	-0.00291908
315.3	-0.00292509
315.4	-0.00293268
315.5	-0.00293958
315.6	-0.00294622
315.7	-0.00295217
315.8	-0.00296064
315.9	-0.00297067
316	-0.00298238
316.1	-0.00299282
316.2	-0.00300472
316.3	-0.00301868
316.4	-0.00302697
316.5	-0.00303293
316.6	-0.00303949
316.7	-0.00304919
316.8	-0.0030563
316.9	-0.00305956
317	-0.00306292
317.1	-0.00306282
317.2	-0.00306001
317.3	-0.00305579
317.4	-0.00305282
317.5	-0.00305243
317.6	-0.00305103
317.7	-0.0030496
317.8	-0.00305362
317.9	-0.00305925
318	-0.00306007
318.1	-0.00306146
318.2	-0.00306201
318.3	-0.00306017
318.4	-0.00306247
318.5	-0.00306574
318.6	-0.00306893
318.7	-0.00307042
318.8	-0.00306283
318.9	-0.0030517
319	-0.00304269
319.1	-0.00303837
319.2	-0.00303719
319.3	-0.00303894
319.4	-0.0030439
319.5	-0.00305039
319.6	-0.0030615
319.7	-0.00307141
319.8	-0.00307922
319.9	-0.00308074
320	-0.00307631
320.1	-0.0030688
320.2	-0.00305852
320.3	-0.0030477
320.4	-0.00304128
320.5	-0.00304214
320.6	-0.00304362
320.7	-0.00304349
320.8	-0.00304264
320.9	-0.00304242
321	-0.00304282
321.1	-0.00304307
321.2	-0.00304424
321.3	-0.00304634
321.4	-0.00304559
321.5	-0.003045
321.6	-0.00304594
321.7	-0.00304579
321.8	-0.0030424
321.9	-0.00303526
322	-0.00302657
322.1	-0.00302395
322.2	-0.00302361
322.3	-0.00302066
322.4	-0.00301639
322.5	-0.00301277
322.6	-0.00301176
322.7	-0.00301239
322.8	-0.00301699
322.9	-0.00302218
323	-0.00302933
323.1	-0.00303746
323.2	-0.00304965
323.3	-0.00306362
323.4	-0.00308259
323.5	-0.00310914
323.6	-0.0031388
323.7	-0.00316673
323.8	-0.00319111
323.9	-0.00321048
324	-0.00322999
324.1	-0.00324841
324.2	-0.00326586
324.3	-0.0032831
324.4	-0.00330068
324.5	-0.00331704
324.6	-0.00332795
324.7	-0.00333264
324.8	-0.00333387
324.9	-0.00333428
325	-0.00333232
325.1	-0.00332586
325.2	-0.00331669
325.3	-0.00330882
325.4	-0.00329936
325.5	-0.00329044
325.6	-0.00328373
325.7	-0.00327647
325.8	-0.00326556
325.9	-0.00325343
326	-0.00324668
326.1	-0.00324292
326.2	-0.00323986
326.3	-0.00323839
326.4	-0.00324579
326.5	-0.00325501
326.6	-0.00325924
326.7	-0.00326011
326.8	-0.0032595
326.9	-0.00325585
327	-0.00325223
327.1	-0.00324443
327.2	-0.00323555
327.3	-0.00323197
327.4	-0.00323128
327.5	-0.00323231
327.6	-0.0032341
327.7	-0.00324006
327.8	-0.00324674
327.9	-0.00324548
328	-0.00324438
328.1	-0.00324337
328.2	-0.00324244
328.3	-0.00324879
328.4	-0.00326276
328.5	-0.00327985
328.6	-0.00329309
328.7	-0.00330419
328.8	-0.00331508
328.9	-0.00332363
329	-0.00332682
329.1	-0.00332542
329.2	-0.00332776
329.3	-0.00332665
329.4	-0.00332382
329.5	-0.00331812
329.6	-0.00331032
329.7	-0.0033023
329.8	-0.00329463
329.9	-0.00329175
330	-0.0032894
330.1	-0.00329258
330.2	-0.00330059
330.3	-0.00330704
330.4	-0.00330837
330.5	-0.00330137
330.6	-0.00329033
330.7	-0.00327604
330.8	-0.0032561
330.9	-0.00323364
331	-0.00320842
331.1	-0.00318455
331.2	-0.00315687
331.3	-0.00313248
331.4	-0.00311385
331.5	-0.00309692
331.6	-0.00308558
331.7	-0.00307568
331.8	-0.00306773
331.9	-0.00306386
332	-0.00306535
332.1	-0.00306931
332.2	-0.00308227
332.3	-0.00310292
332.4	-0.00312764
332.5	-0.0031526
332.6	-0.00317622
332.7	-0.0031974
332.8	-0.00322241
332.9	-0.00324556
333	-0.00326708
333.1	-0.00329066
333.2	-0.00331495
333.3	-0.00333901
333.4	-0.00336162
333.5	-0.00338084
333.6	-0.00340442
333.7	-0.00343012
333.8	-0.00345661
333.9	-0.00348528
334	-0.00350766
334.1	-0.00352395
334.2	-0.00354027
334.3	-0.00355559
334.4	-0.00357143
334.5	-0.00359493
334.6	-0.00361686
334.7	-0.00363672
334.8	-0.00365619
334.9	-0.00367509
335	-0.00369646
335.1	-0.00372073
335.2	-0.00374587
335.3	-0.00376634
335.4	-0.0037832
335.5	-0.00379605
335.6	-0.00380516
335.7	-0.00380681
335.8	-0.00380795
335.9	-0.00380913
336	-0.0038131
336.1	-0.00381804
336.2	-0.00381871
336.3	-0.0038185
336.4	-0.00381513
336.5	-0.00380973
336.6	-0.00380304
336.7	-0.00379708
336.8	-0.00379032
336.9	-0.00378537
337	-0.003783
337.1	-0.00377957
337.2	-0.00377427
337.3	-0.00376467
337.4	-0.00375779
337.5	-0.00375277
337.6	-0.00374373
337.7	-0.00373095
337.8	-0.00371604
337.9	-0.0036949
338	-0.00367301
338.1	-0.00364782
338.2	-0.00362151
338.3	-0.00359379
338.4	-0.00356613
338.5	-0.00353795
338.6	-0.00351228
338.7	-0.00349014
338.8	-0.00346918
338.9	-0.00344625
339	-0.00342242
339.1	-0.00338982
339.2	-0.00335223
339.3	-0.00331449
339.4	-0.00327235
339.5	-0.0032298
339.6	-0.00318075
339.7	-0.00313182
339.8	-0.00308133
339.9	-0.00303366
340	-0.00298759
340.1	-0.00293887
340.2	-0.00289064
340.3	-0.00284441
340.4	-0.00279586
340.5	-0.00274606
340.6	-0.00269504
340.7	-0.00264539
340.8	-0.00260107
340.9	-0.00255969
341	-0.00251792
341.1	-0.00248009
341.2	-0.00244744
341.3	-0.00241087
341.4	-0.00237047
341.5	-0.00232189
341.6	-0.00226837
341.7	-0.00221495
341.8	-0.00216207
341.9	-0.00211102
342	-0.002061
342.1	-0.00201035
342.2	-0.00195968
342.3	-0.00190876
342.4	-0.0018612
342.5	-0.00181627
342.6	-0.00177285
342.7	-0.00173177
342.8	-0.001692
342.9	-0.00165466
343	-0.00162259
343.1	-0.00158922
343.2	-0.00155571
343.3	-0.00151946
343.4	-0.00148239
343.5	-0.00144324
343.6	-0.00140276
343.7	-0.00136613
343.8	-0.00133378
343.9	-0.00129964
344	-0.00126821
344.1	-0.00124131
344.2	-0.00121884
344.3	-0.00119584
344.4	-0.00117203
344.5	-0.00114978
344.6	-0.00113187
344.7	-0.00111728
344.8	-0.00109682
344.9	-0.00107425
345	-0.00105006
345.1	-0.00102464
345.2	-0.000995751
345.3	-0.000966106
345.4	-0.000937391
345.5	-0.00090925
345.6	-0.000887498
345.7	-0.000867987
345.8	-0.000851318
345.9	-0.000836201
346	-0.000824509
346.1	-0.000817465
346.2	-0.000815744
346.3	-0.000814454
346.4	-0.000816604
346.5	-0.000817904
346.6	-0.000819444
346.7	-0.000820561
346.8	-0.000821968
346.9	-0.000822655
347	-0.00082378
347.1	-0.000829457
347.2	-0.000839035
347.3	-0.00084764
347.4	-0.000853409
347.5	-0.000861534
347.6	-0.000867385
347.7	-0.000871615
347.8	-0.000873064
347.9	-0.000872349
348	-0.000870311
348.1	-0.000868199
348.2	-0.000865687
348.3	-0.000866341
348.4	-0.000870671
348.5	-0.000871635
348.6	-0.000868088
348.7	-0.000867953
348.8	-0.00087169
348.9	-0.000873589
349	-0.000874277
349.1	-0.000870667
349.2	-0.000862356
349.3	-0.000852356
349.4	-0.000847381
349.5	-0.000848929
349.6	-0.000852558
349.7	-0.00085551
349.8	-0.000856064
349.9	-0.000857627
350	-0.000860699
350.1	-0.000870756
350.2	-0.000881511
350.3	-0.000888328
350.4	-0.00089482
350.5	-0.000898344
350.6	-0.000897014
350.7	-0.000891045
350.8	-0.000880692
350.9	-0.000869066
351	-0.000852265
351.1	-0.000832941
351.2	-0.000814896
351.3	-0.000796976
351.4	-0.000772119
351.5	-0.000742239
351.6	-0.000715862
351.7	-0.0006864
351.8	-0.000657281
351.9	-0.000629106
352	-0.000602878
352.1	-0.000572411
352.2	-0.000542499
352.3	-0.000508182
352.4	-0.000469323
352.5	-0.000424996
352.6	-0.000381518
352.7	-0.000342044
352.8	-0.000312428
352.9	-0.000285422
353	-0.000262965
353.1	-0.000245651
353.2	-0.000227176
353.3	-0.000209219
353.4	-0.000193101
353.5	-0.000180368
353.6	-0.000165495
353.7	-0.000147656
353.8	-0.000122215
353.9	-9.62373e-05
354	-6.99511e-05
354.1	-3.99465e-05
354.2	-6.12956e-06
354.3	3.26791e-05
354.4	6.50914e-05
354.5	9.32531e-05
354.6	0.000114352
354.7	0.000131428
354.8	0.000148892
354.9	0.000160484
355	0.000169612
355.1	0.000176944
355.2	0.000185772
355.3	0.000198635
355.4	0.00021297
355.5	0.000232105
355.6	0.000254407
355.7	0.000277053
355.8	0.000301238
355.9	0.000326525
356	0.000352413
356.1	0.000381767
356.2	0.000416862
356.3	0.000454702
356.4	0.000488558
356.5	0.000517052
356.6	0.000538686
356.7	0.000553088
356.8	0.000565776
356.9	0.000582692
357	0.000605994
357.1	0.000632318
357.2	0.000661117
357.3	0.000689318
357.4	0.000714131
357.5	0.000733376
357.6	0.000746804
357.7	0.000758092
357.8	0.000765956
357.9	0.000771313
358	0.000776881
358.1	0.000782826
358.2	0.000787226
358.3	0.000795978
358.4	0.000803167
358.5	0.000812418
358.6	0.000825812
358.7	0.00084714
358.8	0.000872462
358.9	0.000899852
359	0.000924023
359.1	0.000947263
359.2	0.000965746
359.3	0.000987269
359.4	0.00100703
359.5	0.00102618
359.6	0.00104429
359.7	0.00106014
359.8	0.00107631
359.9	0.00109902
360	0.00112073
360.1	0.00114428
360.2	0.00117258
360.3	0.00120628
360.4	0.00123804
360.5	0.00126645
360.6	0.00128971
360.7	0.00130471
360.8	0.00131723
360.9	0.00133027
361	0.00134341
361.1	0.00135607
361.2	0.00136517
361.3	0.00137397
361.4	0.00138013
361.5	0.00138835
361.6	0.00139764
361.7	0.00140523
361.8	0.00141082
361.9	0.00141567
362	0.00142088
362.1	0.00142886
362.2	0.00143969
362.3	0.00144853
362.4	0.00145415
362.5	0.00145213
362.6	0.00144613
362.7	0.00143656
362.8	0.00142625
362.9	0.00141591
363	0.00139839
363.1	0.00138243
363.2	0.0013699
363.3	0.00136152
363.4	0.00135111
363.5	0.001344
363.6	0.00134021
363.7	0.00134105
363.8	0.00134525
363.9	0.00135358
364	0.00136555
364.1	0.00137851
364.2	0.00139198
364.3	0.00140244
364.4	0.00140792
364.5	0.00141134
364.6	0.00141257
364.7	0.00141273
364.8	0.00141298
364.9	0.00140733
365	0.00140274
365.1	0.00140218
365.2	0.00139972
365.3	0.00139935
365.4	0.00139931
365.5	0.0014012
365.6	0.0014005
365.7	0.00139675
365.8	0.00139573
365.9	0.00139518
366	0.00139145
366.1	0.00138671
366.2	0.00138234
366.3	0.00138169
366.4	0.00137949
366.5	0.00137341
366.6	0.00136625
366.7	0.00135773
366.8	0.00134555
366.9	0.00133447
367	0.00131977
367.1	0.00130465
367.2	0.00129089
367.3	0.00127555
367.4	0.00125466
367.5	0.00123261
367.6	0.00120989
367.7	0.00119113
367.8	0.00117854
367.9	0.0011672
368	0.00116025
368.1	0.00115636
368.2	0.00114944
368.3	0.00114194
368.4	0.00113554
368.5	0.00112845
368.6	0.00112122
368.7	0.00111463
368.8	0.0011115
368.9	0.00110421
369	0.00109598
369.1	0.00108646
369.2	0.00107844
369.3	0.00107117
369.4	0.00107148
369.5	0.001077
369.6	0.0010886
369.7	0.0011024
369.8	0.00111185
369.9	0.00111743
370	0.00112
370.1	0.00111792
370.2	0.00111095
370.3	0.00110494
370.4	0.00110086
370.5	0.00109815
370.6	0.00109109
370.7	0.00108234
370.8	0.00107507
370.9	0.0010718
371	0.00107098
371.1	0.00106691
371.2	0.00106586
371.3	0.00106246
371.4	0.00105756
371.5	0.00105211
371.6	0.00104896
371.7	0.00104656
371.8	0.00104794
371.9	0.00105442
372	0.00106268
372.1	0.00106839
372.2	0.00107455
372.3	0.00108296
372.4	0.00109388
372.5	0.00110864
372.6	0.00112694
372.7	0.0011494
372.8	0.00117003
372.9	0.00119214
373	0.00121524
373.1	0.00123938
373.2	0.00126476
373.3	0.00128644
373.4	0.00130264
373.5	0.00131735
373.6	0.00132802
373.7	0.00133543
373.8	0.00133998
373.9	0.00134545
374	0.00134987
374.1	0.00135153
374.2	0.00135346
374.3	0.00135781
374.4	0.00136199
374.5	0.00136284
374.6	0.00136504
374.7	0.00136638
374.8	0.00136894
374.9	0.00137529
375	0.00138611
375.1	0.00139496
375.2	0.00140066
375.3	0.00139787
375.4	0.00138897
375.5	0.00137547
375.6	0.0013574
375.7	0.00133781
375.8	0.00131896
375.9	0.00130259
376	0.00128926
376.1	0.00128323
376.2	0.00128157
376.3	0.00128607
376.4	0.00128916
376.5	0.00128827
376.6	0.00127789
376.7	0.00126603
376.8	0.00125469
376.9	0.00124536
377	0.00123497
377.1	0.00122273
377.2	0.00120835
377.3	0.00119201
377.4	0.00117151
377.5	0.00115333
377.6	0.00113427
377.7	0.00111357
377.8	0.00109544
377.9	0.00107611
378	0.00105697
378.1	0.0010368
378.2	0.00101708
378.3	0.001
378.4	0.000982855
378.5	0.000961395
378.6	0.00094051
378.7	0.000919594
378.8	0.000899982
378.9	0.000884112
379	0.000869024
379.1	0.000855113
379.2	0.000839059
379.3	0.000820226
379.4	0.000799507
379.5	0.000778817
379.6	0.000760592
379.7	0.00074366
379.8	0.000729441
379.9	0.00071817
380	0.000713284
380.1	0.000713472
380.2	0.000715838
380.3	0.000718618
380.4	0.000724333
380.5	0.000731187
380.6	0.000734035
380.7	0.000731707
380.8	0.000731392
380.9	0.000730105
381	0.000728706
381.1	0.000725381
381.2	0.000719895
381.3	0.000716421
381.4	0.0007155
381.5	0.000718515
381.6	0.000722917
381.7	0.000729758
381.8	0.000738919
381.9	0.000747836
382	0.000748958
382.1	0.000749752
382.2	0.000749363
382.3	0.00075071
382.4	0.000758956
382.5	0.000768544
382.6	0.000775289
382.7	0.000785517
382.8	0.000800033
382.9	0.00081358
383	0.000828694
383.1	0.000842968
383.2	0.000853905
383.3	0.000867391
383.4	0.000879835
383.5	0.000888838
383.6	0.000893953
383.7	0.000893517
383.8	0.000889506
383.9	0.000884447
384	0.000879356
384.1	0.000873903
384.2	0.000869776
384.3	0.000867225
384.4	0.000863367
384.5	0.00085472
384.6	0.000842382
384.7	0.000833124
384.8	0.000830354
384.9	0.000835021
385	0.000842001
385.1	0.000850157
385.2	0.000860655
385.3	0.000868253
385.4	0.000871426
385.5	0.000874872
385.6	0.00087685
385.7	0.000875192
385.8	0.000868416
385.9	0.000858342
386	0.000846744
386.1	0.000839433
386.2	0.000835295
386.3	0.000835413
386.4	0.000833568
386.5	0.000831845
386.6	0.00082801
386.7	0.000820747
386.8	0.000812839
386.9	0.000801968
387	0.000786775
387.1	0.00077731
387.2	0.000774174
387.3	0.000771572
387.4	0.000768439
387.5	0.000767021
387.6	0.000770974
387.7	0.000770602
387.8	0.000772665
387.9	0.000772983
388	0.000775529
388.1	0.000774054
388.2	0.0007689
388.3	0.000761695
388.4	0.000759039
388.5	0.000757454
388.6	0.000756008
388.7	0.000753671
388.8	0.000755534
388.9	0.00075449
389	0.000750878
389.1	0.000744143
389.2	0.000738465
389.3	0.000730272
389.4	0.000718756
389.5	0.000708299
389.6	0.000697752
389.7	0.000690325
389.8	0.00068366
389.9	0.000674954
390	0.000664454
390.1	0.000654189
390.2	0.000643674
390.3	0.000633176
390.4	0.000619465
390.5	0.000603323
390.6	0.000581942
390.7	0.000559568
390.8	0.000530203
390.9	0.000494376
391	0.000461568
391.1	0.000430558
391.2	0.000402971
391.3	0.000376275
391.4	0.000352803
391.5	0.000330662
391.6	0.000307915
391.7	0.000283117
391.8	0.00025527
391.9	0.000224863
392	0.000195146
392.1	0.000165049
392.2	0.000130657
392.3	9.71063e-05
392.4	6.23607e-05
392.5	3.00443e-05
392.6	3.23238e-06
392.7	-1.92572e-05
392.8	-3.55985e-05
392.9	-5.6165e-05
393	-7.999e-05
393.1	-0.000103591
393.2	-0.000127789
393.3	-0.000156811
393.4	-0.000191562
393.5	-0.000228531
393.6	-0.000264069
393.7	-0.000298459
393.8	-0.000330599
393.9	-0.000357278
394	-0.000378238
394.1	-0.000401763
394.2	-0.00042025
394.3	-0.000434172
394.4	-0.000444529
394.5	-0.000451732
394.6	-0.0004533
394.7	-0.000453803
394.8	-0.000455985
394.9	-0.00045716
395	-0.000461056
395.1	-0.000471675
395.2	-0.00048988
395.3	-0.000509394
395.4	-0.000532699
395.5	-0.000565519
395.6	-0.00059924
395.7	-0.000638869
395.8	-0.000683318
395.9	-0.000727235
396	-0.000780299
396.1	-0.000838497
396.2	-0.000891217
396.3	-0.000933493
396.4	-0.000970479
396.5	-0.00100528
396.6	-0.00104373
396.7	-0.0010803
396.8	-0.00111381
396.9	-0.00114319
397	-0.00116731
397.1	-0.00118797
397.2	-0.00120335
397.3	-0.00121768
397.4	-0.00122359
397.5	-0.00122526
397.6	-0.00122345
397.7	-0.0012175
397.8	-0.00120821
397.9	-0.00118804
398	-0.00116493
398.1	-0.00114332
398.2	-0.00112115
398.3	-0.00109855
398.4	-0.00107536
398.5	-0.00104797
398.6	-0.00102354
398.7	-0.00100084
398.8	-0.000973693
398.9	-0.000947002
399	-0.000916634
399.1	-0.000887925
399.2	-0.000862565
399.3	-0.000838674
399.4	-0.000818429
399.5	-0.000801409
399.6	-0.000785685
399.7	-0.000772785
399.8	-0.00076426
399.9	-0.000758371
400	-0.000750918
400.1	-0.000746031
400.2	-0.000741229
400.3	-0.000733526
400.4	-0.000720491
400.5	-0.000703105
400.6	-0.000687787
400.7	-0.000676928
400.8	-0.000672227
400.9	-0.000669505
401	-0.000670112
401.1	-0.000670506
401.2	-0.000665705
401.3	-0.000657302
401.4	-0.000651776
401.5	-0.000650356
401.6	-0.000651623
401.7	-0.000656475
401.8	-0.000664466
401.9	-0.000677848
402	-0.000692748
402.1	-0.00070682
402.2	-0.000721098
402.3	-0.000735771
402.4	-0.000749555
402.5	-0.000763426
402.6	-0.00078095
402.7	-0.000803089
402.8	-0.000827381
402.9	-0.000851579
403	-0.000874497
403.1	-0.000893832
403.2	-0.000913069
403.3	-0.000929154
403.4	-0.000943578
403.5	-0.000951758
403.6	-0.000956834
403.7	-0.000959109
403.8	-0.000958256
403.9	-0.000956467
404	-0.000956765
404.1	-0.000957351
404.2	-0.000956766
404.3	-0.0009571
404.4	-0.000957413
404.5	-0.000956739
404.6	-0.000957349
404.7	-0.000958762
404.8	-0.000965297
404.9	-0.000974226
405	-0.000983846
405.1	-0.000987844
405.2	-0.000989418
405.3	-0.000989706
405.4	-0.00098656
405.5	-0.000983203
405.6	-0.00097887
405.7	-0.000977749
405.8	-0.000979456
405.9	-0.000982664
406	-0.000992305
406.1	-0.00100985
406.2	-0.00103211
406.3	-0.00106082
406.4	-0.00109271
406.5	-0.00112587
406.6	-0.00115829
406.7	-0.00118469
406.8	-0.0012066
406.9	-0.00123231
407	-0.00125799
407.1	-0.00128513
407.2	-0.00131595
407.3	-0.00134797
407.4	-0.00138353
407.5	-0.00142098
407.6	-0.00145784
407.7	-0.00149107
407.8	-0.00152494
407.9	-0.00156059
408	-0.00159501
408.1	-0.00162517
408.2	-0.00165234
408.3	-0.00167588
408.4	-0.0016947
408.5	-0.00170969
408.6	-0.00172135
408.7	-0.00173392
408.8	-0.00174854
408.9	-0.00176466
409	-0.00177911
409.1	-0.00179118
409.2	-0.00180327
409.3	-0.00181426
409.4	-0.00182089
409.5	-0.00182345
409.6	-0.00182327
409.7	-0.00182591
409.8	-0.00182817
409.9	-0.00183043
410	-0.0018302
410.1	-0.00182707
410.2	-0.00182879
410.3	-0.00183309
410.4	-0.0018335
410.5	-0.00183
410.6	-0.00182181
410.7	-0.00181229
410.8	-0.00180228
410.9	-0.00179142
411	-0.00177951
411.1	-0.00176555
411.2	-0.00175153
411.3	-0.00173189
411.4	-0.001703
411.5	-0.00167187
411.6	-0.00164192
411.7	-0.00161634
411.8	-0.00159103
411.9	-0.00156432
412	-0.00153946
412.1	-0.00151531
412.2	-0.00149135
412.3	-0.00146722
412.4	-0.00144647
412.5	-0.00143141
412.6	-0.00141712
412.7	-0.0014057
412.8	-0.0013986
412.9	-0.00138995
413	-0.00138069
413.1	-0.00136865
413.2	-0.00135765
413.3	-0.00134929
413.4	-0.00134188
413.5	-0.00133316
413.6	-0.00132426
413.7	-0.00131415
413.8	-0.00130345
413.9	-0.00128986
414	-0.00128119
414.1	-0.00127892
414.2	-0.00128526
414.3	-0.00129445
414.4	-0.00130606
414.5	-0.00131782
414.6	-0.00133055
414.7	-0.0013394
414.8	-0.00134891
414.9	-0.00135887
415	-0.00136499
415.1	-0.00136894
415.2	-0.00136904
415.3	-0.00136274
415.4	-0.00134671
415.5	-0.00132894
415.6	-0.00131008
415.7	-0.00129042
415.8	-0.00126821
415.9	-0.00124757
416	-0.00123202
416.1	-0.00122027
416.2	-0.00121195
416.3	-0.0012055
416.4	-0.0011999
416.5	-0.00119027
416.6	-0.00118013
416.7	-0.00117028
416.8	-0.00116121
416.9	-0.00115198
417	-0.00114328
417.1	-0.00113779
417.2	-0.00113282
417.3	-0.00112599
417.4	-0.0011201
417.5	-0.00112003
417.6	-0.00112046
417.7	-0.00111719
417.8	-0.00110949
417.9	-0.00109875
418	-0.00108421
418.1	-0.00106582
418.2	-0.00104809
418.3	-0.00103225
418.4	-0.00101686
418.5	-0.0010005
418.6	-0.000983236
418.7	-0.000963293
418.8	-0.000942205
418.9	-0.000914149
419	-0.000885373
419.1	-0.00085833
419.2	-0.000833474
419.3	-0.000809353
419.4	-0.000784521
419.5	-0.000757163
419.6	-0.000730015
419.7	-0.000702079
419.8	-0.000677661
419.9	-0.000663702
420	-0.000652008
420.1	-0.000637433
420.2	-0.00061535
420.3	-0.000590033
420.4	-0.000565553
420.5	-0.000546772
420.6	-0.000533495
420.7	-0.000518921
420.8	-0.00050164
420.9	-0.000485971
421	-0.000474619
421.1	-0.000460118
421.2	-0.000441562
421.3	-0.00041919
421.4	-0.000396068
421.5	-0.000375288
421.6	-0.000352735
421.7	-0.000333761
421.8	-0.000320921
421.9	-0.000307449
422	-0.000292017
422.1	-0.00027651
422.2	-0.000263384
422.3	-0.000250707
422.4	-0.000243324
422.5	-0.00023516
422.6	-0.000229977
422.7	-0.000225726
422.8	-0.000214947
422.9	-0.000199237
423	-0.000181739
423.1	-0.000165486
423.2	-0.000148751
423.3	-0.000135217
423.4	-0.000121721
423.5	-0.000111567
423.6	-9.9719e-05
423.7	-9.05798e-05
423.8	-8.53737e-05
423.9	-8.02661e-05
424	-7.85072e-05
424.1	-7.90781e-05
424.2	-7.73277e-05
424.3	-7.30364e-05
424.4	-6.75231e-05
424.5	-6.96277e-05
424.6	-7.01684e-05
424.7	-6.77958e-05
424.8	-6.31214e-05
424.9	-6.53993e-05
425	-6.72813e-05
425.1	-6.80982e-05
425.2	-7.25783e-05
425.3	-7.87653e-05
425.4	-8.42382e-05
425.5	-8.73893e-05
425.6	-9.25148e-05
425.7	-0.000100374
425.8	-0.000106777
425.9	-0.000110894
426	-0.000116663
426.1	-0.000122819
426.2	-0.000128984
426.3	-0.000137905
426.4	-0.00014894
426.5	-0.000158118
426.6	-0.000158186
426.7	-0.000155211
426.8	-0.000152395
426.9	-0.000146987
427	-0.000140204
427.1	-0.000133088
427.2	-0.000126744
427.3	-0.000118592
427.4	-0.000109955
427.5	-0.000105794
427.6	-0.000106487
427.7	-0.000110876
427.8	-0.000116094
427.9	-0.000125143
428	-0.00013309
428.1	-0.000140277
428.2	-0.000143666
428.3	-0.000147136
428.4	-0.000149872
428.5	-0.000148914
428.6	-0.000144305
428.7	-0.000134432
428.8	-0.000120677
428.9	-0.000107529
429	-9.44094e-05
429.1	-8.1119e-05
429.2	-7.29781e-05
429.3	-6.44971e-05
429.4	-5.31889e-05
429.5	-4.19693e-05
429.6	-3.60568e-05
429.7	-3.18186e-05
429.8	-3.3086e-05
429.9	-3.49753e-05
430	-3.80261e-05
430.1	-4.01205e-05
430.2	-4.14112e-05
430.3	-4.0491e-05
430.4	-3.8144e-05
430.5	-3.26712e-05
430.6	-2.78368e-05
430.7	-2.42578e-05
430.8	-2.01237e-05
430.9	-2.04249e-05
431	-2.05475e-05
431.1	-1.59439e-05
431.2	-1.06429e-05
431.3	-3.51624e-06
431.4	4.74995e-06
431.5	1.43147e-05
431.6	2.28937e-05
431.7	3.08021e-05
431.8	3.95827e-05
431.9	5.12798e-05
432	7.02525e-05
432.1	9.16994e-05
432.2	0.000108866
432.3	0.000124437
432.4	0.000136149
432.5	0.00014382
432.6	0.000145253
432.7	0.000149078
432.8	0.000154644
432.9	0.000162298
433	0.000171676
433.1	0.000183644
433.2	0.000194142
433.3	0.000201501
433.4	0.000206902
433.5	0.000211946
433.6	0.000220375
433.7	0.000231122
433.8	0.000244193
433.9	0.000257522
434	0.000268067
434.1	0.00028334
434.2	0.000306745
434.3	0.000336811
434.4	0.000366761
434.5	0.000399243
434.6	0.000431128
434.7	0.000462892
434.8	0.000494301
434.9	0.000521709
435	0.000546196
435.1	0.00056527
435.2	0.000582248
435.3	0.00059908
435.4	0.000621509
435.5	0.000644677
435.6	0.000669678
435.7	0.00069131
435.8	0.000716205
435.9	0.000742505
436	0.000772237
436.1	0.000803553
436.2	0.00083902
436.3	0.000882002
436.4	0.000933204
436.5	0.000981541
436.6	0.00102504
436.7	0.00106927
436.8	0.00111574
436.9	0.00116574
437	0.00121922
437.1	0.00127718
437.2	0.00134176
437.3	0.00140921
437.4	0.00147547
437.5	0.00153835
437.6	0.00159314
437.7	0.00164265
437.8	0.00168972
437.9	0.00173895
438	0.00179174
438.1	0.00184692
438.2	0.00189987
438.3	0.0019566
438.4	0.00201525
438.5	0.00207558
438.6	0.00213991
438.7	0.00220919
438.8	0.00227955
438.9	0.00235168
439	0.00241881
439.1	0.00248221
439.2	0.00254176
439.3	0.00259548
439.4	0.00264731
439.5	0.0027004
439.6	0.00275277
439.7	0.00280105
439.8	0.00284873
439.9	0.00289649
440	0.00294624
440.1	0.00298817
440.2	0.00302372
440.3	0.00305675
440.4	0.00308553
440.5	0.00311402
440.6	0.00314093
440.7	0.00316154
440.8	0.00317519
440.9	0.00318327
441	0.00318939
441.1	0.00319129
441.2	0.00319221
441.3	0.00319604
441.4	0.0032053
441.5	0.00321915
441.6	0.00323351
441.7	0.00324899
441.8	0.00327099
441.9	0.003296
442	0.00331961
442.1	0.00334222
442.2	0.00335953
442.3	0.0033745
442.4	0.00338726
442.5	0.00339653
442.6	0.00340642
442.7	0.00341222
442.8	0.0034167
442.9	0.00341426
443	0.00340714
443.1	0.00339512
443.2	0.00338433
443.3	0.00337416
443.4	0.00336126
443.5	0.00334908
443.6	0.00334194
443.7	0.00334147
443.8	0.00334633
443.9	0.00334474
444	0.00334022
444.1	0.00333303
444.2	0.00332575
444.3	0.00332255
444.4	0.00332537
444.5	0.00333209
444.6	0.00333686
444.7	0.00333733
444.8	0.00333536
444.9	0.00333487
445	0.00333331
445.1	0.00333265
445.2	0.00333377
445.3	0.00333249
445.4	0.0033324
445.5	0.0033327
445.6	0.00333157
445.7	0.00333182
445.8	0.00333013
445.9	0.00332536
446	0.00332138
446.1	0.00332321
446.2	0.00333126
446.3	0.00334457
446.4	0.00336493
446.5	0.0033855
446.6	0.00341066
446.7	0.00343667
446.8	0.00346212
446.9	0.00348844
447	0.00351831
447.1	0.0035463
447.2	0.00357043
447.3	0.00359075
447.4	0.00360877
447.5	0.00362631
447.6	0.00364549
447.7	0.00366444
447.8	0.00368167
447.9	0.00369578
448	0.0037099
448.1	0.0037261
448.2	0.00374191
448.3	0.00375516
448.4	0.00376721
448.5	0.0037783
448.6	0.00378734
448.7	0.00379546
448.8	0.00379977
448.9	0.00380203
449	0.00380288
449.1	0.00380378
449.2	0.0038028
449.3	0.00380402
449.4	0.00379891
449.5	0.00379403
449.6	0.0037937
449.7	0.00379592
449.8	0.00379867
449.9	0.00380013
450	0.00380088
450.1	0.00380287
450.2	0.00380716
450.3	0.00381011
450.4	0.00381447
450.5	0.00382271
450.6	0.00383118
450.7	0.0038409
450.8	0.00385003
450.9	0.00385346
451	0.00385659
451.1	0.00385518
451.2	0.00385107
451.3	0.00384478
451.4	0.00383919
451.5	0.00383809
451.6	0.00383809
451.7	0.00384003
451.8	0.00383855
451.9	0.00383143
452	0.0038231
452.1	0.00381684
452.2	0.00381039
452.3	0.00380083
452.4	0.00379108
452.5	0.00378329
452.6	0.00377745
452.7	0.0037743
452.8	0.00377239
452.9	0.00376714
453	0.0037621
453.1	0.00374911
453.2	0.00373446
453.3	0.00372157
453.4	0.00370988
453.5	0.00370605
453.6	0.00370228
453.7	0.00370184
453.8	0.0036995
453.9	0.00369582
454	0.00369141
454.1	0.00368666
454.2	0.00368119
454.3	0.0036765
454.4	0.003671
454.5	0.0036584
454.6	0.00364385
454.7	0.00362548
454.8	0.00359805
454.9	0.00356424
455	0.00353341
455.1	0.00350212
455.2	0.00347059
455.3	0.00344245
455.4	0.00341384
455.5	0.00338243
455.6	0.0033532
455.7	0.00332373
455.8	0.00329641
455.9	0.00326883
456	0.00323914
456.1	0.00321519
456.2	0.00319145
456.3	0.00316824
456.4	0.00314327
456.5	0.00312399
456.6	0.00310471
456.7	0.00308606
456.8	0.00306492
456.9	0.00304378
457	0.00302268
457.1	0.00300114
457.2	0.00298138
457.3	0.00296714
457.4	0.00295314
457.5	0.00293397
457.6	0.00291405
457.7	0.00289958
457.8	0.00288436
457.9	0.00286479
458	0.00284354
458.1	0.00282239
458.2	0.00280316
458.3	0.00278766
458.4	0.00277634
458.5	0.00276514
458.6	0.00275225
458.7	0.00273979
458.8	0.00272867
458.9	0.00272567
459	0.00272816
459.1	0.00273081
459.2	0.00274009
459.3	0.00275717
459.4	0.00277917
459.5	0.00280599
459.6	0.00283694
459.7	0.00286662
459.8	0.0028989
459.9	0.00293346
460	0.00296978
460.1	0.00300744
460.2	0.00304496
460.3	0.00308272
460.4	0.00312172
460.5	0.00315979
460.6	0.00319303
460.7	0.00322502
460.8	0.00325944
460.9	0.00329051
461	0.00331988
461.1	0.00335392
461.2	0.00339307
461.3	0.00343426
461.4	0.0034715
461.5	0.00350639
461.6	0.00353529
461.7	0.00356146
461.8	0.00358649
461.9	0.00361387
462	0.00364251
462.1	0.00367176
462.2	0.00369864
462.3	0.00372161
462.4	0.00374542
462.5	0.00376715
462.6	0.00378595
462.7	0.0038057
462.8	0.00382795
462.9	0.00385298
463	0.00388133
463.1	0.0039126
463.2	0.00394661
463.3	0.00398587
463.4	0.00402797
463.5	0.00406485
463.6	0.00409861
463.7	0.00412972
463.8	0.00415954
463.9	0.00418924
464	0.0042212
464.1	0.00425674
464.2	0.00428966
464.3	0.00432009
464.4	0.00434376
464.5	0.00436912
464.6	0.0043955
464.7	0.00442224
464.8	0.00445348
464.9	0.0044823
465	0.00451045
465.1	0.00453643
465.2	0.00455691
465.3	0.00457401
465.4	0.0045889
465.5	0.00460447
465.6	0.00461846
465.7	0.00463036
465.8	0.00463985
465.9	0.00464471
466	0.00464444
466.1	0.00464613
466.2	0.00465415
466.3	0.00466503
466.4	0.00468046
466.5	0.00469975
466.6	0.0047234
466.7	0.00475036
466.8	0.00478134
466.9	0.00481047
467	0.0048402
467.1	0.00486758
467.2	0.00489458
467.3	0.00491975
467.4	0.00493818
467.5	0.00495001
467.6	0.00495488
467.7	0.00495992
467.8	0.00496528
467.9	0.00496976
468	0.0049739
468.1	0.0049788
468.2	0.00498419
468.3	0.00499106
468.4	0.00500157
468.5	0.00501319
468.6	0.0050206
468.7	0.0050241
468.8	0.00502287
468.9	0.00501902
469	0.00501374
469.1	0.00500484
469.2	0.00499165
469.3	0.00497903
469.4	0.00496432
469.5	0.00494692
469.6	0.00492487
469.7	0.00490086
469.8	0.00487695
469.9	0.00485016
470	0.00482311
470.1	0.00479626
470.2	0.00476644
470.3	0.00473217
470.4	0.00468957
470.5	0.00464575
470.6	0.00459805
470.7	0.00455117
470.8	0.00450397
470.9	0.00445284
471	0.00439776
471.1	0.00434633
471.2	0.00429968
471.3	0.00425624
471.4	0.00421526
471.5	0.00417749
471.6	0.00414369
471.7	0.00410962
471.8	0.00407539
471.9	0.00404154
472	0.00400568
472.1	0.00396355
472.2	0.00392218
472.3	0.00388092
472.4	0.00384267
472.5	0.00380246
472.6	0.0037641
472.7	0.0037232
472.8	0.00367899
472.9	0.00363318
473	0.00359063
473.1	0.00354522
473.2	0.00349912
473.3	0.00345096
473.4	0.00340046
473.5	0.00334757
473.6	0.00329015
473.7	0.00323207
473.8	0.00317504
473.9	0.00311733
474	0.00305786
474.1	0.00300076
474.2	0.00294387
474.3	0.00288746
474.4	0.00283616
474.5	0.00278813
474.6	0.00273736
474.7	0.00268326
474.8	0.00263124
474.9	0.00257877
475	0.00252967
475.1	0.00248744
475.2	0.00244844
475.3	0.00240426
475.4	0.00235381
475.5	0.00230265
475.6	0.00225154
475.7	0.00220244
475.8	0.00214499
475.9	0.00208603
476	0.00203061
476.1	0.00197749
476.2	0.00192306
476.3	0.00186764
476.4	0.00181259
476.5	0.00176039
476.6	0.00170961
476.7	0.00166199
476.8	0.00161812
476.9	0.00157496
477	0.00153757
477.1	0.00150499
477.2	0.00147309
477.3	0.00144083
477.4	0.00140976
477.5	0.00137688
477.6	0.00134256
477.7	0.00130519
477.8	0.00126835
477.9	0.00123451
478	0.00120073
478.1	0.00117019
478.2	0.00113996
478.3	0.00111073
478.4	0.00108886
478.5	0.0010747
478.6	0.00106285
478.7	0.00104924
478.8	0.00103678
478.9	0.00102422
479	0.00101144
479.1	0.000997346
479.2	0.000978594
479.3	0.000961821
479.4	0.000944204
479.5	0.000923808
479.6	0.000902539
479.7	0.000877633
479.8	0.00085414
479.9	0.000832341
480	0.000810801
480.1	0.000790364
480.2	0.000767704
480.3	0.000739872
480.4	0.000712648
480.5	0.000685991
480.6	0.000660829
480.7	0.000638092
480.8	0.000619057
480.9	0.000599102
481	0.000577268
481.1	0.000553542
481.2	0.0005319
481.3	0.000507489
481.4	0.000479861
481.5	0.000451994
481.6	0.00042823
481.7	0.000410395
481.8	0.000395906
481.9	0.000380212
482	0.000365718
482.1	0.000350821
482.2	0.000334948
482.3	0.000317578
482.4	0.000302092
482.5	0.000293993
482.6	0.000288382
482.7	0.000282467
482.8	0.000272118
482.9	0.000259562
483	0.000249247
483.1	0.00023509
483.2	0.000217488
483.3	0.000192571
483.4	0.00016444
483.5	0.000135858
483.6	0.000107618
483.7	8.06915e-05
483.8	5.94248e-05
483.9	3.88402e-05
484	2.22669e-05
484.1	2.8423e-06
484.2	-1.70873e-05
484.3	-4.04003e-05
484.4	-6.4594e-05
484.5	-8.57937e-05
484.6	-0.000106383
484.7	-0.00012439
484.8	-0.000139278
484.9	-0.00015178
485	-0.000165339
485.1	-0.000181878
485.2	-0.0001956
485.3	-0.000207029
485.4	-0.000213707
485.5	-0.000218858
485.6	-0.00022218
485.7	-0.000226822
485.8	-0.000230965
485.9	-0.000234565
486	-0.000236567
486.1	-0.000235729
486.2	-0.000230446
486.3	-0.000226324
486.4	-0.000220533
486.5	-0.000211955
486.6	-0.000199132
486.7	-0.000182812
486.8	-0.000171519
486.9	-0.000166874
487	-0.000166075
487.1	-0.000166854
487.2	-0.00016875
487.3	-0.000169296
487.4	-0.000167149
487.5	-0.000167805
487.6	-0.00017771
487.7	-0.000189384
487.8	-0.000204466
487.9	-0.000223446
488	-0.000245614
488.1	-0.000263928
488.2	-0.000283887
488.3	-0.000304529
488.4	-0.000323183
488.5	-0.000338088
488.6	-0.00035131
488.7	-0.000361833
488.8	-0.000366229
488.9	-0.00036887
489	-0.000374372
489.1	-0.000381047
489.2	-0.00039141
489.3	-0.000399264
489.4	-0.000401599
489.5	-0.000401458
489.6	-0.000400785
489.7	-0.000406592
489.8	-0.000418354
489.9	-0.000432316
490	-0.000448504
490.1	-0.000462843
490.2	-0.00047484
490.3	-0.00048678
490.4	-0.000494838
490.5	-0.000501593
490.6	-0.000511813
490.7	-0.00052396
490.8	-0.000538466
490.9	-0.000553757
491	-0.000568421
491.1	-0.000587422
491.2	-0.000606113
491.3	-0.000623715
491.4	-0.000643018
491.5	-0.000660996
491.6	-0.000679569
491.7	-0.000700395
491.8	-0.000720592
491.9	-0.000742271
492	-0.000760803
492.1	-0.000774205
492.2	-0.00078321
492.3	-0.000793451
492.4	-0.000802383
492.5	-0.000813855
492.6	-0.000828914
492.7	-0.000847269
492.8	-0.000865108
492.9	-0.000880064
493	-0.000888892
493.1	-0.000898851
493.2	-0.000909632
493.3	-0.000923781
493.4	-0.000937525
493.5	-0.000945955
493.6	-0.000949266
493.7	-0.000943993
493.8	-0.00094112
493.9	-0.000936003
494	-0.000929022
494.1	-0.000919414
494.2	-0.00090641
494.3	-0.000887859
494.4	-0.000869645
494.5	-0.000854049
494.6	-0.000839548
494.7	-0.000825537
494.8	-0.000814409
494.9	-0.000801544
495	-0.000793077
495.1	-0.000786545
495.2	-0.000779201
495.3	-0.000772135
495.4	-0.000767621
495.5	-0.000766649
495.6	-0.00077084
495.7	-0.000773772
495.8	-0.000772439
495.9	-0.000773647
496	-0.000774375
496.1	-0.000774973
496.2	-0.00077432
496.3	-0.000776586
496.4	-0.000775231
496.5	-0.000768036
496.6	-0.000763539
496.7	-0.00075851
496.8	-0.000755506
496.9	-0.000753065
497	-0.000748277
497.1	-0.00074217
497.2	-0.00073635
497.3	-0.000737844
497.4	-0.000740383
497.5	-0.00074999
497.6	-0.00075819
497.7	-0.000766456
497.8	-0.000769566
497.9	-0.000765263
498	-0.000758915
498.1	-0.000751053
498.2	-0.00073779
498.3	-0.000722352
498.4	-0.000707209
498.5	-0.000694533
498.6	-0.000687039
498.7	-0.000679245
498.8	-0.000671287
498.9	-0.000664137
499	-0.00066002
499.1	-0.000655949
499.2	-0.000648051
499.3	-0.000637729
499.4	-0.000627314
499.5	-0.000612025
499.6	-0.000595428
499.7	-0.00057332
499.8	-0.0005512
499.9	-0.000527377
500	-0.000503352
