LagTime	Correlation

0	1.26441
0.1	1.2594
0.2	1.25192
0.3	1.24388
0.4	1.23575
0.5	1.22766
0.6	1.21964
0.7	1.21169
0.8	1.20381
0.9	1.196
1	1.18826
1.1	1.18059
1.2	1.17299
1.3	1.16546
1.4	1.15799
1.5	1.15059
1.6	1.14325
1.7	1.13597
1.8	1.12876
1.9	1.12161
2	1.11453
2.1	1.1075
2.2	1.10053
2.3	1.09362
2.4	1.08677
2.5	1.07996
2.6	1.07322
2.7	1.06652
2.8	1.05989
2.9	1.0533
3	1.04677
3.1	1.04029
3.2	1.03387
3.3	1.0275
3.4	1.02118
3.5	1.01492
3.6	1.00871
3.7	1.00254
3.8	0.996428
3.9	0.990363
4	0.984347
4.1	0.978381
4.2	0.972463
4.3	0.966588
4.4	0.96076
4.5	0.95498
4.6	0.94925
4.7	0.94357
4.8	0.937937
4.9	0.932354
5	0.926818
5.1	0.921329
5.2	0.915885
5.3	0.910482
5.4	0.905118
5.5	0.899799
5.6	0.894528
5.7	0.889303
5.8	0.884117
5.9	0.878975
6	0.873871
6.1	0.868806
6.2	0.863781
6.3	0.858793
6.4	0.853839
6.5	0.848923
6.6	0.844042
6.7	0.839205
6.8	0.834409
6.9	0.829653
7	0.824937
7.1	0.820253
7.2	0.815607
7.3	0.810996
7.4	0.806422
7.5	0.801882
7.6	0.797379
7.7	0.792908
7.8	0.788467
7.9	0.784058
8	0.779689
8.1	0.775359
8.2	0.771063
8.3	0.766797
8.4	0.762559
8.5	0.758352
8.6	0.754177
8.7	0.750029
8.8	0.745908
8.9	0.741818
9	0.737756
9.1	0.733724
9.2	0.72972
9.3	0.725749
9.4	0.721807
9.5	0.717899
9.6	0.714022
9.7	0.71017
9.8	0.70634
9.9	0.70253
10	0.698742
10.1	0.694985
10.2	0.691262
10.3	0.687571
10.4	0.683908
10.5	0.680274
10.6	0.676669
10.7	0.673095
10.8	0.669549
10.9	0.666029
11	0.662531
11.1	0.659059
11.2	0.655613
11.3	0.652192
11.4	0.648797
11.5	0.645427
11.6	0.642086
11.7	0.638775
11.8	0.63549
11.9	0.632227
12	0.628988
12.1	0.62577
12.2	0.622576
12.3	0.619401
12.4	0.616251
12.5	0.613125
12.6	0.610026
12.7	0.606952
12.8	0.603899
12.9	0.600873
13	0.597866
13.1	0.594878
13.2	0.591911
13.3	0.588966
13.4	0.586038
13.5	0.583129
13.6	0.580235
13.7	0.577361
13.8	0.574499
13.9	0.571655
14	0.568826
14.1	0.566008
14.2	0.563207
14.3	0.560425
14.4	0.557657
14.5	0.554908
14.6	0.552173
14.7	0.549452
14.8	0.546747
14.9	0.544062
15	0.541394
15.1	0.538743
15.2	0.536109
15.3	0.533491
15.4	0.530891
15.5	0.528307
15.6	0.525738
15.7	0.523195
15.8	0.52067
15.9	0.518164
16	0.515672
16.1	0.513194
16.2	0.510732
16.3	0.508283
16.4	0.505848
16.5	0.503431
16.6	0.50103
16.7	0.498647
16.8	0.496281
16.9	0.49393
17	0.491594
17.1	0.489279
17.2	0.486976
17.3	0.484688
17.4	0.482408
17.5	0.480147
17.6	0.477907
17.7	0.475681
17.8	0.47347
17.9	0.471272
18	0.469088
18.1	0.466915
18.2	0.464759
18.3	0.462623
18.4	0.460499
18.5	0.458387
18.6	0.456285
18.7	0.454196
18.8	0.452129
18.9	0.450079
19	0.448038
19.1	0.446009
19.2	0.443992
19.3	0.441989
19.4	0.439997
19.5	0.438016
19.6	0.436042
19.7	0.434076
19.8	0.432121
19.9	0.430175
20	0.428244
20.1	0.426325
20.2	0.424413
20.3	0.422513
20.4	0.420626
20.5	0.418757
20.6	0.416908
20.7	0.415072
20.8	0.413251
20.9	0.411442
21	0.409643
21.1	0.407857
21.2	0.406081
21.3	0.404315
21.4	0.402561
21.5	0.400818
21.6	0.399084
21.7	0.397356
21.8	0.395641
21.9	0.393933
22	0.392232
22.1	0.390538
22.2	0.388853
22.3	0.387183
22.4	0.385528
22.5	0.383883
22.6	0.382248
22.7	0.380625
22.8	0.379016
22.9	0.377421
23	0.37584
23.1	0.374269
23.2	0.372707
23.3	0.37115
23.4	0.369601
23.5	0.368057
23.6	0.366526
23.7	0.365005
23.8	0.363494
23.9	0.361993
24	0.360501
24.1	0.359014
24.2	0.357532
24.3	0.356058
24.4	0.354593
24.5	0.353139
24.6	0.351695
24.7	0.350262
24.8	0.348836
24.9	0.347418
25	0.346002
25.1	0.344595
25.2	0.34319
25.3	0.341796
25.4	0.340414
25.5	0.339043
25.6	0.337684
25.7	0.336332
25.8	0.334985
25.9	0.333642
26	0.332303
26.1	0.330971
26.2	0.329647
26.3	0.328329
26.4	0.327019
26.5	0.325719
26.6	0.324426
26.7	0.323139
26.8	0.321856
26.9	0.320582
27	0.319315
27.1	0.318053
27.2	0.316795
27.3	0.315546
27.4	0.314304
27.5	0.313068
27.6	0.311839
27.7	0.310611
27.8	0.309384
27.9	0.308162
28	0.306944
28.1	0.305734
28.2	0.304531
28.3	0.303335
28.4	0.302142
28.5	0.300956
28.6	0.299779
28.7	0.298606
28.8	0.297438
28.9	0.296279
29	0.295127
29.1	0.293981
29.2	0.29284
29.3	0.291705
29.4	0.290576
29.5	0.289457
29.6	0.288345
29.7	0.287234
29.8	0.286126
29.9	0.28502
30	0.283918
30.1	0.282822
30.2	0.281732
30.3	0.280647
30.4	0.279564
30.5	0.278478
30.6	0.27739
30.7	0.276304
30.8	0.275215
30.9	0.274126
31	0.273039
31.1	0.271953
31.2	0.270869
31.3	0.26979
31.4	0.268719
31.5	0.267653
31.6	0.266589
31.7	0.265529
31.8	0.264473
31.9	0.263418
32	0.262359
32.1	0.261304
32.2	0.26026
32.3	0.259224
32.4	0.258194
32.5	0.257171
32.6	0.256158
32.7	0.255149
32.8	0.254146
32.9	0.253147
33	0.252147
33.1	0.251147
33.2	0.250149
33.3	0.24915
33.4	0.248151
33.5	0.247163
33.6	0.246183
33.7	0.245215
33.8	0.244255
33.9	0.243301
34	0.242349
34.1	0.241397
34.2	0.240445
34.3	0.239504
34.4	0.238565
34.5	0.237635
34.6	0.236712
34.7	0.235793
34.8	0.234879
34.9	0.233967
35	0.233054
35.1	0.232149
35.2	0.23125
35.3	0.230352
35.4	0.229457
35.5	0.228565
35.6	0.227676
35.7	0.22679
35.8	0.225911
35.9	0.225048
36	0.224192
36.1	0.223344
36.2	0.222499
36.3	0.221654
36.4	0.220813
36.5	0.219975
36.6	0.219136
36.7	0.2183
36.8	0.217469
36.9	0.216648
37	0.215831
37.1	0.215021
37.2	0.214211
37.3	0.213407
37.4	0.212605
37.5	0.211811
37.6	0.211026
37.7	0.210242
37.8	0.209459
37.9	0.208678
38	0.207894
38.1	0.207113
38.2	0.206337
38.3	0.205563
38.4	0.204792
38.5	0.20402
38.6	0.203245
38.7	0.202472
38.8	0.201701
38.9	0.200934
39	0.200172
39.1	0.199413
39.2	0.198656
39.3	0.197902
39.4	0.197156
39.5	0.196409
39.6	0.195661
39.7	0.194916
39.8	0.194179
39.9	0.193451
40	0.192728
40.1	0.192013
40.2	0.191305
40.3	0.1906
40.4	0.189894
40.5	0.189188
40.6	0.188481
40.7	0.187776
40.8	0.187072
40.9	0.186372
41	0.185676
41.1	0.184986
41.2	0.184299
41.3	0.183616
41.4	0.182939
41.5	0.182264
41.6	0.18159
41.7	0.180916
41.8	0.180246
41.9	0.179581
42	0.17892
42.1	0.178265
42.2	0.177615
42.3	0.176969
42.4	0.176329
42.5	0.175694
42.6	0.175065
42.7	0.174446
42.8	0.173829
42.9	0.173219
43	0.172613
43.1	0.172014
43.2	0.17142
43.3	0.170829
43.4	0.170234
43.5	0.169644
43.6	0.169057
43.7	0.168476
43.8	0.167895
43.9	0.167321
44	0.166755
44.1	0.166192
44.2	0.165629
44.3	0.165067
44.4	0.1645
44.5	0.163936
44.6	0.163371
44.7	0.162808
44.8	0.162249
44.9	0.16169
45	0.161133
45.1	0.160575
45.2	0.160012
45.3	0.15945
45.4	0.158891
45.5	0.158335
45.6	0.157783
45.7	0.157234
45.8	0.156687
45.9	0.156143
46	0.155598
46.1	0.155053
46.2	0.154514
46.3	0.153982
46.4	0.153454
46.5	0.152927
46.6	0.152401
46.7	0.151872
46.8	0.151343
46.9	0.150819
47	0.150295
47.1	0.149763
47.2	0.149225
47.3	0.148682
47.4	0.148142
47.5	0.147606
47.6	0.147077
47.7	0.146551
47.8	0.146026
47.9	0.145504
48	0.144988
48.1	0.144472
48.2	0.143962
48.3	0.143455
48.4	0.14295
48.5	0.142447
48.6	0.141945
48.7	0.141448
48.8	0.140956
48.9	0.140464
49	0.139976
49.1	0.13949
49.2	0.139003
49.3	0.138512
49.4	0.138024
49.5	0.137535
49.6	0.137051
49.7	0.136566
49.8	0.136083
49.9	0.135601
50	0.135122
50.1	0.134639
50.2	0.134163
50.3	0.133693
50.4	0.133226
50.5	0.132758
50.6	0.132293
50.7	0.131832
50.8	0.13138
50.9	0.130939
51	0.130501
51.1	0.130063
51.2	0.129629
51.3	0.129194
51.4	0.128762
51.5	0.128332
51.6	0.127903
51.7	0.127474
51.8	0.127042
51.9	0.12661
52	0.126178
52.1	0.125744
52.2	0.125306
52.3	0.124869
52.4	0.124438
52.5	0.124008
52.6	0.123575
52.7	0.123143
52.8	0.122716
52.9	0.12229
53	0.121864
53.1	0.121432
53.2	0.121
53.3	0.120576
53.4	0.120153
53.5	0.119725
53.6	0.119298
53.7	0.118873
53.8	0.118448
53.9	0.118021
54	0.117596
54.1	0.117174
54.2	0.116752
54.3	0.116333
54.4	0.115917
54.5	0.115506
54.6	0.115096
54.7	0.114687
54.8	0.114278
54.9	0.113874
55	0.11347
55.1	0.113068
55.2	0.112665
55.3	0.112266
55.4	0.111864
55.5	0.111463
55.6	0.111065
55.7	0.110677
55.8	0.110293
55.9	0.109914
56	0.109542
56.1	0.109176
56.2	0.108814
56.3	0.108454
56.4	0.108094
56.5	0.107731
56.6	0.107365
56.7	0.106995
56.8	0.106624
56.9	0.106252
57	0.105881
57.1	0.10551
57.2	0.105141
57.3	0.104777
57.4	0.104417
57.5	0.104058
57.6	0.103703
57.7	0.103349
57.8	0.102994
57.9	0.10264
58	0.102286
58.1	0.101933
58.2	0.101577
58.3	0.101222
58.4	0.100868
58.5	0.100515
58.6	0.100166
58.7	0.0998205
58.8	0.0994733
58.9	0.0991256
59	0.0987805
59.1	0.0984326
59.2	0.0980789
59.3	0.0977262
59.4	0.0973763
59.5	0.09703
59.6	0.0966883
59.7	0.0963492
59.8	0.0960133
59.9	0.0956774
60	0.0953435
60.1	0.0950092
60.2	0.0946794
60.3	0.0943532
60.4	0.0940261
60.5	0.0936955
60.6	0.0933591
60.7	0.093023
60.8	0.0926872
60.9	0.0923542
61	0.0920245
61.1	0.0917014
61.2	0.0913805
61.3	0.0910644
61.4	0.090755
61.5	0.0904491
61.6	0.0901498
61.7	0.0898566
61.8	0.0895634
61.9	0.0892713
62	0.0889827
62.1	0.0886958
62.2	0.0884133
62.3	0.0881298
62.4	0.0878452
62.5	0.0875653
62.6	0.0872907
62.7	0.0870211
62.8	0.0867507
62.9	0.0864823
63	0.0862111
63.1	0.085935
63.2	0.0856577
63.3	0.0853798
63.4	0.0851023
63.5	0.084822
63.6	0.0845446
63.7	0.0842702
63.8	0.0839998
63.9	0.0837305
64	0.0834662
64.1	0.0832109
64.2	0.0829606
64.3	0.0827096
64.4	0.0824557
64.5	0.082204
64.6	0.0819603
64.7	0.0817181
64.8	0.0814729
64.9	0.0812246
65	0.0809757
65.1	0.0807273
65.2	0.0804782
65.3	0.0802228
65.4	0.0799618
65.5	0.0796963
65.6	0.0794347
65.7	0.0791741
65.8	0.0789095
65.9	0.078646
66	0.0783819
66.1	0.0781156
66.2	0.077853
66.3	0.0775946
66.4	0.0773345
66.5	0.0770704
66.6	0.0768082
66.7	0.0765469
66.8	0.0762863
66.9	0.0760254
67	0.0757713
67.1	0.0755215
67.2	0.0752788
67.3	0.0750448
67.4	0.0748181
67.5	0.0745922
67.6	0.0743642
67.7	0.0741291
67.8	0.0738896
67.9	0.0736517
68	0.0734122
68.1	0.073172
68.2	0.0729304
68.3	0.072688
68.4	0.0724478
68.5	0.0722058
68.6	0.0719629
68.7	0.0717243
68.8	0.0714887
68.9	0.0712557
69	0.0710211
69.1	0.0707922
69.2	0.070574
69.3	0.0703642
69.4	0.070162
69.5	0.0699643
69.6	0.0697665
69.7	0.069569
69.8	0.0693758
69.9	0.0691864
70	0.0689998
70.1	0.0688144
70.2	0.0686298
70.3	0.0684466
70.4	0.0682647
70.5	0.0680878
70.6	0.0679152
70.7	0.0677427
70.8	0.0675663
70.9	0.0673892
71	0.0672136
71.1	0.0670398
71.2	0.0668719
71.3	0.0667038
71.4	0.066537
71.5	0.0663702
71.6	0.0662007
71.7	0.0660326
71.8	0.0658614
71.9	0.065692
72	0.0655244
72.1	0.0653607
72.2	0.0652006
72.3	0.0650411
72.4	0.0648775
72.5	0.0647134
72.6	0.0645475
72.7	0.0643829
72.8	0.0642164
72.9	0.0640533
73	0.0638908
73.1	0.0637278
73.2	0.0635583
73.3	0.0633833
73.4	0.0632038
73.5	0.0630224
73.6	0.0628407
73.7	0.0626642
73.8	0.0624937
73.9	0.0623291
74	0.0621679
74.1	0.0620095
74.2	0.0618536
74.3	0.061703
74.4	0.0615511
74.5	0.0613962
74.6	0.0612408
74.7	0.0610843
74.8	0.0609246
74.9	0.060764
75	0.060604
75.1	0.0604462
75.2	0.0602892
75.3	0.0601302
75.4	0.0599731
75.5	0.0598163
75.6	0.059664
75.7	0.059515
75.8	0.0593701
75.9	0.0592216
76	0.0590729
76.1	0.0589193
76.2	0.0587606
76.3	0.0585992
76.4	0.0584369
76.5	0.0582717
76.6	0.0581031
76.7	0.0579342
76.8	0.0577685
76.9	0.0576059
77	0.0574412
77.1	0.0572715
77.2	0.0570996
77.3	0.0569324
77.4	0.0567649
77.5	0.0565987
77.6	0.0564382
77.7	0.0562816
77.8	0.0561229
77.9	0.0559631
78	0.055804
78.1	0.0556425
78.2	0.0554772
78.3	0.0553092
78.4	0.0551436
78.5	0.0549776
78.6	0.0548104
78.7	0.05464
78.8	0.0544676
78.9	0.0542916
79	0.0541167
79.1	0.0539408
79.2	0.0537635
79.3	0.0535859
79.4	0.0534159
79.5	0.0532542
79.6	0.0531008
79.7	0.0529512
79.8	0.0528039
79.9	0.0526557
80	0.052509
80.1	0.0523658
80.2	0.05222
80.3	0.052071
80.4	0.0519235
80.5	0.0517744
80.6	0.051629
80.7	0.0514886
80.8	0.0513424
80.9	0.0511974
81	0.0510556
81.1	0.0509153
81.2	0.050775
81.3	0.0506368
81.4	0.0505043
81.5	0.0503767
81.6	0.0502458
81.7	0.0501114
81.8	0.0499744
81.9	0.0498412
82	0.049714
82.1	0.0495936
82.2	0.0494819
82.3	0.049372
82.4	0.0492615
82.5	0.0491508
82.6	0.0490444
82.7	0.0489392
82.8	0.0488341
82.9	0.0487265
83	0.0486199
83.1	0.0485151
83.2	0.0484068
83.3	0.0482925
83.4	0.0481775
83.5	0.0480689
83.6	0.0479647
83.7	0.0478575
83.8	0.0477468
83.9	0.0476415
84	0.0475396
84.1	0.0474359
84.2	0.0473261
84.3	0.0472095
84.4	0.0470897
84.5	0.0469683
84.6	0.0468496
84.7	0.0467374
84.8	0.0466283
84.9	0.0465156
85	0.0464007
85.1	0.0462845
85.2	0.0461675
85.3	0.0460469
85.4	0.0459208
85.5	0.0457941
85.6	0.0456645
85.7	0.0455294
85.8	0.0453899
85.9	0.045244
86	0.0450963
86.1	0.0449474
86.2	0.0447976
86.3	0.044645
86.4	0.0444928
86.5	0.0443401
86.6	0.0441854
86.7	0.0440339
86.8	0.043881
86.9	0.043726
87	0.0435709
87.1	0.0434146
87.2	0.043252
87.3	0.0430885
87.4	0.042924
87.5	0.0427609
87.6	0.0426025
87.7	0.0424433
87.8	0.0422849
87.9	0.042128
88	0.0419699
88.1	0.0418128
88.2	0.0416591
88.3	0.0415084
88.4	0.0413554
88.5	0.0412038
88.6	0.0410568
88.7	0.0409138
88.8	0.0407726
88.9	0.0406322
89	0.0404916
89.1	0.040348
89.2	0.040202
89.3	0.0400571
89.4	0.0399174
89.5	0.0397835
89.6	0.0396603
89.7	0.0395498
89.8	0.0394456
89.9	0.039349
90	0.0392528
90.1	0.0391568
90.2	0.0390567
90.3	0.0389567
90.4	0.0388554
90.5	0.0387489
90.6	0.0386352
90.7	0.0385207
90.8	0.0384011
90.9	0.038278
91	0.038158
91.1	0.0380406
91.2	0.0379227
91.3	0.0378036
91.4	0.0376813
91.5	0.0375606
91.6	0.0374367
91.7	0.0373083
91.8	0.0371743
91.9	0.0370369
92	0.0368958
92.1	0.0367578
92.2	0.0366194
92.3	0.0364806
92.4	0.0363447
92.5	0.0362097
92.6	0.0360739
92.7	0.0359363
92.8	0.0358007
92.9	0.0356684
93	0.0355408
93.1	0.0354144
93.2	0.0352877
93.3	0.0351608
93.4	0.0350352
93.5	0.0349085
93.6	0.0347799
93.7	0.0346506
93.8	0.0345256
93.9	0.0344077
94	0.0342927
94.1	0.0341818
94.2	0.034072
94.3	0.0339568
94.4	0.0338373
94.5	0.0337171
94.6	0.0335983
94.7	0.0334796
94.8	0.0333667
94.9	0.0332524
95	0.0331331
95.1	0.033013
95.2	0.0328904
95.3	0.0327651
95.4	0.032634
95.5	0.0324966
95.6	0.0323574
95.7	0.0322194
95.8	0.0320846
95.9	0.0319533
96	0.0318279
96.1	0.0316994
96.2	0.0315732
96.3	0.0314467
96.4	0.0313127
96.5	0.0311763
96.6	0.0310447
96.7	0.0309178
96.8	0.0307917
96.9	0.0306633
97	0.0305327
97.1	0.0304027
97.2	0.0302785
97.3	0.0301589
97.4	0.0300453
97.5	0.0299318
97.6	0.0298212
97.7	0.0297188
97.8	0.0296164
97.9	0.0295116
98	0.0294029
98.1	0.0292906
98.2	0.0291769
98.3	0.0290605
98.4	0.028942
98.5	0.0288294
98.6	0.0287167
98.7	0.0286019
98.8	0.0284854
98.9	0.0283633
99	0.0282355
99.1	0.028105
99.2	0.0279737
99.3	0.027845
99.4	0.0277162
99.5	0.0275859
99.6	0.0274513
99.7	0.0273138
99.8	0.0271801
99.9	0.0270497
100	0.0269214
100.1	0.0267964
100.2	0.026668
100.3	0.0265322
100.4	0.0263953
100.5	0.0262546
100.6	0.0261142
100.7	0.0259791
100.8	0.0258504
100.9	0.0257251
101	0.0256022
101.1	0.025486
101.2	0.0253739
101.3	0.0252658
101.4	0.0251626
101.5	0.0250599
101.6	0.0249542
101.7	0.0248495
101.8	0.0247483
101.9	0.0246486
102	0.0245494
102.1	0.0244464
102.2	0.0243368
102.3	0.0242237
102.4	0.0241086
102.5	0.0239946
102.6	0.0238782
102.7	0.0237581
102.8	0.0236407
102.9	0.023526
103	0.0234171
103.1	0.0233114
103.2	0.0232094
103.3	0.0231072
103.4	0.0230053
103.5	0.022905
103.6	0.0228086
103.7	0.0227118
103.8	0.0226155
103.9	0.0225224
104	0.0224281
104.1	0.022331
104.2	0.0222322
104.3	0.0221342
104.4	0.0220406
104.5	0.0219558
104.6	0.0218758
104.7	0.0217948
104.8	0.0217101
104.9	0.021623
105	0.0215357
105.1	0.021447
105.2	0.0213601
105.3	0.0212698
105.4	0.0211814
105.5	0.0210908
105.6	0.0209964
105.7	0.0208961
105.8	0.0207958
105.9	0.0206954
106	0.0205949
106.1	0.0204941
106.2	0.0203929
106.3	0.0202905
106.4	0.0201861
106.5	0.0200802
106.6	0.0199724
106.7	0.0198627
106.8	0.0197492
106.9	0.0196353
107	0.0195231
107.1	0.0194107
107.2	0.0193015
107.3	0.0191963
107.4	0.0190972
107.5	0.0189999
107.6	0.0189062
107.7	0.0188139
107.8	0.0187234
107.9	0.018627
108	0.0185254
108.1	0.0184192
108.2	0.018311
108.3	0.0182016
108.4	0.0180843
108.5	0.0179616
108.6	0.0178376
108.7	0.0177158
108.8	0.0175992
108.9	0.0174894
109	0.0173808
109.1	0.0172769
109.2	0.0171772
109.3	0.0170795
109.4	0.0169801
109.5	0.0168862
109.6	0.0167956
109.7	0.016705
109.8	0.0166153
109.9	0.0165248
110	0.0164298
110.1	0.0163367
110.2	0.0162478
110.3	0.016163
110.4	0.0160782
110.5	0.015995
110.6	0.0159165
110.7	0.0158435
110.8	0.0157751
110.9	0.0157067
111	0.0156431
111.1	0.0155848
111.2	0.0155236
111.3	0.0154593
111.4	0.0153942
111.5	0.0153273
111.6	0.0152599
111.7	0.0151944
111.8	0.0151352
111.9	0.0150795
112	0.0150228
112.1	0.0149649
112.2	0.0149083
112.3	0.0148561
112.4	0.0148028
112.5	0.0147511
112.6	0.0146989
112.7	0.0146488
112.8	0.0145963
112.9	0.0145402
113	0.0144832
113.1	0.0144252
113.2	0.0143688
113.3	0.014315
113.4	0.0142646
113.5	0.0142197
113.6	0.0141786
113.7	0.0141413
113.8	0.014105
113.9	0.0140674
114	0.0140299
114.1	0.0139921
114.2	0.013953
114.3	0.0139139
114.4	0.0138711
114.5	0.013829
114.6	0.0137878
114.7	0.0137396
114.8	0.0136846
114.9	0.0136274
115	0.013568
115.1	0.0135025
115.2	0.0134331
115.3	0.0133574
115.4	0.0132826
115.5	0.0132098
115.6	0.01314
115.7	0.0130735
115.8	0.0130074
115.9	0.0129414
116	0.0128773
116.1	0.012823
116.2	0.0127752
116.3	0.0127354
116.4	0.0126971
116.5	0.0126574
116.6	0.0126151
116.7	0.0125732
116.8	0.0125336
116.9	0.0124952
117	0.0124576
117.1	0.0124215
117.2	0.0123897
117.3	0.0123562
117.4	0.0123222
117.5	0.0122871
117.6	0.0122491
117.7	0.0122094
117.8	0.0121672
117.9	0.012126
118	0.0120908
118.1	0.0120573
118.2	0.0120197
118.3	0.0119817
118.4	0.0119474
118.5	0.0119148
118.6	0.0118819
118.7	0.0118479
118.8	0.0118166
118.9	0.0117874
119	0.0117567
119.1	0.0117243
119.2	0.0116928
119.3	0.011656
119.4	0.0116124
119.5	0.0115672
119.6	0.011526
119.7	0.0114893
119.8	0.0114517
119.9	0.0114138
120	0.0113784
120.1	0.0113429
120.2	0.0113087
120.3	0.0112814
120.4	0.0112554
120.5	0.0112241
120.6	0.0111892
120.7	0.0111559
120.8	0.0111235
120.9	0.0110878
121	0.0110462
121.1	0.0110002
121.2	0.0109509
121.3	0.0108989
121.4	0.0108479
121.5	0.010796
121.6	0.0107362
121.7	0.0106715
121.8	0.0106066
121.9	0.0105443
122	0.0104848
122.1	0.0104217
122.2	0.0103561
122.3	0.0102885
122.4	0.0102222
122.5	0.0101568
122.6	0.0100901
122.7	0.0100278
122.8	0.00996878
122.9	0.00991144
123	0.00985589
123.1	0.00980067
123.2	0.00974786
123.3	0.00969683
123.4	0.00964832
123.5	0.00960082
123.6	0.00955439
123.7	0.00950536
123.8	0.00946382
123.9	0.00942965
124	0.00939513
124.1	0.00936433
124.2	0.00933601
124.3	0.0093097
124.4	0.00927928
124.5	0.00924983
124.6	0.00922179
124.7	0.00919963
124.8	0.00918159
124.9	0.00916702
125	0.00914895
125.1	0.00912716
125.2	0.00910455
125.3	0.0090823
125.4	0.0090617
125.5	0.00904317
125.6	0.00902886
125.7	0.00901788
125.8	0.00900777
125.9	0.00899954
126	0.00899539
126.1	0.00899087
126.2	0.00898357
126.3	0.00897557
126.4	0.0089691
126.5	0.00896491
126.6	0.00896373
126.7	0.00895957
126.8	0.00895641
126.9	0.00894881
127	0.0089417
127.1	0.00893623
127.2	0.00892844
127.3	0.00891712
127.4	0.00890501
127.5	0.008893
127.6	0.00887978
127.7	0.00886445
127.8	0.0088466
127.9	0.0088307
128	0.0088148
128.1	0.00879922
128.2	0.00878165
128.3	0.00875876
128.4	0.0087374
128.5	0.00871838
128.6	0.00870137
128.7	0.00868107
128.8	0.00866467
128.9	0.00865176
129	0.00863869
129.1	0.00863139
129.2	0.00862588
129.3	0.00861904
129.4	0.00860806
129.5	0.00859679
129.6	0.00858345
129.7	0.00856751
129.8	0.0085434
129.9	0.00851483
130	0.00848712
130.1	0.00846589
130.2	0.00844613
130.3	0.00842504
130.4	0.00840719
130.5	0.00839102
130.6	0.00837469
130.7	0.00835604
130.8	0.00833547
130.9	0.00831236
131	0.00828969
131.1	0.00827129
131.2	0.00825873
131.3	0.00824284
131.4	0.00821954
131.5	0.00819657
131.6	0.00817611
131.7	0.00815509
131.8	0.00813202
131.9	0.00810657
132	0.00808107
132.1	0.00806463
132.2	0.00805294
132.3	0.00804447
132.4	0.00803519
132.5	0.00802798
132.6	0.00801999
132.7	0.0080111
132.8	0.00800177
132.9	0.00799386
133	0.0079872
133.1	0.00798417
133.2	0.00797619
133.3	0.00797335
133.4	0.00797604
133.5	0.0079788
133.6	0.00797631
133.7	0.00797175
133.8	0.00796756
133.9	0.00795732
134	0.00794262
134.1	0.00792437
134.2	0.00790056
134.3	0.007875
134.4	0.00785636
134.5	0.00784183
134.6	0.0078312
134.7	0.00782118
134.8	0.0078057
134.9	0.00778819
135	0.00777365
135.1	0.00775873
135.2	0.00774136
135.3	0.00772724
135.4	0.00771097
135.5	0.00769885
135.6	0.00768483
135.7	0.00766718
135.8	0.00764923
135.9	0.00763561
136	0.00762154
136.1	0.00760792
136.2	0.00759339
136.3	0.00757589
136.4	0.0075572
136.5	0.00753699
136.6	0.00751359
136.7	0.00748453
136.8	0.00744877
136.9	0.00740779
137	0.00736259
137.1	0.00731433
137.2	0.00726262
137.3	0.00721056
137.4	0.00715525
137.5	0.00709446
137.6	0.00703583
137.7	0.00697851
137.8	0.00691951
137.9	0.00686499
138	0.00681189
138.1	0.00675654
138.2	0.00669784
138.3	0.00663701
138.4	0.0065776
138.5	0.00652093
138.6	0.00646604
138.7	0.00640593
138.8	0.00634297
138.9	0.00627848
139	0.0062201
139.1	0.00616781
139.2	0.00611841
139.3	0.00606568
139.4	0.00600742
139.5	0.00594757
139.6	0.0058807
139.7	0.00580877
139.8	0.00573176
139.9	0.0056557
140	0.00557923
140.1	0.00550582
140.2	0.00543441
140.3	0.0053579
140.4	0.00527639
140.5	0.005194
140.6	0.0051082
140.7	0.00501913
140.8	0.00493106
140.9	0.0048472
141	0.00476422
141.1	0.00468133
141.2	0.00459706
141.3	0.00451322
141.4	0.00442987
141.5	0.0043427
141.6	0.00425783
141.7	0.00417489
141.8	0.00409556
141.9	0.00401671
142	0.00393532
142.1	0.00385267
142.2	0.00376988
142.3	0.00368524
142.4	0.00359886
142.5	0.0035131
142.6	0.00342508
142.7	0.00333886
142.8	0.00324968
142.9	0.00316247
143	0.00307754
143.1	0.00299903
143.2	0.00292502
143.3	0.00285702
143.4	0.00279285
143.5	0.00273181
143.6	0.00267284
143.7	0.00261317
143.8	0.00255585
143.9	0.0024973
144	0.00243761
144.1	0.00237428
144.2	0.00230415
144.3	0.0022326
144.4	0.00216249
144.5	0.00209516
144.6	0.00203163
144.7	0.00196926
144.8	0.00190742
144.9	0.00184487
145	0.00178255
145.1	0.00172108
145.2	0.0016617
145.3	0.00160741
145.4	0.00155248
145.5	0.00149208
145.6	0.00143084
145.7	0.00136973
145.8	0.00131067
145.9	0.00124939
146	0.0011817
146.1	0.00111384
146.2	0.00104537
146.3	0.000973444
146.4	0.000905564
146.5	0.00084412
146.6	0.000782017
146.7	0.000722819
146.8	0.000667052
146.9	0.000611483
147	0.000558366
147.1	0.000503996
147.2	0.00044846
147.3	0.000393509
147.4	0.000338807
147.5	0.000286279
147.6	0.000231452
147.7	0.000170453
147.8	0.00010595
147.9	4.20493e-05
148	-2.21975e-05
148.1	-8.65832e-05
148.2	-0.000153323
148.3	-0.000219012
148.4	-0.000284163
148.5	-0.000349928
148.6	-0.000419491
148.7	-0.000491842
148.8	-0.000569036
148.9	-0.000650957
149	-0.000734862
149.1	-0.000822581
149.2	-0.000905257
149.3	-0.000985992
149.4	-0.0010622
149.5	-0.00113396
149.6	-0.00120475
149.7	-0.00127578
149.8	-0.00133958
149.9	-0.0013993
150	-0.00145756
150.1	-0.00151525
150.2	-0.00157585
150.3	-0.0016366
150.4	-0.00169912
150.5	-0.00176363
150.6	-0.00182853
150.7	-0.00189044
150.8	-0.00194741
150.9	-0.00199767
151	-0.00204678
151.1	-0.00208933
151.2	-0.00212361
151.3	-0.00215233
151.4	-0.00217968
151.5	-0.00220807
151.6	-0.00223828
151.7	-0.00227028
151.8	-0.00230467
151.9	-0.00234242
152	-0.00238198
152.1	-0.00242576
152.2	-0.00247278
152.3	-0.00251882
152.4	-0.00256081
152.5	-0.00259787
152.6	-0.00263026
152.7	-0.00266172
152.8	-0.00269641
152.9	-0.00273698
153	-0.0027827
153.1	-0.00282496
153.2	-0.00286224
153.3	-0.00289651
153.4	-0.00293215
153.5	-0.0029672
153.6	-0.00300014
153.7	-0.00303139
153.8	-0.00306288
153.9	-0.00309437
154	-0.003128
154.1	-0.00316467
154.2	-0.00320487
154.3	-0.00324898
154.4	-0.00329127
154.5	-0.00333322
154.6	-0.00337817
154.7	-0.0034249
154.8	-0.00346965
154.9	-0.00351171
155	-0.00355308
155.1	-0.00359172
155.2	-0.00362955
155.3	-0.00367219
155.4	-0.00372138
155.5	-0.00376794
155.6	-0.00381382
155.7	-0.00386185
155.8	-0.00391197
155.9	-0.00396168
156	-0.00401299
156.1	-0.00406334
156.2	-0.0041101
156.3	-0.00415923
156.4	-0.00420946
156.5	-0.0042603
156.6	-0.00431021
156.7	-0.00435881
156.8	-0.00440509
156.9	-0.00445444
157	-0.00450228
157.1	-0.00455051
157.2	-0.00459708
157.3	-0.00464626
157.4	-0.00469598
157.5	-0.00474279
157.6	-0.00478664
157.7	-0.00483102
157.8	-0.00487036
157.9	-0.00490926
158	-0.00495262
158.1	-0.00499825
158.2	-0.00505069
158.3	-0.00510984
158.4	-0.00517348
158.5	-0.00523702
158.6	-0.00529844
158.7	-0.00535361
158.8	-0.00540055
158.9	-0.00544189
159	-0.00548026
159.1	-0.00551572
159.2	-0.00555062
159.3	-0.00558418
159.4	-0.00561138
159.5	-0.00563852
159.6	-0.00566646
159.7	-0.00569279
159.8	-0.00571785
159.9	-0.00573929
160	-0.00576409
160.1	-0.00578835
160.2	-0.00580956
160.3	-0.00582868
160.4	-0.00584854
160.5	-0.00586577
160.6	-0.00588616
160.7	-0.00591051
160.8	-0.00593514
160.9	-0.00595959
161	-0.00598394
161.1	-0.00600793
161.2	-0.00602424
161.3	-0.0060381
161.4	-0.00604958
161.5	-0.0060606
161.6	-0.006074
161.7	-0.00608594
161.8	-0.00609661
161.9	-0.00610608
162	-0.00611513
162.1	-0.00612739
162.2	-0.00614899
162.3	-0.00617861
162.4	-0.00620762
162.5	-0.00623642
162.6	-0.00626893
162.7	-0.00630438
162.8	-0.00634375
162.9	-0.00638629
163	-0.00642849
163.1	-0.00647
163.2	-0.00650814
163.3	-0.00654345
163.4	-0.00657998
163.5	-0.0066166
163.6	-0.00664484
163.7	-0.00667066
163.8	-0.0066968
163.9	-0.00672716
164	-0.00676033
164.1	-0.00678958
164.2	-0.00681161
164.3	-0.00683186
164.4	-0.00685477
164.5	-0.00688036
164.6	-0.00690651
164.7	-0.00693111
164.8	-0.00695014
164.9	-0.00696732
165	-0.00698801
165.1	-0.00700703
165.2	-0.00702431
165.3	-0.00704064
165.4	-0.00706384
165.5	-0.00709032
165.6	-0.00711583
165.7	-0.00713678
165.8	-0.00715592
165.9	-0.0071748
166	-0.00719235
166.1	-0.00720578
166.2	-0.0072187
166.3	-0.00723301
166.4	-0.00724925
166.5	-0.0072634
166.6	-0.00726877
166.7	-0.00726809
166.8	-0.00726428
166.9	-0.00724972
167	-0.00722992
167.1	-0.00720809
167.2	-0.00718819
167.3	-0.00716385
167.4	-0.00713727
167.5	-0.00711271
167.6	-0.00708906
167.7	-0.00706912
167.8	-0.0070469
167.9	-0.00702745
168	-0.00700556
168.1	-0.00698223
168.2	-0.0069599
168.3	-0.00694314
168.4	-0.00692743
168.5	-0.00691262
168.6	-0.00690526
168.7	-0.0069018
168.8	-0.00690237
168.9	-0.0069022
169	-0.00689629
169.1	-0.00688854
169.2	-0.00688192
169.3	-0.00687624
169.4	-0.00687326
169.5	-0.00687518
169.6	-0.00687608
169.7	-0.00687689
169.8	-0.00687784
169.9	-0.00687469
170	-0.00687043
170.1	-0.00686316
170.2	-0.00685437
170.3	-0.00684774
170.4	-0.00684054
170.5	-0.00683121
170.6	-0.00682184
170.7	-0.00681592
170.8	-0.0068145
170.9	-0.00681535
171	-0.00682005
171.1	-0.00682322
171.2	-0.0068284
171.3	-0.00683576
171.4	-0.00684632
171.5	-0.00686002
171.6	-0.00687561
171.7	-0.00689095
171.8	-0.00690971
171.9	-0.00693213
172	-0.00695864
172.1	-0.00698345
172.2	-0.00701286
172.3	-0.00704596
172.4	-0.00708605
172.5	-0.00712865
172.6	-0.00716931
172.7	-0.00720902
172.8	-0.00724598
172.9	-0.00727905
173	-0.0073092
173.1	-0.00734463
173.2	-0.00737929
173.3	-0.0074094
173.4	-0.00743512
173.5	-0.00746082
173.6	-0.00748801
173.7	-0.00751073
173.8	-0.00753105
173.9	-0.00754971
174	-0.00756639
174.1	-0.00758739
174.2	-0.00761016
174.3	-0.00763327
174.4	-0.00765053
174.5	-0.00766603
174.6	-0.0076774
174.7	-0.0076901
174.8	-0.00770107
174.9	-0.00770798
175	-0.00771155
175.1	-0.00771805
175.2	-0.00773072
175.3	-0.00774564
175.4	-0.00776156
175.5	-0.00777697
175.6	-0.00779212
175.7	-0.00780597
175.8	-0.00781864
175.9	-0.00783064
176	-0.00784063
176.1	-0.00784806
176.2	-0.00785362
176.3	-0.00786284
176.4	-0.00787564
176.5	-0.00788625
176.6	-0.00789809
176.7	-0.00790781
176.8	-0.00791263
176.9	-0.00791293
177	-0.00791105
177.1	-0.00791191
177.2	-0.00791241
177.3	-0.00791168
177.4	-0.00791109
177.5	-0.00790682
177.6	-0.00790443
177.7	-0.00790135
177.8	-0.00789423
177.9	-0.00788531
178	-0.00787785
178.1	-0.00786988
178.2	-0.00785771
178.3	-0.00784681
178.4	-0.0078435
178.5	-0.00784162
178.6	-0.00783394
178.7	-0.00782684
178.8	-0.0078222
178.9	-0.00781958
179	-0.00781909
179.1	-0.0078198
179.2	-0.00781924
179.3	-0.00781812
179.4	-0.00781867
179.5	-0.0078239
179.6	-0.00783434
179.7	-0.00784646
179.8	-0.00786189
179.9	-0.00788084
180	-0.00789652
180.1	-0.00791143
180.2	-0.00792977
180.3	-0.00794944
180.4	-0.00796977
180.5	-0.00799152
180.6	-0.00801511
180.7	-0.00803794
180.8	-0.0080531
180.9	-0.0080657
181	-0.00807803
181.1	-0.00809392
181.2	-0.00811545
181.3	-0.00813805
181.4	-0.00816005
181.5	-0.00818102
181.6	-0.00820232
181.7	-0.00822558
181.8	-0.00825316
181.9	-0.00828551
182	-0.00832076
182.1	-0.00835603
182.2	-0.008394
182.3	-0.00843944
182.4	-0.00848873
182.5	-0.00853106
182.6	-0.00856573
182.7	-0.00859342
182.8	-0.00861987
182.9	-0.0086414
183	-0.00865887
183.1	-0.00867425
183.2	-0.00868316
183.3	-0.00868368
183.4	-0.00867988
183.5	-0.00867799
183.6	-0.00867854
183.7	-0.008681
183.8	-0.00868423
183.9	-0.00868739
184	-0.00869191
184.1	-0.00869925
184.2	-0.00870771
184.3	-0.00872505
184.4	-0.00874432
184.5	-0.0087598
184.6	-0.00877005
184.7	-0.00877644
184.8	-0.00878212
184.9	-0.00879088
185	-0.00880198
185.1	-0.00881169
185.2	-0.00881958
185.3	-0.00883322
185.4	-0.00885218
185.5	-0.00887529
185.6	-0.00890009
185.7	-0.00893527
185.8	-0.00897843
185.9	-0.00902009
186	-0.00905541
186.1	-0.00908759
186.2	-0.00911266
186.3	-0.00913304
186.4	-0.00915023
186.5	-0.00916484
186.6	-0.0091786
186.7	-0.00919247
186.8	-0.0092057
186.9	-0.00921512
187	-0.00922412
187.1	-0.00923116
187.2	-0.00923667
187.3	-0.00924132
187.4	-0.00924147
187.5	-0.00923744
187.6	-0.0092342
187.7	-0.0092394
187.8	-0.00924765
187.9	-0.0092639
188	-0.00928215
188.1	-0.00929992
188.2	-0.00931285
188.3	-0.00932296
188.4	-0.00933197
188.5	-0.00933851
188.6	-0.00934218
188.7	-0.00934611
188.8	-0.00934786
188.9	-0.00934862
189	-0.00935021
189.1	-0.00934913
189.2	-0.00934847
189.3	-0.00934913
189.4	-0.00935228
189.5	-0.00935872
189.6	-0.00936843
189.7	-0.00938478
189.8	-0.00940581
189.9	-0.00943359
190	-0.00946255
190.1	-0.00949246
190.2	-0.00952214
190.3	-0.009552
190.4	-0.00958506
190.5	-0.009618
190.6	-0.00964954
190.7	-0.00967506
190.8	-0.00969822
190.9	-0.00972063
191	-0.00974169
191.1	-0.00975921
191.2	-0.00977519
191.3	-0.00979192
191.4	-0.00981324
191.5	-0.00983839
191.6	-0.00986546
191.7	-0.0098881
191.8	-0.00991047
191.9	-0.00993148
192	-0.00995812
192.1	-0.00998663
192.2	-0.0100182
192.3	-0.0100575
192.4	-0.0101013
192.5	-0.0101465
192.6	-0.0101896
192.7	-0.0102235
192.8	-0.0102553
192.9	-0.0102849
193	-0.0103141
193.1	-0.0103414
193.2	-0.0103738
193.3	-0.010409
193.4	-0.0104427
193.5	-0.0104744
193.6	-0.0105059
193.7	-0.0105404
193.8	-0.0105728
193.9	-0.0106041
194	-0.0106337
194.1	-0.0106603
194.2	-0.010686
194.3	-0.0107116
194.4	-0.0107412
194.5	-0.010767
194.6	-0.0107926
194.7	-0.010824
194.8	-0.0108603
194.9	-0.0109056
195	-0.010953
195.1	-0.011005
195.2	-0.0110548
195.3	-0.0111032
195.4	-0.0111461
195.5	-0.0111813
195.6	-0.0112094
195.7	-0.0112351
195.8	-0.0112645
195.9	-0.0112957
196	-0.0113265
196.1	-0.0113582
196.2	-0.0113915
196.3	-0.0114255
196.4	-0.0114632
196.5	-0.0115004
196.6	-0.0115428
196.7	-0.0115835
196.8	-0.0116233
196.9	-0.0116638
197	-0.0117035
197.1	-0.0117447
197.2	-0.011786
197.3	-0.0118259
197.4	-0.011866
197.5	-0.011908
197.6	-0.0119503
197.7	-0.0119915
197.8	-0.0120293
197.9	-0.0120666
198	-0.012104
198.1	-0.0121416
198.2	-0.0121762
198.3	-0.0122104
198.4	-0.012241
198.5	-0.0122701
198.6	-0.0122994
198.7	-0.0123311
198.8	-0.0123638
198.9	-0.0123934
199	-0.01242
199.1	-0.0124426
199.2	-0.0124629
199.3	-0.0124797
199.4	-0.0124917
199.5	-0.0124947
199.6	-0.0124941
199.7	-0.0124939
199.8	-0.0124939
199.9	-0.0124945
200	-0.0124987
200.1	-0.0125007
200.2	-0.0125032
200.3	-0.012504
200.4	-0.0125049
200.5	-0.012503
200.6	-0.0125002
200.7	-0.0124994
200.8	-0.0124998
200.9	-0.0125003
201	-0.0125022
201.1	-0.0125072
201.2	-0.0125179
201.3	-0.0125359
201.4	-0.0125517
201.5	-0.0125674
201.6	-0.0125807
201.7	-0.0125895
201.8	-0.0126003
201.9	-0.0126118
202	-0.0126185
202.1	-0.0126247
202.2	-0.0126327
202.3	-0.012638
202.4	-0.012643
202.5	-0.012647
202.6	-0.0126519
202.7	-0.0126548
202.8	-0.0126563
202.9	-0.0126561
203	-0.012653
203.1	-0.0126483
203.2	-0.0126368
203.3	-0.0126186
203.4	-0.0126002
203.5	-0.01258
203.6	-0.012554
203.7	-0.0125249
203.8	-0.0124965
203.9	-0.01247
204	-0.0124456
204.1	-0.0124234
204.2	-0.0124
204.3	-0.012374
204.4	-0.012344
204.5	-0.0123097
204.6	-0.0122713
204.7	-0.0122338
204.8	-0.0121968
204.9	-0.0121632
205	-0.0121317
205.1	-0.0121047
205.2	-0.0120789
205.3	-0.0120516
205.4	-0.0120246
205.5	-0.0119985
205.6	-0.0119722
205.7	-0.0119421
205.8	-0.0119071
205.9	-0.0118689
206	-0.011829
206.1	-0.011788
206.2	-0.0117441
206.3	-0.0116913
206.4	-0.0116366
206.5	-0.0115789
206.6	-0.0115207
206.7	-0.0114606
206.8	-0.0113989
206.9	-0.0113367
207	-0.011274
207.1	-0.0112114
207.2	-0.0111541
207.3	-0.0111002
207.4	-0.0110504
207.5	-0.0109997
207.6	-0.0109459
207.7	-0.0108903
207.8	-0.0108311
207.9	-0.0107678
208	-0.0107064
208.1	-0.0106456
208.2	-0.0105883
208.3	-0.0105317
208.4	-0.0104712
208.5	-0.0104086
208.6	-0.0103428
208.7	-0.0102797
208.8	-0.0102214
208.9	-0.0101689
209	-0.0101169
209.1	-0.0100634
209.2	-0.0100173
209.3	-0.00997603
209.4	-0.0099327
209.5	-0.00989056
209.6	-0.00984884
209.7	-0.00980923
209.8	-0.00977705
209.9	-0.00974892
210	-0.0097169
210.1	-0.00968325
210.2	-0.00964897
210.3	-0.00961864
210.4	-0.00959412
210.5	-0.00956849
210.6	-0.00954252
210.7	-0.00951563
210.8	-0.00948705
210.9	-0.00945911
211	-0.00942703
211.1	-0.00939883
211.2	-0.00936785
211.3	-0.00933803
211.4	-0.00930494
211.5	-0.0092711
211.6	-0.0092326
211.7	-0.00919115
211.8	-0.00915012
211.9	-0.009106
212	-0.0090618
212.1	-0.0090222
212.2	-0.0089872
212.3	-0.00894884
212.4	-0.00890637
212.5	-0.00886176
212.6	-0.00881544
212.7	-0.00876277
212.8	-0.00870905
212.9	-0.00865462
213	-0.00860081
213.1	-0.00854881
213.2	-0.00848965
213.3	-0.00843061
213.4	-0.00837554
213.5	-0.00832036
213.6	-0.00826254
213.7	-0.00820677
213.8	-0.00814982
213.9	-0.00809171
214	-0.00803071
214.1	-0.00796608
214.2	-0.00790294
214.3	-0.00783687
214.4	-0.00777245
214.5	-0.00770773
214.6	-0.0076391
214.7	-0.00756854
214.8	-0.00749957
214.9	-0.00743226
215	-0.00736717
215.1	-0.0072998
215.2	-0.00723552
215.3	-0.00717287
215.4	-0.00710969
215.5	-0.00704447
215.6	-0.00697774
215.7	-0.00691578
215.8	-0.00685425
215.9	-0.00679387
216	-0.00673508
216.1	-0.00668068
216.2	-0.00662665
216.3	-0.00658222
216.4	-0.00654442
216.5	-0.00650502
216.6	-0.00646827
216.7	-0.00643157
216.8	-0.00639793
216.9	-0.00636113
217	-0.0063234
217.1	-0.00628617
217.2	-0.00625336
217.3	-0.00622311
217.4	-0.00619179
217.5	-0.00615421
217.6	-0.00610983
217.7	-0.00606955
217.8	-0.00603025
217.9	-0.00599242
218	-0.00595466
218.1	-0.00591788
218.2	-0.00588552
218.3	-0.00585365
218.4	-0.00582301
218.5	-0.00579272
218.6	-0.00575992
218.7	-0.00572164
218.8	-0.00567831
218.9	-0.00563589
219	-0.00559104
219.1	-0.00554572
219.2	-0.00550092
219.3	-0.00546049
219.4	-0.00542235
219.5	-0.00538354
219.6	-0.00534998
219.7	-0.00531516
219.8	-0.00528386
219.9	-0.00525411
220	-0.00522174
220.1	-0.00518788
220.2	-0.00515279
220.3	-0.00511594
220.4	-0.00508206
220.5	-0.00504901
220.6	-0.00502401
220.7	-0.0050029
220.8	-0.00498742
220.9	-0.0049741
221	-0.0049602
221.1	-0.00494659
221.2	-0.00493688
221.3	-0.00493076
221.4	-0.00493129
221.5	-0.00493694
221.6	-0.00494254
221.7	-0.00495097
221.8	-0.00495975
221.9	-0.00496884
222	-0.00497516
222.1	-0.00497848
222.2	-0.00498326
222.3	-0.0049909
222.4	-0.00500126
222.5	-0.00501227
222.6	-0.00502926
222.7	-0.00504646
222.8	-0.00505982
222.9	-0.00507454
223	-0.00509011
223.1	-0.00510133
223.2	-0.00510724
223.3	-0.00511139
223.4	-0.00511121
223.5	-0.00510595
223.6	-0.00509739
223.7	-0.00508522
223.8	-0.00506756
223.9	-0.00504829
224	-0.00503301
224.1	-0.00501841
224.2	-0.00500272
224.3	-0.00498651
224.4	-0.00496982
224.5	-0.00495269
224.6	-0.00494081
224.7	-0.00493182
224.8	-0.004925
224.9	-0.00492128
225	-0.00491675
225.1	-0.004908
225.2	-0.0048961
225.3	-0.00488436
225.4	-0.00487269
225.5	-0.00486344
225.6	-0.00485975
225.7	-0.00486078
225.8	-0.00486815
225.9	-0.00487763
226	-0.00488507
226.1	-0.00488806
226.2	-0.00489115
226.3	-0.00489549
226.4	-0.00489731
226.5	-0.00489699
226.6	-0.00489304
226.7	-0.00488628
226.8	-0.00488019
226.9	-0.00487864
227	-0.00487856
227.1	-0.00487706
227.2	-0.00487904
227.3	-0.00489015
227.4	-0.00490594
227.5	-0.00492368
227.6	-0.00494132
227.7	-0.00496664
227.8	-0.00499481
227.9	-0.00502644
228	-0.00505947
228.1	-0.00509117
228.2	-0.00512313
228.3	-0.00516533
228.4	-0.00520945
228.5	-0.00525102
228.6	-0.00528764
228.7	-0.00531768
228.8	-0.00534354
228.9	-0.0053675
229	-0.00539084
229.1	-0.00541579
229.2	-0.00543296
229.3	-0.00544802
229.4	-0.00546552
229.5	-0.00547866
229.6	-0.00548547
229.7	-0.00549068
229.8	-0.00549461
229.9	-0.00549757
230	-0.00550143
230.1	-0.00550655
230.2	-0.00551409
230.3	-0.00552543
230.4	-0.005539
230.5	-0.00555424
230.6	-0.00556804
230.7	-0.00557803
230.8	-0.00558128
230.9	-0.00558036
231	-0.00557373
231.1	-0.00556658
231.2	-0.00556083
231.3	-0.00556149
231.4	-0.00556539
231.5	-0.0055656
231.6	-0.00556269
231.7	-0.00555488
231.8	-0.00554359
231.9	-0.00552978
232	-0.00551208
232.1	-0.00548871
232.2	-0.00546928
232.3	-0.00545955
232.4	-0.00545601
232.5	-0.00545825
232.6	-0.0054629
232.7	-0.00546606
232.8	-0.0054667
232.9	-0.00547019
233	-0.00547894
233.1	-0.00549169
233.2	-0.00550871
233.3	-0.00553287
233.4	-0.00555876
233.5	-0.00558535
233.6	-0.00561914
233.7	-0.00565793
233.8	-0.00569943
233.9	-0.0057448
234	-0.00579769
234.1	-0.00585091
234.2	-0.00590428
234.3	-0.0059538
234.4	-0.00600031
234.5	-0.00604551
234.6	-0.00608917
234.7	-0.00613001
234.8	-0.0061701
234.9	-0.00621135
235	-0.00625398
235.1	-0.00629953
235.2	-0.00634884
235.3	-0.00639659
235.4	-0.00644109
235.5	-0.00648275
235.6	-0.00652062
235.7	-0.00655731
235.8	-0.00659245
235.9	-0.00662462
236	-0.0066564
236.1	-0.00668739
236.2	-0.00672208
236.3	-0.00676034
236.4	-0.00680133
236.5	-0.00684818
236.6	-0.00689496
236.7	-0.00694338
236.8	-0.00699451
236.9	-0.00704149
237	-0.00708927
237.1	-0.00713331
237.2	-0.00717192
237.3	-0.00720273
237.4	-0.00722757
237.5	-0.00725189
237.6	-0.00727329
237.7	-0.00729086
237.8	-0.00730275
237.9	-0.00730754
238	-0.00730857
238.1	-0.00730907
238.2	-0.00730935
238.3	-0.00731214
238.4	-0.00731554
238.5	-0.0073221
238.6	-0.00732924
238.7	-0.00733648
238.8	-0.00734434
238.9	-0.00735088
239	-0.00736125
239.1	-0.00737174
239.2	-0.00738031
239.3	-0.00739475
239.4	-0.00740925
239.5	-0.00742873
239.6	-0.00745459
239.7	-0.00748441
239.8	-0.00751552
239.9	-0.00754922
240	-0.0075848
240.1	-0.00762402
240.2	-0.00766619
240.3	-0.00771104
240.4	-0.00775977
240.5	-0.00781414
240.6	-0.00787481
240.7	-0.00794126
240.8	-0.00801108
240.9	-0.00808047
241	-0.00814977
241.1	-0.00821864
241.2	-0.00829
241.3	-0.00835998
241.4	-0.00842849
241.5	-0.00849475
241.6	-0.00856046
241.7	-0.00862243
241.8	-0.00868132
241.9	-0.00873169
242	-0.00878074
242.1	-0.00882884
242.2	-0.00887788
242.3	-0.00892489
242.4	-0.00896833
242.5	-0.0090094
242.6	-0.0090504
242.7	-0.00909578
242.8	-0.0091457
242.9	-0.00919824
243	-0.00925287
243.1	-0.00930636
243.2	-0.00935766
243.3	-0.00940785
243.4	-0.00945704
243.5	-0.00950506
243.6	-0.00954893
243.7	-0.00959063
243.8	-0.00963002
243.9	-0.00966363
244	-0.00969497
244.1	-0.00972641
244.2	-0.00975713
244.3	-0.0097873
244.4	-0.00981827
244.5	-0.00985185
244.6	-0.00989035
244.7	-0.00992639
244.8	-0.00996011
244.9	-0.00999308
245	-0.010028
245.1	-0.0100564
245.2	-0.0100828
245.3	-0.0101075
245.4	-0.0101273
245.5	-0.0101423
245.6	-0.0101614
245.7	-0.0101847
245.8	-0.0102098
245.9	-0.0102336
246	-0.0102547
246.1	-0.0102752
246.2	-0.0103021
246.3	-0.0103271
246.4	-0.0103513
246.5	-0.010373
246.6	-0.010388
246.7	-0.0104048
246.8	-0.0104196
246.9	-0.010426
247	-0.0104283
247.1	-0.0104267
247.2	-0.0104197
247.3	-0.0104121
247.4	-0.0103987
247.5	-0.0103865
247.6	-0.0103769
247.7	-0.0103714
247.8	-0.0103608
247.9	-0.010351
248	-0.0103384
248.1	-0.0103264
248.2	-0.0103107
248.3	-0.0102985
248.4	-0.0102824
248.5	-0.0102652
248.6	-0.0102488
248.7	-0.010236
248.8	-0.0102268
248.9	-0.0102142
249	-0.0101997
249.1	-0.0101833
249.2	-0.0101662
249.3	-0.0101516
249.4	-0.0101386
249.5	-0.0101258
249.6	-0.0101111
249.7	-0.0100951
249.8	-0.0100746
249.9	-0.0100529
250	-0.0100296
250.1	-0.0100046
250.2	-0.00998268
250.3	-0.00996583
250.4	-0.00995333
250.5	-0.00993671
250.6	-0.00991805
250.7	-0.00989612
250.8	-0.00987354
250.9	-0.00985108
251	-0.00982819
251.1	-0.00980161
251.2	-0.00977329
251.3	-0.00974208
251.4	-0.00971546
251.5	-0.00968962
251.6	-0.00966965
251.7	-0.00965126
251.8	-0.00963812
251.9	-0.00962246
252	-0.00960719
252.1	-0.00959538
252.2	-0.00958664
252.3	-0.00957768
252.4	-0.00956473
252.5	-0.00954922
252.6	-0.00952739
252.7	-0.00950418
252.8	-0.00947545
252.9	-0.00944481
253	-0.00941496
253.1	-0.00938737
253.2	-0.00936108
253.3	-0.00933727
253.4	-0.00931462
253.5	-0.00928905
253.6	-0.00926308
253.7	-0.00924068
253.8	-0.00922039
253.9	-0.00920186
254	-0.00918115
254.1	-0.00916005
254.2	-0.00913242
254.3	-0.00910228
254.4	-0.009074
254.5	-0.0090464
254.6	-0.00902283
254.7	-0.00900183
254.8	-0.00898224
254.9	-0.00896934
255	-0.00895765
255.1	-0.00894573
255.2	-0.00893769
255.3	-0.00893176
255.4	-0.00892196
255.5	-0.00890885
255.6	-0.00889624
255.7	-0.00887928
255.8	-0.00886491
255.9	-0.00885077
256	-0.00884044
256.1	-0.00883516
256.2	-0.00882864
256.3	-0.00882566
256.4	-0.00882767
256.5	-0.008831
256.6	-0.00883386
256.7	-0.00883853
256.8	-0.00884408
256.9	-0.00885038
257	-0.00885747
257.1	-0.00886517
257.2	-0.00887636
257.3	-0.00888982
257.4	-0.00890135
257.5	-0.00890939
257.6	-0.00891714
257.7	-0.00892499
257.8	-0.00893345
257.9	-0.00894221
258	-0.00894899
258.1	-0.00895515
258.2	-0.0089543
258.3	-0.00895158
258.4	-0.0089509
258.5	-0.00894461
258.6	-0.00893199
258.7	-0.00890738
258.8	-0.00887699
258.9	-0.00884548
259	-0.00881648
259.1	-0.00878576
259.2	-0.00875063
259.3	-0.00871389
259.4	-0.00867631
259.5	-0.00864193
259.6	-0.00860678
259.7	-0.00857131
259.8	-0.00853675
259.9	-0.00850861
260	-0.00848752
260.1	-0.00847184
260.2	-0.00846038
260.3	-0.00844745
260.4	-0.00843308
260.5	-0.0084156
260.6	-0.00839425
260.7	-0.00836795
260.8	-0.0083352
260.9	-0.00829275
261	-0.0082488
261.1	-0.00820542
261.2	-0.00816166
261.3	-0.00812003
261.4	-0.00807581
261.5	-0.00802803
261.6	-0.00797734
261.7	-0.00792617
261.8	-0.00787769
261.9	-0.00783066
262	-0.00778891
262.1	-0.00774529
262.2	-0.00770014
262.3	-0.00765569
262.4	-0.00761114
262.5	-0.00756761
262.6	-0.00752642
262.7	-0.00748658
262.8	-0.00744668
262.9	-0.00740766
263	-0.00736737
263.1	-0.00732406
263.2	-0.00728093
263.3	-0.00723466
263.4	-0.00718861
263.5	-0.00714042
263.6	-0.0070932
263.7	-0.00704546
263.8	-0.00699899
263.9	-0.00695241
264	-0.00690219
264.1	-0.00684837
264.2	-0.00679394
264.3	-0.00673815
264.4	-0.0066839
264.5	-0.00663061
264.6	-0.0065761
264.7	-0.00652118
264.8	-0.00646529
264.9	-0.00640891
265	-0.00635493
265.1	-0.00630195
265.2	-0.00625367
265.3	-0.00620588
265.4	-0.00615871
265.5	-0.00611018
265.6	-0.00605927
265.7	-0.00600287
265.8	-0.0059462
265.9	-0.00589601
266	-0.00585276
266.1	-0.00581391
266.2	-0.00577562
266.3	-0.00574363
266.4	-0.00571607
266.5	-0.00568944
266.6	-0.00566537
266.7	-0.00564679
266.8	-0.00562751
266.9	-0.00560635
267	-0.00558613
267.1	-0.00556631
267.2	-0.00554493
267.3	-0.00552306
267.4	-0.00549682
267.5	-0.00546726
267.6	-0.00543835
267.7	-0.00540997
267.8	-0.00538072
267.9	-0.00535049
268	-0.00531943
268.1	-0.00528632
268.2	-0.00525337
268.3	-0.00521747
268.4	-0.00517552
268.5	-0.00513481
268.6	-0.00509068
268.7	-0.0050467
268.8	-0.00500164
268.9	-0.00495729
269	-0.00491467
269.1	-0.00487534
269.2	-0.00483778
269.3	-0.00480552
269.4	-0.00477557
269.5	-0.00474895
269.6	-0.00472368
269.7	-0.00469658
269.8	-0.00466818
269.9	-0.00464287
270	-0.00462119
270.1	-0.0046003
270.2	-0.00457723
270.3	-0.00455372
270.4	-0.0045292
270.5	-0.00450278
270.6	-0.00447723
270.7	-0.00445275
270.8	-0.00442799
270.9	-0.00439826
271	-0.00436304
271.1	-0.00432425
271.2	-0.00429147
271.3	-0.00426574
271.4	-0.00424335
271.5	-0.00422275
271.6	-0.00420406
271.7	-0.00418595
271.8	-0.00417004
271.9	-0.00415746
272	-0.00414419
272.1	-0.00413399
272.2	-0.00412241
272.3	-0.00410512
272.4	-0.00408831
272.5	-0.00407123
272.6	-0.00405462
272.7	-0.00403815
272.8	-0.00401503
272.9	-0.00398985
273	-0.00396275
273.1	-0.00393199
273.2	-0.00390242
273.3	-0.00388054
273.4	-0.0038633
273.5	-0.00385273
273.6	-0.00384625
273.7	-0.00384067
273.8	-0.00383278
273.9	-0.00381625
274	-0.00379405
274.1	-0.00377008
274.2	-0.00374355
274.3	-0.00371662
274.4	-0.00369378
274.5	-0.00366858
274.6	-0.00364071
274.7	-0.00361192
274.8	-0.00358925
274.9	-0.0035692
275	-0.00354535
275.1	-0.00352219
275.2	-0.00349956
275.3	-0.00347831
275.4	-0.00346008
275.5	-0.00344108
275.6	-0.00342203
275.7	-0.00340537
275.8	-0.00338999
275.9	-0.00337576
276	-0.00336138
276.1	-0.00334917
276.2	-0.00333945
276.3	-0.00333091
276.4	-0.00332005
276.5	-0.00330705
276.6	-0.00329414
276.7	-0.00328307
276.8	-0.00327023
276.9	-0.00325167
277	-0.00323023
277.1	-0.00320843
277.2	-0.00318452
277.3	-0.00315057
277.4	-0.00310941
277.5	-0.00306228
277.6	-0.00301256
277.7	-0.0029609
277.8	-0.00291083
277.9	-0.00286039
278	-0.00280949
278.1	-0.00275775
278.2	-0.00270002
278.3	-0.00264305
278.4	-0.0025915
278.5	-0.00254214
278.6	-0.00249615
278.7	-0.00245186
278.8	-0.00240891
278.9	-0.00236232
279	-0.00231573
279.1	-0.0022741
279.2	-0.00223245
279.3	-0.00218712
279.4	-0.00213689
279.5	-0.00208608
279.6	-0.002035
279.7	-0.00198446
279.8	-0.00193735
279.9	-0.00189041
280	-0.00184561
280.1	-0.00180409
280.2	-0.00176498
280.3	-0.00172456
280.4	-0.00168548
280.5	-0.00164852
280.6	-0.00161153
280.7	-0.00157799
280.8	-0.00154729
280.9	-0.00151732
281	-0.00148281
281.1	-0.00144699
281.2	-0.00141256
281.3	-0.00137891
281.4	-0.00134833
281.5	-0.0013143
281.6	-0.00127765
281.7	-0.00123598
281.8	-0.00119627
281.9	-0.00115627
282	-0.00111994
282.1	-0.00108553
282.2	-0.00105173
282.3	-0.00101602
282.4	-0.000979923
282.5	-0.000941671
282.6	-0.000909581
282.7	-0.000884871
282.8	-0.000862536
282.9	-0.000836769
283	-0.000810192
283.1	-0.000783942
283.2	-0.000758648
283.3	-0.000734359
283.4	-0.000711229
283.5	-0.000692637
283.6	-0.000676563
283.7	-0.000659868
283.8	-0.000644358
283.9	-0.000629452
284	-0.000611521
284.1	-0.00058784
284.2	-0.000562995
284.3	-0.000536677
284.4	-0.000512956
284.5	-0.000493901
284.6	-0.000479619
284.7	-0.000471391
284.8	-0.000471204
284.9	-0.000474351
285	-0.000475381
285.1	-0.000479356
285.2	-0.000489195
285.3	-0.000499776
285.4	-0.000512584
285.5	-0.000522362
285.6	-0.00052758
285.7	-0.000533734
285.8	-0.000542347
285.9	-0.000554135
286	-0.000565046
286.1	-0.000568682
286.2	-0.000571526
286.3	-0.000576103
286.4	-0.000574856
286.5	-0.000571903
286.6	-0.000565917
286.7	-0.000559583
286.8	-0.000550995
286.9	-0.000542555
287	-0.000537737
287.1	-0.000533454
287.2	-0.000528826
287.3	-0.00052201
287.4	-0.000513581
287.5	-0.000502884
287.6	-0.000489617
287.7	-0.000472739
287.8	-0.000458251
287.9	-0.000442097
288	-0.000429982
288.1	-0.000417727
288.2	-0.00040643
288.3	-0.000392575
288.4	-0.00037331
288.5	-0.000349352
288.6	-0.000320563
288.7	-0.000288764
288.8	-0.000257163
288.9	-0.000226624
289	-0.000197036
289.1	-0.000167176
289.2	-0.000137348
289.3	-0.000102847
289.4	-6.62095e-05
289.5	-3.25586e-05
289.6	5.36374e-07
289.7	3.1008e-05
289.8	5.9324e-05
289.9	8.74657e-05
290	0.000112123
290.1	0.000139781
290.2	0.000163442
290.3	0.000186611
290.4	0.000214188
290.5	0.00024632
290.6	0.000281723
290.7	0.000318316
290.8	0.000355776
290.9	0.000397838
291	0.000446729
291.1	0.000504197
291.2	0.000562763
291.3	0.000618584
291.4	0.000668669
291.5	0.000713415
291.6	0.000754371
291.7	0.000793558
291.8	0.000832533
291.9	0.000867299
292	0.000901513
292.1	0.000937962
292.2	0.000971505
292.3	0.00100398
292.4	0.00103737
292.5	0.00107235
292.6	0.00111074
292.7	0.00115282
292.8	0.00120017
292.9	0.00125234
293	0.0013077
293.1	0.00136183
293.2	0.00141818
293.3	0.0014722
293.4	0.0015258
293.5	0.00157591
293.6	0.00162024
293.7	0.00166014
293.8	0.00169808
293.9	0.00173586
294	0.0017736
294.1	0.00181049
294.2	0.00184258
294.3	0.00186772
294.4	0.00188626
294.5	0.00190138
294.6	0.00191899
294.7	0.00194124
294.8	0.00196888
294.9	0.00199608
295	0.00202201
295.1	0.00204569
295.2	0.00207102
295.3	0.0021
295.4	0.0021289
295.5	0.00216091
295.6	0.00219522
295.7	0.00222783
295.8	0.00225841
295.9	0.0022865
296	0.00231083
296.1	0.00233004
296.2	0.00234498
296.3	0.00235986
296.4	0.00237166
296.5	0.00238459
296.6	0.00240161
296.7	0.00242148
296.8	0.00244036
296.9	0.00246181
297	0.00248202
297.1	0.00250358
297.2	0.00252645
297.3	0.00255271
297.4	0.00257781
297.5	0.00260718
297.6	0.0026427
297.7	0.00268018
297.8	0.00271578
297.9	0.00274427
298	0.00276614
298.1	0.00278778
298.2	0.00280823
298.3	0.00282876
298.4	0.00285027
298.5	0.00286575
298.6	0.00287737
298.7	0.00288666
298.8	0.00289345
298.9	0.00290377
299	0.00291411
299.1	0.00292153
299.2	0.00292789
299.3	0.0029267
299.4	0.00292246
299.5	0.00292219
299.6	0.00292529
299.7	0.00293187
299.8	0.00293932
299.9	0.0029453
300	0.00295695
300.1	0.00296844
300.2	0.00297964
300.3	0.00298801
300.4	0.00299065
300.5	0.00298803
300.6	0.0029882
300.7	0.00298897
300.8	0.00298533
300.9	0.00297928
301	0.00297647
301.1	0.00297011
301.2	0.00296437
301.3	0.00296495
301.4	0.00296774
301.5	0.00296625
301.6	0.00296545
301.7	0.00296394
301.8	0.00296157
301.9	0.00295527
302	0.00295052
302.1	0.00294748
302.2	0.00294312
302.3	0.00293786
302.4	0.00293149
302.5	0.00292274
302.6	0.00291509
302.7	0.00290031
302.8	0.00288261
302.9	0.00286412
303	0.00284479
303.1	0.00282812
303.2	0.00281067
303.3	0.00279358
303.4	0.00277665
303.5	0.00275766
303.6	0.00273274
303.7	0.00270555
303.8	0.00268068
303.9	0.00265777
304	0.00263734
304.1	0.00261882
304.2	0.00260204
304.3	0.00258899
304.4	0.00257784
304.5	0.00257016
304.6	0.00256683
304.7	0.00256776
304.8	0.00257198
304.9	0.0025785
305	0.00258455
305.1	0.00258973
305.2	0.00259736
305.3	0.00261036
305.4	0.00262426
305.5	0.00263683
305.6	0.00264824
305.7	0.00265904
305.8	0.00266212
305.9	0.00266125
306	0.00265949
306.1	0.00265918
306.2	0.00265787
306.3	0.00265707
306.4	0.00266007
306.5	0.00266218
306.6	0.00265973
306.7	0.00265491
306.8	0.00264462
306.9	0.00263243
307	0.00261756
307.1	0.0025976
307.2	0.00257401
307.3	0.0025491
307.4	0.00252515
307.5	0.00250208
307.6	0.00248099
307.7	0.00245861
307.8	0.00243663
307.9	0.00241671
308	0.00239664
308.1	0.00237623
308.2	0.00235592
308.3	0.00233856
308.4	0.0023169
308.5	0.00229444
308.6	0.00227436
308.7	0.00225456
308.8	0.00223224
308.9	0.00220397
309	0.00217561
309.1	0.00214368
309.2	0.00211286
309.3	0.0020802
309.4	0.00204199
309.5	0.00200317
309.6	0.0019637
309.7	0.00192518
309.8	0.0018904
309.9	0.00185754
310	0.00182442
310.1	0.00179158
310.2	0.00175622
310.3	0.00172013
310.4	0.00168685
310.5	0.00165629
310.6	0.0016295
310.7	0.00160498
310.8	0.00157785
310.9	0.00154976
311	0.00151797
311.1	0.00148347
311.2	0.00144349
311.3	0.00140027
311.4	0.00135425
311.5	0.00131217
311.6	0.00126847
311.7	0.00122782
311.8	0.00118311
311.9	0.00113973
312	0.0011036
312.1	0.00107252
312.2	0.00104983
312.3	0.00103493
312.4	0.00102696
312.5	0.00102087
312.6	0.00101444
312.7	0.00101155
312.8	0.00100804
312.9	0.00100297
313	0.000997522
313.1	0.00098962
313.2	0.000978106
313.3	0.000970603
313.4	0.000964856
313.5	0.000960555
313.6	0.00095246
313.7	0.000941724
313.8	0.000924612
313.9	0.000904999
314	0.000883809
314.1	0.000862337
314.2	0.000839472
314.3	0.000814015
314.4	0.000790626
314.5	0.000769353
314.6	0.000745927
314.7	0.000720637
314.8	0.00069375
314.9	0.000667937
315	0.000645492
315.1	0.000620787
315.2	0.000595418
315.3	0.000567294
315.4	0.000535496
315.5	0.000502477
315.6	0.000465381
315.7	0.000426925
315.8	0.000392417
315.9	0.000361651
316	0.000331893
316.1	0.000302291
316.2	0.000273547
316.3	0.000247763
316.4	0.00022813
316.5	0.000207827
316.6	0.000181158
316.7	0.000149117
316.8	0.000112014
316.9	7.50529e-05
317	3.67508e-05
317.1	-6.75886e-06
317.2	-5.34624e-05
317.3	-0.000100847
317.4	-0.000151145
317.5	-0.000197521
317.6	-0.000243238
317.7	-0.000286269
317.8	-0.000329878
317.9	-0.000376161
318	-0.000426497
318.1	-0.000478165
318.2	-0.000530886
318.3	-0.0005829
318.4	-0.000628423
318.5	-0.000668507
318.6	-0.000704764
318.7	-0.00073439
318.8	-0.00076182
318.9	-0.000789247
319	-0.000816267
319.1	-0.000845856
319.2	-0.000877345
319.3	-0.000905737
319.4	-0.000934095
319.5	-0.000962565
319.6	-0.000990959
319.7	-0.00102003
319.8	-0.00104491
319.9	-0.00106264
320	-0.00108121
320.1	-0.00109968
320.2	-0.0011197
320.3	-0.00114068
320.4	-0.00116288
320.5	-0.00118804
320.6	-0.0012147
320.7	-0.00124347
320.8	-0.00126849
320.9	-0.00128996
321	-0.00130439
321.1	-0.00131409
321.2	-0.00132651
321.3	-0.00134233
321.4	-0.0013566
321.5	-0.00136968
321.6	-0.00138584
321.7	-0.00140983
321.8	-0.00143973
321.9	-0.00146531
322	-0.00148861
322.1	-0.00151155
322.2	-0.00153017
322.3	-0.0015495
322.4	-0.00157113
322.5	-0.00159689
322.6	-0.00161899
322.7	-0.00163811
322.8	-0.00165711
322.9	-0.00167741
323	-0.00169944
323.1	-0.00172772
323.2	-0.00175899
323.3	-0.00179055
323.4	-0.00181863
323.5	-0.00184132
323.6	-0.00186444
323.7	-0.00188337
323.8	-0.00189995
323.9	-0.00191732
324	-0.0019406
324.1	-0.00196728
324.2	-0.00199804
324.3	-0.00203095
324.4	-0.00206162
324.5	-0.00208612
324.6	-0.00210677
324.7	-0.00211929
324.8	-0.00212723
324.9	-0.00213457
325	-0.00214346
325.1	-0.00214882
325.2	-0.00214833
325.3	-0.00214156
325.4	-0.00213105
325.5	-0.00211507
325.6	-0.00209462
325.7	-0.00206994
325.8	-0.00204489
325.9	-0.00201528
326	-0.0019826
326.1	-0.0019486
326.2	-0.00191807
326.3	-0.00189484
326.4	-0.00187678
326.5	-0.00185914
326.6	-0.00183796
326.7	-0.00181968
326.8	-0.00180383
326.9	-0.00178948
327	-0.00177333
327.1	-0.00175291
327.2	-0.00173222
327.3	-0.00171534
327.4	-0.00169997
327.5	-0.00168618
327.6	-0.00167521
327.7	-0.00166216
327.8	-0.00165266
327.9	-0.00164134
328	-0.00162883
328.1	-0.00161203
328.2	-0.00158554
328.3	-0.001549
328.4	-0.0015158
328.5	-0.00148058
328.6	-0.00144383
328.7	-0.00140745
328.8	-0.00136488
328.9	-0.00131868
329	-0.00127404
329.1	-0.00122817
329.2	-0.00118508
329.3	-0.00114385
329.4	-0.0011017
329.5	-0.00105977
329.6	-0.00101473
329.7	-0.000971747
329.8	-0.000924014
329.9	-0.000873456
330	-0.000821063
330.1	-0.000767374
330.2	-0.000713756
330.3	-0.000668616
330.4	-0.000633619
330.5	-0.000607367
330.6	-0.000588181
330.7	-0.000572604
330.8	-0.000560519
330.9	-0.000547396
331	-0.000535562
331.1	-0.000526083
331.2	-0.000518659
331.3	-0.000509457
331.4	-0.000502783
331.5	-0.000497734
331.6	-0.000492537
331.7	-0.000483406
331.8	-0.000471198
331.9	-0.000453741
332	-0.000440185
332.1	-0.000430655
332.2	-0.000422662
332.3	-0.000414034
332.4	-0.000404687
332.5	-0.000393122
332.6	-0.000383231
332.7	-0.000373841
332.8	-0.000364415
332.9	-0.000354885
333	-0.000350619
333.1	-0.000347496
333.2	-0.000344915
333.3	-0.000347046
333.4	-0.000350854
333.5	-0.000347683
333.6	-0.000340425
333.7	-0.000332773
333.8	-0.000322197
333.9	-0.000305956
334	-0.000286756
334.1	-0.000268192
334.2	-0.000257289
334.3	-0.000254177
334.4	-0.000253241
334.5	-0.0002499
334.6	-0.00024526
334.7	-0.000244431
334.8	-0.000249482
334.9	-0.000257887
335	-0.000260614
335.1	-0.000255888
335.2	-0.000250562
335.3	-0.000248254
335.4	-0.000248088
335.5	-0.000246883
335.6	-0.000241085
335.7	-0.000231772
335.8	-0.00022125
335.9	-0.000207208
336	-0.000194742
336.1	-0.000180827
336.2	-0.000170056
336.3	-0.000159319
336.4	-0.000148381
336.5	-0.000135323
336.6	-0.000121359
336.7	-0.000103453
336.8	-8.44629e-05
336.9	-6.40014e-05
337	-4.29736e-05
337.1	-1.88326e-05
337.2	4.47993e-06
337.3	3.17541e-05
337.4	5.82675e-05
337.5	8.35185e-05
337.6	0.00010628
337.7	0.000120716
337.8	0.000128615
337.9	0.000134157
338	0.000138375
338.1	0.000137055
338.2	0.000130112
338.3	0.000120375
338.4	0.000110794
338.5	9.85021e-05
338.6	8.48954e-05
338.7	6.75632e-05
338.8	4.90069e-05
338.9	3.04279e-05
339	1.04907e-05
339.1	-6.67374e-06
339.2	-2.7747e-05
339.3	-5.5071e-05
339.4	-8.96526e-05
339.5	-0.000122909
339.6	-0.000151028
339.7	-0.000181319
339.8	-0.000210469
339.9	-0.00023743
340	-0.00026234
340.1	-0.000286134
340.2	-0.000310174
340.3	-0.000333779
340.4	-0.000354578
340.5	-0.000377883
340.6	-0.000406673
340.7	-0.000432895
340.8	-0.000459968
340.9	-0.000484161
341	-0.000503133
341.1	-0.00051743
341.2	-0.000524261
341.3	-0.000529586
341.4	-0.000537995
341.5	-0.000553599
341.6	-0.000571416
341.7	-0.000589083
341.8	-0.00060864
341.9	-0.000630292
342	-0.000655273
342.1	-0.000687877
342.2	-0.000726259
342.3	-0.000768179
342.4	-0.000809319
342.5	-0.000851171
342.6	-0.000895486
342.7	-0.000942139
342.8	-0.000984583
342.9	-0.00102761
343	-0.00106867
343.1	-0.00110813
343.2	-0.00114685
343.3	-0.00118218
343.4	-0.00121852
343.5	-0.00125485
343.6	-0.00129275
343.7	-0.0013308
343.8	-0.00137282
343.9	-0.00141796
344	-0.00146336
344.1	-0.00150273
344.2	-0.00153678
344.3	-0.00156338
344.4	-0.0015893
344.5	-0.00161326
344.6	-0.00163461
344.7	-0.00165939
344.8	-0.00168648
344.9	-0.00171311
345	-0.00174109
345.1	-0.00177466
345.2	-0.00181322
345.3	-0.00185681
345.4	-0.00190491
345.5	-0.00195491
345.6	-0.00200015
345.7	-0.00203659
345.8	-0.00207177
345.9	-0.00210714
346	-0.00214269
346.1	-0.00217375
346.2	-0.00220502
346.3	-0.0022386
346.4	-0.00227135
346.5	-0.0023076
346.6	-0.00234679
346.7	-0.00238706
346.8	-0.00243114
346.9	-0.00247867
347	-0.00252662
347.1	-0.00257527
347.2	-0.00262166
347.3	-0.00266833
347.4	-0.0027176
347.5	-0.00276818
347.6	-0.00282402
347.7	-0.00288521
347.8	-0.00294662
347.9	-0.00300995
348	-0.00307764
348.1	-0.00315188
348.2	-0.00322656
348.3	-0.00329799
348.4	-0.00336417
348.5	-0.00343129
348.6	-0.00349699
348.7	-0.00356178
348.8	-0.00362354
348.9	-0.00368375
349	-0.00374392
349.1	-0.0038113
349.2	-0.00388321
349.3	-0.00395416
349.4	-0.00401956
349.5	-0.00408085
349.6	-0.00413685
349.7	-0.00418922
349.8	-0.0042477
349.9	-0.00431016
350	-0.00436741
350.1	-0.00442115
350.2	-0.00447658
350.3	-0.00453597
350.4	-0.00460162
350.5	-0.00466678
350.6	-0.00473013
350.7	-0.00479168
350.8	-0.00485507
350.9	-0.00491483
351	-0.00497532
351.1	-0.00503498
351.2	-0.00509547
351.3	-0.00514933
351.4	-0.00519669
351.5	-0.00523952
351.6	-0.00528161
351.7	-0.00532609
351.8	-0.00537543
351.9	-0.00542882
352	-0.00548256
352.1	-0.00553923
352.2	-0.00559137
352.3	-0.00564128
352.4	-0.00568963
352.5	-0.00574205
352.6	-0.00579757
352.7	-0.00585746
352.8	-0.00592064
352.9	-0.00598714
353	-0.0060565
353.1	-0.00612964
353.2	-0.00620649
353.3	-0.00628493
353.4	-0.00635861
353.5	-0.00643177
353.6	-0.00650389
353.7	-0.00657475
353.8	-0.00664512
353.9	-0.00671234
354	-0.00677982
354.1	-0.00684422
354.2	-0.00690831
354.3	-0.00697288
354.4	-0.00703466
354.5	-0.00709821
354.6	-0.0071639
354.7	-0.00723048
354.8	-0.00729663
354.9	-0.0073587
355	-0.00742254
355.1	-0.00748514
355.2	-0.00755108
355.3	-0.0076178
355.4	-0.00768419
355.5	-0.00775267
355.6	-0.00782116
355.7	-0.00788866
355.8	-0.00795524
355.9	-0.00802135
356	-0.00809167
356.1	-0.00816479
356.2	-0.00823818
356.3	-0.00831236
356.4	-0.00838862
356.5	-0.0084659
356.6	-0.00853931
356.7	-0.00860729
356.8	-0.00866781
356.9	-0.00872232
357	-0.00877658
357.1	-0.00882735
357.2	-0.00887322
357.3	-0.00891538
357.4	-0.00895621
357.5	-0.00899795
357.6	-0.00904699
357.7	-0.00910033
357.8	-0.00915211
357.9	-0.00920065
358	-0.00924711
358.1	-0.00929391
358.2	-0.00934464
358.3	-0.00940072
358.4	-0.0094613
358.5	-0.00952789
358.6	-0.00959842
358.7	-0.00967027
358.8	-0.00974316
358.9	-0.00981884
359	-0.00989219
359.1	-0.00996436
359.2	-0.0100322
359.3	-0.0100981
359.4	-0.0101582
359.5	-0.0102135
359.6	-0.0102685
359.7	-0.0103226
359.8	-0.0103735
359.9	-0.0104306
360	-0.0104873
360.1	-0.0105402
360.2	-0.0105871
360.3	-0.0106293
360.4	-0.0106654
360.5	-0.0106957
360.6	-0.0107228
360.7	-0.0107474
360.8	-0.0107691
360.9	-0.0107844
361	-0.0107914
361.1	-0.0107931
361.2	-0.0107907
361.3	-0.0107897
361.4	-0.0107903
361.5	-0.010792
361.6	-0.0107922
361.7	-0.0107853
361.8	-0.010774
361.9	-0.0107616
362	-0.0107504
362.1	-0.0107456
362.2	-0.0107398
362.3	-0.010734
362.4	-0.010729
362.5	-0.0107211
362.6	-0.0107121
362.7	-0.0106996
362.8	-0.0106856
362.9	-0.0106671
363	-0.0106438
363.1	-0.010614
363.2	-0.0105774
363.3	-0.0105348
363.4	-0.0104972
363.5	-0.010457
363.6	-0.0104212
363.7	-0.0103876
363.8	-0.0103548
363.9	-0.0103239
364	-0.010298
364.1	-0.0102718
364.2	-0.01024
364.3	-0.0102098
364.4	-0.0101811
364.5	-0.0101603
364.6	-0.0101424
364.7	-0.010126
364.8	-0.0101061
364.9	-0.010082
365	-0.0100563
365.1	-0.0100339
365.2	-0.0100147
365.3	-0.00999573
365.4	-0.00997311
365.5	-0.00995382
365.6	-0.00993408
365.7	-0.0099103
365.8	-0.00988073
365.9	-0.00984345
366	-0.00980341
366.1	-0.00976275
366.2	-0.00971877
366.3	-0.00967443
366.4	-0.00963584
366.5	-0.00959682
366.6	-0.00955834
366.7	-0.00951898
366.8	-0.00947999
366.9	-0.0094435
367	-0.00941071
367.1	-0.00937527
367.2	-0.00933518
367.3	-0.00929322
367.4	-0.0092433
367.5	-0.0091934
367.6	-0.00914248
367.7	-0.00909006
367.8	-0.00903762
367.9	-0.0089848
368	-0.0089375
368.1	-0.00888726
368.2	-0.00883509
368.3	-0.00878017
368.4	-0.00872268
368.5	-0.00866525
368.6	-0.00860701
368.7	-0.00854675
368.8	-0.00848208
368.9	-0.00841538
369	-0.00834354
369.1	-0.00827267
369.2	-0.00820385
369.3	-0.00813452
369.4	-0.00806195
369.5	-0.00799188
369.6	-0.0079218
369.7	-0.00785368
369.8	-0.00778627
369.9	-0.00771738
370	-0.00765027
370.1	-0.00758442
370.2	-0.00751495
370.3	-0.0074443
370.4	-0.00737146
370.5	-0.00729567
370.6	-0.00721789
370.7	-0.00713924
370.8	-0.00705956
370.9	-0.00698277
371	-0.00691177
371.1	-0.00684127
371.2	-0.00677363
371.3	-0.00670962
371.4	-0.00664681
371.5	-0.00658946
371.6	-0.00653348
371.7	-0.00647931
371.8	-0.00642733
371.9	-0.00637748
372	-0.00633469
372.1	-0.00629194
372.2	-0.006253
372.3	-0.00621824
372.4	-0.00618987
372.5	-0.00616692
372.6	-0.00615635
372.7	-0.00615173
372.8	-0.00614954
372.9	-0.00614887
373	-0.00615408
373.1	-0.00616323
373.2	-0.00618324
373.3	-0.00620854
373.4	-0.00623205
373.5	-0.00626027
373.6	-0.00629226
373.7	-0.00632771
373.8	-0.00636611
373.9	-0.006406
374	-0.00644795
374.1	-0.00649053
374.2	-0.00653412
374.3	-0.00658066
374.4	-0.00662519
374.5	-0.0066693
374.6	-0.00671599
374.7	-0.0067609
374.8	-0.0068038
374.9	-0.0068459
375	-0.00689017
375.1	-0.00693026
375.2	-0.00696858
375.3	-0.00700646
375.4	-0.0070406
375.5	-0.00707085
375.6	-0.00710445
375.7	-0.00714081
375.8	-0.00717927
375.9	-0.00721965
376	-0.00725732
376.1	-0.00729263
376.2	-0.00732842
376.3	-0.00736346
376.4	-0.00740071
376.5	-0.00743998
376.6	-0.00748175
376.7	-0.00752493
376.8	-0.00757082
376.9	-0.00762166
377	-0.00767235
377.1	-0.00772224
377.2	-0.00777493
377.3	-0.00782767
377.4	-0.00787615
377.5	-0.00791639
377.6	-0.00795951
377.7	-0.00800738
377.8	-0.00805097
377.9	-0.00808996
378	-0.00812334
378.1	-0.00815533
378.2	-0.0081895
378.3	-0.00822668
378.4	-0.00826873
378.5	-0.00830974
378.6	-0.00835276
378.7	-0.00839678
378.8	-0.00844249
378.9	-0.00849109
379	-0.00853972
379.1	-0.00859417
379.2	-0.00865368
379.3	-0.00871798
379.4	-0.00878084
379.5	-0.00884103
379.6	-0.00890059
379.7	-0.0089607
379.8	-0.00902324
379.9	-0.00908908
380	-0.00915217
380.1	-0.00921098
380.2	-0.00926524
380.3	-0.00931627
380.4	-0.00936646
380.5	-0.00941569
380.6	-0.0094635
380.7	-0.0095172
380.8	-0.0095727
380.9	-0.00962451
381	-0.00967437
381.1	-0.00972121
381.2	-0.00976537
381.3	-0.00980608
381.4	-0.00985049
381.5	-0.00989953
381.6	-0.0099499
381.7	-0.00999826
381.8	-0.0100473
381.9	-0.0100982
382	-0.0101544
382.1	-0.0102054
382.2	-0.0102526
382.3	-0.0102955
382.4	-0.0103387
382.5	-0.0103823
382.6	-0.0104256
382.7	-0.0104662
382.8	-0.0105008
382.9	-0.0105326
383	-0.010562
383.1	-0.0105933
383.2	-0.010625
383.3	-0.0106564
383.4	-0.0106845
383.5	-0.0107114
383.6	-0.0107357
383.7	-0.0107605
383.8	-0.010783
383.9	-0.0108056
384	-0.0108295
384.1	-0.0108553
384.2	-0.0108834
384.3	-0.0109123
384.4	-0.0109402
384.5	-0.0109639
384.6	-0.0109804
384.7	-0.0109942
384.8	-0.0110107
384.9	-0.0110249
385	-0.0110379
385.1	-0.0110515
385.2	-0.0110628
385.3	-0.0110683
385.4	-0.0110647
385.5	-0.01106
385.6	-0.011055
385.7	-0.0110525
385.8	-0.0110553
385.9	-0.0110591
386	-0.0110652
386.1	-0.0110745
386.2	-0.0110812
386.3	-0.0110842
386.4	-0.0110852
386.5	-0.0110814
386.6	-0.0110795
386.7	-0.0110838
386.8	-0.0110959
386.9	-0.0111111
387	-0.011125
387.1	-0.0111374
387.2	-0.0111433
387.3	-0.0111467
387.4	-0.0111473
387.5	-0.0111465
387.6	-0.0111419
387.7	-0.0111355
387.8	-0.011127
387.9	-0.0111175
388	-0.0111069
388.1	-0.0110937
388.2	-0.011084
388.3	-0.0110809
388.4	-0.011086
388.5	-0.0110905
388.6	-0.0110936
388.7	-0.0110971
388.8	-0.0110979
388.9	-0.011098
389	-0.0110894
389.1	-0.011075
389.2	-0.0110562
389.3	-0.0110342
389.4	-0.0110112
389.5	-0.0109859
389.6	-0.0109646
389.7	-0.0109484
389.8	-0.0109323
389.9	-0.0109157
390	-0.0108978
390.1	-0.0108762
390.2	-0.0108515
390.3	-0.0108275
390.4	-0.010806
390.5	-0.0107847
390.6	-0.0107599
390.7	-0.0107354
390.8	-0.010708
390.9	-0.0106768
391	-0.0106387
391.1	-0.0105966
391.2	-0.0105533
391.3	-0.0105117
391.4	-0.0104751
391.5	-0.0104437
391.6	-0.0104168
391.7	-0.0103931
391.8	-0.0103684
391.9	-0.0103422
392	-0.0103183
392.1	-0.0102964
392.2	-0.0102741
392.3	-0.0102542
392.4	-0.0102396
392.5	-0.0102256
392.6	-0.0102122
392.7	-0.0101971
392.8	-0.0101818
392.9	-0.0101643
393	-0.0101407
393.1	-0.0101192
393.2	-0.0101006
393.3	-0.0100859
393.4	-0.0100736
393.5	-0.0100635
393.6	-0.0100527
393.7	-0.0100384
393.8	-0.0100288
393.9	-0.0100201
394	-0.0100136
394.1	-0.0100042
394.2	-0.0100012
394.3	-0.010002
394.4	-0.0100057
394.5	-0.0100104
394.6	-0.0100118
394.7	-0.0100152
394.8	-0.0100206
394.9	-0.0100263
395	-0.0100274
395.1	-0.0100238
395.2	-0.0100118
395.3	-0.00999944
395.4	-0.00999112
395.5	-0.0099842
395.6	-0.0099797
395.7	-0.0099756
395.8	-0.0099735
395.9	-0.00996672
396	-0.0099542
396.1	-0.00993674
396.2	-0.00991868
396.3	-0.00989985
396.4	-0.00988143
396.5	-0.00986473
396.6	-0.00984787
396.7	-0.00983491
396.8	-0.00982193
396.9	-0.00980518
397	-0.00978812
397.1	-0.00977032
397.2	-0.00975484
397.3	-0.00974172
397.4	-0.00972958
397.5	-0.00972127
397.6	-0.0097146
397.7	-0.00970861
397.8	-0.00970135
397.9	-0.00969267
398	-0.00969001
398.1	-0.00969339
398.2	-0.00969634
398.3	-0.00969591
398.4	-0.00969148
398.5	-0.00968087
398.6	-0.00966868
398.7	-0.00966115
398.8	-0.00966177
398.9	-0.00966766
399	-0.00967519
399.1	-0.0096861
399.2	-0.00969747
399.3	-0.00971067
399.4	-0.0097266
399.5	-0.00974267
399.6	-0.0097624
399.7	-0.00978529
399.8	-0.00980595
399.9	-0.00982277
400	-0.00983654
400.1	-0.0098481
400.2	-0.00985767
400.3	-0.00986413
400.4	-0.00987206
400.5	-0.00988239
400.6	-0.00988955
400.7	-0.00989306
400.8	-0.00989153
400.9	-0.00988161
401	-0.00986483
401.1	-0.00984352
401.2	-0.00982167
401.3	-0.00979824
401.4	-0.0097728
401.5	-0.00974619
401.6	-0.00971661
401.7	-0.00968355
401.8	-0.00964934
401.9	-0.00961878
402	-0.00959336
402.1	-0.00956874
402.2	-0.00954084
402.3	-0.00950978
402.4	-0.00947721
402.5	-0.00944795
402.6	-0.00941921
402.7	-0.00938828
402.8	-0.00935872
402.9	-0.00932946
403	-0.00929673
403.1	-0.00926041
403.2	-0.00922462
403.3	-0.00918675
403.4	-0.00914646
403.5	-0.00910543
403.6	-0.00905992
403.7	-0.00901128
403.8	-0.00896069
403.9	-0.0089058
404	-0.00885188
404.1	-0.00879921
404.2	-0.00874725
404.3	-0.0086918
404.4	-0.00863722
404.5	-0.00858251
404.6	-0.00852991
404.7	-0.00847931
404.8	-0.00842828
404.9	-0.00838048
405	-0.00833601
405.1	-0.00829531
405.2	-0.00825834
405.3	-0.00822439
405.4	-0.00819543
405.5	-0.00816944
405.6	-0.00814378
405.7	-0.00811715
405.8	-0.00809218
405.9	-0.00806669
406	-0.00804247
406.1	-0.00801708
406.2	-0.00799582
406.3	-0.00797762
406.4	-0.00795976
406.5	-0.00794365
406.6	-0.007931
406.7	-0.00792375
406.8	-0.00791541
406.9	-0.00790344
407	-0.00788601
407.1	-0.00786249
407.2	-0.00783816
407.3	-0.00781445
407.4	-0.00779126
407.5	-0.00776919
407.6	-0.00774756
407.7	-0.00772217
407.8	-0.00769972
407.9	-0.00767958
408	-0.00765606
408.1	-0.0076341
408.2	-0.00761076
408.3	-0.00758815
408.4	-0.00756569
408.5	-0.00754648
408.6	-0.00753243
408.7	-0.00752541
408.8	-0.00752455
408.9	-0.00752436
409	-0.00752419
409.1	-0.00752693
409.2	-0.0075282
409.3	-0.00753038
409.4	-0.00752899
409.5	-0.00752593
409.6	-0.00751897
409.7	-0.00750977
409.8	-0.00750005
409.9	-0.00749236
410	-0.00748494
410.1	-0.00747898
410.2	-0.00747661
410.3	-0.00747463
410.4	-0.00747112
410.5	-0.00746502
410.6	-0.00745882
410.7	-0.00745369
410.8	-0.00745116
410.9	-0.00745459
411	-0.00746517
411.1	-0.00747675
411.2	-0.00748526
411.3	-0.00749349
411.4	-0.00750018
411.5	-0.00750789
411.6	-0.00751578
411.7	-0.00752233
411.8	-0.00752752
411.9	-0.00753935
412	-0.00755286
412.1	-0.00757034
412.2	-0.00758586
412.3	-0.007601
412.4	-0.00761589
412.5	-0.00763285
412.6	-0.00764742
412.7	-0.00766284
412.8	-0.00767788
412.9	-0.00768957
413	-0.00769907
413.1	-0.00770804
413.2	-0.00771159
413.3	-0.00771451
413.4	-0.00771899
413.5	-0.0077213
413.6	-0.00771908
413.7	-0.0077155
413.8	-0.00771043
413.9	-0.00770002
414	-0.00768318
414.1	-0.00766517
414.2	-0.00764742
414.3	-0.00763017
414.4	-0.00761206
414.5	-0.00759546
414.6	-0.00758097
414.7	-0.00756359
414.8	-0.00754412
414.9	-0.0075229
415	-0.00749667
415.1	-0.00746443
415.2	-0.00743351
415.3	-0.00740306
415.4	-0.00736949
415.5	-0.00733723
415.6	-0.00730439
415.7	-0.00726983
415.8	-0.00723226
415.9	-0.00719539
416	-0.00715569
416.1	-0.00711649
416.2	-0.00707363
416.3	-0.00702869
416.4	-0.00697919
416.5	-0.00693241
416.6	-0.00688642
416.7	-0.00684118
416.8	-0.00679797
416.9	-0.00676137
417	-0.00672075
417.1	-0.00668295
417.2	-0.00664908
417.3	-0.00661787
417.4	-0.00658593
417.5	-0.006556
417.6	-0.00652716
417.7	-0.00649136
417.8	-0.00645667
417.9	-0.00642408
418	-0.00639092
418.1	-0.00635729
418.2	-0.00632649
418.3	-0.00630101
418.4	-0.00627848
418.5	-0.00625868
418.6	-0.00624556
418.7	-0.00623907
418.8	-0.00623534
418.9	-0.00623006
419	-0.0062261
419.1	-0.00622404
419.2	-0.00622423
419.3	-0.00622787
419.4	-0.0062324
419.5	-0.00623942
419.6	-0.00625047
419.7	-0.0062651
419.8	-0.00628026
419.9	-0.00629327
420	-0.00631134
420.1	-0.00633031
420.2	-0.00634987
420.3	-0.00636613
420.4	-0.00637898
420.5	-0.00638628
420.6	-0.00639188
420.7	-0.00639516
420.8	-0.00639638
420.9	-0.00639169
421	-0.00638192
421.1	-0.00636805
421.2	-0.00635621
421.3	-0.0063393
421.4	-0.00631633
421.5	-0.00629062
421.6	-0.00626921
421.7	-0.00625197
421.8	-0.00622956
421.9	-0.00620582
422	-0.00618034
422.1	-0.00615523
422.2	-0.0061305
422.3	-0.00610717
422.4	-0.00608752
422.5	-0.00606959
422.6	-0.00605088
422.7	-0.0060262
422.8	-0.00599818
422.9	-0.00597286
423	-0.00594809
423.1	-0.0059264
423.2	-0.00589977
423.3	-0.00587293
423.4	-0.00584778
423.5	-0.00582134
423.6	-0.00579507
423.7	-0.005771
423.8	-0.00575297
423.9	-0.00573923
424	-0.00572479
424.1	-0.00570702
424.2	-0.00568805
424.3	-0.0056689
424.4	-0.00565006
424.5	-0.00562702
424.6	-0.00560771
424.7	-0.00558507
424.8	-0.005563
424.9	-0.00553703
425	-0.00551026
425.1	-0.00548287
425.2	-0.00545571
425.3	-0.00542689
425.4	-0.00539897
425.5	-0.00536777
425.6	-0.00534176
425.7	-0.00532254
425.8	-0.00530837
425.9	-0.00529256
426	-0.00527506
426.1	-0.00525715
426.2	-0.00524001
426.3	-0.00522703
426.4	-0.00522094
426.5	-0.00521943
426.6	-0.00521967
426.7	-0.00521858
426.8	-0.00521902
426.9	-0.00521657
427	-0.00520808
427.1	-0.00519938
427.2	-0.00519036
427.3	-0.00517757
427.4	-0.00516136
427.5	-0.00514243
427.6	-0.00511694
427.7	-0.00508381
427.8	-0.00504083
427.9	-0.00499413
428	-0.0049472
428.1	-0.00490157
428.2	-0.00486287
428.3	-0.0048314
428.4	-0.00480437
428.5	-0.00477321
428.6	-0.00474258
428.7	-0.00471048
428.8	-0.00467508
428.9	-0.00463781
429	-0.00459966
429.1	-0.00455986
429.2	-0.00451704
429.3	-0.0044726
429.4	-0.00442846
429.5	-0.00438637
429.6	-0.00434615
429.7	-0.00430419
429.8	-0.00426268
429.9	-0.00422446
430	-0.00418507
430.1	-0.00414145
430.2	-0.00409805
430.3	-0.00405904
430.4	-0.0040199
430.5	-0.00398219
430.6	-0.00394817
430.7	-0.00391668
430.8	-0.00388477
430.9	-0.00385494
431	-0.00382341
431.1	-0.00379516
431.2	-0.00376705
431.3	-0.00373664
431.4	-0.00370288
431.5	-0.00366677
431.6	-0.00362839
431.7	-0.00358167
431.8	-0.00352842
431.9	-0.00347653
432	-0.00342719
432.1	-0.00338157
432.2	-0.00334592
432.3	-0.00331537
432.4	-0.00328325
432.5	-0.00325708
432.6	-0.00323637
432.7	-0.00321815
432.8	-0.00319796
432.9	-0.00317871
433	-0.0031656
433.1	-0.00315473
433.2	-0.00314288
433.3	-0.00312918
433.4	-0.00311506
433.5	-0.00310176
433.6	-0.00309571
433.7	-0.00309524
433.8	-0.00309961
433.9	-0.00310746
434	-0.0031178
434.1	-0.00313236
434.2	-0.00314946
434.3	-0.00316567
434.4	-0.00318008
434.5	-0.0031919
434.6	-0.00320419
434.7	-0.00321734
434.8	-0.00323157
434.9	-0.00324608
435	-0.00326372
435.1	-0.00328232
435.2	-0.00329667
435.3	-0.00331121
435.4	-0.00332888
435.5	-0.0033467
435.6	-0.00336298
435.7	-0.00337503
435.8	-0.00338157
435.9	-0.00338977
436	-0.00339836
436.1	-0.00340907
436.2	-0.00342141
436.3	-0.00342988
436.4	-0.00343791
436.5	-0.00344652
436.6	-0.00345404
436.7	-0.00345991
436.8	-0.00346559
436.9	-0.00347226
437	-0.00347366
437.1	-0.00347897
437.2	-0.00348036
437.3	-0.00347871
437.4	-0.00347214
437.5	-0.0034603
437.6	-0.00344655
437.7	-0.00343072
437.8	-0.00341242
437.9	-0.00339476
438	-0.00338019
438.1	-0.0033703
438.2	-0.00335988
438.3	-0.00335243
438.4	-0.00334905
438.5	-0.00334788
438.6	-0.00334505
438.7	-0.00334101
438.8	-0.00333505
438.9	-0.00333223
439	-0.0033264
439.1	-0.00331731
439.2	-0.00331081
439.3	-0.00330795
439.4	-0.00330887
439.5	-0.00331101
439.6	-0.00331782
439.7	-0.00332551
439.8	-0.00333191
439.9	-0.00333691
440	-0.00334211
440.1	-0.00334364
440.2	-0.00334089
440.3	-0.0033329
440.4	-0.00332029
440.5	-0.00330141
440.6	-0.00328173
440.7	-0.00326635
440.8	-0.00325283
440.9	-0.00324104
441	-0.00323029
441.1	-0.00322168
441.2	-0.00321491
441.3	-0.00320783
441.4	-0.00319667
441.5	-0.00318564
441.6	-0.0031747
441.7	-0.0031631
441.8	-0.00314965
441.9	-0.00313683
442	-0.00312739
442.1	-0.00311813
442.2	-0.00310889
442.3	-0.00310053
442.4	-0.00309521
442.5	-0.00309238
442.6	-0.0030922
442.7	-0.00308766
442.8	-0.0030794
442.9	-0.00307281
443	-0.00306863
443.1	-0.00306494
443.2	-0.00306222
443.3	-0.0030624
443.4	-0.00306824
443.5	-0.00307611
443.6	-0.00308405
443.7	-0.00309084
443.8	-0.00309528
443.9	-0.00309957
444	-0.00310168
444.1	-0.00310112
444.2	-0.00310019
444.3	-0.00309788
444.4	-0.00309379
444.5	-0.00309438
444.6	-0.0030959
444.7	-0.00309357
444.8	-0.00309338
444.9	-0.00309342
445	-0.00309313
445.1	-0.00309455
445.2	-0.00309947
445.3	-0.00310517
445.4	-0.00311282
445.5	-0.00312018
445.6	-0.00313403
445.7	-0.00315256
445.8	-0.00317336
445.9	-0.00319492
446	-0.00321251
446.1	-0.0032224
446.2	-0.00323132
446.3	-0.00324398
446.4	-0.00325781
446.5	-0.00327407
446.6	-0.0032902
446.7	-0.00330774
446.8	-0.00332134
446.9	-0.00333156
447	-0.00333948
447.1	-0.00334676
447.2	-0.00335639
447.3	-0.00336886
447.4	-0.00337616
447.5	-0.00337888
447.6	-0.00338236
447.7	-0.00338661
447.8	-0.00338936
447.9	-0.00339138
448	-0.0033949
448.1	-0.00339995
448.2	-0.0034052
448.3	-0.00341115
448.4	-0.00341904
448.5	-0.00342442
448.6	-0.00342865
448.7	-0.00343444
448.8	-0.00344562
448.9	-0.00345845
449	-0.00347188
449.1	-0.0034899
449.2	-0.00350458
449.3	-0.00351818
449.4	-0.00352774
449.5	-0.00353738
449.6	-0.0035455
449.7	-0.00355439
449.8	-0.00356029
449.9	-0.00356676
450	-0.00357393
450.1	-0.00358425
450.2	-0.00359418
450.3	-0.00360415
450.4	-0.00361328
450.5	-0.00362582
450.6	-0.00363919
450.7	-0.00365496
450.8	-0.00366761
450.9	-0.00368337
451	-0.00370518
451.1	-0.00372971
451.2	-0.0037542
451.3	-0.00377426
451.4	-0.00378913
451.5	-0.00380335
451.6	-0.00381355
451.7	-0.00382136
451.8	-0.00382908
451.9	-0.00383721
452	-0.00384439
452.1	-0.00385243
452.2	-0.00386146
452.3	-0.00387282
452.4	-0.00388892
452.5	-0.00390994
452.6	-0.0039331
452.7	-0.00395496
452.8	-0.00397752
452.9	-0.00399766
453	-0.00402068
453.1	-0.00403991
453.2	-0.00405781
453.3	-0.00407864
453.4	-0.00410763
453.5	-0.00413561
453.6	-0.00416406
453.7	-0.00419121
453.8	-0.00421588
453.9	-0.00424132
454	-0.00426777
454.1	-0.00429373
454.2	-0.00432117
454.3	-0.00434834
454.4	-0.00437607
454.5	-0.00440265
454.6	-0.00443042
454.7	-0.00445631
454.8	-0.00448295
454.9	-0.00451066
455	-0.00454231
455.1	-0.00457068
455.2	-0.00459519
455.3	-0.00461789
455.4	-0.00463717
455.5	-0.00465541
455.6	-0.00467291
455.7	-0.00468312
455.8	-0.00469782
455.9	-0.00471808
456	-0.00473805
456.1	-0.00476026
456.2	-0.00478849
456.3	-0.00481905
456.4	-0.00485403
456.5	-0.00488782
456.6	-0.00491637
456.7	-0.00494703
456.8	-0.0049773
456.9	-0.00500638
457	-0.00503495
457.1	-0.0050591
457.2	-0.00507996
457.3	-0.0050951
457.4	-0.00510845
457.5	-0.00511513
457.6	-0.00511836
457.7	-0.00512042
457.8	-0.00512285
457.9	-0.00512435
458	-0.00512479
458.1	-0.00512679
458.2	-0.00513211
458.3	-0.00514138
458.4	-0.0051547
458.5	-0.00517491
458.6	-0.0051987
458.7	-0.00521947
458.8	-0.00524439
458.9	-0.00527088
459	-0.00529804
459.1	-0.0053252
459.2	-0.00535189
459.3	-0.00537702
459.4	-0.00540393
459.5	-0.0054305
459.6	-0.00545983
459.7	-0.00549054
459.8	-0.00552385
459.9	-0.0055595
460	-0.0055935
460.1	-0.00562613
460.2	-0.00565874
460.3	-0.00569307
460.4	-0.00572724
460.5	-0.00576341
460.6	-0.00579723
460.7	-0.00583111
460.8	-0.00586224
460.9	-0.00588989
461	-0.0059132
461.1	-0.00593223
461.2	-0.005951
461.3	-0.00596607
461.4	-0.00597908
461.5	-0.0059905
461.6	-0.00600327
461.7	-0.00602101
461.8	-0.00604364
461.9	-0.00606724
462	-0.00609228
462.1	-0.00611938
462.2	-0.00614461
462.3	-0.0061686
462.4	-0.00619253
462.5	-0.00621278
462.6	-0.00623011
462.7	-0.0062515
462.8	-0.00627414
462.9	-0.00629967
463	-0.00632408
463.1	-0.00635038
463.2	-0.00637918
463.3	-0.00640599
463.4	-0.00643362
463.5	-0.00646311
463.6	-0.00649312
463.7	-0.00652181
463.8	-0.00655075
463.9	-0.00657647
464	-0.00660268
464.1	-0.00663338
464.2	-0.00666011
464.3	-0.00669106
464.4	-0.00672332
464.5	-0.00675416
464.6	-0.0067876
464.7	-0.00682103
464.8	-0.00685171
464.9	-0.00688419
465	-0.00691929
465.1	-0.00695199
465.2	-0.00698549
465.3	-0.00702153
465.4	-0.00706089
465.5	-0.00710089
465.6	-0.00714198
465.7	-0.00717821
465.8	-0.00720936
465.9	-0.00723022
466	-0.0072474
466.1	-0.00726252
466.2	-0.00727563
466.3	-0.00729201
466.4	-0.00731038
466.5	-0.0073375
466.6	-0.00737406
466.7	-0.00741893
466.8	-0.00746516
466.9	-0.00751094
467	-0.00755799
467.1	-0.00761093
467.2	-0.00766425
467.3	-0.00771734
467.4	-0.00777455
467.5	-0.00783357
467.6	-0.00789023
467.7	-0.00794174
467.8	-0.00799006
467.9	-0.0080336
468	-0.00807292
468.1	-0.0081107
468.2	-0.00815276
468.3	-0.00819729
468.4	-0.00824395
468.5	-0.00829482
468.6	-0.00834679
468.7	-0.00840004
468.8	-0.00845183
468.9	-0.0084987
469	-0.00854452
469.1	-0.00859276
469.2	-0.00864077
469.3	-0.00869043
469.4	-0.0087396
469.5	-0.00879201
469.6	-0.00884401
469.7	-0.00889626
469.8	-0.00895034
469.9	-0.00900108
470	-0.00904887
470.1	-0.00909787
470.2	-0.0091478
470.3	-0.00919471
470.4	-0.00924093
470.5	-0.00928667
470.6	-0.0093302
470.7	-0.00937435
470.8	-0.00942303
470.9	-0.00946891
471	-0.00951274
471.1	-0.00955614
471.2	-0.00959787
471.3	-0.00964264
471.4	-0.00968972
471.5	-0.00973436
471.6	-0.00977629
471.7	-0.00981155
471.8	-0.00983783
471.9	-0.00986125
472	-0.0098816
472.1	-0.00989606
472.2	-0.00990487
472.3	-0.00991119
472.4	-0.00991608
472.5	-0.00991942
472.6	-0.00991637
472.7	-0.00991763
472.8	-0.00992167
472.9	-0.00993059
473	-0.00994578
473.1	-0.00996546
473.2	-0.00999097
473.3	-0.0100247
473.4	-0.0100637
473.5	-0.0101064
473.6	-0.0101539
473.7	-0.010203
473.8	-0.0102548
473.9	-0.0103121
474	-0.0103708
474.1	-0.0104273
474.2	-0.0104778
474.3	-0.010526
474.4	-0.0105767
474.5	-0.0106332
474.6	-0.010689
474.7	-0.010745
474.8	-0.0107993
474.9	-0.0108509
475	-0.0109001
475.1	-0.0109523
475.2	-0.0110083
475.3	-0.0110612
475.4	-0.0111072
475.5	-0.01115
475.6	-0.0111957
475.7	-0.0112427
475.8	-0.0112899
475.9	-0.0113379
476	-0.0113858
476.1	-0.0114327
476.2	-0.0114762
476.3	-0.011512
476.4	-0.011549
476.5	-0.011585
476.6	-0.0116174
476.7	-0.0116518
476.8	-0.011693
476.9	-0.0117343
477	-0.0117717
477.1	-0.0118081
477.2	-0.0118426
477.3	-0.0118809
477.4	-0.0119212
477.5	-0.0119651
477.6	-0.0120133
477.7	-0.0120622
477.8	-0.0121149
477.9	-0.0121692
478	-0.0122276
478.1	-0.0122892
478.2	-0.0123525
478.3	-0.0124132
478.4	-0.0124714
478.5	-0.0125288
478.6	-0.0125874
478.7	-0.0126484
478.8	-0.0127127
478.9	-0.0127791
479	-0.012846
479.1	-0.0129101
479.2	-0.0129668
479.3	-0.013014
479.4	-0.0130588
479.5	-0.0130957
479.6	-0.0131271
479.7	-0.0131597
479.8	-0.0131936
479.9	-0.0132253
480	-0.0132452
480.1	-0.0132565
480.2	-0.0132686
480.3	-0.0132839
480.4	-0.0132966
480.5	-0.0133069
480.6	-0.0133156
480.7	-0.013324
480.8	-0.0133282
480.9	-0.013327
481	-0.0133265
481.1	-0.0133214
481.2	-0.0133235
481.3	-0.0133303
481.4	-0.0133417
481.5	-0.0133538
481.6	-0.0133707
481.7	-0.0133941
481.8	-0.0134161
481.9	-0.0134406
482	-0.0134645
482.1	-0.0134893
482.2	-0.0135139
482.3	-0.0135352
482.4	-0.0135511
482.5	-0.0135674
482.6	-0.013585
482.7	-0.0135976
482.8	-0.0136068
482.9	-0.013613
483	-0.0136183
483.1	-0.0136193
483.2	-0.0136241
483.3	-0.0136324
483.4	-0.0136425
483.5	-0.01365
483.6	-0.0136516
483.7	-0.0136498
483.8	-0.0136484
483.9	-0.0136472
484	-0.0136421
484.1	-0.0136368
484.2	-0.0136323
484.3	-0.013629
484.4	-0.0136298
484.5	-0.0136367
484.6	-0.0136433
484.7	-0.0136493
484.8	-0.0136519
484.9	-0.0136561
485	-0.0136593
485.1	-0.0136636
485.2	-0.0136645
485.3	-0.0136652
485.4	-0.0136702
485.5	-0.0136749
485.6	-0.0136763
485.7	-0.0136762
485.8	-0.0136732
485.9	-0.0136677
486	-0.0136607
486.1	-0.013654
486.2	-0.013648
486.3	-0.0136417
486.4	-0.0136352
486.5	-0.0136291
486.6	-0.0136268
486.7	-0.0136226
486.8	-0.0136116
486.9	-0.0135945
487	-0.0135818
487.1	-0.0135728
487.2	-0.0135628
487.3	-0.0135498
487.4	-0.0135352
487.5	-0.0135159
487.6	-0.0134951
487.7	-0.013472
487.8	-0.0134451
487.9	-0.0134133
488	-0.0133762
488.1	-0.0133354
488.2	-0.0132938
488.3	-0.0132493
488.4	-0.0131976
488.5	-0.013143
488.6	-0.0130865
488.7	-0.0130289
488.8	-0.0129701
488.9	-0.0129097
489	-0.0128501
489.1	-0.0127894
489.2	-0.0127315
489.3	-0.0126777
489.4	-0.01262
489.5	-0.0125592
489.6	-0.0124982
489.7	-0.0124396
489.8	-0.0123793
489.9	-0.0123159
490	-0.0122576
490.1	-0.0122043
490.2	-0.0121483
490.3	-0.0120992
490.4	-0.0120508
490.5	-0.0120047
490.6	-0.0119551
490.7	-0.0119043
490.8	-0.0118497
490.9	-0.0117948
491	-0.0117403
491.1	-0.0116834
491.2	-0.011622
491.3	-0.0115587
491.4	-0.0114948
491.5	-0.0114303
491.6	-0.0113663
491.7	-0.0113042
491.8	-0.0112451
491.9	-0.0111867
492	-0.0111325
492.1	-0.0110811
492.2	-0.0110273
492.3	-0.0109706
492.4	-0.010914
492.5	-0.0108545
492.6	-0.0107923
492.7	-0.0107289
492.8	-0.0106678
492.9	-0.0106073
493	-0.010545
493.1	-0.0104849
493.2	-0.0104244
493.3	-0.0103603
493.4	-0.0102964
493.5	-0.0102359
493.6	-0.0101784
493.7	-0.0101237
493.8	-0.0100696
493.9	-0.0100138
494	-0.00996022
494.1	-0.00990672
494.2	-0.00985228
494.3	-0.00979597
494.4	-0.00974146
494.5	-0.00969234
494.6	-0.00964259
494.7	-0.00959645
494.8	-0.00955704
494.9	-0.00952271
495	-0.0094928
495.1	-0.00946602
495.2	-0.00944445
495.3	-0.00943105
495.4	-0.00942469
495.5	-0.00942409
495.6	-0.00942467
495.7	-0.00942793
495.8	-0.00943283
495.9	-0.00943939
496	-0.00944548
496.1	-0.00945113
496.2	-0.00945442
496.3	-0.00945255
496.4	-0.00944904
496.5	-0.00944674
496.6	-0.00944409
496.7	-0.00943706
496.8	-0.00942603
496.9	-0.00941462
497	-0.00940107
497.1	-0.00938742
497.2	-0.00937034
497.3	-0.00935448
497.4	-0.00934013
497.5	-0.00932303
497.6	-0.00929949
497.7	-0.00927125
497.8	-0.00924164
497.9	-0.00920542
498	-0.00916847
498.1	-0.00913006
498.2	-0.00908797
498.3	-0.00904854
498.4	-0.00901391
498.5	-0.00897881
498.6	-0.00894433
498.7	-0.00891181
498.8	-0.00888049
498.9	-0.00885225
499	-0.00882685
499.1	-0.00879942
499.2	-0.00876973
499.3	-0.00873672
499.4	-0.00870364
499.5	-0.00866766
499.6	-0.00863183
499.7	-0.00859376
499.8	-0.00855017
499.9	-0.00850118
500	-0.00844997
