LagTime	Correlation

0	1.27007
0.1	1.26505
0.2	1.25756
0.3	1.24949
0.4	1.24134
0.5	1.23322
0.6	1.22517
0.7	1.21718
0.8	1.20927
0.9	1.20142
1	1.19365
1.1	1.18594
1.2	1.1783
1.3	1.17073
1.4	1.16322
1.5	1.15577
1.6	1.14838
1.7	1.14105
1.8	1.13378
1.9	1.12658
2	1.11944
2.1	1.11237
2.2	1.10535
2.3	1.0984
2.4	1.0915
2.5	1.08466
2.6	1.07789
2.7	1.07117
2.8	1.06451
2.9	1.05791
3	1.05137
3.1	1.04488
3.2	1.03844
3.3	1.03206
3.4	1.02573
3.5	1.01946
3.6	1.01325
3.7	1.0071
3.8	1.00099
3.9	0.994939
4	0.988929
4.1	0.982963
4.2	0.977042
4.3	0.971167
4.4	0.96534
4.5	0.959562
4.6	0.953841
4.7	0.948171
4.8	0.942549
4.9	0.936974
5	0.931448
5.1	0.925972
5.2	0.920543
5.3	0.915159
5.4	0.909817
5.5	0.904515
5.6	0.89926
5.7	0.894055
5.8	0.888899
5.9	0.883789
6	0.878723
6.1	0.873695
6.2	0.868709
6.3	0.863766
6.4	0.858862
6.5	0.853996
6.6	0.849163
6.7	0.844362
6.8	0.839591
6.9	0.834855
7	0.830156
7.1	0.825494
7.2	0.820869
7.3	0.816273
7.4	0.811708
7.5	0.807181
7.6	0.802687
7.7	0.798226
7.8	0.7938
7.9	0.789412
8	0.785062
8.1	0.780747
8.2	0.776461
8.3	0.772202
8.4	0.767974
8.5	0.763778
8.6	0.759617
8.7	0.755488
8.8	0.751395
8.9	0.747337
9	0.743314
9.1	0.739323
9.2	0.735362
9.3	0.731432
9.4	0.727527
9.5	0.723647
9.6	0.719792
9.7	0.715967
9.8	0.712174
9.9	0.708414
10	0.704685
10.1	0.700985
10.2	0.697308
10.3	0.693655
10.4	0.690026
10.5	0.686423
10.6	0.682845
10.7	0.679294
10.8	0.675767
10.9	0.672264
11	0.668782
11.1	0.665326
11.2	0.661892
11.3	0.658481
11.4	0.655094
11.5	0.651732
11.6	0.648396
11.7	0.645087
11.8	0.6418
11.9	0.638538
12	0.635302
12.1	0.632092
12.2	0.628901
12.3	0.625734
12.4	0.622593
12.5	0.619473
12.6	0.616375
12.7	0.6133
12.8	0.610251
12.9	0.607225
13	0.604218
13.1	0.601233
13.2	0.598268
13.3	0.595326
13.4	0.592402
13.5	0.589497
13.6	0.586614
13.7	0.583757
13.8	0.580924
13.9	0.578108
14	0.575313
14.1	0.572542
14.2	0.5698
14.3	0.567077
14.4	0.564373
14.5	0.561685
14.6	0.559013
14.7	0.55636
14.8	0.553725
14.9	0.551106
15	0.548506
15.1	0.545922
15.2	0.543364
15.3	0.540827
15.4	0.538308
15.5	0.535804
15.6	0.533318
15.7	0.530849
15.8	0.528399
15.9	0.525967
16	0.52355
16.1	0.521146
16.2	0.51876
16.3	0.516394
16.4	0.514048
16.5	0.511714
16.6	0.509394
16.7	0.507084
16.8	0.504787
16.9	0.502503
17	0.50023
17.1	0.497969
17.2	0.49572
17.3	0.493477
17.4	0.491244
17.5	0.489025
17.6	0.486822
17.7	0.484633
17.8	0.482459
17.9	0.480304
18	0.47816
18.1	0.47603
18.2	0.473908
18.3	0.471795
18.4	0.469695
18.5	0.46761
18.6	0.465536
18.7	0.463478
18.8	0.461436
18.9	0.459406
19	0.457386
19.1	0.455377
19.2	0.453382
19.3	0.451404
19.4	0.449439
19.5	0.447486
19.6	0.445542
19.7	0.443612
19.8	0.4417
19.9	0.439804
20	0.437919
20.1	0.436038
20.2	0.43416
20.3	0.432294
20.4	0.43044
20.5	0.428602
20.6	0.426771
20.7	0.424942
20.8	0.423118
20.9	0.421306
21	0.419503
21.1	0.417708
21.2	0.415921
21.3	0.414138
21.4	0.412364
21.5	0.410602
21.6	0.408853
21.7	0.407115
21.8	0.405389
21.9	0.403677
22	0.401976
22.1	0.400288
22.2	0.398619
22.3	0.396962
22.4	0.395317
22.5	0.393684
22.6	0.392066
22.7	0.390462
22.8	0.388872
22.9	0.387294
23	0.385728
23.1	0.384168
23.2	0.382618
23.3	0.381078
23.4	0.379542
23.5	0.378014
23.6	0.376492
23.7	0.374977
23.8	0.37347
23.9	0.371971
24	0.37048
24.1	0.368992
24.2	0.367509
24.3	0.366035
24.4	0.364573
24.5	0.363121
24.6	0.361677
24.7	0.360235
24.8	0.358801
24.9	0.357375
25	0.355955
25.1	0.354543
25.2	0.353141
25.3	0.351745
25.4	0.350354
25.5	0.348973
25.6	0.347602
25.7	0.346235
25.8	0.344874
25.9	0.343519
26	0.34217
26.1	0.340827
26.2	0.339484
26.3	0.338143
26.4	0.336809
26.5	0.335477
26.6	0.334154
26.7	0.33284
26.8	0.331532
26.9	0.330233
27	0.328941
27.1	0.327656
27.2	0.326375
27.3	0.3251
27.4	0.32383
27.5	0.322564
27.6	0.321302
27.7	0.320048
27.8	0.318802
27.9	0.317568
28	0.316338
28.1	0.315117
28.2	0.313899
28.3	0.312685
28.4	0.311477
28.5	0.31027
28.6	0.309069
28.7	0.307876
28.8	0.306687
28.9	0.305507
29	0.304337
29.1	0.303179
29.2	0.302029
29.3	0.300887
29.4	0.299757
29.5	0.298634
29.6	0.297518
29.7	0.29641
29.8	0.295312
29.9	0.294223
30	0.293141
30.1	0.292067
30.2	0.290999
30.3	0.28994
30.4	0.288891
30.5	0.287847
30.6	0.28681
30.7	0.285779
30.8	0.284753
30.9	0.283728
31	0.28271
31.1	0.281693
31.2	0.280679
31.3	0.279676
31.4	0.278682
31.5	0.277693
31.6	0.276704
31.7	0.275714
31.8	0.274727
31.9	0.273745
32	0.272764
32.1	0.271786
32.2	0.270807
32.3	0.269822
32.4	0.268841
32.5	0.267865
32.6	0.266898
32.7	0.265937
32.8	0.264987
32.9	0.264045
33	0.263114
33.1	0.262193
33.2	0.261275
33.3	0.260363
33.4	0.259455
33.5	0.258546
33.6	0.257638
33.7	0.256733
33.8	0.255831
33.9	0.254935
34	0.254046
34.1	0.253163
34.2	0.252282
34.3	0.251406
34.4	0.250533
34.5	0.24966
34.6	0.248785
34.7	0.247912
34.8	0.247041
34.9	0.246172
35	0.245306
35.1	0.244444
35.2	0.243587
35.3	0.242735
35.4	0.241888
35.5	0.241045
35.6	0.240206
35.7	0.239373
35.8	0.238545
35.9	0.237722
36	0.236906
36.1	0.236096
36.2	0.23529
36.3	0.234486
36.4	0.233684
36.5	0.232884
36.6	0.232083
36.7	0.231285
36.8	0.230493
36.9	0.229705
37	0.228925
37.1	0.22815
37.2	0.227383
37.3	0.226618
37.4	0.225854
37.5	0.225093
37.6	0.224338
37.7	0.223587
37.8	0.222837
37.9	0.222089
38	0.221344
38.1	0.220604
38.2	0.219866
38.3	0.219133
38.4	0.218402
38.5	0.217665
38.6	0.216927
38.7	0.216191
38.8	0.215452
38.9	0.214715
39	0.213982
39.1	0.213252
39.2	0.212521
39.3	0.211791
39.4	0.211067
39.5	0.210346
39.6	0.209629
39.7	0.208915
39.8	0.208204
39.9	0.207496
40	0.20679
40.1	0.206081
40.2	0.205373
40.3	0.204668
40.4	0.203964
40.5	0.203264
40.6	0.202569
40.7	0.201875
40.8	0.201185
40.9	0.200496
41	0.199804
41.1	0.199111
41.2	0.198422
41.3	0.197736
41.4	0.19705
41.5	0.196366
41.6	0.195682
41.7	0.194997
41.8	0.194317
41.9	0.193643
42	0.192974
42.1	0.19231
42.2	0.191653
42.3	0.190998
42.4	0.190345
42.5	0.189692
42.6	0.189043
42.7	0.188393
42.8	0.187746
42.9	0.187107
43	0.186474
43.1	0.185848
43.2	0.185227
43.3	0.18461
43.4	0.184004
43.5	0.183407
43.6	0.182816
43.7	0.182231
43.8	0.181646
43.9	0.181059
44	0.180473
44.1	0.179888
44.2	0.179303
44.3	0.178721
44.4	0.178139
44.5	0.177555
44.6	0.176973
44.7	0.176394
44.8	0.175819
44.9	0.175248
45	0.174677
45.1	0.174111
45.2	0.17355
45.3	0.172996
45.4	0.172448
45.5	0.171908
45.6	0.171375
45.7	0.170841
45.8	0.170307
45.9	0.169776
46	0.169247
46.1	0.168719
46.2	0.168191
46.3	0.167668
46.4	0.167151
46.5	0.166636
46.6	0.166124
46.7	0.165617
46.8	0.165112
46.9	0.164606
47	0.164101
47.1	0.163598
47.2	0.1631
47.3	0.162606
47.4	0.162111
47.5	0.161611
47.6	0.16111
47.7	0.160602
47.8	0.160092
47.9	0.159582
48	0.159077
48.1	0.158575
48.2	0.158075
48.3	0.157576
48.4	0.15708
48.5	0.156586
48.6	0.15609
48.7	0.155588
48.8	0.155083
48.9	0.154578
49	0.15407
49.1	0.15356
49.2	0.153052
49.3	0.152547
49.4	0.152045
49.5	0.151547
49.6	0.15106
49.7	0.15058
49.8	0.150101
49.9	0.149619
50	0.149135
50.1	0.148655
50.2	0.148182
50.3	0.147713
50.4	0.147246
50.5	0.14678
50.6	0.146323
50.7	0.145874
50.8	0.145429
50.9	0.144987
51	0.144543
51.1	0.144102
51.2	0.143659
51.3	0.143219
51.4	0.142779
51.5	0.142333
51.6	0.141888
51.7	0.141447
51.8	0.141006
51.9	0.140571
52	0.140141
52.1	0.139711
52.2	0.139282
52.3	0.138858
52.4	0.138435
52.5	0.138017
52.6	0.137609
52.7	0.137206
52.8	0.136807
52.9	0.13641
53	0.136019
53.1	0.135634
53.2	0.135252
53.3	0.134869
53.4	0.134486
53.5	0.134107
53.6	0.133725
53.7	0.13334
53.8	0.132955
53.9	0.132568
54	0.13218
54.1	0.131793
54.2	0.131407
54.3	0.131023
54.4	0.130641
54.5	0.130262
54.6	0.129887
54.7	0.12952
54.8	0.129161
54.9	0.128802
55	0.128439
55.1	0.128082
55.2	0.127729
55.3	0.127379
55.4	0.127028
55.5	0.126679
55.6	0.126328
55.7	0.125977
55.8	0.125627
55.9	0.125282
56	0.124938
56.1	0.124595
56.2	0.124254
56.3	0.123916
56.4	0.12358
56.5	0.123246
56.6	0.122913
56.7	0.122582
56.8	0.122253
56.9	0.121925
57	0.121597
57.1	0.121269
57.2	0.120937
57.3	0.120603
57.4	0.120267
57.5	0.119935
57.6	0.119604
57.7	0.119276
57.8	0.118947
57.9	0.118617
58	0.118288
58.1	0.117959
58.2	0.117631
58.3	0.117304
58.4	0.116978
58.5	0.116658
58.6	0.116337
58.7	0.116011
58.8	0.115686
58.9	0.115363
59	0.115047
59.1	0.114742
59.2	0.11444
59.3	0.11414
59.4	0.113837
59.5	0.113532
59.6	0.113231
59.7	0.112932
59.8	0.112626
59.9	0.112323
60	0.112019
60.1	0.111709
60.2	0.111399
60.3	0.111091
60.4	0.110785
60.5	0.110483
60.6	0.110185
60.7	0.109891
60.8	0.109601
60.9	0.109312
61	0.109025
61.1	0.108744
61.2	0.108464
61.3	0.108193
61.4	0.107926
61.5	0.107657
61.6	0.107394
61.7	0.107138
61.8	0.106885
61.9	0.106631
62	0.106377
62.1	0.106126
62.2	0.105872
62.3	0.105616
62.4	0.105361
62.5	0.10511
62.6	0.104863
62.7	0.10462
62.8	0.104383
62.9	0.104145
63	0.103908
63.1	0.103666
63.2	0.103426
63.3	0.103189
63.4	0.102956
63.5	0.102726
63.6	0.1025
63.7	0.102271
63.8	0.102039
63.9	0.101803
64	0.101565
64.1	0.101326
64.2	0.101086
64.3	0.100844
64.4	0.100597
64.5	0.10035
64.6	0.100101
64.7	0.0998549
64.8	0.0996118
64.9	0.0993741
65	0.0991379
65.1	0.0989031
65.2	0.0986653
65.3	0.0984299
65.4	0.0981921
65.5	0.0979554
65.6	0.0977173
65.7	0.0974746
65.8	0.0972297
65.9	0.0969893
66	0.0967486
66.1	0.0965142
66.2	0.0962787
66.3	0.0960473
66.4	0.0958163
66.5	0.0955835
66.6	0.0953507
66.7	0.0951218
66.8	0.0948958
66.9	0.094671
67	0.0944463
67.1	0.0942178
67.2	0.0939879
67.3	0.093756
67.4	0.0935194
67.5	0.0932806
67.6	0.093045
67.7	0.092816
67.8	0.0925867
67.9	0.0923553
68	0.092128
68.1	0.0919014
68.2	0.0916766
68.3	0.0914476
68.4	0.0912162
68.5	0.0909845
68.6	0.0907536
68.7	0.090523
68.8	0.090293
68.9	0.0900629
69	0.0898295
69.1	0.089596
69.2	0.0893591
69.3	0.0891201
69.4	0.0888739
69.5	0.0886247
69.6	0.088374
69.7	0.088127
69.8	0.0878832
69.9	0.0876431
70	0.0874061
70.1	0.0871723
70.2	0.0869405
70.3	0.0867086
70.4	0.0864797
70.5	0.0862491
70.6	0.0860184
70.7	0.0857922
70.8	0.0855624
70.9	0.0853322
71	0.0851001
71.1	0.084867
71.2	0.0846387
71.3	0.084416
71.4	0.0841973
71.5	0.0839862
71.6	0.0837768
71.7	0.0835657
71.8	0.0833582
71.9	0.0831497
72	0.0829473
72.1	0.082748
72.2	0.0825534
72.3	0.0823583
72.4	0.082164
72.5	0.0819696
72.6	0.0817726
72.7	0.0815773
72.8	0.0813828
72.9	0.0811887
73	0.0809977
73.1	0.0808078
73.2	0.0806252
73.3	0.0804489
73.4	0.0802747
73.5	0.0800969
73.6	0.0799217
73.7	0.0797474
73.8	0.0795767
73.9	0.0794084
74	0.0792411
74.1	0.079073
74.2	0.0789077
74.3	0.0787418
74.4	0.0785773
74.5	0.0784127
74.6	0.0782546
74.7	0.0781016
74.8	0.0779567
74.9	0.0778138
75	0.0776681
75.1	0.0775199
75.2	0.0773722
75.3	0.077218
75.4	0.0770636
75.5	0.0769154
75.6	0.0767674
75.7	0.076616
75.8	0.0764609
75.9	0.0763119
76	0.0761619
76.1	0.0760142
76.2	0.0758639
76.3	0.0757116
76.4	0.0755625
76.5	0.0754153
76.6	0.0752692
76.7	0.0751252
76.8	0.074983
76.9	0.0748414
77	0.074697
77.1	0.0745521
77.2	0.074403
77.3	0.074253
77.4	0.0741076
77.5	0.0739614
77.6	0.0738144
77.7	0.0736693
77.8	0.0735254
77.9	0.0733829
78	0.0732374
78.1	0.073093
78.2	0.072948
78.3	0.0728036
78.4	0.0726593
78.5	0.0725115
78.6	0.0723643
78.7	0.0722165
78.8	0.0720679
78.9	0.0719234
79	0.0717799
79.1	0.0716382
79.2	0.0714986
79.3	0.0713584
79.4	0.0712167
79.5	0.0710752
79.6	0.0709274
79.7	0.0707818
79.8	0.0706333
79.9	0.0704868
80	0.0703422
80.1	0.0701999
80.2	0.0700559
80.3	0.06991
80.4	0.0697651
80.5	0.0696178
80.6	0.069469
80.7	0.0693186
80.8	0.0691678
80.9	0.0690155
81	0.0688645
81.1	0.0687132
81.2	0.0685572
81.3	0.0683973
81.4	0.0682362
81.5	0.068078
81.6	0.0679182
81.7	0.0677558
81.8	0.0675913
81.9	0.0674251
82	0.067259
82.1	0.0670924
82.2	0.0669242
82.3	0.066757
82.4	0.066589
82.5	0.0664206
82.6	0.0662547
82.7	0.0660842
82.8	0.0659124
82.9	0.0657413
83	0.0655722
83.1	0.0654028
83.2	0.0652349
83.3	0.0650645
83.4	0.0648904
83.5	0.064713
83.6	0.0645353
83.7	0.0643527
83.8	0.0641679
83.9	0.0639818
84	0.0637966
84.1	0.0636105
84.2	0.0634198
84.3	0.0632276
84.4	0.0630376
84.5	0.0628471
84.6	0.0626555
84.7	0.0624615
84.8	0.062264
84.9	0.0620616
85	0.0618555
85.1	0.0616461
85.2	0.0614323
85.3	0.0612141
85.4	0.0609947
85.5	0.0607772
85.6	0.0605564
85.7	0.0603373
85.8	0.0601226
85.9	0.0599126
86	0.0597038
86.1	0.0594953
86.2	0.0592836
86.3	0.0590693
86.4	0.0588583
86.5	0.0586481
86.6	0.0584333
86.7	0.0582136
86.8	0.0579896
86.9	0.0577683
87	0.0575517
87.1	0.0573409
87.2	0.0571301
87.3	0.0569187
87.4	0.0567071
87.5	0.0564948
87.6	0.0562757
87.7	0.0560537
87.8	0.0558327
87.9	0.0556184
88	0.0554087
88.1	0.0552001
88.2	0.0549909
88.3	0.0547778
88.4	0.0545676
88.5	0.0543603
88.6	0.0541526
88.7	0.0539456
88.8	0.0537428
88.9	0.0535415
89	0.0533461
89.1	0.0531506
89.2	0.0529566
89.3	0.0527635
89.4	0.0525729
89.5	0.0523865
89.6	0.0522082
89.7	0.0520373
89.8	0.0518747
89.9	0.0517126
90	0.0515472
90.1	0.0513854
90.2	0.0512228
90.3	0.0510583
90.4	0.0508849
90.5	0.0507075
90.6	0.0505275
90.7	0.050347
90.8	0.0501652
90.9	0.0499816
91	0.0498019
91.1	0.0496252
91.2	0.0494433
91.3	0.0492604
91.4	0.0490765
91.5	0.0488934
91.6	0.0487092
91.7	0.0485251
91.8	0.0483435
91.9	0.0481626
92	0.0479809
92.1	0.0478037
92.2	0.0476267
92.3	0.0474507
92.4	0.0472759
92.5	0.0471011
92.6	0.0469279
92.7	0.046752
92.8	0.0465792
92.9	0.0464104
93	0.0462482
93.1	0.0460894
93.2	0.0459321
93.3	0.0457736
93.4	0.0456152
93.5	0.0454603
93.6	0.0453025
93.7	0.0451449
93.8	0.0449887
93.9	0.0448382
94	0.0446933
94.1	0.0445512
94.2	0.0444145
94.3	0.0442802
94.4	0.0441445
94.5	0.0440106
94.6	0.0438767
94.7	0.0437421
94.8	0.0436089
94.9	0.043477
95	0.043348
95.1	0.0432195
95.2	0.0430897
95.3	0.0429622
95.4	0.0428393
95.5	0.0427197
95.6	0.0426011
95.7	0.0424851
95.8	0.0423716
95.9	0.042264
96	0.0421586
96.1	0.0420471
96.2	0.0419331
96.3	0.0418203
96.4	0.0417087
96.5	0.0415952
96.6	0.0414789
96.7	0.0413686
96.8	0.0412614
96.9	0.0411606
97	0.0410617
97.1	0.040964
97.2	0.0408668
97.3	0.0407688
97.4	0.0406691
97.5	0.0405678
97.6	0.0404661
97.7	0.0403645
97.8	0.0402632
97.9	0.0401606
98	0.0400585
98.1	0.0399517
98.2	0.0398409
98.3	0.0397229
98.4	0.0396008
98.5	0.0394785
98.6	0.0393574
98.7	0.0392377
98.8	0.0391191
98.9	0.039001
99	0.0388821
99.1	0.0387665
99.2	0.0386579
99.3	0.0385527
99.4	0.0384495
99.5	0.0383428
99.6	0.0382337
99.7	0.0381277
99.8	0.0380208
99.9	0.037913
100	0.0378079
100.1	0.0377012
100.2	0.0375924
100.3	0.0374795
100.4	0.0373699
100.5	0.0372648
100.6	0.0371617
100.7	0.0370634
100.8	0.0369643
100.9	0.0368654
101	0.0367699
101.1	0.036679
101.2	0.0365887
101.3	0.0364978
101.4	0.0364087
101.5	0.0363243
101.6	0.0362447
101.7	0.0361649
101.8	0.0360799
101.9	0.0359926
102	0.0359024
102.1	0.0358064
102.2	0.0357039
102.3	0.0355984
102.4	0.0354913
102.5	0.0353808
102.6	0.0352665
102.7	0.0351486
102.8	0.0350373
102.9	0.0349302
103	0.034823
103.1	0.0347192
103.2	0.0346136
103.3	0.0345063
103.4	0.0343973
103.5	0.034285
103.6	0.0341723
103.7	0.0340655
103.8	0.0339647
103.9	0.0338685
104	0.0337735
104.1	0.0336805
104.2	0.0335845
104.3	0.0334962
104.4	0.0334071
104.5	0.0333144
104.6	0.0332171
104.7	0.0331188
104.8	0.03302
104.9	0.0329158
105	0.0328096
105.1	0.0326978
105.2	0.0325856
105.3	0.0324757
105.4	0.0323674
105.5	0.0322631
105.6	0.0321573
105.7	0.0320583
105.8	0.0319603
105.9	0.031862
106	0.0317672
106.1	0.0316753
106.2	0.0315793
106.3	0.0314812
106.4	0.0313818
106.5	0.0312812
106.6	0.0311813
106.7	0.0310823
106.8	0.0309819
106.9	0.0308847
107	0.0307911
107.1	0.0306964
107.2	0.0306
107.3	0.0305029
107.4	0.0304064
107.5	0.0303134
107.6	0.0302206
107.7	0.0301276
107.8	0.0300358
107.9	0.0299444
108	0.0298524
108.1	0.0297603
108.2	0.0296647
108.3	0.0295696
108.4	0.0294744
108.5	0.0293791
108.6	0.0292843
108.7	0.029191
108.8	0.0291007
108.9	0.0290128
109	0.0289207
109.1	0.0288275
109.2	0.0287329
109.3	0.028643
109.4	0.0285522
109.5	0.0284588
109.6	0.0283627
109.7	0.0282661
109.8	0.0281731
109.9	0.0280861
110	0.0280081
110.1	0.0279315
110.2	0.0278536
110.3	0.0277759
110.4	0.0276979
110.5	0.027621
110.6	0.0275451
110.7	0.0274706
110.8	0.0273936
110.9	0.0273148
111	0.0272346
111.1	0.0271523
111.2	0.0270717
111.3	0.026992
111.4	0.0269169
111.5	0.0268471
111.6	0.0267756
111.7	0.0267031
111.8	0.0266304
111.9	0.026556
112	0.0264783
112.1	0.0264014
112.2	0.0263286
112.3	0.0262537
112.4	0.0261768
112.5	0.0261039
112.6	0.0260312
112.7	0.0259617
112.8	0.0258955
112.9	0.0258305
113	0.0257638
113.1	0.025697
113.2	0.0256328
113.3	0.0255698
113.4	0.0255067
113.5	0.025443
113.6	0.0253839
113.7	0.025326
113.8	0.0252749
113.9	0.0252277
114	0.0251822
114.1	0.0251397
114.2	0.0251015
114.3	0.0250648
114.4	0.0250333
114.5	0.0250002
114.6	0.0249733
114.7	0.0249467
114.8	0.0249159
114.9	0.024882
115	0.0248457
115.1	0.0248103
115.2	0.0247736
115.3	0.0247398
115.4	0.0247094
115.5	0.0246848
115.6	0.0246601
115.7	0.0246355
115.8	0.0246079
115.9	0.0245772
116	0.0245438
116.1	0.0245072
116.2	0.0244744
116.3	0.0244393
116.4	0.0244031
116.5	0.0243709
116.6	0.0243427
116.7	0.0243172
116.8	0.0242921
116.9	0.024264
117	0.0242349
117.1	0.0242037
117.2	0.0241737
117.3	0.0241418
117.4	0.0241038
117.5	0.0240627
117.6	0.0240198
117.7	0.0239721
117.8	0.0239213
117.9	0.0238681
118	0.0238144
118.1	0.0237585
118.2	0.0237021
118.3	0.023644
118.4	0.0235855
118.5	0.0235266
118.6	0.0234694
118.7	0.0234089
118.8	0.0233496
118.9	0.0232895
119	0.0232305
119.1	0.023176
119.2	0.0231167
119.3	0.0230549
119.4	0.0229918
119.5	0.022934
119.6	0.0228819
119.7	0.0228321
119.8	0.0227899
119.9	0.0227472
120	0.0227061
120.1	0.0226682
120.2	0.0226296
120.3	0.0225887
120.4	0.0225449
120.5	0.0225003
120.6	0.0224524
120.7	0.022407
120.8	0.0223592
120.9	0.022304
121	0.0222413
121.1	0.0221716
121.2	0.0220944
121.3	0.0220153
121.4	0.0219383
121.5	0.0218626
121.6	0.0217855
121.7	0.0217025
121.8	0.0216147
121.9	0.0215227
122	0.0214316
122.1	0.0213443
122.2	0.0212589
122.3	0.0211747
122.4	0.0210892
122.5	0.0210068
122.6	0.0209237
122.7	0.020839
122.8	0.0207482
122.9	0.0206591
123	0.0205743
123.1	0.0204874
123.2	0.0204002
123.3	0.0203109
123.4	0.0202193
123.5	0.020128
123.6	0.0200424
123.7	0.0199613
123.8	0.0198819
123.9	0.0198067
124	0.0197313
124.1	0.0196607
124.2	0.0195887
124.3	0.0195141
124.4	0.019438
124.5	0.0193635
124.6	0.0192948
124.7	0.0192282
124.8	0.0191612
124.9	0.0190943
125	0.0190305
125.1	0.0189704
125.2	0.0189136
125.3	0.0188599
125.4	0.0188058
125.5	0.0187578
125.6	0.0187118
125.7	0.018665
125.8	0.0186157
125.9	0.0185673
126	0.0185212
126.1	0.0184768
126.2	0.0184346
126.3	0.0183994
126.4	0.0183659
126.5	0.0183299
126.6	0.0182936
126.7	0.0182608
126.8	0.0182342
126.9	0.0182087
127	0.0181838
127.1	0.0181608
127.2	0.0181457
127.3	0.0181408
127.4	0.0181405
127.5	0.0181468
127.6	0.0181614
127.7	0.0181769
127.8	0.0181925
127.9	0.0182054
128	0.0182225
128.1	0.018242
128.2	0.0182649
128.3	0.0182933
128.4	0.0183299
128.5	0.0183685
128.6	0.0184085
128.7	0.0184442
128.8	0.0184789
128.9	0.0185155
129	0.0185486
129.1	0.0185829
129.2	0.0186147
129.3	0.0186438
129.4	0.0186693
129.5	0.0186949
129.6	0.0187219
129.7	0.0187523
129.8	0.0187861
129.9	0.0188161
130	0.0188418
130.1	0.0188633
130.2	0.018881
130.3	0.0188962
130.4	0.0189094
130.5	0.0189189
130.6	0.0189251
130.7	0.0189312
130.8	0.0189451
130.9	0.0189665
131	0.0189857
131.1	0.0190014
131.2	0.0190149
131.3	0.0190277
131.4	0.0190352
131.5	0.0190442
131.6	0.0190557
131.7	0.0190641
131.8	0.0190705
131.9	0.0190774
132	0.0190831
132.1	0.0190877
132.2	0.0190899
132.3	0.0190934
132.4	0.0191022
132.5	0.019117
132.6	0.0191289
132.7	0.019136
132.8	0.0191392
132.9	0.0191405
133	0.0191461
133.1	0.0191559
133.2	0.0191706
133.3	0.0191871
133.4	0.0192048
133.5	0.0192214
133.6	0.0192311
133.7	0.0192407
133.8	0.0192504
133.9	0.0192571
134	0.0192608
134.1	0.0192652
134.2	0.0192727
134.3	0.0192791
134.4	0.0192805
134.5	0.0192793
134.6	0.0192745
134.7	0.0192708
134.8	0.0192646
134.9	0.0192617
135	0.0192612
135.1	0.0192638
135.2	0.0192653
135.3	0.0192651
135.4	0.0192688
135.5	0.0192739
135.6	0.0192841
135.7	0.0192942
135.8	0.0193035
135.9	0.0193093
136	0.0193166
136.1	0.0193323
136.2	0.0193532
136.3	0.0193762
136.4	0.0193987
136.5	0.0194234
136.6	0.019446
136.7	0.0194689
136.8	0.0194886
136.9	0.0195087
137	0.0195292
137.1	0.0195543
137.2	0.0195801
137.3	0.019602
137.4	0.0196234
137.5	0.0196442
137.6	0.0196637
137.7	0.0196867
137.8	0.0197079
137.9	0.0197255
138	0.0197418
138.1	0.0197546
138.2	0.0197664
138.3	0.0197741
138.4	0.0197828
138.5	0.0197899
138.6	0.0197956
138.7	0.0198008
138.8	0.0198059
138.9	0.0198114
139	0.0198173
139.1	0.0198276
139.2	0.019837
139.3	0.0198427
139.4	0.0198448
139.5	0.0198472
139.6	0.0198512
139.7	0.019858
139.8	0.0198653
139.9	0.0198721
140	0.0198777
140.1	0.0198787
140.2	0.0198766
140.3	0.0198729
140.4	0.0198692
140.5	0.0198665
140.6	0.0198614
140.7	0.0198589
140.8	0.0198629
140.9	0.0198698
141	0.0198804
141.1	0.0198924
141.2	0.0199049
141.3	0.0199169
141.4	0.0199306
141.5	0.0199443
141.6	0.0199585
141.7	0.0199766
141.8	0.0199974
141.9	0.0200181
142	0.020032
142.1	0.0200378
142.2	0.0200441
142.3	0.0200529
142.4	0.0200575
142.5	0.0200634
142.6	0.0200632
142.7	0.0200591
142.8	0.0200539
142.9	0.0200534
143	0.0200545
143.1	0.020055
143.2	0.0200516
143.3	0.0200491
143.4	0.0200486
143.5	0.0200493
143.6	0.0200524
143.7	0.0200566
143.8	0.0200616
143.9	0.0200658
144	0.0200688
144.1	0.0200752
144.2	0.020084
144.3	0.0200946
144.4	0.0200996
144.5	0.0201022
144.6	0.0200985
144.7	0.020099
144.8	0.0201019
144.9	0.0201039
145	0.0201076
145.1	0.0201121
145.2	0.0201159
145.3	0.0201186
145.4	0.0201232
145.5	0.0201324
145.6	0.0201426
145.7	0.0201526
145.8	0.0201576
145.9	0.0201582
146	0.0201524
146.1	0.0201449
146.2	0.0201386
146.3	0.0201345
146.4	0.0201373
146.5	0.0201445
146.6	0.0201512
146.7	0.0201544
146.8	0.0201569
146.9	0.0201578
147	0.0201477
147.1	0.0201336
147.2	0.0201167
147.3	0.0200971
147.4	0.0200787
147.5	0.0200601
147.6	0.0200397
147.7	0.020017
147.8	0.0199941
147.9	0.0199681
148	0.0199443
148.1	0.019925
148.2	0.0198992
148.3	0.01987
148.4	0.0198368
148.5	0.0198015
148.6	0.0197586
148.7	0.019709
148.8	0.0196574
148.9	0.0196038
149	0.0195492
149.1	0.0194932
149.2	0.0194341
149.3	0.0193724
149.4	0.0193076
149.5	0.0192446
149.6	0.0191838
149.7	0.0191229
149.8	0.0190621
149.9	0.0190014
150	0.0189411
150.1	0.0188814
150.2	0.0188183
150.3	0.0187567
150.4	0.018697
150.5	0.0186358
150.6	0.0185765
150.7	0.0185142
150.8	0.0184518
150.9	0.0183956
151	0.0183382
151.1	0.0182864
151.2	0.0182418
151.3	0.0181997
151.4	0.0181603
151.5	0.0181194
151.6	0.0180802
151.7	0.0180411
151.8	0.0180029
151.9	0.0179698
152	0.0179388
152.1	0.0179071
152.2	0.0178741
152.3	0.0178453
152.4	0.017821
152.5	0.017801
152.6	0.0177854
152.7	0.017773
152.8	0.017761
152.9	0.0177424
153	0.0177161
153.1	0.01769
153.2	0.0176623
153.3	0.0176325
153.4	0.0176044
153.5	0.0175789
153.6	0.0175542
153.7	0.017525
153.8	0.0174909
153.9	0.0174531
154	0.0174133
154.1	0.0173748
154.2	0.0173415
154.3	0.0173078
154.4	0.0172764
154.5	0.0172491
154.6	0.017224
154.7	0.0172016
154.8	0.0171781
154.9	0.0171508
155	0.0171198
155.1	0.0170899
155.2	0.0170604
155.3	0.0170326
155.4	0.0170036
155.5	0.0169722
155.6	0.0169392
155.7	0.0169048
155.8	0.0168679
155.9	0.0168326
156	0.0167932
156.1	0.016749
156.2	0.0167046
156.3	0.0166599
156.4	0.0166169
156.5	0.0165742
156.6	0.0165301
156.7	0.0164837
156.8	0.0164334
156.9	0.0163844
157	0.0163332
157.1	0.0162835
157.2	0.0162349
157.3	0.0161905
157.4	0.0161488
157.5	0.0161112
157.6	0.0160751
157.7	0.0160401
157.8	0.0160018
157.9	0.0159643
158	0.0159222
158.1	0.0158763
158.2	0.0158296
158.3	0.0157843
158.4	0.0157416
158.5	0.0156993
158.6	0.0156588
158.7	0.0156128
158.8	0.0155628
158.9	0.0155091
159	0.0154508
159.1	0.0153943
159.2	0.0153396
159.3	0.0152911
159.4	0.0152458
159.5	0.0152045
159.6	0.0151681
159.7	0.015137
159.8	0.0151079
159.9	0.0150814
160	0.0150515
160.1	0.0150156
160.2	0.0149792
160.3	0.0149442
160.4	0.014908
160.5	0.0148689
160.6	0.0148314
160.7	0.0147935
160.8	0.0147542
160.9	0.0147133
161	0.0146761
161.1	0.0146427
161.2	0.0146142
161.3	0.0145855
161.4	0.0145605
161.5	0.0145341
161.6	0.0145102
161.7	0.0144826
161.8	0.014451
161.9	0.0144156
162	0.0143823
162.1	0.0143522
162.2	0.0143252
162.3	0.0142947
162.4	0.0142622
162.5	0.0142235
162.6	0.014183
162.7	0.014145
162.8	0.0141098
162.9	0.0140711
163	0.0140313
163.1	0.0139914
163.2	0.0139539
163.3	0.0139189
163.4	0.0138887
163.5	0.0138582
163.6	0.0138328
163.7	0.0138172
163.8	0.013811
163.9	0.0138062
164	0.0138016
164.1	0.0138008
164.2	0.0138014
164.3	0.0138011
164.4	0.0137943
164.5	0.0137837
164.6	0.0137732
164.7	0.0137589
164.8	0.0137423
164.9	0.0137227
165	0.0137038
165.1	0.0136839
165.2	0.0136622
165.3	0.0136372
165.4	0.0136101
165.5	0.0135787
165.6	0.0135401
165.7	0.0134994
165.8	0.0134579
165.9	0.0134153
166	0.0133725
166.1	0.0133305
166.2	0.0132879
166.3	0.0132454
166.4	0.0132013
166.5	0.0131558
166.6	0.0131089
166.7	0.0130694
166.8	0.0130301
166.9	0.0129878
167	0.0129394
167.1	0.0128921
167.2	0.0128446
167.3	0.0128003
167.4	0.0127569
167.5	0.0127106
167.6	0.0126622
167.7	0.012607
167.8	0.012548
167.9	0.0124846
168	0.012415
168.1	0.0123459
168.2	0.0122744
168.3	0.0122008
168.4	0.0121281
168.5	0.0120567
168.6	0.0119858
168.7	0.0119135
168.8	0.0118366
168.9	0.0117622
169	0.0116922
169.1	0.0116274
169.2	0.0115689
169.3	0.0115105
169.4	0.0114501
169.5	0.0113933
169.6	0.0113379
169.7	0.0112809
169.8	0.0112246
169.9	0.0111704
170	0.0111201
170.1	0.011074
170.2	0.0110303
170.3	0.010986
170.4	0.0109445
170.5	0.0109042
170.6	0.0108638
170.7	0.0108298
170.8	0.0107995
170.9	0.0107694
171	0.0107365
171.1	0.0106996
171.2	0.0106635
171.3	0.0106292
171.4	0.0105962
171.5	0.0105602
171.6	0.0105299
171.7	0.0105043
171.8	0.0104799
171.9	0.0104534
172	0.0104288
172.1	0.0104017
172.2	0.0103713
172.3	0.0103394
172.4	0.0103106
172.5	0.0102812
172.6	0.0102592
172.7	0.0102447
172.8	0.0102298
172.9	0.0102157
173	0.0102012
173.1	0.0101853
173.2	0.0101664
173.3	0.0101557
173.4	0.0101442
173.5	0.0101332
173.6	0.0101226
173.7	0.0101145
173.8	0.0101077
173.9	0.0101027
174	0.0100952
174.1	0.0100869
174.2	0.0100836
174.3	0.0100857
174.4	0.010092
174.5	0.0100976
174.6	0.0101012
174.7	0.010106
174.8	0.0101109
174.9	0.0101144
175	0.0101196
175.1	0.0101242
175.2	0.0101282
175.3	0.0101293
175.4	0.0101279
175.5	0.0101229
175.6	0.0101168
175.7	0.0101094
175.8	0.0101006
175.9	0.010094
176	0.0100887
176.1	0.0100836
176.2	0.0100784
176.3	0.0100736
176.4	0.0100672
176.5	0.0100604
176.6	0.0100567
176.7	0.0100548
176.8	0.0100553
176.9	0.010057
177	0.0100628
177.1	0.0100685
177.2	0.0100756
177.3	0.0100843
177.4	0.0100953
177.5	0.0101032
177.6	0.010107
177.7	0.0101094
177.8	0.0101099
177.9	0.0101062
178	0.0101014
178.1	0.010096
178.2	0.0100897
178.3	0.0100782
178.4	0.0100603
178.5	0.0100433
178.6	0.0100308
178.7	0.0100215
178.8	0.0100112
178.9	0.00999922
179	0.00998954
179.1	0.00997818
179.2	0.00996862
179.3	0.00995994
179.4	0.00994969
179.5	0.00994038
179.6	0.00993078
179.7	0.00992129
179.8	0.00990541
179.9	0.00988586
180	0.00986366
180.1	0.00983651
180.2	0.00980873
180.3	0.00977908
180.4	0.00974977
180.5	0.00972137
180.6	0.00969128
180.7	0.00966197
180.8	0.00962968
180.9	0.00959451
181	0.00955872
181.1	0.00952026
181.2	0.00948272
181.3	0.00944227
181.4	0.00939997
181.5	0.00935961
181.6	0.00932568
181.7	0.00930005
181.8	0.00927856
181.9	0.00925877
182	0.00923765
182.1	0.00921666
182.2	0.00919492
182.3	0.00917691
182.4	0.00915381
182.5	0.00912326
182.6	0.00908968
182.7	0.00905062
182.8	0.00901591
182.9	0.00897947
183	0.00894025
183.1	0.0088972
183.2	0.00885356
183.3	0.00880527
183.4	0.00875284
183.5	0.00869716
183.6	0.00864222
183.7	0.00858691
183.8	0.00853317
183.9	0.00848069
184	0.00842786
184.1	0.00837748
184.2	0.00832638
184.3	0.00827252
184.4	0.00821969
184.5	0.00816764
184.6	0.00811649
184.7	0.00806433
184.8	0.00801038
184.9	0.00795411
185	0.00789393
185.1	0.0078308
185.2	0.00777099
185.3	0.00771525
185.4	0.00766215
185.5	0.00760975
185.6	0.00755889
185.7	0.00751165
185.8	0.00746339
185.9	0.00741408
186	0.00736695
186.1	0.00732362
186.2	0.00728014
186.3	0.00723948
186.4	0.00719935
186.5	0.00715718
186.6	0.00711393
186.7	0.00706765
186.8	0.00702019
186.9	0.00697238
187	0.00692751
187.1	0.00689076
187.2	0.00686065
187.3	0.0068415
187.4	0.0068291
187.5	0.00682206
187.6	0.0068171
187.7	0.00681349
187.8	0.00680989
187.9	0.00680783
188	0.00680564
188.1	0.00680584
188.2	0.00681124
188.3	0.00681949
188.4	0.00682694
188.5	0.00683832
188.6	0.00685534
188.7	0.0068699
188.8	0.00688408
188.9	0.00689804
189	0.00691477
189.1	0.00693068
189.2	0.00694155
189.3	0.00694846
189.4	0.00695553
189.5	0.00696741
189.6	0.00697853
189.7	0.00698492
189.8	0.00699095
189.9	0.0069962
190	0.00700286
190.1	0.00700981
190.2	0.00701396
190.3	0.00701371
190.4	0.00701438
190.5	0.00701179
190.6	0.00700738
190.7	0.00699709
190.8	0.0069847
190.9	0.00696878
191	0.00695853
191.1	0.00695075
191.2	0.00694347
191.3	0.00693566
191.4	0.0069288
191.5	0.00692485
191.6	0.00692239
191.7	0.00692042
191.8	0.00692235
191.9	0.00692165
192	0.0069185
192.1	0.00691527
192.2	0.00691348
192.3	0.00691019
192.4	0.00690996
192.5	0.00691354
192.6	0.00692505
192.7	0.0069397
192.8	0.00695186
192.9	0.00696157
193	0.00697292
193.1	0.00698104
193.2	0.00698671
193.3	0.0069921
193.4	0.00699721
193.5	0.0069971
193.6	0.00699573
193.7	0.00699107
193.8	0.00699103
193.9	0.00699302
194	0.00699023
194.1	0.00698526
194.2	0.00698017
194.3	0.00697966
194.4	0.00698009
194.5	0.00697428
194.6	0.00696476
194.7	0.00695414
194.8	0.00694742
194.9	0.00693735
195	0.00692498
195.1	0.00691163
195.2	0.00689615
195.3	0.00687741
195.4	0.00686359
195.5	0.00685153
195.6	0.00684499
195.7	0.006842
195.8	0.00683602
195.9	0.00682831
196	0.00682022
196.1	0.00680855
196.2	0.00679528
196.3	0.006783
196.4	0.0067706
196.5	0.00675313
196.6	0.0067348
196.7	0.00672159
196.8	0.0067062
196.9	0.00669311
197	0.00667791
197.1	0.00666913
197.2	0.00666761
197.3	0.00667142
197.4	0.00667814
197.5	0.00668604
197.6	0.00668513
197.7	0.00667847
197.8	0.00666615
197.9	0.00665011
198	0.00663342
198.1	0.00661301
198.2	0.00658806
198.3	0.00656354
198.4	0.00654315
198.5	0.00652516
198.6	0.0065114
198.7	0.00649554
198.8	0.00647368
198.9	0.00645312
199	0.00643956
199.1	0.00642403
199.2	0.00640423
199.3	0.0063829
199.4	0.00636059
199.5	0.0063413
199.6	0.00631843
199.7	0.00629863
199.8	0.00628098
199.9	0.00626035
200	0.00624229
200.1	0.00622609
200.2	0.00620888
200.3	0.00619025
200.4	0.00617232
200.5	0.0061585
200.6	0.00614123
200.7	0.00612601
200.8	0.00611461
200.9	0.00610724
201	0.00610303
201.1	0.00609996
201.2	0.00609944
201.3	0.00609875
201.4	0.00609884
201.5	0.00609497
201.6	0.00608842
201.7	0.00607935
201.8	0.00606819
201.9	0.00605208
202	0.00603245
202.1	0.00601523
202.2	0.0060022
202.3	0.00599061
202.4	0.00597833
202.5	0.00596425
202.6	0.00595292
202.7	0.00594839
202.8	0.00594737
202.9	0.00594427
203	0.00594192
203.1	0.00593915
203.2	0.00593297
203.3	0.00593068
203.4	0.00593239
203.5	0.0059356
203.6	0.00593961
203.7	0.00594699
203.8	0.00595914
203.9	0.00597488
204	0.00599052
204.1	0.00600722
204.2	0.00602362
204.3	0.0060435
204.4	0.00606793
204.5	0.00609493
204.6	0.00612217
204.7	0.00615372
204.8	0.00618626
204.9	0.00621982
205	0.00625261
205.1	0.00628315
205.2	0.00631343
205.3	0.00633797
205.4	0.00636284
205.5	0.00638995
205.6	0.00642009
205.7	0.00644596
205.8	0.00646772
205.9	0.00648933
206	0.00651381
206.1	0.00654016
206.2	0.00656532
206.3	0.00658768
206.4	0.00660907
206.5	0.00662741
206.6	0.00664641
206.7	0.00666409
206.8	0.00667875
206.9	0.00669609
207	0.00671375
207.1	0.00673086
207.2	0.00674599
207.3	0.00675618
207.4	0.00676272
207.5	0.00676847
207.6	0.00677468
207.7	0.00678098
207.8	0.00678197
207.9	0.00677995
208	0.00677977
208.1	0.0067768
208.2	0.00677176
208.3	0.00676901
208.4	0.00676301
208.5	0.00675681
208.6	0.00675825
208.7	0.00675801
208.8	0.00675788
208.9	0.00675659
209	0.0067559
209.1	0.00676167
209.2	0.00677104
209.3	0.00678037
209.4	0.00678986
209.5	0.00680461
209.6	0.00682215
209.7	0.00684791
209.8	0.00687767
209.9	0.00690681
210	0.00693042
210.1	0.0069484
210.2	0.00696304
210.3	0.0069735
210.4	0.00698171
210.5	0.00698594
210.6	0.00699221
210.7	0.00699662
210.8	0.00700194
210.9	0.00700749
211	0.00701648
211.1	0.00702436
211.2	0.00703081
211.3	0.00703574
211.4	0.00703829
211.5	0.00704602
211.6	0.00705708
211.7	0.0070728
211.8	0.00709037
211.9	0.00710318
212	0.00711085
212.1	0.00711542
212.2	0.00711659
212.3	0.00711861
212.4	0.00711322
212.5	0.00710739
212.6	0.00710125
212.7	0.00709715
212.8	0.00709303
212.9	0.00708847
213	0.0070871
213.1	0.00708536
213.2	0.00708236
213.3	0.0070813
213.4	0.00708494
213.5	0.00708595
213.6	0.00708821
213.7	0.00709057
213.8	0.00709266
213.9	0.00709528
214	0.00709622
214.1	0.0071001
214.2	0.00710474
214.3	0.00711513
214.4	0.00713093
214.5	0.00715399
214.6	0.00718233
214.7	0.00721465
214.8	0.00725012
214.9	0.00728524
215	0.00732015
215.1	0.00735513
215.2	0.00739003
215.3	0.00742077
215.4	0.00745099
215.5	0.007484
215.6	0.00751426
215.7	0.00754317
215.8	0.00757917
215.9	0.00761808
216	0.00766334
216.1	0.00771268
216.2	0.00777078
216.3	0.00783361
216.4	0.00789782
216.5	0.00796401
216.6	0.00803067
216.7	0.00809072
216.8	0.00814452
216.9	0.00819325
217	0.00823214
217.1	0.0082685
217.2	0.00830725
217.3	0.00834555
217.4	0.00838333
217.5	0.00841937
217.6	0.00845816
217.7	0.00849698
217.8	0.00853804
217.9	0.00857653
218	0.00861202
218.1	0.00864649
218.2	0.00868362
218.3	0.00872127
218.4	0.00875938
218.5	0.00879818
218.6	0.00883808
218.7	0.00887673
218.8	0.00891545
218.9	0.00895202
219	0.00898791
219.1	0.00901866
219.2	0.00904502
219.3	0.00906883
219.4	0.00909155
219.5	0.00911503
219.6	0.0091335
219.7	0.00914902
219.8	0.00916387
219.9	0.00917463
220	0.00918424
220.1	0.00919332
220.2	0.00920541
220.3	0.00922058
220.4	0.00923505
220.5	0.00924633
220.6	0.0092581
220.7	0.00927038
220.8	0.00928332
220.9	0.00929719
221	0.00931005
221.1	0.00932282
221.2	0.00933632
221.3	0.00935208
221.4	0.00936236
221.5	0.00937002
221.6	0.00938298
221.7	0.0094021
221.8	0.00942743
221.9	0.00945633
222	0.00949222
222.1	0.00952953
222.2	0.00956656
222.3	0.00959919
222.4	0.00963411
222.5	0.00966208
222.6	0.00968496
222.7	0.00970642
222.8	0.0097298
222.9	0.00975817
223	0.009787
223.1	0.00981773
223.2	0.00984044
223.3	0.00985613
223.4	0.00987212
223.5	0.0098864
223.6	0.00990295
223.7	0.00991851
223.8	0.00992766
223.9	0.0099333
224	0.00993641
224.1	0.00993806
224.2	0.00993932
224.3	0.00994319
224.4	0.0099495
224.5	0.00995213
224.6	0.00994849
224.7	0.00994279
224.8	0.00993068
224.9	0.00991839
225	0.009906
225.1	0.00989727
225.2	0.00989552
225.3	0.00989961
225.4	0.0099073
225.5	0.00991407
225.6	0.00992268
225.7	0.00993399
225.8	0.0099442
225.9	0.0099553
226	0.00996475
226.1	0.00996976
226.2	0.00997431
226.3	0.00998013
226.4	0.00998987
226.5	0.0100019
226.6	0.0100157
226.7	0.0100295
226.8	0.0100453
226.9	0.010062
227	0.0100767
227.1	0.0100877
227.2	0.0100986
227.3	0.0101108
227.4	0.0101228
227.5	0.0101346
227.6	0.0101428
227.7	0.0101517
227.8	0.010158
227.9	0.0101639
228	0.0101692
228.1	0.0101768
228.2	0.010186
228.3	0.0101981
228.4	0.0102073
228.5	0.0102138
228.6	0.0102185
228.7	0.0102169
228.8	0.0102118
228.9	0.0102042
229	0.010198
229.1	0.0101968
229.2	0.0102024
229.3	0.0102073
229.4	0.0102095
229.5	0.0102142
229.6	0.0102207
229.7	0.0102323
229.8	0.0102462
229.9	0.0102648
230	0.0102783
230.1	0.0102857
230.2	0.0102867
230.3	0.0102815
230.4	0.0102768
230.5	0.010274
230.6	0.0102722
230.7	0.010267
230.8	0.0102649
230.9	0.0102649
231	0.0102643
231.1	0.0102605
231.2	0.0102558
231.3	0.0102502
231.4	0.0102401
231.5	0.010228
231.6	0.0102158
231.7	0.0102043
231.8	0.010196
231.9	0.010189
232	0.0101792
232.1	0.0101689
232.2	0.0101554
232.3	0.0101406
232.4	0.0101226
232.5	0.0100985
232.6	0.0100699
232.7	0.0100398
232.8	0.0100093
232.9	0.00997516
233	0.0099434
233.1	0.00991248
233.2	0.00988021
233.3	0.00984609
233.4	0.00981263
233.5	0.00977809
233.6	0.00973779
233.7	0.00969663
233.8	0.00965499
233.9	0.00961139
234	0.00956395
234.1	0.00951621
234.2	0.00946031
234.3	0.00940157
234.4	0.00934331
234.5	0.00928318
234.6	0.0092188
234.7	0.00915147
234.8	0.00908612
234.9	0.00902164
235	0.008955
235.1	0.00889325
235.2	0.0088383
235.3	0.00878579
235.4	0.0087293
235.5	0.00867092
235.6	0.00861403
235.7	0.00856317
235.8	0.00851594
235.9	0.00847209
236	0.0084352
236.1	0.00839536
236.2	0.00835469
236.3	0.00831108
236.4	0.00826709
236.5	0.00822553
236.6	0.00818159
236.7	0.00814053
236.8	0.00810185
236.9	0.00806684
237	0.0080341
237.1	0.00800269
237.2	0.00797137
237.3	0.00794025
237.4	0.00791045
237.5	0.00788322
237.6	0.00785587
237.7	0.00782957
237.8	0.00780797
237.9	0.00778698
238	0.00776797
238.1	0.00774836
238.2	0.00772929
238.3	0.00770689
238.4	0.00767647
238.5	0.00764162
238.6	0.00760409
238.7	0.00756455
238.8	0.00753009
238.9	0.00750274
239	0.00747198
239.1	0.00744017
239.2	0.0074129
239.3	0.00738181
239.4	0.0073484
239.5	0.00731595
239.6	0.00728508
239.7	0.0072619
239.8	0.00724525
239.9	0.00723219
240	0.00721693
240.1	0.00720609
240.2	0.00719792
240.3	0.00718636
240.4	0.00717637
240.5	0.00716436
240.6	0.00714898
240.7	0.00713036
240.8	0.00711355
240.9	0.0071012
241	0.00708827
241.1	0.00707871
241.2	0.00706714
241.3	0.00705564
241.4	0.00704294
241.5	0.00703223
241.6	0.00702022
241.7	0.00700543
241.8	0.00698646
241.9	0.00696269
242	0.00693544
242.1	0.0069029
242.2	0.0068672
242.3	0.00682937
242.4	0.00678789
242.5	0.00674604
242.6	0.00670678
242.7	0.0066644
242.8	0.00662213
242.9	0.00657843
243	0.00653415
243.1	0.00649115
243.2	0.00644539
243.3	0.00639518
243.4	0.00634203
243.5	0.00628994
243.6	0.00623955
243.7	0.00618844
243.8	0.00613556
243.9	0.00608267
244	0.00603244
244.1	0.00598235
244.2	0.00593174
244.3	0.00588051
244.4	0.0058288
244.5	0.00577423
244.6	0.0057185
244.7	0.00565732
244.8	0.00559266
244.9	0.00552808
245	0.0054695
245.1	0.00541682
245.2	0.00536502
245.3	0.00531385
245.4	0.00525572
245.5	0.00519263
245.6	0.00512793
245.7	0.00506883
245.8	0.00500959
245.9	0.00494921
246	0.00489021
246.1	0.00483077
246.2	0.00477208
246.3	0.00471209
246.4	0.00465386
246.5	0.00459882
246.6	0.00455004
246.7	0.00450415
246.8	0.00445986
246.9	0.00441579
247	0.00437609
247.1	0.00433496
247.2	0.00429741
247.3	0.00425954
247.4	0.00422037
247.5	0.00417957
247.6	0.00413728
247.7	0.00409463
247.8	0.00405075
247.9	0.00401311
248	0.00397859
248.1	0.00394571
248.2	0.00391434
248.3	0.00388478
248.4	0.00385484
248.5	0.00382449
248.6	0.00380124
248.7	0.00378675
248.8	0.00377465
248.9	0.0037629
249	0.00375339
249.1	0.00374284
249.2	0.0037396
249.3	0.00373326
249.4	0.00372145
249.5	0.00370616
249.6	0.00369141
249.7	0.00367835
249.8	0.00366938
249.9	0.00366131
250	0.00365349
250.1	0.00364485
250.2	0.00363723
250.3	0.00362829
250.4	0.0036268
250.5	0.00362979
250.6	0.00363324
250.7	0.0036356
250.8	0.00363604
250.9	0.0036347
251	0.00363116
251.1	0.00363065
251.2	0.00362823
251.3	0.00362647
251.4	0.00362501
251.5	0.00361993
251.6	0.00361237
251.7	0.00360324
251.8	0.00359193
251.9	0.0035711
252	0.00354237
252.1	0.00350773
252.2	0.00346929
252.3	0.00342899
252.4	0.00339392
252.5	0.00336353
252.6	0.0033351
252.7	0.0033058
252.8	0.00327341
252.9	0.00324497
253	0.00321881
253.1	0.00319018
253.2	0.00315772
253.3	0.00312405
253.4	0.00309022
253.5	0.00306081
253.6	0.00303341
253.7	0.00300728
253.8	0.00298201
253.9	0.00295989
254	0.00294
254.1	0.00292343
254.2	0.0029112
254.3	0.00290007
254.4	0.00288912
254.5	0.00287414
254.6	0.00285682
254.7	0.00283753
254.8	0.0028186
254.9	0.00279618
255	0.00277854
255.1	0.00276018
255.2	0.00274127
255.3	0.00272609
255.4	0.00271462
255.5	0.00270604
255.6	0.00270044
255.7	0.0027012
255.8	0.00271065
255.9	0.00272997
256	0.00275155
256.1	0.00277803
256.2	0.00280352
256.3	0.00282437
256.4	0.00283897
256.5	0.00284666
256.6	0.00285342
256.7	0.00286185
256.8	0.00286623
256.9	0.00287251
257	0.00288153
257.1	0.0028912
257.2	0.00290301
257.3	0.00291119
257.4	0.00291827
257.5	0.00292213
257.6	0.00292375
257.7	0.00292666
257.8	0.00293095
257.9	0.00293463
258	0.00294208
258.1	0.00295409
258.2	0.00296596
258.3	0.0029788
258.4	0.00299199
258.5	0.00300695
258.6	0.00301856
258.7	0.00303031
258.8	0.0030498
258.9	0.00307193
259	0.00309325
259.1	0.00311544
259.2	0.00313629
259.3	0.00315949
259.4	0.00318806
259.5	0.00322023
259.6	0.0032541
259.7	0.00328188
259.8	0.00330651
259.9	0.00332929
260	0.0033521
260.1	0.00337392
260.2	0.00339063
260.3	0.0034058
260.4	0.0034239
260.5	0.00343463
260.6	0.00343607
260.7	0.00342926
260.8	0.00341711
260.9	0.00340589
261	0.00340177
261.1	0.00339945
261.2	0.00339904
261.3	0.00339796
261.4	0.0033989
261.5	0.00339658
261.6	0.00339439
261.7	0.00339174
261.8	0.00339586
261.9	0.00340358
262	0.00341311
262.1	0.003426
262.2	0.00343512
262.3	0.00344251
262.4	0.00345209
262.5	0.00346091
262.6	0.0034692
262.7	0.00347515
262.8	0.00348074
262.9	0.00348426
263	0.00348972
263.1	0.00349592
263.2	0.00350218
263.3	0.00350552
263.4	0.00350954
263.5	0.0035138
263.6	0.00351862
263.7	0.00352042
263.8	0.00351975
263.9	0.00352168
264	0.00352095
264.1	0.00352106
264.2	0.00352044
264.3	0.00351587
264.4	0.00350725
264.5	0.00350014
264.6	0.00349429
264.7	0.00348741
264.8	0.00347988
264.9	0.00346933
265	0.00345826
265.1	0.00344762
265.2	0.00343593
265.3	0.00342595
265.4	0.00341627
265.5	0.00340246
265.6	0.0033909
265.7	0.00338202
265.8	0.00337429
265.9	0.00336599
266	0.00335857
266.1	0.00335394
266.2	0.00335058
266.3	0.00334595
266.4	0.00334369
266.5	0.00334312
266.6	0.00334082
266.7	0.00334027
266.8	0.00333963
266.9	0.00334189
267	0.00334688
267.1	0.00335662
267.2	0.00337444
267.3	0.00339498
267.4	0.00341767
267.5	0.00343767
267.6	0.00345258
267.7	0.00346849
267.8	0.00349003
267.9	0.00350986
268	0.00352463
268.1	0.00353862
268.2	0.00354462
268.3	0.00354556
268.4	0.00354379
268.5	0.00354095
268.6	0.003539
268.7	0.00354069
268.8	0.00354584
268.9	0.00355214
269	0.0035609
269.1	0.00357106
269.2	0.00358209
269.3	0.00359146
269.4	0.0036006
269.5	0.00360782
269.6	0.0036172
269.7	0.00362374
269.8	0.00362591
269.9	0.00362685
270	0.00362117
270.1	0.00361363
270.2	0.00360771
270.3	0.00359922
270.4	0.00358862
270.5	0.0035736
270.6	0.00355736
270.7	0.00354185
270.8	0.00352116
270.9	0.00349997
271	0.00347816
271.1	0.00345725
271.2	0.00343561
271.3	0.0034148
271.4	0.00339554
271.5	0.00338147
271.6	0.00337031
271.7	0.00335991
271.8	0.00334939
271.9	0.00333945
272	0.00333076
272.1	0.00332887
272.2	0.00332897
272.3	0.00332851
272.4	0.00333008
272.5	0.00333429
272.6	0.00334667
272.7	0.00336398
272.8	0.00337882
272.9	0.00339358
273	0.00340512
273.1	0.00341605
273.2	0.00343017
273.3	0.00344424
273.4	0.00345928
273.5	0.0034746
273.6	0.0034835
273.7	0.00349145
273.8	0.00349917
273.9	0.00350236
274	0.00349984
274.1	0.00349034
274.2	0.00348254
274.3	0.00347619
274.4	0.00347802
274.5	0.00348398
274.6	0.00349113
274.7	0.00349606
274.8	0.00350352
274.9	0.00351569
275	0.00352519
275.1	0.00353367
275.2	0.00353644
275.3	0.00353645
275.4	0.00353482
275.5	0.00352844
275.6	0.00352054
275.7	0.00351412
275.8	0.00350786
275.9	0.0034982
276	0.00348534
276.1	0.00347136
276.2	0.00345566
276.3	0.00344022
276.4	0.00342507
276.5	0.00341456
276.6	0.0034024
276.7	0.00339429
276.8	0.00338848
276.9	0.00338463
277	0.00338085
277.1	0.00337379
277.2	0.00336626
277.3	0.00335574
277.4	0.00334401
277.5	0.00333014
277.6	0.00331869
277.7	0.00330572
277.8	0.00329342
277.9	0.00328405
278	0.00327236
278.1	0.00326251
278.2	0.00324966
278.3	0.00323615
278.4	0.00322228
278.5	0.00321113
278.6	0.00319949
278.7	0.0031871
278.8	0.00317331
278.9	0.00315999
279	0.00314353
279.1	0.00312325
279.2	0.00310218
279.3	0.00308367
279.4	0.00306603
279.5	0.00304932
279.6	0.00303752
279.7	0.00302601
279.8	0.00301241
279.9	0.00299951
280	0.00299237
280.1	0.00298753
280.2	0.00298578
280.3	0.00298482
280.4	0.00298522
280.5	0.00298876
280.6	0.0029925
280.7	0.00299655
280.8	0.00300117
280.9	0.00300862
281	0.00302008
281.1	0.00303517
281.2	0.0030573
281.3	0.00308617
281.4	0.00311751
281.5	0.00314855
281.6	0.00317419
281.7	0.00320187
281.8	0.00323661
281.9	0.00327393
282	0.00331693
282.1	0.0033607
282.2	0.00339993
282.3	0.00343204
282.4	0.00346452
282.5	0.00349431
282.6	0.00352245
282.7	0.00354968
282.8	0.0035816
282.9	0.00361672
283	0.0036537
283.1	0.00369026
283.2	0.00372536
283.3	0.00376353
283.4	0.00380409
283.5	0.00384342
283.6	0.00388481
283.7	0.00392996
283.8	0.00398087
283.9	0.00403396
284	0.00408302
284.1	0.00413089
284.2	0.00417818
284.3	0.0042244
284.4	0.00426764
284.5	0.00431195
284.6	0.00435357
284.7	0.00438975
284.8	0.00442267
284.9	0.00445504
285	0.00448904
285.1	0.0045223
285.2	0.0045506
285.3	0.00457677
285.4	0.00460244
285.5	0.0046217
285.6	0.00463886
285.7	0.00465532
285.8	0.0046679
285.9	0.00468027
286	0.00469388
286.1	0.00471209
286.2	0.00473599
286.3	0.00476202
286.4	0.00478713
286.5	0.00480573
286.6	0.0048262
286.7	0.00485071
286.8	0.00487831
286.9	0.00490733
287	0.00493224
287.1	0.00494975
287.2	0.00496306
287.3	0.00497259
287.4	0.00498606
287.5	0.00499981
287.6	0.00500853
287.7	0.00501125
287.8	0.00501333
287.9	0.00501729
288	0.00502739
288.1	0.0050342
288.2	0.00503705
288.3	0.00503408
288.4	0.00502953
288.5	0.00502277
288.6	0.00501414
288.7	0.00500491
288.8	0.00499535
288.9	0.00498125
289	0.00496408
289.1	0.00494702
289.2	0.00493357
289.3	0.00491787
289.4	0.00490392
289.5	0.00489033
289.6	0.00487608
289.7	0.00485943
289.8	0.00483491
289.9	0.00480753
290	0.00477914
290.1	0.00474729
290.2	0.0047157
290.3	0.00468067
290.4	0.00464447
290.5	0.0046084
290.6	0.00457138
290.7	0.00454059
290.8	0.00451222
290.9	0.00448331
291	0.00445825
291.1	0.00443475
291.2	0.00441345
291.3	0.00438928
291.4	0.00436426
291.5	0.00434264
291.6	0.00432119
291.7	0.00430058
291.8	0.00428176
291.9	0.00426329
292	0.00424167
292.1	0.00421948
292.2	0.00419947
292.3	0.00417961
292.4	0.00415102
292.5	0.00412146
292.6	0.00409615
292.7	0.0040658
292.8	0.0040327
292.9	0.00399614
293	0.00395934
293.1	0.00392421
293.2	0.00389239
293.3	0.00386236
293.4	0.00383509
293.5	0.00380261
293.6	0.00376986
293.7	0.00373405
293.8	0.00369932
293.9	0.00366793
294	0.00364051
294.1	0.00361296
294.2	0.00359046
294.3	0.00356981
294.4	0.00354878
294.5	0.0035292
294.6	0.00350834
294.7	0.00348581
294.8	0.00346704
294.9	0.00345013
295	0.00343176
295.1	0.00341313
295.2	0.00339297
295.3	0.00337197
295.4	0.0033518
295.5	0.00333077
295.6	0.00331034
295.7	0.00329103
295.8	0.00327604
295.9	0.00326351
296	0.00324921
296.1	0.00323204
296.2	0.00321382
296.3	0.00319946
296.4	0.00319201
296.5	0.00318581
296.6	0.00317783
296.7	0.00316851
296.8	0.00315982
296.9	0.00315406
297	0.00314947
297.1	0.00314086
297.2	0.00312928
297.3	0.00311038
297.4	0.00308895
297.5	0.00307064
297.6	0.00305425
297.7	0.0030355
297.8	0.00301854
297.9	0.00300288
298	0.00298667
298.1	0.00296988
298.2	0.00294801
298.3	0.00292305
298.4	0.00289764
298.5	0.00287244
298.6	0.002845
298.7	0.00281519
298.8	0.00278783
298.9	0.00276203
299	0.00274042
299.1	0.00272126
299.2	0.00269745
299.3	0.0026684
299.4	0.00263378
299.5	0.00259203
299.6	0.00254994
299.7	0.0025044
299.8	0.00245737
299.9	0.00240495
300	0.00235356
300.1	0.00230808
300.2	0.00227094
300.3	0.00223973
300.4	0.00221182
300.5	0.00218436
300.6	0.00215918
300.7	0.00213536
300.8	0.00210901
300.9	0.00207901
301	0.00204828
301.1	0.00201241
301.2	0.0019762
301.3	0.00194004
301.4	0.00190579
301.5	0.0018751
301.6	0.00184844
301.7	0.00182183
301.8	0.00179578
301.9	0.00176508
302	0.00172967
302.1	0.00169537
302.2	0.00166693
302.3	0.00163982
302.4	0.00161353
302.5	0.00158823
302.6	0.00156719
302.7	0.00155109
302.8	0.00153661
302.9	0.00152256
303	0.00150868
303.1	0.00149263
303.2	0.00147787
303.3	0.00146657
303.4	0.0014574
303.5	0.00144517
303.6	0.00142639
303.7	0.0013975
303.8	0.00136391
303.9	0.00133147
304	0.00129782
304.1	0.00126414
304.2	0.00122856
304.3	0.00119141
304.4	0.00115128
304.5	0.00111213
304.6	0.0010694
304.7	0.00102896
304.8	0.000989797
304.9	0.000948411
305	0.000907977
305.1	0.000871841
305.2	0.000840219
305.3	0.000806933
305.4	0.000769563
305.5	0.000725757
305.6	0.000678643
305.7	0.000629187
305.8	0.000583119
305.9	0.000534022
306	0.000481994
306.1	0.000427134
306.2	0.000375286
306.3	0.000326017
306.4	0.000280662
306.5	0.000241004
306.6	0.000199493
306.7	0.000157043
306.8	0.000108032
306.9	5.81955e-05
307	1.25776e-05
307.1	-2.82468e-05
307.2	-6.85687e-05
307.3	-0.000111195
307.4	-0.000155803
307.5	-0.000199897
307.6	-0.000240886
307.7	-0.000276321
307.8	-0.000308935
307.9	-0.000338348
308	-0.000362027
308.1	-0.000382327
308.2	-0.000401247
308.3	-0.000424627
308.4	-0.000447398
308.5	-0.000469002
308.6	-0.000483772
308.7	-0.000496622
308.8	-0.000509399
308.9	-0.000519806
309	-0.000532209
309.1	-0.00054408
309.2	-0.000560083
309.3	-0.000576433
309.4	-0.000591594
309.5	-0.000600241
309.6	-0.000600976
309.7	-0.000596645
309.8	-0.000590095
309.9	-0.000583699
310	-0.00058067
310.1	-0.000577685
310.2	-0.000578216
310.3	-0.000583984
310.4	-0.000595519
310.5	-0.000604874
310.6	-0.000606594
310.7	-0.000604197
310.8	-0.00060533
310.9	-0.000607652
311	-0.000607895
311.1	-0.000608359
311.2	-0.000616922
311.3	-0.000628414
311.4	-0.000640309
311.5	-0.000649377
311.6	-0.000652662
311.7	-0.000652489
311.8	-0.000647049
311.9	-0.000639703
312	-0.000630224
312.1	-0.000617393
312.2	-0.000604613
312.3	-0.000587579
312.4	-0.000568244
312.5	-0.000548958
312.6	-0.000526114
312.7	-0.000503953
312.8	-0.00048267
312.9	-0.000461886
313	-0.000440926
313.1	-0.000420386
313.2	-0.000404058
313.3	-0.000387346
313.4	-0.000372956
313.5	-0.000362865
313.6	-0.000355466
313.7	-0.000347909
313.8	-0.000345654
313.9	-0.000346669
314	-0.000349354
314.1	-0.000346826
314.2	-0.000342183
314.3	-0.000340101
314.4	-0.000335081
314.5	-0.000326186
314.6	-0.000315436
314.7	-0.000299516
314.8	-0.000283897
314.9	-0.000270908
315	-0.000254163
315.1	-0.000236273
315.2	-0.000223028
315.3	-0.000215342
315.4	-0.000215444
315.5	-0.000214214
315.6	-0.000211538
315.7	-0.000209067
315.8	-0.000210306
315.9	-0.000210177
316	-0.000207893
316.1	-0.00020485
316.2	-0.000198667
316.3	-0.000190148
316.4	-0.00018157
316.5	-0.000177326
316.6	-0.000173095
316.7	-0.000168488
316.8	-0.000162155
316.9	-0.000150624
317	-0.000140135
317.1	-0.000132687
317.2	-0.000128066
317.3	-0.000126769
317.4	-0.000125986
317.5	-0.000130806
317.6	-0.000141685
317.7	-0.000164377
317.8	-0.000190269
317.9	-0.000220482
318	-0.000254062
318.1	-0.000287331
318.2	-0.000313676
318.3	-0.000336022
318.4	-0.000359987
318.5	-0.000382563
318.6	-0.000403397
318.7	-0.000423357
318.8	-0.000445995
318.9	-0.000471606
319	-0.000496897
319.1	-0.000521173
319.2	-0.000546501
319.3	-0.000572204
319.4	-0.000594683
319.5	-0.000614641
319.6	-0.000637638
319.7	-0.000660596
319.8	-0.000687159
319.9	-0.000708399
320	-0.000727492
320.1	-0.000749213
320.2	-0.000776961
320.3	-0.000813028
320.4	-0.000859501
320.5	-0.000908487
320.6	-0.000958937
320.7	-0.0010079
320.8	-0.00105623
320.9	-0.00110115
321	-0.00114489
321.1	-0.0011904
321.2	-0.0012376
321.3	-0.00128307
321.4	-0.00132986
321.5	-0.00137652
321.6	-0.0014263
321.7	-0.00147871
321.8	-0.00153126
321.9	-0.00158966
322	-0.00165018
322.1	-0.00171269
322.2	-0.00177618
322.3	-0.00184262
322.4	-0.00191035
322.5	-0.00198318
322.6	-0.0020556
322.7	-0.00212769
322.8	-0.00219945
322.9	-0.00227367
323	-0.0023507
323.1	-0.0024258
323.2	-0.00249886
323.3	-0.00256654
323.4	-0.00262828
323.5	-0.00268528
323.6	-0.00273764
323.7	-0.00278685
323.8	-0.00282927
323.9	-0.00286531
324	-0.00290074
324.1	-0.00293564
324.2	-0.00297108
324.3	-0.00300833
324.4	-0.00304103
324.5	-0.00307242
324.6	-0.00310346
324.7	-0.00313576
324.8	-0.00316387
324.9	-0.00319483
325	-0.00322597
325.1	-0.00325635
325.2	-0.003285
325.3	-0.00331645
325.4	-0.00335272
325.5	-0.00338917
325.6	-0.00342659
325.7	-0.00346446
325.8	-0.00350577
325.9	-0.00354663
326	-0.00358602
326.1	-0.00362406
326.2	-0.00366094
326.3	-0.00369712
326.4	-0.00373555
326.5	-0.00377798
326.6	-0.00382511
326.7	-0.00387464
326.8	-0.00392393
326.9	-0.00397271
327	-0.00402048
327.1	-0.00406656
327.2	-0.00411143
327.3	-0.00415798
327.4	-0.00420803
327.5	-0.00426194
327.6	-0.00431591
327.7	-0.00436975
327.8	-0.00442191
327.9	-0.00447755
328	-0.00453364
328.1	-0.00459005
328.2	-0.00464428
328.3	-0.00469625
328.4	-0.00474126
328.5	-0.00477729
328.6	-0.00480672
328.7	-0.00483348
328.8	-0.0048618
328.9	-0.00489081
329	-0.0049183
329.1	-0.00494487
329.2	-0.00496768
329.3	-0.00498617
329.4	-0.00500805
329.5	-0.0050304
329.6	-0.00505498
329.7	-0.00508031
329.8	-0.00510598
329.9	-0.00513434
330	-0.00516362
330.1	-0.00519057
330.2	-0.00521499
330.3	-0.00524068
330.4	-0.00526623
330.5	-0.00529093
330.6	-0.00531099
330.7	-0.00532537
330.8	-0.00533839
330.9	-0.00534837
331	-0.00535637
331.1	-0.00536235
331.2	-0.00537642
331.3	-0.00539235
331.4	-0.00541125
331.5	-0.00543205
331.6	-0.00545468
331.7	-0.00547668
331.8	-0.00549432
331.9	-0.00550791
332	-0.00551766
332.1	-0.00552858
332.2	-0.00554645
332.3	-0.00557038
332.4	-0.00559499
332.5	-0.00562101
332.6	-0.00564434
332.7	-0.00566165
332.8	-0.00567376
332.9	-0.00568766
333	-0.00570044
333.1	-0.00571263
333.2	-0.00571726
333.3	-0.00572059
333.4	-0.00572389
333.5	-0.00572759
333.6	-0.00573242
333.7	-0.00574161
333.8	-0.00575188
333.9	-0.00576238
334	-0.00577009
334.1	-0.00577604
334.2	-0.00578334
334.3	-0.00578755
334.4	-0.00578255
334.5	-0.00576875
334.6	-0.00575202
334.7	-0.00573149
334.8	-0.00570989
334.9	-0.00569086
335	-0.00567823
335.1	-0.00566887
335.2	-0.00566465
335.3	-0.00566376
335.4	-0.00566362
335.5	-0.00566229
335.6	-0.00565241
335.7	-0.00564106
335.8	-0.00562877
335.9	-0.00561743
336	-0.00560816
336.1	-0.00559769
336.2	-0.00558193
336.3	-0.00556236
336.4	-0.00554183
336.5	-0.00551564
336.6	-0.00548795
336.7	-0.00545988
336.8	-0.00543612
336.9	-0.00541281
337	-0.00538824
337.1	-0.00535842
337.2	-0.0053252
337.3	-0.00529136
337.4	-0.00526147
337.5	-0.00522867
337.6	-0.00519514
337.7	-0.00516058
337.8	-0.00512784
337.9	-0.00509553
338	-0.00506679
338.1	-0.00503625
338.2	-0.00500416
338.3	-0.00497742
338.4	-0.00495184
338.5	-0.00492279
338.6	-0.0048957
338.7	-0.00487017
338.8	-0.00485025
338.9	-0.00483165
339	-0.00481073
339.1	-0.00479167
339.2	-0.00477249
339.3	-0.00475412
339.4	-0.00473344
339.5	-0.00471243
339.6	-0.00469232
339.7	-0.00467437
339.8	-0.00465971
339.9	-0.00464908
340	-0.00464149
340.1	-0.00463514
340.2	-0.00462717
340.3	-0.00461853
340.4	-0.00461769
340.5	-0.0046265
340.6	-0.00463895
340.7	-0.00464825
340.8	-0.00465954
340.9	-0.00467062
341	-0.00468003
341.1	-0.00468848
341.2	-0.00469631
341.3	-0.00470071
341.4	-0.00469996
341.5	-0.00469674
341.6	-0.00468773
341.7	-0.00467789
341.8	-0.00466897
341.9	-0.00465984
342	-0.00464985
342.1	-0.00463993
342.2	-0.00462881
342.3	-0.00461406
342.4	-0.00459503
342.5	-0.00456842
342.6	-0.00454486
342.7	-0.00451927
342.8	-0.00449419
342.9	-0.00446629
343	-0.00444351
343.1	-0.00442139
343.2	-0.00439547
343.3	-0.00436715
343.4	-0.00433574
343.5	-0.00430086
343.6	-0.00427068
343.7	-0.0042394
343.8	-0.00420781
343.9	-0.00417748
344	-0.00415055
344.1	-0.00412953
344.2	-0.00410847
344.3	-0.00408853
344.4	-0.0040664
344.5	-0.00404026
344.6	-0.00400698
344.7	-0.003971
344.8	-0.00393675
344.9	-0.00389806
345	-0.00385282
345.1	-0.00380531
345.2	-0.00375378
345.3	-0.00369904
345.4	-0.00364951
345.5	-0.00360649
345.6	-0.00356788
345.7	-0.00353495
345.8	-0.00350985
345.9	-0.00348481
346	-0.00345714
346.1	-0.00343195
346.2	-0.00340729
346.3	-0.00338948
346.4	-0.00336961
346.5	-0.00334475
346.6	-0.00331998
346.7	-0.00329496
346.8	-0.00327206
346.9	-0.00325042
347	-0.00322996
347.1	-0.0032094
347.2	-0.00318962
347.3	-0.00316653
347.4	-0.003147
347.5	-0.00312742
347.6	-0.00310494
347.7	-0.0030855
347.8	-0.00306921
347.9	-0.00305741
348	-0.00304814
348.1	-0.00304242
348.2	-0.00303633
348.3	-0.00302963
348.4	-0.00302569
348.5	-0.00302676
348.6	-0.00302786
348.7	-0.00302874
348.8	-0.00302857
348.9	-0.00303094
349	-0.00303531
349.1	-0.00303859
349.2	-0.00304022
349.3	-0.00303712
349.4	-0.00302786
349.5	-0.00301839
349.6	-0.00301057
349.7	-0.00300365
349.8	-0.00299726
349.9	-0.0029933
350	-0.00298663
350.1	-0.00297866
350.2	-0.00296527
350.3	-0.00295123
350.4	-0.0029362
350.5	-0.00292226
350.6	-0.00290294
350.7	-0.00288702
350.8	-0.00287843
350.9	-0.00287405
351	-0.00287151
351.1	-0.00287255
351.2	-0.00287046
351.3	-0.00286619
351.4	-0.0028641
351.5	-0.00286543
351.6	-0.00286933
351.7	-0.00287694
351.8	-0.00288674
351.9	-0.0028956
352	-0.00290413
352.1	-0.00291207
352.2	-0.00291979
352.3	-0.00292581
352.4	-0.00293257
352.5	-0.00294037
352.6	-0.00295007
352.7	-0.0029598
352.8	-0.0029704
352.9	-0.00298448
353	-0.00299727
353.1	-0.00301205
353.2	-0.00302655
353.3	-0.0030378
353.4	-0.00304715
353.5	-0.0030545
353.6	-0.00306155
353.7	-0.00306897
353.8	-0.00307881
353.9	-0.00308867
354	-0.00310406
354.1	-0.00312107
354.2	-0.003134
354.3	-0.00314418
354.4	-0.00315212
354.5	-0.00315999
354.6	-0.0031716
354.7	-0.00318391
354.8	-0.0031997
354.9	-0.0032185
355	-0.00323253
355.1	-0.00324677
355.2	-0.0032615
355.3	-0.00328371
355.4	-0.0033083
355.5	-0.0033324
355.6	-0.00335221
355.7	-0.00337003
355.8	-0.00338666
355.9	-0.00340171
356	-0.00341705
356.1	-0.00343029
356.2	-0.00344817
356.3	-0.00347068
356.4	-0.00349593
356.5	-0.00351916
356.6	-0.00353872
356.7	-0.00356128
356.8	-0.00359186
356.9	-0.00361904
357	-0.00364137
357.1	-0.00365779
357.2	-0.00366949
357.3	-0.00368053
357.4	-0.00369338
357.5	-0.00370795
357.6	-0.00372583
357.7	-0.00374542
357.8	-0.00377041
357.9	-0.00379968
358	-0.00382638
358.1	-0.00385122
358.2	-0.00387377
358.3	-0.00389787
358.4	-0.00392118
358.5	-0.00394276
358.6	-0.00396305
358.7	-0.00398264
358.8	-0.00400069
358.9	-0.00401445
359	-0.00402692
359.1	-0.00404072
359.2	-0.00405445
359.3	-0.00406804
359.4	-0.00408193
359.5	-0.00410348
359.6	-0.0041332
359.7	-0.00416592
359.8	-0.00420211
359.9	-0.00423785
360	-0.00427389
360.1	-0.00431268
360.2	-0.00435007
360.3	-0.00438463
360.4	-0.0044132
360.5	-0.00443814
360.6	-0.00445936
360.7	-0.00447977
360.8	-0.00450059
360.9	-0.00452253
361	-0.00454467
361.1	-0.0045653
361.2	-0.00459418
361.3	-0.0046326
361.4	-0.00467195
361.5	-0.00470998
361.6	-0.00474916
361.7	-0.00478764
361.8	-0.00482306
361.9	-0.00485759
362	-0.0049012
362.1	-0.0049479
362.2	-0.00499657
362.3	-0.00504667
362.4	-0.00509947
362.5	-0.00515332
362.6	-0.00520394
362.7	-0.00525133
362.8	-0.00529302
362.9	-0.00533369
363	-0.00537402
363.1	-0.00540722
363.2	-0.00544186
363.3	-0.00547617
363.4	-0.00551015
363.5	-0.0055437
363.6	-0.00557431
363.7	-0.00560305
363.8	-0.00562967
363.9	-0.00565774
364	-0.00568539
364.1	-0.00571172
364.2	-0.00573756
364.3	-0.00575917
364.4	-0.00577589
364.5	-0.00578363
364.6	-0.00578514
364.7	-0.00578677
364.8	-0.00579055
364.9	-0.00579092
365	-0.00579523
365.1	-0.00579883
365.2	-0.0058015
365.3	-0.0058039
365.4	-0.00580767
365.5	-0.00581021
365.6	-0.00580942
365.7	-0.00580323
365.8	-0.00579832
365.9	-0.00578706
366	-0.00577775
366.1	-0.00576978
366.2	-0.00576444
366.3	-0.00576001
366.4	-0.00575701
366.5	-0.00575252
366.6	-0.00574383
366.7	-0.00573162
366.8	-0.0057156
366.9	-0.00570154
367	-0.00569101
367.1	-0.00567943
367.2	-0.0056684
367.3	-0.00565412
367.4	-0.00563288
367.5	-0.00560626
367.6	-0.00557696
367.7	-0.00554716
367.8	-0.0055172
367.9	-0.00548707
368	-0.00545462
368.1	-0.00542139
368.2	-0.00538768
368.3	-0.00534991
368.4	-0.0053159
368.5	-0.0052875
368.6	-0.00525918
368.7	-0.00523008
368.8	-0.00520202
368.9	-0.00517078
369	-0.00513737
369.1	-0.0051051
369.2	-0.00507207
369.3	-0.00503742
369.4	-0.00499806
369.5	-0.00495952
369.6	-0.00492341
369.7	-0.00488644
369.8	-0.00484769
369.9	-0.00480891
370	-0.00477254
370.1	-0.004736
370.2	-0.00469936
370.3	-0.00466803
370.4	-0.00463416
370.5	-0.00460012
370.6	-0.00456642
370.7	-0.00453448
370.8	-0.0045054
370.9	-0.0044762
371	-0.00444689
371.1	-0.0044199
371.2	-0.00439961
371.3	-0.00438242
371.4	-0.00436395
371.5	-0.00434302
371.6	-0.00432349
371.7	-0.00430975
371.8	-0.00430128
371.9	-0.004296
372	-0.00429547
372.1	-0.00429282
372.2	-0.00429143
372.3	-0.00429338
372.4	-0.00430086
372.5	-0.00431369
372.6	-0.00432921
372.7	-0.00434699
372.8	-0.00436159
372.9	-0.00437369
373	-0.00438234
373.1	-0.0043948
373.2	-0.00440163
373.3	-0.00440489
373.4	-0.00440444
373.5	-0.00440359
373.6	-0.00440574
373.7	-0.00441392
373.8	-0.00441879
373.9	-0.00442509
374	-0.0044311
374.1	-0.00444037
374.2	-0.00445459
374.3	-0.00447122
374.4	-0.00449151
374.5	-0.00451201
374.6	-0.00453357
374.7	-0.00455634
374.8	-0.00457438
374.9	-0.00459164
375	-0.00461118
375.1	-0.00462865
375.2	-0.00464303
375.3	-0.00465408
375.4	-0.00466437
375.5	-0.00467106
375.6	-0.00467284
375.7	-0.00466798
375.8	-0.00466171
375.9	-0.00466048
376	-0.00465827
376.1	-0.0046478
376.2	-0.00463447
376.3	-0.0046202
376.4	-0.00461097
376.5	-0.00460127
376.6	-0.00459502
376.7	-0.00459231
376.8	-0.00459121
376.9	-0.00459197
377	-0.00459609
377.1	-0.00460247
377.2	-0.00461252
377.3	-0.00462299
377.4	-0.00463515
377.5	-0.004649
377.6	-0.00466103
377.7	-0.0046761
377.8	-0.00469143
377.9	-0.00470587
378	-0.00472006
378.1	-0.00473457
378.2	-0.00474781
378.3	-0.00476154
378.4	-0.00477465
378.5	-0.00478745
378.6	-0.004803
378.7	-0.00481611
378.8	-0.0048277
378.9	-0.00483742
379	-0.0048463
379.1	-0.00485333
379.2	-0.00486257
379.3	-0.00487292
379.4	-0.00487917
379.5	-0.00488409
379.6	-0.00488684
379.7	-0.00488928
379.8	-0.00489173
379.9	-0.00489445
380	-0.00489773
380.1	-0.00491033
380.2	-0.00492532
380.3	-0.00493742
380.4	-0.00494679
380.5	-0.00495812
380.6	-0.00497293
380.7	-0.00498544
380.8	-0.00500316
380.9	-0.00501995
381	-0.00504046
381.1	-0.00506123
381.2	-0.00508405
381.3	-0.00510738
381.4	-0.00512613
381.5	-0.00514347
381.6	-0.00516085
381.7	-0.00517881
381.8	-0.00519195
381.9	-0.00520034
382	-0.00520731
382.1	-0.00521707
382.2	-0.0052285
382.3	-0.00523829
382.4	-0.00524491
382.5	-0.00525063
382.6	-0.00525828
382.7	-0.00526668
382.8	-0.00527979
382.9	-0.00529488
383	-0.00530729
383.1	-0.00531935
383.2	-0.00533098
383.3	-0.00534028
383.4	-0.00534839
383.5	-0.00535968
383.6	-0.00537557
383.7	-0.00539508
383.8	-0.00541515
383.9	-0.00542935
384	-0.00543205
384.1	-0.00543208
384.2	-0.00543442
384.3	-0.0054309
384.4	-0.00542276
384.5	-0.00541095
384.6	-0.00539551
384.7	-0.00538145
384.8	-0.00536728
384.9	-0.00535066
385	-0.00532728
385.1	-0.00529826
385.2	-0.00526968
385.3	-0.00524065
385.4	-0.00521279
385.5	-0.00518637
385.6	-0.00516319
385.7	-0.00514363
385.8	-0.00512558
385.9	-0.00510665
386	-0.00509039
386.1	-0.00507786
386.2	-0.00506887
386.3	-0.00506447
386.4	-0.00506368
386.5	-0.00506363
386.6	-0.00506112
386.7	-0.00505112
386.8	-0.00504299
386.9	-0.00503463
387	-0.00502589
387.1	-0.00502012
387.2	-0.00502134
387.3	-0.00502368
387.4	-0.0050291
387.5	-0.00503508
387.6	-0.00504181
387.7	-0.00504669
387.8	-0.00505479
387.9	-0.00506082
388	-0.00506881
388.1	-0.00507987
388.2	-0.00509099
388.3	-0.00510105
388.4	-0.00510676
388.5	-0.00510512
388.6	-0.00509705
388.7	-0.00508778
388.8	-0.00507796
388.9	-0.00506896
389	-0.00505858
389.1	-0.00505146
389.2	-0.00504303
389.3	-0.00503059
389.4	-0.00501531
389.5	-0.0050052
389.6	-0.00499673
389.7	-0.0049912
389.8	-0.00498498
389.9	-0.00497425
390	-0.00495975
390.1	-0.00494352
390.2	-0.00492709
390.3	-0.00491526
390.4	-0.00491317
390.5	-0.00491763
390.6	-0.00492707
390.7	-0.00493899
390.8	-0.00495699
390.9	-0.0049784
391	-0.00499749
391.1	-0.00501439
391.2	-0.00502693
391.3	-0.00503857
391.4	-0.00505145
391.5	-0.00506809
391.6	-0.00508416
391.7	-0.0050944
391.8	-0.00510822
391.9	-0.00512466
392	-0.00513794
392.1	-0.00515135
392.2	-0.00516932
392.3	-0.0051876
392.4	-0.00520813
392.5	-0.00522574
392.6	-0.00524451
392.7	-0.00526206
392.8	-0.00527874
392.9	-0.00529334
393	-0.00530589
393.1	-0.00531772
393.2	-0.00533213
393.3	-0.00534635
393.4	-0.00536304
393.5	-0.0053782
393.6	-0.00539555
393.7	-0.0054177
393.8	-0.00544151
393.9	-0.00545878
394	-0.00546952
394.1	-0.00547531
394.2	-0.00547882
394.3	-0.00547709
394.4	-0.00547352
394.5	-0.00547011
394.6	-0.00546843
394.7	-0.00546336
394.8	-0.00545464
394.9	-0.00544452
395	-0.00543524
395.1	-0.00542771
395.2	-0.00542211
395.3	-0.00541907
395.4	-0.0054188
395.5	-0.00541627
395.6	-0.00541759
395.7	-0.00542307
395.8	-0.00542825
395.9	-0.00543371
396	-0.00543662
396.1	-0.00544
396.2	-0.00544501
396.3	-0.00545268
396.4	-0.00545685
396.5	-0.0054628
396.6	-0.00547144
396.7	-0.00548633
396.8	-0.00550257
396.9	-0.00551662
397	-0.00553283
397.1	-0.00554975
397.2	-0.00556473
397.3	-0.00557412
397.4	-0.00558055
397.5	-0.00558599
397.6	-0.00559383
397.7	-0.00560906
397.8	-0.00562459
397.9	-0.00563126
398	-0.00563477
398.1	-0.00563848
398.2	-0.00564134
398.3	-0.00564588
398.4	-0.00565247
398.5	-0.00566087
398.6	-0.00566897
398.7	-0.00567886
398.8	-0.00568828
398.9	-0.00569677
399	-0.00570399
399.1	-0.00570839
399.2	-0.00571033
399.3	-0.00571681
399.4	-0.00572483
399.5	-0.00573637
399.6	-0.0057517
399.7	-0.00576421
399.8	-0.00577216
399.9	-0.00578332
400	-0.00579842
400.1	-0.0058101
400.2	-0.00582098
400.3	-0.0058358
400.4	-0.00585698
400.5	-0.00587975
400.6	-0.00590312
400.7	-0.00592508
400.8	-0.00594662
400.9	-0.00596796
401	-0.00599037
401.1	-0.00601036
401.2	-0.00602887
401.3	-0.00604676
401.4	-0.00606532
401.5	-0.00607924
401.6	-0.00608879
401.7	-0.00609633
401.8	-0.00609975
401.9	-0.00609572
402	-0.00608835
402.1	-0.00607858
402.2	-0.00606894
402.3	-0.00605843
402.4	-0.00605122
402.5	-0.00604072
402.6	-0.00602603
402.7	-0.00600745
402.8	-0.00598341
402.9	-0.00595693
403	-0.00592912
403.1	-0.00589572
403.2	-0.00585714
403.3	-0.00581501
403.4	-0.00577248
403.5	-0.00572968
403.6	-0.00568708
403.7	-0.00563782
403.8	-0.00558703
403.9	-0.00553832
404	-0.00548952
404.1	-0.00544388
404.2	-0.00539646
404.3	-0.00535282
404.4	-0.00531205
404.5	-0.00526998
404.6	-0.00522541
404.7	-0.00518145
404.8	-0.00513854
404.9	-0.00509679
405	-0.00505209
405.1	-0.00500742
405.2	-0.00496628
405.3	-0.00492471
405.4	-0.00488027
405.5	-0.00483419
405.6	-0.00478475
405.7	-0.00473629
405.8	-0.00468982
405.9	-0.00464644
406	-0.00460482
406.1	-0.00455791
406.2	-0.00450726
406.3	-0.00444945
406.4	-0.00439682
406.5	-0.00434761
406.6	-0.00430415
406.7	-0.0042632
406.8	-0.00422672
406.9	-0.00419093
407	-0.00415417
407.1	-0.00411822
407.2	-0.00408528
407.3	-0.00405403
407.4	-0.00402089
407.5	-0.00398682
407.6	-0.00395022
407.7	-0.00391285
407.8	-0.00387237
407.9	-0.00383168
408	-0.00378519
408.1	-0.00373829
408.2	-0.0036911
408.3	-0.00364655
408.4	-0.00360348
408.5	-0.00356083
408.6	-0.00351694
408.7	-0.00347083
408.8	-0.00342369
408.9	-0.00337709
409	-0.00333508
409.1	-0.00328935
409.2	-0.00323536
409.3	-0.00317621
409.4	-0.0031155
409.5	-0.00305511
409.6	-0.00299444
409.7	-0.00293626
409.8	-0.00288082
409.9	-0.00282347
410	-0.00276749
410.1	-0.00271127
410.2	-0.00265257
410.3	-0.00259435
410.4	-0.00253833
410.5	-0.00248088
410.6	-0.00242468
410.7	-0.00236816
410.8	-0.00231092
410.9	-0.00225375
411	-0.00220051
411.1	-0.00214959
411.2	-0.00210117
411.3	-0.00204929
411.4	-0.00199421
411.5	-0.00193968
411.6	-0.0018865
411.7	-0.00182907
411.8	-0.00177214
411.9	-0.00171567
412	-0.00166027
412.1	-0.00160441
412.2	-0.00155206
412.3	-0.00149821
412.4	-0.0014472
412.5	-0.00139637
412.6	-0.00134743
412.7	-0.00130015
412.8	-0.00125176
412.9	-0.00120072
413	-0.00114387
413.1	-0.00108435
413.2	-0.00102674
413.3	-0.000972005
413.4	-0.000923125
413.5	-0.00087571
413.6	-0.000829949
413.7	-0.000788022
413.8	-0.00074581
413.9	-0.000697824
414	-0.000646751
414.1	-0.000592351
414.2	-0.000533808
414.3	-0.000475307
414.4	-0.000421517
414.5	-0.000367291
414.6	-0.000307884
414.7	-0.000247391
414.8	-0.000184843
414.9	-0.000121084
415	-5.70257e-05
415.1	1.36481e-06
415.2	5.68272e-05
415.3	0.000112799
415.4	0.000170586
415.5	0.000229155
415.6	0.000286119
415.7	0.000340427
415.8	0.000393885
415.9	0.000448757
416	0.000505303
416.1	0.000560182
416.2	0.000606678
416.3	0.000647648
416.4	0.000686527
416.5	0.000720504
416.6	0.000745916
416.7	0.000770937
416.8	0.000793111
416.9	0.000809237
417	0.000823999
417.1	0.000837462
417.2	0.000844121
417.3	0.000847424
417.4	0.000851332
417.5	0.0008511
417.6	0.00084768
417.7	0.00084264
417.8	0.000839161
417.9	0.00083454
418	0.000834194
418.1	0.000840104
418.2	0.000850501
418.3	0.000865726
418.4	0.00088815
418.5	0.000911867
418.6	0.000935176
418.7	0.000955929
418.8	0.000976494
418.9	0.000991072
419	0.00100288
419.1	0.00101696
419.2	0.00102864
419.3	0.00103375
419.4	0.00103835
419.5	0.00104752
419.6	0.00105954
419.7	0.00106929
419.8	0.00107945
419.9	0.00108935
420	0.00109831
420.1	0.00110377
420.2	0.00110557
420.3	0.00110334
420.4	0.00110308
420.5	0.00110869
420.6	0.00111626
420.7	0.00112691
420.8	0.00113611
420.9	0.00114593
421	0.00115491
421.1	0.00116433
421.2	0.00117342
421.3	0.00118306
421.4	0.0011928
421.5	0.00119864
421.6	0.00120873
421.7	0.00121908
421.8	0.00122929
421.9	0.00123444
422	0.00123669
422.1	0.00123371
422.2	0.00123126
422.3	0.00122498
422.4	0.00121774
422.5	0.00121268
422.6	0.00120931
422.7	0.00120441
422.8	0.00119456
422.9	0.00117993
423	0.00116199
423.1	0.00114633
423.2	0.00113158
423.3	0.00111736
423.4	0.00110827
423.5	0.00111225
423.6	0.00112033
423.7	0.00112753
423.8	0.00113793
423.9	0.00114697
424	0.00115156
424.1	0.0011531
424.2	0.00114904
424.3	0.00114327
424.4	0.00113136
424.5	0.00111831
424.6	0.00110914
424.7	0.00110201
424.8	0.00109893
424.9	0.00110122
425	0.00110725
425.1	0.00111249
425.2	0.00111652
425.3	0.00111451
425.4	0.00110864
425.5	0.00110105
425.6	0.00109574
425.7	0.00108769
425.8	0.00107884
425.9	0.00107163
426	0.00106116
426.1	0.0010569
426.2	0.00105162
426.3	0.0010424
426.4	0.00103168
426.5	0.00101957
426.6	0.00100749
426.7	0.000995674
426.8	0.000988582
426.9	0.000982416
427	0.000972675
427.1	0.000955705
427.2	0.000934715
427.3	0.000909428
427.4	0.000885537
427.5	0.000861649
427.6	0.000836553
427.7	0.000812287
427.8	0.000793958
427.9	0.000782065
428	0.000768786
428.1	0.000756823
428.2	0.00074825
428.3	0.000740977
428.4	0.00073352
428.5	0.000726628
428.6	0.000719417
428.7	0.000712985
428.8	0.000711088
428.9	0.000712537
429	0.000719332
429.1	0.00072573
429.2	0.000737243
429.3	0.000750254
429.4	0.000755838
429.5	0.000760189
429.6	0.000763825
429.7	0.000764234
429.8	0.0007558
429.9	0.000739522
430	0.000713569
430.1	0.000682627
430.2	0.000650212
430.3	0.000616546
430.4	0.000581832
430.5	0.000547266
430.6	0.000516509
430.7	0.000489511
430.8	0.00046233
430.9	0.0004355
431	0.000405325
431.1	0.000372947
431.2	0.000339145
431.3	0.000309083
431.4	0.000276428
431.5	0.000242624
431.6	0.00020965
431.7	0.000172961
431.8	0.000134969
431.9	9.48229e-05
432	5.84251e-05
432.1	2.53651e-05
432.2	-3.67376e-06
432.3	-2.89366e-05
432.4	-5.62883e-05
432.5	-8.36921e-05
432.6	-0.000110114
432.7	-0.000143561
432.8	-0.000183681
432.9	-0.000221361
433	-0.000256986
433.1	-0.000296038
433.2	-0.000335593
433.3	-0.000374182
433.4	-0.000408533
433.5	-0.000439293
433.6	-0.000471125
433.7	-0.000505747
433.8	-0.000542049
433.9	-0.000578319
434	-0.000608994
434.1	-0.000633755
434.2	-0.000661659
434.3	-0.000688916
434.4	-0.000718278
434.5	-0.000747806
434.6	-0.000778404
434.7	-0.000811025
434.8	-0.000843359
434.9	-0.000877181
435	-0.000912943
435.1	-0.000944894
435.2	-0.000977059
435.3	-0.00100632
435.4	-0.00103608
435.5	-0.00106705
435.6	-0.00110079
435.7	-0.00113969
435.8	-0.00118443
435.9	-0.00123179
436	-0.00127394
436.1	-0.00131525
436.2	-0.0013592
436.3	-0.0013998
436.4	-0.00143568
436.5	-0.00147206
436.6	-0.00151203
436.7	-0.00154936
436.8	-0.00158347
436.9	-0.00161325
437	-0.00164152
437.1	-0.00166937
437.2	-0.00169627
437.3	-0.0017192
437.4	-0.00173888
437.5	-0.001756
437.6	-0.00176946
437.7	-0.00178135
437.8	-0.00179209
437.9	-0.00180383
438	-0.00181603
438.1	-0.00182864
438.2	-0.00184409
438.3	-0.00185949
438.4	-0.00187196
438.5	-0.00188355
438.6	-0.00189727
438.7	-0.00191789
438.8	-0.00194236
438.9	-0.00196591
439	-0.00199156
439.1	-0.00202205
439.2	-0.00205121
439.3	-0.00207989
439.4	-0.00211004
439.5	-0.00214151
439.6	-0.00217026
439.7	-0.00219703
439.8	-0.00222571
439.9	-0.00225678
440	-0.00228736
440.1	-0.00231898
440.2	-0.00234948
440.3	-0.00238157
440.4	-0.00240968
440.5	-0.00243438
440.6	-0.00245863
440.7	-0.00248334
440.8	-0.00250799
440.9	-0.00252529
441	-0.00253821
441.1	-0.00255082
441.2	-0.00256701
441.3	-0.00259018
441.4	-0.00262109
441.5	-0.00265555
441.6	-0.00269134
441.7	-0.00272778
441.8	-0.00276804
441.9	-0.00280697
442	-0.00284334
442.1	-0.00287733
442.2	-0.0029097
442.3	-0.00294229
442.4	-0.00297178
442.5	-0.00300343
442.6	-0.00303685
442.7	-0.00306555
442.8	-0.00309628
442.9	-0.00312783
443	-0.00315761
443.1	-0.00318793
443.2	-0.00321613
443.3	-0.00324109
443.4	-0.0032676
443.5	-0.0032964
443.6	-0.00332834
443.7	-0.00336231
443.8	-0.00340124
443.9	-0.00344445
444	-0.00349055
444.1	-0.00354043
444.2	-0.00359184
444.3	-0.00364471
444.4	-0.00369785
444.5	-0.00375598
444.6	-0.00381809
444.7	-0.00388254
444.8	-0.00394643
444.9	-0.00401339
445	-0.00408295
445.1	-0.00415041
445.2	-0.00422193
445.3	-0.00429011
445.4	-0.00435997
445.5	-0.00442528
445.6	-0.00448688
445.7	-0.0045453
445.8	-0.00460139
445.9	-0.00465729
446	-0.0047134
446.1	-0.00476657
446.2	-0.00481401
446.3	-0.00485791
446.4	-0.0048983
446.5	-0.0049398
446.6	-0.00497866
446.7	-0.00501692
446.8	-0.00505048
446.9	-0.00508093
447	-0.00510915
447.1	-0.00513722
447.2	-0.00516423
447.3	-0.00519363
447.4	-0.00522491
447.5	-0.0052547
447.6	-0.00528122
447.7	-0.0053028
447.8	-0.00532109
447.9	-0.00533584
448	-0.00534694
448.1	-0.00535633
448.2	-0.00536652
448.3	-0.00538265
448.4	-0.00539802
448.5	-0.00540758
448.6	-0.00541248
448.7	-0.00541569
448.8	-0.00541893
448.9	-0.0054232
449	-0.00543285
449.1	-0.00544223
449.2	-0.0054547
449.3	-0.00546858
449.4	-0.0054814
449.5	-0.00549148
449.6	-0.00550258
449.7	-0.00551681
449.8	-0.0055343
449.9	-0.0055577
450	-0.0055846
450.1	-0.00561184
450.2	-0.00563842
450.3	-0.00566483
450.4	-0.00569388
450.5	-0.00572579
450.6	-0.00575652
450.7	-0.00578987
450.8	-0.00582402
450.9	-0.00585589
451	-0.0058845
451.1	-0.0059076
451.2	-0.0059234
451.3	-0.00593177
451.4	-0.00593175
451.5	-0.0059321
451.6	-0.00593597
451.7	-0.0059439
451.8	-0.00595443
451.9	-0.00596441
452	-0.00597175
452.1	-0.00597604
452.2	-0.00597351
452.3	-0.0059668
452.4	-0.00595806
452.5	-0.00595022
452.6	-0.00594778
452.7	-0.00595002
452.8	-0.00595065
452.9	-0.0059479
453	-0.00593981
453.1	-0.00592944
453.2	-0.00592172
453.3	-0.00592057
453.4	-0.00592549
453.5	-0.00594055
453.6	-0.00596089
453.7	-0.00598457
453.8	-0.00601322
453.9	-0.00604367
454	-0.00607423
454.1	-0.00610307
454.2	-0.00613202
454.3	-0.00616045
454.4	-0.00618724
454.5	-0.00620969
454.6	-0.00622966
454.7	-0.00625436
454.8	-0.0062809
454.9	-0.00630719
455	-0.00633015
455.1	-0.00635382
455.2	-0.00637561
455.3	-0.00639845
455.4	-0.00641742
455.5	-0.00643446
455.6	-0.00645185
455.7	-0.00646635
455.8	-0.00647261
455.9	-0.0064751
456	-0.00647746
456.1	-0.00647957
456.2	-0.00648098
456.3	-0.00647672
456.4	-0.00647144
456.5	-0.00646846
456.6	-0.00646541
456.7	-0.00645878
456.8	-0.00645419
456.9	-0.00645489
457	-0.00646431
457.1	-0.00647855
457.2	-0.0064965
457.3	-0.00651672
457.4	-0.00653574
457.5	-0.00654867
457.6	-0.00655694
457.7	-0.00656273
457.8	-0.00656311
457.9	-0.00656261
458	-0.00656187
458.1	-0.0065624
458.2	-0.00656429
458.3	-0.00656284
458.4	-0.00655839
458.5	-0.00655457
458.6	-0.00654886
458.7	-0.00654219
458.8	-0.00653955
458.9	-0.0065362
459	-0.0065353
459.1	-0.00653519
459.2	-0.00653365
459.3	-0.00652572
459.4	-0.00651549
459.5	-0.00650684
459.6	-0.00650164
459.7	-0.00649796
459.8	-0.0064962
459.9	-0.00649427
460	-0.00649518
460.1	-0.00649743
460.2	-0.0065068
460.3	-0.00651989
460.4	-0.00653157
460.5	-0.00653599
460.6	-0.0065334
460.7	-0.00653029
460.8	-0.00653063
460.9	-0.00653055
461	-0.00652621
461.1	-0.00651884
461.2	-0.00651421
461.3	-0.00651576
461.4	-0.00652069
461.5	-0.00652767
461.6	-0.00652858
461.7	-0.00652255
461.8	-0.00650718
461.9	-0.00648333
462	-0.0064559
462.1	-0.00642256
462.2	-0.00638731
462.3	-0.00635147
462.4	-0.00631941
462.5	-0.00629044
462.6	-0.00626209
462.7	-0.0062359
462.8	-0.00621058
462.9	-0.00619055
463	-0.00616486
463.1	-0.00613846
463.2	-0.00611233
463.3	-0.00609295
463.4	-0.00607018
463.5	-0.00604644
463.6	-0.00602375
463.7	-0.00600358
463.8	-0.00598751
463.9	-0.00597558
464	-0.00596817
464.1	-0.00596863
464.2	-0.00597615
464.3	-0.00598667
464.4	-0.00600035
464.5	-0.00601718
464.6	-0.00603635
464.7	-0.00605407
464.8	-0.00607036
464.9	-0.00609026
465	-0.00611278
465.1	-0.00613411
465.2	-0.00615171
465.3	-0.00616748
465.4	-0.00618416
465.5	-0.00620585
465.6	-0.0062316
465.7	-0.00625826
465.8	-0.00628334
465.9	-0.00630973
466	-0.0063319
466.1	-0.00634769
466.2	-0.00636144
466.3	-0.0063801
466.4	-0.00639826
466.5	-0.00641282
466.6	-0.00642625
466.7	-0.00643701
466.8	-0.00644326
466.9	-0.00644799
467	-0.00645645
467.1	-0.00646874
467.2	-0.0064826
467.3	-0.00649754
467.4	-0.00651514
467.5	-0.00653685
467.6	-0.00655881
467.7	-0.00658082
467.8	-0.00660605
467.9	-0.00663433
468	-0.00666287
468.1	-0.00669436
468.2	-0.00672485
468.3	-0.00675196
468.4	-0.00677511
468.5	-0.0068004
468.6	-0.00682173
468.7	-0.00683873
468.8	-0.00685497
468.9	-0.00687053
469	-0.00688489
469.1	-0.00689941
469.2	-0.00691794
469.3	-0.00693342
469.4	-0.00694901
469.5	-0.00696194
469.6	-0.00697407
469.7	-0.00698918
469.8	-0.00700675
469.9	-0.00702498
470	-0.00704526
470.1	-0.00707157
470.2	-0.00709709
470.3	-0.00712327
470.4	-0.00714886
470.5	-0.0071725
470.6	-0.00719434
470.7	-0.00721753
470.8	-0.00724313
470.9	-0.00727208
471	-0.00730841
471.1	-0.007349
471.2	-0.00739147
471.3	-0.00743391
471.4	-0.0074796
471.5	-0.00752998
471.6	-0.0075805
471.7	-0.00763088
471.8	-0.00767888
471.9	-0.00772956
472	-0.00777954
472.1	-0.00783182
472.2	-0.00788256
472.3	-0.00793448
472.4	-0.00798754
472.5	-0.00804618
472.6	-0.00810839
472.7	-0.00816468
472.8	-0.00821962
472.9	-0.00827361
473	-0.00832695
473.1	-0.0083799
473.2	-0.00843891
473.3	-0.00849425
473.4	-0.00854866
473.5	-0.00860237
473.6	-0.0086574
473.7	-0.00871735
473.8	-0.00877342
473.9	-0.00882342
474	-0.00887246
474.1	-0.00892102
474.2	-0.00897383
474.3	-0.00902426
474.4	-0.00908298
474.5	-0.00914336
474.6	-0.00919997
474.7	-0.00924979
474.8	-0.00929446
474.9	-0.00934152
475	-0.00938901
475.1	-0.00943552
475.2	-0.00948015
475.3	-0.00952265
475.4	-0.00956547
475.5	-0.00961001
475.6	-0.00965322
475.7	-0.00969618
475.8	-0.00973874
475.9	-0.00978226
476	-0.00982803
476.1	-0.00987916
476.2	-0.00992832
476.3	-0.00997547
476.4	-0.0100226
476.5	-0.0100703
476.6	-0.0101168
476.7	-0.0101525
476.8	-0.0101796
476.9	-0.0102007
477	-0.0102168
477.1	-0.0102244
477.2	-0.0102286
477.3	-0.0102312
477.4	-0.0102296
477.5	-0.0102259
477.6	-0.0102201
477.7	-0.0102155
477.8	-0.0102073
477.9	-0.0101872
478	-0.0101615
478.1	-0.0101328
478.2	-0.0100982
478.3	-0.0100645
478.4	-0.0100318
478.5	-0.00999568
478.6	-0.00995616
478.7	-0.00991335
478.8	-0.0098774
478.9	-0.00984624
479	-0.00981714
479.1	-0.00978793
479.2	-0.00975803
479.3	-0.00972663
479.4	-0.00969132
479.5	-0.00965313
479.6	-0.00961136
479.7	-0.00957025
479.8	-0.00952384
479.9	-0.00947341
480	-0.009422
480.1	-0.00937395
480.2	-0.00933228
480.3	-0.0092942
480.4	-0.00925944
480.5	-0.00922215
480.6	-0.00917772
480.7	-0.00912858
480.8	-0.00907968
480.9	-0.00902982
481	-0.00897707
481.1	-0.00892402
481.2	-0.00886958
481.3	-0.00881261
481.4	-0.00875288
481.5	-0.00869348
481.6	-0.00863591
481.7	-0.00857689
481.8	-0.00851444
481.9	-0.00845089
482	-0.00838892
482.1	-0.0083265
482.2	-0.00826591
482.3	-0.00820702
482.4	-0.00814462
482.5	-0.00807737
482.6	-0.00800939
482.7	-0.00794634
482.8	-0.00788618
482.9	-0.00783058
483	-0.00777252
483.1	-0.00771164
483.2	-0.00765126
483.3	-0.00759444
483.4	-0.00753574
483.5	-0.00747651
483.6	-0.0074154
483.7	-0.00735441
483.8	-0.00729209
483.9	-0.00722322
484	-0.00714933
484.1	-0.00706997
484.2	-0.00698552
484.3	-0.00689752
484.4	-0.00680982
484.5	-0.00672668
484.6	-0.00664636
484.7	-0.00656686
484.8	-0.00648838
484.9	-0.00640673
485	-0.00632095
485.1	-0.0062326
485.2	-0.00614527
485.3	-0.00606267
485.4	-0.00598916
485.5	-0.00592275
485.6	-0.00585895
485.7	-0.00580276
485.8	-0.00575378
485.9	-0.00570638
486	-0.00566161
486.1	-0.00561994
486.2	-0.00557944
486.3	-0.00554218
486.4	-0.00550449
486.5	-0.00546414
486.6	-0.00542243
486.7	-0.0053727
486.8	-0.00531551
486.9	-0.00525599
487	-0.00519591
487.1	-0.00513436
487.2	-0.00507304
487.3	-0.00501991
487.4	-0.00496725
487.5	-0.0049067
487.6	-0.00484133
487.7	-0.00477678
487.8	-0.00471398
487.9	-0.00465244
488	-0.00458933
488.1	-0.00453347
488.2	-0.00448018
488.3	-0.00443368
488.4	-0.00438815
488.5	-0.00434512
488.6	-0.00430335
488.7	-0.004263
488.8	-0.0042217
488.9	-0.00417905
489	-0.00413788
489.1	-0.00409901
489.2	-0.00406199
489.3	-0.00402359
489.4	-0.00398132
489.5	-0.00393377
489.6	-0.00388612
489.7	-0.00383665
489.8	-0.00377641
489.9	-0.0037098
490	-0.00364297
490.1	-0.00357986
490.2	-0.00352153
490.3	-0.00346604
490.4	-0.00340533
490.5	-0.00334151
490.6	-0.00327854
490.7	-0.00321423
490.8	-0.0031449
490.9	-0.00307463
491	-0.00300279
491.1	-0.00292943
491.2	-0.00285188
491.3	-0.00277812
491.4	-0.00270561
491.5	-0.00263735
491.6	-0.00257027
491.7	-0.00250713
491.8	-0.00244469
491.9	-0.00238294
492	-0.00231954
492.1	-0.00225422
492.2	-0.00219033
492.3	-0.00212889
492.4	-0.00206905
492.5	-0.00200809
492.6	-0.00195416
492.7	-0.00190636
492.8	-0.0018645
492.9	-0.00182636
493	-0.00178681
493.1	-0.00174355
493.2	-0.00170015
493.3	-0.00165766
493.4	-0.00161417
493.5	-0.00156991
493.6	-0.0015275
493.7	-0.0014912
493.8	-0.00145852
493.9	-0.00142051
494	-0.00138352
494.1	-0.00134633
494.2	-0.00130982
494.3	-0.00127109
494.4	-0.00123119
494.5	-0.00119811
494.6	-0.00117057
494.7	-0.00114045
494.8	-0.00111293
494.9	-0.00108546
495	-0.00105937
495.1	-0.00103797
495.2	-0.00101835
495.3	-0.000997722
495.4	-0.000971856
495.5	-0.000941314
495.6	-0.000913113
495.7	-0.000885781
495.8	-0.000856879
495.9	-0.000823679
496	-0.000785939
496.1	-0.000752431
496.2	-0.00072094
496.3	-0.000691914
496.4	-0.000662569
496.5	-0.000634718
496.6	-0.000607219
496.7	-0.000577538
496.8	-0.00054028
496.9	-0.00050093
497	-0.000458706
497.1	-0.000415884
497.2	-0.000373607
497.3	-0.000334792
497.4	-0.000300423
497.5	-0.000263723
497.6	-0.000220327
497.7	-0.000175125
497.8	-0.000125805
497.9	-7.9089e-05
498	-3.00885e-05
498.1	2.2045e-05
498.2	7.24936e-05
498.3	0.000118476
498.4	0.000159884
498.5	0.000200983
498.6	0.000244906
498.7	0.000286288
498.8	0.000329132
498.9	0.000373788
499	0.000416655
499.1	0.000458727
499.2	0.000508466
499.3	0.000559562
499.4	0.000611858
499.5	0.000664393
499.6	0.000711683
499.7	0.000753296
499.8	0.000791497
499.9	0.000827286
500	0.000862995
