LagTime	Correlation

0	3.60941
0.1	3.60439
0.2	3.5969
0.3	3.58883
0.4	3.58065
0.5	3.57248
0.6	3.56436
0.7	3.55629
0.8	3.54827
0.9	3.5403
1	3.53239
1.1	3.52452
1.2	3.5167
1.3	3.50893
1.4	3.5012
1.5	3.49352
1.6	3.48588
1.7	3.4783
1.8	3.47074
1.9	3.46323
2	3.45576
2.1	3.44834
2.2	3.44095
2.3	3.43361
2.4	3.42631
2.5	3.41906
2.6	3.41185
2.7	3.40468
2.8	3.39756
2.9	3.39048
3	3.38345
3.1	3.37645
3.2	3.36949
3.3	3.36257
3.4	3.35568
3.5	3.34884
3.6	3.34202
3.7	3.33525
3.8	3.3285
3.9	3.32179
4	3.31512
4.1	3.30847
4.2	3.30185
4.3	3.29527
4.4	3.28872
4.5	3.28221
4.6	3.27573
4.7	3.26928
4.8	3.26286
4.9	3.25648
5	3.25012
5.1	3.24379
5.2	3.23749
5.3	3.23123
5.4	3.225
5.5	3.21881
5.6	3.21264
5.7	3.20649
5.8	3.20036
5.9	3.19425
6	3.18817
6.1	3.18212
6.2	3.17609
6.3	3.17009
6.4	3.16411
6.5	3.15816
6.6	3.15223
6.7	3.14632
6.8	3.14044
6.9	3.13457
7	3.12872
7.1	3.1229
7.2	3.11711
7.3	3.11134
7.4	3.10559
7.5	3.09986
7.6	3.09415
7.7	3.08846
7.8	3.08278
7.9	3.07712
8	3.07148
8.1	3.06586
8.2	3.06026
8.3	3.05468
8.4	3.04912
8.5	3.04357
8.6	3.03805
8.7	3.03254
8.8	3.02707
8.9	3.02162
9	3.01619
9.1	3.01078
9.2	3.00539
9.3	3.00003
9.4	2.9947
9.5	2.98938
9.6	2.98409
9.7	2.97881
9.8	2.97354
9.9	2.96828
10	2.96304
10.1	2.95782
10.2	2.95261
10.3	2.94743
10.4	2.94225
10.5	2.9371
10.6	2.93197
10.7	2.92686
10.8	2.92177
10.9	2.9167
11	2.91164
11.1	2.9066
11.2	2.90157
11.3	2.89657
11.4	2.89158
11.5	2.8866
11.6	2.88163
11.7	2.87669
11.8	2.87175
11.9	2.86683
12	2.86192
12.1	2.85703
12.2	2.85215
12.3	2.84728
12.4	2.84243
12.5	2.8376
12.6	2.83277
12.7	2.82797
12.8	2.82318
12.9	2.81839
13	2.81362
13.1	2.80886
13.2	2.80411
13.3	2.79937
13.4	2.79464
13.5	2.78993
13.6	2.78524
13.7	2.78056
13.8	2.77588
13.9	2.77122
14	2.76657
14.1	2.76193
14.2	2.7573
14.3	2.75268
14.4	2.74807
14.5	2.74346
14.6	2.73888
14.7	2.7343
14.8	2.72974
14.9	2.72519
15	2.72066
15.1	2.71614
15.2	2.71163
15.3	2.70714
15.4	2.70265
15.5	2.69817
15.6	2.6937
15.7	2.68922
15.8	2.68476
15.9	2.6803
16	2.67586
16.1	2.67143
16.2	2.66701
16.3	2.6626
16.4	2.65821
16.5	2.65384
16.6	2.64948
16.7	2.64514
16.8	2.6408
16.9	2.63648
17	2.63217
17.1	2.62787
17.2	2.62359
17.3	2.61931
17.4	2.61505
17.5	2.6108
17.6	2.60655
17.7	2.6023
17.8	2.59807
17.9	2.59383
18	2.5896
18.1	2.58537
18.2	2.58116
18.3	2.57695
18.4	2.57274
18.5	2.56855
18.6	2.56437
18.7	2.56019
18.8	2.55602
18.9	2.55186
19	2.5477
19.1	2.54355
19.2	2.53942
19.3	2.5353
19.4	2.53118
19.5	2.52707
19.6	2.52297
19.7	2.51889
19.8	2.51482
19.9	2.51075
20	2.5067
20.1	2.50266
20.2	2.49862
20.3	2.49459
20.4	2.49057
20.5	2.48656
20.6	2.48257
20.7	2.47859
20.8	2.47462
20.9	2.47067
21	2.46673
21.1	2.46279
21.2	2.45887
21.3	2.45495
21.4	2.45103
21.5	2.44712
21.6	2.44321
21.7	2.43932
21.8	2.43543
21.9	2.43156
22	2.42769
22.1	2.42383
22.2	2.41999
22.3	2.41614
22.4	2.4123
22.5	2.40847
22.6	2.40465
22.7	2.40084
22.8	2.39703
22.9	2.39323
23	2.38943
23.1	2.38565
23.2	2.38187
23.3	2.37811
23.4	2.37436
23.5	2.37062
23.6	2.36688
23.7	2.36315
23.8	2.35942
23.9	2.35569
24	2.35197
24.1	2.34826
24.2	2.34455
24.3	2.34084
24.4	2.33713
24.5	2.33343
24.6	2.32973
24.7	2.32604
24.8	2.32235
24.9	2.31866
25	2.31497
25.1	2.3113
25.2	2.30762
25.3	2.30395
25.4	2.30029
25.5	2.29664
25.6	2.29299
25.7	2.28934
25.8	2.2857
25.9	2.28208
26	2.27845
26.1	2.27484
26.2	2.27122
26.3	2.26762
26.4	2.26403
26.5	2.26044
26.6	2.25686
26.7	2.25328
26.8	2.2497
26.9	2.24613
27	2.24256
27.1	2.23901
27.2	2.23546
27.3	2.23192
27.4	2.22839
27.5	2.22487
27.6	2.22136
27.7	2.21786
27.8	2.21437
27.9	2.21088
28	2.2074
28.1	2.20392
28.2	2.20045
28.3	2.19698
28.4	2.19351
28.5	2.19004
28.6	2.18659
28.7	2.18313
28.8	2.17967
28.9	2.17622
29	2.17277
29.1	2.16934
29.2	2.16591
29.3	2.16249
29.4	2.15908
29.5	2.15568
29.6	2.15229
29.7	2.1489
29.8	2.14552
29.9	2.14215
30	2.13878
30.1	2.13543
30.2	2.13208
30.3	2.12874
30.4	2.1254
30.5	2.12207
30.6	2.11874
30.7	2.11542
30.8	2.11212
30.9	2.10882
31	2.10554
31.1	2.10226
31.2	2.09899
31.3	2.09573
31.4	2.09248
31.5	2.08924
31.6	2.086
31.7	2.08276
31.8	2.07952
31.9	2.07628
32	2.07305
32.1	2.06983
32.2	2.0666
32.3	2.06338
32.4	2.06016
32.5	2.05695
32.6	2.05375
32.7	2.05055
32.8	2.04736
32.9	2.04419
33	2.04102
33.1	2.03786
33.2	2.03471
33.3	2.03157
33.4	2.02843
33.5	2.0253
33.6	2.02217
33.7	2.01904
33.8	2.01593
33.9	2.01282
34	2.00972
34.1	2.00663
34.2	2.00354
34.3	2.00046
34.4	1.99738
34.5	1.99431
34.6	1.99124
34.7	1.98817
34.8	1.98511
34.9	1.98205
35	1.979
35.1	1.97595
35.2	1.97291
35.3	1.96987
35.4	1.96684
35.5	1.96382
35.6	1.9608
35.7	1.95778
35.8	1.95477
35.9	1.95177
36	1.94878
36.1	1.94578
36.2	1.94279
36.3	1.93981
36.4	1.93682
36.5	1.93384
36.6	1.93086
36.7	1.92789
36.8	1.92493
36.9	1.92196
37	1.919
37.1	1.91604
37.2	1.91309
37.3	1.91013
37.4	1.90718
37.5	1.90424
37.6	1.90131
37.7	1.89839
37.8	1.89548
37.9	1.89257
38	1.88967
38.1	1.88678
38.2	1.8839
38.3	1.88102
38.4	1.87814
38.5	1.87526
38.6	1.87239
38.7	1.86951
38.8	1.86664
38.9	1.86378
39	1.86092
39.1	1.85806
39.2	1.8552
39.3	1.85234
39.4	1.84949
39.5	1.84664
39.6	1.84379
39.7	1.84094
39.8	1.8381
39.9	1.83527
40	1.83243
40.1	1.8296
40.2	1.82676
40.3	1.82392
40.4	1.82109
40.5	1.81826
40.6	1.81543
40.7	1.81261
40.8	1.80979
40.9	1.80698
41	1.80417
41.1	1.80138
41.2	1.79858
41.3	1.79579
41.4	1.79301
41.5	1.79023
41.6	1.78746
41.7	1.78469
41.8	1.78193
41.9	1.77918
42	1.77643
42.1	1.77368
42.2	1.77095
42.3	1.76821
42.4	1.76548
42.5	1.76276
42.6	1.76004
42.7	1.75733
42.8	1.75462
42.9	1.75192
43	1.74922
43.1	1.74653
43.2	1.74384
43.3	1.74116
43.4	1.73847
43.5	1.73579
43.6	1.73311
43.7	1.73043
43.8	1.72776
43.9	1.72508
44	1.7224
44.1	1.71972
44.2	1.71706
44.3	1.71439
44.4	1.71174
44.5	1.70909
44.6	1.70644
44.7	1.7038
44.8	1.70117
44.9	1.69854
45	1.69591
45.1	1.69329
45.2	1.69068
45.3	1.68807
45.4	1.68546
45.5	1.68285
45.6	1.68024
45.7	1.67764
45.8	1.67504
45.9	1.67244
46	1.66985
46.1	1.66726
46.2	1.66467
46.3	1.66209
46.4	1.6595
46.5	1.65692
46.6	1.65434
46.7	1.65177
46.8	1.64921
46.9	1.64664
47	1.64408
47.1	1.64153
47.2	1.63898
47.3	1.63643
47.4	1.63389
47.5	1.63135
47.6	1.62881
47.7	1.62628
47.8	1.62374
47.9	1.62121
48	1.61868
48.1	1.61616
48.2	1.61363
48.3	1.6111
48.4	1.60858
48.5	1.60607
48.6	1.60356
48.7	1.60105
48.8	1.59855
48.9	1.59605
49	1.59355
49.1	1.59107
49.2	1.58859
49.3	1.58612
49.4	1.58365
49.5	1.58118
49.6	1.57872
49.7	1.57626
49.8	1.57381
49.9	1.57136
50	1.56891
50.1	1.56647
50.2	1.56404
50.3	1.5616
50.4	1.55917
50.5	1.55675
50.6	1.55433
50.7	1.55191
50.8	1.5495
50.9	1.5471
51	1.5447
51.1	1.54231
51.2	1.53993
51.3	1.53755
51.4	1.53519
51.5	1.53282
51.6	1.53046
51.7	1.52809
51.8	1.52574
51.9	1.52339
52	1.52105
52.1	1.51871
52.2	1.51638
52.3	1.51406
52.4	1.51174
52.5	1.50943
52.6	1.50712
52.7	1.50482
52.8	1.50252
52.9	1.50022
53	1.49792
53.1	1.49562
53.2	1.49332
53.3	1.49102
53.4	1.48873
53.5	1.48643
53.6	1.48414
53.7	1.48186
53.8	1.47957
53.9	1.47729
54	1.47502
54.1	1.47276
54.2	1.4705
54.3	1.46825
54.4	1.466
54.5	1.46375
54.6	1.46151
54.7	1.45928
54.8	1.45706
54.9	1.45484
55	1.45263
55.1	1.45041
55.2	1.4482
55.3	1.44599
55.4	1.44377
55.5	1.44157
55.6	1.43936
55.7	1.43716
55.8	1.43495
55.9	1.43275
56	1.43055
56.1	1.42836
56.2	1.42617
56.3	1.42399
56.4	1.42182
56.5	1.41965
56.6	1.41749
56.7	1.41533
56.8	1.41318
56.9	1.41102
57	1.40887
57.1	1.40672
57.2	1.40458
57.3	1.40243
57.4	1.40029
57.5	1.39815
57.6	1.39602
57.7	1.39389
57.8	1.39175
57.9	1.38962
58	1.38749
58.1	1.38536
58.2	1.38323
58.3	1.38111
58.4	1.379
58.5	1.37689
58.6	1.37479
58.7	1.37269
58.8	1.3706
58.9	1.36851
59	1.36642
59.1	1.36434
59.2	1.36227
59.3	1.36021
59.4	1.35816
59.5	1.35611
59.6	1.35407
59.7	1.35202
59.8	1.34999
59.9	1.34795
60	1.34593
60.1	1.34391
60.2	1.34191
60.3	1.33991
60.4	1.33792
60.5	1.33593
60.6	1.33394
60.7	1.33196
60.8	1.32997
60.9	1.328
61	1.32602
61.1	1.32405
61.2	1.32208
61.3	1.32011
61.4	1.31814
61.5	1.31616
61.6	1.31419
61.7	1.31223
61.8	1.31027
61.9	1.30832
62	1.30637
62.1	1.30443
62.2	1.30248
62.3	1.30054
62.4	1.29861
62.5	1.29668
62.6	1.29475
62.7	1.29281
62.8	1.29089
62.9	1.28896
63	1.28704
63.1	1.28511
63.2	1.28319
63.3	1.28127
63.4	1.27935
63.5	1.27743
63.6	1.27551
63.7	1.27359
63.8	1.27168
63.9	1.26976
64	1.26785
64.1	1.26594
64.2	1.26404
64.3	1.26215
64.4	1.26025
64.5	1.25835
64.6	1.25645
64.7	1.25454
64.8	1.25264
64.9	1.25074
65	1.24884
65.1	1.24694
65.2	1.24505
65.3	1.24315
65.4	1.24126
65.5	1.23938
65.6	1.2375
65.7	1.23563
65.8	1.23375
65.9	1.23187
66	1.22999
66.1	1.22812
66.2	1.22625
66.3	1.22438
66.4	1.22253
66.5	1.22068
66.6	1.21884
66.7	1.217
66.8	1.21516
66.9	1.21334
67	1.21151
67.1	1.20968
67.2	1.20786
67.3	1.20605
67.4	1.20424
67.5	1.20244
67.6	1.20063
67.7	1.19883
67.8	1.19704
67.9	1.19524
68	1.19345
68.1	1.19165
68.2	1.18987
68.3	1.18808
68.4	1.1863
68.5	1.18453
68.6	1.18276
68.7	1.18099
68.8	1.17922
68.9	1.17746
69	1.17569
69.1	1.17392
69.2	1.17215
69.3	1.17037
69.4	1.1686
69.5	1.16684
69.6	1.16508
69.7	1.16332
69.8	1.16157
69.9	1.15983
70	1.15809
70.1	1.15636
70.2	1.15463
70.3	1.15291
70.4	1.15118
70.5	1.14947
70.6	1.14775
70.7	1.14603
70.8	1.14432
70.9	1.1426
71	1.14089
71.1	1.13918
71.2	1.13747
71.3	1.13576
71.4	1.13405
71.5	1.13234
71.6	1.13063
71.7	1.12892
71.8	1.12721
71.9	1.1255
72	1.1238
72.1	1.1221
72.2	1.1204
72.3	1.1187
72.4	1.117
72.5	1.11531
72.6	1.11362
72.7	1.11194
72.8	1.11025
72.9	1.10858
73	1.10691
73.1	1.10524
73.2	1.10358
73.3	1.10193
73.4	1.10028
73.5	1.09864
73.6	1.09699
73.7	1.09535
73.8	1.09371
73.9	1.09207
74	1.09044
74.1	1.08881
74.2	1.08717
74.3	1.08554
74.4	1.0839
74.5	1.08228
74.6	1.08065
74.7	1.07903
74.8	1.07742
74.9	1.07581
75	1.07419
75.1	1.07258
75.2	1.07097
75.3	1.06936
75.4	1.06776
75.5	1.06617
75.6	1.06458
75.7	1.063
75.8	1.06142
75.9	1.05985
76	1.05828
76.1	1.05671
76.2	1.05516
76.3	1.05361
76.4	1.05206
76.5	1.05051
76.6	1.04897
76.7	1.04742
76.8	1.04587
76.9	1.04432
77	1.04276
77.1	1.04121
77.2	1.03967
77.3	1.03813
77.4	1.03659
77.5	1.03504
77.6	1.0335
77.7	1.03197
77.8	1.03043
77.9	1.0289
78	1.02738
78.1	1.02586
78.2	1.02434
78.3	1.02283
78.4	1.02131
78.5	1.0198
78.6	1.01829
78.7	1.01679
78.8	1.01529
78.9	1.0138
79	1.0123
79.1	1.0108
79.2	1.0093
79.3	1.00781
79.4	1.00631
79.5	1.00482
79.6	1.00333
79.7	1.00184
79.8	1.00036
79.9	0.99888
80	0.997401
80.1	0.995922
80.2	0.994443
80.3	0.992967
80.4	0.991493
80.5	0.990023
80.6	0.988551
80.7	0.987077
80.8	0.985601
80.9	0.984121
81	0.982645
81.1	0.981168
81.2	0.979692
81.3	0.978222
81.4	0.976755
81.5	0.975286
81.6	0.973816
81.7	0.972344
81.8	0.970866
81.9	0.96939
82	0.967915
82.1	0.966443
82.2	0.964977
82.3	0.963517
82.4	0.962064
82.5	0.960612
82.6	0.959162
82.7	0.957717
82.8	0.956273
82.9	0.954833
83	0.953395
83.1	0.951963
83.2	0.950536
83.3	0.949107
83.4	0.947677
83.5	0.946246
83.6	0.944816
83.7	0.943385
83.8	0.941955
83.9	0.940529
84	0.939111
84.1	0.9377
84.2	0.936293
84.3	0.934889
84.4	0.933485
84.5	0.932076
84.6	0.930664
84.7	0.92925
84.8	0.92784
84.9	0.926433
85	0.925032
85.1	0.923634
85.2	0.922242
85.3	0.920856
85.4	0.919471
85.5	0.918091
85.6	0.916712
85.7	0.915334
85.8	0.913959
85.9	0.91259
86	0.911225
86.1	0.909867
86.2	0.908511
86.3	0.907156
86.4	0.905807
86.5	0.904462
86.6	0.903122
86.7	0.901781
86.8	0.900444
86.9	0.899103
87	0.897763
87.1	0.896424
87.2	0.895091
87.3	0.893762
87.4	0.892437
87.5	0.891114
87.6	0.889791
87.7	0.888465
87.8	0.887133
87.9	0.885802
88	0.884476
88.1	0.883152
88.2	0.881832
88.3	0.880511
88.4	0.879189
88.5	0.877874
88.6	0.876562
88.7	0.875252
88.8	0.873945
88.9	0.872639
89	0.871335
89.1	0.870032
89.2	0.868736
89.3	0.867448
89.4	0.866166
89.5	0.864885
89.6	0.863602
89.7	0.862319
89.8	0.861045
89.9	0.859776
90	0.858513
90.1	0.857247
90.2	0.855981
90.3	0.854716
90.4	0.853451
90.5	0.852187
90.6	0.850919
90.7	0.849645
90.8	0.848367
90.9	0.847085
91	0.845797
91.1	0.844505
91.2	0.84321
91.3	0.841916
91.4	0.840627
91.5	0.83934
91.6	0.838052
91.7	0.836763
91.8	0.835477
91.9	0.834191
92	0.832908
92.1	0.831622
92.2	0.830335
92.3	0.829048
92.4	0.827757
92.5	0.826464
92.6	0.82517
92.7	0.82388
92.8	0.82259
92.9	0.821299
93	0.820007
93.1	0.818713
93.2	0.817415
93.3	0.816113
93.4	0.814815
93.5	0.813521
93.6	0.81223
93.7	0.810943
93.8	0.809661
93.9	0.808389
94	0.807127
94.1	0.805873
94.2	0.80463
94.3	0.803396
94.4	0.802165
94.5	0.800934
94.6	0.799704
94.7	0.798478
94.8	0.797259
94.9	0.796043
95	0.794827
95.1	0.793614
95.2	0.792401
95.3	0.791191
95.4	0.789982
95.5	0.788774
95.6	0.78757
95.7	0.786367
95.8	0.785162
95.9	0.783951
96	0.782736
96.1	0.781524
96.2	0.780313
96.3	0.779104
96.4	0.777895
96.5	0.776687
96.6	0.775481
96.7	0.774282
96.8	0.773089
96.9	0.771897
97	0.770704
97.1	0.769514
97.2	0.768331
97.3	0.767153
97.4	0.765979
97.5	0.764809
97.6	0.763644
97.7	0.762478
97.8	0.761305
97.9	0.760129
98	0.758958
98.1	0.757787
98.2	0.756615
98.3	0.755447
98.4	0.754278
98.5	0.753107
98.6	0.751933
98.7	0.750757
98.8	0.749583
98.9	0.748406
99	0.747234
99.1	0.746065
99.2	0.744904
99.3	0.743748
99.4	0.742594
99.5	0.741442
99.6	0.740296
99.7	0.739154
99.8	0.738017
99.9	0.736888
100	0.735758
100.1	0.734627
100.2	0.733497
100.3	0.73237
100.4	0.731252
100.5	0.730135
100.6	0.729011
100.7	0.727877
100.8	0.726739
100.9	0.725597
101	0.724458
101.1	0.723319
101.2	0.722181
101.3	0.721046
101.4	0.719917
101.5	0.718797
101.6	0.717684
101.7	0.71658
101.8	0.715477
101.9	0.714376
102	0.713275
102.1	0.712179
102.2	0.711083
102.3	0.709995
102.4	0.70891
102.5	0.707833
102.6	0.706756
102.7	0.705681
102.8	0.704606
102.9	0.703524
103	0.702439
103.1	0.701353
103.2	0.700268
103.3	0.699186
103.4	0.698103
103.5	0.697019
103.6	0.695932
103.7	0.694844
103.8	0.693753
103.9	0.692668
104	0.69159
104.1	0.690514
104.2	0.689436
104.3	0.688358
104.4	0.687283
104.5	0.686213
104.6	0.685145
104.7	0.684076
104.8	0.683006
104.9	0.681938
105	0.68087
105.1	0.679799
105.2	0.678728
105.3	0.677656
105.4	0.676589
105.5	0.675521
105.6	0.674457
105.7	0.673395
105.8	0.672337
105.9	0.671281
106	0.670223
106.1	0.669165
106.2	0.668114
106.3	0.667068
106.4	0.666031
106.5	0.664997
106.6	0.663971
106.7	0.662947
106.8	0.661924
106.9	0.660901
107	0.65988
107.1	0.658861
107.2	0.657843
107.3	0.656826
107.4	0.655811
107.5	0.654801
107.6	0.653799
107.7	0.652803
107.8	0.651811
107.9	0.650823
108	0.64984
108.1	0.648855
108.2	0.647864
108.3	0.646873
108.4	0.645884
108.5	0.644898
108.6	0.64392
108.7	0.642942
108.8	0.641959
108.9	0.640974
109	0.639992
109.1	0.639012
109.2	0.638034
109.3	0.637058
109.4	0.636083
109.5	0.635108
109.6	0.634131
109.7	0.633153
109.8	0.632176
109.9	0.6312
110	0.630221
110.1	0.629247
110.2	0.628276
110.3	0.627303
110.4	0.626326
110.5	0.62535
110.6	0.624374
110.7	0.623399
110.8	0.62243
110.9	0.621465
111	0.620507
111.1	0.619549
111.2	0.618587
111.3	0.617629
111.4	0.616676
111.5	0.615727
111.6	0.614781
111.7	0.613832
111.8	0.612882
111.9	0.611933
112	0.61098
112.1	0.610026
112.2	0.609068
112.3	0.608109
112.4	0.607153
112.5	0.606198
112.6	0.605245
112.7	0.604287
112.8	0.603323
112.9	0.602359
113	0.601393
113.1	0.600426
113.2	0.599459
113.3	0.598494
113.4	0.597528
113.5	0.596558
113.6	0.59559
113.7	0.594625
113.8	0.593662
113.9	0.592701
114	0.591746
114.1	0.590794
114.2	0.589842
114.3	0.588894
114.4	0.587946
114.5	0.587002
114.6	0.586062
114.7	0.585122
114.8	0.58418
114.9	0.583237
115	0.582295
115.1	0.581356
115.2	0.580418
115.3	0.579485
115.4	0.578549
115.5	0.577608
115.6	0.576672
115.7	0.575741
115.8	0.574813
115.9	0.573883
116	0.572957
116.1	0.572034
116.2	0.571114
116.3	0.5702
116.4	0.569286
116.5	0.568378
116.6	0.567473
116.7	0.56657
116.8	0.565666
116.9	0.564761
117	0.563855
117.1	0.562948
117.2	0.562042
117.3	0.561138
117.4	0.560236
117.5	0.559336
117.6	0.558438
117.7	0.55754
117.8	0.556638
117.9	0.555739
118	0.554841
118.1	0.553945
118.2	0.553051
118.3	0.552163
118.4	0.551284
118.5	0.550413
118.6	0.549549
118.7	0.548692
118.8	0.547834
118.9	0.546975
119	0.54612
119.1	0.54527
119.2	0.544418
119.3	0.543568
119.4	0.542719
119.5	0.541871
119.6	0.54102
119.7	0.540166
119.8	0.539312
119.9	0.538463
120	0.537613
120.1	0.536766
120.2	0.535922
120.3	0.535077
120.4	0.534233
120.5	0.533388
120.6	0.532547
120.7	0.531711
120.8	0.530877
120.9	0.530049
121	0.529229
121.1	0.52841
121.2	0.527596
121.3	0.526786
121.4	0.525979
121.5	0.525169
121.6	0.524359
121.7	0.523551
121.8	0.522743
121.9	0.521938
122	0.521137
122.1	0.520346
122.2	0.519563
122.3	0.518781
122.4	0.518003
122.5	0.517224
122.6	0.516443
122.7	0.515656
122.8	0.514868
122.9	0.514073
123	0.513277
123.1	0.51248
123.2	0.511681
123.3	0.51088
123.4	0.510081
123.5	0.509287
123.6	0.508497
123.7	0.507708
123.8	0.506923
123.9	0.50614
124	0.505359
124.1	0.504582
124.2	0.503811
124.3	0.503045
124.4	0.502282
124.5	0.50152
124.6	0.500758
124.7	0.49999
124.8	0.499223
124.9	0.498457
125	0.49769
125.1	0.496919
125.2	0.49615
125.3	0.495376
125.4	0.494602
125.5	0.493833
125.6	0.493069
125.7	0.492309
125.8	0.491556
125.9	0.490806
126	0.490061
126.1	0.489313
126.2	0.488565
126.3	0.48782
126.4	0.48707
126.5	0.486319
126.6	0.485565
126.7	0.484814
126.8	0.484066
126.9	0.483323
127	0.48258
127.1	0.481834
127.2	0.481091
127.3	0.480348
127.4	0.479611
127.5	0.478877
127.6	0.478144
127.7	0.477412
127.8	0.47668
127.9	0.475952
128	0.475221
128.1	0.474489
128.2	0.473756
128.3	0.473027
128.4	0.472306
128.5	0.471583
128.6	0.470858
128.7	0.470134
128.8	0.469412
128.9	0.468695
129	0.467986
129.1	0.467281
129.2	0.466574
129.3	0.465867
129.4	0.465155
129.5	0.464441
129.6	0.463723
129.7	0.463
129.8	0.462282
129.9	0.461569
130	0.460859
130.1	0.460155
130.2	0.459456
130.3	0.45876
130.4	0.458068
130.5	0.45738
130.6	0.456695
130.7	0.456016
130.8	0.455339
130.9	0.454663
131	0.453989
131.1	0.453316
131.2	0.452645
131.3	0.451972
131.4	0.451301
131.5	0.450631
131.6	0.449961
131.7	0.449295
131.8	0.448631
131.9	0.447974
132	0.447325
132.1	0.446679
132.2	0.446037
132.3	0.445397
132.4	0.444759
132.5	0.444126
132.6	0.443498
132.7	0.442874
132.8	0.442252
132.9	0.441632
133	0.441013
133.1	0.440392
133.2	0.439769
133.3	0.439142
133.4	0.438513
133.5	0.437882
133.6	0.43725
133.7	0.43662
133.8	0.435991
133.9	0.435366
134	0.434743
134.1	0.434118
134.2	0.433495
134.3	0.432875
134.4	0.432262
134.5	0.431656
134.6	0.43106
134.7	0.430466
134.8	0.429874
134.9	0.429285
135	0.4287
135.1	0.428113
135.2	0.427524
135.3	0.426937
135.4	0.426345
135.5	0.425746
135.6	0.425144
135.7	0.424541
135.8	0.423939
135.9	0.423338
136	0.422741
136.1	0.42215
136.2	0.421566
136.3	0.420986
136.4	0.420407
136.5	0.419829
136.6	0.41925
136.7	0.41867
136.8	0.418085
136.9	0.417498
137	0.416913
137.1	0.416329
137.2	0.415746
137.3	0.415158
137.4	0.414569
137.5	0.413977
137.6	0.413383
137.7	0.412792
137.8	0.412195
137.9	0.411595
138	0.410996
138.1	0.410403
138.2	0.409823
138.3	0.409247
138.4	0.408674
138.5	0.408101
138.6	0.407528
138.7	0.406955
138.8	0.406382
138.9	0.405811
139	0.405243
139.1	0.404678
139.2	0.404112
139.3	0.403546
139.4	0.402981
139.5	0.402417
139.6	0.401859
139.7	0.401305
139.8	0.40075
139.9	0.400198
140	0.399648
140.1	0.399102
140.2	0.398562
140.3	0.398025
140.4	0.39749
140.5	0.39696
140.6	0.396436
140.7	0.395917
140.8	0.395401
140.9	0.394885
141	0.394367
141.1	0.393847
141.2	0.393329
141.3	0.392809
141.4	0.392291
141.5	0.391771
141.6	0.391255
141.7	0.390738
141.8	0.39022
141.9	0.389702
142	0.389185
142.1	0.388674
142.2	0.388167
142.3	0.38766
142.4	0.387152
142.5	0.386645
142.6	0.38614
142.7	0.385634
142.8	0.385128
142.9	0.38462
143	0.384108
143.1	0.383591
143.2	0.383072
143.3	0.382548
143.4	0.382017
143.5	0.381486
143.6	0.38096
143.7	0.380434
143.8	0.379899
143.9	0.379366
144	0.378828
144.1	0.378288
144.2	0.377742
144.3	0.377195
144.4	0.376648
144.5	0.376101
144.6	0.375553
144.7	0.375008
144.8	0.374463
144.9	0.373916
145	0.373371
145.1	0.372831
145.2	0.372296
145.3	0.371762
145.4	0.371225
145.5	0.37069
145.6	0.370156
145.7	0.369624
145.8	0.36909
145.9	0.368559
146	0.368028
146.1	0.367493
146.2	0.366954
146.3	0.366415
146.4	0.365872
146.5	0.365329
146.6	0.364789
146.7	0.364254
146.8	0.363727
146.9	0.363205
147	0.362681
147.1	0.362156
147.2	0.361632
147.3	0.361109
147.4	0.360585
147.5	0.360063
147.6	0.359544
147.7	0.359028
147.8	0.358507
147.9	0.357981
148	0.357458
148.1	0.35694
148.2	0.356423
148.3	0.355905
148.4	0.355387
148.5	0.354869
148.6	0.354352
148.7	0.353841
148.8	0.353334
148.9	0.352829
149	0.352325
149.1	0.35182
149.2	0.351315
149.3	0.350812
149.4	0.350311
149.5	0.349813
149.6	0.349315
149.7	0.348812
149.8	0.348305
149.9	0.347791
150	0.347278
150.1	0.346765
150.2	0.346255
150.3	0.345747
150.4	0.345242
150.5	0.344734
150.6	0.344227
150.7	0.343724
150.8	0.343221
150.9	0.342714
151	0.342202
151.1	0.341689
151.2	0.341174
151.3	0.340661
151.4	0.340151
151.5	0.339641
151.6	0.339131
151.7	0.338621
151.8	0.338115
151.9	0.337611
152	0.337106
152.1	0.336599
152.2	0.336092
152.3	0.33558
152.4	0.335067
152.5	0.334553
152.6	0.334039
152.7	0.333522
152.8	0.333004
152.9	0.332486
153	0.331967
153.1	0.331446
153.2	0.330916
153.3	0.330374
153.4	0.329832
153.5	0.329289
153.6	0.32875
153.7	0.328217
153.8	0.327687
153.9	0.32716
154	0.32663
154.1	0.3261
154.2	0.325575
154.3	0.325055
154.4	0.32454
154.5	0.324022
154.6	0.323504
154.7	0.322987
154.8	0.322468
154.9	0.321948
155	0.321434
155.1	0.320919
155.2	0.320408
155.3	0.319895
155.4	0.319385
155.5	0.318874
155.6	0.318364
155.7	0.317855
155.8	0.317345
155.9	0.316837
156	0.316336
156.1	0.315841
156.2	0.315354
156.3	0.314873
156.4	0.314392
156.5	0.313916
156.6	0.313443
156.7	0.31297
156.8	0.312497
156.9	0.312025
157	0.311554
157.1	0.311077
157.2	0.3106
157.3	0.310125
157.4	0.309646
157.5	0.30917
157.6	0.308693
157.7	0.308213
157.8	0.307731
157.9	0.307249
158	0.306769
158.1	0.306289
158.2	0.305811
158.3	0.305332
158.4	0.304854
158.5	0.304376
158.6	0.303903
158.7	0.303435
158.8	0.302971
158.9	0.302507
159	0.302045
159.1	0.301583
159.2	0.301124
159.3	0.300668
159.4	0.300211
159.5	0.299753
159.6	0.299292
159.7	0.29883
159.8	0.298367
159.9	0.297906
160	0.297451
160.1	0.297
160.2	0.296555
160.3	0.296113
160.4	0.295672
160.5	0.295238
160.6	0.294802
160.7	0.294366
160.8	0.29393
160.9	0.293494
161	0.293059
161.1	0.292631
161.2	0.29221
161.3	0.291791
161.4	0.291372
161.5	0.290954
161.6	0.29054
161.7	0.290124
161.8	0.289701
161.9	0.289279
162	0.28886
162.1	0.288444
162.2	0.288028
162.3	0.287613
162.4	0.287202
162.5	0.286793
162.6	0.286389
162.7	0.285986
162.8	0.285585
162.9	0.285189
163	0.284795
163.1	0.284399
163.2	0.283998
163.3	0.2836
163.4	0.283204
163.5	0.282811
163.6	0.282418
163.7	0.282022
163.8	0.281627
163.9	0.281228
164	0.280831
164.1	0.280431
164.2	0.280029
164.3	0.279629
164.4	0.279227
164.5	0.278822
164.6	0.278414
164.7	0.278004
164.8	0.27759
164.9	0.277178
165	0.276764
165.1	0.276346
165.2	0.275924
165.3	0.275498
165.4	0.275068
165.5	0.274632
165.6	0.274195
165.7	0.273753
165.8	0.27331
165.9	0.272868
166	0.27243
166.1	0.271994
166.2	0.271561
166.3	0.271134
166.4	0.27071
166.5	0.270285
166.6	0.26986
166.7	0.269437
166.8	0.269017
166.9	0.268601
167	0.26819
167.1	0.267789
167.2	0.267392
167.3	0.267
167.4	0.266609
167.5	0.266222
167.6	0.265835
167.7	0.265448
167.8	0.265057
167.9	0.264663
168	0.264269
168.1	0.263878
168.2	0.263489
168.3	0.263097
168.4	0.262704
168.5	0.26231
168.6	0.261916
168.7	0.261523
168.8	0.261131
168.9	0.260737
169	0.260344
169.1	0.259953
169.2	0.259563
169.3	0.259177
169.4	0.258793
169.5	0.258411
169.6	0.25803
169.7	0.257647
169.8	0.257259
169.9	0.256876
170	0.256498
170.1	0.256123
170.2	0.255749
170.3	0.255378
170.4	0.255008
170.5	0.25464
170.6	0.25427
170.7	0.253901
170.8	0.253526
170.9	0.253146
171	0.252765
171.1	0.252382
171.2	0.251997
171.3	0.251609
171.4	0.25122
171.5	0.250833
171.6	0.250441
171.7	0.25005
171.8	0.249658
171.9	0.249262
172	0.248862
172.1	0.24846
172.2	0.248046
172.3	0.247625
172.4	0.247205
172.5	0.246787
172.6	0.246372
172.7	0.245964
172.8	0.245556
172.9	0.24515
173	0.244748
173.1	0.244347
173.2	0.243942
173.3	0.243537
173.4	0.24313
173.5	0.242721
173.6	0.242309
173.7	0.2419
173.8	0.241493
173.9	0.241086
174	0.240682
174.1	0.240276
174.2	0.239867
174.3	0.239454
174.4	0.239033
174.5	0.238613
174.6	0.238195
174.7	0.237776
174.8	0.237358
174.9	0.236941
175	0.236526
175.1	0.236113
175.2	0.2357
175.3	0.235291
175.4	0.234885
175.5	0.234475
175.6	0.234062
175.7	0.23365
175.8	0.233237
175.9	0.232825
176	0.232408
176.1	0.231985
176.2	0.231561
176.3	0.231137
176.4	0.230705
176.5	0.230271
176.6	0.229834
176.7	0.229402
176.8	0.228974
176.9	0.228551
177	0.228131
177.1	0.227713
177.2	0.227296
177.3	0.22688
177.4	0.226465
177.5	0.226052
177.6	0.225638
177.7	0.225221
177.8	0.224803
177.9	0.224382
178	0.223961
178.1	0.223546
178.2	0.223137
178.3	0.222732
178.4	0.222327
178.5	0.221924
178.6	0.221523
178.7	0.221122
178.8	0.22072
178.9	0.220316
179	0.219912
179.1	0.219507
179.2	0.219098
179.3	0.218691
179.4	0.218284
179.5	0.217875
179.6	0.217464
179.7	0.217049
179.8	0.216633
179.9	0.216217
180	0.215804
180.1	0.21539
180.2	0.214977
180.3	0.214564
180.4	0.214152
180.5	0.213738
180.6	0.213324
180.7	0.212909
180.8	0.212498
180.9	0.212088
181	0.211683
181.1	0.211276
181.2	0.210868
181.3	0.210468
181.4	0.210072
181.5	0.20968
181.6	0.209289
181.7	0.2089
181.8	0.208514
181.9	0.208123
182	0.207733
182.1	0.207344
182.2	0.206955
182.3	0.206565
182.4	0.206174
182.5	0.20578
182.6	0.205389
182.7	0.205
182.8	0.204616
182.9	0.20423
183	0.203843
183.1	0.203455
183.2	0.203064
183.3	0.202673
183.4	0.202285
183.5	0.201899
183.6	0.201516
183.7	0.201135
183.8	0.200754
183.9	0.200374
184	0.199993
184.1	0.199611
184.2	0.199228
184.3	0.198845
184.4	0.198462
184.5	0.198079
184.6	0.197699
184.7	0.197317
184.8	0.196932
184.9	0.196542
185	0.196145
185.1	0.195745
185.2	0.195339
185.3	0.194932
185.4	0.194525
185.5	0.19412
185.6	0.193718
185.7	0.193315
185.8	0.192912
185.9	0.192512
186	0.192112
186.1	0.191714
186.2	0.191317
186.3	0.190924
186.4	0.190534
186.5	0.190152
186.6	0.189773
186.7	0.189399
186.8	0.189022
186.9	0.188645
187	0.188265
187.1	0.187883
187.2	0.187497
187.3	0.187109
187.4	0.186716
187.5	0.186325
187.6	0.185941
187.7	0.185561
187.8	0.185182
187.9	0.184805
188	0.184426
188.1	0.184043
188.2	0.183659
188.3	0.183273
188.4	0.182882
188.5	0.182487
188.6	0.182085
188.7	0.181682
188.8	0.181278
188.9	0.180877
189	0.180477
189.1	0.180077
189.2	0.179679
189.3	0.179281
189.4	0.178882
189.5	0.178484
189.6	0.178088
189.7	0.177685
189.8	0.177277
189.9	0.176871
190	0.17646
190.1	0.176044
190.2	0.175625
190.3	0.175206
190.4	0.17479
190.5	0.174378
190.6	0.173968
190.7	0.173563
190.8	0.173166
190.9	0.172774
191	0.172387
191.1	0.172002
191.2	0.171621
191.3	0.171242
191.4	0.170866
191.5	0.170492
191.6	0.170124
191.7	0.169758
191.8	0.169396
191.9	0.16904
192	0.168687
192.1	0.168336
192.2	0.16799
192.3	0.167652
192.4	0.16732
192.5	0.166987
192.6	0.166655
192.7	0.166318
192.8	0.165979
192.9	0.165644
193	0.165313
193.1	0.164985
193.2	0.164658
193.3	0.16433
193.4	0.163999
193.5	0.163671
193.6	0.163342
193.7	0.163015
193.8	0.162691
193.9	0.162373
194	0.162058
194.1	0.161736
194.2	0.161415
194.3	0.161093
194.4	0.160773
194.5	0.160451
194.6	0.160131
194.7	0.15981
194.8	0.159492
194.9	0.159178
195	0.158865
195.1	0.158553
195.2	0.158243
195.3	0.157934
195.4	0.157625
195.5	0.157318
195.6	0.157009
195.7	0.1567
195.8	0.15639
195.9	0.156082
196	0.155775
196.1	0.155469
196.2	0.155166
196.3	0.154862
196.4	0.154552
196.5	0.154235
196.6	0.153911
196.7	0.153582
196.8	0.153255
196.9	0.152926
197	0.152596
197.1	0.152265
197.2	0.151935
197.3	0.151603
197.4	0.151274
197.5	0.150942
197.6	0.150605
197.7	0.150268
197.8	0.149931
197.9	0.149595
198	0.14926
198.1	0.148929
198.2	0.148598
198.3	0.148263
198.4	0.147929
198.5	0.147592
198.6	0.14726
198.7	0.146928
198.8	0.146597
198.9	0.146266
199	0.145939
199.1	0.14562
199.2	0.145301
199.3	0.144984
199.4	0.144669
199.5	0.144352
199.6	0.144031
199.7	0.143706
199.8	0.14338
199.9	0.143049
200	0.142714
200.1	0.142375
200.2	0.142035
200.3	0.141697
200.4	0.141356
200.5	0.141014
200.6	0.140673
200.7	0.140333
200.8	0.139998
200.9	0.139669
201	0.139338
201.1	0.139006
201.2	0.138677
201.3	0.13835
201.4	0.138021
201.5	0.13769
201.6	0.137362
201.7	0.137037
201.8	0.136714
201.9	0.136397
202	0.136083
202.1	0.135767
202.2	0.135451
202.3	0.135139
202.4	0.134831
202.5	0.134527
202.6	0.134229
202.7	0.133937
202.8	0.133645
202.9	0.133359
203	0.133077
203.1	0.132795
203.2	0.132516
203.3	0.132239
203.4	0.131963
203.5	0.131688
203.6	0.131416
203.7	0.131146
203.8	0.130871
203.9	0.130596
204	0.130318
204.1	0.130042
204.2	0.129762
204.3	0.129479
204.4	0.129195
204.5	0.128912
204.6	0.128631
204.7	0.128352
204.8	0.128067
204.9	0.127781
205	0.127497
205.1	0.127219
205.2	0.126945
205.3	0.126672
205.4	0.126401
205.5	0.126129
205.6	0.125853
205.7	0.125577
205.8	0.125301
205.9	0.125024
206	0.124747
206.1	0.124473
206.2	0.124204
206.3	0.123936
206.4	0.12367
206.5	0.123411
206.6	0.123147
206.7	0.122883
206.8	0.122616
206.9	0.12235
207	0.122086
207.1	0.121819
207.2	0.121551
207.3	0.121285
207.4	0.12102
207.5	0.12075
207.6	0.120481
207.7	0.120213
207.8	0.119944
207.9	0.119674
208	0.1194
208.1	0.119122
208.2	0.118847
208.3	0.118572
208.4	0.1183
208.5	0.118028
208.6	0.117757
208.7	0.117493
208.8	0.117235
208.9	0.116978
209	0.116722
209.1	0.116464
209.2	0.116203
209.3	0.11594
209.4	0.115677
209.5	0.115419
209.6	0.115163
209.7	0.11491
209.8	0.114659
209.9	0.114411
210	0.114165
210.1	0.113919
210.2	0.11367
210.3	0.113419
210.4	0.113161
210.5	0.112902
210.6	0.112646
210.7	0.11239
210.8	0.112136
210.9	0.111886
211	0.111632
211.1	0.11138
211.2	0.111135
211.3	0.110892
211.4	0.110653
211.5	0.110414
211.6	0.110175
211.7	0.109935
211.8	0.109702
211.9	0.109474
212	0.109252
212.1	0.109035
212.2	0.108819
212.3	0.108605
212.4	0.108394
212.5	0.108185
212.6	0.10798
212.7	0.107777
212.8	0.107573
212.9	0.107368
213	0.107162
213.1	0.10696
213.2	0.10676
213.3	0.106556
213.4	0.106346
213.5	0.10613
213.6	0.105914
213.7	0.105703
213.8	0.105491
213.9	0.105276
214	0.105058
214.1	0.104841
214.2	0.104621
214.3	0.104398
214.4	0.104172
214.5	0.103948
214.6	0.103726
214.7	0.103507
214.8	0.103292
214.9	0.103082
215	0.102874
215.1	0.102663
215.2	0.102449
215.3	0.102235
215.4	0.102021
215.5	0.101808
215.6	0.101595
215.7	0.101381
215.8	0.101162
215.9	0.100942
216	0.100729
216.1	0.100518
216.2	0.100311
216.3	0.100105
216.4	0.0999034
216.5	0.0997043
216.6	0.0995062
216.7	0.0993132
216.8	0.099126
216.9	0.0989429
217	0.0987579
217.1	0.0985712
217.2	0.0983873
217.3	0.0982101
217.4	0.0980353
217.5	0.0978592
217.6	0.0976819
217.7	0.0975005
217.8	0.097314
217.9	0.0971247
218	0.0969321
218.1	0.0967397
218.2	0.0965504
218.3	0.0963661
218.4	0.0961864
218.5	0.0960051
218.6	0.0958269
218.7	0.0956484
218.8	0.0954707
218.9	0.0952961
219	0.0951218
219.1	0.0949458
219.2	0.0947702
219.3	0.0945973
219.4	0.0944248
219.5	0.0942508
219.6	0.0940782
219.7	0.0939041
219.8	0.0937256
219.9	0.0935421
220	0.0933541
220.1	0.0931642
220.2	0.0929751
220.3	0.0927866
220.4	0.0926042
220.5	0.0924195
220.6	0.0922373
220.7	0.092058
220.8	0.0918843
220.9	0.0917167
221	0.091551
221.1	0.0913853
221.2	0.0912258
221.3	0.0910722
221.4	0.0909199
221.5	0.0907681
221.6	0.0906156
221.7	0.0904658
221.8	0.0903234
221.9	0.0901857
222	0.0900535
222.1	0.0899204
222.2	0.0897874
222.3	0.089659
222.4	0.0895354
222.5	0.089422
222.6	0.0893123
222.7	0.0891995
222.8	0.0890866
222.9	0.0889744
223	0.08886
223.1	0.0887518
223.2	0.0886484
223.3	0.0885478
223.4	0.0884487
223.5	0.0883468
223.6	0.0882432
223.7	0.0881416
223.8	0.088034
223.9	0.0879219
224	0.0878075
224.1	0.0876942
224.2	0.0875858
224.3	0.08748
224.4	0.0873686
224.5	0.0872607
224.6	0.087152
224.7	0.0870453
224.8	0.0869394
224.9	0.0868322
225	0.0867248
225.1	0.0866151
225.2	0.0865046
225.3	0.0863948
225.4	0.0862851
225.5	0.0861669
225.6	0.0860448
225.7	0.0859221
225.8	0.0857982
225.9	0.0856733
226	0.0855492
226.1	0.0854249
226.2	0.0852994
226.3	0.0851734
226.4	0.0850437
226.5	0.0849127
226.6	0.0847782
226.7	0.0846468
226.8	0.0845146
226.9	0.0843821
227	0.0842434
227.1	0.0840956
227.2	0.0839495
227.3	0.0838072
227.4	0.0836669
227.5	0.0835267
227.6	0.0833849
227.7	0.083241
227.8	0.0830938
227.9	0.0829431
228	0.0827901
228.1	0.0826357
228.2	0.082478
228.3	0.0823208
228.4	0.0821632
228.5	0.082004
228.6	0.0818472
228.7	0.0816911
228.8	0.0815357
228.9	0.0813819
229	0.0812284
229.1	0.0810725
229.2	0.0809143
229.3	0.0807512
229.4	0.0805857
229.5	0.0804224
229.6	0.0802628
229.7	0.0801064
229.8	0.0799477
229.9	0.079784
230	0.0796171
230.1	0.0794483
230.2	0.0792786
230.3	0.0791097
230.4	0.0789461
230.5	0.0787868
230.6	0.0786272
230.7	0.0784671
230.8	0.0783053
230.9	0.0781452
231	0.0779861
231.1	0.0778275
231.2	0.0776663
231.3	0.0775042
231.4	0.0773454
231.5	0.0771879
231.6	0.0770347
231.7	0.0768818
231.8	0.0767267
231.9	0.0765697
232	0.0764136
232.1	0.0762568
232.2	0.0760968
232.3	0.0759327
232.4	0.0757648
232.5	0.0755944
232.6	0.0754268
232.7	0.0752607
232.8	0.0750937
232.9	0.0749289
233	0.0747688
233.1	0.0746137
233.2	0.0744575
233.3	0.0743017
233.4	0.0741478
233.5	0.0739952
233.6	0.073844
233.7	0.0736906
233.8	0.073539
233.9	0.0733885
234	0.0732364
234.1	0.0730843
234.2	0.07293
234.3	0.0727756
234.4	0.0726161
234.5	0.0724581
234.6	0.0722995
234.7	0.0721474
234.8	0.0719921
234.9	0.0718405
235	0.0716917
235.1	0.0715453
235.2	0.0713976
235.3	0.0712497
235.4	0.0710985
235.5	0.0709429
235.6	0.0707883
235.7	0.0706309
235.8	0.0704705
235.9	0.0703085
236	0.0701451
236.1	0.0699769
236.2	0.0698033
236.3	0.0696278
236.4	0.0694506
236.5	0.0692712
236.6	0.0690914
236.7	0.0689133
236.8	0.0687324
236.9	0.0685564
237	0.0683847
237.1	0.068216
237.2	0.068041
237.3	0.0678645
237.4	0.0676872
237.5	0.06751
237.6	0.0673332
237.7	0.0671589
237.8	0.0669842
237.9	0.0668135
238	0.066646
238.1	0.0664756
238.2	0.0663064
238.3	0.0661375
238.4	0.065973
238.5	0.0658102
238.6	0.0656511
238.7	0.0654912
238.8	0.065327
238.9	0.0651563
239	0.0649846
239.1	0.0648135
239.2	0.0646444
239.3	0.0644801
239.4	0.0643196
239.5	0.0641645
239.6	0.0640132
239.7	0.0638647
239.8	0.0637175
239.9	0.0635692
240	0.0634206
240.1	0.0632785
240.2	0.0631434
240.3	0.0630133
240.4	0.0628857
240.5	0.0627577
240.6	0.0626278
240.7	0.0624998
240.8	0.0623738
240.9	0.062244
241	0.0621111
241.1	0.0619727
241.2	0.0618328
241.3	0.061696
241.4	0.0615595
241.5	0.0614266
241.6	0.061296
241.7	0.0611685
241.8	0.0610436
241.9	0.0609206
242	0.0607994
242.1	0.0606782
242.2	0.060559
242.3	0.0604413
242.4	0.0603288
242.5	0.0602138
242.6	0.0600949
242.7	0.0599717
242.8	0.0598464
242.9	0.0597228
243	0.059599
243.1	0.0594769
243.2	0.0593623
243.3	0.059252
243.4	0.0591376
243.5	0.0590204
243.6	0.0589042
243.7	0.0587917
243.8	0.0586772
243.9	0.0585643
244	0.0584507
244.1	0.058342
244.2	0.0582359
244.3	0.0581318
244.4	0.0580376
244.5	0.0579487
244.6	0.0578596
244.7	0.0577729
244.8	0.0576858
244.9	0.0576045
245	0.0575294
245.1	0.0574515
245.2	0.0573689
245.3	0.0572841
245.4	0.0571954
245.5	0.057099
245.6	0.057003
245.7	0.0569064
245.8	0.0568151
245.9	0.0567293
246	0.0566422
246.1	0.0565566
246.2	0.0564777
246.3	0.056402
246.4	0.0563275
246.5	0.056252
246.6	0.0561756
246.7	0.0560992
246.8	0.0560265
246.9	0.0559564
247	0.0558866
247.1	0.055816
247.2	0.0557502
247.3	0.0556915
247.4	0.0556307
247.5	0.0555624
247.6	0.0554927
247.7	0.0554259
247.8	0.0553621
247.9	0.0553013
248	0.0552427
248.1	0.0551854
248.2	0.0551293
248.3	0.055074
248.4	0.0550243
248.5	0.0549729
248.6	0.0549166
248.7	0.05486
248.8	0.0548022
248.9	0.0547442
249	0.0546822
249.1	0.0546267
249.2	0.0545767
249.3	0.0545349
249.4	0.0544975
249.5	0.054463
249.6	0.054427
249.7	0.0543846
249.8	0.0543374
249.9	0.0542887
250	0.0542369
250.1	0.0541806
250.2	0.0541154
250.3	0.0540491
250.4	0.0539821
250.5	0.053915
250.6	0.0538494
250.7	0.0537865
250.8	0.0537315
250.9	0.0536747
251	0.0536148
251.1	0.0535523
251.2	0.0534866
251.3	0.053423
251.4	0.053362
251.5	0.0532991
251.6	0.0532349
251.7	0.0531741
251.8	0.0531149
251.9	0.0530563
252	0.0529953
252.1	0.0529308
252.2	0.0528637
252.3	0.0527986
252.4	0.0527392
252.5	0.0526814
252.6	0.0526195
252.7	0.0525541
252.8	0.0524861
252.9	0.0524183
253	0.0523512
253.1	0.0522831
253.2	0.0522133
253.3	0.0521446
253.4	0.0520741
253.5	0.0519978
253.6	0.0519169
253.7	0.0518347
253.8	0.0517541
253.9	0.0516755
254	0.0515964
254.1	0.0515189
254.2	0.0514418
254.3	0.0513634
254.4	0.051289
254.5	0.0512187
254.6	0.0511503
254.7	0.0510811
254.8	0.0510148
254.9	0.0509499
255	0.0508884
255.1	0.050829
255.2	0.0507738
255.3	0.0507202
255.4	0.0506689
255.5	0.0506193
255.6	0.0505718
255.7	0.0505266
255.8	0.0504828
255.9	0.0504394
256	0.0503976
256.1	0.0503556
256.2	0.0503137
256.3	0.0502757
256.4	0.0502422
256.5	0.0502121
256.6	0.0501843
256.7	0.050158
256.8	0.0501287
256.9	0.0500918
257	0.0500518
257.1	0.0500079
257.2	0.0499638
257.3	0.0499198
257.4	0.0498753
257.5	0.0498323
257.6	0.0497964
257.7	0.0497656
257.8	0.049731
257.9	0.0496973
258	0.0496652
258.1	0.0496358
258.2	0.0496044
258.3	0.0495672
258.4	0.0495249
258.5	0.0494799
258.6	0.0494368
258.7	0.0493981
258.8	0.0493579
258.9	0.0493177
259	0.0492796
259.1	0.0492413
259.2	0.0492039
259.3	0.0491681
259.4	0.049134
259.5	0.0490984
259.6	0.0490675
259.7	0.049038
259.8	0.0490041
259.9	0.0489694
260	0.0489401
260.1	0.0489124
260.2	0.0488907
260.3	0.0488739
260.4	0.048857
260.5	0.0488408
260.6	0.0488262
260.7	0.0488103
260.8	0.0487943
260.9	0.0487765
261	0.0487547
261.1	0.0487314
261.2	0.0487083
261.3	0.048682
261.4	0.0486526
261.5	0.0486233
261.6	0.0485975
261.7	0.0485713
261.8	0.0485441
261.9	0.0485183
262	0.0484976
262.1	0.0484815
262.2	0.04847
262.3	0.0484593
262.4	0.0484494
262.5	0.0484437
262.6	0.0484357
262.7	0.0484255
262.8	0.048413
262.9	0.0483968
263	0.0483825
263.1	0.0483722
263.2	0.0483665
263.3	0.0483573
263.4	0.0483517
263.5	0.0483507
263.6	0.0483547
263.7	0.0483619
263.8	0.0483654
263.9	0.0483672
264	0.0483636
264.1	0.0483627
264.2	0.0483622
264.3	0.0483604
264.4	0.0483553
264.5	0.0483458
264.6	0.04833
264.7	0.0483156
264.8	0.0482983
264.9	0.0482832
265	0.0482704
265.1	0.0482602
265.2	0.0482548
265.3	0.0482478
265.4	0.0482435
265.5	0.0482426
265.6	0.0482452
265.7	0.0482483
265.8	0.048247
265.9	0.048245
266	0.0482418
266.1	0.0482418
266.2	0.0482475
266.3	0.0482611
266.4	0.0482834
266.5	0.0483121
266.6	0.0483483
266.7	0.0483844
266.8	0.0484182
266.9	0.0484486
267	0.048479
267.1	0.0485109
267.2	0.0485398
267.3	0.0485647
267.4	0.0485831
267.5	0.0485968
267.6	0.0486102
267.7	0.0486268
267.8	0.0486415
267.9	0.0486557
268	0.0486718
268.1	0.0486881
268.2	0.048705
268.3	0.0487222
268.4	0.0487404
268.5	0.0487582
268.6	0.0487744
268.7	0.0487908
268.8	0.0488038
268.9	0.0488158
269	0.0488221
269.1	0.0488272
269.2	0.0488295
269.3	0.0488309
269.4	0.0488329
269.5	0.0488364
269.6	0.0488409
269.7	0.0488445
269.8	0.0488463
269.9	0.0488507
270	0.0488521
270.1	0.0488486
270.2	0.0488438
270.3	0.048839
270.4	0.0488355
270.5	0.0488326
270.6	0.0488273
270.7	0.0488205
270.8	0.0488166
270.9	0.0488121
271	0.0488073
271.1	0.048806
271.2	0.0488049
271.3	0.0488033
271.4	0.0488057
271.5	0.0488136
271.6	0.04882
271.7	0.048823
271.8	0.0488288
271.9	0.0488385
272	0.0488494
272.1	0.0488608
272.2	0.0488736
272.3	0.0488814
272.4	0.048885
272.5	0.0488888
272.6	0.0488917
272.7	0.0488897
272.8	0.0488842
272.9	0.0488754
273	0.0488619
273.1	0.0488399
273.2	0.048818
273.3	0.0488027
273.4	0.048787
273.5	0.048776
273.6	0.0487663
273.7	0.0487556
273.8	0.0487486
273.9	0.0487432
274	0.0487371
274.1	0.048726
274.2	0.0487153
274.3	0.0487051
274.4	0.048697
274.5	0.0486916
274.6	0.0486887
274.7	0.0486876
274.8	0.0486864
274.9	0.0486817
275	0.0486746
275.1	0.0486682
275.2	0.0486555
275.3	0.048641
275.4	0.0486278
275.5	0.0486146
275.6	0.0485985
275.7	0.0485797
275.8	0.0485583
275.9	0.0485371
276	0.0485161
276.1	0.0484919
276.2	0.0484695
276.3	0.0484466
276.4	0.0484248
276.5	0.0484048
276.6	0.0483796
276.7	0.0483524
276.8	0.0483268
276.9	0.0483007
277	0.0482753
277.1	0.048251
277.2	0.0482305
277.3	0.0482095
277.4	0.0481842
277.5	0.0481614
277.6	0.0481406
277.7	0.0481206
277.8	0.0481007
277.9	0.0480814
278	0.048059
278.1	0.0480386
278.2	0.0480183
278.3	0.0479953
278.4	0.0479733
278.5	0.047952
278.6	0.0479376
278.7	0.0479301
278.8	0.0479208
278.9	0.0479096
279	0.0478986
279.1	0.0478902
279.2	0.0478808
279.3	0.0478722
279.4	0.0478696
279.5	0.0478707
279.6	0.0478715
279.7	0.0478721
279.8	0.0478708
279.9	0.0478685
280	0.0478614
280.1	0.0478537
280.2	0.0478476
280.3	0.047843
280.4	0.047838
280.5	0.0478332
280.6	0.0478283
280.7	0.0478207
280.8	0.047812
280.9	0.0478002
281	0.0477863
281.1	0.0477678
281.2	0.0477482
281.3	0.0477332
281.4	0.0477149
281.5	0.0476937
281.6	0.0476683
281.7	0.0476418
281.8	0.0476096
281.9	0.0475741
282	0.0475373
282.1	0.0475019
282.2	0.0474725
282.3	0.0474461
282.4	0.0474193
282.5	0.0473975
282.6	0.047379
282.7	0.0473595
282.8	0.047342
282.9	0.0473285
283	0.047322
283.1	0.0473206
283.2	0.0473202
283.3	0.047318
283.4	0.047313
283.5	0.0473047
283.6	0.047299
283.7	0.0472939
283.8	0.0472959
283.9	0.0472994
284	0.0473015
284.1	0.0473019
284.2	0.0473028
284.3	0.0473036
284.4	0.0473031
284.5	0.0473048
284.6	0.0473096
284.7	0.0473152
284.8	0.0473142
284.9	0.0473048
285	0.0472947
285.1	0.0472817
285.2	0.0472691
285.3	0.04726
285.4	0.047253
285.5	0.047247
285.6	0.0472408
285.7	0.047237
285.8	0.0472363
285.9	0.0472398
286	0.0472457
286.1	0.0472529
286.2	0.0472607
286.3	0.0472677
286.4	0.0472721
286.5	0.0472807
286.6	0.0472896
286.7	0.0472949
286.8	0.0473015
286.9	0.0473116
287	0.0473239
287.1	0.0473388
287.2	0.0473574
287.3	0.0473746
287.4	0.0473939
287.5	0.0474133
287.6	0.0474298
287.7	0.0474449
287.8	0.0474589
287.9	0.0474753
288	0.0474969
288.1	0.0475242
288.2	0.0475531
288.3	0.0475773
288.4	0.0476011
288.5	0.0476263
288.6	0.0476535
288.7	0.0476813
288.8	0.0477121
288.9	0.0477467
289	0.0477782
289.1	0.047808
289.2	0.0478349
289.3	0.0478552
289.4	0.0478677
289.5	0.0478744
289.6	0.0478755
289.7	0.0478735
289.8	0.0478643
289.9	0.0478452
290	0.0478186
290.1	0.0477904
290.2	0.0477643
290.3	0.0477405
290.4	0.0477154
290.5	0.0476888
290.6	0.0476609
290.7	0.0476295
290.8	0.0475959
290.9	0.0475596
291	0.0475222
291.1	0.0474878
291.2	0.0474529
291.3	0.0474153
291.4	0.0473721
291.5	0.0473219
291.6	0.0472657
291.7	0.0472045
291.8	0.0471403
291.9	0.0470799
292	0.0470185
292.1	0.0469596
292.2	0.0469006
292.3	0.0468432
292.4	0.0467895
292.5	0.0467352
292.6	0.046681
292.7	0.0466305
292.8	0.04658
292.9	0.0465272
293	0.0464727
293.1	0.0464202
293.2	0.0463736
293.3	0.0463332
293.4	0.0462938
293.5	0.0462585
293.6	0.0462283
293.7	0.0461979
293.8	0.0461671
293.9	0.0461383
294	0.0461054
294.1	0.0460763
294.2	0.0460445
294.3	0.0460134
294.4	0.0459825
294.5	0.0459489
294.6	0.045912
294.7	0.045873
294.8	0.0458368
294.9	0.0458011
295	0.0457639
295.1	0.0457271
295.2	0.045686
295.3	0.0456435
295.4	0.0456109
295.5	0.0455808
295.6	0.0455534
295.7	0.0455261
295.8	0.0454987
295.9	0.0454735
296	0.0454488
296.1	0.0454244
296.2	0.0454005
296.3	0.0453788
296.4	0.0453564
296.5	0.045337
296.6	0.0453206
296.7	0.0453113
296.8	0.045309
296.9	0.0453182
297	0.0453354
297.1	0.0453626
297.2	0.0453922
297.3	0.0454185
297.4	0.0454411
297.5	0.0454619
297.6	0.045482
297.7	0.0455061
297.8	0.0455333
297.9	0.0455664
298	0.0456037
298.1	0.0456393
298.2	0.0456778
298.3	0.0457157
298.4	0.0457486
298.5	0.0457766
298.6	0.0457971
298.7	0.0458104
298.8	0.0458159
298.9	0.0458238
299	0.0458364
299.1	0.0458522
299.2	0.0458702
299.3	0.0458852
299.4	0.0458968
299.5	0.0459091
299.6	0.0459294
299.7	0.0459548
299.8	0.045975
299.9	0.0459919
300	0.0460058
300.1	0.0460173
300.2	0.0460291
300.3	0.046037
300.4	0.0460375
300.5	0.0460311
300.6	0.0460214
300.7	0.0460115
300.8	0.0460014
300.9	0.0459866
301	0.0459672
301.1	0.045941
301.2	0.0459125
301.3	0.0458842
301.4	0.0458556
301.5	0.0458239
301.6	0.0457905
301.7	0.0457568
301.8	0.045726
301.9	0.0457063
302	0.045695
302.1	0.045686
302.2	0.0456781
302.3	0.0456673
302.4	0.0456579
302.5	0.0456505
302.6	0.0456474
302.7	0.0456454
302.8	0.0456459
302.9	0.0456499
303	0.0456626
303.1	0.0456806
303.2	0.0457026
303.3	0.0457235
303.4	0.0457421
303.5	0.0457578
303.6	0.0457705
303.7	0.0457839
303.8	0.0457972
303.9	0.0458108
304	0.0458182
304.1	0.0458245
304.2	0.0458318
304.3	0.0458394
304.4	0.0458471
304.5	0.0458527
304.6	0.0458499
304.7	0.0458447
304.8	0.0458366
304.9	0.0458293
305	0.0458248
305.1	0.04582
305.2	0.0458198
305.3	0.0458173
305.4	0.0458141
305.5	0.0458169
305.6	0.0458206
305.7	0.0458248
305.8	0.0458252
305.9	0.0458274
306	0.0458296
306.1	0.045833
306.2	0.0458333
306.3	0.0458328
306.4	0.0458326
306.5	0.0458292
306.6	0.0458232
306.7	0.0458161
306.8	0.0458078
306.9	0.0458016
307	0.0457969
307.1	0.0457939
307.2	0.0457914
307.3	0.0457874
307.4	0.0457831
307.5	0.0457789
307.6	0.045778
307.7	0.0457797
307.8	0.0457838
307.9	0.0457928
308	0.0458072
308.1	0.0458259
308.2	0.0458469
308.3	0.0458713
308.4	0.0458987
308.5	0.0459299
308.6	0.045965
308.7	0.0459987
308.8	0.0460299
308.9	0.0460597
309	0.0460882
309.1	0.0461171
309.2	0.0461462
309.3	0.0461737
309.4	0.0461972
309.5	0.0462154
309.6	0.046233
309.7	0.046251
309.8	0.0462613
309.9	0.0462645
310	0.0462626
310.1	0.0462608
310.2	0.0462575
310.3	0.0462472
310.4	0.0462355
310.5	0.0462191
310.6	0.0461992
310.7	0.0461797
310.8	0.0461613
310.9	0.0461487
311	0.0461397
311.1	0.0461348
311.2	0.0461312
311.3	0.0461306
311.4	0.0461256
311.5	0.0461179
311.6	0.0461025
311.7	0.0460861
311.8	0.0460693
311.9	0.0460545
312	0.0460435
312.1	0.046031
312.2	0.0460196
312.3	0.0460071
312.4	0.045992
312.5	0.0459729
312.6	0.0459579
312.7	0.0459476
312.8	0.0459408
312.9	0.0459338
313	0.0459296
313.1	0.0459273
313.2	0.0459282
313.3	0.0459289
313.4	0.0459268
313.5	0.045928
313.6	0.0459337
313.7	0.0459419
313.8	0.0459503
313.9	0.0459499
314	0.0459468
314.1	0.0459409
314.2	0.0459403
314.3	0.0459438
314.4	0.0459506
314.5	0.0459552
314.6	0.04596
314.7	0.0459581
314.8	0.0459481
314.9	0.0459313
315	0.0459084
315.1	0.0458828
315.2	0.0458577
315.3	0.0458339
315.4	0.045813
315.5	0.0457921
315.6	0.0457712
315.7	0.0457498
315.8	0.0457267
315.9	0.0457019
316	0.0456712
316.1	0.0456368
316.2	0.0455992
316.3	0.0455614
316.4	0.0455215
316.5	0.0454881
316.6	0.0454596
316.7	0.0454363
316.8	0.0454111
316.9	0.0453854
317	0.0453621
317.1	0.0453431
317.2	0.0453222
317.3	0.0452942
317.4	0.0452634
317.5	0.0452313
317.6	0.045191
317.7	0.0451497
317.8	0.0451094
317.9	0.0450658
318	0.0450189
318.1	0.0449642
318.2	0.0449083
318.3	0.0448554
318.4	0.0448071
318.5	0.0447552
318.6	0.0447032
318.7	0.0446492
318.8	0.0445898
318.9	0.0445306
319	0.0444733
319.1	0.0444185
319.2	0.0443611
319.3	0.0443019
319.4	0.0442421
319.5	0.0441791
319.6	0.0441151
319.7	0.0440463
319.8	0.0439766
319.9	0.0439041
320	0.0438284
320.1	0.0437565
320.2	0.0436891
320.3	0.0436248
320.4	0.0435595
320.5	0.0434958
320.6	0.0434331
320.7	0.0433705
320.8	0.0433088
320.9	0.0432446
321	0.0431771
321.1	0.04311
321.2	0.0430392
321.3	0.042963
321.4	0.0428921
321.5	0.0428229
321.6	0.0427516
321.7	0.0426803
321.8	0.0426103
321.9	0.0425388
322	0.0424646
322.1	0.0423892
322.2	0.042311
322.3	0.0422339
322.4	0.0421496
322.5	0.0420644
322.6	0.0419818
322.7	0.0419001
322.8	0.0418181
322.9	0.0417374
323	0.0416573
323.1	0.0415767
323.2	0.0414971
323.3	0.0414164
323.4	0.0413348
323.5	0.0412576
323.6	0.0411816
323.7	0.0411081
323.8	0.0410428
323.9	0.040981
324	0.0409232
324.1	0.0408653
324.2	0.0408089
324.3	0.040753
324.4	0.0406988
324.5	0.0406444
324.6	0.0405889
324.7	0.0405355
324.8	0.0404786
324.9	0.0404225
325	0.0403709
325.1	0.0403204
325.2	0.0402687
325.3	0.0402187
325.4	0.0401661
325.5	0.0401108
325.6	0.0400529
325.7	0.0399889
325.8	0.0399196
325.9	0.0398456
326	0.0397729
326.1	0.0397001
326.2	0.0396303
326.3	0.0395673
326.4	0.0395126
326.5	0.0394635
326.6	0.0394177
326.7	0.0393757
326.8	0.039329
326.9	0.0392801
327	0.039228
327.1	0.0391803
327.2	0.0391379
327.3	0.0390998
327.4	0.0390618
327.5	0.0390234
327.6	0.0389822
327.7	0.0389432
327.8	0.0389057
327.9	0.0388676
328	0.0388311
328.1	0.0387939
328.2	0.038755
328.3	0.0387152
328.4	0.0386743
328.5	0.0386338
328.6	0.038599
328.7	0.0385687
328.8	0.0385391
328.9	0.0385097
329	0.0384787
329.1	0.0384432
329.2	0.0384064
329.3	0.0383722
329.4	0.038333
329.5	0.0382945
329.6	0.0382572
329.7	0.0382202
329.8	0.0381838
329.9	0.0381503
330	0.038118
330.1	0.0380867
330.2	0.0380552
330.3	0.038025
330.4	0.0379964
330.5	0.0379711
330.6	0.0379487
330.7	0.0379235
330.8	0.0378966
330.9	0.0378721
331	0.0378472
331.1	0.037822
331.2	0.0377991
331.3	0.0377746
331.4	0.0377486
331.5	0.0377212
331.6	0.0376976
331.7	0.0376761
331.8	0.0376571
331.9	0.0376392
332	0.0376252
332.1	0.0376111
332.2	0.0376003
332.3	0.0375969
332.4	0.0375917
332.5	0.0375882
332.6	0.0375895
332.7	0.0375901
332.8	0.0375848
332.9	0.037575
333	0.0375595
333.1	0.0375453
333.2	0.0375318
333.3	0.0375229
333.4	0.0375089
333.5	0.0374931
333.6	0.0374706
333.7	0.0374479
333.8	0.0374243
333.9	0.0373982
334	0.0373731
334.1	0.0373496
334.2	0.0373273
334.3	0.0373047
334.4	0.037288
334.5	0.0372775
334.6	0.03727
334.7	0.0372686
334.8	0.0372708
334.9	0.037274
335	0.0372758
335.1	0.0372808
335.2	0.0372851
335.3	0.0372924
335.4	0.0372956
335.5	0.0372959
335.6	0.0373
335.7	0.0373086
335.8	0.0373217
335.9	0.0373385
336	0.0373591
336.1	0.0373839
336.2	0.0374123
336.3	0.037442
336.4	0.0374762
336.5	0.0375157
336.6	0.0375564
336.7	0.0375922
336.8	0.0376223
336.9	0.0376542
337	0.037692
337.1	0.0377351
337.2	0.0377792
337.3	0.0378259
337.4	0.0378772
337.5	0.0379271
337.6	0.0379772
337.7	0.0380282
337.8	0.0380789
337.9	0.0381355
338	0.0381918
338.1	0.0382443
338.2	0.0382951
338.3	0.0383433
338.4	0.0383895
338.5	0.0384331
338.6	0.0384809
338.7	0.038531
338.8	0.0385834
338.9	0.0386328
339	0.0386841
339.1	0.0387371
339.2	0.0387951
339.3	0.038853
339.4	0.0389123
339.5	0.0389727
339.6	0.0390321
339.7	0.0390874
339.8	0.0391366
339.9	0.0391867
340	0.0392364
340.1	0.0392848
340.2	0.0393332
340.3	0.0393788
340.4	0.0394252
340.5	0.0394752
340.6	0.0395297
340.7	0.0395898
340.8	0.0396523
340.9	0.0397148
341	0.0397755
341.1	0.0398328
341.2	0.0398831
341.3	0.0399284
341.4	0.0399664
341.5	0.0399967
341.6	0.0400168
341.7	0.0400332
341.8	0.0400499
341.9	0.0400641
342	0.0400754
342.1	0.0400869
342.2	0.0401041
342.3	0.0401219
342.4	0.0401384
342.5	0.0401522
342.6	0.0401622
342.7	0.0401683
342.8	0.0401755
342.9	0.040186
343	0.0401993
343.1	0.0402118
343.2	0.0402258
343.3	0.0402336
343.4	0.0402362
343.5	0.0402373
343.6	0.0402356
343.7	0.040234
343.8	0.040234
343.9	0.0402318
344	0.0402285
344.1	0.040221
344.2	0.0402102
344.3	0.0401951
344.4	0.040178
344.5	0.0401625
344.6	0.0401519
344.7	0.0401441
344.8	0.0401347
344.9	0.0401239
345	0.0401152
345.1	0.0401054
345.2	0.0400913
345.3	0.0400788
345.4	0.0400653
345.5	0.0400527
345.6	0.0400395
345.7	0.0400232
345.8	0.0400048
345.9	0.0399908
346	0.0399795
346.1	0.0399703
346.2	0.0399643
346.3	0.0399618
346.4	0.0399619
346.5	0.0399612
346.6	0.0399587
346.7	0.0399543
346.8	0.0399492
346.9	0.0399451
347	0.0399395
347.1	0.0399338
347.2	0.0399312
347.3	0.0399335
347.4	0.0399428
347.5	0.039956
347.6	0.0399632
347.7	0.039966
347.8	0.039967
347.9	0.0399729
348	0.0399789
348.1	0.0399816
348.2	0.0399848
348.3	0.03999
348.4	0.0399975
348.5	0.0400055
348.6	0.0400096
348.7	0.0400156
348.8	0.0400237
348.9	0.0400358
349	0.0400493
349.1	0.0400663
349.2	0.0400866
349.3	0.0401087
349.4	0.040135
349.5	0.0401632
349.6	0.04019
349.7	0.0402165
349.8	0.0402424
349.9	0.0402623
350	0.0402817
350.1	0.0402947
350.2	0.0403062
350.3	0.0403183
350.4	0.0403347
350.5	0.0403495
350.6	0.0403652
350.7	0.0403831
350.8	0.0403997
350.9	0.0404173
351	0.0404357
351.1	0.0404563
351.2	0.0404741
351.3	0.0404906
351.4	0.0405091
351.5	0.0405257
351.6	0.0405373
351.7	0.0405454
351.8	0.0405494
351.9	0.0405523
352	0.0405513
352.1	0.0405495
352.2	0.0405466
352.3	0.040548
352.4	0.0405508
352.5	0.0405547
352.6	0.0405531
352.7	0.040551
352.8	0.0405442
352.9	0.0405344
353	0.0405231
353.1	0.0405134
353.2	0.0405069
353.3	0.0404978
353.4	0.0404842
353.5	0.0404668
353.6	0.0404475
353.7	0.0404276
353.8	0.0404081
353.9	0.0403864
354	0.0403571
354.1	0.0403212
354.2	0.0402864
354.3	0.0402502
354.4	0.0402071
354.5	0.0401615
354.6	0.0401139
354.7	0.0400684
354.8	0.0400296
354.9	0.0399935
355	0.0399609
355.1	0.0399294
355.2	0.0398946
355.3	0.0398611
355.4	0.0398303
355.5	0.0397999
355.6	0.0397724
355.7	0.0397454
355.8	0.0397204
355.9	0.0397019
356	0.0396851
356.1	0.0396655
356.2	0.0396467
356.3	0.0396272
356.4	0.0396055
356.5	0.0395782
356.6	0.0395469
356.7	0.039516
356.8	0.0394874
356.9	0.0394612
357	0.0394409
357.1	0.0394293
357.2	0.0394173
357.3	0.0394078
357.4	0.0393979
357.5	0.0393833
357.6	0.0393618
357.7	0.0393379
357.8	0.0393124
357.9	0.0392856
358	0.0392568
358.1	0.0392243
358.2	0.0391949
358.3	0.0391707
358.4	0.0391477
358.5	0.0391283
358.6	0.0391059
358.7	0.0390791
358.8	0.0390552
358.9	0.0390346
359	0.0390146
359.1	0.0389916
359.2	0.0389639
359.3	0.0389323
359.4	0.0389005
359.5	0.0388668
359.6	0.0388271
359.7	0.0387835
359.8	0.0387366
359.9	0.0386897
360	0.0386403
360.1	0.0385901
360.2	0.0385405
360.3	0.0384959
360.4	0.0384501
360.5	0.0384018
360.6	0.0383521
360.7	0.0383055
360.8	0.0382634
360.9	0.038222
361	0.0381855
361.1	0.0381515
361.2	0.0381155
361.3	0.0380788
361.4	0.0380446
361.5	0.0380107
361.6	0.0379777
361.7	0.0379447
361.8	0.0379134
361.9	0.0378823
362	0.0378523
362.1	0.0378212
362.2	0.0377934
362.3	0.0377623
362.4	0.0377308
362.5	0.0377038
362.6	0.0376799
362.7	0.037659
362.8	0.0376369
362.9	0.0376164
363	0.0375975
363.1	0.0375764
363.2	0.0375582
363.3	0.0375375
363.4	0.0375123
363.5	0.0374836
363.6	0.0374587
363.7	0.0374338
363.8	0.0374094
363.9	0.0373824
364	0.0373634
364.1	0.037349
364.2	0.0373424
364.3	0.0373371
364.4	0.0373336
364.5	0.0373246
364.6	0.0373135
364.7	0.0372992
364.8	0.0372843
364.9	0.0372728
365	0.0372605
365.1	0.0372488
365.2	0.0372352
365.3	0.0372132
365.4	0.0371924
365.5	0.0371733
365.6	0.0371548
365.7	0.0371353
365.8	0.0371172
365.9	0.0370989
366	0.037086
366.1	0.037075
366.2	0.0370612
366.3	0.0370431
366.4	0.0370245
366.5	0.0370015
366.6	0.0369757
366.7	0.0369525
366.8	0.0369287
366.9	0.036905
367	0.0368836
367.1	0.0368614
367.2	0.0368378
367.3	0.0368138
367.4	0.0367895
367.5	0.0367696
367.6	0.0367549
367.7	0.0367439
367.8	0.0367351
367.9	0.036723
368	0.0367093
368.1	0.0366993
368.2	0.0366927
368.3	0.0366818
368.4	0.0366667
368.5	0.0366537
368.6	0.0366421
368.7	0.0366265
368.8	0.0366069
368.9	0.0365879
369	0.0365698
369.1	0.0365579
369.2	0.0365481
369.3	0.0365323
369.4	0.0365136
369.5	0.0364982
369.6	0.036485
369.7	0.0364659
369.8	0.036436
369.9	0.0363985
370	0.0363613
370.1	0.0363301
370.2	0.0363046
370.3	0.0362833
370.4	0.0362625
370.5	0.0362418
370.6	0.0362252
370.7	0.0362124
370.8	0.0362
370.9	0.0361925
371	0.0361883
371.1	0.0361862
371.2	0.0361829
371.3	0.036184
371.4	0.0361929
371.5	0.0362014
371.6	0.0362066
371.7	0.0362133
371.8	0.0362231
371.9	0.0362346
372	0.0362473
372.1	0.036258
372.2	0.0362713
372.3	0.0362915
372.4	0.0363132
372.5	0.0363359
372.6	0.0363553
372.7	0.0363737
372.8	0.0363922
372.9	0.0364113
373	0.0364322
373.1	0.0364531
373.2	0.0364735
373.3	0.0364915
373.4	0.0365016
373.5	0.0364985
373.6	0.0364902
373.7	0.0364827
373.8	0.0364765
373.9	0.036475
374	0.0364695
374.1	0.0364617
374.2	0.0364487
374.3	0.0364314
374.4	0.0364084
374.5	0.0363846
374.6	0.0363599
374.7	0.03634
374.8	0.0363201
374.9	0.036297
375	0.0362723
375.1	0.0362478
375.2	0.0362201
375.3	0.0361918
375.4	0.0361695
375.5	0.0361467
375.6	0.0361272
375.7	0.036108
375.8	0.0360914
375.9	0.0360722
376	0.03605
376.1	0.0360261
376.2	0.0360018
376.3	0.0359794
376.4	0.0359621
376.5	0.0359441
376.6	0.0359221
376.7	0.0358982
376.8	0.0358768
376.9	0.0358606
377	0.0358488
377.1	0.0358374
377.2	0.0358243
377.3	0.0358141
377.4	0.0358042
377.5	0.0357908
377.6	0.0357758
377.7	0.0357593
377.8	0.0357427
377.9	0.0357313
378	0.0357185
378.1	0.0357056
378.2	0.0356957
378.3	0.0356853
378.4	0.035669
378.5	0.0356552
378.6	0.0356437
378.7	0.0356326
378.8	0.0356247
378.9	0.0356148
379	0.0355987
379.1	0.0355757
379.2	0.035548
379.3	0.035517
379.4	0.0354893
379.5	0.0354646
379.6	0.0354387
379.7	0.0354145
379.8	0.0353879
379.9	0.0353651
380	0.0353417
380.1	0.0353122
380.2	0.0352798
380.3	0.0352439
380.4	0.0352096
380.5	0.0351753
380.6	0.0351405
380.7	0.0351043
380.8	0.0350634
380.9	0.0350206
381	0.0349781
381.1	0.0349403
381.2	0.0349035
381.3	0.0348647
381.4	0.0348276
381.5	0.0347898
381.6	0.0347493
381.7	0.0347106
381.8	0.0346705
381.9	0.0346347
382	0.0346051
382.1	0.0345757
382.2	0.0345453
382.3	0.0345132
382.4	0.0344759
382.5	0.0344317
382.6	0.0343848
382.7	0.0343367
382.8	0.0342888
382.9	0.0342449
383	0.0342018
383.1	0.034159
383.2	0.0341148
383.3	0.0340679
383.4	0.034022
383.5	0.0339717
383.6	0.0339158
383.7	0.0338606
383.8	0.0338066
383.9	0.0337541
384	0.0336999
384.1	0.0336475
384.2	0.0335867
384.3	0.033525
384.4	0.0334602
384.5	0.0333899
384.6	0.0333169
384.7	0.0332451
384.8	0.0331721
384.9	0.0330956
385	0.0330184
385.1	0.0329377
385.2	0.0328544
385.3	0.0327675
385.4	0.0326823
385.5	0.0325965
385.6	0.0325154
385.7	0.0324385
385.8	0.0323676
385.9	0.0323027
386	0.0322389
386.1	0.0321756
386.2	0.0321116
386.3	0.0320444
386.4	0.0319764
386.5	0.0319081
386.6	0.0318411
386.7	0.0317831
386.8	0.0317276
386.9	0.0316754
387	0.0316243
387.1	0.0315719
387.2	0.0315167
387.3	0.031459
387.4	0.0314015
387.5	0.031342
387.6	0.0312837
387.7	0.0312248
387.8	0.0311682
387.9	0.0311168
388	0.0310698
388.1	0.0310184
388.2	0.030966
388.3	0.0309163
388.4	0.030869
388.5	0.0308208
388.6	0.0307666
388.7	0.0307029
388.8	0.0306265
388.9	0.0305469
389	0.0304701
389.1	0.0303957
389.2	0.0303193
389.3	0.0302424
389.4	0.0301659
389.5	0.0300889
389.6	0.0300114
389.7	0.0299334
389.8	0.0298528
389.9	0.0297733
390	0.0296918
390.1	0.0296126
390.2	0.0295323
390.3	0.0294462
390.4	0.0293529
390.5	0.0292561
390.6	0.0291621
390.7	0.0290696
390.8	0.0289817
390.9	0.0288963
391	0.028815
391.1	0.0287387
391.2	0.028666
391.3	0.0286007
391.4	0.0285381
391.5	0.0284721
391.6	0.0284045
391.7	0.0283323
391.8	0.0282589
391.9	0.0281857
392	0.0281157
392.1	0.0280462
392.2	0.0279751
392.3	0.027905
392.4	0.0278341
392.5	0.0277634
392.6	0.0276947
392.7	0.0276222
392.8	0.0275476
392.9	0.0274771
393	0.0274051
393.1	0.0273308
393.2	0.0272576
393.3	0.0271844
393.4	0.027115
393.5	0.0270466
393.6	0.0269878
393.7	0.026931
393.8	0.0268774
393.9	0.0268232
394	0.0267631
394.1	0.0266964
394.2	0.0266257
394.3	0.026553
394.4	0.0264775
394.5	0.0264081
394.6	0.0263397
394.7	0.0262706
394.8	0.0262001
394.9	0.0261277
395	0.0260541
395.1	0.0259784
395.2	0.0259014
395.3	0.0258227
395.4	0.0257405
395.5	0.0256552
395.6	0.0255709
395.7	0.0254891
395.8	0.0254111
395.9	0.0253328
396	0.0252553
396.1	0.0251765
396.2	0.025096
396.3	0.0250169
396.4	0.0249365
396.5	0.0248605
396.6	0.0247851
396.7	0.0247071
396.8	0.0246244
396.9	0.024542
397	0.0244625
397.1	0.0243813
397.2	0.0242997
397.3	0.0242138
397.4	0.0241251
397.5	0.0240283
397.6	0.0239262
397.7	0.0238229
397.8	0.0237185
397.9	0.0236118
398	0.0235041
398.1	0.0233988
398.2	0.0232952
398.3	0.0231958
398.4	0.0230974
398.5	0.0230008
398.6	0.0229032
398.7	0.0228062
398.8	0.0227089
398.9	0.0226137
399	0.022526
399.1	0.0224461
399.2	0.022365
399.3	0.0222835
399.4	0.0222027
399.5	0.0221237
399.6	0.0220458
399.7	0.0219655
399.8	0.0218836
399.9	0.0217994
400	0.0217157
400.1	0.0216327
400.2	0.0215509
400.3	0.0214716
400.4	0.0213955
400.5	0.0213274
400.6	0.0212645
400.7	0.0212027
400.8	0.0211367
400.9	0.0210661
401	0.0209907
401.1	0.0209102
401.2	0.0208361
401.3	0.020768
401.4	0.0207006
401.5	0.0206322
401.6	0.0205652
401.7	0.0204984
401.8	0.0204278
401.9	0.0203534
402	0.0202792
402.1	0.0202002
402.2	0.0201188
402.3	0.0200377
402.4	0.0199578
402.5	0.0198782
402.6	0.0197993
402.7	0.0197268
402.8	0.0196604
402.9	0.0195961
403	0.0195347
403.1	0.0194736
403.2	0.0194146
403.3	0.0193541
403.4	0.0192875
403.5	0.019216
403.6	0.0191459
403.7	0.0190808
403.8	0.0190104
403.9	0.0189355
404	0.0188619
404.1	0.0187901
404.2	0.0187185
404.3	0.0186494
404.4	0.018581
404.5	0.0185133
404.6	0.0184504
404.7	0.0183889
404.8	0.0183281
404.9	0.0182686
405	0.01821
405.1	0.0181566
405.2	0.018107
405.3	0.0180652
405.4	0.0180278
405.5	0.0179911
405.6	0.0179552
405.7	0.0179277
405.8	0.0179019
405.9	0.0178776
406	0.0178549
406.1	0.0178342
406.2	0.0178134
406.3	0.0177924
406.4	0.0177727
406.5	0.017756
406.6	0.0177421
406.7	0.017727
406.8	0.0177072
406.9	0.0176849
407	0.0176636
407.1	0.0176405
407.2	0.017619
407.3	0.0175955
407.4	0.0175659
407.5	0.0175363
407.6	0.0175079
407.7	0.017481
407.8	0.017455
407.9	0.0174358
408	0.0174227
408.1	0.0174075
408.2	0.0173894
408.3	0.0173719
408.4	0.0173553
408.5	0.0173365
408.6	0.0173149
408.7	0.017291
408.8	0.0172624
408.9	0.0172291
409	0.0171983
409.1	0.0171654
409.2	0.0171325
409.3	0.0170983
409.4	0.0170615
409.5	0.0170187
409.6	0.016971
409.7	0.0169217
409.8	0.0168702
409.9	0.0168195
410	0.0167663
410.1	0.0167094
410.2	0.0166436
410.3	0.0165763
410.4	0.0165103
410.5	0.0164436
410.6	0.0163703
410.7	0.0162978
410.8	0.0162248
410.9	0.0161515
411	0.0160815
411.1	0.0160144
411.2	0.0159521
411.3	0.0158922
411.4	0.0158354
411.5	0.015781
411.6	0.0157307
411.7	0.0156803
411.8	0.0156293
411.9	0.0155812
412	0.0155403
412.1	0.0155019
412.2	0.0154636
412.3	0.0154268
412.4	0.0153934
412.5	0.0153569
412.6	0.015322
412.7	0.0152914
412.8	0.0152622
412.9	0.0152359
413	0.0152126
413.1	0.0151884
413.2	0.0151619
413.3	0.0151295
413.4	0.0150996
413.5	0.0150737
413.6	0.0150541
413.7	0.0150414
413.8	0.0150335
413.9	0.0150288
414	0.0150281
414.1	0.0150234
414.2	0.0150153
414.3	0.0150009
414.4	0.0149824
414.5	0.0149651
414.6	0.0149452
414.7	0.0149243
414.8	0.0149008
414.9	0.0148787
415	0.0148564
415.1	0.0148311
415.2	0.0148041
415.3	0.0147729
415.4	0.01474
415.5	0.0147056
415.6	0.0146766
415.7	0.0146523
415.8	0.0146279
415.9	0.0146019
416	0.0145711
416.1	0.0145357
416.2	0.0144948
416.3	0.0144499
416.4	0.0144035
416.5	0.0143586
416.6	0.0143125
416.7	0.0142639
416.8	0.0142137
416.9	0.0141638
417	0.0141166
417.1	0.014073
417.2	0.0140307
417.3	0.0139897
417.4	0.0139484
417.5	0.0139075
417.6	0.0138614
417.7	0.0138127
417.8	0.0137633
417.9	0.0137157
418	0.0136649
418.1	0.0136074
418.2	0.013545
418.3	0.0134834
418.4	0.0134245
418.5	0.0133674
418.6	0.013308
418.7	0.0132519
418.8	0.0131982
418.9	0.0131471
419	0.0130888
419.1	0.0130298
419.2	0.012971
419.3	0.0129151
419.4	0.0128627
419.5	0.0128164
419.6	0.0127724
419.7	0.0127291
419.8	0.0126866
419.9	0.0126421
420	0.0125944
420.1	0.0125477
420.2	0.0125031
420.3	0.0124642
420.4	0.0124294
420.5	0.0124035
420.6	0.0123771
420.7	0.0123485
420.8	0.012315
420.9	0.0122751
421	0.0122331
421.1	0.0121931
421.2	0.0121539
421.3	0.0121163
421.4	0.0120887
421.5	0.012067
421.6	0.0120476
421.7	0.0120345
421.8	0.0120222
421.9	0.0120085
422	0.0119955
422.1	0.0119803
422.2	0.0119647
422.3	0.0119472
422.4	0.0119286
422.5	0.0119049
422.6	0.0118797
422.7	0.0118555
422.8	0.0118318
422.9	0.0118102
423	0.0117871
423.1	0.0117604
423.2	0.0117341
423.3	0.0117085
423.4	0.0116891
423.5	0.0116766
423.6	0.0116659
423.7	0.0116599
423.8	0.0116462
423.9	0.0116252
424	0.0116001
424.1	0.0115736
424.2	0.0115422
424.3	0.0115053
424.4	0.0114666
424.5	0.0114273
424.6	0.0113912
424.7	0.0113599
424.8	0.0113312
424.9	0.0113046
425	0.0112747
425.1	0.0112449
425.2	0.0112166
425.3	0.0111906
425.4	0.0111658
425.5	0.0111402
425.6	0.0111154
425.7	0.0110888
425.8	0.011068
425.9	0.0110497
426	0.011029
426.1	0.0110096
426.2	0.0109882
426.3	0.0109662
426.4	0.0109414
426.5	0.0109126
426.6	0.010879
426.7	0.0108454
426.8	0.0108081
426.9	0.0107741
427	0.0107464
427.1	0.0107206
427.2	0.0106899
427.3	0.0106555
427.4	0.0106228
427.5	0.0105895
427.6	0.0105561
427.7	0.0105163
427.8	0.0104758
427.9	0.0104408
428	0.0104098
428.1	0.0103834
428.2	0.0103578
428.3	0.0103301
428.4	0.0103038
428.5	0.0102797
428.6	0.0102583
428.7	0.0102362
428.8	0.0102157
428.9	0.0101944
429	0.0101698
429.1	0.0101438
429.2	0.0101174
429.3	0.0100896
429.4	0.0100611
429.5	0.0100344
429.6	0.0100095
429.7	0.00998453
429.8	0.00995918
429.9	0.00993136
430	0.00990121
430.1	0.00986485
430.2	0.00982548
430.3	0.00978661
430.4	0.00975164
430.5	0.00971724
430.6	0.00967694
430.7	0.00963126
430.8	0.00958533
430.9	0.00954026
431	0.00949739
431.1	0.00945409
431.2	0.00941718
431.3	0.00938458
431.4	0.0093487
431.5	0.00931522
431.6	0.00928312
431.7	0.00925173
431.8	0.00922293
431.9	0.00919846
432	0.00917961
432.1	0.00916429
432.2	0.00915024
432.3	0.0091363
432.4	0.00911825
432.5	0.00909755
432.6	0.00907382
432.7	0.0090542
432.8	0.00903727
432.9	0.00902475
433	0.00900991
433.1	0.00899872
433.2	0.00898444
433.3	0.00897183
433.4	0.00895938
433.5	0.00894422
433.6	0.00892665
433.7	0.00890657
433.8	0.00888663
433.9	0.00886746
434	0.00884901
434.1	0.00883022
434.2	0.00881398
434.3	0.00879981
434.4	0.00878343
434.5	0.00876691
434.6	0.00874813
434.7	0.0087265
434.8	0.00870294
434.9	0.0086743
435	0.00864374
435.1	0.00861603
435.2	0.00858872
435.3	0.00855618
435.4	0.00851887
435.5	0.00848119
435.6	0.00844535
435.7	0.00840574
435.8	0.00836092
435.9	0.00831366
436	0.0082667
436.1	0.00822107
436.2	0.00817478
436.3	0.00812938
436.4	0.00808393
436.5	0.00803704
436.6	0.00798997
436.7	0.00793857
436.8	0.00788054
436.9	0.00782171
437	0.00776294
437.1	0.00770997
437.2	0.00766416
437.3	0.00762192
437.4	0.00758681
437.5	0.00755082
437.6	0.00751498
437.7	0.00747911
437.8	0.00744378
437.9	0.00741654
438	0.00738904
438.1	0.00736443
438.2	0.00734307
438.3	0.0073213
438.4	0.00729698
438.5	0.00727186
438.6	0.0072498
438.7	0.00722769
438.8	0.00720451
438.9	0.00718038
439	0.00715366
439.1	0.00712738
439.2	0.00710693
439.3	0.00709337
439.4	0.00708555
439.5	0.00707824
439.6	0.00706625
439.7	0.00704875
439.8	0.00702203
439.9	0.00699317
440	0.00696654
440.1	0.00694114
440.2	0.00691361
440.3	0.00688531
440.4	0.00685835
440.5	0.00683214
440.6	0.00680539
440.7	0.00677787
440.8	0.00674512
440.9	0.0067148
441	0.00668517
441.1	0.00665748
441.2	0.00662773
441.3	0.00659326
441.4	0.0065538
441.5	0.00650295
441.6	0.0064495
441.7	0.00639914
441.8	0.00635123
441.9	0.00630689
442	0.00626183
442.1	0.00621672
442.2	0.00616982
442.3	0.0061209
442.4	0.00606683
442.5	0.00600914
442.6	0.00595417
442.7	0.00589757
442.8	0.00584268
442.9	0.00578785
443	0.00574022
443.1	0.00569055
443.2	0.00564075
443.3	0.0055883
443.4	0.00552961
443.5	0.00546774
443.6	0.00540349
443.7	0.00533859
443.8	0.00527025
443.9	0.00519593
444	0.00511199
444.1	0.0050267
444.2	0.00493837
444.3	0.00484377
444.4	0.00475309
444.5	0.00466584
444.6	0.00457878
444.7	0.0044924
444.8	0.00440596
444.9	0.00432589
445	0.00424901
445.1	0.00417079
445.2	0.00408663
445.3	0.0040025
445.4	0.00392254
445.5	0.00384474
445.6	0.00377449
445.7	0.00370393
445.8	0.00363621
445.9	0.00357304
446	0.00350961
446.1	0.00344858
446.2	0.00338842
446.3	0.00333296
446.4	0.00328186
446.5	0.00323407
446.6	0.00318921
446.7	0.00314291
446.8	0.00309449
446.9	0.00304453
447	0.00299118
447.1	0.00293754
447.2	0.00288665
447.3	0.00283523
447.4	0.00278243
447.5	0.0027261
447.6	0.00267049
447.7	0.00261342
447.8	0.0025514
447.9	0.00249286
448	0.00243823
448.1	0.00238876
448.2	0.00234018
448.3	0.00229862
448.4	0.00225541
448.5	0.00221496
448.6	0.00217611
448.7	0.00214341
448.8	0.00210852
448.9	0.00207039
449	0.00202424
449.1	0.0019747
449.2	0.00192597
449.3	0.00188301
449.4	0.00184121
449.5	0.00180143
449.6	0.00175816
449.7	0.00171186
449.8	0.00165818
449.9	0.00160148
450	0.0015449
450.1	0.00149273
450.2	0.00144531
450.3	0.00139927
450.4	0.00135399
450.5	0.00130809
450.6	0.00125742
450.7	0.00120446
450.8	0.00114896
450.9	0.00108907
451	0.00102289
451.1	0.000957709
451.2	0.000894919
451.3	0.000831221
451.4	0.000767149
451.5	0.000702552
451.6	0.000636878
451.7	0.000570204
451.8	0.00050431
451.9	0.000438146
452	0.000370746
452.1	0.000305933
452.2	0.000242041
452.3	0.000174864
452.4	0.000107199
452.5	4.17547e-05
452.6	-2.16785e-05
452.7	-8.42494e-05
452.8	-0.000148535
452.9	-0.000210075
453	-0.000280139
453.1	-0.000354006
453.2	-0.000433315
453.3	-0.000517752
453.4	-0.000603019
453.5	-0.000682159
453.6	-0.000757094
453.7	-0.000827777
453.8	-0.000897693
453.9	-0.000967097
454	-0.00103676
454.1	-0.00110501
454.2	-0.00117644
454.3	-0.00124665
454.4	-0.00131682
454.5	-0.00137908
454.6	-0.00143572
454.7	-0.00149011
454.8	-0.00154182
454.9	-0.00158814
455	-0.0016276
455.1	-0.00166266
455.2	-0.00169489
455.3	-0.00172699
455.4	-0.00176374
455.5	-0.00180092
455.6	-0.00183676
455.7	-0.00187253
455.8	-0.00190319
455.9	-0.00193479
456	-0.00196344
456.1	-0.00198751
456.2	-0.00200843
456.3	-0.00202792
456.4	-0.00204712
456.5	-0.00207001
456.6	-0.00209518
456.7	-0.00211643
456.8	-0.00213504
456.9	-0.00214694
457	-0.00215882
457.1	-0.00217308
457.2	-0.00219023
457.3	-0.00220968
457.4	-0.00222845
457.5	-0.00224698
457.6	-0.00226804
457.7	-0.00229756
457.8	-0.00233613
457.9	-0.00237485
458	-0.00241044
458.1	-0.00245201
458.2	-0.00249675
458.3	-0.00254188
458.4	-0.00258473
458.5	-0.00262788
458.6	-0.00266911
458.7	-0.00271093
458.8	-0.00274924
458.9	-0.00278558
459	-0.0028235
459.1	-0.00286401
459.2	-0.00290661
459.3	-0.00294689
459.4	-0.00298666
459.5	-0.00302625
459.6	-0.00306524
459.7	-0.00309802
459.8	-0.00312627
459.9	-0.0031532
460	-0.00318057
460.1	-0.00320738
460.2	-0.0032347
460.3	-0.00326003
460.4	-0.00328406
460.5	-0.00330884
460.6	-0.00333724
460.7	-0.00336753
460.8	-0.0033998
460.9	-0.00343777
461	-0.00348163
461.1	-0.00352932
461.2	-0.0035753
461.3	-0.00362364
461.4	-0.00367668
461.5	-0.00373423
461.6	-0.00379459
461.7	-0.0038567
461.8	-0.00392358
461.9	-0.00399064
462	-0.00405442
462.1	-0.00411394
462.2	-0.00416658
462.3	-0.00421738
462.4	-0.0042678
462.5	-0.0043232
462.6	-0.00438335
462.7	-0.00444422
462.8	-0.00450075
462.9	-0.00455048
463	-0.00459708
463.1	-0.00464168
463.2	-0.004683
463.3	-0.00472176
463.4	-0.00476105
463.5	-0.00480378
463.6	-0.00485114
463.7	-0.00490182
463.8	-0.00495322
463.9	-0.00500414
464	-0.00505667
464.1	-0.00510736
464.2	-0.00515598
464.3	-0.0052032
464.4	-0.00525063
464.5	-0.00529351
464.6	-0.00533732
464.7	-0.00538079
464.8	-0.00542267
464.9	-0.00546526
465	-0.00550951
465.1	-0.00555535
465.2	-0.0056052
465.3	-0.00566187
465.4	-0.00572103
465.5	-0.00578408
465.6	-0.00585014
465.7	-0.0059142
465.8	-0.00597805
465.9	-0.00603937
466	-0.00609603
466.1	-0.00614866
466.2	-0.00620329
466.3	-0.00625843
466.4	-0.00631041
466.5	-0.006359
466.6	-0.00640458
466.7	-0.0064456
466.8	-0.00648143
466.9	-0.00651206
467	-0.00653973
467.1	-0.00657076
467.2	-0.00660083
467.3	-0.00663263
467.4	-0.00666694
467.5	-0.0066991
467.6	-0.00673436
467.7	-0.00677064
467.8	-0.0068105
467.9	-0.00685332
468	-0.00689356
468.1	-0.00693454
468.2	-0.00697804
468.3	-0.00702218
468.4	-0.00706246
468.5	-0.00710066
468.6	-0.00714001
468.7	-0.00717727
468.8	-0.00721045
468.9	-0.00724216
469	-0.00727262
469.1	-0.00730302
469.2	-0.00733362
469.3	-0.007365
469.4	-0.0073926
469.5	-0.0074216
469.6	-0.00745181
469.7	-0.00747897
469.8	-0.00750614
469.9	-0.00753017
470	-0.00755168
470.1	-0.00756974
470.2	-0.00758825
470.3	-0.00760769
470.4	-0.00762464
470.5	-0.00763816
470.6	-0.00764445
470.7	-0.00765658
470.8	-0.00767136
470.9	-0.00768776
471	-0.0077088
471.1	-0.0077289
471.2	-0.00774987
471.3	-0.00776713
471.4	-0.00778002
471.5	-0.00778892
471.6	-0.00779266
471.7	-0.00779511
471.8	-0.00779354
471.9	-0.00778908
472	-0.00778282
472.1	-0.00777658
472.2	-0.00777089
472.3	-0.00776459
472.4	-0.00775498
472.5	-0.00774063
472.6	-0.00772883
472.7	-0.00772347
472.8	-0.00772451
472.9	-0.00773224
473	-0.0077481
473.1	-0.0077701
473.2	-0.00779133
473.3	-0.00780817
473.4	-0.00782082
473.5	-0.0078337
473.6	-0.00785118
473.7	-0.00786889
473.8	-0.00788591
473.9	-0.00790973
474	-0.00793078
474.1	-0.00795222
474.2	-0.00797373
474.3	-0.00799878
474.4	-0.00802523
474.5	-0.00805157
474.6	-0.00807998
474.7	-0.00810412
474.8	-0.00812743
474.9	-0.00815215
475	-0.00818113
475.1	-0.0082101
475.2	-0.00823792
475.3	-0.00826793
475.4	-0.00829758
475.5	-0.00832955
475.6	-0.00836199
475.7	-0.00839066
475.8	-0.00841479
475.9	-0.00843607
476	-0.00845456
476.1	-0.00847412
476.2	-0.00849532
476.3	-0.0085193
476.4	-0.00854664
476.5	-0.0085791
476.6	-0.00860926
476.7	-0.00863766
476.8	-0.00866675
476.9	-0.00869681
477	-0.00872982
477.1	-0.00876527
477.2	-0.00880347
477.3	-0.00884242
477.4	-0.00887582
477.5	-0.00890447
477.6	-0.00893537
477.7	-0.00896835
477.8	-0.00900504
477.9	-0.00904427
478	-0.00908811
478.1	-0.00912931
478.2	-0.00916884
478.3	-0.00920856
478.4	-0.00924831
478.5	-0.00928847
478.6	-0.00933161
478.7	-0.0093763
478.8	-0.0094215
478.9	-0.00946261
479	-0.00950446
479.1	-0.00954883
479.2	-0.00959026
479.3	-0.00963508
479.4	-0.00967705
479.5	-0.00971989
479.6	-0.0097628
479.7	-0.00980772
479.8	-0.00985793
479.9	-0.0099091
480	-0.00996092
480.1	-0.0100139
480.2	-0.0100695
480.3	-0.0101266
480.4	-0.0101858
480.5	-0.0102383
480.6	-0.0102863
480.7	-0.010335
480.8	-0.0103814
480.9	-0.0104258
481	-0.0104656
481.1	-0.0105051
481.2	-0.0105387
481.3	-0.0105689
481.4	-0.0105946
481.5	-0.0106192
481.6	-0.0106445
481.7	-0.0106663
481.8	-0.0106845
481.9	-0.0107018
482	-0.0107214
482.1	-0.0107386
482.2	-0.010758
482.3	-0.0107793
482.4	-0.0108042
482.5	-0.0108269
482.6	-0.0108467
482.7	-0.0108615
482.8	-0.0108727
482.9	-0.0108872
483	-0.0108953
483.1	-0.0108985
483.2	-0.0108987
483.3	-0.0109027
483.4	-0.0109051
483.5	-0.0109039
483.6	-0.0108973
483.7	-0.0108852
483.8	-0.0108679
483.9	-0.0108527
484	-0.0108368
484.1	-0.0108191
484.2	-0.0107978
484.3	-0.010778
484.4	-0.010758
484.5	-0.0107355
484.6	-0.0107122
484.7	-0.0106844
484.8	-0.0106541
484.9	-0.0106201
485	-0.0105856
485.1	-0.0105519
485.2	-0.0105139
485.3	-0.0104673
485.4	-0.01041
485.5	-0.01035
485.6	-0.0102874
485.7	-0.0102209
485.8	-0.0101513
485.9	-0.0100792
486	-0.0100001
486.1	-0.00992127
486.2	-0.00984012
486.3	-0.00975575
486.4	-0.00967159
486.5	-0.00959363
486.6	-0.00952231
486.7	-0.00945601
486.8	-0.0093963
486.9	-0.0093404
487	-0.00928815
487.1	-0.00923507
487.2	-0.00917744
487.3	-0.00911573
487.4	-0.00905284
487.5	-0.00898316
487.6	-0.00891627
487.7	-0.00885482
487.8	-0.00879278
487.9	-0.00873042
488	-0.00867107
488.1	-0.00861331
488.2	-0.00855169
488.3	-0.00848366
488.4	-0.0084104
488.5	-0.00834053
488.6	-0.00827466
488.7	-0.00821236
488.8	-0.00815537
488.9	-0.00810144
489	-0.00804979
489.1	-0.00800302
489.2	-0.00795871
489.3	-0.00791416
489.4	-0.00786772
489.5	-0.00782101
489.6	-0.00777344
489.7	-0.00772903
489.8	-0.00768635
489.9	-0.0076482
490	-0.00761258
490.1	-0.00757174
490.2	-0.00752497
490.3	-0.0074725
490.4	-0.00741795
490.5	-0.00735692
490.6	-0.00728901
490.7	-0.00721917
490.8	-0.0071432
490.9	-0.00706389
491	-0.00698089
491.1	-0.00689091
491.2	-0.0068007
491.3	-0.00670713
491.4	-0.00661028
491.5	-0.00651609
491.6	-0.00642108
491.7	-0.00632106
491.8	-0.00622421
491.9	-0.00612746
492	-0.00603587
492.1	-0.00594581
492.2	-0.00585601
492.3	-0.00576754
492.4	-0.00568075
492.5	-0.00559297
492.6	-0.00550598
492.7	-0.00541503
492.8	-0.005322
492.9	-0.0052307
493	-0.00513646
493.1	-0.0050377
493.2	-0.00493867
493.3	-0.00484104
493.4	-0.0047484
493.5	-0.00466062
493.6	-0.00457268
493.7	-0.00448033
493.8	-0.00438426
493.9	-0.0042925
494	-0.0041977
494.1	-0.0040972
494.2	-0.00400017
494.3	-0.00390857
494.4	-0.0038158
494.5	-0.00372173
494.6	-0.00363171
494.7	-0.00353954
494.8	-0.0034447
494.9	-0.0033457
495	-0.00324662
495.1	-0.00314914
495.2	-0.00304909
495.3	-0.00294141
495.4	-0.00283024
495.5	-0.0027199
495.6	-0.0026136
495.7	-0.00249989
495.8	-0.00238576
495.9	-0.00227492
496	-0.00216769
496.1	-0.00206454
496.2	-0.00196115
496.3	-0.00185828
496.4	-0.00175523
496.5	-0.00165515
496.6	-0.00155947
496.7	-0.00146894
496.8	-0.00138105
496.9	-0.00129853
497	-0.00121879
497.1	-0.00113749
497.2	-0.00105246
497.3	-0.000968952
497.4	-0.000893925
497.5	-0.000822135
497.6	-0.000755899
497.7	-0.000689972
497.8	-0.000621099
497.9	-0.000547533
498	-0.000474322
498.1	-0.000397608
498.2	-0.000317764
498.3	-0.000229757
498.4	-0.000136334
498.5	-4.05934e-05
498.6	5.75616e-05
498.7	0.000155228
498.8	0.000251081
498.9	0.00034465
499	0.000438008
499.1	0.0005333
499.2	0.000628836
499.3	0.00072537
499.4	0.000824305
499.5	0.000923732
499.6	0.00102482
499.7	0.00112383
499.8	0.00121649
499.9	0.00130886
500	0.00140198
