LagTime	Correlation

0	0.669939
0.1	0.664922
0.2	0.657447
0.3	0.649434
0.4	0.641359
0.5	0.633347
0.6	0.625426
0.7	0.617598
0.8	0.609864
0.9	0.602227
1	0.594683
1.1	0.587232
1.2	0.579876
1.3	0.572617
1.4	0.565456
1.5	0.558391
1.6	0.55141
1.7	0.544512
1.8	0.537696
1.9	0.530963
2	0.524314
2.1	0.517746
2.2	0.511264
2.3	0.504865
2.4	0.498552
2.5	0.492325
2.6	0.486175
2.7	0.480103
2.8	0.474106
2.9	0.468184
3	0.462336
3.1	0.456564
3.2	0.450869
3.3	0.445248
3.4	0.439701
3.5	0.434224
3.6	0.428816
3.7	0.423477
3.8	0.41821
3.9	0.413011
4	0.40788
4.1	0.402812
4.2	0.397801
4.3	0.392854
4.4	0.387971
4.5	0.383152
4.6	0.378396
4.7	0.373698
4.8	0.369054
4.9	0.364467
5	0.359934
5.1	0.355453
5.2	0.351026
5.3	0.346656
5.4	0.342346
5.5	0.338091
5.6	0.333889
5.7	0.32974
5.8	0.325638
5.9	0.321579
6	0.317567
6.1	0.313604
6.2	0.309689
6.3	0.305819
6.4	0.302
6.5	0.298237
6.6	0.294521
6.7	0.290849
6.8	0.287219
6.9	0.283633
7	0.280093
7.1	0.276592
7.2	0.273132
7.3	0.269714
7.4	0.266341
7.5	0.26301
7.6	0.25972
7.7	0.256472
7.8	0.253267
7.9	0.250106
8	0.246984
8.1	0.243906
8.2	0.240868
8.3	0.23787
8.4	0.234915
8.5	0.231996
8.6	0.229116
8.7	0.226276
8.8	0.223471
8.9	0.220701
9	0.217965
9.1	0.215257
9.2	0.212579
9.3	0.209934
9.4	0.207325
9.5	0.204747
9.6	0.202206
9.7	0.199697
9.8	0.197217
9.9	0.194766
10	0.19235
10.1	0.189961
10.2	0.187599
10.3	0.185266
10.4	0.182963
10.5	0.180692
10.6	0.178449
10.7	0.176234
10.8	0.174049
10.9	0.17189
11	0.169758
11.1	0.167644
11.2	0.165549
11.3	0.163472
11.4	0.161412
11.5	0.159376
11.6	0.157367
11.7	0.155386
11.8	0.153429
11.9	0.151496
12	0.149589
12.1	0.147704
12.2	0.145837
12.3	0.143989
12.4	0.142163
12.5	0.140364
12.6	0.138591
12.7	0.136844
12.8	0.135119
12.9	0.133415
13	0.131733
13.1	0.130066
13.2	0.128424
13.3	0.126803
13.4	0.125203
13.5	0.123626
13.6	0.122068
13.7	0.12053
13.8	0.119015
13.9	0.11752
14	0.116046
14.1	0.114588
14.2	0.113146
14.3	0.111718
14.4	0.110304
14.5	0.108896
14.6	0.107504
14.7	0.106134
14.8	0.104781
14.9	0.103448
15	0.102132
15.1	0.100833
15.2	0.0995516
15.3	0.0982918
15.4	0.0970516
15.5	0.0958298
15.6	0.0946234
15.7	0.0934346
15.8	0.0922609
15.9	0.0911099
16	0.0899742
16.1	0.0888558
16.2	0.0877581
16.3	0.0866768
16.4	0.0856132
16.5	0.0845663
16.6	0.0835339
16.7	0.0825163
16.8	0.0815096
16.9	0.0805075
17	0.0795199
17.1	0.0785503
17.2	0.0775942
17.3	0.0766454
17.4	0.0757038
17.5	0.0747686
17.6	0.0738394
17.7	0.0729167
17.8	0.0720028
17.9	0.071093
18	0.0701899
18.1	0.0692922
18.2	0.0684043
18.3	0.0675219
18.4	0.066656
18.5	0.0658009
18.6	0.06496
18.7	0.0641306
18.8	0.0633168
18.9	0.0625173
19	0.0617335
19.1	0.0609579
19.2	0.0601937
19.3	0.0594355
19.4	0.058682
19.5	0.0579321
19.6	0.0571883
19.7	0.0564496
19.8	0.0557196
19.9	0.0549963
20	0.0542824
20.1	0.0535759
20.2	0.052876
20.3	0.0521847
20.4	0.0515
20.5	0.0508218
20.6	0.0501474
20.7	0.0494784
20.8	0.0488177
20.9	0.0481659
21	0.0475249
21.1	0.0468908
21.2	0.0462656
21.3	0.045653
21.4	0.0450551
21.5	0.0444701
21.6	0.0438994
21.7	0.0433341
21.8	0.0427772
21.9	0.0422288
22	0.0416846
22.1	0.041144
22.2	0.0406138
22.3	0.0400921
22.4	0.039575
22.5	0.0390607
22.6	0.0385523
22.7	0.0380505
22.8	0.0375543
22.9	0.037062
23	0.0365735
23.1	0.0360933
23.2	0.0356188
23.3	0.0351529
23.4	0.034695
23.5	0.0342482
23.6	0.0338098
23.7	0.0333756
23.8	0.0329491
23.9	0.0325328
24	0.0321245
24.1	0.0317245
24.2	0.0313295
24.3	0.0309416
24.4	0.0305562
24.5	0.0301742
24.6	0.0298002
24.7	0.0294333
24.8	0.029069
24.9	0.0287108
25	0.0283587
25.1	0.0280132
25.2	0.0276716
25.3	0.027333
25.4	0.0269996
25.5	0.0266663
25.6	0.0263329
25.7	0.0259998
25.8	0.0256736
25.9	0.025358
26	0.0250515
26.1	0.0247511
26.2	0.0244621
26.3	0.0241831
26.4	0.0239084
26.5	0.0236369
26.6	0.0233657
26.7	0.023099
26.8	0.0228349
26.9	0.0225711
27	0.0223094
27.1	0.0220455
27.2	0.0217801
27.3	0.021517
27.4	0.021257
27.5	0.0209979
27.6	0.0207386
27.7	0.0204764
27.8	0.0202162
27.9	0.0199547
28	0.0196956
28.1	0.0194436
28.2	0.0192024
28.3	0.0189688
28.4	0.0187394
28.5	0.0185165
28.6	0.0183024
28.7	0.0180903
28.8	0.0178774
28.9	0.0176622
29	0.0174507
29.1	0.0172476
29.2	0.0170495
29.3	0.0168516
29.4	0.0166566
29.5	0.0164612
29.6	0.0162656
29.7	0.0160755
29.8	0.0158879
29.9	0.0157047
30	0.0155285
30.1	0.015356
30.2	0.0151873
30.3	0.0150271
30.4	0.0148798
30.5	0.0147426
30.6	0.0146128
30.7	0.0144851
30.8	0.0143582
30.9	0.0142344
31	0.0141096
31.1	0.013989
31.2	0.0138726
31.3	0.0137535
31.4	0.0136372
31.5	0.0135198
31.6	0.0134035
31.7	0.0132918
31.8	0.0131862
31.9	0.0130834
32	0.0129821
32.1	0.0128751
32.2	0.0127665
32.3	0.0126569
32.4	0.0125498
32.5	0.0124436
32.6	0.0123405
32.7	0.0122359
32.8	0.0121269
32.9	0.0120158
33	0.0119068
33.1	0.0118059
33.2	0.0117098
33.3	0.0116176
33.4	0.0115282
33.5	0.0114422
33.6	0.0113591
33.7	0.0112796
33.8	0.0112073
33.9	0.0111406
34	0.0110749
34.1	0.0110112
34.2	0.0109507
34.3	0.010893
34.4	0.010835
34.5	0.0107818
34.6	0.0107314
34.7	0.0106845
34.8	0.0106403
34.9	0.0105979
35	0.0105525
35.1	0.0105047
35.2	0.0104573
35.3	0.0104098
35.4	0.0103613
35.5	0.0103083
35.6	0.0102517
35.7	0.0101906
35.8	0.0101263
35.9	0.0100626
36	0.00999839
36.1	0.0099352
36.2	0.00987594
36.3	0.00981779
36.4	0.00975901
36.5	0.00969911
36.6	0.00963052
36.7	0.00955781
36.8	0.00948127
36.9	0.00939961
37	0.00931327
37.1	0.00922682
37.2	0.00913953
37.3	0.00904649
37.4	0.00894711
37.5	0.00884711
37.6	0.00874659
37.7	0.0086465
37.8	0.00854041
37.9	0.00842628
38	0.00831183
38.1	0.00820014
38.2	0.00808656
38.3	0.00797418
38.4	0.00786046
38.5	0.00774539
38.6	0.00763453
38.7	0.00753048
38.8	0.00742814
38.9	0.00732903
39	0.00723698
39.1	0.00715063
39.2	0.00707161
39.3	0.00699317
39.4	0.00691373
39.5	0.00683927
39.6	0.00676505
39.7	0.00669112
39.8	0.00661936
39.9	0.00654953
40	0.00648323
40.1	0.00642358
40.2	0.00636988
40.3	0.00631833
40.4	0.00626142
40.5	0.00619517
40.6	0.00612791
40.7	0.00606257
40.8	0.00600479
40.9	0.00594888
41	0.0058915
41.1	0.0058345
41.2	0.00577914
41.3	0.00572563
41.4	0.00567449
41.5	0.0056178
41.6	0.00555505
41.7	0.0054863
41.8	0.00541717
41.9	0.00534821
42	0.00527758
42.1	0.00521143
42.2	0.00514564
42.3	0.00507726
42.4	0.00500857
42.5	0.0049452
42.6	0.00488555
42.7	0.00482327
42.8	0.00476267
42.9	0.00470284
43	0.00463935
43.1	0.00457363
43.2	0.0045075
43.3	0.00444112
43.4	0.00437707
43.5	0.00431896
43.6	0.00426085
43.7	0.00419761
43.8	0.00413263
43.9	0.00406765
44	0.00400399
44.1	0.00394424
44.2	0.0038874
44.3	0.00383634
44.4	0.0037881
44.5	0.00373966
44.6	0.00368948
44.7	0.00364265
44.8	0.00359586
44.9	0.00355056
45	0.00350787
45.1	0.0034673
45.2	0.00342292
45.3	0.00337505
45.4	0.00332706
45.5	0.00328077
45.6	0.00323166
45.7	0.00318085
45.8	0.00313042
45.9	0.00307767
46	0.00302401
46.1	0.00296788
46.2	0.00290607
46.3	0.00284239
46.4	0.00278346
46.5	0.00273059
46.6	0.00267804
46.7	0.00262429
46.8	0.00257388
46.9	0.0025297
47	0.00248856
47.1	0.00244959
47.2	0.00240694
47.3	0.00236435
47.4	0.00232023
47.5	0.0022771
47.6	0.00223342
47.7	0.00219367
47.8	0.00215961
47.9	0.00212809
48	0.00209695
48.1	0.00206995
48.2	0.00204139
48.3	0.00200985
48.4	0.00197908
48.5	0.00194847
48.6	0.00191744
48.7	0.00188826
48.8	0.00185819
48.9	0.00182093
49	0.00178148
49.1	0.00173885
49.2	0.00169425
49.3	0.00164988
49.4	0.00161068
49.5	0.00158276
49.6	0.00155674
49.7	0.00153408
49.8	0.00151213
49.9	0.00149546
50	0.00148741
50.1	0.00148386
50.2	0.00148043
50.3	0.00147608
50.4	0.00146767
50.5	0.0014558
50.6	0.00144486
50.7	0.00143341
50.8	0.00142239
50.9	0.00141797
51	0.00141849
51.1	0.00141638
51.2	0.0014099
51.3	0.00140134
51.4	0.00139691
51.5	0.00139695
51.6	0.00140182
51.7	0.00140511
51.8	0.00140484
51.9	0.001402
52	0.00139293
52.1	0.00138173
52.2	0.00137131
52.3	0.00136038
52.4	0.00134965
52.5	0.0013411
52.6	0.00133147
52.7	0.00132346
52.8	0.00131514
52.9	0.00130652
53	0.00129587
53.1	0.00128275
53.2	0.00126162
53.3	0.00123656
53.4	0.00120893
53.5	0.00118216
53.6	0.00116092
53.7	0.00114696
53.8	0.00113369
53.9	0.00112401
54	0.00112082
54.1	0.00111841
54.2	0.00112274
54.3	0.00112889
54.4	0.00113693
54.5	0.00114226
54.6	0.00114319
54.7	0.00113962
54.8	0.00113242
54.9	0.00111953
55	0.00110372
55.1	0.0010933
55.2	0.00108644
55.3	0.00107807
55.4	0.00107347
55.5	0.00107348
55.6	0.00107232
55.7	0.00106435
55.8	0.00104746
55.9	0.00102487
56	0.00100341
56.1	0.000986343
56.2	0.000974663
56.3	0.000965965
56.4	0.000958697
56.5	0.000954079
56.6	0.00095312
56.7	0.000953152
56.8	0.000955381
56.9	0.000957562
57	0.000962947
57.1	0.000967894
57.2	0.000978433
57.3	0.000991989
57.4	0.00100723
57.5	0.00102118
57.6	0.00103115
57.7	0.00103542
57.8	0.00103332
57.9	0.00103032
58	0.00102823
58.1	0.00102801
58.2	0.00102675
58.3	0.00102354
58.4	0.00101711
58.5	0.0010107
58.6	0.00100759
58.7	0.00100479
58.8	0.00100661
58.9	0.00100848
59	0.00101509
59.1	0.00102045
59.2	0.00102393
59.3	0.00103155
59.4	0.00104261
59.5	0.00105396
59.6	0.00106547
59.7	0.00107877
59.8	0.00109039
59.9	0.00109834
60	0.00111003
60.1	0.00112713
60.2	0.00114344
60.3	0.0011634
60.4	0.00118599
60.5	0.00121024
60.6	0.00123743
60.7	0.00126374
60.8	0.00128897
60.9	0.00131834
61	0.00135058
61.1	0.00138416
61.2	0.00141631
61.3	0.00144533
61.4	0.00147202
61.5	0.00150109
61.6	0.00152814
61.7	0.00155702
61.8	0.0015892
61.9	0.00161957
62	0.00165044
62.1	0.00168391
62.2	0.00171905
62.3	0.00175395
62.4	0.00179169
62.5	0.00182532
62.6	0.00184996
62.7	0.00186735
62.8	0.00188034
62.9	0.0018915
63	0.00190433
63.1	0.00191635
63.2	0.00192304
63.3	0.00193028
63.4	0.00193698
63.5	0.00195141
63.6	0.00196979
63.7	0.00198728
63.8	0.00200249
63.9	0.00201229
64	0.00201761
64.1	0.00202268
64.2	0.00202616
64.3	0.00203133
64.4	0.00203988
64.5	0.00204872
64.6	0.00205862
64.7	0.00206991
64.8	0.0020742
64.9	0.00207884
65	0.0020834
65.1	0.0020833
65.2	0.00208192
65.3	0.00207963
65.4	0.00207231
65.5	0.00206436
65.6	0.0020637
65.7	0.00206825
65.8	0.00207092
65.9	0.00207097
66	0.00207118
66.1	0.00207648
66.2	0.00207922
66.3	0.00207677
66.4	0.00207227
66.5	0.00206546
66.6	0.00205694
66.7	0.00204667
66.8	0.00203892
66.9	0.00203656
67	0.00203431
67.1	0.00203479
67.2	0.0020317
67.3	0.00202949
67.4	0.00202676
67.5	0.00202453
67.6	0.00202739
67.7	0.00203072
67.8	0.00203422
67.9	0.00203769
68	0.00204072
68.1	0.00204235
68.2	0.00204427
68.3	0.00204713
68.4	0.00205092
68.5	0.00205396
68.6	0.00205359
68.7	0.00205457
68.8	0.00205591
68.9	0.00205821
69	0.00206251
69.1	0.0020704
69.2	0.00208112
69.3	0.00209361
69.4	0.00210761
69.5	0.00212412
69.6	0.00214098
69.7	0.00215791
69.8	0.00217496
69.9	0.00218731
70	0.00219754
70.1	0.00220344
70.2	0.00221069
70.3	0.00221515
70.4	0.00221662
70.5	0.00221758
70.6	0.00221879
70.7	0.00221794
70.8	0.00221465
70.9	0.00221292
71	0.0022088
71.1	0.0021997
71.2	0.00218897
71.3	0.00217466
71.4	0.00215794
71.5	0.00213885
71.6	0.00211887
71.7	0.00209638
71.8	0.00207262
71.9	0.00205162
72	0.00203153
72.1	0.00201323
72.2	0.00199863
72.3	0.00198428
72.4	0.00197019
72.5	0.00195833
72.6	0.0019487
72.7	0.00194297
72.8	0.00194191
72.9	0.00193746
73	0.00193192
73.1	0.00192271
73.2	0.00191191
73.3	0.00190087
73.4	0.00189291
73.5	0.00188353
73.6	0.00187031
73.7	0.0018546
73.8	0.00184129
73.9	0.00183262
74	0.00182859
74.1	0.00182657
74.2	0.00183175
74.3	0.0018448
74.4	0.0018639
74.5	0.00188181
74.6	0.00189796
74.7	0.00191517
74.8	0.00193782
74.9	0.00196333
75	0.00198626
75.1	0.00200638
75.2	0.00202223
75.3	0.00203177
75.4	0.0020366
75.5	0.00204292
75.6	0.00205449
75.7	0.00207143
75.8	0.00209018
75.9	0.00211329
76	0.00213574
76.1	0.00215667
76.2	0.00217315
76.3	0.00218421
76.4	0.00219374
76.5	0.00220041
76.6	0.00220755
76.7	0.00222008
76.8	0.00223338
76.9	0.00224447
77	0.00225201
77.1	0.00225262
77.2	0.00224917
77.3	0.00224202
77.4	0.00223165
77.5	0.002224
77.6	0.00221251
77.7	0.00219881
77.8	0.00218417
77.9	0.0021672
78	0.00214795
78.1	0.00211543
78.2	0.00208128
78.3	0.00204477
78.4	0.0020081
78.5	0.00197056
78.6	0.00193855
78.7	0.00190396
78.8	0.00186794
78.9	0.00183861
79	0.00181245
79.1	0.00178533
79.2	0.0017587
79.3	0.00172844
79.4	0.0017001
79.5	0.00167206
79.6	0.00164751
79.7	0.00162581
79.8	0.00160508
79.9	0.00157809
80	0.0015526
80.1	0.00152673
80.2	0.00149741
80.3	0.00146374
80.4	0.00143207
80.5	0.00140582
80.6	0.00138134
80.7	0.00135621
80.8	0.00132327
80.9	0.00128635
81	0.00125349
81.1	0.00122623
81.2	0.00120047
81.3	0.00117399
81.4	0.00115479
81.5	0.00113563
81.6	0.00111549
81.7	0.00109783
81.8	0.00108193
81.9	0.00106815
82	0.00105738
82.1	0.00104918
82.2	0.00104079
82.3	0.00103358
82.4	0.00102888
82.5	0.00102304
82.6	0.00101693
82.7	0.00100793
82.8	0.00100061
82.9	0.000993362
83	0.000986323
83.1	0.000979712
83.2	0.000974046
83.3	0.000973181
83.4	0.000978589
83.5	0.000993056
83.6	0.00101588
83.7	0.00104181
83.8	0.00106456
83.9	0.00108762
84	0.00111119
84.1	0.00113128
84.2	0.00115098
84.3	0.00117052
84.4	0.00118852
84.5	0.00120314
84.6	0.00121489
84.7	0.00122988
84.8	0.00124908
84.9	0.00127209
85	0.00130111
85.1	0.00133774
85.2	0.00137468
85.3	0.00141345
85.4	0.00145577
85.5	0.00149839
85.6	0.00153965
85.7	0.00158035
85.8	0.00161754
85.9	0.0016513
86	0.00168396
86.1	0.00172042
86.2	0.00176229
86.3	0.00180251
86.4	0.0018402
86.5	0.00187029
86.6	0.00189679
86.7	0.00192277
86.8	0.00194895
86.9	0.00197574
87	0.00200125
87.1	0.00202745
87.2	0.00205268
87.3	0.00207688
87.4	0.00210178
87.5	0.00212496
87.6	0.00214777
87.7	0.00217051
87.8	0.00219035
87.9	0.00220545
88	0.00222343
88.1	0.00223929
88.2	0.00225037
88.3	0.00225627
88.4	0.00225985
88.5	0.00226903
88.6	0.00228422
88.7	0.00230089
88.8	0.00231794
88.9	0.00233548
89	0.00235243
89.1	0.00236893
89.2	0.00238332
89.3	0.00239568
89.4	0.0024036
89.5	0.00240799
89.6	0.00241289
89.7	0.00241969
89.8	0.0024284
89.9	0.00243751
90	0.00244436
90.1	0.00244897
90.2	0.00245447
90.3	0.00245948
90.4	0.00246278
90.5	0.0024667
90.6	0.00247029
90.7	0.00247742
90.8	0.00249136
90.9	0.00250941
91	0.00253109
91.1	0.0025514
91.2	0.00256636
91.3	0.00258437
91.4	0.00260242
91.5	0.00261809
91.6	0.00263134
91.7	0.00263969
91.8	0.00264498
91.9	0.0026467
92	0.00264711
92.1	0.00264955
92.2	0.0026443
92.3	0.00263902
92.4	0.00263481
92.5	0.00263071
92.6	0.0026256
92.7	0.00262251
92.8	0.00261516
92.9	0.00260749
93	0.00260083
93.1	0.00259167
93.2	0.00257627
93.3	0.00255717
93.4	0.00254028
93.5	0.00251865
93.6	0.00249414
93.7	0.0024683
93.8	0.00244016
93.9	0.00241004
94	0.00238164
94.1	0.00235577
94.2	0.0023326
94.3	0.00231122
94.4	0.00228901
94.5	0.00227226
94.6	0.00225764
94.7	0.00224357
94.8	0.00222794
94.9	0.00220992
95	0.00219379
95.1	0.00218093
95.2	0.00216682
95.3	0.00214981
95.4	0.00213245
95.5	0.00212041
95.6	0.00211386
95.7	0.00211115
95.8	0.002107
95.9	0.00210284
96	0.00209196
96.1	0.00208341
96.2	0.0020746
96.3	0.00206214
96.4	0.00204389
96.5	0.00202396
96.6	0.00201055
96.7	0.00199793
96.8	0.0019878
96.9	0.00197435
97	0.00195892
97.1	0.00194216
97.2	0.00191888
97.3	0.00189196
97.4	0.00186025
97.5	0.00182469
97.6	0.001794
97.7	0.00176138
97.8	0.00172612
97.9	0.00168834
98	0.00165029
98.1	0.00161374
98.2	0.00158744
98.3	0.0015691
98.4	0.0015531
98.5	0.00153626
98.6	0.00151707
98.7	0.00148997
98.8	0.0014586
98.9	0.0014253
99	0.00139458
99.1	0.00136511
99.2	0.00133497
99.3	0.0013013
99.4	0.00127137
99.5	0.00124629
99.6	0.00121846
99.7	0.00118779
99.8	0.00115882
99.9	0.00112441
100	0.00108741
100.1	0.00105479
100.2	0.00102198
100.3	0.000991041
100.4	0.000968713
100.5	0.000956392
100.6	0.000948665
100.7	0.000945484
100.8	0.0009467
100.9	0.000943374
101	0.000935028
101.1	0.000926895
101.2	0.000924267
101.3	0.000923192
101.4	0.000919085
101.5	0.000917238
101.6	0.000913301
101.7	0.000906057
101.8	0.000899628
101.9	0.00089631
102	0.000895878
102.1	0.000894916
102.2	0.000888288
102.3	0.000877488
102.4	0.000860681
102.5	0.000839567
102.6	0.000815318
102.7	0.00078982
102.8	0.000760543
102.9	0.000734644
103	0.000708949
103.1	0.000684519
103.2	0.000665063
103.3	0.000652976
103.4	0.000643781
103.5	0.000626993
103.6	0.000608033
103.7	0.000588195
103.8	0.000566691
103.9	0.00054258
104	0.000521876
104.1	0.00050463
104.2	0.000484385
104.3	0.00045808
104.4	0.000425877
104.5	0.00038938
104.6	0.000355282
104.7	0.000320176
104.8	0.00028392
104.9	0.000248722
105	0.000218715
105.1	0.000191106
105.2	0.000167913
105.3	0.00014595
105.4	0.000125543
105.5	0.000106892
105.6	8.85294e-05
105.7	6.59012e-05
105.8	4.00982e-05
105.9	1.77432e-05
106	-4.90913e-06
106.1	-2.30988e-05
106.2	-3.6551e-05
106.3	-4.8279e-05
106.4	-5.95453e-05
106.5	-7.16901e-05
106.6	-8.08362e-05
106.7	-9.04912e-05
106.8	-0.000100173
106.9	-0.000111171
107	-0.000121585
107.1	-0.00013283
107.2	-0.000140633
107.3	-0.00015009
107.4	-0.000159594
107.5	-0.000165093
107.6	-0.000169221
107.7	-0.000178979
107.8	-0.000186975
107.9	-0.00019945
108	-0.000216224
108.1	-0.000233906
108.2	-0.000244923
108.3	-0.000250923
108.4	-0.000251435
108.5	-0.000250155
108.6	-0.000250291
108.7	-0.000248842
108.8	-0.000255119
108.9	-0.000262445
109	-0.000270127
109.1	-0.000275003
109.2	-0.000272207
109.3	-0.000265591
109.4	-0.000260541
109.5	-0.000252326
109.6	-0.00023825
109.7	-0.00022381
109.8	-0.000207483
109.9	-0.00018942
110	-0.000169982
110.1	-0.000153283
110.2	-0.000137518
110.3	-0.000124148
110.4	-0.000108321
110.5	-8.99154e-05
110.6	-6.97857e-05
110.7	-5.32236e-05
110.8	-4.39634e-05
110.9	-3.96397e-05
111	-3.80011e-05
111.1	-3.68385e-05
111.2	-4.04615e-05
111.3	-4.8225e-05
111.4	-5.88159e-05
111.5	-7.32258e-05
111.6	-8.56366e-05
111.7	-9.75404e-05
111.8	-0.00010586
111.9	-0.000109321
112	-0.000103931
112.1	-9.79896e-05
112.2	-9.15824e-05
112.3	-8.5639e-05
112.4	-8.12014e-05
112.5	-8.43135e-05
112.6	-9.28965e-05
112.7	-0.000102135
112.8	-0.000110338
112.9	-0.000124503
113	-0.000142709
113.1	-0.00016208
113.2	-0.000178434
113.3	-0.000190528
113.4	-0.000200367
113.5	-0.000215165
113.6	-0.000232697
113.7	-0.00025353
113.8	-0.000279516
113.9	-0.000309339
114	-0.000339488
114.1	-0.000369279
114.2	-0.000400036
114.3	-0.000433532
114.4	-0.000468513
114.5	-0.000505593
114.6	-0.000548672
114.7	-0.000592776
114.8	-0.00063521
114.9	-0.000677041
115	-0.000713635
115.1	-0.000743103
115.2	-0.000771328
115.3	-0.000799098
115.4	-0.00082984
115.5	-0.000860215
115.6	-0.000888512
115.7	-0.000916121
115.8	-0.00093945
115.9	-0.000959645
116	-0.000980371
116.1	-0.000996025
116.2	-0.00100759
116.3	-0.00101818
116.4	-0.00102586
116.5	-0.0010325
116.6	-0.0010398
116.7	-0.00104456
116.8	-0.00105539
116.9	-0.00107137
117	-0.0010932
117.1	-0.0011124
117.2	-0.00112597
117.3	-0.00114356
117.4	-0.00116812
117.5	-0.00120407
117.6	-0.00124537
117.7	-0.00129055
117.8	-0.00133896
117.9	-0.00139142
118	-0.00144035
118.1	-0.00148798
118.2	-0.00153039
118.3	-0.00157124
118.4	-0.00160982
118.5	-0.00164517
118.6	-0.00167885
118.7	-0.00171519
118.8	-0.00175004
118.9	-0.00178631
119	-0.00182046
119.1	-0.00185389
119.2	-0.00188337
119.3	-0.00191077
119.4	-0.00193559
119.5	-0.00195562
119.6	-0.00197676
119.7	-0.00200003
119.8	-0.00202669
119.9	-0.00205913
120	-0.00208886
120.1	-0.00211746
120.2	-0.00214519
120.3	-0.00217183
120.4	-0.00219325
120.5	-0.00221506
120.6	-0.00223237
120.7	-0.0022476
120.8	-0.00226667
120.9	-0.00228712
121	-0.00230792
121.1	-0.00232762
121.2	-0.00234166
121.3	-0.00235338
121.4	-0.00236124
121.5	-0.00236594
121.6	-0.002367
121.7	-0.00236531
121.8	-0.0023621
121.9	-0.00235869
122	-0.00235633
122.1	-0.00235401
122.2	-0.00235074
122.3	-0.00234486
122.4	-0.00233429
122.5	-0.00232463
122.6	-0.0023148
122.7	-0.00230754
122.8	-0.00230336
122.9	-0.00229876
123	-0.00229846
123.1	-0.0022964
123.2	-0.0022982
123.3	-0.00230341
123.4	-0.00231052
123.5	-0.00231986
123.6	-0.00232895
123.7	-0.00233263
123.8	-0.00232963
123.9	-0.00232248
124	-0.00231606
124.1	-0.0023042
124.2	-0.00228823
124.3	-0.0022705
124.4	-0.00225015
124.5	-0.00222978
124.6	-0.00221044
124.7	-0.00219283
124.8	-0.00217649
124.9	-0.00216174
125	-0.00215059
125.1	-0.00213819
125.2	-0.0021287
125.3	-0.00211911
125.4	-0.00210662
125.5	-0.00209489
125.6	-0.00208648
125.7	-0.00208026
125.8	-0.0020764
125.9	-0.00207535
126	-0.002073
126.1	-0.00206568
126.2	-0.00205341
126.3	-0.00203923
126.4	-0.00202307
126.5	-0.00200593
126.6	-0.0019852
126.7	-0.0019636
126.8	-0.00194243
126.9	-0.00192152
127	-0.00190427
127.1	-0.00189301
127.2	-0.00188342
127.3	-0.00187771
127.4	-0.00187136
127.5	-0.00186933
127.6	-0.00186592
127.7	-0.00186645
127.8	-0.0018748
127.9	-0.00188807
128	-0.00189943
128.1	-0.00191041
128.2	-0.00192716
128.3	-0.00194719
128.4	-0.00196388
128.5	-0.00197801
128.6	-0.00199121
128.7	-0.00200127
128.8	-0.00200592
128.9	-0.00200837
129	-0.00200927
129.1	-0.00200838
129.2	-0.00200995
129.3	-0.00201466
129.4	-0.00202297
129.5	-0.00203464
129.6	-0.00204852
129.7	-0.00206401
129.8	-0.00208348
129.9	-0.00210095
130	-0.00211331
130.1	-0.00212117
130.2	-0.00212558
130.3	-0.0021304
130.4	-0.00213757
130.5	-0.00214954
130.6	-0.00216568
130.7	-0.0021866
130.8	-0.00220936
130.9	-0.0022393
131	-0.0022716
131.1	-0.00230866
131.2	-0.00234923
131.3	-0.00238665
131.4	-0.00242371
131.5	-0.00246555
131.6	-0.00250648
131.7	-0.0025431
131.8	-0.00257986
131.9	-0.00261484
132	-0.00265505
132.1	-0.00269581
132.2	-0.00273704
132.3	-0.00277879
132.4	-0.00281979
132.5	-0.00286134
132.6	-0.002901
132.7	-0.00293808
132.8	-0.00297362
132.9	-0.00301193
133	-0.00305283
133.1	-0.00309863
133.2	-0.00314503
133.3	-0.0031911
133.4	-0.00323814
133.5	-0.003286
133.6	-0.00333674
133.7	-0.00338708
133.8	-0.00343662
133.9	-0.00348346
134	-0.00352794
134.1	-0.00357452
134.2	-0.00362755
134.3	-0.00368851
134.4	-0.00375275
134.5	-0.003818
134.6	-0.00387771
134.7	-0.00393646
134.8	-0.00399474
134.9	-0.00405263
135	-0.00411365
135.1	-0.00416975
135.2	-0.00422975
135.3	-0.00429054
135.4	-0.00434986
135.5	-0.00440686
135.6	-0.00445709
135.7	-0.00450637
135.8	-0.00455172
135.9	-0.00459435
136	-0.00463644
136.1	-0.00467433
136.2	-0.00471031
136.3	-0.0047463
136.4	-0.00478618
136.5	-0.00482114
136.6	-0.0048498
136.7	-0.00487541
136.8	-0.00489952
136.9	-0.0049203
137	-0.00493621
137.1	-0.00495012
137.2	-0.00496756
137.3	-0.00497892
137.4	-0.00498573
137.5	-0.00499189
137.6	-0.00499739
137.7	-0.00500556
137.8	-0.00501222
137.9	-0.0050172
138	-0.00502599
138.1	-0.00503674
138.2	-0.00504778
138.3	-0.00505962
138.4	-0.00507582
138.5	-0.00509681
138.6	-0.0051187
138.7	-0.00513665
138.8	-0.00514972
138.9	-0.00516099
139	-0.0051753
139.1	-0.00519234
139.2	-0.0052099
139.3	-0.00522895
139.4	-0.00524853
139.5	-0.00526568
139.6	-0.00527982
139.7	-0.00528747
139.8	-0.0052956
139.9	-0.00530437
140	-0.00530951
140.1	-0.00531426
140.2	-0.0053144
140.3	-0.00531118
140.4	-0.0053092
140.5	-0.0053068
140.6	-0.00529978
140.7	-0.00529069
140.8	-0.00528057
140.9	-0.00527133
141	-0.00525858
141.1	-0.00524012
141.2	-0.00521893
141.3	-0.0051974
141.4	-0.00517708
141.5	-0.0051593
141.6	-0.0051417
141.7	-0.00512421
141.8	-0.00510753
141.9	-0.00508916
142	-0.00507777
142.1	-0.0050639
142.2	-0.00505223
142.3	-0.00504301
142.4	-0.00503347
142.5	-0.00501749
142.6	-0.00499712
142.7	-0.00497442
142.8	-0.00494828
142.9	-0.00492246
143	-0.00489516
143.1	-0.00486719
143.2	-0.00483686
143.3	-0.00480697
143.4	-0.00478003
143.5	-0.00475383
143.6	-0.00472605
143.7	-0.00469687
143.8	-0.00466473
143.9	-0.00463563
144	-0.00460567
144.1	-0.00457132
144.2	-0.00453324
144.3	-0.00449403
144.4	-0.00445243
144.5	-0.00440882
144.6	-0.00436236
144.7	-0.0043166
144.8	-0.00427102
144.9	-0.00422739
145	-0.00418407
145.1	-0.00414023
145.2	-0.00409899
145.3	-0.00406027
145.4	-0.00402036
145.5	-0.00397726
145.6	-0.0039359
145.7	-0.00389662
145.8	-0.00385834
145.9	-0.00382288
146	-0.00378338
146.1	-0.00374143
146.2	-0.00370008
146.3	-0.0036569
146.4	-0.00360922
146.5	-0.00356342
146.6	-0.00351914
146.7	-0.00347541
146.8	-0.00343189
146.9	-0.00339014
147	-0.00334961
147.1	-0.00330395
147.2	-0.00325694
147.3	-0.00320539
147.4	-0.00315364
147.5	-0.003102
147.6	-0.00304806
147.7	-0.00299227
147.8	-0.00294143
147.9	-0.00289418
148	-0.00284937
148.1	-0.00280764
148.2	-0.00276956
148.3	-0.00273171
148.4	-0.00269191
148.5	-0.00264988
148.6	-0.00260625
148.7	-0.00256127
148.8	-0.00251407
148.9	-0.00246345
149	-0.00240904
149.1	-0.00235304
149.2	-0.00229605
149.3	-0.00224324
149.4	-0.00218679
149.5	-0.0021241
149.6	-0.00206353
149.7	-0.00200191
149.8	-0.00194276
149.9	-0.00188322
150	-0.0018238
150.1	-0.00176667
150.2	-0.00170997
150.3	-0.00165963
150.4	-0.00161472
150.5	-0.00157331
150.6	-0.00152993
150.7	-0.00148855
150.8	-0.00144785
150.9	-0.00140177
151	-0.00135663
151.1	-0.0013128
151.2	-0.00127024
151.3	-0.00122981
151.4	-0.00119233
151.5	-0.00115559
151.6	-0.00111698
151.7	-0.0010726
151.8	-0.00102427
151.9	-0.000973322
152	-0.000922678
152.1	-0.000874601
152.2	-0.000824247
152.3	-0.000769421
152.4	-0.000711201
152.5	-0.000651263
152.6	-0.000589381
152.7	-0.00052815
152.8	-0.000466294
152.9	-0.000407963
153	-0.000352247
153.1	-0.000303071
153.2	-0.000257196
153.3	-0.000214466
153.4	-0.000177045
153.5	-0.000139896
153.6	-0.000102436
153.7	-5.78454e-05
153.8	-8.52688e-06
153.9	5.1349e-05
154	0.000110611
154.1	0.000176944
154.2	0.000238311
154.3	0.000291701
154.4	0.00034382
154.5	0.000394408
154.6	0.000445785
154.7	0.000500084
154.8	0.000562585
154.9	0.00063465
155	0.000706976
155.1	0.000776333
155.2	0.000844797
155.3	0.000913517
155.4	0.00097995
155.5	0.00104354
155.6	0.00110405
155.7	0.00116623
155.8	0.0012298
155.9	0.00129317
156	0.0013545
156.1	0.00141632
156.2	0.00148248
156.3	0.00154854
156.4	0.0016068
156.5	0.00165916
156.6	0.00170755
156.7	0.0017529
156.8	0.00179232
156.9	0.00182741
157	0.00186454
157.1	0.00190259
157.2	0.00194268
157.3	0.00198165
157.4	0.00202067
157.5	0.00205595
157.6	0.00208944
157.7	0.00211995
157.8	0.00215151
157.9	0.00218215
158	0.0022083
158.1	0.00223006
158.2	0.00225066
158.3	0.0022726
158.4	0.00229134
158.5	0.00230996
158.6	0.00233277
158.7	0.0023584
158.8	0.00238013
158.9	0.00239594
159	0.00240967
159.1	0.00242035
159.2	0.00242703
159.3	0.00243664
159.4	0.0024541
159.5	0.0024732
159.6	0.00249201
159.7	0.00250757
159.8	0.0025191
159.9	0.00252965
160	0.00254121
160.1	0.00255358
160.2	0.00256797
160.3	0.00257955
160.4	0.00258492
160.5	0.00258821
160.6	0.00259125
160.7	0.0025925
160.8	0.00259526
160.9	0.00260098
161	0.0026111
161.1	0.00262418
161.2	0.00264333
161.3	0.00266571
161.4	0.00268921
161.5	0.00271455
161.6	0.0027388
161.7	0.00276292
161.8	0.00279172
161.9	0.00281819
162	0.00283848
162.1	0.0028574
162.2	0.00287778
162.3	0.00289768
162.4	0.00291829
162.5	0.0029368
162.6	0.00295119
162.7	0.00296134
162.8	0.00297096
162.9	0.00298027
163	0.00299119
163.1	0.00300149
163.2	0.00301005
163.3	0.00301653
163.4	0.00301897
163.5	0.00302266
163.6	0.00302887
163.7	0.00304005
163.8	0.003055
163.9	0.00307133
164	0.00308388
164.1	0.00309452
164.2	0.00310468
164.3	0.00311595
164.4	0.00313544
164.5	0.00315857
164.6	0.00318271
164.7	0.00320745
164.8	0.00322969
164.9	0.0032503
165	0.0032717
165.1	0.00329531
165.2	0.00332057
165.3	0.00334772
165.4	0.00337168
165.5	0.00339412
165.6	0.00341455
165.7	0.00342956
165.8	0.00344421
165.9	0.00345719
166	0.00347302
166.1	0.00348729
166.2	0.00349741
166.3	0.00350789
166.4	0.00351847
166.5	0.00353054
166.6	0.00353873
166.7	0.00354217
166.8	0.00354196
166.9	0.00353701
167	0.00352676
167.1	0.00351322
167.2	0.00349703
167.3	0.00348023
167.4	0.00347092
167.5	0.00346643
167.6	0.00346192
167.7	0.00345431
167.8	0.003451
167.9	0.00344883
168	0.00345151
168.1	0.0034491
168.2	0.00344556
168.3	0.00344007
168.4	0.00343338
168.5	0.00342784
168.6	0.00341568
168.7	0.00339922
168.8	0.00337945
168.9	0.00335551
169	0.00332622
169.1	0.00329434
169.2	0.00326461
169.3	0.0032323
169.4	0.0031935
169.5	0.00315514
169.6	0.00311998
169.7	0.00308743
169.8	0.00305817
169.9	0.00303102
170	0.00300096
170.1	0.00295893
170.2	0.00291483
170.3	0.00286872
170.4	0.00282311
170.5	0.00277823
170.6	0.00273486
170.7	0.00269176
170.8	0.00264653
170.9	0.00260068
171	0.00255281
171.1	0.00250065
171.2	0.00244604
171.3	0.00239562
171.4	0.00234653
171.5	0.00230008
171.6	0.00225416
171.7	0.002216
171.8	0.00218217
171.9	0.00215033
172	0.00211615
172.1	0.00207211
172.2	0.00202398
172.3	0.00197226
172.4	0.00191709
172.5	0.00186582
172.6	0.00181069
172.7	0.00174823
172.8	0.00168701
172.9	0.00162823
173	0.00156939
173.1	0.00150833
173.2	0.00144987
173.3	0.00139414
173.4	0.00133855
173.5	0.00128204
173.6	0.00122493
173.7	0.00117309
173.8	0.00112252
173.9	0.00107539
174	0.0010287
174.1	0.000978202
174.2	0.000929562
174.3	0.000877214
174.4	0.000828804
174.5	0.000782052
174.6	0.000738789
174.7	0.000701981
174.8	0.000665396
174.9	0.000630082
175	0.00059237
175.1	0.000553901
175.2	0.000515205
175.3	0.000481222
175.4	0.000451771
175.5	0.00042596
175.6	0.000405655
175.7	0.000383538
175.8	0.000360823
175.9	0.000337203
176	0.000316176
176.1	0.000297115
176.2	0.000282681
176.3	0.000269307
176.4	0.000252416
176.5	0.000233981
176.6	0.000218861
176.7	0.000202478
176.8	0.000181245
176.9	0.000151726
177	0.000120766
177.1	9.08295e-05
177.2	6.42708e-05
177.3	4.36824e-05
177.4	2.51642e-05
177.5	8.63019e-06
177.6	-5.89122e-06
177.7	-2.06245e-05
177.8	-3.48678e-05
177.9	-5.31304e-05
178	-6.97364e-05
178.1	-8.05603e-05
178.2	-8.63865e-05
178.3	-8.94542e-05
178.4	-8.91281e-05
178.5	-8.70229e-05
178.6	-8.14336e-05
178.7	-7.24626e-05
178.8	-6.20561e-05
178.9	-4.9473e-05
179	-3.61261e-05
179.1	-2.96019e-05
179.2	-2.23128e-05
179.3	-1.50269e-05
179.4	-8.07969e-06
179.5	-1.47891e-06
179.6	5.70014e-06
179.7	9.10282e-06
179.8	8.85765e-06
179.9	1.04723e-05
180	1.55159e-05
180.1	2.05219e-05
180.2	2.50089e-05
180.3	3.31438e-05
180.4	4.13425e-05
180.5	4.66084e-05
180.6	5.20083e-05
180.7	5.22852e-05
180.8	5.23587e-05
180.9	5.2541e-05
181	5.7955e-05
181.1	6.29083e-05
181.2	6.4347e-05
181.3	6.52148e-05
181.4	6.06932e-05
181.5	5.39318e-05
181.6	4.54972e-05
181.7	3.92876e-05
181.8	3.55773e-05
181.9	3.40836e-05
182	3.44469e-05
182.1	3.23236e-05
182.2	2.45707e-05
182.3	1.07448e-05
182.4	-2.94351e-06
182.5	-2.03872e-05
182.6	-3.41041e-05
182.7	-4.5505e-05
182.8	-5.03677e-05
182.9	-5.49262e-05
183	-5.64855e-05
183.1	-5.64349e-05
183.2	-5.38841e-05
183.3	-4.81737e-05
183.4	-3.9214e-05
183.5	-3.42108e-05
183.6	-2.93127e-05
183.7	-2.35277e-05
183.8	-1.61903e-05
183.9	-6.31073e-06
184	4.65677e-06
184.1	1.66226e-05
184.2	3.2454e-05
184.3	5.32325e-05
184.4	7.50393e-05
184.5	0.000102779
184.6	0.000126548
184.7	0.000142006
184.8	0.000154949
184.9	0.000169315
185	0.000182596
185.1	0.000192851
185.2	0.00020909
185.3	0.000226151
185.4	0.000241538
185.5	0.00025769
185.6	0.000274034
185.7	0.000291314
185.8	0.00031192
185.9	0.000334731
186	0.000359787
186.1	0.000383456
186.2	0.000408066
186.3	0.000433409
186.4	0.000463946
186.5	0.000498189
186.6	0.000536924
186.7	0.000570803
186.8	0.000605096
186.9	0.000637086
187	0.000660258
187.1	0.000679726
187.2	0.000698171
187.3	0.000716655
187.4	0.000734776
187.5	0.000750246
187.6	0.000756086
187.7	0.000759229
187.8	0.000764376
187.9	0.000766518
188	0.000769143
188.1	0.000770438
188.2	0.000767498
188.3	0.000761828
188.4	0.000756125
188.5	0.000755462
188.6	0.000757385
188.7	0.000756238
188.8	0.000752527
188.9	0.000750865
189	0.000753809
189.1	0.000755812
189.2	0.000753569
189.3	0.000746953
189.4	0.000740459
189.5	0.000736632
189.6	0.000731036
189.7	0.000722959
189.8	0.00071332
189.9	0.000704395
190	0.000693799
190.1	0.000685312
190.2	0.000679114
190.3	0.000672095
190.4	0.000667105
190.5	0.000663248
190.6	0.000658654
190.7	0.000652501
190.8	0.000646484
190.9	0.000638176
191	0.000630801
191.1	0.000626594
191.2	0.000624233
191.3	0.000619157
191.4	0.000614245
191.5	0.000609176
191.6	0.000610164
191.7	0.000618146
191.8	0.000626415
191.9	0.0006367
192	0.000648065
192.1	0.000661715
192.2	0.00067724
192.3	0.000691782
192.4	0.000705711
192.5	0.000721429
192.6	0.000742226
192.7	0.000763543
192.8	0.000780313
192.9	0.000792586
193	0.000802937
193.1	0.000811742
193.2	0.000816676
193.3	0.000817249
193.4	0.000821769
193.5	0.000828552
193.6	0.000833737
193.7	0.00083606
193.8	0.00083545
193.9	0.000830151
194	0.000822089
194.1	0.000818788
194.2	0.000817457
194.3	0.000815349
194.4	0.000806732
194.5	0.000790952
194.6	0.000769098
194.7	0.000744655
194.8	0.000722092
194.9	0.000703197
195	0.000687132
195.1	0.000671299
195.2	0.000654586
195.3	0.000635257
195.4	0.000613362
195.5	0.00058902
195.6	0.000569348
195.7	0.000554993
195.8	0.000543301
195.9	0.000532951
196	0.000522359
196.1	0.000510243
196.2	0.000497577
196.3	0.000481302
196.4	0.000470241
196.5	0.00046558
196.6	0.000464654
196.7	0.000464346
196.8	0.000463862
196.9	0.000456235
197	0.000444755
197.1	0.00043141
197.2	0.00041766
197.3	0.000407205
197.4	0.000402251
197.5	0.000403192
197.6	0.000404503
197.7	0.000407917
197.8	0.000413606
197.9	0.000424137
198	0.000431529
198.1	0.000434863
198.2	0.00044105
198.3	0.000447113
198.4	0.000453363
198.5	0.000461509
198.6	0.000463161
198.7	0.000467584
198.8	0.000474507
198.9	0.000485435
199	0.000500591
199.1	0.000520621
199.2	0.000542109
199.3	0.000565667
199.4	0.000591214
199.5	0.000616153
199.6	0.0006366
199.7	0.000649716
199.8	0.000652318
199.9	0.000656772
200	0.000662072
200.1	0.000671581
200.2	0.000683406
200.3	0.00069602
200.4	0.00071127
200.5	0.000730542
200.6	0.000753224
200.7	0.000776465
200.8	0.000800766
200.9	0.000824926
201	0.000849774
201.1	0.00087424
201.2	0.000902177
201.3	0.000930553
201.4	0.0009568
201.5	0.000984584
201.6	0.00101185
201.7	0.00103936
201.8	0.00106546
201.9	0.00108575
202	0.00110263
202.1	0.00111753
202.2	0.0011279
202.3	0.00114336
202.4	0.00116473
202.5	0.00118964
202.6	0.00121005
202.7	0.00122034
202.8	0.00122382
202.9	0.0012294
203	0.00123536
203.1	0.00124165
203.2	0.00124522
203.3	0.00124718
203.4	0.00124653
203.5	0.00124366
203.6	0.00124338
203.7	0.00124732
203.8	0.00125482
203.9	0.00126112
204	0.00126616
204.1	0.00127202
204.2	0.00127781
204.3	0.00128092
204.4	0.00128715
204.5	0.00129838
204.6	0.00131082
204.7	0.00132171
204.8	0.00132876
204.9	0.00133793
205	0.00134627
205.1	0.00135727
205.2	0.00136886
205.3	0.0013775
205.4	0.00138806
205.5	0.00140441
205.6	0.0014282
205.7	0.00145049
205.8	0.00147334
205.9	0.00149451
206	0.00151004
206.1	0.00152193
206.2	0.00153234
206.3	0.00154179
206.4	0.00154757
206.5	0.00155329
206.6	0.00156344
206.7	0.00157238
206.8	0.00158312
206.9	0.00159531
207	0.00160729
207.1	0.00161543
207.2	0.00162229
207.3	0.00163077
207.4	0.00164231
207.5	0.00165544
207.6	0.00167742
207.7	0.00170269
207.8	0.00172406
207.9	0.00174319
208	0.00176183
208.1	0.00178209
208.2	0.00179532
208.3	0.00180152
208.4	0.00180287
208.5	0.00179824
208.6	0.00178744
208.7	0.00177604
208.8	0.00176232
208.9	0.00174814
209	0.00173794
209.1	0.00173048
209.2	0.00172794
209.3	0.00172916
209.4	0.00173325
209.5	0.00173657
209.6	0.0017441
209.7	0.00175402
209.8	0.00176405
209.9	0.00177246
210	0.00178058
210.1	0.00179748
210.2	0.00181747
210.3	0.00183738
210.4	0.0018532
210.5	0.0018677
210.6	0.00188235
210.7	0.0018913
210.8	0.00189723
210.9	0.00189755
211	0.00189662
211.1	0.00190074
211.2	0.00190851
211.3	0.00191968
211.4	0.00193219
211.5	0.00193997
211.6	0.00195203
211.7	0.0019657
211.8	0.00198363
211.9	0.00200171
212	0.00202095
212.1	0.00203894
212.2	0.00205328
212.3	0.0020709
212.4	0.00209059
212.5	0.0021096
212.6	0.00213175
212.7	0.0021552
212.8	0.00217885
212.9	0.00219893
213	0.00221965
213.1	0.00224329
213.2	0.00226397
213.3	0.00228172
213.4	0.00229956
213.5	0.00231228
213.6	0.0023195
213.7	0.00232182
213.8	0.00232475
213.9	0.00232676
214	0.00232808
214.1	0.00232413
214.2	0.00231666
214.3	0.00230784
214.4	0.00229873
214.5	0.00228456
214.6	0.00226795
214.7	0.00224969
214.8	0.00222958
214.9	0.00220768
215	0.00218431
215.1	0.00215911
215.2	0.00213518
215.3	0.00210831
215.4	0.00208825
215.5	0.00207281
215.6	0.00206233
215.7	0.00205385
215.8	0.00205013
215.9	0.00204806
216	0.00204499
216.1	0.00204206
216.2	0.00204488
216.3	0.00204517
216.4	0.0020459
216.5	0.00204246
216.6	0.00203655
216.7	0.00202975
216.8	0.00202077
216.9	0.00200666
217	0.00199081
217.1	0.00197134
217.2	0.00195073
217.3	0.00193098
217.4	0.00191512
217.5	0.00189847
217.6	0.00188025
217.7	0.001863
217.8	0.0018479
217.9	0.00183313
218	0.00182387
218.1	0.00181882
218.2	0.00182256
218.3	0.00182955
218.4	0.00183643
218.5	0.00184186
218.6	0.00184517
218.7	0.00184816
218.8	0.00184592
218.9	0.00183941
219	0.00183911
219.1	0.00184143
219.2	0.00184514
219.3	0.00184992
219.4	0.00185184
219.5	0.00185003
219.6	0.00184566
219.7	0.00183905
219.8	0.00183083
219.9	0.00182445
220	0.00181759
220.1	0.00181292
220.2	0.0018064
220.3	0.00180069
220.4	0.00179669
220.5	0.00179834
220.6	0.00179647
220.7	0.00179141
220.8	0.00178962
220.9	0.00179518
221	0.00180563
221.1	0.00181867
221.2	0.00183062
221.3	0.00184599
221.4	0.00186105
221.5	0.00187743
221.6	0.00189096
221.7	0.00190427
221.8	0.00191298
221.9	0.00192343
222	0.001934
222.1	0.00194233
222.2	0.00194492
222.3	0.00194458
222.4	0.00194006
222.5	0.001935
222.6	0.0019305
222.7	0.00192499
222.8	0.00191845
222.9	0.00190528
223	0.0018879
223.1	0.00187047
223.2	0.00185388
223.3	0.00183452
223.4	0.00181592
223.5	0.00179366
223.6	0.00177085
223.7	0.00174845
223.8	0.00172931
223.9	0.00170862
224	0.00168766
224.1	0.00166874
224.2	0.00165101
224.3	0.00163209
224.4	0.00161147
224.5	0.00158842
224.6	0.00156712
224.7	0.00154762
224.8	0.00153157
224.9	0.00151836
225	0.00150523
225.1	0.00149319
225.2	0.00148683
225.3	0.00148394
225.4	0.00148408
225.5	0.00148727
225.6	0.00148958
225.7	0.00149101
225.8	0.00148694
225.9	0.00147959
226	0.0014741
226.1	0.0014711
226.2	0.00146995
226.3	0.00146866
226.4	0.0014669
226.5	0.00146629
226.6	0.00146885
226.7	0.00146676
226.8	0.00146676
226.9	0.0014687
227	0.00146963
227.1	0.00146838
227.2	0.00146238
227.3	0.00145797
227.4	0.0014569
227.5	0.00145245
227.6	0.00144701
227.7	0.00144204
227.8	0.00143658
227.9	0.00142947
228	0.00142588
228.1	0.00141725
228.2	0.00140681
228.3	0.00139647
228.4	0.00138387
228.5	0.00136994
228.6	0.00134974
228.7	0.00132759
228.8	0.00130384
228.9	0.00127828
229	0.0012518
229.1	0.00122669
229.2	0.00119868
229.3	0.00117209
229.4	0.00114151
229.5	0.00110781
229.6	0.00107561
229.7	0.00104466
229.8	0.00101269
229.9	0.000980427
230	0.000947762
230.1	0.000914719
230.2	0.000878594
230.3	0.000839164
230.4	0.000798376
230.5	0.000757354
230.6	0.000717954
230.7	0.000679294
230.8	0.000636868
230.9	0.000592846
231	0.000549999
231.1	0.000507877
231.2	0.000467095
231.3	0.000431128
231.4	0.000401767
231.5	0.000379309
231.6	0.00036041
231.7	0.000341526
231.8	0.000318388
231.9	0.000293333
232	0.000265848
232.1	0.000233257
232.2	0.000202277
232.3	0.000174712
232.4	0.000148739
232.5	0.000121595
232.6	9.23488e-05
232.7	6.08284e-05
232.8	2.89672e-05
232.9	-3.51524e-06
233	-3.65332e-05
233.1	-7.1289e-05
233.2	-0.000106681
233.3	-0.00014317
233.4	-0.000181871
233.5	-0.000219805
233.6	-0.000254231
233.7	-0.000293502
233.8	-0.000333207
233.9	-0.000374486
234	-0.00042042
234.1	-0.000473138
234.2	-0.000530301
234.3	-0.000588693
234.4	-0.000650624
234.5	-0.000713649
234.6	-0.000777618
234.7	-0.000839223
234.8	-0.000893147
234.9	-0.000943756
235	-0.000993747
235.1	-0.00104363
235.2	-0.0010941
235.3	-0.0011466
235.4	-0.00119887
235.5	-0.0012503
235.6	-0.00129679
235.7	-0.00133813
235.8	-0.00138427
235.9	-0.0014346
236	-0.00148942
236.1	-0.0015474
236.2	-0.00160635
236.3	-0.00166677
236.4	-0.00172506
236.5	-0.00178252
236.6	-0.00183913
236.7	-0.00189297
236.8	-0.00194231
236.9	-0.00198993
237	-0.00203117
237.1	-0.00206896
237.2	-0.00210692
237.3	-0.00214342
237.4	-0.00217674
237.5	-0.0022017
237.6	-0.00222666
237.7	-0.00225531
237.8	-0.0022831
237.9	-0.00230948
238	-0.00233516
238.1	-0.00236047
238.2	-0.00238902
238.3	-0.00241897
238.4	-0.00244165
238.5	-0.00245987
238.6	-0.00247204
238.7	-0.00247374
238.8	-0.00246867
238.9	-0.00245698
239	-0.00244319
239.1	-0.00242838
239.2	-0.00240999
239.3	-0.00238624
239.4	-0.00236125
239.5	-0.00233282
239.6	-0.00230573
239.7	-0.00227863
239.8	-0.00224959
239.9	-0.00221908
240	-0.0021915
240.1	-0.00216619
240.2	-0.00214671
240.3	-0.00213067
240.4	-0.00211613
240.5	-0.00210162
240.6	-0.00208638
240.7	-0.00207311
240.8	-0.00205912
240.9	-0.00204548
241	-0.00203089
241.1	-0.00201815
241.2	-0.00200661
241.3	-0.00199695
241.4	-0.0019862
241.5	-0.00197427
241.6	-0.00196082
241.7	-0.00194728
241.8	-0.00193685
241.9	-0.00192631
242	-0.00191811
242.1	-0.00191034
242.2	-0.00190571
242.3	-0.00190337
242.4	-0.00189803
242.5	-0.00188447
242.6	-0.00186305
242.7	-0.00183535
242.8	-0.00180416
242.9	-0.00177658
243	-0.00174924
243.1	-0.00172078
243.2	-0.00169226
243.3	-0.0016603
243.4	-0.00162312
243.5	-0.00158595
243.6	-0.00154992
243.7	-0.00151456
243.8	-0.00147949
243.9	-0.00144257
244	-0.00140716
244.1	-0.00136956
244.2	-0.00132881
244.3	-0.00129072
244.4	-0.0012505
244.5	-0.00121254
244.6	-0.00117486
244.7	-0.00113676
244.8	-0.00110101
244.9	-0.00107102
245	-0.00104571
245.1	-0.00102579
245.2	-0.00100786
245.3	-0.000992874
245.4	-0.00098033
245.5	-0.000966969
245.6	-0.000954634
245.7	-0.00094042
245.8	-0.000933332
245.9	-0.000926444
246	-0.000917825
246.1	-0.000906472
246.2	-0.000894225
246.3	-0.000880641
246.4	-0.000867736
246.5	-0.000855486
246.6	-0.000850174
246.7	-0.000850712
246.8	-0.000849509
246.9	-0.000849473
247	-0.000849234
247.1	-0.000844257
247.2	-0.000837365
247.3	-0.00082901
247.4	-0.000825143
247.5	-0.000822229
247.6	-0.000820615
247.7	-0.000816529
247.8	-0.000814555
247.9	-0.000819599
248	-0.000824492
248.1	-0.000832276
248.2	-0.000837273
248.3	-0.000835435
248.4	-0.000832097
248.5	-0.000829129
248.6	-0.000824544
248.7	-0.000821847
248.8	-0.000824422
248.9	-0.000830747
249	-0.000838682
249.1	-0.000850225
249.2	-0.000860988
249.3	-0.000870831
249.4	-0.000881971
249.5	-0.000899206
249.6	-0.000916171
249.7	-0.00093099
249.8	-0.000945122
249.9	-0.000964787
250	-0.000985008
250.1	-0.00101016
250.2	-0.00104322
250.3	-0.00108112
250.4	-0.00111828
250.5	-0.00115404
250.6	-0.00118835
250.7	-0.00122089
250.8	-0.00125726
250.9	-0.00129297
251	-0.00132503
251.1	-0.00135471
251.2	-0.00138294
251.3	-0.00140935
251.4	-0.0014315
251.5	-0.00145269
251.6	-0.00147327
251.7	-0.00149575
251.8	-0.00151927
251.9	-0.00154208
252	-0.00156643
252.1	-0.00158964
252.2	-0.00161248
252.3	-0.00163481
252.4	-0.00166362
252.5	-0.00169654
252.6	-0.00173272
252.7	-0.00176524
252.8	-0.00179442
252.9	-0.00182167
253	-0.00184645
253.1	-0.00186714
253.2	-0.0018858
253.3	-0.00190305
253.4	-0.00192124
253.5	-0.00194232
253.6	-0.00196608
253.7	-0.00199086
253.8	-0.00201245
253.9	-0.00203211
254	-0.00205285
254.1	-0.00207637
254.2	-0.00209979
254.3	-0.00212672
254.4	-0.00216027
254.5	-0.00219546
254.6	-0.00222211
254.7	-0.00224149
254.8	-0.00225254
254.9	-0.00225625
255	-0.00225723
255.1	-0.0022567
255.2	-0.00225452
255.3	-0.00225517
255.4	-0.00225697
255.5	-0.00226235
255.6	-0.00226557
255.7	-0.00226902
255.8	-0.00227734
255.9	-0.00228596
256	-0.00229132
256.1	-0.00229508
256.2	-0.00229673
256.3	-0.00229819
256.4	-0.00229945
256.5	-0.00229718
256.6	-0.00229972
256.7	-0.0023017
256.8	-0.00230815
256.9	-0.00231653
257	-0.00231861
257.1	-0.00231771
257.2	-0.00231607
257.3	-0.00231091
257.4	-0.00230055
257.5	-0.00228982
257.6	-0.00228318
257.7	-0.00227758
257.8	-0.00227153
257.9	-0.00226799
258	-0.00226824
258.1	-0.00227063
258.2	-0.00227804
258.3	-0.00228653
258.4	-0.00229673
258.5	-0.00231346
258.6	-0.00232978
258.7	-0.0023453
258.8	-0.00236362
258.9	-0.0023836
259	-0.00239996
259.1	-0.00241072
259.2	-0.00242366
259.3	-0.00243887
259.4	-0.00245777
259.5	-0.00247743
259.6	-0.00249234
259.7	-0.00250501
259.8	-0.00252129
259.9	-0.00254672
260	-0.00257343
260.1	-0.00259753
260.2	-0.0026202
260.3	-0.002643
260.4	-0.00266711
260.5	-0.00268765
260.6	-0.00270554
260.7	-0.00271958
260.8	-0.00272794
260.9	-0.00274087
261	-0.00275123
261.1	-0.00275587
261.2	-0.00275952
261.3	-0.00275858
261.4	-0.00275341
261.5	-0.00275112
261.6	-0.00275312
261.7	-0.00275848
261.8	-0.0027634
261.9	-0.00276694
262	-0.00276533
262.1	-0.0027582
262.2	-0.00274132
262.3	-0.00272307
262.4	-0.00270068
262.5	-0.00267723
262.6	-0.00265653
262.7	-0.00263851
262.8	-0.0026249
262.9	-0.00261534
263	-0.00260948
263.1	-0.00261023
263.2	-0.00261233
263.3	-0.00261229
263.4	-0.00261526
263.5	-0.00261832
263.6	-0.0026189
263.7	-0.00261825
263.8	-0.00261222
263.9	-0.00259874
264	-0.00257865
264.1	-0.00255501
264.2	-0.00252896
264.3	-0.00250536
264.4	-0.00248908
264.5	-0.00247478
264.6	-0.00246289
264.7	-0.00245058
264.8	-0.00243992
264.9	-0.00243524
265	-0.00243329
265.1	-0.00243413
265.2	-0.00243814
265.3	-0.00244177
265.4	-0.00244863
265.5	-0.0024582
265.6	-0.0024653
265.7	-0.00246872
265.8	-0.00246946
265.9	-0.00246381
266	-0.00245327
266.1	-0.00243827
266.2	-0.00242173
266.3	-0.00241047
266.4	-0.00239788
266.5	-0.0023842
266.6	-0.002375
266.7	-0.0023632
266.8	-0.00235336
266.9	-0.0023438
267	-0.00233342
267.1	-0.00231801
267.2	-0.00229907
267.3	-0.00227745
267.4	-0.00225498
267.5	-0.00223488
267.6	-0.00221867
267.7	-0.00220517
267.8	-0.00219079
267.9	-0.00217428
268	-0.00215713
268.1	-0.00213947
268.2	-0.00212511
268.3	-0.00210535
268.4	-0.00208094
268.5	-0.00205103
268.6	-0.00202074
268.7	-0.00199307
268.8	-0.00196743
268.9	-0.00193991
269	-0.00191535
269.1	-0.00189235
269.2	-0.00187224
269.3	-0.00185376
269.4	-0.00183988
269.5	-0.00182801
269.6	-0.00182119
269.7	-0.001816
269.8	-0.00180769
269.9	-0.00180121
270	-0.00179653
270.1	-0.00179265
270.2	-0.00179387
270.3	-0.00179655
270.4	-0.00179655
270.5	-0.00179686
270.6	-0.00180074
270.7	-0.00180593
270.8	-0.00180878
270.9	-0.00180822
271	-0.00180543
271.1	-0.00180178
271.2	-0.0017943
271.3	-0.00178588
271.4	-0.00177655
271.5	-0.00176656
271.6	-0.00175353
271.7	-0.00174154
271.8	-0.00172841
271.9	-0.00170904
272	-0.00168013
272.1	-0.0016488
272.2	-0.00161934
272.3	-0.00158776
272.4	-0.00155729
272.5	-0.0015231
272.6	-0.00148739
272.7	-0.00145338
272.8	-0.00142368
272.9	-0.00139346
273	-0.00136073
273.1	-0.00132854
273.2	-0.00129955
273.3	-0.00126942
273.4	-0.00123711
273.5	-0.00119695
273.6	-0.0011502
273.7	-0.00109996
273.8	-0.00105452
273.9	-0.00101064
274	-0.000967248
274.1	-0.000926526
274.2	-0.000889135
274.3	-0.000854787
274.4	-0.000822764
274.5	-0.000788398
274.6	-0.000754476
274.7	-0.000723959
274.8	-0.000693835
274.9	-0.000669393
275	-0.000647059
275.1	-0.000626055
275.2	-0.00060245
275.3	-0.000570985
275.4	-0.000533311
275.5	-0.000493643
275.6	-0.000451379
275.7	-0.000404534
275.8	-0.00035388
275.9	-0.000302372
276	-0.000248413
276.1	-0.000201336
276.2	-0.000157853
276.3	-0.000114573
276.4	-6.53641e-05
276.5	-1.80785e-05
276.6	2.38213e-05
276.7	6.96123e-05
276.8	0.000119937
276.9	0.000177609
277	0.000236514
277.1	0.000294179
277.2	0.000350837
277.3	0.000409185
277.4	0.000466062
277.5	0.000513886
277.6	0.000556679
277.7	0.000598581
277.8	0.000641258
277.9	0.00068768
278	0.000736762
278.1	0.000790578
278.2	0.00084218
278.3	0.000892988
278.4	0.000942599
278.5	0.000992337
278.6	0.00104687
278.7	0.00109823
278.8	0.00114763
278.9	0.00120036
279	0.00125275
279.1	0.00130729
279.2	0.00136105
279.3	0.00141975
279.4	0.00147772
279.5	0.00153179
279.6	0.00158025
279.7	0.001627
279.8	0.00167187
279.9	0.00171513
280	0.00175872
280.1	0.00180316
280.2	0.00183975
280.3	0.0018728
280.4	0.00190611
280.5	0.00193591
280.6	0.00196322
280.7	0.00198808
280.8	0.00200602
280.9	0.00201823
281	0.00203023
281.1	0.00204354
281.2	0.00205369
281.3	0.00205893
281.4	0.0020568
281.5	0.00205365
281.6	0.00204836
281.7	0.00203979
281.8	0.00203066
281.9	0.00202053
282	0.00200637
282.1	0.00198738
282.2	0.00196943
282.3	0.00195424
282.4	0.0019352
282.5	0.00191448
282.6	0.00189414
282.7	0.00187008
282.8	0.00184333
282.9	0.00181639
283	0.00179044
283.1	0.00176121
283.2	0.00173289
283.3	0.00170128
283.4	0.00166647
283.5	0.00163564
283.6	0.00160955
283.7	0.00158347
283.8	0.0015655
283.9	0.00155806
284	0.00155057
284.1	0.00154366
284.2	0.00153219
284.3	0.0015142
284.4	0.00149219
284.5	0.00146789
284.6	0.00144273
284.7	0.00141707
284.8	0.00138882
284.9	0.00135325
285	0.00131553
285.1	0.00127826
285.2	0.00123727
285.3	0.00119268
285.4	0.00114856
285.5	0.00110667
285.6	0.0010683
285.7	0.00103708
285.8	0.00100894
285.9	0.000975916
286	0.000943207
286.1	0.000908664
286.2	0.000876611
286.3	0.000847885
286.4	0.000824363
286.5	0.000795868
286.6	0.000759367
286.7	0.00071604
286.8	0.000672441
286.9	0.00062959
287	0.000582942
287.1	0.000533534
287.2	0.000482428
287.3	0.000433194
287.4	0.000384977
287.5	0.000341247
287.6	0.000298739
287.7	0.000255876
287.8	0.000215572
287.9	0.000178586
288	0.000145962
288.1	0.000120767
288.2	0.000103248
288.3	8.72444e-05
288.4	6.93077e-05
288.5	5.03009e-05
288.6	2.93783e-05
288.7	4.22027e-06
288.8	-1.9505e-05
288.9	-4.09046e-05
289	-6.15532e-05
289.1	-8.37351e-05
289.2	-0.0001024
289.3	-0.000113057
289.4	-0.000121239
289.5	-0.000132666
289.6	-0.000142017
289.7	-0.000152524
289.8	-0.000164479
289.9	-0.000175382
290	-0.000183088
290.1	-0.000192511
290.2	-0.000205729
290.3	-0.000220528
290.4	-0.000233997
290.5	-0.000246416
290.6	-0.00026016
290.7	-0.000269882
290.8	-0.000277711
290.9	-0.000279269
291	-0.000280349
291.1	-0.000280728
291.2	-0.000280284
291.3	-0.000275993
291.4	-0.000273918
291.5	-0.000269493
291.6	-0.000263617
291.7	-0.00025875
291.8	-0.00024735
291.9	-0.000229945
292	-0.000209318
292.1	-0.000189223
292.2	-0.000171683
292.3	-0.000155989
292.4	-0.000141799
292.5	-0.000125999
292.6	-0.000114133
292.7	-0.000101671
292.8	-8.35144e-05
292.9	-6.69343e-05
293	-5.08059e-05
293.1	-3.59314e-05
293.2	-2.13719e-05
293.3	-3.77422e-06
293.4	1.17594e-05
293.5	2.39512e-05
293.6	3.57478e-05
293.7	4.98149e-05
293.8	6.91816e-05
293.9	9.10654e-05
294	0.000118675
294.1	0.000145903
294.2	0.000173065
294.3	0.000200917
294.4	0.00022729
294.5	0.000255297
294.6	0.000284505
294.7	0.000317705
294.8	0.000350632
294.9	0.000382638
295	0.000412199
295.1	0.000441486
295.2	0.000472106
295.3	0.000502937
295.4	0.000538293
295.5	0.000580476
295.6	0.000628659
295.7	0.000672477
295.8	0.000715674
295.9	0.00075578
296	0.000795769
296.1	0.000836675
296.2	0.00087889
296.3	0.000919124
296.4	0.000958974
296.5	0.000993938
296.6	0.00102665
296.7	0.00105284
296.8	0.00107739
296.9	0.00109638
297	0.0011087
297.1	0.00111736
297.2	0.00112216
297.3	0.00112886
297.4	0.00114088
297.5	0.00115134
297.6	0.0011593
297.7	0.00116611
297.8	0.00116796
297.9	0.00117032
298	0.00116883
298.1	0.00116694
298.2	0.00116268
298.3	0.00116018
298.4	0.0011555
298.5	0.0011535
298.6	0.00115217
298.7	0.00115383
298.8	0.00115565
298.9	0.00116414
299	0.00117473
299.1	0.00118746
299.2	0.00120198
299.3	0.00121994
299.4	0.00123515
299.5	0.0012485
299.6	0.00126471
299.7	0.001287
299.8	0.00130859
299.9	0.00132902
300	0.0013505
300.1	0.00136949
300.2	0.00138627
300.3	0.00139726
300.4	0.00140983
300.5	0.00142708
300.6	0.00144362
300.7	0.00145946
300.8	0.00147317
300.9	0.00148849
301	0.00150954
301.1	0.00152491
301.2	0.00153408
301.3	0.00154287
301.4	0.00155013
301.5	0.0015558
301.6	0.00156251
301.7	0.00156791
301.8	0.00157417
301.9	0.00158194
302	0.00159263
302.1	0.00160333
302.2	0.00161692
302.3	0.0016301
302.4	0.00164437
302.5	0.00165409
302.6	0.0016616
302.7	0.0016644
302.8	0.00166136
302.9	0.00165767
303	0.00165412
303.1	0.0016467
303.2	0.00163938
303.3	0.00162745
303.4	0.00161396
303.5	0.00159912
303.6	0.0015782
303.7	0.00155128
303.8	0.00152265
303.9	0.0014889
304	0.00145398
304.1	0.00141883
304.2	0.00138578
304.3	0.00135496
304.4	0.00132612
304.5	0.00129769
304.6	0.00127289
304.7	0.00125459
304.8	0.00123774
304.9	0.00121742
305	0.00119491
305.1	0.00117193
305.2	0.00114864
305.3	0.00112781
305.4	0.00111196
305.5	0.0011077
305.6	0.00110728
305.7	0.00110668
305.8	0.0011064
305.9	0.00110479
306	0.00110186
306.1	0.00109862
306.2	0.00109838
306.3	0.0011011
306.4	0.00109946
306.5	0.00109397
306.6	0.00108598
306.7	0.00107398
306.8	0.00105934
306.9	0.00104819
307	0.00103593
307.1	0.00101845
307.2	0.000998892
307.3	0.000982242
307.4	0.000961687
307.5	0.000943053
307.6	0.000922628
307.7	0.000898896
307.8	0.00087732
307.9	0.000856879
308	0.000834836
308.1	0.000807759
308.2	0.000780773
308.3	0.000752219
308.4	0.000725251
308.5	0.000700089
308.6	0.000672716
308.7	0.000643065
308.8	0.000615722
308.9	0.000593186
309	0.000576669
309.1	0.00056255
309.2	0.00054849
309.3	0.000536452
309.4	0.000526964
309.5	0.000521283
309.6	0.000522636
309.7	0.00052469
309.8	0.000522101
309.9	0.00051248
310	0.000500551
310.1	0.000486774
310.2	0.000473572
310.3	0.000458186
310.4	0.000436989
310.5	0.00041386
310.6	0.000392994
310.7	0.000374202
310.8	0.000361139
310.9	0.00034961
311	0.000340009
311.1	0.00033263
311.2	0.000321539
311.3	0.00030984
311.4	0.000297101
311.5	0.000283394
311.6	0.000265634
311.7	0.000247375
311.8	0.000227136
311.9	0.000205709
312	0.000182448
312.1	0.000161197
312.2	0.000141969
312.3	0.000121852
312.4	0.000100008
312.5	7.35498e-05
312.6	4.38445e-05
312.7	1.39419e-05
312.8	-1.91304e-05
312.9	-5.76519e-05
313	-9.85033e-05
313.1	-0.00013619
313.2	-0.000175601
313.3	-0.000215285
313.4	-0.000261821
313.5	-0.000312925
313.6	-0.000358486
313.7	-0.00039764
313.8	-0.000436456
313.9	-0.000479679
314	-0.000526612
314.1	-0.000575609
314.2	-0.000627854
314.3	-0.000680621
314.4	-0.000735439
314.5	-0.000797169
314.6	-0.000864178
314.7	-0.000930102
314.8	-0.0009947
314.9	-0.00106089
315	-0.00112714
315.1	-0.00119105
315.2	-0.00125565
315.3	-0.00132469
315.4	-0.00140088
315.5	-0.00147789
315.6	-0.00155149
315.7	-0.00162787
315.8	-0.00170655
315.9	-0.00178576
316	-0.00186162
316.1	-0.00193394
316.2	-0.00200713
316.3	-0.00208082
316.4	-0.0021535
316.5	-0.00222149
316.6	-0.00228591
316.7	-0.00234782
316.8	-0.00240734
316.9	-0.00246803
317	-0.00252935
317.1	-0.00258684
317.2	-0.00264306
317.3	-0.00269832
317.4	-0.00274982
317.5	-0.00279824
317.6	-0.00284492
317.7	-0.00289041
317.8	-0.00293621
317.9	-0.00298093
318	-0.00302883
318.1	-0.00307741
318.2	-0.00312072
318.3	-0.0031604
318.4	-0.00319524
318.5	-0.00322592
318.6	-0.00325767
318.7	-0.00328619
318.8	-0.00331123
318.9	-0.00334025
319	-0.00337455
319.1	-0.00341103
319.2	-0.00344746
319.3	-0.00348209
319.4	-0.00351086
319.5	-0.00354259
319.6	-0.0035736
319.7	-0.00360483
319.8	-0.00363613
319.9	-0.00366946
320	-0.00370301
320.1	-0.00373259
320.2	-0.00376273
320.3	-0.00378956
320.4	-0.00381167
320.5	-0.00383383
320.6	-0.00385281
320.7	-0.00386685
320.8	-0.00388057
320.9	-0.00389276
321	-0.00389831
321.1	-0.00390334
321.2	-0.00391015
321.3	-0.00391812
321.4	-0.00392872
321.5	-0.00393834
321.6	-0.00394867
321.7	-0.00395467
321.8	-0.00395367
321.9	-0.00394826
322	-0.0039424
322.1	-0.00393314
322.2	-0.003924
322.3	-0.00391514
322.4	-0.00390599
322.5	-0.00389704
322.6	-0.00388292
322.7	-0.00386454
322.8	-0.00384413
322.9	-0.00382525
323	-0.00380534
323.1	-0.00378817
323.2	-0.00377567
323.3	-0.00376307
323.4	-0.00374896
323.5	-0.00373462
323.6	-0.00372095
323.7	-0.00370656
323.8	-0.00369151
323.9	-0.00367374
324	-0.00365261
324.1	-0.00362854
324.2	-0.00360666
324.3	-0.0035865
324.4	-0.00357011
324.5	-0.00355561
324.6	-0.00353699
324.7	-0.0035115
324.8	-0.00348551
324.9	-0.00345968
325	-0.00343913
325.1	-0.00342651
325.2	-0.00341846
325.3	-0.00341023
325.4	-0.00340344
325.5	-0.00339541
325.6	-0.00339353
325.7	-0.00339304
325.8	-0.00339386
325.9	-0.00339509
326	-0.00339666
326.1	-0.00340219
326.2	-0.003411
326.3	-0.00341852
326.4	-0.00342253
326.5	-0.00342777
326.6	-0.00343224
326.7	-0.00343125
326.8	-0.00343036
326.9	-0.003429
327	-0.00342907
327.1	-0.00342799
327.2	-0.00342935
327.3	-0.00343345
327.4	-0.003439
327.5	-0.00344295
327.6	-0.00344226
327.7	-0.00343878
327.8	-0.00343208
327.9	-0.00342271
328	-0.00341937
328.1	-0.00342297
328.2	-0.00342603
328.3	-0.00343221
328.4	-0.00344279
328.5	-0.00345449
328.6	-0.00346366
328.7	-0.00347407
328.8	-0.00347927
328.9	-0.00347821
329	-0.00347854
329.1	-0.00348211
329.2	-0.00348468
329.3	-0.00348691
329.4	-0.00348716
329.5	-0.0034846
329.6	-0.00347777
329.7	-0.00346838
329.8	-0.00345415
329.9	-0.0034372
330	-0.00342057
330.1	-0.00340355
330.2	-0.00339018
330.3	-0.00338209
330.4	-0.00337836
330.5	-0.00338553
330.6	-0.00339707
330.7	-0.00341301
330.8	-0.00343124
330.9	-0.00345138
331	-0.00346792
331.1	-0.00348042
331.2	-0.00348703
331.3	-0.00348875
331.4	-0.00348609
331.5	-0.0034814
331.6	-0.00346642
331.7	-0.0034476
331.8	-0.00342948
331.9	-0.00341029
332	-0.00338432
332.1	-0.0033582
332.2	-0.00333517
332.3	-0.00331635
332.4	-0.00330104
332.5	-0.0032905
332.6	-0.00327982
332.7	-0.00326837
332.8	-0.00325929
332.9	-0.00324504
333	-0.00323024
333.1	-0.00321691
333.2	-0.00320342
333.3	-0.00319195
333.4	-0.00318196
333.5	-0.00316765
333.6	-0.00315692
333.7	-0.00314867
333.8	-0.00313881
333.9	-0.00313278
334	-0.0031314
334.1	-0.00313511
334.2	-0.00314086
334.3	-0.00314946
334.4	-0.00315781
334.5	-0.00316667
334.6	-0.00317187
334.7	-0.00318014
334.8	-0.00319546
334.9	-0.00320895
335	-0.00321842
335.1	-0.00322401
335.2	-0.00322939
335.3	-0.00323646
335.4	-0.00324774
335.5	-0.00325958
335.6	-0.0032692
335.7	-0.00327963
335.8	-0.00329088
335.9	-0.00329693
336	-0.00329873
336.1	-0.00330364
336.2	-0.00330602
336.3	-0.00330268
336.4	-0.00329947
336.5	-0.00329702
336.6	-0.00329483
336.7	-0.00329552
336.8	-0.00329931
336.9	-0.00330849
337	-0.00331845
337.1	-0.0033308
337.2	-0.00334238
337.3	-0.0033566
337.4	-0.0033742
337.5	-0.00339175
337.6	-0.00340768
337.7	-0.0034196
337.8	-0.0034305
337.9	-0.00343903
338	-0.00344225
338.1	-0.00343903
338.2	-0.00343238
338.3	-0.00342184
338.4	-0.00340998
338.5	-0.00340034
338.6	-0.00339151
338.7	-0.00338381
338.8	-0.00337706
338.9	-0.00337427
339	-0.00337813
339.1	-0.00338916
339.2	-0.00339906
339.3	-0.00341517
339.4	-0.00343644
339.5	-0.0034614
339.6	-0.00348861
339.7	-0.00351488
339.8	-0.00354047
339.9	-0.00356468
340	-0.00358323
340.1	-0.00359324
340.2	-0.00359636
340.3	-0.00359596
340.4	-0.0035897
340.5	-0.00357837
340.6	-0.0035613
340.7	-0.00353461
340.8	-0.00350038
340.9	-0.00346556
341	-0.00343024
341.1	-0.00339527
341.2	-0.00336247
341.3	-0.00333133
341.4	-0.00330102
341.5	-0.00327528
341.6	-0.00325168
341.7	-0.00323241
341.8	-0.0032094
341.9	-0.00317872
342	-0.00314269
342.1	-0.00310816
342.2	-0.00307434
342.3	-0.00303989
342.4	-0.00300793
342.5	-0.00297275
342.6	-0.00293343
342.7	-0.00289204
342.8	-0.00285201
342.9	-0.00281363
343	-0.00277874
343.1	-0.00274533
343.2	-0.0027112
343.3	-0.00267724
343.4	-0.00264667
343.5	-0.00261643
343.6	-0.00258324
343.7	-0.00254731
343.8	-0.00251578
343.9	-0.00248326
344	-0.00244841
344.1	-0.00241601
344.2	-0.00238344
344.3	-0.0023504
344.4	-0.00231631
344.5	-0.00228049
344.6	-0.00224544
344.7	-0.00220849
344.8	-0.00217137
344.9	-0.00213427
345	-0.0020978
345.1	-0.00206155
345.2	-0.00202525
345.3	-0.00198891
345.4	-0.00195604
345.5	-0.00192842
345.6	-0.00190309
345.7	-0.00188049
345.8	-0.00186128
345.9	-0.00183697
346	-0.00180918
346.1	-0.00178788
346.2	-0.00176766
346.3	-0.00174918
346.4	-0.00173128
346.5	-0.00171028
346.6	-0.00169059
346.7	-0.00167143
346.8	-0.00165415
346.9	-0.00163825
347	-0.00161912
347.1	-0.00159514
347.2	-0.00156555
347.3	-0.001535
347.4	-0.00150137
347.5	-0.00146882
347.6	-0.00143867
347.7	-0.00140945
347.8	-0.00138403
347.9	-0.00136131
348	-0.00133596
348.1	-0.00131752
348.2	-0.0013023
348.3	-0.00129087
348.4	-0.00127924
348.5	-0.0012699
348.6	-0.00126226
348.7	-0.00125767
348.8	-0.00125149
348.9	-0.00125175
349	-0.00125068
349.1	-0.00125101
349.2	-0.00125067
349.3	-0.00125159
349.4	-0.00124909
349.5	-0.00124398
349.6	-0.0012393
349.7	-0.00123269
349.8	-0.00123035
349.9	-0.0012288
350	-0.00123084
350.1	-0.00123589
350.2	-0.00124237
350.3	-0.00124719
350.4	-0.00125529
350.5	-0.00126325
350.6	-0.00126768
350.7	-0.00126611
350.8	-0.00126565
350.9	-0.00127055
351	-0.00127507
351.1	-0.00127871
351.2	-0.00128355
351.3	-0.00129091
351.4	-0.00129827
351.5	-0.00130638
351.6	-0.00131339
351.7	-0.0013171
351.8	-0.00131606
351.9	-0.0013105
352	-0.0013038
352.1	-0.00129684
352.2	-0.00129098
352.3	-0.00128007
352.4	-0.00127068
352.5	-0.00126136
352.6	-0.00125004
352.7	-0.00123728
352.8	-0.00122573
352.9	-0.00121712
353	-0.00120866
353.1	-0.00119819
353.2	-0.00118335
353.3	-0.0011703
353.4	-0.00115505
353.5	-0.0011372
353.6	-0.00111967
353.7	-0.00109897
353.8	-0.00107576
353.9	-0.00105019
354	-0.00101901
354.1	-0.000988709
354.2	-0.000961555
354.3	-0.000937755
354.4	-0.00091499
354.5	-0.000890433
354.6	-0.000871829
354.7	-0.000862264
354.8	-0.000856823
354.9	-0.000850656
355	-0.000840725
355.1	-0.000828081
355.2	-0.000808989
355.3	-0.000786031
355.4	-0.000757591
355.5	-0.000726868
355.6	-0.000696883
355.7	-0.000667479
355.8	-0.00064
355.9	-0.000614126
356	-0.00059066
356.1	-0.000567334
356.2	-0.000547549
356.3	-0.00053092
356.4	-0.000515491
356.5	-0.000496899
356.6	-0.000477709
356.7	-0.00045273
356.8	-0.000426782
356.9	-0.000396051
357	-0.000361123
357.1	-0.000319062
357.2	-0.000275952
357.3	-0.000229581
357.4	-0.00018716
357.5	-0.000146789
357.6	-0.000109058
357.7	-7.55859e-05
357.8	-4.50049e-05
357.9	-1.63333e-05
358	1.23597e-05
358.1	3.9924e-05
358.2	6.3281e-05
358.3	8.16939e-05
358.4	9.58696e-05
358.5	0.000104208
358.6	0.00011288
358.7	0.000119723
358.8	0.000123965
358.9	0.000125444
359	0.000133611
359.1	0.000148405
359.2	0.000163118
359.3	0.000178566
359.4	0.000194388
359.5	0.000208274
359.6	0.000216904
359.7	0.000221379
359.8	0.000225303
359.9	0.00022601
360	0.000223605
360.1	0.00021787
360.2	0.000215387
360.3	0.000218063
360.4	0.000222766
360.5	0.00023053
360.6	0.000236072
360.7	0.000242322
360.8	0.000248277
360.9	0.000251207
361	0.000250476
361.1	0.000248026
361.2	0.000248747
361.3	0.000252839
361.4	0.00025899
361.5	0.000264518
361.6	0.000270404
361.7	0.000275205
361.8	0.000277685
361.9	0.000282309
362	0.000291719
362.1	0.000307764
362.2	0.00032167
362.3	0.000327868
362.4	0.000328983
362.5	0.000329668
362.6	0.000326521
362.7	0.000326542
362.8	0.00032716
362.9	0.000327704
363	0.000326369
363.1	0.000321418
363.2	0.000315056
363.3	0.000307923
363.4	0.000302349
363.5	0.000296335
363.6	0.000293303
363.7	0.000292098
363.8	0.000286146
363.9	0.000277669
364	0.000261662
364.1	0.000238853
364.2	0.000217912
364.3	0.000199792
364.4	0.000184193
364.5	0.000169016
364.6	0.000156134
364.7	0.000141682
364.8	0.000123256
364.9	9.7295e-05
365	7.25795e-05
365.1	4.91471e-05
365.2	2.64036e-05
365.3	8.78525e-06
365.4	-5.6747e-06
365.5	-1.67372e-05
365.6	-2.46563e-05
365.7	-3.47354e-05
365.8	-5.04757e-05
365.9	-7.0401e-05
366	-9.72658e-05
366.1	-0.000124156
366.2	-0.000153271
366.3	-0.000182834
366.4	-0.000215135
366.5	-0.000244469
366.6	-0.000275415
366.7	-0.000300782
366.8	-0.000322897
366.9	-0.000344348
367	-0.000365745
367.1	-0.00038385
367.2	-0.000396731
367.3	-0.000409967
367.4	-0.000425238
367.5	-0.000445354
367.6	-0.000470779
367.7	-0.000497776
367.8	-0.000525334
367.9	-0.000556253
368	-0.000588564
368.1	-0.000622518
368.2	-0.000658306
368.3	-0.000689733
368.4	-0.000719162
368.5	-0.000747707
368.6	-0.000775871
368.7	-0.000809263
368.8	-0.000846627
368.9	-0.000883801
369	-0.000923098
369.1	-0.000965494
369.2	-0.00101591
369.3	-0.00107219
369.4	-0.00112641
369.5	-0.00118315
369.6	-0.00124287
369.7	-0.00130734
369.8	-0.00137378
369.9	-0.00143846
370	-0.00150389
370.1	-0.00156292
370.2	-0.0016115
370.3	-0.00165398
370.4	-0.0016948
370.5	-0.00173665
370.6	-0.00178119
370.7	-0.00182954
370.8	-0.00187614
370.9	-0.00192251
371	-0.00196544
371.1	-0.00200592
371.2	-0.00204447
371.3	-0.0020823
371.4	-0.0021176
371.5	-0.00215039
371.6	-0.00218048
371.7	-0.00220906
371.8	-0.0022354
371.9	-0.00226416
372	-0.00229689
372.1	-0.00232922
372.2	-0.00235249
372.3	-0.00237198
372.4	-0.0023904
372.5	-0.00240841
372.6	-0.00243357
372.7	-0.00246236
372.8	-0.00249325
372.9	-0.00252528
373	-0.00256043
373.1	-0.00258989
373.2	-0.00261594
373.3	-0.00263505
373.4	-0.0026543
373.5	-0.00267456
373.6	-0.00269903
373.7	-0.00272306
373.8	-0.00274637
373.9	-0.00276788
374	-0.0027912
374.1	-0.00281343
374.2	-0.00283727
374.3	-0.00285776
374.4	-0.00287925
374.5	-0.00290332
374.6	-0.00293378
374.7	-0.00297021
374.8	-0.00301239
374.9	-0.0030604
375	-0.00310909
375.1	-0.00316065
375.2	-0.0032162
375.3	-0.00327185
375.4	-0.00332904
375.5	-0.00339056
375.6	-0.00345764
375.7	-0.00352636
375.8	-0.00359427
375.9	-0.00366484
376	-0.00373766
376.1	-0.00380781
376.2	-0.0038726
376.3	-0.00393265
376.4	-0.00398528
376.5	-0.00402953
376.6	-0.00407281
376.7	-0.00411504
376.8	-0.00415904
376.9	-0.00420374
377	-0.00424618
377.1	-0.00428427
377.2	-0.00432353
377.3	-0.00436293
377.4	-0.00439781
377.5	-0.00443139
377.6	-0.0044621
377.7	-0.00449127
377.8	-0.00451921
377.9	-0.00453928
378	-0.00455398
378.1	-0.00456463
378.2	-0.00457444
378.3	-0.00458362
378.4	-0.0045855
378.5	-0.00458266
378.6	-0.0045829
378.7	-0.00458925
378.8	-0.00459671
378.9	-0.00460205
379	-0.00460856
379.1	-0.00461238
379.2	-0.00461323
379.3	-0.00461839
379.4	-0.00462797
379.5	-0.00463802
379.6	-0.0046481
379.7	-0.00466034
379.8	-0.00467234
379.9	-0.0046829
380	-0.00469191
380.1	-0.00469383
380.2	-0.00469108
380.3	-0.00469193
380.4	-0.00469757
380.5	-0.00470045
380.6	-0.00469752
380.7	-0.00468902
380.8	-0.00468259
380.9	-0.00468091
381	-0.00468478
381.1	-0.00468707
381.2	-0.00468986
381.3	-0.00469173
381.4	-0.00469039
381.5	-0.00468705
381.6	-0.00467946
381.7	-0.0046718
381.8	-0.00466133
381.9	-0.00465
382	-0.00463575
382.1	-0.00462185
382.2	-0.00460195
382.3	-0.00458037
382.4	-0.00456031
382.5	-0.00453901
382.6	-0.00451775
382.7	-0.00449722
382.8	-0.00448321
382.9	-0.00447338
383	-0.00446263
383.1	-0.00444747
383.2	-0.00442767
383.3	-0.00441267
383.4	-0.00439977
383.5	-0.00438641
383.6	-0.0043736
383.7	-0.0043619
383.8	-0.00435276
383.9	-0.00434372
384	-0.00433685
384.1	-0.00433256
384.2	-0.00433413
384.3	-0.00433775
384.4	-0.00434211
384.5	-0.00434754
384.6	-0.00434786
384.7	-0.00434494
384.8	-0.00434369
384.9	-0.00434364
385	-0.00434602
385.1	-0.00434801
385.2	-0.00434844
385.3	-0.00435019
385.4	-0.00435181
385.5	-0.00435366
385.6	-0.00435461
385.7	-0.00435407
385.8	-0.00434729
385.9	-0.00433947
386	-0.00432712
386.1	-0.00431423
386.2	-0.00430099
386.3	-0.00428817
386.4	-0.00427451
386.5	-0.00425622
386.6	-0.00423316
386.7	-0.00420955
386.8	-0.00418678
386.9	-0.00415778
387	-0.00412572
387.1	-0.00409125
387.2	-0.00405722
387.3	-0.0040236
387.4	-0.0039917
387.5	-0.00396121
387.6	-0.00392985
387.7	-0.00389856
387.8	-0.003873
387.9	-0.00384363
388	-0.00381629
388.1	-0.00379092
388.2	-0.00376785
388.3	-0.00373933
388.4	-0.0037111
388.5	-0.00368271
388.6	-0.00366019
388.7	-0.00363629
388.8	-0.00360988
388.9	-0.00358204
389	-0.00355528
389.1	-0.00352848
389.2	-0.00350365
389.3	-0.00347429
389.4	-0.00344112
389.5	-0.00340369
389.6	-0.00336356
389.7	-0.00332063
389.8	-0.00327818
389.9	-0.00324387
390	-0.00321486
390.1	-0.00318808
390.2	-0.00315951
390.3	-0.00313333
390.4	-0.0031058
390.5	-0.00307837
390.6	-0.00305136
390.7	-0.00302463
390.8	-0.0030027
390.9	-0.00298385
391	-0.00296494
391.1	-0.00294633
391.2	-0.00292303
391.3	-0.00289952
391.4	-0.00287476
391.5	-0.0028528
391.6	-0.00283188
391.7	-0.00280861
391.8	-0.00278122
391.9	-0.00275386
392	-0.00272597
392.1	-0.00269864
392.2	-0.00267467
392.3	-0.00265152
392.4	-0.00262951
392.5	-0.00261193
392.6	-0.0025988
392.7	-0.00259074
392.8	-0.0025852
392.9	-0.00258507
393	-0.00259051
393.1	-0.00259675
393.2	-0.00260278
393.3	-0.00260937
393.4	-0.0026174
393.5	-0.00262654
393.6	-0.00263516
393.7	-0.00264416
393.8	-0.00265182
393.9	-0.00265646
394	-0.00265643
394.1	-0.00265507
394.2	-0.00265401
394.3	-0.00265603
394.4	-0.00265951
394.5	-0.00266121
394.6	-0.00266865
394.7	-0.00268055
394.8	-0.00269335
394.9	-0.00270213
395	-0.00270875
395.1	-0.00271148
395.2	-0.00271249
395.3	-0.00271142
395.4	-0.0027094
395.5	-0.002712
395.6	-0.00272042
395.7	-0.00273425
395.8	-0.00274894
395.9	-0.00276782
396	-0.00279134
396.1	-0.00281587
396.2	-0.00283518
396.3	-0.00284798
396.4	-0.00285706
396.5	-0.00286393
396.6	-0.00286745
396.7	-0.00286762
396.8	-0.00286628
396.9	-0.00286037
397	-0.00285543
397.1	-0.00285453
397.2	-0.00285689
397.3	-0.0028611
397.4	-0.00286602
397.5	-0.00287405
397.6	-0.00288003
397.7	-0.00288681
397.8	-0.00288576
397.9	-0.00288166
398	-0.00288095
398.1	-0.00288426
398.2	-0.0028882
398.3	-0.00289142
398.4	-0.00289697
398.5	-0.00290783
398.6	-0.00291713
398.7	-0.00292293
398.8	-0.00292465
398.9	-0.00292587
399	-0.00292671
399.1	-0.0029327
399.2	-0.00294004
399.3	-0.00294598
399.4	-0.00295112
399.5	-0.00295008
399.6	-0.00294973
399.7	-0.00294864
399.8	-0.00294795
399.9	-0.00294751
400	-0.00295279
400.1	-0.00295495
400.2	-0.00295193
400.3	-0.00294902
400.4	-0.00294256
400.5	-0.00293542
400.6	-0.00293125
400.7	-0.00293255
400.8	-0.00293641
400.9	-0.00293971
401	-0.0029426
401.1	-0.00294645
401.2	-0.00295433
401.3	-0.00296158
401.4	-0.00296559
401.5	-0.00296883
401.6	-0.00297084
401.7	-0.00297396
401.8	-0.00297573
401.9	-0.00297912
402	-0.002983
402.1	-0.00299339
402.2	-0.00300639
402.3	-0.00302055
402.4	-0.00303514
402.5	-0.00305009
402.6	-0.00306384
402.7	-0.0030747
402.8	-0.00308564
402.9	-0.00309866
403	-0.00310993
403.1	-0.00312027
403.2	-0.00312289
403.3	-0.0031223
403.4	-0.00311631
403.5	-0.0031101
403.6	-0.0031039
403.7	-0.00310479
403.8	-0.00311157
403.9	-0.0031233
404	-0.00313811
404.1	-0.00315235
404.2	-0.0031635
404.3	-0.00317706
404.4	-0.00319519
404.5	-0.00321658
404.6	-0.00323263
404.7	-0.00324111
404.8	-0.00324202
404.9	-0.00323547
405	-0.00321909
405.1	-0.0031988
405.2	-0.00318043
405.3	-0.0031676
405.4	-0.00316236
405.5	-0.0031558
405.6	-0.00314312
405.7	-0.00312558
405.8	-0.00310433
405.9	-0.00308602
406	-0.00306798
406.1	-0.00305046
406.2	-0.00303324
406.3	-0.00301629
406.4	-0.00300073
406.5	-0.00298605
406.6	-0.00297077
406.7	-0.00295704
406.8	-0.00294397
406.9	-0.00293612
407	-0.00292661
407.1	-0.00290895
407.2	-0.00288338
407.3	-0.00285483
407.4	-0.00282649
407.5	-0.00280133
407.6	-0.00278034
407.7	-0.00275878
407.8	-0.00273522
407.9	-0.00271018
408	-0.00268748
408.1	-0.00266701
408.2	-0.00264699
408.3	-0.0026263
408.4	-0.00260912
408.5	-0.00258972
408.6	-0.00257201
408.7	-0.0025586
408.8	-0.00254794
408.9	-0.00253234
409	-0.00251715
409.1	-0.0025022
409.2	-0.00248507
409.3	-0.00246612
409.4	-0.00244463
409.5	-0.00241999
409.6	-0.00239332
409.7	-0.00236661
409.8	-0.00234414
409.9	-0.00231687
410	-0.00228412
410.1	-0.00225391
410.2	-0.00221909
410.3	-0.00217932
410.4	-0.00213736
410.5	-0.00209388
410.6	-0.00204979
410.7	-0.0020008
410.8	-0.00194699
410.9	-0.00189493
411	-0.00185144
411.1	-0.00180635
411.2	-0.00175685
411.3	-0.00171075
411.4	-0.00166874
411.5	-0.00163217
411.6	-0.00158901
411.7	-0.00154357
411.8	-0.0015019
411.9	-0.00146349
412	-0.00142285
412.1	-0.00138557
412.2	-0.00135001
412.3	-0.00131843
412.4	-0.00128815
412.5	-0.00125906
412.6	-0.00122339
412.7	-0.00118266
412.8	-0.00113915
412.9	-0.00109368
413	-0.00104516
413.1	-0.000998445
413.2	-0.000953488
413.3	-0.00091035
413.4	-0.000867465
413.5	-0.000829823
413.6	-0.000791674
413.7	-0.000756181
413.8	-0.000715628
413.9	-0.000676622
414	-0.000635914
414.1	-0.0005959
414.2	-0.000556048
414.3	-0.000515874
414.4	-0.000473748
414.5	-0.000431472
414.6	-0.000390774
414.7	-0.000350081
414.8	-0.000313063
414.9	-0.000279319
415	-0.000248603
415.1	-0.000217946
415.2	-0.000185715
415.3	-0.000154115
415.4	-0.000123518
415.5	-9.92154e-05
415.6	-8.23331e-05
415.7	-6.66534e-05
415.8	-5.18984e-05
415.9	-3.6288e-05
416	-2.09438e-05
416.1	-3.55581e-06
416.2	1.57957e-05
416.3	3.8566e-05
416.4	5.93031e-05
416.5	7.52795e-05
416.6	8.96687e-05
416.7	0.000103397
416.8	0.00011174
416.9	0.000114745
417	0.000113109
417.1	0.000109136
417.2	0.000101797
417.3	8.92003e-05
417.4	7.54258e-05
417.5	6.09571e-05
417.6	4.85621e-05
417.7	3.71902e-05
417.8	1.99594e-05
417.9	4.7744e-06
418	-7.59247e-06
418.1	-1.51472e-05
418.2	-1.7137e-05
418.3	-1.79265e-05
418.4	-2.11568e-05
418.5	-2.62633e-05
418.6	-3.25616e-05
418.7	-4.232e-05
418.8	-5.28739e-05
418.9	-6.38712e-05
419	-7.75753e-05
419.1	-9.32625e-05
419.2	-0.000109305
419.3	-0.000126542
419.4	-0.000144907
419.5	-0.000168589
419.6	-0.000197569
419.7	-0.000227635
419.8	-0.000255993
419.9	-0.000283267
420	-0.000309658
420.1	-0.000340311
420.2	-0.000371323
420.3	-0.000403236
420.4	-0.00043351
420.5	-0.000459909
420.6	-0.000482303
420.7	-0.000506852
420.8	-0.000536187
420.9	-0.000560861
421	-0.000583945
421.1	-0.000603036
421.2	-0.0006175
421.3	-0.000630737
421.4	-0.0006416
421.5	-0.000649022
421.6	-0.00065844
421.7	-0.000669906
421.8	-0.000680152
421.9	-0.000692221
422	-0.000703537
422.1	-0.000715825
422.2	-0.000725924
422.3	-0.000731712
422.4	-0.000738367
422.5	-0.000749671
422.6	-0.000762305
422.7	-0.000771444
422.8	-0.000778078
422.9	-0.000785381
423	-0.000793273
423.1	-0.000803891
423.2	-0.000816868
423.3	-0.000831551
423.4	-0.000847239
423.5	-0.000864226
423.6	-0.000885041
423.7	-0.000911695
423.8	-0.000943155
423.9	-0.000976516
424	-0.00100852
424.1	-0.00104396
424.2	-0.0010828
424.3	-0.00111604
424.4	-0.00114291
424.5	-0.00116333
424.6	-0.00117469
424.7	-0.00118121
424.8	-0.00118359
424.9	-0.00118374
425	-0.00118192
425.1	-0.0011822
425.2	-0.00118808
425.3	-0.00119058
425.4	-0.00119231
425.5	-0.00119056
425.6	-0.00118687
425.7	-0.0011849
425.8	-0.00118792
425.9	-0.00119135
426	-0.00119435
426.1	-0.00119869
426.2	-0.00120242
426.3	-0.00120945
426.4	-0.00121957
426.5	-0.00123279
426.6	-0.00124439
426.7	-0.00125478
426.8	-0.00126874
426.9	-0.00128043
427	-0.00129248
427.1	-0.00130317
427.2	-0.00131529
427.3	-0.00131785
427.4	-0.00131443
427.5	-0.00130888
427.6	-0.00130062
427.7	-0.00128858
427.8	-0.00127216
427.9	-0.00124973
428	-0.00122081
428.1	-0.00119082
428.2	-0.00115791
428.3	-0.00112405
428.4	-0.00108746
428.5	-0.00104845
428.6	-0.00101165
428.7	-0.000982025
428.8	-0.000954486
428.9	-0.000924472
429	-0.000893528
429.1	-0.000866925
429.2	-0.00084266
429.3	-0.000819989
429.4	-0.000796971
429.5	-0.000772437
429.6	-0.000752593
429.7	-0.000736409
429.8	-0.000722347
429.9	-0.000705681
430	-0.000691755
430.1	-0.000683489
430.2	-0.000680491
430.3	-0.000679517
430.4	-0.000677881
430.5	-0.000674366
430.6	-0.000664917
430.7	-0.000653867
430.8	-0.000643368
430.9	-0.000635657
431	-0.000631874
431.1	-0.000630829
431.2	-0.000626192
431.3	-0.000624455
431.4	-0.000624788
431.5	-0.000629563
431.6	-0.000637965
431.7	-0.00064421
431.8	-0.000644908
431.9	-0.000639308
432	-0.000624392
432.1	-0.000606452
432.2	-0.00059069
432.3	-0.000577898
432.4	-0.000570924
432.5	-0.000563927
432.6	-0.00055289
432.7	-0.000538286
432.8	-0.000522468
432.9	-0.000506562
433	-0.000489398
433.1	-0.000468963
433.2	-0.000440842
433.3	-0.00040799
433.4	-0.000371909
433.5	-0.000333699
433.6	-0.000290753
433.7	-0.000247163
433.8	-0.000203532
433.9	-0.000157094
434	-0.000113135
434.1	-7.55845e-05
434.2	-4.57153e-05
434.3	-1.9813e-05
434.4	2.02853e-06
434.5	2.46102e-05
434.6	5.17129e-05
434.7	8.49628e-05
434.8	0.000117042
434.9	0.000145176
435	0.000169687
435.1	0.000190606
435.2	0.00020793
435.3	0.000223283
435.4	0.000240386
435.5	0.000254067
435.6	0.000264868
435.7	0.000273403
435.8	0.00028272
435.9	0.000294856
436	0.000306967
436.1	0.000316514
436.2	0.000329174
436.3	0.000348559
436.4	0.000370339
436.5	0.000394098
436.6	0.000413273
436.7	0.000431306
436.8	0.000447488
436.9	0.000461944
437	0.000476154
437.1	0.000490853
437.2	0.000503678
437.3	0.000519345
437.4	0.000535566
437.5	0.00055221
437.6	0.000569094
437.7	0.000585615
437.8	0.000601843
437.9	0.00061295
438	0.000620767
438.1	0.000627249
438.2	0.000629574
438.3	0.000630973
438.4	0.000642939
438.5	0.000661261
438.6	0.000676905
438.7	0.000691758
438.8	0.000703001
438.9	0.000710293
439	0.000709289
439.1	0.000703314
439.2	0.000691144
439.3	0.000674116
439.4	0.000653777
439.5	0.000631093
439.6	0.00060874
439.7	0.000589589
439.8	0.000569423
439.9	0.000550497
440	0.000532113
440.1	0.000513435
440.2	0.000496756
440.3	0.000483985
440.4	0.000472833
440.5	0.000465749
440.6	0.000459349
440.7	0.000448542
440.8	0.000437439
440.9	0.000421528
441	0.000403699
441.1	0.000380708
441.2	0.000357125
441.3	0.000331801
441.4	0.000309814
441.5	0.000291472
441.6	0.000271172
441.7	0.00025126
441.8	0.000226877
441.9	0.000202784
442	0.000174961
442.1	0.000145234
442.2	0.000111797
442.3	7.74859e-05
442.4	4.18475e-05
442.5	4.22819e-06
442.6	-2.91778e-05
442.7	-6.18535e-05
442.8	-8.74297e-05
442.9	-0.00011461
443	-0.000146742
443.1	-0.000181
443.2	-0.00021257
443.3	-0.000240993
443.4	-0.00026927
443.5	-0.000300049
443.6	-0.000331597
443.7	-0.000359168
443.8	-0.000384355
443.9	-0.000406277
444	-0.000425163
444.1	-0.000441396
444.2	-0.000452875
444.3	-0.000465473
444.4	-0.000477414
444.5	-0.00049024
444.6	-0.000501989
444.7	-0.000513734
444.8	-0.000526688
444.9	-0.00054362
445	-0.000562601
445.1	-0.000584852
445.2	-0.000608198
445.3	-0.000631684
445.4	-0.000654963
445.5	-0.000671255
445.6	-0.000683533
445.7	-0.000690849
445.8	-0.00069272
445.9	-0.000690536
446	-0.000691523
446.1	-0.000696944
446.2	-0.000706116
446.3	-0.000723529
446.4	-0.000740898
446.5	-0.000762923
446.6	-0.000785043
446.7	-0.000801906
446.8	-0.000811983
446.9	-0.000816839
447	-0.000815791
447.1	-0.000810642
447.2	-0.000806495
447.3	-0.000797576
447.4	-0.000786524
447.5	-0.000774352
447.6	-0.000762299
447.7	-0.000751221
447.8	-0.000736815
447.9	-0.000722636
448	-0.000708274
448.1	-0.000690258
448.2	-0.000669709
448.3	-0.000644496
448.4	-0.000610739
448.5	-0.000568776
448.6	-0.000523999
448.7	-0.000476854
448.8	-0.00042901
448.9	-0.000379709
449	-0.000334092
449.1	-0.000291243
449.2	-0.000246464
449.3	-0.000201429
449.4	-0.00015672
449.5	-0.00011464
449.6	-7.6521e-05
449.7	-3.93555e-05
449.8	-1.64221e-06
449.9	3.69104e-05
450	7.16683e-05
450.1	0.000105666
450.2	0.000134836
450.3	0.000159005
450.4	0.00018105
450.5	0.000199868
450.6	0.000219997
450.7	0.000240799
450.8	0.000258478
450.9	0.000271515
451	0.000282018
451.1	0.000293537
451.2	0.000307423
451.3	0.00032245
451.4	0.000339367
451.5	0.000363591
451.6	0.000390546
451.7	0.00042037
451.8	0.000454609
451.9	0.000482317
452	0.000510357
452.1	0.000538866
452.2	0.000567977
452.3	0.000595401
452.4	0.000625722
452.5	0.000656057
452.6	0.000687199
452.7	0.000716474
452.8	0.000744506
452.9	0.000780003
453	0.000820628
453.1	0.000864508
453.2	0.000916411
453.3	0.000968919
453.4	0.00101894
453.5	0.00106927
453.6	0.00112059
453.7	0.00117542
453.8	0.00122777
453.9	0.00128058
454	0.00133167
454.1	0.0013808
454.2	0.00143345
454.3	0.00148493
454.4	0.00153113
454.5	0.00157613
454.6	0.00161756
454.7	0.00164926
454.8	0.00167864
454.9	0.0017076
455	0.00173513
455.1	0.00176262
455.2	0.0017889
455.3	0.00181294
455.4	0.00183614
455.5	0.00186203
455.6	0.00189265
455.7	0.00192562
455.8	0.00196256
455.9	0.00199788
456	0.00203543
456.1	0.00206983
456.2	0.00210169
456.3	0.00213584
456.4	0.0021759
456.5	0.00221731
456.6	0.00225735
456.7	0.00229162
456.8	0.00232374
456.9	0.0023513
457	0.002379
457.1	0.00240774
457.2	0.00243568
457.3	0.00246056
457.4	0.00248063
457.5	0.00249827
457.6	0.00251984
457.7	0.00254191
457.8	0.00257022
457.9	0.0025989
458	0.0026249
458.1	0.00265175
458.2	0.00267561
458.3	0.00269839
458.4	0.00271858
458.5	0.00273604
458.6	0.002754
458.7	0.00277492
458.8	0.00279793
458.9	0.00282496
459	0.0028496
459.1	0.00287695
459.2	0.00290158
459.3	0.00292556
459.4	0.00295088
459.5	0.00297236
459.6	0.00299311
459.7	0.00301476
459.8	0.0030399
459.9	0.00306321
460	0.00308245
460.1	0.00309802
460.2	0.00310791
460.3	0.00311733
460.4	0.00312656
460.5	0.00313436
460.6	0.00314024
460.7	0.0031438
460.8	0.00314433
460.9	0.0031443
461	0.00314122
461.1	0.00313877
461.2	0.00313239
461.3	0.00311686
461.4	0.00309673
461.5	0.00307708
461.6	0.00305329
461.7	0.00302772
461.8	0.00299739
461.9	0.00296151
462	0.00292101
462.1	0.00287616
462.2	0.00282727
462.3	0.00278101
462.4	0.00273992
462.5	0.00269896
462.6	0.00265707
462.7	0.00261768
462.8	0.00257887
462.9	0.0025417
463	0.00250068
463.1	0.00245618
463.2	0.00241161
463.3	0.00237115
463.4	0.00232999
463.5	0.00228475
463.6	0.00223609
463.7	0.00218487
463.8	0.00213379
463.9	0.0020881
464	0.00204858
464.1	0.00201452
464.2	0.00198264
464.3	0.00195702
464.4	0.00193184
464.5	0.00191001
464.6	0.00189119
464.7	0.00187263
464.8	0.00185611
464.9	0.00183651
465	0.00181066
465.1	0.00178564
465.2	0.00175923
465.3	0.00173259
465.4	0.0017068
465.5	0.0016826
465.6	0.00166042
465.7	0.00164106
465.8	0.00162159
465.9	0.00160059
466	0.00158211
466.1	0.00156886
466.2	0.00156035
466.3	0.0015508
466.4	0.00154656
466.5	0.00154606
466.6	0.00154463
466.7	0.00153796
466.8	0.00152561
466.9	0.00150834
467	0.00149295
467.1	0.00147782
467.2	0.00146738
467.3	0.00145689
467.4	0.00145224
467.5	0.00144714
467.6	0.00144746
467.7	0.00144953
467.8	0.00145567
467.9	0.00146397
468	0.00147719
468.1	0.00149052
468.2	0.00150536
468.3	0.00151917
468.4	0.00153503
468.5	0.00155451
468.6	0.00157766
468.7	0.00160296
468.8	0.00163072
468.9	0.00165417
469	0.00167258
469.1	0.00168644
469.2	0.00169476
469.3	0.00169995
469.4	0.00170289
469.5	0.00170373
469.6	0.00170414
469.7	0.00170085
469.8	0.00169934
469.9	0.0017004
470	0.0017008
470.1	0.0017016
470.2	0.0017046
470.3	0.00170747
470.4	0.00170502
470.5	0.00169779
470.6	0.00169078
470.7	0.00168332
470.8	0.00167835
470.9	0.00166699
471	0.00165071
471.1	0.00163671
471.2	0.00162225
471.3	0.0016053
471.4	0.00158234
471.5	0.00155895
471.6	0.00153719
471.7	0.00151675
471.8	0.00149648
471.9	0.00147138
472	0.00144834
472.1	0.00142791
472.2	0.00140941
472.3	0.00139155
472.4	0.00137728
472.5	0.00136596
472.6	0.00135567
472.7	0.00134669
472.8	0.00133362
472.9	0.00131815
473	0.00130294
473.1	0.00128141
473.2	0.00125852
473.3	0.00123821
473.4	0.00121746
473.5	0.00119706
473.6	0.00117912
473.7	0.00116822
473.8	0.00116298
473.9	0.0011603
474	0.00116211
474.1	0.00115993
474.2	0.00115504
474.3	0.00114916
474.4	0.00114389
474.5	0.00114231
474.6	0.00114257
474.7	0.00114437
474.8	0.0011476
474.9	0.00114735
475	0.00114765
475.1	0.00114833
475.2	0.00114873
475.3	0.00115091
475.4	0.00115804
475.5	0.00116871
475.6	0.00117784
475.7	0.00118633
475.8	0.00119257
475.9	0.00119614
476	0.00119494
476.1	0.00119142
476.2	0.0011875
476.3	0.001191
476.4	0.00119244
476.5	0.00119466
476.6	0.00120049
476.7	0.00121109
476.8	0.0012211
476.9	0.00122878
477	0.0012386
477.1	0.0012495
477.2	0.0012585
477.3	0.00126313
477.4	0.001262
477.5	0.00125812
477.6	0.00125531
477.7	0.00125378
477.8	0.00125427
477.9	0.00125597
478	0.00125921
478.1	0.0012676
478.2	0.00128087
478.3	0.00129895
478.4	0.00131342
478.5	0.00132814
478.6	0.00134076
478.7	0.00135292
478.8	0.00136397
478.9	0.00138084
479	0.00140439
479.1	0.00143314
479.2	0.0014685
479.3	0.00150165
479.4	0.00153292
479.5	0.00156744
479.6	0.00160608
479.7	0.00164732
479.8	0.00168623
479.9	0.00172185
480	0.00175636
480.1	0.00179488
480.2	0.00183154
480.3	0.00186432
480.4	0.00189055
480.5	0.00191313
480.6	0.00193591
480.7	0.00196248
480.8	0.0019926
480.9	0.00202089
481	0.00204626
481.1	0.00206785
481.2	0.00208453
481.3	0.00209792
481.4	0.00210929
481.5	0.00212192
481.6	0.00213415
481.7	0.00214293
481.8	0.00215396
481.9	0.00216979
482	0.00218692
482.1	0.00220398
482.2	0.00222297
482.3	0.00223993
482.4	0.00226408
482.5	0.00228755
482.6	0.00230588
482.7	0.00232516
482.8	0.00234836
482.9	0.0023749
483	0.00240421
483.1	0.00243361
483.2	0.00246363
483.3	0.00248734
483.4	0.00251327
483.5	0.00254043
483.6	0.00257065
483.7	0.00259983
483.8	0.00262921
483.9	0.00266229
484	0.00269797
484.1	0.00273171
484.2	0.00276315
484.3	0.00279417
484.4	0.00282804
484.5	0.00286284
484.6	0.00289775
484.7	0.0029368
484.8	0.00298011
484.9	0.00302765
485	0.00307952
485.1	0.00313257
485.2	0.00318706
485.3	0.00324269
485.4	0.00330326
485.5	0.00336583
485.6	0.00343129
485.7	0.00349283
485.8	0.00355141
485.9	0.00360795
486	0.00365938
486.1	0.00370903
486.2	0.00375878
486.3	0.00380507
486.4	0.0038536
486.5	0.00390237
486.6	0.00394895
486.7	0.00399576
486.8	0.00404444
486.9	0.00409539
487	0.00414917
487.1	0.00420286
487.2	0.00425325
487.3	0.00429605
487.4	0.00433583
487.5	0.00437092
487.6	0.00439961
487.7	0.00442271
487.8	0.00443944
487.9	0.00445794
488	0.00447478
488.1	0.00448855
488.2	0.00449966
488.3	0.00450762
488.4	0.00451462
488.5	0.00452219
488.6	0.00452981
488.7	0.00454033
488.8	0.00454828
488.9	0.00454874
489	0.00454502
489.1	0.00453941
489.2	0.0045283
489.3	0.00450899
489.4	0.00448515
489.5	0.00446007
489.6	0.0044339
489.7	0.00440539
489.8	0.00437998
489.9	0.00435508
490	0.00433085
490.1	0.00430806
490.2	0.00428078
490.3	0.00424663
490.4	0.00420677
490.5	0.00416876
490.6	0.00413037
490.7	0.00409018
490.8	0.00404776
490.9	0.00400758
491	0.00396396
491.1	0.00391483
491.2	0.0038621
491.3	0.00380177
491.4	0.00374404
491.5	0.00368994
491.6	0.00363594
491.7	0.0035863
491.8	0.00354109
491.9	0.00350034
492	0.00345976
492.1	0.00341625
492.2	0.00336715
492.3	0.00331439
492.4	0.00326231
492.5	0.00321055
492.6	0.00315462
492.7	0.0031017
492.8	0.00305243
492.9	0.00300782
493	0.00296672
493.1	0.00292901
493.2	0.00289005
493.3	0.00285214
493.4	0.00280997
493.5	0.00276638
493.6	0.00271909
493.7	0.00267173
493.8	0.00262527
493.9	0.00257599
494	0.00252817
494.1	0.0024835
494.2	0.00244687
494.3	0.00241369
494.4	0.00237995
494.5	0.00234966
494.6	0.00232135
494.7	0.00229633
494.8	0.00227887
494.9	0.00226538
495	0.00225217
495.1	0.00223733
495.2	0.00222169
495.3	0.00220543
495.4	0.0021875
495.5	0.00216805
495.6	0.00215118
495.7	0.00213453
495.8	0.00211804
495.9	0.00209981
496	0.00207457
496.1	0.00204824
496.2	0.00201792
496.3	0.00199053
496.4	0.00196004
496.5	0.00192635
496.6	0.00188894
496.7	0.0018497
496.8	0.00181131
496.9	0.00177185
497	0.00173411
497.1	0.00170085
497.2	0.00166894
497.3	0.0016371
497.4	0.00160721
497.5	0.00157586
497.6	0.00154806
497.7	0.00152253
497.8	0.00149693
497.9	0.00146852
498	0.00143851
498.1	0.00140672
498.2	0.00137253
498.3	0.00134364
498.4	0.00131652
498.5	0.00129155
498.6	0.00126698
498.7	0.00124027
498.8	0.00121877
498.9	0.00119419
499	0.0011723
499.1	0.00115054
499.2	0.00113311
499.3	0.00111768
499.4	0.0011034
499.5	0.00109681
499.6	0.00109158
499.7	0.00108259
499.8	0.00107109
499.9	0.00105432
500	0.00103371
