LagTime	Correlation

0	0.674655
0.1	0.669631
0.2	0.662144
0.3	0.654109
0.4	0.646013
0.5	0.637979
0.6	0.630029
0.7	0.622172
0.8	0.614411
0.9	0.606744
1	0.59917
1.1	0.591689
1.2	0.584302
1.3	0.577011
1.4	0.569819
1.5	0.562716
1.6	0.555704
1.7	0.548784
1.8	0.541953
1.9	0.535213
2	0.528559
2.1	0.521989
2.2	0.515498
2.3	0.509089
2.4	0.502758
2.5	0.496507
2.6	0.490335
2.7	0.484241
2.8	0.478228
2.9	0.472294
3	0.466439
3.1	0.460655
3.2	0.454945
3.3	0.449307
3.4	0.443743
3.5	0.438253
3.6	0.432832
3.7	0.427478
3.8	0.422185
3.9	0.416953
4	0.411785
4.1	0.406679
4.2	0.40163
4.3	0.396638
4.4	0.391705
4.5	0.386836
4.6	0.38203
4.7	0.377286
4.8	0.372599
4.9	0.367962
5	0.363379
5.1	0.358853
5.2	0.354382
5.3	0.349968
5.4	0.345609
5.5	0.341305
5.6	0.337059
5.7	0.332869
5.8	0.328739
5.9	0.324666
6	0.320642
6.1	0.31667
6.2	0.31275
6.3	0.308879
6.4	0.305052
6.5	0.30127
6.6	0.297539
6.7	0.293851
6.8	0.290202
6.9	0.286595
7	0.283027
7.1	0.279502
7.2	0.276018
7.3	0.272572
7.4	0.26917
7.5	0.265811
7.6	0.262495
7.7	0.25922
7.8	0.255981
7.9	0.252775
8	0.249603
8.1	0.246466
8.2	0.243368
8.3	0.240305
8.4	0.237279
8.5	0.234287
8.6	0.231333
8.7	0.228414
8.8	0.225532
8.9	0.22268
9	0.219866
9.1	0.217091
9.2	0.214353
9.3	0.211657
9.4	0.208998
9.5	0.206376
9.6	0.203786
9.7	0.20123
9.8	0.198704
9.9	0.196211
10	0.193747
10.1	0.191311
10.2	0.188909
10.3	0.186539
10.4	0.184199
10.5	0.181886
10.6	0.179606
10.7	0.177356
10.8	0.175141
10.9	0.172955
11	0.170796
11.1	0.168664
11.2	0.166561
11.3	0.164478
11.4	0.162418
11.5	0.160386
11.6	0.158378
11.7	0.156394
11.8	0.154437
11.9	0.152496
12	0.15058
12.1	0.148686
12.2	0.146816
12.3	0.144971
12.4	0.143153
12.5	0.141362
12.6	0.139596
12.7	0.137849
12.8	0.136123
12.9	0.134424
13	0.132749
13.1	0.131098
13.2	0.129473
13.3	0.127871
13.4	0.12629
13.5	0.124734
13.6	0.1232
13.7	0.121685
13.8	0.120194
13.9	0.118729
14	0.117284
14.1	0.115857
14.2	0.114446
14.3	0.113053
14.4	0.11168
14.5	0.110327
14.6	0.108994
14.7	0.107682
14.8	0.106388
14.9	0.105115
15	0.103858
15.1	0.102611
15.2	0.101374
15.3	0.100151
15.4	0.0989403
15.5	0.0977448
15.6	0.0965616
15.7	0.0953895
15.8	0.0942314
15.9	0.0930873
16	0.091958
16.1	0.0908507
16.2	0.0897614
16.3	0.0886915
16.4	0.087638
16.5	0.0866005
16.6	0.0855799
16.7	0.0845749
16.8	0.0835768
16.9	0.0825891
17	0.0816105
17.1	0.0806416
17.2	0.079685
17.3	0.0787391
17.4	0.0778074
17.5	0.0768848
17.6	0.0759699
17.7	0.0750609
17.8	0.0741588
17.9	0.0732694
18	0.0723888
18.1	0.0715188
18.2	0.0706558
18.3	0.0697997
18.4	0.0689477
18.5	0.0681062
18.6	0.0672774
18.7	0.0664604
18.8	0.0656494
18.9	0.0648462
19	0.0640543
19.1	0.0632757
19.2	0.0625087
19.3	0.0617509
19.4	0.0609939
19.5	0.0602443
19.6	0.0595012
19.7	0.0587658
19.8	0.0580411
19.9	0.0573303
20	0.0566283
20.1	0.0559265
20.2	0.0552266
20.3	0.0545381
20.4	0.0538609
20.5	0.0531968
20.6	0.0525428
20.7	0.0519001
20.8	0.051266
20.9	0.0506415
21	0.0500257
21.1	0.0494151
21.2	0.0488064
21.3	0.0482004
21.4	0.047602
21.5	0.0470139
21.6	0.0464353
21.7	0.0458618
21.8	0.0452885
21.9	0.0447121
22	0.0441408
22.1	0.0435745
22.2	0.0430079
22.3	0.0424394
22.4	0.0418737
22.5	0.0413149
22.6	0.0407629
22.7	0.0402135
22.8	0.0396701
22.9	0.039137
23	0.0386136
23.1	0.0381014
23.2	0.0376049
23.3	0.0371181
23.4	0.0366354
23.5	0.0361552
23.6	0.0356779
23.7	0.0352113
23.8	0.034752
23.9	0.034301
24	0.0338522
24.1	0.0334087
24.2	0.0329727
24.3	0.0325435
24.4	0.0321217
24.5	0.0317008
24.6	0.0312798
24.7	0.0308573
24.8	0.0304366
24.9	0.0300193
25	0.0296037
25.1	0.0291946
25.2	0.028791
25.3	0.0283897
25.4	0.027991
25.5	0.0275971
25.6	0.0272113
25.7	0.0268361
25.8	0.0264662
25.9	0.0261036
26	0.025747
26.1	0.0253965
26.2	0.0250497
26.3	0.0247058
26.4	0.0243656
26.5	0.0240324
26.6	0.0237102
26.7	0.0233914
26.8	0.0230727
26.9	0.0227618
27	0.0224609
27.1	0.0221734
27.2	0.0218943
27.3	0.0216251
27.4	0.0213654
27.5	0.0211127
27.6	0.0208662
27.7	0.0206227
27.8	0.0203804
27.9	0.020136
28	0.0198881
28.1	0.0196361
28.2	0.0193896
28.3	0.0191479
28.4	0.0189073
28.5	0.0186718
28.6	0.0184423
28.7	0.0182176
28.8	0.0179937
28.9	0.0177696
29	0.017543
29.1	0.0173221
29.2	0.0171083
29.3	0.0168992
29.4	0.0166974
29.5	0.0164993
29.6	0.0163062
29.7	0.0161124
29.8	0.0159157
29.9	0.0157162
30	0.0155163
30.1	0.0153191
30.2	0.0151279
30.3	0.0149434
30.4	0.0147654
30.5	0.0145904
30.6	0.0144175
30.7	0.014245
30.8	0.0140761
30.9	0.0139055
31	0.0137339
31.1	0.0135615
31.2	0.0133902
31.3	0.0132177
31.4	0.0130405
31.5	0.0128657
31.6	0.0126947
31.7	0.0125216
31.8	0.0123439
31.9	0.0121632
32	0.0119811
32.1	0.0118016
32.2	0.0116279
32.3	0.0114634
32.4	0.0113055
32.5	0.0111449
32.6	0.0109872
32.7	0.0108318
32.8	0.0106793
32.9	0.0105296
33	0.010382
33.1	0.0102358
33.2	0.0100884
33.3	0.00993944
33.4	0.00978866
33.5	0.00963995
33.6	0.00949489
33.7	0.00935601
33.8	0.00921836
33.9	0.00908987
34	0.00896938
34.1	0.00884792
34.2	0.00872911
34.3	0.00861373
34.4	0.00850755
34.5	0.00840339
34.6	0.00830115
34.7	0.00820103
34.8	0.00809873
34.9	0.0079899
35	0.0078826
35.1	0.00777584
35.2	0.00767198
35.3	0.00756931
35.4	0.00746923
35.5	0.00737256
35.6	0.00727226
35.7	0.00716807
35.8	0.0070589
35.9	0.00694647
36	0.00683037
36.1	0.00671635
36.2	0.00660519
36.3	0.00649126
36.4	0.00638106
36.5	0.00627644
36.6	0.00618122
36.7	0.00608412
36.8	0.00598732
36.9	0.00589374
37	0.00580101
37.1	0.00570927
37.2	0.00562102
37.3	0.00553171
37.4	0.00544034
37.5	0.00534886
37.6	0.0052549
37.7	0.00515681
37.8	0.00505779
37.9	0.00495811
38	0.00486046
38.1	0.00476094
38.2	0.00465927
38.3	0.00455833
38.4	0.00446291
38.5	0.00436667
38.6	0.00426904
38.7	0.00417455
38.8	0.0040845
38.9	0.00399961
39	0.00391988
39.1	0.00384054
39.2	0.00375545
39.3	0.00367219
39.4	0.00359315
39.5	0.00351949
39.6	0.00345002
39.7	0.00338185
39.8	0.00331217
39.9	0.0032426
40	0.00317469
40.1	0.0031088
40.2	0.00304139
40.3	0.00297441
40.4	0.00290814
40.5	0.00284245
40.6	0.00277813
40.7	0.00271594
40.8	0.00265809
40.9	0.00260109
41	0.00254574
41.1	0.00249303
41.2	0.00243777
41.3	0.00238212
41.4	0.00233137
41.5	0.00229045
41.6	0.00225706
41.7	0.00222505
41.8	0.00219668
41.9	0.00217048
42	0.00214403
42.1	0.00211322
42.2	0.00208155
42.3	0.00204979
42.4	0.00201776
42.5	0.00198486
42.6	0.00195163
42.7	0.00192034
42.8	0.00189158
42.9	0.00186383
43	0.00184069
43.1	0.00182464
43.2	0.00181106
43.3	0.00180079
43.4	0.00179125
43.5	0.00178784
43.6	0.00178998
43.7	0.00179454
43.8	0.00180606
43.9	0.00182418
44	0.00184573
44.1	0.00186657
44.2	0.00189204
44.3	0.00192218
44.4	0.00195548
44.5	0.0019903
44.6	0.00202706
44.7	0.00206601
44.8	0.00210599
44.9	0.00214705
45	0.00218848
45.1	0.00222752
45.2	0.00226242
45.3	0.00230094
45.4	0.00233691
45.5	0.00237547
45.6	0.00241127
45.7	0.00244263
45.8	0.00247301
45.9	0.00250702
46	0.00254582
46.1	0.00259045
46.2	0.0026405
46.3	0.00269098
46.4	0.00273857
46.5	0.00278414
46.6	0.00283035
46.7	0.00287878
46.8	0.0029273
46.9	0.0029729
47	0.0030158
47.1	0.00305626
47.2	0.00309158
47.3	0.00312578
47.4	0.00316127
47.5	0.00319859
47.6	0.0032405
47.7	0.00328201
47.8	0.0033257
47.9	0.00337193
48	0.0034187
48.1	0.00346624
48.2	0.00351223
48.3	0.00355588
48.4	0.00360013
48.5	0.00364674
48.6	0.00369168
48.7	0.00373187
48.8	0.00377028
48.9	0.00380903
49	0.00384281
49.1	0.00387746
49.2	0.00391167
49.3	0.00394546
49.4	0.00397763
49.5	0.00400798
49.6	0.00403353
49.7	0.00405916
49.8	0.00408874
49.9	0.00411987
50	0.00415355
50.1	0.00418862
50.2	0.00421929
50.3	0.00424921
50.4	0.00427452
50.5	0.00429252
50.6	0.00430431
50.7	0.00431056
50.8	0.00431896
50.9	0.00433224
51	0.00434761
51.1	0.00436254
51.2	0.00437865
51.3	0.00439067
51.4	0.0043996
51.5	0.00440497
51.6	0.00440543
51.7	0.0044048
51.8	0.00439963
51.9	0.00439194
52	0.0043841
52.1	0.00437305
52.2	0.00436508
52.3	0.00435535
52.4	0.00434269
52.5	0.00432804
52.6	0.0043176
52.7	0.00431179
52.8	0.00430378
52.9	0.00429247
53	0.00427763
53.1	0.00426198
53.2	0.00425023
53.3	0.00424257
53.4	0.00423668
53.5	0.00422921
53.6	0.00421706
53.7	0.00419823
53.8	0.0041719
53.9	0.00414036
54	0.00411152
54.1	0.00408031
54.2	0.00404489
54.3	0.00400395
54.4	0.00395796
54.5	0.00390754
54.6	0.00385363
54.7	0.00380039
54.8	0.003755
54.9	0.00371601
55	0.00368205
55.1	0.00365382
55.2	0.0036243
55.3	0.00359581
55.4	0.00356893
55.5	0.00354377
55.6	0.0035235
55.7	0.00349977
55.8	0.0034752
55.9	0.00345618
56	0.00344115
56.1	0.00343011
56.2	0.00341882
56.3	0.00340801
56.4	0.00339698
56.5	0.00338956
56.6	0.00338117
56.7	0.00336823
56.8	0.00335241
56.9	0.00333253
57	0.00330977
57.1	0.00328546
57.2	0.00326775
57.3	0.00324913
57.4	0.00322991
57.5	0.00320994
57.6	0.00318762
57.7	0.0031644
57.8	0.00313871
57.9	0.00311392
58	0.00308962
58.1	0.00306835
58.2	0.00305145
58.3	0.00303091
58.4	0.0030084
58.5	0.0029869
58.6	0.00296618
58.7	0.00294729
58.8	0.00293218
58.9	0.00291556
59	0.00289909
59.1	0.00288812
59.2	0.00287809
59.3	0.00287052
59.4	0.00286125
59.5	0.00285606
59.6	0.00285356
59.7	0.00285278
59.8	0.00284976
59.9	0.00284472
60	0.00283973
60.1	0.00283548
60.2	0.00282968
60.3	0.0028247
60.4	0.00282399
60.5	0.00282372
60.6	0.00282224
60.7	0.00282222
60.8	0.00282224
60.9	0.00281797
61	0.00280914
61.1	0.00279967
61.2	0.00279686
61.3	0.00279505
61.4	0.00279276
61.5	0.00279169
61.6	0.0027878
61.7	0.00278685
61.8	0.00278209
61.9	0.00277607
62	0.00277141
62.1	0.00276463
62.2	0.00275701
62.3	0.00274583
62.4	0.00273336
62.5	0.00271865
62.6	0.00270249
62.7	0.00268356
62.8	0.00265882
62.9	0.00263136
63	0.00260375
63.1	0.00257672
63.2	0.00255129
63.3	0.00253002
63.4	0.00251175
63.5	0.00250006
63.6	0.00249239
63.7	0.0024858
63.8	0.00248127
63.9	0.002479
64	0.00247454
64.1	0.00246509
64.2	0.00245122
64.3	0.00243569
64.4	0.00241934
64.5	0.00239876
64.6	0.00237678
64.7	0.00235741
64.8	0.00234289
64.9	0.00232733
65	0.00231091
65.1	0.00228551
65.2	0.00225275
65.3	0.00221682
65.4	0.00217933
65.5	0.00214659
65.6	0.00211731
65.7	0.00208955
65.8	0.00206469
65.9	0.00203969
66	0.00201477
66.1	0.0019889
66.2	0.00196006
66.3	0.00192933
66.4	0.00190045
66.5	0.00187316
66.6	0.00184351
66.7	0.00181448
66.8	0.00178786
66.9	0.00176121
67	0.00173773
67.1	0.00171638
67.2	0.00169744
67.3	0.00167956
67.4	0.00166276
67.5	0.00164972
67.6	0.00163789
67.7	0.00162546
67.8	0.00161601
67.9	0.00160692
68	0.00160474
68.1	0.00160217
68.2	0.00160337
68.3	0.00160502
68.4	0.0016087
68.5	0.00161766
68.6	0.00162966
68.7	0.00163953
68.8	0.00164525
68.9	0.00164813
69	0.00165211
69.1	0.00166094
69.2	0.00166747
69.3	0.00166756
69.4	0.00166572
69.5	0.00166435
69.6	0.00166461
69.7	0.00166879
69.8	0.00167202
69.9	0.00167647
70	0.00168519
70.1	0.0017002
70.2	0.00171581
70.3	0.00173159
70.4	0.00174705
70.5	0.00176087
70.6	0.00177094
70.7	0.00177767
70.8	0.00178022
70.9	0.00178058
71	0.00177963
71.1	0.00177505
71.2	0.00176704
71.3	0.0017596
71.4	0.00175459
71.5	0.0017492
71.6	0.0017431
71.7	0.00173766
71.8	0.00173301
71.9	0.00172492
72	0.00171479
72.1	0.00170527
72.2	0.0016933
72.3	0.00167984
72.4	0.00166335
72.5	0.00163929
72.6	0.00161353
72.7	0.00159056
72.8	0.00157117
72.9	0.00155742
73	0.00154289
73.1	0.00152594
73.2	0.00151068
73.3	0.00149211
73.4	0.00147093
73.5	0.00144543
73.6	0.00141718
73.7	0.00138992
73.8	0.00136296
73.9	0.00134012
74	0.00132107
74.1	0.00130345
74.2	0.00128773
74.3	0.0012731
74.4	0.00126419
74.5	0.00125959
74.6	0.00125984
74.7	0.00126183
74.8	0.00126571
74.9	0.00127172
75	0.0012749
75.1	0.00127854
75.2	0.00128143
75.3	0.00127993
75.4	0.00127563
75.5	0.00126988
75.6	0.00126267
75.7	0.00125399
75.8	0.00124097
75.9	0.00122565
76	0.00120228
76.1	0.00117503
76.2	0.00114474
76.3	0.00111378
76.4	0.00107962
76.5	0.00104231
76.6	0.00100142
76.7	0.000961177
76.8	0.000924908
76.9	0.000887589
77	0.000845682
77.1	0.00080343
77.2	0.000760985
77.3	0.000717443
77.4	0.000677048
77.5	0.000639524
77.6	0.00060552
77.7	0.000576914
77.8	0.000555819
77.9	0.000538064
78	0.000521387
78.1	0.00050514
78.2	0.000490852
78.3	0.000478225
78.4	0.000461024
78.5	0.0004403
78.6	0.000416878
78.7	0.000387651
78.8	0.0003594
78.9	0.000325929
79	0.000289414
79.1	0.000249204
79.2	0.000207222
79.3	0.000169118
79.4	0.000133001
79.5	9.69546e-05
79.6	5.75875e-05
79.7	1.82746e-05
79.8	-1.82613e-05
79.9	-5.45212e-05
80	-8.37655e-05
80.1	-0.000103374
80.2	-0.000118687
80.3	-0.000133556
80.4	-0.000154989
80.5	-0.000181648
80.6	-0.000208373
80.7	-0.000240847
80.8	-0.000277284
80.9	-0.000316817
81	-0.000355991
81.1	-0.000392417
81.2	-0.000426261
81.3	-0.000459378
81.4	-0.00049446
81.5	-0.000533634
81.6	-0.000575112
81.7	-0.000615629
81.8	-0.000654506
81.9	-0.000694663
82	-0.000737282
82.1	-0.000782526
82.2	-0.000826094
82.3	-0.000858819
82.4	-0.000886161
82.5	-0.000913095
82.6	-0.000942273
82.7	-0.000972848
82.8	-0.00100214
82.9	-0.00103334
83	-0.00106967
83.1	-0.00110179
83.2	-0.00113248
83.3	-0.00116215
83.4	-0.00118729
83.5	-0.00120896
83.6	-0.00122994
83.7	-0.00124256
83.8	-0.00124847
83.9	-0.00126036
84	-0.00127754
84.1	-0.00129596
84.2	-0.00130838
84.3	-0.00131145
84.4	-0.00130857
84.5	-0.00130266
84.6	-0.001297
84.7	-0.00129158
84.8	-0.0012863
84.9	-0.00127755
85	-0.00126554
85.1	-0.00124919
85.2	-0.00122436
85.3	-0.00119347
85.4	-0.00116167
85.5	-0.0011314
85.6	-0.00109957
85.7	-0.00106482
85.8	-0.00102959
85.9	-0.000992568
86	-0.000955007
86.1	-0.000915287
86.2	-0.000875221
86.3	-0.000838335
86.4	-0.000800662
86.5	-0.000769656
86.6	-0.000746435
86.7	-0.000724976
86.8	-0.000704651
86.9	-0.00069016
87	-0.000678913
87.1	-0.000672092
87.2	-0.0006663
87.3	-0.000656151
87.4	-0.000646675
87.5	-0.000639767
87.6	-0.000637054
87.7	-0.000636796
87.8	-0.000636409
87.9	-0.000634066
88	-0.000631338
88.1	-0.000624319
88.2	-0.000612117
88.3	-0.000595769
88.4	-0.000573938
88.5	-0.000551989
88.6	-0.000526219
88.7	-0.000493514
88.8	-0.000452773
88.9	-0.000410473
89	-0.000371774
89.1	-0.000338869
89.2	-0.0003097
89.3	-0.00027968
89.4	-0.00024663
89.5	-0.000212894
89.6	-0.000178746
89.7	-0.00014595
89.8	-0.000113729
89.9	-8.30612e-05
90	-5.55811e-05
90.1	-2.85473e-05
90.2	1.07523e-06
90.3	3.29514e-05
90.4	6.73895e-05
90.5	0.000102139
90.6	0.000137326
90.7	0.000176092
90.8	0.000218389
90.9	0.0002638
91	0.000306832
91.1	0.000350688
91.2	0.000395552
91.3	0.00044087
91.4	0.000488074
91.5	0.000533288
91.6	0.00057795
91.7	0.000614788
91.8	0.000646456
91.9	0.000670211
92	0.000692104
92.1	0.000715006
92.2	0.000742735
92.3	0.000766747
92.4	0.000792953
92.5	0.000823412
92.6	0.000852698
92.7	0.000876081
92.8	0.000894652
92.9	0.000907678
93	0.000920114
93.1	0.000927124
93.2	0.000930321
93.3	0.000931566
93.4	0.000929005
93.5	0.00091919
93.6	0.000904828
93.7	0.000887155
93.8	0.000871428
93.9	0.000855228
94	0.00083903
94.1	0.000825029
94.2	0.000812092
94.3	0.000800607
94.4	0.000789689
94.5	0.00078107
94.6	0.000778045
94.7	0.000776375
94.8	0.000776375
94.9	0.000783328
95	0.00079187
95.1	0.000799154
95.2	0.000804264
95.3	0.000805131
95.4	0.000807757
95.5	0.000817356
95.6	0.000832425
95.7	0.00084993
95.8	0.000867424
95.9	0.000881575
96	0.000890521
96.1	0.000899712
96.2	0.000908106
96.3	0.000918391
96.4	0.000923853
96.5	0.000928399
96.6	0.000939162
96.7	0.000950332
96.8	0.000957517
96.9	0.000964907
97	0.000969363
97.1	0.000978456
97.2	0.000988048
97.3	0.00099476
97.4	0.00100153
97.5	0.00100904
97.6	0.00101179
97.7	0.00100758
97.8	0.00100155
97.9	0.000995801
98	0.000989423
98.1	0.000976389
98.2	0.000954476
98.3	0.000925532
98.4	0.000893597
98.5	0.000860856
98.6	0.000827696
98.7	0.000794721
98.8	0.000761556
98.9	0.000728718
99	0.000697165
99.1	0.00066413
99.2	0.000635949
99.3	0.000611827
99.4	0.000586483
99.5	0.000560022
99.6	0.000535846
99.7	0.000510498
99.8	0.000489548
99.9	0.000468722
100	0.00044315
100.1	0.000414537
100.2	0.000384575
100.3	0.0003583
100.4	0.000333123
100.5	0.000313485
100.6	0.000295782
100.7	0.00027893
100.8	0.000258561
100.9	0.000238172
101	0.000218198
101.1	0.00019921
101.2	0.000182545
101.3	0.000163318
101.4	0.000141582
101.5	0.000115612
101.6	8.35736e-05
101.7	5.1354e-05
101.8	1.58321e-05
101.9	-2.2507e-05
102	-6.43014e-05
102.1	-0.000108596
102.2	-0.00015166
102.3	-0.000192902
102.4	-0.00023135
102.5	-0.00027163
102.6	-0.000315298
102.7	-0.000359833
102.8	-0.000403416
102.9	-0.000447939
103	-0.000493974
103.1	-0.000539503
103.2	-0.000589652
103.3	-0.000639264
103.4	-0.000688624
103.5	-0.000743547
103.6	-0.000801471
103.7	-0.000858334
103.8	-0.000914218
103.9	-0.000969788
104	-0.00102178
104.1	-0.00107393
104.2	-0.0011261
104.3	-0.00117491
104.4	-0.00122242
104.5	-0.00126893
104.6	-0.00131232
104.7	-0.00135839
104.8	-0.00140525
104.9	-0.00145296
105	-0.00150423
105.1	-0.00155688
105.2	-0.00161195
105.3	-0.00166537
105.4	-0.00171905
105.5	-0.00177446
105.6	-0.00182651
105.7	-0.00188197
105.8	-0.00193802
105.9	-0.00199601
106	-0.00205898
106.1	-0.00212227
106.2	-0.00218581
106.3	-0.0022491
106.4	-0.00231046
106.5	-0.00236829
106.6	-0.00241955
106.7	-0.00246463
106.8	-0.00250731
106.9	-0.00254321
107	-0.00256809
107.1	-0.00258971
107.2	-0.00261102
107.3	-0.00263464
107.4	-0.00265825
107.5	-0.00267989
107.6	-0.00269765
107.7	-0.00271311
107.8	-0.00272381
107.9	-0.00273747
108	-0.00275127
108.1	-0.00276892
108.2	-0.00278558
108.3	-0.00280024
108.4	-0.00282086
108.5	-0.00284409
108.6	-0.00286773
108.7	-0.00289261
108.8	-0.00291804
108.9	-0.00294663
109	-0.00297959
109.1	-0.00301368
109.2	-0.0030544
109.3	-0.00309925
109.4	-0.00314477
109.5	-0.00318737
109.6	-0.0032305
109.7	-0.00326802
109.8	-0.00330307
109.9	-0.00333934
110	-0.00337201
110.1	-0.00340115
110.2	-0.00342972
110.3	-0.0034525
110.4	-0.00347956
110.5	-0.00350462
110.6	-0.00352632
110.7	-0.00355128
110.8	-0.0035777
110.9	-0.00360124
111	-0.00362097
111.1	-0.00364041
111.2	-0.0036559
111.3	-0.00367001
111.4	-0.00368568
111.5	-0.00369746
111.6	-0.00370743
111.7	-0.00371384
111.8	-0.00371764
111.9	-0.00371586
112	-0.00371002
112.1	-0.00369323
112.2	-0.00367449
112.3	-0.00365805
112.4	-0.00363954
112.5	-0.00362047
112.6	-0.00359809
112.7	-0.00357326
112.8	-0.00354305
112.9	-0.00350673
113	-0.00346322
113.1	-0.00341576
113.2	-0.00337216
113.3	-0.00333366
113.4	-0.00329811
113.5	-0.00326065
113.6	-0.00322319
113.7	-0.0031879
113.8	-0.00315348
113.9	-0.0031207
114	-0.00308807
114.1	-0.0030574
114.2	-0.00302312
114.3	-0.00299056
114.4	-0.0029574
114.5	-0.00292582
114.6	-0.00289337
114.7	-0.00286015
114.8	-0.00283516
114.9	-0.00281288
115	-0.00279425
115.1	-0.00277547
115.2	-0.00275917
115.3	-0.00274397
115.4	-0.00273676
115.5	-0.00272953
115.6	-0.00272345
115.7	-0.00271822
115.8	-0.00271301
115.9	-0.0027139
116	-0.00271856
116.1	-0.00272458
116.2	-0.00273113
116.3	-0.00274104
116.4	-0.00275578
116.5	-0.00277134
116.6	-0.00278383
116.7	-0.00279299
116.8	-0.00279787
116.9	-0.00279647
117	-0.00279426
117.1	-0.00279255
117.2	-0.00279358
117.3	-0.00278984
117.4	-0.00278361
117.5	-0.00277873
117.6	-0.00277814
117.7	-0.00278022
117.8	-0.00278115
117.9	-0.00278213
118	-0.0027866
118.1	-0.00279454
118.2	-0.0028025
118.3	-0.00281
118.4	-0.00281611
118.5	-0.0028213
118.6	-0.00282789
118.7	-0.00283352
118.8	-0.00284039
118.9	-0.00284835
119	-0.00285038
119.1	-0.00285007
119.2	-0.00284972
119.3	-0.00284927
119.4	-0.00285426
119.5	-0.00286453
119.6	-0.00287442
119.7	-0.00288365
119.8	-0.00288893
119.9	-0.00289681
120	-0.00290595
120.1	-0.002915
120.2	-0.00292049
120.3	-0.00292626
120.4	-0.00293317
120.5	-0.00294087
120.6	-0.00294699
120.7	-0.00295835
120.8	-0.00297614
120.9	-0.00299259
121	-0.00300605
121.1	-0.00302135
121.2	-0.00304032
121.3	-0.00305852
121.4	-0.00307642
121.5	-0.00309499
121.6	-0.00311189
121.7	-0.00312609
121.8	-0.00313733
121.9	-0.00314745
122	-0.00315733
122.1	-0.00317045
122.2	-0.00317952
122.3	-0.00318512
122.4	-0.00319038
122.5	-0.00319462
122.6	-0.00319732
122.7	-0.00319679
122.8	-0.00319244
122.9	-0.00318838
123	-0.00317767
123.1	-0.00316249
123.2	-0.00314973
123.3	-0.00313885
123.4	-0.00312535
123.5	-0.00310904
123.6	-0.00309166
123.7	-0.00307137
123.8	-0.00305417
123.9	-0.0030344
124	-0.00301301
124.1	-0.00298465
124.2	-0.00295295
124.3	-0.00291796
124.4	-0.00287979
124.5	-0.00284259
124.6	-0.00281145
124.7	-0.00278252
124.8	-0.00275285
124.9	-0.00272428
125	-0.00270279
125.1	-0.00268316
125.2	-0.00266561
125.3	-0.00264949
125.4	-0.00263259
125.5	-0.00261612
125.6	-0.00259927
125.7	-0.00258428
125.8	-0.0025701
125.9	-0.00255766
126	-0.00254911
126.1	-0.00254266
126.2	-0.00254006
126.3	-0.00253724
126.4	-0.00253215
126.5	-0.00252257
126.6	-0.00250743
126.7	-0.00249195
126.8	-0.00247933
126.9	-0.00246829
127	-0.00245755
127.1	-0.00244467
127.2	-0.00242929
127.3	-0.00241658
127.4	-0.00240926
127.5	-0.00240223
127.6	-0.00239907
127.7	-0.00239885
127.8	-0.00239811
127.9	-0.00239761
128	-0.00239414
128.1	-0.00238505
128.2	-0.00236993
128.3	-0.00235188
128.4	-0.00233197
128.5	-0.00231136
128.6	-0.00228713
128.7	-0.00226331
128.8	-0.00223866
128.9	-0.00221256
129	-0.002187
129.1	-0.00216149
129.2	-0.00213409
129.3	-0.00210416
129.4	-0.0020733
129.5	-0.00203761
129.6	-0.00199787
129.7	-0.00195965
129.8	-0.00192183
129.9	-0.00188311
130	-0.00184533
130.1	-0.00181035
130.2	-0.00177842
130.3	-0.00174617
130.4	-0.00171329
130.5	-0.00167961
130.6	-0.00164808
130.7	-0.00162088
130.8	-0.00159285
130.9	-0.0015619
131	-0.00153015
131.1	-0.00150051
131.2	-0.00147094
131.3	-0.00144314
131.4	-0.00141779
131.5	-0.00139175
131.6	-0.00136562
131.7	-0.00133829
131.8	-0.00130959
131.9	-0.0012824
132	-0.00125163
132.1	-0.00121975
132.2	-0.0011846
132.3	-0.00114833
132.4	-0.00111013
132.5	-0.00107136
132.6	-0.00103424
132.7	-0.00100102
132.8	-0.000971836
132.9	-0.000941417
133	-0.000909188
133.1	-0.00087716
133.2	-0.000849812
133.3	-0.000819613
133.4	-0.000786825
133.5	-0.00075808
133.6	-0.000728905
133.7	-0.00070173
133.8	-0.000675764
133.9	-0.000650395
134	-0.000626744
134.1	-0.000606589
134.2	-0.000584203
134.3	-0.000561942
134.4	-0.000540307
134.5	-0.000519251
134.6	-0.000499535
134.7	-0.00048206
134.8	-0.00046837
134.9	-0.000462685
135	-0.000456896
135.1	-0.000446699
135.2	-0.000433317
135.3	-0.000415546
135.4	-0.000397721
135.5	-0.000382314
135.6	-0.000370315
135.7	-0.000361387
135.8	-0.000350139
135.9	-0.0003405
136	-0.000339105
136.1	-0.000337859
136.2	-0.000330254
136.3	-0.000319093
136.4	-0.000305388
136.5	-0.000291585
136.6	-0.000288038
136.7	-0.000294656
136.8	-0.000303999
136.9	-0.000315022
137	-0.000328328
137.1	-0.000340805
137.2	-0.000353422
137.3	-0.000367193
137.4	-0.000380797
137.5	-0.000394629
137.6	-0.000406619
137.7	-0.000418474
137.8	-0.000428399
137.9	-0.000438909
138	-0.000454525
138.1	-0.000471624
138.2	-0.000488559
138.3	-0.000503178
138.4	-0.000521333
138.5	-0.000537811
138.6	-0.000551815
138.7	-0.000563956
138.8	-0.000582221
138.9	-0.000598087
139	-0.000611793
139.1	-0.000624853
139.2	-0.000638832
139.3	-0.000652784
139.4	-0.000663722
139.5	-0.000677712
139.6	-0.000695456
139.7	-0.000712306
139.8	-0.000728111
139.9	-0.000747908
140	-0.00076844
140.1	-0.000788517
140.2	-0.000809017
140.3	-0.000828895
140.4	-0.0008468
140.5	-0.000865147
140.6	-0.000880394
140.7	-0.000894313
140.8	-0.000907523
140.9	-0.000918171
141	-0.000930105
141.1	-0.000943083
141.2	-0.000956908
141.3	-0.000967121
141.4	-0.000971378
141.5	-0.000973535
141.6	-0.000974899
141.7	-0.000978808
141.8	-0.000982228
141.9	-0.000980371
142	-0.000973408
142.1	-0.000964627
142.2	-0.000954793
142.3	-0.000943759
142.4	-0.00092713
142.5	-0.000906958
142.6	-0.000885613
142.7	-0.000862379
142.8	-0.000836655
142.9	-0.000804955
143	-0.000772027
143.1	-0.000741833
143.2	-0.000713701
143.3	-0.000683152
143.4	-0.000648753
143.5	-0.000611838
143.6	-0.000577342
143.7	-0.000540676
143.8	-0.000504011
143.9	-0.000465327
144	-0.000429326
144.1	-0.000394138
144.2	-0.000365011
144.3	-0.00033725
144.4	-0.000313949
144.5	-0.000299389
144.6	-0.000291197
144.7	-0.000287578
144.8	-0.000284574
144.9	-0.000282828
145	-0.000281381
145.1	-0.000282138
145.2	-0.000286328
145.3	-0.000296687
145.4	-0.000310002
145.5	-0.000325569
145.6	-0.000343548
145.7	-0.000361092
145.8	-0.000377653
145.9	-0.000397684
146	-0.000415153
146.1	-0.000430289
146.2	-0.000447552
146.3	-0.000464965
146.4	-0.000483975
146.5	-0.000506111
146.6	-0.000531424
146.7	-0.000554856
146.8	-0.000574133
146.9	-0.000589704
147	-0.000600032
147.1	-0.000604652
147.2	-0.000608884
147.3	-0.000611189
147.4	-0.00061164
147.5	-0.000611782
147.6	-0.000610302
147.7	-0.000605344
147.8	-0.000599962
147.9	-0.000596922
148	-0.00059172
148.1	-0.000581014
148.2	-0.000572655
148.3	-0.000564865
148.4	-0.000556914
148.5	-0.000545273
148.6	-0.000528809
148.7	-0.00050998
148.8	-0.000489429
148.9	-0.000470198
149	-0.000452327
149.1	-0.000433032
149.2	-0.00041225
149.3	-0.000387989
149.4	-0.000362093
149.5	-0.000336349
149.6	-0.000310838
149.7	-0.000287948
149.8	-0.000268033
149.9	-0.000246706
150	-0.000224152
150.1	-0.000207974
150.2	-0.000193074
150.3	-0.000180133
150.4	-0.000166969
150.5	-0.000149817
150.6	-0.000125774
150.7	-9.53867e-05
150.8	-6.15787e-05
150.9	-2.63294e-05
151	9.16278e-06
151.1	3.98676e-05
151.2	6.90935e-05
151.3	9.70238e-05
151.4	0.000122016
151.5	0.000147735
151.6	0.000167057
151.7	0.000180579
151.8	0.000191327
151.9	0.000203561
152	0.000216528
152.1	0.000232005
152.2	0.000252823
152.3	0.000277795
152.4	0.000306297
152.5	0.000340289
152.6	0.00037525
152.7	0.000411128
152.8	0.000447901
152.9	0.000484627
153	0.00052593
153.1	0.000562955
153.2	0.000595535
153.3	0.000630256
153.4	0.000664022
153.5	0.000697293
153.6	0.000727261
153.7	0.000756758
153.8	0.000781802
153.9	0.000799371
154	0.000813046
154.1	0.000830046
154.2	0.000849059
154.3	0.000868204
154.4	0.000886041
154.5	0.000897999
154.6	0.000907777
154.7	0.000917068
154.8	0.000920306
154.9	0.000921459
155	0.000924579
155.1	0.000932894
155.2	0.000949317
155.3	0.000968182
155.4	0.000984473
155.5	0.00100069
155.6	0.00101518
155.7	0.00103079
155.8	0.00104469
155.9	0.00105827
156	0.0010731
156.1	0.00109262
156.2	0.00111158
156.3	0.00112737
156.4	0.00113838
156.5	0.00114789
156.6	0.00115362
156.7	0.00115812
156.8	0.00116224
156.9	0.00116435
157	0.00116695
157.1	0.00117073
157.2	0.00117713
157.3	0.00117922
157.4	0.00118466
157.5	0.0011934
157.6	0.00120089
157.7	0.00120784
157.8	0.00121546
157.9	0.00122237
158	0.00123604
158.1	0.00125603
158.2	0.00127397
158.3	0.00128844
158.4	0.00130222
158.5	0.0013148
158.6	0.00132909
158.7	0.00134402
158.8	0.00136097
158.9	0.00137711
159	0.00139504
159.1	0.00140827
159.2	0.00142045
159.3	0.00143631
159.4	0.00145307
159.5	0.00146381
159.6	0.00147365
159.7	0.00148384
159.8	0.00149757
159.9	0.00151483
160	0.00153448
160.1	0.00155448
160.2	0.00157047
160.3	0.00158836
160.4	0.0016087
160.5	0.00163126
160.6	0.0016564
160.7	0.0016825
160.8	0.00171423
160.9	0.00175034
161	0.00179259
161.1	0.00184259
161.2	0.00189537
161.3	0.00195309
161.4	0.00201187
161.5	0.00207122
161.6	0.00212769
161.7	0.00217966
161.8	0.00222769
161.9	0.00226759
162	0.00229987
162.1	0.00232984
162.2	0.00234613
162.3	0.0023567
162.4	0.00236535
162.5	0.00237338
162.6	0.0023782
162.7	0.00238328
162.8	0.00239156
162.9	0.00240446
163	0.00242035
163.1	0.00244106
163.2	0.00246616
163.3	0.00249531
163.4	0.0025246
163.5	0.00255859
163.6	0.00259587
163.7	0.0026367
163.8	0.00267401
163.9	0.00270443
164	0.00273333
164.1	0.0027611
164.2	0.00278927
164.3	0.00281848
164.4	0.00284778
164.5	0.00287887
164.6	0.00290341
164.7	0.00292598
164.8	0.00294871
164.9	0.00296621
165	0.00298614
165.1	0.00300909
165.2	0.0030333
165.3	0.00305861
165.4	0.00308599
165.5	0.00310981
165.6	0.00312996
165.7	0.00314678
165.8	0.00315569
165.9	0.00316273
166	0.00317549
166.1	0.00319243
166.2	0.00320585
166.3	0.00321336
166.4	0.00321109
166.5	0.00320469
166.6	0.00319942
166.7	0.00319846
166.8	0.00319787
166.9	0.00319692
167	0.00319485
167.1	0.00319449
167.2	0.00319002
167.3	0.00317904
167.4	0.00316392
167.5	0.00314339
167.6	0.00311647
167.7	0.00308913
167.8	0.00306457
167.9	0.00304105
168	0.00301107
168.1	0.00297988
168.2	0.00294489
168.3	0.0029061
168.4	0.00286477
168.5	0.00282108
168.6	0.00277607
168.7	0.00272705
168.8	0.00267514
168.9	0.00262295
169	0.00256918
169.1	0.00251385
169.2	0.00245842
169.3	0.00240704
169.4	0.00235848
169.5	0.00231075
169.6	0.00226758
169.7	0.00222817
169.8	0.0021919
169.9	0.00216108
170	0.00213485
170.1	0.00210837
170.2	0.00208679
170.3	0.00206955
170.4	0.002053
170.5	0.00203885
170.6	0.00202934
170.7	0.00202003
170.8	0.00201635
170.9	0.00201501
171	0.00201591
171.1	0.00201971
171.2	0.00202886
171.3	0.00204646
171.4	0.00206662
171.5	0.00208395
171.6	0.00209672
171.7	0.0021062
171.8	0.00211292
171.9	0.00212068
172	0.00212844
172.1	0.00213486
172.2	0.00214219
172.3	0.00215049
172.4	0.0021598
172.5	0.00217499
172.6	0.0021959
172.7	0.00222211
172.8	0.00225236
172.9	0.00228438
173	0.00231983
173.1	0.00236055
173.2	0.00240191
173.3	0.00244591
173.4	0.00249062
173.5	0.00253636
173.6	0.00258004
173.7	0.00261737
173.8	0.0026494
173.9	0.00267661
174	0.00269816
174.1	0.00271513
174.2	0.00273037
174.3	0.00274378
174.4	0.00275096
174.5	0.00275588
174.6	0.00276041
174.7	0.00276874
174.8	0.00278055
174.9	0.00279864
175	0.00282168
175.1	0.00284356
175.2	0.00286371
175.3	0.00288064
175.4	0.00289557
175.5	0.00290911
175.6	0.00292776
175.7	0.00294621
175.8	0.00296073
175.9	0.00297595
176	0.00299556
176.1	0.00301137
176.2	0.00302174
176.3	0.00303324
176.4	0.00304403
176.5	0.00305602
176.6	0.00306952
176.7	0.00307972
176.8	0.00308812
176.9	0.0030972
177	0.00310517
177.1	0.00311211
177.2	0.00311364
177.3	0.00311218
177.4	0.00310337
177.5	0.00309552
177.6	0.00308688
177.7	0.00307705
177.8	0.00306416
177.9	0.00304951
178	0.00303993
178.1	0.00303596
178.2	0.00303179
178.3	0.00302781
178.4	0.00301839
178.5	0.00300308
178.6	0.00298264
178.7	0.00296673
178.8	0.00295509
178.9	0.00293887
179	0.00292173
179.1	0.00290546
179.2	0.00288781
179.3	0.00287514
179.4	0.00285846
179.5	0.00283629
179.6	0.00280983
179.7	0.00278236
179.8	0.002754
179.9	0.00272095
180	0.00268035
180.1	0.00263747
180.2	0.00259483
180.3	0.00255452
180.4	0.00251872
180.5	0.00248677
180.6	0.00245653
180.7	0.00242761
180.8	0.00240093
180.9	0.0023759
181	0.00235352
181.1	0.00233362
181.2	0.00231142
181.3	0.00228976
181.4	0.00226739
181.5	0.00224026
181.6	0.00220719
181.7	0.00217366
181.8	0.00213791
181.9	0.0021062
182	0.00207455
182.1	0.00204617
182.2	0.00202267
182.3	0.00200154
182.4	0.00198053
182.5	0.00196094
182.6	0.00194028
182.7	0.00191656
182.8	0.00188975
182.9	0.0018579
183	0.00182809
183.1	0.00179786
183.2	0.00176935
183.3	0.00173957
183.4	0.0017137
183.5	0.00168941
183.6	0.00166955
183.7	0.00164935
183.8	0.00162968
183.9	0.00160518
184	0.00157742
184.1	0.00155073
184.2	0.00152309
184.3	0.00149555
184.4	0.00146893
184.5	0.0014396
184.6	0.00141387
184.7	0.00139097
184.8	0.00137348
184.9	0.00136054
185	0.00134932
185.1	0.00133689
185.2	0.00132155
185.3	0.00130227
185.4	0.00128793
185.5	0.00127984
185.6	0.00127418
185.7	0.00126859
185.8	0.00126616
185.9	0.00126757
186	0.00127217
186.1	0.00127768
186.2	0.00127897
186.3	0.0012805
186.4	0.00128077
186.5	0.0012842
186.6	0.0012869
186.7	0.0012924
186.8	0.00129602
186.9	0.00129787
187	0.00130076
187.1	0.00130515
187.2	0.00130811
187.3	0.00131413
187.4	0.00131847
187.5	0.00132401
187.6	0.00132414
187.7	0.00132564
187.8	0.00133008
187.9	0.00133247
188	0.00132577
188.1	0.00131923
188.2	0.00131013
188.3	0.00130096
188.4	0.00129658
188.5	0.00129148
188.6	0.00128693
188.7	0.00127855
188.8	0.00126549
188.9	0.00124949
189	0.00123571
189.1	0.00122234
189.2	0.00120374
189.3	0.00118251
189.4	0.00115874
189.5	0.00113493
189.6	0.00110943
189.7	0.00108134
189.8	0.00105259
189.9	0.00102586
190	0.0009961
190.1	0.000967398
190.2	0.000938044
190.3	0.000906079
190.4	0.000869194
190.5	0.000826825
190.6	0.000783999
190.7	0.00074151
190.8	0.000695556
190.9	0.00064962
191	0.00060688
191.1	0.000566461
191.2	0.000528094
191.3	0.000484604
191.4	0.000436698
191.5	0.000390359
191.6	0.00034062
191.7	0.000288539
191.8	0.000235205
191.9	0.000180366
192	0.000124833
192.1	6.77768e-05
192.2	8.30151e-06
192.3	-5.15212e-05
192.4	-0.000112294
192.5	-0.000169634
192.6	-0.000223917
192.7	-0.000274125
192.8	-0.000325673
192.9	-0.000378919
193	-0.000434261
193.1	-0.000493511
193.2	-0.000555651
193.3	-0.000618498
193.4	-0.000678739
193.5	-0.000738706
193.6	-0.000795957
193.7	-0.000860071
193.8	-0.000930045
193.9	-0.00100201
194	-0.00107392
194.1	-0.00114247
194.2	-0.00120519
194.3	-0.00126233
194.4	-0.0013098
194.5	-0.00135623
194.6	-0.00140151
194.7	-0.00144422
194.8	-0.00148518
194.9	-0.00152246
195	-0.00155665
195.1	-0.00159063
195.2	-0.00162784
195.3	-0.0016642
195.4	-0.00169704
195.5	-0.00172607
195.6	-0.00175339
195.7	-0.00177931
195.8	-0.00180073
195.9	-0.00182066
196	-0.00184319
196.1	-0.00186673
196.2	-0.00188703
196.3	-0.00191024
196.4	-0.0019367
196.5	-0.00196657
196.6	-0.00200089
196.7	-0.00203436
196.8	-0.00206164
196.9	-0.00208751
197	-0.00211285
197.1	-0.00213924
197.2	-0.0021633
197.3	-0.00218176
197.4	-0.00219363
197.5	-0.00220145
197.6	-0.00220959
197.7	-0.00221684
197.8	-0.00221935
197.9	-0.00221732
198	-0.0022153
198.1	-0.00221268
198.2	-0.00220776
198.3	-0.00220218
198.4	-0.00219165
198.5	-0.0021826
198.6	-0.00217041
198.7	-0.00215696
198.8	-0.00214051
198.9	-0.00212529
199	-0.00211297
199.1	-0.00210992
199.2	-0.0021093
199.3	-0.00210478
199.4	-0.00209862
199.5	-0.00209308
199.6	-0.00208712
199.7	-0.002075
199.8	-0.00205938
199.9	-0.00204372
200	-0.002031
200.1	-0.00201468
200.2	-0.00199605
200.3	-0.00197943
200.4	-0.00196575
200.5	-0.00195433
200.6	-0.00194294
200.7	-0.0019313
200.8	-0.00191751
200.9	-0.00190732
201	-0.00189643
201.1	-0.00188306
201.2	-0.00186794
201.3	-0.00185234
201.4	-0.00183536
201.5	-0.00181701
201.6	-0.0018001
201.7	-0.00178883
201.8	-0.00178408
201.9	-0.00177702
202	-0.00176704
202.1	-0.00175331
202.2	-0.00173943
202.3	-0.00172684
202.4	-0.00171233
202.5	-0.00169867
202.6	-0.00168465
202.7	-0.00167107
202.8	-0.00165596
202.9	-0.00163376
203	-0.00160933
203.1	-0.00158742
203.2	-0.00156457
203.3	-0.00154226
203.4	-0.00152231
203.5	-0.00150678
203.6	-0.00149391
203.7	-0.00147596
203.8	-0.00145715
203.9	-0.00144084
204	-0.00142317
204.1	-0.00140298
204.2	-0.00138257
204.3	-0.00136119
204.4	-0.00134191
204.5	-0.00132651
204.6	-0.00130715
204.7	-0.00128722
204.8	-0.00126633
204.9	-0.00124391
205	-0.0012252
205.1	-0.00120538
205.2	-0.00119243
205.3	-0.00119149
205.4	-0.00119528
205.5	-0.00119713
205.6	-0.00118994
205.7	-0.00117792
205.8	-0.00115856
205.9	-0.00113671
206	-0.00111462
206.1	-0.00109336
206.2	-0.00107609
206.3	-0.00106218
206.4	-0.00105049
206.5	-0.00104292
206.6	-0.00103649
206.7	-0.00102584
206.8	-0.00101534
206.9	-0.00100218
207	-0.000983384
207.1	-0.000961636
207.2	-0.000936159
207.3	-0.000915455
207.4	-0.0008989
207.5	-0.000889221
207.6	-0.00088618
207.7	-0.000885434
207.8	-0.00088533
207.9	-0.000881481
208	-0.000877471
208.1	-0.000872548
208.2	-0.000859112
208.3	-0.000838645
208.4	-0.000812643
208.5	-0.000781168
208.6	-0.000752179
208.7	-0.000727227
208.8	-0.000697004
208.9	-0.000664109
209	-0.000630946
209.1	-0.000594843
209.2	-0.000558922
209.3	-0.000526665
209.4	-0.000491727
209.5	-0.000454822
209.6	-0.000415964
209.7	-0.000377689
209.8	-0.000342887
209.9	-0.000305467
210	-0.000264744
210.1	-0.000222195
210.2	-0.00017542
210.3	-0.000128674
210.4	-7.92687e-05
210.5	-3.09321e-05
210.6	1.69875e-05
210.7	6.41154e-05
210.8	0.000102518
210.9	0.000138474
211	0.000170965
211.1	0.000203299
211.2	0.000237385
211.3	0.000273307
211.4	0.00031059
211.5	0.000342777
211.6	0.000374866
211.7	0.000405563
211.8	0.000436751
211.9	0.000467092
212	0.000492598
212.1	0.000518388
212.2	0.000543145
212.3	0.000567237
212.4	0.000582725
212.5	0.000594253
212.6	0.00059832
212.7	0.000603623
212.8	0.000607547
212.9	0.000606712
213	0.000601741
213.1	0.000596048
213.2	0.00058809
213.3	0.000578707
213.4	0.00057316
213.5	0.000562688
213.6	0.000553696
213.7	0.000545777
213.8	0.000533861
213.9	0.000524423
214	0.000519939
214.1	0.000515479
214.2	0.000513295
214.3	0.000514848
214.4	0.000510991
214.5	0.000499776
214.6	0.000486363
214.7	0.00047218
214.8	0.000455584
214.9	0.000434583
215	0.000412506
215.1	0.000393358
215.2	0.000378277
215.3	0.000362334
215.4	0.000351353
215.5	0.000342428
215.6	0.00032983
215.7	0.00031697
215.8	0.000304767
215.9	0.000293217
216	0.000283596
216.1	0.000278166
216.2	0.00027482
216.3	0.000272178
216.4	0.000273313
216.5	0.00028131
216.6	0.000293117
216.7	0.000313125
216.8	0.000332705
216.9	0.000352333
217	0.000371666
217.1	0.000391673
217.2	0.000413754
217.3	0.000434541
217.4	0.000453758
217.5	0.000477165
217.6	0.000501528
217.7	0.000531611
217.8	0.000563674
217.9	0.000593213
218	0.000624542
218.1	0.000651098
218.2	0.0006708
218.3	0.000687243
218.4	0.000700806
218.5	0.000713128
218.6	0.000720672
218.7	0.00072669
218.8	0.000729062
218.9	0.000734465
219	0.000740762
219.1	0.000751059
219.2	0.000762
219.3	0.000766421
219.4	0.000767403
219.5	0.000768981
219.6	0.000774152
219.7	0.000776639
219.8	0.0007778
219.9	0.00077749
220	0.000774139
220.1	0.000765292
220.2	0.000747561
220.3	0.000725016
220.4	0.000697634
220.5	0.000671471
220.6	0.000648513
220.7	0.00062776
220.8	0.000609706
220.9	0.000597904
221	0.000594532
221.1	0.000593852
221.2	0.000595733
221.3	0.000599847
221.4	0.000604367
221.5	0.000602921
221.6	0.000600632
221.7	0.000601443
221.8	0.000608832
221.9	0.000617202
222	0.000621416
222.1	0.000630645
222.2	0.000640386
222.3	0.000651627
222.4	0.000662656
222.5	0.00067383
222.6	0.00068265
222.7	0.000687896
222.8	0.000694095
222.9	0.000694632
223	0.000685752
223.1	0.000672206
223.2	0.000652815
223.3	0.00063159
223.4	0.000611156
223.5	0.000587957
223.6	0.000565048
223.7	0.000541175
223.8	0.000515173
223.9	0.000487293
224	0.000456465
224.1	0.000422397
224.2	0.000389213
224.3	0.000355044
224.4	0.000317469
224.5	0.000277501
224.6	0.00023665
224.7	0.000197387
224.8	0.000158942
224.9	0.000126206
225	9.91592e-05
225.1	7.75454e-05
225.2	6.08299e-05
225.3	4.74362e-05
225.4	3.55399e-05
225.5	2.31236e-05
225.6	1.08153e-05
225.7	2.07265e-06
225.8	-2.30657e-06
225.9	-5.12967e-06
226	-1.07826e-05
226.1	-1.76076e-05
226.2	-2.95383e-05
226.3	-4.3422e-05
226.4	-5.54442e-05
226.5	-6.61127e-05
226.6	-7.87573e-05
226.7	-9.06793e-05
226.8	-9.76743e-05
226.9	-0.000100599
227	-0.000102962
227.1	-0.00010622
227.2	-0.0001071
227.3	-0.000104438
227.4	-9.91066e-05
227.5	-8.60915e-05
227.6	-7.15588e-05
227.7	-5.65764e-05
227.8	-4.28027e-05
227.9	-3.05701e-05
228	-1.7979e-05
228.1	-8.0438e-06
228.2	-3.32413e-06
228.3	3.17851e-06
228.4	9.04514e-06
228.5	9.91556e-06
228.6	1.24144e-05
228.7	1.99634e-05
228.8	3.05842e-05
228.9	3.80079e-05
229	4.32189e-05
229.1	4.6887e-05
229.2	5.01538e-05
229.3	5.41498e-05
229.4	5.54067e-05
229.5	5.71291e-05
229.6	5.62746e-05
229.7	4.94643e-05
229.8	3.84023e-05
229.9	2.7881e-05
230	1.97463e-05
230.1	1.55777e-05
230.2	1.22342e-05
230.3	1.31067e-05
230.4	1.93464e-05
230.5	2.58591e-05
230.6	3.16791e-05
230.7	3.76124e-05
230.8	4.39018e-05
230.9	5.72887e-05
231	7.40927e-05
231.1	9.45142e-05
231.2	0.000116387
231.3	0.000137981
231.4	0.000157986
231.5	0.000175391
231.6	0.000190351
231.7	0.000207707
231.8	0.000224426
231.9	0.000244203
232	0.00026706
232.1	0.00028935
232.2	0.000308183
232.3	0.000328041
232.4	0.000348841
232.5	0.000368815
232.6	0.000388061
232.7	0.000404244
232.8	0.000418878
232.9	0.00042953
233	0.00043814
233.1	0.000443485
233.2	0.000448374
233.3	0.000452958
233.4	0.00045746
233.5	0.000456677
233.6	0.000454147
233.7	0.000448484
233.8	0.000447475
233.9	0.000451814
234	0.000459817
234.1	0.000472107
234.2	0.000487982
234.3	0.000505833
234.4	0.000529176
234.5	0.000551583
234.6	0.000576488
234.7	0.000601399
234.8	0.000626964
234.9	0.000647625
235	0.000667003
235.1	0.00068392
235.2	0.000699379
235.3	0.000714543
235.4	0.000731823
235.5	0.000751315
235.6	0.000770205
235.7	0.000792129
235.8	0.000815736
235.9	0.000839567
236	0.000868765
236.1	0.0008973
236.2	0.00091874
236.3	0.000936289
236.4	0.000950062
236.5	0.000959814
236.6	0.000964783
236.7	0.000966745
236.8	0.000966842
236.9	0.000962104
237	0.000955851
237.1	0.000951712
237.2	0.000945852
237.3	0.000939356
237.4	0.000934589
237.5	0.000931202
237.6	0.000926426
237.7	0.000917959
237.8	0.000904485
237.9	0.000887174
238	0.000861925
238.1	0.000830316
238.2	0.000798218
238.3	0.000767912
238.4	0.000736729
238.5	0.000712217
238.6	0.000695098
238.7	0.000685876
238.8	0.000682724
238.9	0.000689556
239	0.000701326
239.1	0.000711437
239.2	0.000721395
239.3	0.000739094
239.4	0.000750584
239.5	0.000759347
239.6	0.000771119
239.7	0.000785826
239.8	0.000805758
239.9	0.000827385
240	0.00084609
240.1	0.000865736
240.2	0.000887364
240.3	0.000909479
240.4	0.000926682
240.5	0.000938488
240.6	0.000946044
240.7	0.000946563
240.8	0.000941733
240.9	0.000932315
241	0.000920552
241.1	0.000909087
241.2	0.000896288
241.3	0.000881315
241.4	0.000863575
241.5	0.000850562
241.6	0.000842396
241.7	0.000832398
241.8	0.000821189
241.9	0.000808885
242	0.000795557
242.1	0.000785104
242.2	0.000780522
242.3	0.000790077
242.4	0.000811271
242.5	0.000837265
242.6	0.000863892
242.7	0.000893059
242.8	0.000922651
242.9	0.000949374
243	0.000974614
243.1	0.000996685
243.2	0.00101643
243.3	0.00103555
243.4	0.00105536
243.5	0.00108157
243.6	0.00111261
243.7	0.00114494
243.8	0.00117179
243.9	0.00119273
244	0.00121634
244.1	0.00124338
244.2	0.00127118
244.3	0.00129677
244.4	0.00131934
244.5	0.00134326
244.6	0.00137146
244.7	0.00139651
244.8	0.00141695
244.9	0.00143438
245	0.00145192
245.1	0.00146884
245.2	0.00148505
245.3	0.00149529
245.4	0.00150882
245.5	0.00152272
245.6	0.00154215
245.7	0.001562
245.8	0.00157815
245.9	0.00159551
246	0.00161504
246.1	0.00163107
246.2	0.00163953
246.3	0.00164133
246.4	0.00163989
246.5	0.00163363
246.6	0.00162821
246.7	0.0016294
246.8	0.00163508
246.9	0.00164579
247	0.00165688
247.1	0.001668
247.2	0.00168016
247.3	0.00168906
247.4	0.00169533
247.5	0.00169785
247.6	0.00169847
247.7	0.00170165
247.8	0.00170794
247.9	0.00171145
248	0.00171433
248.1	0.00172107
248.2	0.00172962
248.3	0.00174271
248.4	0.00175612
248.5	0.00177083
248.6	0.00178383
248.7	0.00179388
248.8	0.00180622
248.9	0.00181812
249	0.00182578
249.1	0.00183447
249.2	0.00184269
249.3	0.00184866
249.4	0.00185544
249.5	0.0018609
249.6	0.0018655
249.7	0.00187187
249.8	0.00188159
249.9	0.00189367
250	0.00190597
250.1	0.00191889
250.2	0.00193568
250.3	0.00194869
250.4	0.00196413
250.5	0.00197967
250.6	0.00199648
250.7	0.00201046
250.8	0.00202253
250.9	0.00203793
251	0.00205498
251.1	0.00207196
251.2	0.00208953
251.3	0.00210542
251.4	0.00212386
251.5	0.00215045
251.6	0.00217702
251.7	0.00220875
251.8	0.00224565
251.9	0.00228349
252	0.00232163
252.1	0.00236216
252.2	0.00240443
252.3	0.00244896
252.4	0.00249724
252.5	0.0025434
252.6	0.00258563
252.7	0.00262885
252.8	0.00266912
252.9	0.00270978
253	0.00275242
253.1	0.00278665
253.2	0.00281642
253.3	0.00284543
253.4	0.00287744
253.5	0.00290937
253.6	0.00294107
253.7	0.00297079
253.8	0.00299846
253.9	0.00302514
254	0.00305231
254.1	0.00307941
254.2	0.00310555
254.3	0.00313321
254.4	0.00315656
254.5	0.00318394
254.6	0.00321267
254.7	0.00323898
254.8	0.00325799
254.9	0.00327085
255	0.00327798
255.1	0.0032867
255.2	0.00329325
255.3	0.00329741
255.4	0.00330018
255.5	0.00329977
255.6	0.0032969
255.7	0.00330031
255.8	0.00330837
255.9	0.00331575
256	0.00332269
256.1	0.00333094
256.2	0.00334469
256.3	0.00335881
256.4	0.0033714
256.5	0.00338041
256.6	0.00338979
256.7	0.00340065
256.8	0.00341069
256.9	0.00342053
257	0.00343056
257.1	0.0034362
257.2	0.00343696
257.3	0.00342877
257.4	0.00341655
257.5	0.00340075
257.6	0.00338123
257.7	0.0033608
257.8	0.00334291
257.9	0.00332224
258	0.00329915
258.1	0.00327644
258.2	0.00325484
258.3	0.00322971
258.4	0.00320609
258.5	0.00318268
258.6	0.00315732
258.7	0.00313104
258.8	0.00310793
258.9	0.00308749
259	0.00307136
259.1	0.00305816
259.2	0.00304355
259.3	0.00303331
259.4	0.00302051
259.5	0.00300392
259.6	0.00298461
259.7	0.00296521
259.8	0.00294985
259.9	0.00293454
260	0.00291971
260.1	0.00290782
260.2	0.00289095
260.3	0.00287353
260.4	0.00285827
260.5	0.00284155
260.6	0.00282315
260.7	0.00280442
260.8	0.00278563
260.9	0.00276885
261	0.00274922
261.1	0.00272257
261.2	0.0026982
261.3	0.00267443
261.4	0.00265281
261.5	0.00262644
261.6	0.00259845
261.7	0.00256698
261.8	0.00253893
261.9	0.00251553
262	0.00249317
262.1	0.00247629
262.2	0.00246146
262.3	0.00244797
262.4	0.00243138
262.5	0.0024103
262.6	0.0023883
262.7	0.00236745
262.8	0.00234833
262.9	0.00233033
263	0.00231345
263.1	0.00229607
263.2	0.00227627
263.3	0.00225732
263.4	0.00224251
263.5	0.00223236
263.6	0.00222575
263.7	0.00221613
263.8	0.00220329
263.9	0.0021887
264	0.00217264
264.1	0.00215793
264.2	0.00214584
264.3	0.00213049
264.4	0.00211559
264.5	0.00210397
264.6	0.00209337
264.7	0.0020861
264.8	0.00207953
264.9	0.0020724
265	0.00206869
265.1	0.00206944
265.2	0.00207236
265.3	0.00207645
265.4	0.00208281
265.5	0.0020845
265.6	0.00207994
265.7	0.00207158
265.8	0.00206311
265.9	0.00205609
266	0.00205176
266.1	0.0020439
266.2	0.00203108
266.3	0.00201337
266.4	0.00199435
266.5	0.00196989
266.6	0.00193989
266.7	0.00191113
266.8	0.00188825
266.9	0.00186742
267	0.00184861
267.1	0.00182856
267.2	0.00180805
267.3	0.00178771
267.4	0.00177054
267.5	0.00174872
267.6	0.00172485
267.7	0.00169717
267.8	0.00166284
267.9	0.00162661
268	0.00159675
268.1	0.00157283
268.2	0.00155454
268.3	0.00153987
268.4	0.00152833
268.5	0.00151535
268.6	0.00150666
268.7	0.00149878
268.8	0.00149142
268.9	0.00148391
269	0.00147537
269.1	0.00146643
269.2	0.00145402
269.3	0.00143828
269.4	0.0014216
269.5	0.00140293
269.6	0.00138419
269.7	0.00136078
269.8	0.00133831
269.9	0.00131615
270	0.00128869
270.1	0.00126127
270.2	0.00123451
270.3	0.00120515
270.4	0.00117175
270.5	0.0011383
270.6	0.00110768
270.7	0.00107743
270.8	0.00105065
270.9	0.00102873
271	0.00101204
271.1	0.000996433
271.2	0.000981652
271.3	0.000974829
271.4	0.000972805
271.5	0.000974105
271.6	0.000977527
271.7	0.000981798
271.8	0.000985989
271.9	0.000989015
272	0.000993844
272.1	0.000998665
272.2	0.00100605
272.3	0.00101452
272.4	0.00102538
272.5	0.0010301
272.6	0.00102882
272.7	0.00102331
272.8	0.00101778
272.9	0.00101571
273	0.00101839
273.1	0.00102008
273.2	0.00102573
273.3	0.00103097
273.4	0.00103465
273.5	0.0010327
273.6	0.00102521
273.7	0.00101825
273.8	0.00100989
273.9	0.00100796
274	0.00101052
274.1	0.00100876
274.2	0.00100036
274.3	0.00098886
274.4	0.000979455
274.5	0.000966826
274.6	0.000955571
274.7	0.000942946
274.8	0.000925927
274.9	0.000903719
275	0.000877541
275.1	0.000854003
275.2	0.000830216
275.3	0.000807093
275.4	0.000787454
275.5	0.000770034
275.6	0.000756885
275.7	0.00075138
275.8	0.000746619
275.9	0.00074243
276	0.00073715
276.1	0.000732138
276.2	0.000724834
276.3	0.000715402
276.4	0.000706582
276.5	0.000706007
276.6	0.000711628
276.7	0.000721664
276.8	0.000731814
276.9	0.000742176
277	0.000751245
277.1	0.000753238
277.2	0.000754401
277.3	0.000755221
277.4	0.000762574
277.5	0.000769842
277.6	0.000773269
277.7	0.000772662
277.8	0.000773087
277.9	0.000772104
278	0.000768275
278.1	0.000766736
278.2	0.000772165
278.3	0.000785958
278.4	0.000809227
278.5	0.000831754
278.6	0.000851811
278.7	0.000870833
278.8	0.000885888
278.9	0.000897278
279	0.000910163
279.1	0.000926302
279.2	0.000937046
279.3	0.000939149
279.4	0.000939443
279.5	0.000938448
279.6	0.000934413
279.7	0.000928716
279.8	0.000924412
279.9	0.000924575
280	0.000923403
280.1	0.00092136
280.2	0.0009207
280.3	0.000919921
280.4	0.000919663
280.5	0.000920924
280.6	0.000922838
280.7	0.000923447
280.8	0.000928646
280.9	0.000933842
281	0.000941705
281.1	0.000949261
281.2	0.000957376
281.3	0.000968382
281.4	0.00097916
281.5	0.000993956
281.6	0.00101209
281.7	0.00103051
281.8	0.00104687
281.9	0.00106622
282	0.00108428
282.1	0.00110345
282.2	0.00112028
282.3	0.00113942
282.4	0.00115875
282.5	0.00118042
282.6	0.00120177
282.7	0.00122478
282.8	0.00124918
282.9	0.00127609
283	0.00130313
283.1	0.00133217
283.2	0.00136335
283.3	0.00139692
283.4	0.00142761
283.5	0.00145484
283.6	0.0014746
283.7	0.00149353
283.8	0.00150995
283.9	0.0015275
284	0.00154865
284.1	0.00156661
284.2	0.00158747
284.3	0.00161007
284.4	0.00163589
284.5	0.00166766
284.6	0.00170231
284.7	0.00173343
284.8	0.00176473
284.9	0.00179409
285	0.00182598
285.1	0.00185631
285.2	0.00189102
285.3	0.00193359
285.4	0.00198235
285.5	0.00203598
285.6	0.00208866
285.7	0.00214191
285.8	0.0021963
285.9	0.00225107
286	0.00230827
286.1	0.00236684
286.2	0.0024206
286.3	0.0024723
286.4	0.00252603
286.5	0.00257872
286.6	0.00263184
286.7	0.00268148
286.8	0.00273043
286.9	0.00278014
287	0.00282991
287.1	0.00288025
287.2	0.00293445
287.3	0.00298756
287.4	0.00304058
287.5	0.00309589
287.6	0.00315674
287.7	0.00322319
287.8	0.0032935
287.9	0.00336186
288	0.00342895
288.1	0.00348851
288.2	0.0035467
288.3	0.00360492
288.4	0.00366002
288.5	0.00371824
288.6	0.00377459
288.7	0.00383085
288.8	0.00388695
288.9	0.00394107
289	0.00399403
289.1	0.00404532
289.2	0.00409616
289.3	0.004144
289.4	0.00418837
289.5	0.00422783
289.6	0.00426199
289.7	0.00429517
289.8	0.00432917
289.9	0.00435871
290	0.0043887
290.1	0.0044211
290.2	0.00445415
290.3	0.00449106
290.4	0.00452875
290.5	0.00456418
290.6	0.00459875
290.7	0.00463339
290.8	0.00466
290.9	0.0046801
291	0.00468974
291.1	0.00469707
291.2	0.00470473
291.3	0.00471505
291.4	0.00472113
291.5	0.00472231
291.6	0.00472421
291.7	0.00472907
291.8	0.00473226
291.9	0.0047299
292	0.00472433
292.1	0.00471505
292.2	0.00470494
292.3	0.00469191
292.4	0.00467603
292.5	0.00465902
292.6	0.00465026
292.7	0.00464276
292.8	0.00462997
292.9	0.00461119
293	0.00459192
293.1	0.00456948
293.2	0.00454367
293.3	0.00451983
293.4	0.00449738
293.5	0.00447308
293.6	0.00445019
293.7	0.00442558
293.8	0.00440215
293.9	0.00437895
294	0.00435411
294.1	0.0043273
294.2	0.00430412
294.3	0.00428264
294.4	0.0042595
294.5	0.00423905
294.6	0.00421516
294.7	0.00418916
294.8	0.00416226
294.9	0.00413724
295	0.00411138
295.1	0.00408499
295.2	0.00405734
295.3	0.00403129
295.4	0.00400466
295.5	0.00397866
295.6	0.00395204
295.7	0.00392208
295.8	0.0038891
295.9	0.00385384
296	0.00382115
296.1	0.00379151
296.2	0.00375956
296.3	0.00372803
296.4	0.00369609
296.5	0.0036668
296.6	0.00364199
296.7	0.0036197
296.8	0.00359616
296.9	0.00357291
297	0.00354883
297.1	0.00352344
297.2	0.0035018
297.3	0.00348365
297.4	0.00346993
297.5	0.00345409
297.6	0.00343672
297.7	0.00341721
297.8	0.00339571
297.9	0.00337318
298	0.00334837
298.1	0.00332089
298.2	0.00329128
298.3	0.00325973
298.4	0.00323004
298.5	0.00319999
298.6	0.00317238
298.7	0.00314454
298.8	0.00311755
298.9	0.00308981
299	0.00306081
299.1	0.0030332
299.2	0.00301033
299.3	0.0029941
299.4	0.00298095
299.5	0.00296832
299.6	0.00295657
299.7	0.00294233
299.8	0.00292199
299.9	0.00290226
300	0.00287825
300.1	0.00285513
300.2	0.00283096
300.3	0.00280553
300.4	0.00277945
300.5	0.00274953
300.6	0.00272
300.7	0.00268895
300.8	0.00266055
300.9	0.00262933
301	0.00259814
301.1	0.00257124
301.2	0.00254717
301.3	0.00252272
301.4	0.00250179
301.5	0.00248054
301.6	0.00245996
301.7	0.0024385
301.8	0.00241093
301.9	0.00238004
302	0.00234671
302.1	0.00231082
302.2	0.00227353
302.3	0.00224005
302.4	0.0022141
302.5	0.00219563
302.6	0.00217752
302.7	0.00215393
302.8	0.00212915
302.9	0.00210459
303	0.00207858
303.1	0.00205113
303.2	0.00202273
303.3	0.00200102
303.4	0.00198269
303.5	0.00196931
303.6	0.00196282
303.7	0.00195933
303.8	0.00195679
303.9	0.00195167
304	0.00194264
304.1	0.00193375
304.2	0.00192336
304.3	0.00190913
304.4	0.00189144
304.5	0.00186666
304.6	0.00184041
304.7	0.00181259
304.8	0.00178636
304.9	0.00176359
305	0.00174665
305.1	0.00173122
305.2	0.00171774
305.3	0.00170538
305.4	0.00169208
305.5	0.00167461
305.6	0.00165848
305.7	0.00164369
305.8	0.0016355
305.9	0.00163044
306	0.00162767
306.1	0.00162702
306.2	0.00162708
306.3	0.00162184
306.4	0.00160944
306.5	0.00159574
306.6	0.0015843
306.7	0.00157175
306.8	0.00155717
306.9	0.0015416
307	0.00152852
307.1	0.00151662
307.2	0.00150848
307.3	0.00149999
307.4	0.00149141
307.5	0.00148195
307.6	0.00147432
307.7	0.00146928
307.8	0.00146106
307.9	0.00145184
308	0.00144112
308.1	0.00142718
308.2	0.00141206
308.3	0.00139413
308.4	0.00137948
308.5	0.00136567
308.6	0.00134977
308.7	0.00133435
308.8	0.00131901
308.9	0.00130559
309	0.00129533
309.1	0.00128978
309.2	0.00128268
309.3	0.00127882
309.4	0.00128079
309.5	0.00128345
309.6	0.00128787
309.7	0.0012935
309.8	0.00130235
309.9	0.00131388
310	0.00132408
310.1	0.00133059
310.2	0.0013316
310.3	0.00132784
310.4	0.00132524
310.5	0.00131932
310.6	0.00131076
310.7	0.00130635
310.8	0.00130274
310.9	0.00129988
311	0.00129619
311.1	0.00129508
311.2	0.00129346
311.3	0.00128713
311.4	0.00128195
311.5	0.00127549
311.6	0.00127051
311.7	0.00126381
311.8	0.00125641
311.9	0.0012527
312	0.00125079
312.1	0.00124425
312.2	0.00123296
312.3	0.00122045
312.4	0.00120964
312.5	0.00120058
312.6	0.00119738
312.7	0.00120016
312.8	0.00120479
312.9	0.0012132
313	0.00122536
313.1	0.00124043
313.2	0.00126345
313.3	0.00128835
313.4	0.00131238
313.5	0.00133975
313.6	0.00136348
313.7	0.00139056
313.8	0.00141975
313.9	0.00145283
314	0.00149032
314.1	0.00153099
314.2	0.00157059
314.3	0.00161293
314.4	0.00165575
314.5	0.001702
314.6	0.001752
314.7	0.00180391
314.8	0.00184706
314.9	0.00188284
315	0.00191456
315.1	0.00194475
315.2	0.00197367
315.3	0.00200285
315.4	0.00202488
315.5	0.00204096
315.6	0.0020536
315.7	0.00206431
315.8	0.00207356
315.9	0.00207712
316	0.00207865
316.1	0.00207733
316.2	0.00207073
316.3	0.00206484
316.4	0.00205541
316.5	0.00204502
316.6	0.00203627
316.7	0.00202956
316.8	0.0020266
316.9	0.00201804
317	0.00201337
317.1	0.00200624
317.2	0.00199778
317.3	0.00198451
317.4	0.00197295
317.5	0.0019616
317.6	0.0019499
317.7	0.00193477
317.8	0.00191283
317.9	0.00188815
318	0.00186048
318.1	0.00183649
318.2	0.00182091
318.3	0.00180905
318.4	0.00180056
318.5	0.0017939
318.6	0.00178998
318.7	0.00178748
318.8	0.00178442
318.9	0.00177722
319	0.00176969
319.1	0.00175943
319.2	0.00174687
319.3	0.00173446
319.4	0.00172019
319.5	0.00170581
319.6	0.00169344
319.7	0.00168154
319.8	0.00167088
319.9	0.00166722
320	0.00166768
320.1	0.00166929
320.2	0.00167617
320.3	0.00168325
320.4	0.00168733
320.5	0.00169006
320.6	0.00169757
320.7	0.00170624
320.8	0.00171234
320.9	0.00172051
321	0.00172801
321.1	0.00173557
321.2	0.00174652
321.3	0.00175745
321.4	0.00176324
321.5	0.00176882
321.6	0.00177371
321.7	0.00177933
321.8	0.00178766
321.9	0.00179203
322	0.00179228
322.1	0.00179155
322.2	0.00178965
322.3	0.00178624
322.4	0.00178436
322.5	0.00178098
322.6	0.00177267
322.7	0.00176329
322.8	0.00175145
322.9	0.00174223
323	0.00174012
323.1	0.00174084
323.2	0.00174449
323.3	0.00174835
323.4	0.00174894
323.5	0.00175018
323.6	0.00175434
323.7	0.00176141
323.8	0.00176608
323.9	0.00176943
324	0.00177193
324.1	0.00177372
324.2	0.00177098
324.3	0.00176283
324.4	0.00175108
324.5	0.00174192
324.6	0.00173927
324.7	0.0017361
324.8	0.00172866
324.9	0.00171604
325	0.00169941
325.1	0.00168809
325.2	0.0016785
325.3	0.00166923
325.4	0.00165674
325.5	0.0016437
325.6	0.00163143
325.7	0.00162217
325.8	0.00161793
325.9	0.00161455
326	0.00161214
326.1	0.00161403
326.2	0.00161865
326.3	0.00162649
326.4	0.00163419
326.5	0.00164285
326.6	0.0016527
326.7	0.00166204
326.8	0.00166858
326.9	0.00167556
327	0.00168368
327.1	0.00169137
327.2	0.00169674
327.3	0.00170392
327.4	0.00171533
327.5	0.00173206
327.6	0.00174897
327.7	0.0017644
327.8	0.00178271
327.9	0.00180908
328	0.00184173
328.1	0.00187781
328.2	0.00191543
328.3	0.00195924
328.4	0.00200507
328.5	0.00204921
328.6	0.00209087
328.7	0.00213118
328.8	0.00216743
328.9	0.00219982
329	0.00222493
329.1	0.00224405
329.2	0.00226063
329.3	0.00227553
329.4	0.00228954
329.5	0.00230371
329.6	0.00231937
329.7	0.00233475
329.8	0.00234764
329.9	0.00235855
330	0.00236671
330.1	0.00237345
330.2	0.00237997
330.3	0.00238187
330.4	0.00238265
330.5	0.00238287
330.6	0.00238357
330.7	0.00237882
330.8	0.00236771
330.9	0.00235482
331	0.00234261
331.1	0.00233121
331.2	0.00232052
331.3	0.00230857
331.4	0.00229333
331.5	0.00227809
331.6	0.00225815
331.7	0.00223871
331.8	0.00222428
331.9	0.00221261
332	0.00219966
332.1	0.00218557
332.2	0.00217021
332.3	0.00215468
332.4	0.00214259
332.5	0.00212993
332.6	0.00212213
332.7	0.00211337
332.8	0.00210734
332.9	0.00210006
333	0.00209112
333.1	0.00208274
333.2	0.00207039
333.3	0.00205524
333.4	0.0020408
333.5	0.00202299
333.6	0.00200423
333.7	0.00198679
333.8	0.00197081
333.9	0.00195379
334	0.00193173
334.1	0.00190687
334.2	0.00188637
334.3	0.00187193
334.4	0.00185803
334.5	0.0018459
334.6	0.00183344
334.7	0.00182408
334.8	0.00181528
334.9	0.0018095
335	0.0018084
335.1	0.00181199
335.2	0.00181756
335.3	0.00182073
335.4	0.00182116
335.5	0.00182406
335.6	0.00182955
335.7	0.00183903
335.8	0.00184538
335.9	0.00184992
336	0.00185058
336.1	0.00184852
336.2	0.00184471
336.3	0.00184055
336.4	0.00183532
336.5	0.00182949
336.6	0.00182906
336.7	0.00183401
336.8	0.0018334
336.9	0.00182721
337	0.00182238
337.1	0.00181662
337.2	0.00181243
337.3	0.00181222
337.4	0.00181413
337.5	0.00182159
337.6	0.00183066
337.7	0.00184648
337.8	0.00186335
337.9	0.00188271
338	0.00190459
338.1	0.00192624
338.2	0.00195106
338.3	0.00198079
338.4	0.00201537
338.5	0.0020496
338.6	0.00208578
338.7	0.00212517
338.8	0.0021632
338.9	0.00220123
339	0.00223679
339.1	0.0022709
339.2	0.00230634
339.3	0.00234431
339.4	0.00238491
339.5	0.00242323
339.6	0.00245805
339.7	0.0024886
339.8	0.00251425
339.9	0.00253353
340	0.00254833
340.1	0.00256196
340.2	0.00257331
340.3	0.0025823
340.4	0.00259157
340.5	0.00260038
340.6	0.00260536
340.7	0.00260505
340.8	0.00260283
340.9	0.00260538
341	0.00261474
341.1	0.00262176
341.2	0.00262528
341.3	0.00263119
341.4	0.00263971
341.5	0.00265232
341.6	0.00266865
341.7	0.0026863
341.8	0.00270501
341.9	0.00272532
342	0.00274724
342.1	0.00277058
342.2	0.00279219
342.3	0.00281006
342.4	0.00282311
342.5	0.00283262
342.6	0.00284763
342.7	0.00286561
342.8	0.00288261
342.9	0.00289948
343	0.00291548
343.1	0.00293344
343.2	0.00295454
343.3	0.00297314
343.4	0.00299532
343.5	0.00302107
343.6	0.00304573
343.7	0.00306513
343.8	0.00307821
343.9	0.00308701
344	0.00309351
344.1	0.00309463
344.2	0.00309003
344.3	0.00308212
344.4	0.0030703
344.5	0.00306123
344.6	0.00305487
344.7	0.00305269
344.8	0.00304745
344.9	0.00303802
345	0.00302542
345.1	0.00300958
345.2	0.00298843
345.3	0.00296506
345.4	0.00293851
345.5	0.00290925
345.6	0.00287918
345.7	0.00284824
345.8	0.00282053
345.9	0.00279405
346	0.00277277
346.1	0.00275386
346.2	0.00273786
346.3	0.00272157
346.4	0.00271053
346.5	0.00270101
346.6	0.00269091
346.7	0.00268271
346.8	0.00267336
346.9	0.00266603
347	0.00265583
347.1	0.00264573
347.2	0.00263633
347.3	0.00262595
347.4	0.00261092
347.5	0.00259657
347.6	0.00258068
347.7	0.0025654
347.8	0.00254784
347.9	0.00252941
348	0.00251114
348.1	0.0024959
348.2	0.00248417
348.3	0.00247415
348.4	0.00246506
348.5	0.00245707
348.6	0.00245512
348.7	0.00245298
348.8	0.00244893
348.9	0.00244266
349	0.00243649
349.1	0.00242736
349.2	0.00242061
349.3	0.00241565
349.4	0.00241437
349.5	0.0024134
349.6	0.00240619
349.7	0.00239775
349.8	0.00238873
349.9	0.00237981
350	0.0023754
350.1	0.00237157
350.2	0.00237405
350.3	0.00237937
350.4	0.00238625
350.5	0.00239315
350.6	0.00240005
350.7	0.00240439
350.8	0.00241239
350.9	0.00241959
351	0.00243127
351.1	0.00243987
351.2	0.00244597
351.3	0.00245157
351.4	0.00245253
351.5	0.00245155
351.6	0.00244992
351.7	0.00244704
351.8	0.00244299
351.9	0.00244388
352	0.00245218
352.1	0.00246359
352.2	0.00247422
352.3	0.00248433
352.4	0.00249426
352.5	0.00250457
352.6	0.00251259
352.7	0.00252016
352.8	0.00252904
352.9	0.00253273
353	0.00253315
353.1	0.00253264
353.2	0.00253147
353.3	0.00252781
353.4	0.00252668
353.5	0.00252285
353.6	0.00251771
353.7	0.00251146
353.8	0.00250543
353.9	0.0024998
354	0.002494
354.1	0.00248423
354.2	0.00247693
354.3	0.00247378
354.4	0.00247641
354.5	0.00248285
354.6	0.00249112
354.7	0.00250043
354.8	0.00251068
354.9	0.00252054
355	0.00253004
355.1	0.00253811
355.2	0.00254639
355.3	0.00255451
355.4	0.00256043
355.5	0.00256235
355.6	0.00256088
355.7	0.0025528
355.8	0.0025407
355.9	0.00252999
356	0.00252523
356.1	0.00252125
356.2	0.00251515
356.3	0.00250574
356.4	0.00249717
356.5	0.00249209
356.6	0.00249078
356.7	0.00249572
356.8	0.00250182
356.9	0.00250899
357	0.00251441
357.1	0.00252146
357.2	0.00252436
357.3	0.00252832
357.4	0.0025287
357.5	0.00252486
357.6	0.0025199
357.7	0.00251165
357.8	0.00249898
357.9	0.00248691
358	0.00247381
358.1	0.00246239
358.2	0.00245177
358.3	0.00244206
358.4	0.00243359
358.5	0.00241813
358.6	0.00239936
358.7	0.00238003
358.8	0.00236423
358.9	0.0023511
359	0.00234035
359.1	0.00233333
359.2	0.00232891
359.3	0.00232677
359.4	0.00232502
359.5	0.00232336
359.6	0.00231973
359.7	0.00231409
359.8	0.00230541
359.9	0.00229059
360	0.00227363
360.1	0.00225381
360.2	0.00223413
360.3	0.00221503
360.4	0.00219232
360.5	0.00217023
360.6	0.0021508
360.7	0.00213016
360.8	0.00210771
360.9	0.00208239
361	0.00205906
361.1	0.00203478
361.2	0.00200863
361.3	0.00198006
361.4	0.00194932
361.5	0.00191519
361.6	0.00187739
361.7	0.00184254
361.8	0.00180927
361.9	0.00177963
362	0.00174978
362.1	0.00172363
362.2	0.00170222
362.3	0.00168795
362.4	0.00168046
362.5	0.00167499
362.6	0.00167181
362.7	0.00166702
362.8	0.00166344
362.9	0.00165581
363	0.0016444
363.1	0.0016345
363.2	0.00162993
363.3	0.00162628
363.4	0.00162218
363.5	0.00161521
363.6	0.00160061
363.7	0.0015831
363.8	0.00156411
363.9	0.00154501
364	0.00152507
364.1	0.00150212
364.2	0.00147738
364.3	0.0014516
364.4	0.00143204
364.5	0.00141707
364.6	0.00141037
364.7	0.00140766
364.8	0.00140606
364.9	0.00140906
365	0.00141542
365.1	0.0014188
365.2	0.00142114
365.3	0.00141742
365.4	0.00141072
365.5	0.00140761
365.6	0.00140894
365.7	0.00141043
365.8	0.00140556
365.9	0.00140225
366	0.00139411
366.1	0.00138185
366.2	0.00136845
366.3	0.00135132
366.4	0.0013357
366.5	0.0013258
366.6	0.00132011
366.7	0.0013128
366.8	0.00130174
366.9	0.00129677
367	0.00129188
367.1	0.00128409
367.2	0.00127335
367.3	0.00126289
367.4	0.00124878
367.5	0.00123024
367.6	0.00120682
367.7	0.00118234
367.8	0.00115892
367.9	0.00113788
368	0.00111414
368.1	0.00109558
368.2	0.00108204
368.3	0.00107098
368.4	0.00105548
368.5	0.00103845
368.6	0.00102416
368.7	0.00101232
368.8	0.000996521
368.9	0.00097677
369	0.000953004
369.1	0.000927855
369.2	0.000904303
369.3	0.000883396
369.4	0.000864822
369.5	0.000848734
369.6	0.00083239
369.7	0.00081358
369.8	0.00079612
369.9	0.000784271
370	0.000772878
370.1	0.000759079
370.2	0.000740121
370.3	0.00072188
370.4	0.000708997
370.5	0.000702328
370.6	0.000698508
370.7	0.000693318
370.8	0.000689757
370.9	0.000686531
371	0.000687812
371.1	0.000694502
371.2	0.0006969
371.3	0.000698509
371.4	0.000693528
371.5	0.000686437
371.6	0.000679074
371.7	0.000672147
371.8	0.000669978
371.9	0.000668574
372	0.000664706
372.1	0.000660198
372.2	0.000656153
372.3	0.000648676
372.4	0.000638419
372.5	0.000627622
372.6	0.000617542
372.7	0.000606486
372.8	0.000598003
372.9	0.000588405
373	0.00057409
373.1	0.000551738
373.2	0.000526388
373.3	0.00050202
373.4	0.000480363
373.5	0.000460314
373.6	0.000441912
373.7	0.000421871
373.8	0.00040129
373.9	0.000378231
374	0.000354185
374.1	0.000326797
374.2	0.000295391
374.3	0.000260018
374.4	0.000225586
374.5	0.000193072
374.6	0.000162591
374.7	0.00013371
374.8	0.000114303
374.9	9.82962e-05
375	8.43816e-05
375.1	7.02417e-05
375.2	5.72629e-05
375.3	4.12209e-05
375.4	2.64605e-05
375.5	1.05134e-05
375.6	-4.35259e-06
375.7	-1.94911e-05
375.8	-3.14429e-05
375.9	-4.03033e-05
376	-5.33701e-05
376.1	-7.35658e-05
376.2	-0.00010331
376.3	-0.000139943
376.4	-0.000177179
376.5	-0.000211896
376.6	-0.0002406
376.7	-0.000272746
376.8	-0.000309085
376.9	-0.000347077
377	-0.000383453
377.1	-0.000416042
377.2	-0.0004492
377.3	-0.000479907
377.4	-0.000512217
377.5	-0.000544661
377.6	-0.000576174
377.7	-0.000606333
377.8	-0.000635784
377.9	-0.00066089
378	-0.000683303
378.1	-0.000704186
378.2	-0.000727149
378.3	-0.000752001
378.4	-0.000771059
378.5	-0.000792233
378.6	-0.000818345
378.7	-0.00084607
378.8	-0.000874478
378.9	-0.000900876
379	-0.000919869
379.1	-0.000943039
379.2	-0.000971052
379.3	-0.0010043
379.4	-0.00104246
379.5	-0.00108513
379.6	-0.00112971
379.7	-0.0011757
379.8	-0.00122589
379.9	-0.00127729
380	-0.00133437
380.1	-0.00139021
380.2	-0.001444
380.3	-0.00149392
380.4	-0.00153912
380.5	-0.00158314
380.6	-0.00162598
380.7	-0.0016678
380.8	-0.0017102
380.9	-0.00175234
381	-0.00179031
381.1	-0.00181944
381.2	-0.00184277
381.3	-0.00186294
381.4	-0.00187633
381.5	-0.00189002
381.6	-0.00190261
381.7	-0.00191474
381.8	-0.00192878
381.9	-0.00194274
382	-0.00195299
382.1	-0.00195852
382.2	-0.00196087
382.3	-0.00196185
382.4	-0.00196193
382.5	-0.00195442
382.6	-0.00194655
382.7	-0.00193858
382.8	-0.00192689
382.9	-0.00191064
383	-0.00189063
383.1	-0.00186379
383.2	-0.00183599
383.3	-0.00180703
383.4	-0.00178086
383.5	-0.00175549
383.6	-0.00173204
383.7	-0.00170807
383.8	-0.00167967
383.9	-0.00165465
384	-0.00163324
384.1	-0.00160919
384.2	-0.00158277
384.3	-0.0015524
384.4	-0.00152032
384.5	-0.00148537
384.6	-0.00145095
384.7	-0.00141655
384.8	-0.00137897
384.9	-0.00134098
385	-0.00130093
385.1	-0.00125926
385.2	-0.00121641
385.3	-0.00117393
385.4	-0.0011281
385.5	-0.00107966
385.6	-0.00103123
385.7	-0.000981475
385.8	-0.000931537
385.9	-0.000884797
386	-0.00084089
386.1	-0.000794856
386.2	-0.000748614
386.3	-0.000702056
386.4	-0.000663032
386.5	-0.000629361
386.6	-0.000598577
386.7	-0.000568055
386.8	-0.000537264
386.9	-0.000505761
387	-0.000475316
387.1	-0.000440255
387.2	-0.000408176
387.3	-0.000381762
387.4	-0.000360918
387.5	-0.000340972
387.6	-0.000320951
387.7	-0.000296235
387.8	-0.000270594
387.9	-0.000242799
388	-0.000214836
388.1	-0.000184184
388.2	-0.000154867
388.3	-0.00012449
388.4	-0.000101192
388.5	-8.66673e-05
388.6	-7.53489e-05
388.7	-6.9331e-05
388.8	-6.87879e-05
388.9	-6.50196e-05
389	-6.04937e-05
389.1	-5.16732e-05
389.2	-3.95843e-05
389.3	-2.11331e-05
389.4	-9.40284e-07
389.5	1.76712e-05
389.6	3.81092e-05
389.7	5.71379e-05
389.8	7.40491e-05
389.9	9.05909e-05
390	0.000105338
390.1	0.000114841
390.2	0.000122601
390.3	0.000127095
390.4	0.000133556
390.5	0.000138141
390.6	0.000142196
390.7	0.000144372
390.8	0.000147496
390.9	0.000151737
391	0.000159002
391.1	0.000168119
391.2	0.000178912
391.3	0.000194087
391.4	0.000209905
391.5	0.000229321
391.6	0.000255142
391.7	0.000281661
391.8	0.000310053
391.9	0.000343757
392	0.000375578
392.1	0.000410141
392.2	0.000439562
392.3	0.000464678
392.4	0.000493868
392.5	0.000527431
392.6	0.000566175
392.7	0.000608087
392.8	0.000650319
392.9	0.000691815
393	0.000728313
393.1	0.000761457
393.2	0.00079371
393.3	0.000819511
393.4	0.000837209
393.5	0.000846871
393.6	0.000856324
393.7	0.000864419
393.8	0.000868708
393.9	0.000871161
394	0.000871615
394.1	0.000867886
394.2	0.000861819
394.3	0.000857227
394.4	0.000851847
394.5	0.00084609
394.6	0.000841352
394.7	0.000835012
394.8	0.000824653
394.9	0.00081546
395	0.000799839
395.1	0.000777554
395.2	0.000751207
395.3	0.000723927
395.4	0.000696564
395.5	0.000673359
395.6	0.000650609
395.7	0.000628147
395.8	0.00061116
395.9	0.000597917
396	0.0005876
396.1	0.000582935
396.2	0.000578935
396.3	0.000573735
396.4	0.000569625
396.5	0.000572545
396.6	0.000575875
396.7	0.000572341
396.8	0.000562658
396.9	0.000550351
397	0.000534991
397.1	0.00052369
397.2	0.000517704
397.3	0.00051698
397.4	0.000520805
397.5	0.000524942
397.6	0.000527677
397.7	0.00053443
397.8	0.000547955
397.9	0.000565644
398	0.000582769
398.1	0.000602448
398.2	0.000624166
398.3	0.000650617
398.4	0.000679427
398.5	0.000705942
398.6	0.000735899
398.7	0.000765711
398.8	0.000794596
398.9	0.00082785
399	0.000861717
399.1	0.000897985
399.2	0.000930853
399.3	0.000957038
399.4	0.000979241
399.5	0.00100225
399.6	0.00102864
399.7	0.00105969
399.8	0.00109237
399.9	0.00112538
400	0.0011542
400.1	0.00118367
400.2	0.00121186
400.3	0.00123285
400.4	0.00124757
400.5	0.00125936
400.6	0.0012651
400.7	0.00126462
400.8	0.0012594
400.9	0.00125897
401	0.00125867
401.1	0.00125617
401.2	0.0012537
401.3	0.00125384
401.4	0.00125902
401.5	0.00126544
401.6	0.00127143
401.7	0.00127635
401.8	0.00128284
401.9	0.00128891
402	0.00128747
402.1	0.00127828
402.2	0.00126415
402.3	0.00124348
402.4	0.0012201
402.5	0.00119471
402.6	0.00116989
402.7	0.00114391
402.8	0.0011193
402.9	0.00109529
403	0.0010717
403.1	0.00104829
403.2	0.00102486
403.3	0.00100545
403.4	0.000989944
403.5	0.000977875
403.6	0.00096567
403.7	0.000949355
403.8	0.00092871
403.9	0.000903461
404	0.000878936
404.1	0.000850863
404.2	0.00082092
404.3	0.000788682
404.4	0.000756631
404.5	0.000723747
404.6	0.000692832
404.7	0.000666326
404.8	0.000641713
404.9	0.000616156
405	0.00058677
405.1	0.000555183
405.2	0.000522611
405.3	0.000487513
405.4	0.000448338
405.5	0.000408647
405.6	0.000367157
405.7	0.000329298
405.8	0.000293835
405.9	0.00025842
406	0.000222724
406.1	0.000188003
406.2	0.000158043
406.3	0.000132637
406.4	0.000109282
406.5	8.57846e-05
406.6	6.49446e-05
406.7	5.13635e-05
406.8	4.22723e-05
406.9	3.63056e-05
407	2.85834e-05
407.1	2.00911e-05
407.2	8.8454e-06
407.3	-2.88851e-06
407.4	-1.43976e-05
407.5	-2.44846e-05
407.6	-3.51738e-05
407.7	-4.58704e-05
407.8	-6.01521e-05
407.9	-7.37822e-05
408	-8.76724e-05
408.1	-9.71854e-05
408.2	-0.000104994
408.3	-0.000112614
408.4	-0.000125577
408.5	-0.000139544
408.6	-0.000152236
408.7	-0.000160682
408.8	-0.000164346
408.9	-0.000163461
409	-0.000163977
409.1	-0.000164437
409.2	-0.000160779
409.3	-0.000151582
409.4	-0.00014076
409.5	-0.000127681
409.6	-0.000113597
409.7	-9.98678e-05
409.8	-8.94496e-05
409.9	-7.7497e-05
410	-6.42755e-05
410.1	-4.91711e-05
410.2	-2.81791e-05
410.3	-5.04696e-06
410.4	1.40506e-05
410.5	3.34405e-05
410.6	5.44736e-05
410.7	7.19816e-05
410.8	8.8811e-05
410.9	0.000106405
411	0.000121755
411.1	0.000134287
411.2	0.000140398
411.3	0.000144336
411.4	0.000146012
411.5	0.000145899
411.6	0.000142322
411.7	0.000135016
411.8	0.000125406
411.9	0.000120277
412	0.000122352
412.1	0.000127629
412.2	0.000132276
412.3	0.00012896
412.4	0.000121046
412.5	0.00011382
412.6	0.000111711
412.7	0.000107805
412.8	0.000103661
412.9	0.000107076
413	0.000112417
413.1	0.00012042
413.2	0.000128996
413.3	0.00013713
413.4	0.000142799
413.5	0.000146038
413.6	0.000148578
413.7	0.000151976
413.8	0.000160531
413.9	0.000170068
414	0.000180797
414.1	0.000196549
414.2	0.000217257
414.3	0.00023645
414.4	0.000252437
414.5	0.000268514
414.6	0.000288157
414.7	0.000306936
414.8	0.000324587
414.9	0.000338992
415	0.00035059
415.1	0.000362088
415.2	0.000373275
415.3	0.000386895
415.4	0.000399557
415.5	0.000412665
415.6	0.000427942
415.7	0.000443635
415.8	0.000458287
415.9	0.000467621
416	0.000478081
416.1	0.000491595
416.2	0.000503711
416.3	0.000516073
416.4	0.000535449
416.5	0.000560038
416.6	0.000590614
416.7	0.000624839
416.8	0.000657673
416.9	0.000688756
417	0.000720819
417.1	0.000749688
417.2	0.000779866
417.3	0.000811341
417.4	0.000839465
417.5	0.000864009
417.6	0.000883768
417.7	0.000899131
417.8	0.000910959
417.9	0.00092284
418	0.000934171
418.1	0.00094496
418.2	0.000953518
418.3	0.000959951
418.4	0.000966996
418.5	0.00097477
418.6	0.000986956
418.7	0.000997602
418.8	0.00100558
418.9	0.00100916
419	0.00101666
419.1	0.00102069
419.2	0.00102413
419.3	0.00102679
419.4	0.00102258
419.5	0.00101757
419.6	0.00100892
419.7	0.000994461
419.8	0.000978776
419.9	0.000960442
420	0.000943996
420.1	0.00093301
420.2	0.000922419
420.3	0.000912814
420.4	0.000904699
420.5	0.000898659
420.6	0.000890591
420.7	0.000879408
420.8	0.000862744
420.9	0.00083784
421	0.00080793
421.1	0.000777406
421.2	0.000750372
421.3	0.000726231
421.4	0.000700946
421.5	0.000666879
421.6	0.000631494
421.7	0.000598287
421.8	0.000570498
421.9	0.000548623
422	0.000532308
422.1	0.000520059
422.2	0.000511877
422.3	0.000506548
422.4	0.00050609
422.5	0.000512677
422.6	0.0005228
422.7	0.000532368
422.8	0.000541213
422.9	0.000553992
423	0.000568599
423.1	0.00058343
423.2	0.000591599
423.3	0.000594779
423.4	0.00059347
423.5	0.000585073
423.6	0.00057309
423.7	0.000559683
423.8	0.000544493
423.9	0.000534288
424	0.000530366
424.1	0.000530604
424.2	0.000531339
424.3	0.000528424
424.4	0.000519741
424.5	0.000508234
424.6	0.00049501
424.7	0.00048459
424.8	0.000473191
424.9	0.000463477
425	0.0004516
425.1	0.000444233
425.2	0.000435865
425.3	0.000425477
425.4	0.000412836
425.5	0.000398508
425.6	0.000386656
425.7	0.000386845
425.8	0.00039332
425.9	0.000399358
426	0.000408784
426.1	0.000420972
426.2	0.000434759
426.3	0.000449023
426.4	0.000459813
426.5	0.000470382
426.6	0.000480604
426.7	0.000483855
426.8	0.000484975
426.9	0.00049206
427	0.000505144
427.1	0.000525234
427.2	0.000554605
427.3	0.000585705
427.4	0.000617992
427.5	0.000652219
427.6	0.000687187
427.7	0.000720895
427.8	0.000753782
427.9	0.000792194
428	0.000831468
428.1	0.000867205
428.2	0.000900069
428.3	0.000932435
428.4	0.000965888
428.5	0.00100208
428.6	0.00103435
428.7	0.0010669
428.8	0.00110276
428.9	0.00114068
429	0.00117482
429.1	0.00120522
429.2	0.00122893
429.3	0.00125348
429.4	0.00127754
429.5	0.00129882
429.6	0.00132106
429.7	0.00134455
429.8	0.00136526
429.9	0.00138684
430	0.00141282
430.1	0.00144382
430.2	0.00147787
430.3	0.00151103
430.4	0.00154553
430.5	0.00157779
430.6	0.0016088
430.7	0.00163276
430.8	0.00165012
430.9	0.00166654
431	0.00168042
431.1	0.00169193
431.2	0.00170254
431.3	0.00171478
431.4	0.00173028
431.5	0.00174191
431.6	0.00174734
431.7	0.00175169
431.8	0.00175922
431.9	0.00177123
432	0.00179145
432.1	0.00181176
432.2	0.00182676
432.3	0.00183454
432.4	0.00184357
432.5	0.00185359
432.6	0.00186608
432.7	0.00187447
432.8	0.00188326
432.9	0.00189114
433	0.00189722
433.1	0.00190234
433.2	0.00190133
433.3	0.00189852
433.4	0.00189374
433.5	0.00188529
433.6	0.00187595
433.7	0.0018661
433.8	0.00185578
433.9	0.00184969
434	0.00184243
434.1	0.00183339
434.2	0.00182428
434.3	0.00181693
434.4	0.00181048
434.5	0.00180421
434.6	0.00179811
434.7	0.00179464
434.8	0.00179232
434.9	0.00179099
435	0.00178833
435.1	0.00178313
435.2	0.00177883
435.3	0.00177948
435.4	0.00178064
435.5	0.00178385
435.6	0.00178997
435.7	0.0018011
435.8	0.00181509
435.9	0.00183203
436	0.0018473
436.1	0.00185948
436.2	0.00187075
436.3	0.00188149
436.4	0.00189248
436.5	0.00190148
436.6	0.00190893
436.7	0.00191578
436.8	0.00192036
436.9	0.00192106
437	0.00191979
437.1	0.00191485
437.2	0.00190499
437.3	0.00189618
437.4	0.00188517
437.5	0.00186967
437.6	0.00185724
437.7	0.00184513
437.8	0.00183543
437.9	0.00182913
438	0.00182709
438.1	0.00183081
438.2	0.00183749
438.3	0.00184745
438.4	0.00185656
438.5	0.00186877
438.6	0.00188748
438.7	0.00190724
438.8	0.00192731
438.9	0.00194493
439	0.00196354
439.1	0.00198445
439.2	0.00200372
439.3	0.00201873
439.4	0.00202372
439.5	0.00202645
439.6	0.00203088
439.7	0.00203361
439.8	0.00202883
439.9	0.00201961
440	0.00201161
440.1	0.00200171
440.2	0.00199432
440.3	0.00198633
440.4	0.00197829
440.5	0.00197184
440.6	0.00197
440.7	0.00196718
440.8	0.00196045
440.9	0.00194861
441	0.00193259
441.1	0.00191094
441.2	0.00188535
441.3	0.00185892
441.4	0.00182473
441.5	0.00178705
441.6	0.00175428
441.7	0.00173106
441.8	0.0017107
441.9	0.00169451
442	0.00168066
442.1	0.0016698
442.2	0.00165815
442.3	0.00164718
442.4	0.0016379
442.5	0.00162716
442.6	0.0016178
442.7	0.00160683
442.8	0.0015977
442.9	0.00158913
443	0.00158055
443.1	0.00157309
443.2	0.00156635
443.3	0.0015598
443.4	0.00155229
443.5	0.00154096
443.6	0.00152865
443.7	0.00151758
443.8	0.0015103
443.9	0.00150109
444	0.00148879
444.1	0.00147747
444.2	0.00146354
444.3	0.00145237
444.4	0.00144258
444.5	0.00143869
444.6	0.00143944
444.7	0.00143744
444.8	0.00143223
444.9	0.00142504
445	0.00142032
445.1	0.00141766
445.2	0.00141633
445.3	0.00141446
445.4	0.00140896
445.5	0.00139998
445.6	0.00138801
445.7	0.00137888
445.8	0.0013707
445.9	0.00136577
446	0.00136153
446.1	0.00135407
446.2	0.00134009
446.3	0.00132276
446.4	0.00130867
446.5	0.00129789
446.6	0.00128999
446.7	0.00128311
446.8	0.0012809
446.9	0.00127934
447	0.00127836
447.1	0.00127495
447.2	0.00127015
447.3	0.00125813
447.4	0.00124268
447.5	0.00122251
447.6	0.0012047
447.7	0.00118837
447.8	0.00117855
447.9	0.00117217
448	0.00116732
448.1	0.00116371
448.2	0.00116076
448.3	0.00115922
448.4	0.00115907
448.5	0.00115982
448.6	0.00116105
448.7	0.00116406
448.8	0.00116773
448.9	0.00117348
449	0.001179
449.1	0.00118069
449.2	0.0011755
449.3	0.00117435
449.4	0.00117082
449.5	0.00116162
449.6	0.00114911
449.7	0.00114193
449.8	0.00113724
449.9	0.00113021
450	0.00112018
450.1	0.00110839
450.2	0.00110105
450.3	0.00109542
450.4	0.00109303
450.5	0.00109124
450.6	0.00108628
450.7	0.00107737
450.8	0.00106615
450.9	0.00105151
451	0.00103445
451.1	0.00101413
451.2	0.000988284
451.3	0.000963173
451.4	0.000933919
451.5	0.000902442
451.6	0.000869314
451.7	0.000832149
451.8	0.000793877
451.9	0.00075403
452	0.000713952
452.1	0.000674719
452.2	0.00063939
452.3	0.000609641
452.4	0.000588284
452.5	0.000578923
452.6	0.000577755
452.7	0.000582739
452.8	0.000592136
452.9	0.000604948
453	0.000617859
453.1	0.000633284
453.2	0.00064563
453.3	0.000655878
453.4	0.000663347
453.5	0.000669179
453.6	0.000671572
453.7	0.000665655
453.8	0.000657164
453.9	0.000647686
454	0.000639402
454.1	0.000637641
454.2	0.000635838
454.3	0.000637855
454.4	0.000641721
454.5	0.000645062
454.6	0.000649805
454.7	0.00065447
454.8	0.000656818
454.9	0.000658744
455	0.000665088
455.1	0.000677432
455.2	0.000688458
455.3	0.00069979
455.4	0.000710218
455.5	0.00071952
455.6	0.000725108
455.7	0.000727419
455.8	0.000724229
455.9	0.000719373
456	0.000718625
456.1	0.000719665
456.2	0.00072053
456.3	0.00071583
456.4	0.000708594
456.5	0.000702354
456.6	0.000698808
456.7	0.00069468
456.8	0.00068749
456.9	0.000683804
457	0.000677247
457.1	0.000667791
457.2	0.000656269
457.3	0.000644392
457.4	0.0006386
457.5	0.000639339
457.6	0.000646691
457.7	0.000655499
457.8	0.000664668
457.9	0.000673311
458	0.00068261
458.1	0.000696492
458.2	0.000714755
458.3	0.000737835
458.4	0.00075722
458.5	0.000773676
458.6	0.000790055
458.7	0.00080815
458.8	0.0008254
458.9	0.000837449
459	0.000845824
459.1	0.00085108
459.2	0.000857093
459.3	0.000867432
459.4	0.00087944
459.5	0.000891501
459.6	0.000898204
459.7	0.000905576
459.8	0.000911765
459.9	0.000914205
460	0.000912354
460.1	0.000905783
460.2	0.000901087
460.3	0.000891399
460.4	0.000875463
460.5	0.000861484
460.6	0.000851275
460.7	0.000846747
460.8	0.000847017
460.9	0.000850337
461	0.000859423
461.1	0.000870496
461.2	0.000879278
461.3	0.000884731
461.4	0.000886785
461.5	0.00088635
461.6	0.000885386
461.7	0.000882469
461.8	0.00088422
461.9	0.000889456
462	0.000895388
462.1	0.000901603
462.2	0.000907284
462.3	0.000913413
462.4	0.000919315
462.5	0.000928538
462.6	0.000938728
462.7	0.000946188
462.8	0.000950214
462.9	0.000946101
463	0.000935778
463.1	0.000921729
463.2	0.000906183
463.3	0.00088709
463.4	0.000862843
463.5	0.000838412
463.6	0.000818356
463.7	0.000798089
463.8	0.000776289
463.9	0.000752966
464	0.000731622
464.1	0.000714496
464.2	0.00070263
464.3	0.000690382
464.4	0.000673318
464.5	0.000649301
464.6	0.000618354
464.7	0.000582771
464.8	0.000551169
464.9	0.00051965
465	0.000482245
465.1	0.000438705
465.2	0.000390832
465.3	0.000340245
465.4	0.000286972
465.5	0.000231192
465.6	0.000171921
465.7	0.000113679
465.8	5.90218e-05
465.9	3.59495e-06
466	-5.24559e-05
466.1	-0.000106962
466.2	-0.000158404
466.3	-0.000208139
466.4	-0.000258623
466.5	-0.000305192
466.6	-0.000356133
466.7	-0.000408722
466.8	-0.00045513
466.9	-0.000501577
467	-0.00054592
467.1	-0.000589555
467.2	-0.000628659
467.3	-0.000663465
467.4	-0.000694472
467.5	-0.000728871
467.6	-0.000765566
467.7	-0.000800843
467.8	-0.000832723
467.9	-0.000859505
468	-0.000879987
468.1	-0.000895392
468.2	-0.000904923
468.3	-0.000910164
468.4	-0.0009155
468.5	-0.000924396
468.6	-0.000935628
468.7	-0.000948254
468.8	-0.000960455
468.9	-0.00097322
469	-0.000989493
469.1	-0.00101142
469.2	-0.00103499
469.3	-0.00105871
469.4	-0.00108171
469.5	-0.00110342
469.6	-0.00112485
469.7	-0.00115021
469.8	-0.00118147
469.9	-0.00121428
470	-0.00125146
470.1	-0.00129016
470.2	-0.00132233
470.3	-0.00134861
470.4	-0.00137049
470.5	-0.00139091
470.6	-0.00140803
470.7	-0.00141658
470.8	-0.00141627
470.9	-0.00141009
471	-0.00140439
471.1	-0.0014043
471.2	-0.00140764
471.3	-0.00141152
471.4	-0.0014142
471.5	-0.00141152
471.6	-0.00140438
471.7	-0.00139547
471.8	-0.00138268
471.9	-0.0013667
472	-0.00134735
472.1	-0.00132865
472.2	-0.00130701
472.3	-0.00127798
472.4	-0.00124491
472.5	-0.00121754
472.6	-0.00119762
472.7	-0.0011798
472.8	-0.00116091
472.9	-0.00114562
473	-0.00113461
473.1	-0.00112902
473.2	-0.00112171
473.3	-0.00111422
473.4	-0.00110188
473.5	-0.001087
473.6	-0.0010757
473.7	-0.00106141
473.8	-0.00104601
473.9	-0.00102802
474	-0.00101477
474.1	-0.00100075
474.2	-0.00098502
474.3	-0.000963252
474.4	-0.000942531
474.5	-0.000921201
474.6	-0.000894169
474.7	-0.000863367
474.8	-0.000830491
474.9	-0.00079654
475	-0.000767344
475.1	-0.000739464
475.2	-0.000712221
475.3	-0.000687539
475.4	-0.000662154
475.5	-0.000631729
475.6	-0.000598187
475.7	-0.00056588
475.8	-0.000533409
475.9	-0.000502048
476	-0.000472715
476.1	-0.000447308
476.2	-0.000424772
476.3	-0.00040819
476.4	-0.000395269
476.5	-0.000380403
476.6	-0.000370275
476.7	-0.000367558
476.8	-0.000363942
476.9	-0.000362563
477	-0.000361669
477.1	-0.000360609
477.2	-0.000363602
477.3	-0.000365486
477.4	-0.000368529
477.5	-0.000374278
477.6	-0.000383062
477.7	-0.000390751
477.8	-0.000398044
477.9	-0.000400115
478	-0.000398699
478.1	-0.000392798
478.2	-0.000389746
478.3	-0.000387147
478.4	-0.000381222
478.5	-0.000376943
478.6	-0.00037636
478.7	-0.000375405
478.8	-0.000374179
478.9	-0.000369682
479	-0.000363934
479.1	-0.000358394
479.2	-0.000354561
479.3	-0.000350584
479.4	-0.000350835
479.5	-0.000357328
479.6	-0.000365497
479.7	-0.000372314
479.8	-0.000376797
479.9	-0.000376964
480	-0.000377526
480.1	-0.00037889
480.2	-0.000376665
480.3	-0.000367306
480.4	-0.000357948
480.5	-0.000352402
480.6	-0.000344291
480.7	-0.000337158
480.8	-0.000331049
480.9	-0.000328138
481	-0.000326775
481.1	-0.000326161
481.2	-0.000326588
481.3	-0.000327261
481.4	-0.000329274
481.5	-0.000331663
481.6	-0.000334259
481.7	-0.000340476
481.8	-0.000353647
481.9	-0.000370862
482	-0.000391226
482.1	-0.000411406
482.2	-0.00043004
482.3	-0.000452134
482.4	-0.000475376
482.5	-0.000496848
482.6	-0.000522876
482.7	-0.00055101
482.8	-0.000574898
482.9	-0.000599828
483	-0.000624544
483.1	-0.00064973
483.2	-0.000677949
483.3	-0.000714246
483.4	-0.000750533
483.5	-0.000789764
483.6	-0.000828817
483.7	-0.000865543
483.8	-0.000906499
483.9	-0.00094878
484	-0.000990592
484.1	-0.00103059
484.2	-0.00106925
484.3	-0.00110514
484.4	-0.00113815
484.5	-0.00117036
484.6	-0.00120142
484.7	-0.00123081
484.8	-0.00126004
484.9	-0.00129143
485	-0.0013234
485.1	-0.00135784
485.2	-0.00139386
485.3	-0.00142897
485.4	-0.00146475
485.5	-0.00149707
485.6	-0.00152645
485.7	-0.0015552
485.8	-0.00157895
485.9	-0.00160006
486	-0.00161634
486.1	-0.00163037
486.2	-0.00164352
486.3	-0.00165554
486.4	-0.00167166
486.5	-0.001694
486.6	-0.00171514
486.7	-0.00173914
486.8	-0.00176487
486.9	-0.00178655
487	-0.00180362
487.1	-0.00181316
487.2	-0.00182637
487.3	-0.00183776
487.4	-0.00185252
487.5	-0.00186802
487.6	-0.00188929
487.7	-0.00191329
487.8	-0.00193724
487.9	-0.0019641
488	-0.00198705
488.1	-0.00201083
488.2	-0.00203254
488.3	-0.00205419
488.4	-0.00207495
488.5	-0.00210133
488.6	-0.00213202
488.7	-0.00215792
488.8	-0.00218417
488.9	-0.00220604
489	-0.00222037
489.1	-0.0022296
489.2	-0.00224048
489.3	-0.00225599
489.4	-0.00227185
489.5	-0.00228195
489.6	-0.00229037
489.7	-0.00229494
489.8	-0.00230072
489.9	-0.00230393
490	-0.00230682
490.1	-0.00231134
490.2	-0.00231152
490.3	-0.0023119
490.4	-0.00231071
490.5	-0.00231081
490.6	-0.00230913
490.7	-0.00230956
490.8	-0.00230544
490.9	-0.00230254
491	-0.00230052
491.1	-0.00230083
491.2	-0.00229534
491.3	-0.00229065
491.4	-0.00228676
491.5	-0.00228084
491.6	-0.0022755
491.7	-0.0022753
491.8	-0.00228018
491.9	-0.00228456
492	-0.00228487
492.1	-0.00228429
492.2	-0.00227966
492.3	-0.00227352
492.4	-0.00226358
492.5	-0.00224998
492.6	-0.00223544
492.7	-0.00222214
492.8	-0.00220794
492.9	-0.00218891
493	-0.00216721
493.1	-0.00214268
493.2	-0.00211462
493.3	-0.00208528
493.4	-0.00205393
493.5	-0.00201738
493.6	-0.00197781
493.7	-0.00193411
493.8	-0.00188255
493.9	-0.00182924
494	-0.00177965
494.1	-0.0017378
494.2	-0.00170004
494.3	-0.00166539
494.4	-0.00163332
494.5	-0.0016038
494.6	-0.00157972
494.7	-0.00156129
494.8	-0.0015434
494.9	-0.00153103
495	-0.00151793
495.1	-0.00150639
495.2	-0.00149632
495.3	-0.0014888
495.4	-0.00148295
495.5	-0.00147608
495.6	-0.00146376
495.7	-0.00144755
495.8	-0.00142635
495.9	-0.00140705
496	-0.00138833
496.1	-0.00137136
496.2	-0.00135412
496.3	-0.00133095
496.4	-0.00130635
496.5	-0.00128094
496.6	-0.0012514
496.7	-0.00121756
496.8	-0.00117883
496.9	-0.00113801
497	-0.00110069
497.1	-0.00106542
497.2	-0.00102782
497.3	-0.000990336
497.4	-0.000951016
497.5	-0.000909349
497.6	-0.000871137
497.7	-0.000833438
497.8	-0.000792654
497.9	-0.000756837
498	-0.000727882
498.1	-0.000698724
498.2	-0.000674902
498.3	-0.000649432
498.4	-0.000623444
498.5	-0.000604424
498.6	-0.000593718
498.7	-0.000588217
498.8	-0.000589922
498.9	-0.000595969
499	-0.000604613
499.1	-0.00061664
499.2	-0.000629807
499.3	-0.000641131
499.4	-0.000651561
499.5	-0.000666045
499.6	-0.000681813
499.7	-0.000695874
499.8	-0.000711833
499.9	-0.000727782
500	-0.000739036
