LagTime	Correlation

0	3.53674
0.1	3.53173
0.2	3.52424
0.3	3.51617
0.4	3.50801
0.5	3.49986
0.6	3.49175
0.7	3.48369
0.8	3.47568
0.9	3.46771
1	3.4598
1.1	3.45193
1.2	3.44411
1.3	3.43634
1.4	3.42863
1.5	3.42096
1.6	3.41334
1.7	3.40576
1.8	3.39824
1.9	3.39075
2	3.3833
2.1	3.3759
2.2	3.36853
2.3	3.3612
2.4	3.3539
2.5	3.34664
2.6	3.33943
2.7	3.33225
2.8	3.32512
2.9	3.31803
3	3.31098
3.1	3.30397
3.2	3.29699
3.3	3.29005
3.4	3.28313
3.5	3.27626
3.6	3.26942
3.7	3.26262
3.8	3.25585
3.9	3.24912
4	3.24242
4.1	3.23576
4.2	3.22913
4.3	3.22253
4.4	3.21597
4.5	3.20942
4.6	3.2029
4.7	3.19641
4.8	3.18995
4.9	3.18352
5	3.17712
5.1	3.17075
5.2	3.16441
5.3	3.1581
5.4	3.15182
5.5	3.14557
5.6	3.13935
5.7	3.13317
5.8	3.127
5.9	3.12087
6	3.11475
6.1	3.10866
6.2	3.1026
6.3	3.09656
6.4	3.09055
6.5	3.08456
6.6	3.0786
6.7	3.07267
6.8	3.06676
6.9	3.06087
7	3.05501
7.1	3.04917
7.2	3.04335
7.3	3.03756
7.4	3.03179
7.5	3.02605
7.6	3.02033
7.7	3.01463
7.8	3.00895
7.9	3.0033
8	2.99767
8.1	2.99207
8.2	2.98649
8.3	2.98093
8.4	2.97538
8.5	2.96986
8.6	2.96435
8.7	2.95886
8.8	2.95339
8.9	2.94794
9	2.94251
9.1	2.9371
9.2	2.93172
9.3	2.92637
9.4	2.92103
9.5	2.91572
9.6	2.91042
9.7	2.90514
9.8	2.89988
9.9	2.89464
10	2.88942
10.1	2.88423
10.2	2.87905
10.3	2.87388
10.4	2.86873
10.5	2.86359
10.6	2.85848
10.7	2.85338
10.8	2.84829
10.9	2.84322
11	2.83817
11.1	2.83312
11.2	2.8281
11.3	2.82309
11.4	2.81809
11.5	2.8131
11.6	2.80813
11.7	2.80318
11.8	2.79825
11.9	2.79333
12	2.78842
12.1	2.78352
12.2	2.77863
12.3	2.77376
12.4	2.7689
12.5	2.76406
12.6	2.75924
12.7	2.75443
12.8	2.74964
12.9	2.74487
13	2.74011
13.1	2.73536
13.2	2.73064
13.3	2.72592
13.4	2.72123
13.5	2.71654
13.6	2.71187
13.7	2.70721
13.8	2.70257
13.9	2.69793
14	2.69331
14.1	2.6887
14.2	2.6841
14.3	2.67952
14.4	2.67495
14.5	2.6704
14.6	2.66586
14.7	2.66133
14.8	2.65682
14.9	2.65232
15	2.64784
15.1	2.64337
15.2	2.63891
15.3	2.63446
15.4	2.63003
15.5	2.6256
15.6	2.62119
15.7	2.61678
15.8	2.61239
15.9	2.608
16	2.60362
16.1	2.59925
16.2	2.59489
16.3	2.59053
16.4	2.58619
16.5	2.58186
16.6	2.57755
16.7	2.57324
16.8	2.56894
16.9	2.56466
17	2.56037
17.1	2.5561
17.2	2.55184
17.3	2.54757
17.4	2.54331
17.5	2.53906
17.6	2.53482
17.7	2.53059
17.8	2.52637
17.9	2.52216
18	2.51796
18.1	2.51377
18.2	2.50958
18.3	2.50541
18.4	2.50124
18.5	2.49708
18.6	2.49293
18.7	2.48879
18.8	2.48466
18.9	2.48054
19	2.47645
19.1	2.47236
19.2	2.46829
19.3	2.46422
19.4	2.46016
19.5	2.45611
19.6	2.45207
19.7	2.44803
19.8	2.44401
19.9	2.43999
20	2.43598
20.1	2.43197
20.2	2.42798
20.3	2.42399
20.4	2.42001
20.5	2.41602
20.6	2.41205
20.7	2.40809
20.8	2.40413
20.9	2.40018
21	2.39623
21.1	2.39229
21.2	2.38836
21.3	2.38444
21.4	2.38053
21.5	2.37663
21.6	2.37274
21.7	2.36886
21.8	2.36498
21.9	2.36112
22	2.35727
22.1	2.35342
22.2	2.34959
22.3	2.34577
22.4	2.34194
22.5	2.33813
22.6	2.33432
22.7	2.33052
22.8	2.32673
22.9	2.32295
23	2.31918
23.1	2.31541
23.2	2.31166
23.3	2.30791
23.4	2.30417
23.5	2.30044
23.6	2.29672
23.7	2.293
23.8	2.28928
23.9	2.28557
24	2.28187
24.1	2.27816
24.2	2.27445
24.3	2.27075
24.4	2.26706
24.5	2.26337
24.6	2.25969
24.7	2.25602
24.8	2.25235
24.9	2.24868
25	2.24503
25.1	2.24138
25.2	2.23774
25.3	2.23411
25.4	2.23048
25.5	2.22687
25.6	2.22326
25.7	2.21965
25.8	2.21605
25.9	2.21245
26	2.20886
26.1	2.20528
26.2	2.20171
26.3	2.19814
26.4	2.19458
26.5	2.19103
26.6	2.18749
26.7	2.18395
26.8	2.18043
26.9	2.17691
27	2.1734
27.1	2.16989
27.2	2.1664
27.3	2.16291
27.4	2.15943
27.5	2.15596
27.6	2.15249
27.7	2.14904
27.8	2.14558
27.9	2.14214
28	2.1387
28.1	2.13527
28.2	2.13184
28.3	2.12843
28.4	2.12503
28.5	2.12163
28.6	2.11824
28.7	2.11485
28.8	2.11147
28.9	2.10809
29	2.10472
29.1	2.10135
29.2	2.09798
29.3	2.09461
29.4	2.09126
29.5	2.08791
29.6	2.08456
29.7	2.08121
29.8	2.07787
29.9	2.07454
30	2.07122
30.1	2.06791
30.2	2.0646
30.3	2.06129
30.4	2.05799
30.5	2.05468
30.6	2.05139
30.7	2.0481
30.8	2.04482
30.9	2.04156
31	2.0383
31.1	2.03506
31.2	2.03181
31.3	2.02857
31.4	2.02534
31.5	2.02212
31.6	2.0189
31.7	2.01569
31.8	2.01248
31.9	2.00928
32	2.00609
32.1	2.0029
32.2	1.99974
32.3	1.99657
32.4	1.99341
32.5	1.99025
32.6	1.98709
32.7	1.98393
32.8	1.98078
32.9	1.97764
33	1.97449
33.1	1.97136
33.2	1.96822
33.3	1.96509
33.4	1.96197
33.5	1.95885
33.6	1.95573
33.7	1.95262
33.8	1.94952
33.9	1.94642
34	1.94333
34.1	1.94025
34.2	1.93718
34.3	1.93411
34.4	1.93105
34.5	1.92799
34.6	1.92492
34.7	1.92186
34.8	1.91881
34.9	1.91576
35	1.91273
35.1	1.9097
35.2	1.90667
35.3	1.90365
35.4	1.90064
35.5	1.89763
35.6	1.89463
35.7	1.89162
35.8	1.88863
35.9	1.88563
36	1.88265
36.1	1.87966
36.2	1.87669
36.3	1.87372
36.4	1.87076
36.5	1.8678
36.6	1.86485
36.7	1.86189
36.8	1.85895
36.9	1.85602
37	1.85308
37.1	1.85016
37.2	1.84724
37.3	1.84433
37.4	1.84142
37.5	1.83852
37.6	1.83563
37.7	1.83275
37.8	1.82986
37.9	1.82699
38	1.82412
38.1	1.82125
38.2	1.81838
38.3	1.81551
38.4	1.81264
38.5	1.80977
38.6	1.80691
38.7	1.80406
38.8	1.80122
38.9	1.79838
39	1.79555
39.1	1.79271
39.2	1.78988
39.3	1.78705
39.4	1.78423
39.5	1.78141
39.6	1.7786
39.7	1.7758
39.8	1.77299
39.9	1.77019
40	1.76739
40.1	1.7646
40.2	1.76183
40.3	1.75905
40.4	1.75629
40.5	1.75354
40.6	1.75078
40.7	1.74803
40.8	1.74529
40.9	1.74257
41	1.73984
41.1	1.73711
41.2	1.73439
41.3	1.73168
41.4	1.72898
41.5	1.72627
41.6	1.72357
41.7	1.72086
41.8	1.71816
41.9	1.71546
42	1.71277
42.1	1.71007
42.2	1.70737
42.3	1.70467
42.4	1.70197
42.5	1.69927
42.6	1.69658
42.7	1.69388
42.8	1.69119
42.9	1.68851
43	1.68582
43.1	1.68314
43.2	1.68047
43.3	1.67779
43.4	1.67512
43.5	1.67245
43.6	1.66979
43.7	1.66713
43.8	1.66448
43.9	1.66183
44	1.65919
44.1	1.65655
44.2	1.65391
44.3	1.65128
44.4	1.64865
44.5	1.64602
44.6	1.64339
44.7	1.64078
44.8	1.63817
44.9	1.63557
45	1.63296
45.1	1.63037
45.2	1.62778
45.3	1.62519
45.4	1.6226
45.5	1.62001
45.6	1.61743
45.7	1.61485
45.8	1.61226
45.9	1.60968
46	1.60709
46.1	1.60452
46.2	1.60195
46.3	1.59939
46.4	1.59685
46.5	1.5943
46.6	1.59177
46.7	1.58923
46.8	1.5867
46.9	1.58418
47	1.58166
47.1	1.57915
47.2	1.57664
47.3	1.57414
47.4	1.57164
47.5	1.56915
47.6	1.56665
47.7	1.56415
47.8	1.56165
47.9	1.55916
48	1.55666
48.1	1.55417
48.2	1.55168
48.3	1.5492
48.4	1.54671
48.5	1.54422
48.6	1.54173
48.7	1.53926
48.8	1.53678
48.9	1.5343
49	1.53184
49.1	1.52938
49.2	1.52692
49.3	1.52446
49.4	1.52202
49.5	1.51957
49.6	1.51712
49.7	1.51468
49.8	1.51224
49.9	1.50981
50	1.50739
50.1	1.50497
50.2	1.50256
50.3	1.50015
50.4	1.49775
50.5	1.49536
50.6	1.49298
50.7	1.4906
50.8	1.48824
50.9	1.48588
51	1.48353
51.1	1.48118
51.2	1.47885
51.3	1.47651
51.4	1.47419
51.5	1.47188
51.6	1.46957
51.7	1.46726
51.8	1.46496
51.9	1.46266
52	1.46036
52.1	1.45807
52.2	1.45578
52.3	1.4535
52.4	1.45121
52.5	1.44894
52.6	1.44666
52.7	1.44439
52.8	1.44212
52.9	1.43984
53	1.43757
53.1	1.43529
53.2	1.43301
53.3	1.43074
53.4	1.42847
53.5	1.4262
53.6	1.42393
53.7	1.42166
53.8	1.41938
53.9	1.41711
54	1.41485
54.1	1.41258
54.2	1.41032
54.3	1.40805
54.4	1.40579
54.5	1.40353
54.6	1.40127
54.7	1.39901
54.8	1.39677
54.9	1.39452
55	1.39228
55.1	1.39004
55.2	1.38781
55.3	1.38558
55.4	1.38335
55.5	1.38113
55.6	1.37891
55.7	1.37669
55.8	1.37448
55.9	1.37228
56	1.37008
56.1	1.36789
56.2	1.3657
56.3	1.36351
56.4	1.36132
56.5	1.35914
56.6	1.35696
56.7	1.35479
56.8	1.35262
56.9	1.35045
57	1.34829
57.1	1.34612
57.2	1.34396
57.3	1.34181
57.4	1.33966
57.5	1.33751
57.6	1.33537
57.7	1.33323
57.8	1.33109
57.9	1.32896
58	1.32683
58.1	1.3247
58.2	1.32258
58.3	1.32046
58.4	1.31834
58.5	1.31623
58.6	1.31412
58.7	1.31202
58.8	1.30993
58.9	1.30784
59	1.30575
59.1	1.30367
59.2	1.30158
59.3	1.2995
59.4	1.29743
59.5	1.29537
59.6	1.29331
59.7	1.29127
59.8	1.28922
59.9	1.28719
60	1.28516
60.1	1.28313
60.2	1.28111
60.3	1.27909
60.4	1.27708
60.5	1.27507
60.6	1.27307
60.7	1.27107
60.8	1.26909
60.9	1.26711
61	1.26513
61.1	1.26315
61.2	1.26118
61.3	1.25921
61.4	1.25725
61.5	1.25528
61.6	1.25332
61.7	1.25136
61.8	1.2494
61.9	1.24745
62	1.24549
62.1	1.24353
62.2	1.24158
62.3	1.23964
62.4	1.2377
62.5	1.23576
62.6	1.23383
62.7	1.23191
62.8	1.22998
62.9	1.22807
63	1.22616
63.1	1.22425
63.2	1.22234
63.3	1.22044
63.4	1.21854
63.5	1.21664
63.6	1.21475
63.7	1.21286
63.8	1.21098
63.9	1.2091
64	1.20722
64.1	1.20535
64.2	1.20347
64.3	1.20161
64.4	1.19975
64.5	1.19789
64.6	1.19604
64.7	1.1942
64.8	1.19236
64.9	1.19052
65	1.18868
65.1	1.18685
65.2	1.18502
65.3	1.1832
65.4	1.18139
65.5	1.17959
65.6	1.17779
65.7	1.17599
65.8	1.1742
65.9	1.1724
66	1.17062
66.1	1.16883
66.2	1.16704
66.3	1.16525
66.4	1.16347
66.5	1.16169
66.6	1.15991
66.7	1.15813
66.8	1.15636
66.9	1.1546
67	1.15283
67.1	1.15107
67.2	1.1493
67.3	1.14752
67.4	1.14575
67.5	1.14397
67.6	1.14221
67.7	1.14044
67.8	1.13868
67.9	1.13693
68	1.13517
68.1	1.13341
68.2	1.13165
68.3	1.12989
68.4	1.12813
68.5	1.12637
68.6	1.12461
68.7	1.12285
68.8	1.1211
68.9	1.11935
69	1.11761
69.1	1.11587
69.2	1.11414
69.3	1.11241
69.4	1.11069
69.5	1.10896
69.6	1.10724
69.7	1.10553
69.8	1.10382
69.9	1.10212
70	1.10044
70.1	1.09875
70.2	1.09707
70.3	1.09538
70.4	1.0937
70.5	1.09202
70.6	1.09034
70.7	1.08866
70.8	1.08699
70.9	1.08533
71	1.08366
71.1	1.08199
71.2	1.08032
71.3	1.07865
71.4	1.077
71.5	1.07535
71.6	1.0737
71.7	1.07206
71.8	1.07042
71.9	1.06878
72	1.06714
72.1	1.06551
72.2	1.06388
72.3	1.06225
72.4	1.06063
72.5	1.05902
72.6	1.05741
72.7	1.0558
72.8	1.0542
72.9	1.0526
73	1.05101
73.1	1.04941
73.2	1.04783
73.3	1.04624
73.4	1.04466
73.5	1.04309
73.6	1.04152
73.7	1.03995
73.8	1.03839
73.9	1.03683
74	1.03528
74.1	1.03373
74.2	1.03218
74.3	1.03062
74.4	1.02907
74.5	1.02752
74.6	1.02597
74.7	1.02443
74.8	1.0229
74.9	1.02137
75	1.01984
75.1	1.01832
75.2	1.01681
75.3	1.0153
75.4	1.01379
75.5	1.01229
75.6	1.01079
75.7	1.00929
75.8	1.00778
75.9	1.00628
76	1.00477
76.1	1.00327
76.2	1.00177
76.3	1.00027
76.4	0.998784
76.5	0.997302
76.6	0.995817
76.7	0.994328
76.8	0.992842
76.9	0.99136
77	0.989884
77.1	0.988413
77.2	0.986942
77.3	0.985472
77.4	0.984007
77.5	0.982543
77.6	0.981075
77.7	0.979608
77.8	0.978142
77.9	0.976681
78	0.975218
78.1	0.973756
78.2	0.972298
78.3	0.970838
78.4	0.96938
78.5	0.967921
78.6	0.966461
78.7	0.965004
78.8	0.963551
78.9	0.9621
79	0.960651
79.1	0.959204
79.2	0.957758
79.3	0.956314
79.4	0.954868
79.5	0.953427
79.6	0.951989
79.7	0.950551
79.8	0.949112
79.9	0.947671
80	0.946223
80.1	0.944777
80.2	0.943329
80.3	0.941883
80.4	0.940441
80.5	0.939002
80.6	0.937569
80.7	0.936144
80.8	0.934724
80.9	0.933303
81	0.931883
81.1	0.930465
81.2	0.929051
81.3	0.92764
81.4	0.926233
81.5	0.924833
81.6	0.923435
81.7	0.922035
81.8	0.920638
81.9	0.919245
82	0.917855
82.1	0.916461
82.2	0.915069
82.3	0.913678
82.4	0.912291
82.5	0.910908
82.6	0.909529
82.7	0.908149
82.8	0.906772
82.9	0.905393
83	0.904012
83.1	0.902627
83.2	0.901242
83.3	0.899855
83.4	0.898468
83.5	0.897083
83.6	0.895703
83.7	0.894323
83.8	0.892943
83.9	0.891566
84	0.890192
84.1	0.88882
84.2	0.887452
84.3	0.886086
84.4	0.88472
84.5	0.883352
84.6	0.881983
84.7	0.880619
84.8	0.879255
84.9	0.877895
85	0.87654
85.1	0.875192
85.2	0.873842
85.3	0.872487
85.4	0.871133
85.5	0.869786
85.6	0.868439
85.7	0.867091
85.8	0.865747
85.9	0.864405
86	0.863064
86.1	0.861726
86.2	0.860384
86.3	0.859046
86.4	0.857705
86.5	0.856367
86.6	0.855031
86.7	0.853698
86.8	0.852371
86.9	0.851043
87	0.849714
87.1	0.848382
87.2	0.847053
87.3	0.845727
87.4	0.844408
87.5	0.843094
87.6	0.841788
87.7	0.840485
87.8	0.839183
87.9	0.837881
88	0.83658
88.1	0.835284
88.2	0.833987
88.3	0.832686
88.4	0.831382
88.5	0.83008
88.6	0.828779
88.7	0.827479
88.8	0.826179
88.9	0.824879
89	0.82358
89.1	0.822284
89.2	0.820988
89.3	0.81969
89.4	0.818387
89.5	0.817087
89.6	0.815788
89.7	0.814492
89.8	0.813202
89.9	0.811912
90	0.810625
90.1	0.809344
90.2	0.808066
90.3	0.806791
90.4	0.805516
90.5	0.804236
90.6	0.802957
90.7	0.801678
90.8	0.800397
90.9	0.799119
91	0.797844
91.1	0.796571
91.2	0.7953
91.3	0.794033
91.4	0.792769
91.5	0.791507
91.6	0.790248
91.7	0.78899
91.8	0.787734
91.9	0.786476
92	0.785218
92.1	0.783962
92.2	0.782715
92.3	0.781473
92.4	0.780241
92.5	0.779017
92.6	0.777801
92.7	0.776588
92.8	0.775379
92.9	0.774171
93	0.772969
93.1	0.771772
93.2	0.770574
93.3	0.769376
93.4	0.768177
93.5	0.76698
93.6	0.76579
93.7	0.764607
93.8	0.763428
93.9	0.762251
94	0.76107
94.1	0.759891
94.2	0.758708
94.3	0.757522
94.4	0.756333
94.5	0.755141
94.6	0.753952
94.7	0.752761
94.8	0.751569
94.9	0.750375
95	0.74918
95.1	0.747993
95.2	0.746811
95.3	0.745628
95.4	0.744447
95.5	0.743264
95.6	0.742084
95.7	0.740909
95.8	0.739737
95.9	0.738565
96	0.737393
96.1	0.736218
96.2	0.735043
96.3	0.733873
96.4	0.732709
96.5	0.731546
96.6	0.73038
96.7	0.729216
96.8	0.728053
96.9	0.726893
97	0.725732
97.1	0.724571
97.2	0.723413
97.3	0.722256
97.4	0.721101
97.5	0.719947
97.6	0.718798
97.7	0.717655
97.8	0.716512
97.9	0.715368
98	0.714221
98.1	0.713071
98.2	0.711928
98.3	0.710787
98.4	0.709648
98.5	0.708515
98.6	0.707387
98.7	0.706263
98.8	0.70514
98.9	0.704012
99	0.702883
99.1	0.701754
99.2	0.700626
99.3	0.6995
99.4	0.698374
99.5	0.697252
99.6	0.696133
99.7	0.695019
99.8	0.693904
99.9	0.692787
100	0.691669
100.1	0.690559
100.2	0.689454
100.3	0.688355
100.4	0.687256
100.5	0.686163
100.6	0.685066
100.7	0.683968
100.8	0.682873
100.9	0.681777
101	0.680683
101.1	0.679593
101.2	0.678503
101.3	0.677416
101.4	0.676334
101.5	0.675255
101.6	0.674176
101.7	0.673095
101.8	0.672019
101.9	0.67094
102	0.669861
102.1	0.668778
102.2	0.667695
102.3	0.666616
102.4	0.665539
102.5	0.664464
102.6	0.663397
102.7	0.662337
102.8	0.661283
102.9	0.660233
103	0.659183
103.1	0.658134
103.2	0.657086
103.3	0.656043
103.4	0.655005
103.5	0.653973
103.6	0.652945
103.7	0.65192
103.8	0.650892
103.9	0.649867
104	0.648851
104.1	0.647842
104.2	0.646842
104.3	0.645847
104.4	0.644855
104.5	0.643868
104.6	0.642881
104.7	0.641893
104.8	0.640908
104.9	0.63993
105	0.638952
105.1	0.637979
105.2	0.637009
105.3	0.636042
105.4	0.635073
105.5	0.634105
105.6	0.633139
105.7	0.632176
105.8	0.631216
105.9	0.630261
106	0.629307
106.1	0.628354
106.2	0.627398
106.3	0.626442
106.4	0.62548
106.5	0.624512
106.6	0.623539
106.7	0.622563
106.8	0.621584
106.9	0.620603
107	0.619616
107.1	0.618631
107.2	0.617649
107.3	0.61667
107.4	0.615694
107.5	0.614722
107.6	0.613753
107.7	0.612789
107.8	0.611821
107.9	0.610848
108	0.609874
108.1	0.6089
108.2	0.607924
108.3	0.606949
108.4	0.605973
108.5	0.604996
108.6	0.604016
108.7	0.603038
108.8	0.60206
108.9	0.601082
109	0.600106
109.1	0.59913
109.2	0.598155
109.3	0.597186
109.4	0.596212
109.5	0.595235
109.6	0.594256
109.7	0.593279
109.8	0.592309
109.9	0.591345
110	0.590383
110.1	0.589423
110.2	0.588468
110.3	0.587515
110.4	0.586565
110.5	0.585619
110.6	0.584672
110.7	0.583723
110.8	0.582772
110.9	0.581819
111	0.580871
111.1	0.579927
111.2	0.578984
111.3	0.578042
111.4	0.577101
111.5	0.57616
111.6	0.575218
111.7	0.574278
111.8	0.57334
111.9	0.572406
112	0.571477
112.1	0.570552
112.2	0.569628
112.3	0.568707
112.4	0.567789
112.5	0.566874
112.6	0.565959
112.7	0.565047
112.8	0.564137
112.9	0.563232
113	0.562329
113.1	0.561431
113.2	0.560539
113.3	0.559649
113.4	0.558764
113.5	0.557882
113.6	0.557005
113.7	0.556127
113.8	0.555244
113.9	0.554357
114	0.553469
114.1	0.552587
114.2	0.55171
114.3	0.550838
114.4	0.549966
114.5	0.549092
114.6	0.54822
114.7	0.54735
114.8	0.546481
114.9	0.545614
115	0.544748
115.1	0.543882
115.2	0.543015
115.3	0.542148
115.4	0.541285
115.5	0.540421
115.6	0.539556
115.7	0.538694
115.8	0.537834
115.9	0.536974
116	0.536116
116.1	0.535258
116.2	0.534397
116.3	0.533542
116.4	0.532696
116.5	0.53186
116.6	0.531033
116.7	0.530204
116.8	0.529378
116.9	0.528553
117	0.527724
117.1	0.526891
117.2	0.526057
117.3	0.525223
117.4	0.524391
117.5	0.523557
117.6	0.522716
117.7	0.521875
117.8	0.521031
117.9	0.520195
118	0.519368
118.1	0.518545
118.2	0.517719
118.3	0.516896
118.4	0.516075
118.5	0.515255
118.6	0.514436
118.7	0.513616
118.8	0.512791
118.9	0.511962
119	0.511138
119.1	0.510316
119.2	0.509494
119.3	0.508672
119.4	0.507848
119.5	0.507026
119.6	0.506206
119.7	0.50539
119.8	0.504577
119.9	0.503771
120	0.502974
120.1	0.502184
120.2	0.501397
120.3	0.500605
120.4	0.499811
120.5	0.499019
120.6	0.49823
120.7	0.497444
120.8	0.496658
120.9	0.495877
121	0.495098
121.1	0.494314
121.2	0.493532
121.3	0.492747
121.4	0.491963
121.5	0.491181
121.6	0.490409
121.7	0.489646
121.8	0.488881
121.9	0.488121
122	0.487367
122.1	0.48661
122.2	0.48586
122.3	0.485111
122.4	0.484365
122.5	0.483615
122.6	0.482861
122.7	0.482103
122.8	0.481338
122.9	0.480568
123	0.479794
123.1	0.47902
123.2	0.47824
123.3	0.477456
123.4	0.476672
123.5	0.47589
123.6	0.475107
123.7	0.474323
123.8	0.47354
123.9	0.472759
124	0.47198
124.1	0.471199
124.2	0.470418
124.3	0.469639
124.4	0.468861
124.5	0.468083
124.6	0.467308
124.7	0.466535
124.8	0.465767
124.9	0.464999
125	0.464228
125.1	0.463456
125.2	0.462683
125.3	0.46191
125.4	0.461137
125.5	0.460356
125.6	0.459574
125.7	0.458793
125.8	0.458014
125.9	0.457241
126	0.456467
126.1	0.455691
126.2	0.454916
126.3	0.454141
126.4	0.453361
126.5	0.452578
126.6	0.451794
126.7	0.451012
126.8	0.450227
126.9	0.449439
127	0.448651
127.1	0.447858
127.2	0.447064
127.3	0.446271
127.4	0.445475
127.5	0.444678
127.6	0.44388
127.7	0.443092
127.8	0.442309
127.9	0.441531
128	0.440755
128.1	0.439985
128.2	0.439216
128.3	0.438445
128.4	0.437675
128.5	0.436909
128.6	0.43614
128.7	0.435376
128.8	0.434614
128.9	0.433849
129	0.433085
129.1	0.432322
129.2	0.431556
129.3	0.430791
129.4	0.430028
129.5	0.429262
129.6	0.428502
129.7	0.427747
129.8	0.426996
129.9	0.426248
130	0.425503
130.1	0.424762
130.2	0.424021
130.3	0.423281
130.4	0.422545
130.5	0.421808
130.6	0.421073
130.7	0.420334
130.8	0.41959
130.9	0.418843
131	0.418091
131.1	0.417335
131.2	0.416572
131.3	0.415809
131.4	0.415047
131.5	0.414291
131.6	0.413539
131.7	0.412789
131.8	0.412045
131.9	0.411307
132	0.410567
132.1	0.409827
132.2	0.40909
132.3	0.40835
132.4	0.407611
132.5	0.406869
132.6	0.406129
132.7	0.405396
132.8	0.404668
132.9	0.40394
133	0.403217
133.1	0.402498
133.2	0.401789
133.3	0.401081
133.4	0.400373
133.5	0.399662
133.6	0.398952
133.7	0.398246
133.8	0.397544
133.9	0.396838
134	0.396131
134.1	0.395421
134.2	0.39471
134.3	0.393999
134.4	0.393291
134.5	0.392591
134.6	0.391896
134.7	0.391202
134.8	0.390509
134.9	0.38982
135	0.389137
135.1	0.388456
135.2	0.387783
135.3	0.38711
135.4	0.386432
135.5	0.38575
135.6	0.385072
135.7	0.384398
135.8	0.38372
135.9	0.383038
136	0.382359
136.1	0.381681
136.2	0.381009
136.3	0.380345
136.4	0.379685
136.5	0.379025
136.6	0.378365
136.7	0.377701
136.8	0.377036
136.9	0.376373
137	0.37571
137.1	0.375042
137.2	0.374369
137.3	0.373698
137.4	0.373029
137.5	0.372367
137.6	0.371709
137.7	0.371046
137.8	0.37038
137.9	0.369716
138	0.369054
138.1	0.368394
138.2	0.367736
138.3	0.367079
138.4	0.366425
138.5	0.365777
138.6	0.365133
138.7	0.364487
138.8	0.363838
138.9	0.36319
139	0.362542
139.1	0.361895
139.2	0.361248
139.3	0.360602
139.4	0.359954
139.5	0.359302
139.6	0.358645
139.7	0.357987
139.8	0.357328
139.9	0.356665
140	0.356005
140.1	0.355348
140.2	0.354693
140.3	0.354045
140.4	0.3534
140.5	0.352753
140.6	0.352107
140.7	0.351462
140.8	0.350818
140.9	0.350173
141	0.349529
141.1	0.348884
141.2	0.348237
141.3	0.34759
141.4	0.346944
141.5	0.346299
141.6	0.345657
141.7	0.345016
141.8	0.34437
141.9	0.343722
142	0.343077
142.1	0.342429
142.2	0.341781
142.3	0.341135
142.4	0.340489
142.5	0.339847
142.6	0.339208
142.7	0.338574
142.8	0.337944
142.9	0.337317
143	0.336688
143.1	0.336056
143.2	0.335424
143.3	0.33479
143.4	0.334161
143.5	0.333534
143.6	0.332906
143.7	0.332277
143.8	0.331647
143.9	0.331016
144	0.330386
144.1	0.329759
144.2	0.329132
144.3	0.328507
144.4	0.327888
144.5	0.327273
144.6	0.326667
144.7	0.326066
144.8	0.32547
144.9	0.324877
145	0.324287
145.1	0.323703
145.2	0.323124
145.3	0.32255
145.4	0.321976
145.5	0.321399
145.6	0.320819
145.7	0.320235
145.8	0.319647
145.9	0.319055
146	0.318461
146.1	0.317867
146.2	0.317275
146.3	0.316684
146.4	0.3161
146.5	0.315518
146.6	0.314937
146.7	0.314359
146.8	0.313778
146.9	0.313194
147	0.312606
147.1	0.312012
147.2	0.311414
147.3	0.310814
147.4	0.31021
147.5	0.309611
147.6	0.309018
147.7	0.308427
147.8	0.30783
147.9	0.307235
148	0.306649
148.1	0.306071
148.2	0.3055
148.3	0.304926
148.4	0.304346
148.5	0.303763
148.6	0.303179
148.7	0.302597
148.8	0.302015
148.9	0.30143
149	0.300852
149.1	0.300273
149.2	0.299699
149.3	0.299132
149.4	0.298566
149.5	0.298001
149.6	0.297437
149.7	0.296875
149.8	0.296309
149.9	0.295745
150	0.29518
150.1	0.294617
150.2	0.294051
150.3	0.293482
150.4	0.29291
150.5	0.292338
150.6	0.291766
150.7	0.291196
150.8	0.290632
150.9	0.290068
151	0.289502
151.1	0.288937
151.2	0.288378
151.3	0.287823
151.4	0.287266
151.5	0.286706
151.6	0.28614
151.7	0.28557
151.8	0.284999
151.9	0.284435
152	0.283871
152.1	0.283302
152.2	0.282733
152.3	0.282163
152.4	0.281597
152.5	0.281035
152.6	0.280475
152.7	0.279916
152.8	0.279358
152.9	0.278799
153	0.27824
153.1	0.277682
153.2	0.27712
153.3	0.276557
153.4	0.27599
153.5	0.275421
153.6	0.274852
153.7	0.274287
153.8	0.273722
153.9	0.273157
154	0.272588
154.1	0.272019
154.2	0.271448
154.3	0.270884
154.4	0.270322
154.5	0.269759
154.6	0.269197
154.7	0.268642
154.8	0.268089
154.9	0.267537
155	0.266987
155.1	0.26644
155.2	0.265894
155.3	0.265343
155.4	0.264793
155.5	0.264239
155.6	0.263685
155.7	0.263131
155.8	0.262576
155.9	0.262016
156	0.261455
156.1	0.260897
156.2	0.260344
156.3	0.259791
156.4	0.259238
156.5	0.258689
156.6	0.258145
156.7	0.257602
156.8	0.257059
156.9	0.25652
157	0.25598
157.1	0.255437
157.2	0.254894
157.3	0.254351
157.4	0.253812
157.5	0.253275
157.6	0.252737
157.7	0.252196
157.8	0.251656
157.9	0.251121
158	0.250591
158.1	0.250068
158.2	0.249546
158.3	0.249022
158.4	0.2485
158.5	0.247977
158.6	0.247458
158.7	0.246939
158.8	0.246421
158.9	0.245896
159	0.245367
159.1	0.244832
159.2	0.244288
159.3	0.243739
159.4	0.243188
159.5	0.242641
159.6	0.242096
159.7	0.241553
159.8	0.241015
159.9	0.240481
160	0.239952
160.1	0.239427
160.2	0.238901
160.3	0.238371
160.4	0.23784
160.5	0.237316
160.6	0.236802
160.7	0.236292
160.8	0.235786
160.9	0.235283
161	0.234785
161.1	0.234282
161.2	0.233774
161.3	0.233264
161.4	0.232762
161.5	0.232262
161.6	0.231756
161.7	0.231242
161.8	0.230723
161.9	0.230201
162	0.229676
162.1	0.22915
162.2	0.228629
162.3	0.228106
162.4	0.227584
162.5	0.227064
162.6	0.226544
162.7	0.226027
162.8	0.225513
162.9	0.225008
163	0.224506
163.1	0.224008
163.2	0.223509
163.3	0.223014
163.4	0.222519
163.5	0.222028
163.6	0.221546
163.7	0.221069
163.8	0.220596
163.9	0.220125
164	0.219649
164.1	0.219172
164.2	0.218693
164.3	0.218214
164.4	0.217737
164.5	0.217261
164.6	0.216787
164.7	0.216315
164.8	0.215843
164.9	0.215376
165	0.214912
165.1	0.214449
165.2	0.213986
165.3	0.21352
165.4	0.213058
165.5	0.212599
165.6	0.212144
165.7	0.211695
165.8	0.21125
165.9	0.21081
166	0.210377
166.1	0.209946
166.2	0.209515
166.3	0.209083
166.4	0.20865
166.5	0.208215
166.6	0.207781
166.7	0.207352
166.8	0.206924
166.9	0.2065
167	0.206075
167.1	0.205654
167.2	0.205232
167.3	0.204808
167.4	0.204382
167.5	0.203951
167.6	0.203524
167.7	0.203095
167.8	0.202673
167.9	0.202253
168	0.201838
168.1	0.201424
168.2	0.201008
168.3	0.20059
168.4	0.200171
168.5	0.199753
168.6	0.199336
168.7	0.198924
168.8	0.198513
168.9	0.198101
169	0.197686
169.1	0.19727
169.2	0.196853
169.3	0.196432
169.4	0.196007
169.5	0.195585
169.6	0.195158
169.7	0.194728
169.8	0.194293
169.9	0.193859
170	0.193427
170.1	0.192995
170.2	0.192566
170.3	0.192134
170.4	0.191703
170.5	0.191272
170.6	0.19084
170.7	0.190413
170.8	0.189991
170.9	0.189565
171	0.189138
171.1	0.188717
171.2	0.188295
171.3	0.187881
171.4	0.187468
171.5	0.18706
171.6	0.186656
171.7	0.186254
171.8	0.185851
171.9	0.185454
172	0.185061
172.1	0.184663
172.2	0.184267
172.3	0.183872
172.4	0.183481
172.5	0.183093
172.6	0.182712
172.7	0.182337
172.8	0.181963
172.9	0.181591
173	0.181215
173.1	0.180844
173.2	0.180475
173.3	0.180107
173.4	0.179738
173.5	0.179371
173.6	0.179009
173.7	0.178647
173.8	0.178284
173.9	0.177918
174	0.17755
174.1	0.17718
174.2	0.176808
174.3	0.176434
174.4	0.176058
174.5	0.175679
174.6	0.175302
174.7	0.174927
174.8	0.174557
174.9	0.174189
175	0.17382
175.1	0.173452
175.2	0.173081
175.3	0.172707
175.4	0.172331
175.5	0.171956
175.6	0.171582
175.7	0.171208
175.8	0.170835
175.9	0.170464
176	0.170095
176.1	0.169729
176.2	0.169366
176.3	0.169003
176.4	0.168637
176.5	0.168268
176.6	0.167901
176.7	0.167534
176.8	0.167167
176.9	0.166798
177	0.166428
177.1	0.16605
177.2	0.165667
177.3	0.165278
177.4	0.164884
177.5	0.164496
177.6	0.164111
177.7	0.163724
177.8	0.163338
177.9	0.162952
178	0.16257
178.1	0.16219
178.2	0.161811
178.3	0.161429
178.4	0.161045
178.5	0.16066
178.6	0.160276
178.7	0.159886
178.8	0.15949
178.9	0.15909
179	0.158688
179.1	0.158286
179.2	0.157885
179.3	0.15749
179.4	0.157101
179.5	0.156716
179.6	0.15633
179.7	0.155941
179.8	0.155551
179.9	0.155162
180	0.154775
180.1	0.154389
180.2	0.154005
180.3	0.153619
180.4	0.153229
180.5	0.152843
180.6	0.152462
180.7	0.152081
180.8	0.151701
180.9	0.151327
181	0.150955
181.1	0.150583
181.2	0.150217
181.3	0.149854
181.4	0.149492
181.5	0.149134
181.6	0.148778
181.7	0.148424
181.8	0.148069
181.9	0.147717
182	0.147366
182.1	0.14701
182.2	0.146651
182.3	0.146288
182.4	0.145926
182.5	0.145563
182.6	0.145196
182.7	0.144828
182.8	0.144457
182.9	0.144087
183	0.143718
183.1	0.143351
183.2	0.142983
183.3	0.142616
183.4	0.142252
183.5	0.141892
183.6	0.141531
183.7	0.14117
183.8	0.14081
183.9	0.140451
184	0.140089
184.1	0.139725
184.2	0.139359
184.3	0.138993
184.4	0.138629
184.5	0.138268
184.6	0.137907
184.7	0.137551
184.8	0.13719
184.9	0.136835
185	0.136482
185.1	0.136134
185.2	0.135794
185.3	0.135458
185.4	0.135121
185.5	0.134785
185.6	0.134448
185.7	0.134114
185.8	0.133787
185.9	0.133465
186	0.133143
186.1	0.132814
186.2	0.132484
186.3	0.132157
186.4	0.131823
186.5	0.131487
186.6	0.131147
186.7	0.130806
186.8	0.13046
186.9	0.130114
187	0.129768
187.1	0.129428
187.2	0.129087
187.3	0.128747
187.4	0.128404
187.5	0.128053
187.6	0.127704
187.7	0.127353
187.8	0.127004
187.9	0.126652
188	0.126297
188.1	0.125939
188.2	0.125582
188.3	0.125228
188.4	0.124877
188.5	0.12453
188.6	0.124181
188.7	0.123829
188.8	0.123476
188.9	0.123126
189	0.122782
189.1	0.12244
189.2	0.122095
189.3	0.121744
189.4	0.121386
189.5	0.121025
189.6	0.120661
189.7	0.120305
189.8	0.119957
189.9	0.119611
190	0.119267
190.1	0.118929
190.2	0.118592
190.3	0.11826
190.4	0.117935
190.5	0.117617
190.6	0.117303
190.7	0.116994
190.8	0.116688
190.9	0.11638
191	0.116069
191.1	0.11576
191.2	0.115449
191.3	0.115135
191.4	0.114822
191.5	0.114508
191.6	0.114194
191.7	0.113884
191.8	0.113576
191.9	0.113272
192	0.112971
192.1	0.112673
192.2	0.112379
192.3	0.11209
192.4	0.111803
192.5	0.111515
192.6	0.11123
192.7	0.110946
192.8	0.110662
192.9	0.110377
193	0.110088
193.1	0.1098
193.2	0.109517
193.3	0.10924
193.4	0.108959
193.5	0.108679
193.6	0.108398
193.7	0.108111
193.8	0.10782
193.9	0.107519
194	0.107217
194.1	0.106913
194.2	0.10661
194.3	0.106304
194.4	0.105999
194.5	0.105695
194.6	0.105391
194.7	0.105087
194.8	0.104782
194.9	0.104478
195	0.104176
195.1	0.103878
195.2	0.103586
195.3	0.103294
195.4	0.102997
195.5	0.1027
195.6	0.102404
195.7	0.102114
195.8	0.101834
195.9	0.101564
196	0.101299
196.1	0.101033
196.2	0.100763
196.3	0.10049
196.4	0.100222
196.5	0.0999559
196.6	0.0996875
196.7	0.0994113
196.8	0.0991341
196.9	0.0988537
197	0.0985709
197.1	0.0982902
197.2	0.0980097
197.3	0.0977293
197.4	0.0974473
197.5	0.0971615
197.6	0.0968779
197.7	0.0965983
197.8	0.0963225
197.9	0.0960528
198	0.0957887
198.1	0.0955247
198.2	0.0952627
198.3	0.0950049
198.4	0.0947509
198.5	0.0944985
198.6	0.0942486
198.7	0.0939944
198.8	0.0937403
198.9	0.0934886
199	0.0932389
199.1	0.0929853
199.2	0.0927335
199.3	0.0924853
199.4	0.0922379
199.5	0.0919859
199.6	0.0917277
199.7	0.0914657
199.8	0.0912034
199.9	0.0909468
200	0.090693
200.1	0.0904413
200.2	0.0901875
200.3	0.0899392
200.4	0.0896955
200.5	0.0894558
200.6	0.0892152
200.7	0.088974
200.8	0.0887394
200.9	0.0885094
201	0.0882817
201.1	0.0880528
201.2	0.0878273
201.3	0.0876062
201.4	0.0873835
201.5	0.0871595
201.6	0.0869373
201.7	0.0867179
201.8	0.086505
201.9	0.0862975
202	0.0860935
202.1	0.0858909
202.2	0.0856883
202.3	0.0854825
202.4	0.0852727
202.5	0.0850616
202.6	0.08485
202.7	0.084636
202.8	0.0844212
202.9	0.0842063
203	0.0839925
203.1	0.0837783
203.2	0.0835705
203.3	0.0833562
203.4	0.0831414
203.5	0.0829261
203.6	0.0827088
203.7	0.0824957
203.8	0.0822867
203.9	0.0820856
204	0.0818884
204.1	0.0816936
204.2	0.0814993
204.3	0.0813068
204.4	0.0811147
204.5	0.0809251
204.6	0.0807358
204.7	0.0805447
204.8	0.0803551
204.9	0.0801612
205	0.0799681
205.1	0.0797711
205.2	0.0795734
205.3	0.079375
205.4	0.0791756
205.5	0.0789752
205.6	0.078775
205.7	0.0785802
205.8	0.0783874
205.9	0.0781935
206	0.0779955
206.1	0.0777973
206.2	0.0775966
206.3	0.0773953
206.4	0.077194
206.5	0.0769929
206.6	0.076787
206.7	0.0765837
206.8	0.0763792
206.9	0.0761724
207	0.0759642
207.1	0.0757517
207.2	0.0755412
207.3	0.0753343
207.4	0.0751302
207.5	0.0749273
207.6	0.0747184
207.7	0.074503
207.8	0.0742847
207.9	0.0740706
208	0.0738556
208.1	0.0736436
208.2	0.0734366
208.3	0.0732306
208.4	0.0730233
208.5	0.0728178
208.6	0.0726133
208.7	0.0724023
208.8	0.0721896
208.9	0.0719753
209	0.0717621
209.1	0.0715517
209.2	0.0713369
209.3	0.0711202
209.4	0.0709034
209.5	0.0706915
209.6	0.0704808
209.7	0.0702649
209.8	0.0700456
209.9	0.0698198
210	0.0695985
210.1	0.069381
210.2	0.0691654
210.3	0.0689522
210.4	0.0687379
210.5	0.0685187
210.6	0.0683003
210.7	0.0680836
210.8	0.0678672
210.9	0.0676493
211	0.0674302
211.1	0.0672154
211.2	0.067006
211.3	0.0667961
211.4	0.0665843
211.5	0.0663658
211.6	0.0661471
211.7	0.0659267
211.8	0.065704
211.9	0.06548
212	0.0652529
212.1	0.0650268
212.2	0.0648004
212.3	0.0645699
212.4	0.064339
212.5	0.0641132
212.6	0.0638916
212.7	0.0636711
212.8	0.0634587
212.9	0.0632515
213	0.0630479
213.1	0.062846
213.2	0.0626407
213.3	0.0624276
213.4	0.0622162
213.5	0.0620133
213.6	0.0618111
213.7	0.061608
213.8	0.0614104
213.9	0.0612154
214	0.0610203
214.1	0.0608232
214.2	0.0606242
214.3	0.0604259
214.4	0.0602251
214.5	0.0600214
214.6	0.059815
214.7	0.0596027
214.8	0.0593919
214.9	0.0591843
215	0.0589801
215.1	0.058776
215.2	0.0585722
215.3	0.058371
215.4	0.0581733
215.5	0.0579774
215.6	0.057784
215.7	0.0575934
215.8	0.0574066
215.9	0.0572173
216	0.057026
216.1	0.0568296
216.2	0.0566261
216.3	0.0564174
216.4	0.0562066
216.5	0.056
216.6	0.0557942
216.7	0.0555849
216.8	0.0553711
216.9	0.0551605
217	0.0549579
217.1	0.0547629
217.2	0.054571
217.3	0.0543796
217.4	0.0541874
217.5	0.0540002
217.6	0.0538151
217.7	0.0536276
217.8	0.0534392
217.9	0.0532531
218	0.0530702
218.1	0.0528872
218.2	0.0527044
218.3	0.0525269
218.4	0.052353
218.5	0.0521758
218.6	0.0519927
218.7	0.051803
218.8	0.0516103
218.9	0.0514166
219	0.0512204
219.1	0.0510324
219.2	0.0508472
219.3	0.0506623
219.4	0.0504747
219.5	0.0502931
219.6	0.0501167
219.7	0.0499412
219.8	0.0497686
219.9	0.0495983
220	0.0494294
220.1	0.0492667
220.2	0.0491107
220.3	0.0489605
220.4	0.048815
220.5	0.048673
220.6	0.0485374
220.7	0.0484018
220.8	0.0482626
220.9	0.0481216
221	0.0479868
221.1	0.0478551
221.2	0.047729
221.3	0.0476064
221.4	0.0474853
221.5	0.0473604
221.6	0.047232
221.7	0.0471019
221.8	0.0469698
221.9	0.0468397
222	0.04671
222.1	0.0465804
222.2	0.0464488
222.3	0.0463137
222.4	0.0461784
222.5	0.0460479
222.6	0.0459163
222.7	0.0457877
222.8	0.0456548
222.9	0.0455274
223	0.0453995
223.1	0.0452676
223.2	0.0451351
223.3	0.0449989
223.4	0.044857
223.5	0.0447121
223.6	0.0445622
223.7	0.0444081
223.8	0.0442527
223.9	0.0440957
224	0.043939
224.1	0.0437825
224.2	0.0436257
224.3	0.043468
224.4	0.0433057
224.5	0.0431397
224.6	0.0429679
224.7	0.042799
224.8	0.0426358
224.9	0.0424718
225	0.0423058
225.1	0.0421435
225.2	0.0419817
225.3	0.0418226
225.4	0.0416662
225.5	0.0415163
225.6	0.0413673
225.7	0.0412208
225.8	0.0410781
225.9	0.040932
226	0.0407838
226.1	0.0406361
226.2	0.0404895
226.3	0.0403443
226.4	0.0402
226.5	0.0400503
226.6	0.039893
226.7	0.0397309
226.8	0.0395656
226.9	0.0393987
227	0.0392315
227.1	0.0390677
227.2	0.0389063
227.3	0.0387396
227.4	0.0385697
227.5	0.0383943
227.6	0.0382174
227.7	0.0380389
227.8	0.0378568
227.9	0.0376789
228	0.0375041
228.1	0.0373287
228.2	0.0371516
228.3	0.0369741
228.4	0.0367966
228.5	0.0366172
228.6	0.0364347
228.7	0.0362517
228.8	0.0360683
228.9	0.035882
229	0.0356944
229.1	0.0354994
229.2	0.0353039
229.3	0.035115
229.4	0.0349353
229.5	0.0347566
229.6	0.0345733
229.7	0.0343849
229.8	0.0341896
229.9	0.0339937
230	0.0338
230.1	0.0336041
230.2	0.0334072
230.3	0.0332091
230.4	0.0330136
230.5	0.0328155
230.6	0.0326159
230.7	0.032414
230.8	0.0322155
230.9	0.0320194
231	0.0318291
231.1	0.0316389
231.2	0.0314461
231.3	0.031249
231.4	0.0310481
231.5	0.0308506
231.6	0.0306631
231.7	0.0304822
231.8	0.030306
231.9	0.0301307
232	0.029951
232.1	0.0297672
232.2	0.0295817
232.3	0.0293957
232.4	0.0292095
232.5	0.0290269
232.6	0.0288437
232.7	0.0286642
232.8	0.0284876
232.9	0.0283108
233	0.0281302
233.1	0.0279474
233.2	0.0277631
233.3	0.0275754
233.4	0.0273887
233.5	0.0272005
233.6	0.0270093
233.7	0.0268158
233.8	0.0266191
233.9	0.0264123
234	0.0262069
234.1	0.0260048
234.2	0.0258031
234.3	0.0256007
234.4	0.0253992
234.5	0.0251977
234.6	0.024996
234.7	0.0247978
234.8	0.0245996
234.9	0.0244055
235	0.0242145
235.1	0.0240272
235.2	0.0238395
235.3	0.0236508
235.4	0.0234608
235.5	0.0232644
235.6	0.0230644
235.7	0.0228568
235.8	0.0226482
235.9	0.0224401
236	0.0222337
236.1	0.0220285
236.2	0.0218222
236.3	0.0216196
236.4	0.0214213
236.5	0.021224
236.6	0.0210287
236.7	0.0208355
236.8	0.0206407
236.9	0.0204479
237	0.0202544
237.1	0.0200597
237.2	0.01986
237.3	0.0196635
237.4	0.0194611
237.5	0.0192569
237.6	0.0190496
237.7	0.0188428
237.8	0.018638
237.9	0.0184389
238	0.0182423
238.1	0.0180464
238.2	0.0178488
238.3	0.0176534
238.4	0.0174595
238.5	0.0172686
238.6	0.0170772
238.7	0.0168877
238.8	0.0167071
238.9	0.0165347
239	0.016363
239.1	0.0161883
239.2	0.0160182
239.3	0.0158501
239.4	0.0156829
239.5	0.0155186
239.6	0.0153547
239.7	0.0151919
239.8	0.0150262
239.9	0.0148622
240	0.0147008
240.1	0.0145423
240.2	0.0143822
240.3	0.0142211
240.4	0.0140627
240.5	0.0139014
240.6	0.0137375
240.7	0.0135755
240.8	0.0134144
240.9	0.0132474
241	0.0130773
241.1	0.0129071
241.2	0.0127401
241.3	0.0125736
241.4	0.0124047
241.5	0.0122342
241.6	0.0120612
241.7	0.0118829
241.8	0.0117047
241.9	0.0115255
242	0.0113493
242.1	0.0111754
242.2	0.0110054
242.3	0.0108366
242.4	0.0106688
242.5	0.0105028
242.6	0.0103342
242.7	0.010163
242.8	0.00998893
242.9	0.00981371
243	0.00963842
243.1	0.00945858
243.2	0.00927972
243.3	0.00910399
243.4	0.00893245
243.5	0.00876495
243.6	0.00859451
243.7	0.00842455
243.8	0.00825187
243.9	0.00808087
244	0.00791153
244.1	0.00774325
244.2	0.00756893
244.3	0.00739079
244.4	0.00721041
244.5	0.00702604
244.6	0.00683767
244.7	0.00665213
244.8	0.00646824
244.9	0.00628402
245	0.00610145
245.1	0.00591856
245.2	0.00573941
245.3	0.00556666
245.4	0.00539676
245.5	0.00523089
245.6	0.00506519
245.7	0.00489876
245.8	0.00473056
245.9	0.00456104
246	0.00438901
246.1	0.00421546
246.2	0.00404237
246.3	0.00387131
246.4	0.00370155
246.5	0.0035308
246.6	0.00335776
246.7	0.00318542
246.8	0.00301386
246.9	0.00284141
247	0.0026698
247.1	0.00249631
247.2	0.00232271
247.3	0.00214673
247.4	0.00196834
247.5	0.00178927
247.6	0.00161007
247.7	0.00143144
247.8	0.00125115
247.9	0.00107036
248	0.000893596
248.1	0.00071469
248.2	0.000535318
248.3	0.000353415
248.4	0.000174373
248.5	-4.5473e-06
248.6	-0.000182026
248.7	-0.000356948
248.8	-0.000529924
248.9	-0.000699744
249	-0.000866139
249.1	-0.00102734
249.2	-0.00117949
249.3	-0.00132917
249.4	-0.00147765
249.5	-0.00162884
249.6	-0.00178238
249.7	-0.00193728
249.8	-0.00209112
249.9	-0.00224424
250	-0.00240211
250.1	-0.00256732
250.2	-0.00273876
250.3	-0.00291656
250.4	-0.00309517
250.5	-0.00327586
250.6	-0.00345393
250.7	-0.00362926
250.8	-0.00380646
250.9	-0.00398624
251	-0.00416595
251.1	-0.00434118
251.2	-0.00451288
251.3	-0.00468416
251.4	-0.00485196
251.5	-0.00500954
251.6	-0.00516637
251.7	-0.00531737
251.8	-0.005464
251.9	-0.00560883
252	-0.00575174
252.1	-0.00589559
252.2	-0.00603582
252.3	-0.00616636
252.4	-0.00629123
252.5	-0.00641413
252.6	-0.00653116
252.7	-0.00664619
252.8	-0.00676053
252.9	-0.00687701
253	-0.00699101
253.1	-0.00710539
253.2	-0.00721758
253.3	-0.00732376
253.4	-0.0074261
253.5	-0.00752232
253.6	-0.00761945
253.7	-0.00771965
253.8	-0.0078201
253.9	-0.00792349
254	-0.00802566
254.1	-0.00812264
254.2	-0.00822016
254.3	-0.0083228
254.4	-0.00842628
254.5	-0.0085278
254.6	-0.00863116
254.7	-0.00873873
254.8	-0.00884887
254.9	-0.00895575
255	-0.00905922
255.1	-0.00916252
255.2	-0.00926489
255.3	-0.00937396
255.4	-0.0094885
255.5	-0.0096111
255.6	-0.0097322
255.7	-0.0098505
255.8	-0.00996917
255.9	-0.010087
256	-0.0102038
256.1	-0.0103181
256.2	-0.0104278
256.3	-0.0105356
256.4	-0.0106407
256.5	-0.010743
256.6	-0.0108441
256.7	-0.0109416
256.8	-0.0110377
256.9	-0.0111342
257	-0.011239
257.1	-0.0113507
257.2	-0.0114673
257.3	-0.0115829
257.4	-0.0116952
257.5	-0.0117999
257.6	-0.0118996
257.7	-0.0119897
257.8	-0.0120698
257.9	-0.0121514
258	-0.0122339
258.1	-0.0123202
258.2	-0.0124108
258.3	-0.012512
258.4	-0.0126177
258.5	-0.0127234
258.6	-0.0128265
258.7	-0.012924
258.8	-0.0130214
258.9	-0.0131191
259	-0.0132208
259.1	-0.0133195
259.2	-0.0134199
259.3	-0.0135179
259.4	-0.0136126
259.5	-0.0137032
259.6	-0.0137886
259.7	-0.0138756
259.8	-0.0139661
259.9	-0.014054
260	-0.0141406
260.1	-0.0142293
260.2	-0.0143203
260.3	-0.0144071
260.4	-0.0144913
260.5	-0.0145692
260.6	-0.014643
260.7	-0.0147124
260.8	-0.0147792
260.9	-0.0148467
261	-0.0149116
261.1	-0.014977
261.2	-0.0150439
261.3	-0.0151084
261.4	-0.015172
261.5	-0.0152347
261.6	-0.0153005
261.7	-0.0153661
261.8	-0.0154353
261.9	-0.015508
262	-0.0155828
262.1	-0.0156599
262.2	-0.015741
262.3	-0.0158247
262.4	-0.0159087
262.5	-0.0159882
262.6	-0.0160634
262.7	-0.0161322
262.8	-0.016202
262.9	-0.0162701
263	-0.0163384
263.1	-0.0164061
263.2	-0.0164732
263.3	-0.0165361
263.4	-0.0165909
263.5	-0.0166399
263.6	-0.0166841
263.7	-0.0167233
263.8	-0.016756
263.9	-0.0167865
264	-0.0168132
264.1	-0.0168345
264.2	-0.0168505
264.3	-0.0168669
264.4	-0.016884
264.5	-0.0169005
264.6	-0.0169182
264.7	-0.0169357
264.8	-0.0169546
264.9	-0.0169755
265	-0.016995
265.1	-0.0170114
265.2	-0.0170285
265.3	-0.0170397
265.4	-0.0170531
265.5	-0.0170716
265.6	-0.0170926
265.7	-0.0171168
265.8	-0.0171483
265.9	-0.0171811
266	-0.0172051
266.1	-0.0172325
266.2	-0.0172611
266.3	-0.0172914
266.4	-0.0173223
266.5	-0.017352
266.6	-0.0173845
266.7	-0.0174259
266.8	-0.0174716
266.9	-0.0175132
267	-0.0175551
267.1	-0.0175973
267.2	-0.0176384
267.3	-0.0176787
267.4	-0.0177152
267.5	-0.0177493
267.6	-0.0177826
267.7	-0.0178183
267.8	-0.0178553
267.9	-0.0178879
268	-0.0179241
268.1	-0.0179634
268.2	-0.0180007
268.3	-0.0180379
268.4	-0.0180737
268.5	-0.0181084
268.6	-0.0181377
268.7	-0.0181631
268.8	-0.0181896
268.9	-0.0182218
269	-0.0182592
269.1	-0.0183023
269.2	-0.0183491
269.3	-0.0183941
269.4	-0.0184347
269.5	-0.0184673
269.6	-0.0184952
269.7	-0.0185173
269.8	-0.0185332
269.9	-0.0185478
270	-0.0185617
270.1	-0.0185694
270.2	-0.0185775
270.3	-0.0185857
270.4	-0.0185931
270.5	-0.0186043
270.6	-0.0186168
270.7	-0.0186227
270.8	-0.0186239
270.9	-0.0186222
271	-0.018623
271.1	-0.0186224
271.2	-0.0186277
271.3	-0.0186346
271.4	-0.0186466
271.5	-0.0186571
271.6	-0.0186666
271.7	-0.0186768
271.8	-0.0186885
271.9	-0.018709
272	-0.0187376
272.1	-0.0187648
272.2	-0.018789
272.3	-0.0188132
272.4	-0.0188423
272.5	-0.0188694
272.6	-0.0188938
272.7	-0.0189156
272.8	-0.018938
272.9	-0.0189606
273	-0.0189817
273.1	-0.0190027
273.2	-0.0190199
273.3	-0.0190386
273.4	-0.0190601
273.5	-0.0190833
273.6	-0.0191084
273.7	-0.0191313
273.8	-0.0191527
273.9	-0.0191769
274	-0.0192073
274.1	-0.0192432
274.2	-0.0192783
274.3	-0.0193154
274.4	-0.0193557
274.5	-0.0193986
274.6	-0.0194398
274.7	-0.0194748
274.8	-0.0195124
274.9	-0.0195529
275	-0.019595
275.1	-0.0196358
275.2	-0.0196787
275.3	-0.019728
275.4	-0.0197768
275.5	-0.0198308
275.6	-0.0198893
275.7	-0.019951
275.8	-0.0200058
275.9	-0.0200589
276	-0.0201097
276.1	-0.020162
276.2	-0.0202182
276.3	-0.0202789
276.4	-0.0203424
276.5	-0.0204056
276.6	-0.0204651
276.7	-0.0205284
276.8	-0.0205974
276.9	-0.0206675
277	-0.0207384
277.1	-0.0208083
277.2	-0.0208807
277.3	-0.0209516
277.4	-0.0210178
277.5	-0.0210837
277.6	-0.021152
277.7	-0.0212206
277.8	-0.021291
277.9	-0.0213621
278	-0.0214304
278.1	-0.0214968
278.2	-0.0215639
278.3	-0.0216297
278.4	-0.0216979
278.5	-0.0217646
278.6	-0.0218325
278.7	-0.0219005
278.8	-0.0219645
278.9	-0.0220286
279	-0.0220937
279.1	-0.022157
279.2	-0.0222232
279.3	-0.022292
279.4	-0.0223654
279.5	-0.022441
279.6	-0.0225126
279.7	-0.0225818
279.8	-0.0226568
279.9	-0.0227329
280	-0.0228037
280.1	-0.0228747
280.2	-0.0229418
280.3	-0.023003
280.4	-0.023062
280.5	-0.0231162
280.6	-0.0231662
280.7	-0.0232144
280.8	-0.0232688
280.9	-0.023327
281	-0.0233884
281.1	-0.0234501
281.2	-0.0235135
281.3	-0.0235752
281.4	-0.0236362
281.5	-0.0236951
281.6	-0.0237511
281.7	-0.0238037
281.8	-0.0238524
281.9	-0.023897
282	-0.0239372
282.1	-0.0239764
282.2	-0.0240138
282.3	-0.0240451
282.4	-0.0240748
282.5	-0.0241016
282.6	-0.0241249
282.7	-0.0241476
282.8	-0.0241718
282.9	-0.0241949
283	-0.02422
283.1	-0.0242452
283.2	-0.0242652
283.3	-0.0242811
283.4	-0.0242937
283.5	-0.0243011
283.6	-0.0243061
283.7	-0.0243153
283.8	-0.0243244
283.9	-0.0243309
284	-0.0243356
284.1	-0.0243377
284.2	-0.024341
284.3	-0.0243484
284.4	-0.0243627
284.5	-0.0243824
284.6	-0.0244015
284.7	-0.0244153
284.8	-0.0244278
284.9	-0.0244396
285	-0.0244525
285.1	-0.0244675
285.2	-0.0244818
285.3	-0.0244893
285.4	-0.0244896
285.5	-0.024491
285.6	-0.0244957
285.7	-0.0245018
285.8	-0.0245161
285.9	-0.0245309
286	-0.0245431
286.1	-0.0245537
286.2	-0.024565
286.3	-0.0245757
286.4	-0.0245882
286.5	-0.0246052
286.6	-0.0246247
286.7	-0.0246446
286.8	-0.0246664
286.9	-0.0246908
287	-0.0247158
287.1	-0.0247404
287.2	-0.0247647
287.3	-0.0247921
287.4	-0.0248213
287.5	-0.0248479
287.6	-0.0248694
287.7	-0.0248875
287.8	-0.0249035
287.9	-0.0249249
288	-0.0249494
288.1	-0.0249762
288.2	-0.0250068
288.3	-0.0250373
288.4	-0.0250686
288.5	-0.0250969
288.6	-0.0251267
288.7	-0.0251571
288.8	-0.0251856
288.9	-0.0252181
289	-0.0252519
289.1	-0.0252893
289.2	-0.0253298
289.3	-0.0253711
289.4	-0.0254106
289.5	-0.0254481
289.6	-0.0254872
289.7	-0.0255264
289.8	-0.0255643
289.9	-0.0256012
290	-0.0256357
290.1	-0.0256728
290.2	-0.0257093
290.3	-0.0257494
290.4	-0.0257877
290.5	-0.0258206
290.6	-0.0258517
290.7	-0.0258808
290.8	-0.0259074
290.9	-0.0259307
291	-0.025952
291.1	-0.0259688
291.2	-0.0259851
291.3	-0.0260032
291.4	-0.0260229
291.5	-0.0260455
291.6	-0.0260679
291.7	-0.0260941
291.8	-0.0261216
291.9	-0.0261519
292	-0.026187
292.1	-0.0262244
292.2	-0.0262661
292.3	-0.0263083
292.4	-0.0263503
292.5	-0.0263863
292.6	-0.0264153
292.7	-0.0264429
292.8	-0.0264733
292.9	-0.0265083
293	-0.0265487
293.1	-0.02659
293.2	-0.0266324
293.3	-0.0266734
293.4	-0.0267127
293.5	-0.0267513
293.6	-0.0267862
293.7	-0.0268179
293.8	-0.0268502
293.9	-0.0268862
294	-0.0269265
294.1	-0.0269668
294.2	-0.0270072
294.3	-0.0270481
294.4	-0.0270858
294.5	-0.0271167
294.6	-0.0271403
294.7	-0.0271613
294.8	-0.0271797
294.9	-0.0271889
295	-0.0271949
295.1	-0.0272064
295.2	-0.0272221
295.3	-0.0272396
295.4	-0.0272612
295.5	-0.0272839
295.6	-0.0273051
295.7	-0.0273285
295.8	-0.02735
295.9	-0.0273707
296	-0.0273859
296.1	-0.027401
296.2	-0.0274163
296.3	-0.0274325
296.4	-0.0274498
296.5	-0.0274669
296.6	-0.0274862
296.7	-0.027505
296.8	-0.027519
296.9	-0.0275264
297	-0.0275327
297.1	-0.0275429
297.2	-0.0275544
297.3	-0.0275678
297.4	-0.0275833
297.5	-0.0275988
297.6	-0.0276132
297.7	-0.0276218
297.8	-0.0276252
297.9	-0.02762
298	-0.027614
298.1	-0.0276071
298.2	-0.0275971
298.3	-0.0275816
298.4	-0.0275585
298.5	-0.0275337
298.6	-0.0275068
298.7	-0.0274705
298.8	-0.0274358
298.9	-0.0274061
299	-0.0273729
299.1	-0.027339
299.2	-0.0273061
299.3	-0.0272819
299.4	-0.0272643
299.5	-0.0272503
299.6	-0.0272342
299.7	-0.0272149
299.8	-0.0271951
299.9	-0.0271766
300	-0.0271622
300.1	-0.0271506
300.2	-0.0271452
300.3	-0.0271458
300.4	-0.0271506
300.5	-0.0271623
300.6	-0.0271761
300.7	-0.0271896
300.8	-0.0271987
300.9	-0.0272104
301	-0.0272216
301.1	-0.0272339
301.2	-0.027249
301.3	-0.0272653
301.4	-0.0272845
301.5	-0.0273001
301.6	-0.0273113
301.7	-0.027318
301.8	-0.0273224
301.9	-0.0273273
302	-0.0273324
302.1	-0.0273408
302.2	-0.0273502
302.3	-0.0273671
302.4	-0.0273865
302.5	-0.0274051
302.6	-0.0274204
302.7	-0.0274284
302.8	-0.0274343
302.9	-0.027441
303	-0.0274523
303.1	-0.0274633
303.2	-0.0274776
303.3	-0.0274989
303.4	-0.0275254
303.5	-0.0275517
303.6	-0.0275795
303.7	-0.0276063
303.8	-0.027628
303.9	-0.0276441
304	-0.0276594
304.1	-0.02767
304.2	-0.0276791
304.3	-0.0276909
304.4	-0.0277065
304.5	-0.0277268
304.6	-0.0277506
304.7	-0.0277744
304.8	-0.0277965
304.9	-0.0278178
305	-0.0278384
305.1	-0.0278574
305.2	-0.0278733
305.3	-0.0278852
305.4	-0.0278964
305.5	-0.0279056
305.6	-0.0279134
305.7	-0.0279183
305.8	-0.0279169
305.9	-0.0279127
306	-0.0279098
306.1	-0.0279108
306.2	-0.0279135
306.3	-0.0279166
306.4	-0.0279275
306.5	-0.0279422
306.6	-0.0279614
306.7	-0.0279811
306.8	-0.0279969
306.9	-0.0280106
307	-0.0280226
307.1	-0.0280304
307.2	-0.0280424
307.3	-0.0280541
307.4	-0.0280687
307.5	-0.0280832
307.6	-0.0280989
307.7	-0.0281124
307.8	-0.0281268
307.9	-0.0281402
308	-0.0281552
308.1	-0.0281731
308.2	-0.0281933
308.3	-0.0282129
308.4	-0.0282315
308.5	-0.0282486
308.6	-0.0282656
308.7	-0.0282848
308.8	-0.0283048
308.9	-0.0283235
309	-0.0283438
309.1	-0.0283655
309.2	-0.0283871
309.3	-0.0284106
309.4	-0.028438
309.5	-0.0284689
309.6	-0.0285055
309.7	-0.0285465
309.8	-0.0285883
309.9	-0.0286314
310	-0.0286802
310.1	-0.0287294
310.2	-0.0287858
310.3	-0.0288417
310.4	-0.0289016
310.5	-0.0289675
310.6	-0.0290388
310.7	-0.0291138
310.8	-0.0291903
310.9	-0.0292673
311	-0.0293461
311.1	-0.029424
311.2	-0.0294973
311.3	-0.0295642
311.4	-0.0296251
311.5	-0.0296842
311.6	-0.0297405
311.7	-0.0297978
311.8	-0.0298557
311.9	-0.0299092
312	-0.0299572
312.1	-0.0300019
312.2	-0.0300412
312.3	-0.0300753
312.4	-0.0301097
312.5	-0.0301431
312.6	-0.0301732
312.7	-0.0302035
312.8	-0.0302326
312.9	-0.0302623
313	-0.0302975
313.1	-0.0303372
313.2	-0.0303795
313.3	-0.0304225
313.4	-0.0304604
313.5	-0.0304882
313.6	-0.0305106
313.7	-0.0305292
313.8	-0.0305442
313.9	-0.0305617
314	-0.030581
314.1	-0.0305978
314.2	-0.0306186
314.3	-0.0306355
314.4	-0.0306487
314.5	-0.03066
314.6	-0.0306689
314.7	-0.0306769
314.8	-0.0306836
314.9	-0.0306891
315	-0.0306979
315.1	-0.0307086
315.2	-0.030719
315.3	-0.030733
315.4	-0.0307484
315.5	-0.0307641
315.6	-0.0307757
315.7	-0.0307896
315.8	-0.030804
315.9	-0.0308195
316	-0.0308334
316.1	-0.0308447
316.2	-0.0308595
316.3	-0.0308761
316.4	-0.0308954
316.5	-0.0309163
316.6	-0.0309407
316.7	-0.0309653
316.8	-0.0309907
316.9	-0.0310166
317	-0.0310473
317.1	-0.0310837
317.2	-0.0311218
317.3	-0.0311592
317.4	-0.0311931
317.5	-0.0312194
317.6	-0.0312379
317.7	-0.0312536
317.8	-0.0312699
317.9	-0.0312899
318	-0.0313126
318.1	-0.0313362
318.2	-0.0313625
318.3	-0.0313896
318.4	-0.0314168
318.5	-0.031444
318.6	-0.0314698
318.7	-0.0314976
318.8	-0.0315236
318.9	-0.0315497
319	-0.0315759
319.1	-0.0316014
319.2	-0.0316318
319.3	-0.0316596
319.4	-0.0316923
319.5	-0.031732
319.6	-0.0317713
319.7	-0.0318079
319.8	-0.0318391
319.9	-0.0318704
320	-0.031898
320.1	-0.031928
320.2	-0.0319558
320.3	-0.0319796
320.4	-0.0320043
320.5	-0.0320287
320.6	-0.0320563
320.7	-0.0320851
320.8	-0.0321156
320.9	-0.0321489
321	-0.0321818
321.1	-0.0322136
321.2	-0.0322425
321.3	-0.0322692
321.4	-0.0322911
321.5	-0.0323116
321.6	-0.0323317
321.7	-0.0323471
321.8	-0.0323609
321.9	-0.0323741
322	-0.0323825
322.1	-0.0323919
322.2	-0.0324047
322.3	-0.0324193
322.4	-0.0324344
322.5	-0.0324516
322.6	-0.0324751
322.7	-0.0325028
322.8	-0.0325302
322.9	-0.0325609
323	-0.0325953
323.1	-0.0326348
323.2	-0.0326754
323.3	-0.0327115
323.4	-0.0327486
323.5	-0.0327861
323.6	-0.0328199
323.7	-0.0328543
323.8	-0.0328887
323.9	-0.0329174
324	-0.032942
324.1	-0.032968
324.2	-0.0329945
324.3	-0.033024
324.4	-0.0330583
324.5	-0.0330949
324.6	-0.0331372
324.7	-0.0331802
324.8	-0.0332216
324.9	-0.0332608
325	-0.0332953
325.1	-0.0333268
325.2	-0.03336
325.3	-0.0333953
325.4	-0.0334317
325.5	-0.0334645
325.6	-0.0335005
325.7	-0.0335421
325.8	-0.033585
325.9	-0.0336315
326	-0.033679
326.1	-0.0337294
326.2	-0.0337775
326.3	-0.0338204
326.4	-0.0338623
326.5	-0.0339074
326.6	-0.0339532
326.7	-0.0339988
326.8	-0.0340369
326.9	-0.0340721
327	-0.034103
327.1	-0.0341346
327.2	-0.0341685
327.3	-0.0342081
327.4	-0.0342513
327.5	-0.0342973
327.6	-0.0343384
327.7	-0.034376
327.8	-0.0344149
327.9	-0.0344544
328	-0.0344972
328.1	-0.0345395
328.2	-0.0345813
328.3	-0.0346244
328.4	-0.0346635
328.5	-0.0346993
328.6	-0.0347372
328.7	-0.0347765
328.8	-0.0348135
328.9	-0.0348485
329	-0.0348825
329.1	-0.0349193
329.2	-0.0349569
329.3	-0.0349915
329.4	-0.0350236
329.5	-0.0350519
329.6	-0.0350811
329.7	-0.0351064
329.8	-0.0351304
329.9	-0.0351524
330	-0.0351742
330.1	-0.0351962
330.2	-0.0352146
330.3	-0.0352363
330.4	-0.0352684
330.5	-0.035302
330.6	-0.0353334
330.7	-0.0353642
330.8	-0.0353965
330.9	-0.0354334
331	-0.0354749
331.1	-0.0355179
331.2	-0.0355581
331.3	-0.0355971
331.4	-0.0356319
331.5	-0.0356595
331.6	-0.0356811
331.7	-0.0357052
331.8	-0.0357299
331.9	-0.0357521
332	-0.0357709
332.1	-0.0357901
332.2	-0.0358062
332.3	-0.0358232
332.4	-0.0358418
332.5	-0.0358581
332.6	-0.0358705
332.7	-0.0358811
332.8	-0.0358929
332.9	-0.0359101
333	-0.0359316
333.1	-0.0359495
333.2	-0.0359678
333.3	-0.0359855
333.4	-0.0360004
333.5	-0.0360158
333.6	-0.0360316
333.7	-0.0360448
333.8	-0.0360556
333.9	-0.0360612
334	-0.0360608
334.1	-0.0360552
334.2	-0.0360457
334.3	-0.0360361
334.4	-0.0360264
334.5	-0.0360176
334.6	-0.0360025
334.7	-0.0359793
334.8	-0.0359468
334.9	-0.0359056
335	-0.0358572
335.1	-0.0357967
335.2	-0.0357269
335.3	-0.0356524
335.4	-0.035579
335.5	-0.035503
335.6	-0.0354291
335.7	-0.0353538
335.8	-0.0352766
335.9	-0.0351967
336	-0.0351173
336.1	-0.0350392
336.2	-0.0349642
336.3	-0.0348945
336.4	-0.0348257
336.5	-0.0347578
336.6	-0.0346904
336.7	-0.034625
336.8	-0.0345606
336.9	-0.0344952
337	-0.034431
337.1	-0.0343655
337.2	-0.0342986
337.3	-0.0342363
337.4	-0.0341742
337.5	-0.0341099
337.6	-0.0340465
337.7	-0.0339896
337.8	-0.0339353
337.9	-0.0338808
338	-0.0338295
338.1	-0.0337815
338.2	-0.0337357
338.3	-0.0336889
338.4	-0.033638
338.5	-0.0335841
338.6	-0.0335296
338.7	-0.0334782
338.8	-0.0334301
338.9	-0.0333794
339	-0.0333295
339.1	-0.0332823
339.2	-0.0332331
339.3	-0.0331786
339.4	-0.0331211
339.5	-0.0330665
339.6	-0.0330127
339.7	-0.0329588
339.8	-0.0329048
339.9	-0.0328543
340	-0.0328038
340.1	-0.0327575
340.2	-0.0327109
340.3	-0.0326653
340.4	-0.0326209
340.5	-0.0325771
340.6	-0.0325374
340.7	-0.0324964
340.8	-0.0324534
340.9	-0.0324042
341	-0.0323536
341.1	-0.0323027
341.2	-0.0322528
341.3	-0.0322038
341.4	-0.0321595
341.5	-0.0321208
341.6	-0.0320909
341.7	-0.0320635
341.8	-0.03204
341.9	-0.0320112
342	-0.0319821
342.1	-0.0319522
342.2	-0.0319219
342.3	-0.0318925
342.4	-0.0318604
342.5	-0.0318258
342.6	-0.0317936
342.7	-0.0317681
342.8	-0.0317488
342.9	-0.0317353
343	-0.0317279
343.1	-0.0317235
343.2	-0.0317169
343.3	-0.0317072
343.4	-0.0316898
343.5	-0.0316693
343.6	-0.0316476
343.7	-0.0316223
343.8	-0.031597
343.9	-0.0315683
344	-0.0315382
344.1	-0.0315077
344.2	-0.031478
344.3	-0.0314469
344.4	-0.0314153
344.5	-0.0313871
344.6	-0.0313571
344.7	-0.0313227
344.8	-0.0312864
344.9	-0.0312509
345	-0.0312182
345.1	-0.0311948
345.2	-0.0311737
345.3	-0.0311492
345.4	-0.03112
345.5	-0.0310898
345.6	-0.0310617
345.7	-0.031035
345.8	-0.0310096
345.9	-0.0309847
346	-0.0309657
346.1	-0.0309409
346.2	-0.0309134
346.3	-0.0308862
346.4	-0.030858
346.5	-0.0308275
346.6	-0.0307947
346.7	-0.0307629
346.8	-0.0307319
346.9	-0.0307009
347	-0.0306701
347.1	-0.0306344
347.2	-0.0305961
347.3	-0.0305561
347.4	-0.0305195
347.5	-0.0304859
347.6	-0.0304486
347.7	-0.0304122
347.8	-0.0303807
347.9	-0.0303544
348	-0.0303324
348.1	-0.0303116
348.2	-0.0302928
348.3	-0.0302759
348.4	-0.0302582
348.5	-0.0302414
348.6	-0.0302256
348.7	-0.030216
348.8	-0.0302095
348.9	-0.0302065
349	-0.0302082
349.1	-0.030208
349.2	-0.0302076
349.3	-0.0302056
349.4	-0.0302055
349.5	-0.0302091
349.6	-0.0302081
349.7	-0.0302066
349.8	-0.0302054
349.9	-0.0302037
350	-0.030208
350.1	-0.0302165
350.2	-0.0302223
350.3	-0.0302294
350.4	-0.030238
350.5	-0.0302434
350.6	-0.0302434
350.7	-0.0302447
350.8	-0.0302426
350.9	-0.0302389
351	-0.0302328
351.1	-0.0302259
351.2	-0.0302174
351.3	-0.0302069
351.4	-0.0301949
351.5	-0.030176
351.6	-0.0301495
351.7	-0.0301173
351.8	-0.0300881
351.9	-0.0300581
352	-0.0300297
352.1	-0.0300072
352.2	-0.0299847
352.3	-0.0299574
352.4	-0.0299278
352.5	-0.0298991
352.6	-0.0298674
352.7	-0.0298358
352.8	-0.0298066
352.9	-0.0297824
353	-0.0297611
353.1	-0.0297375
353.2	-0.0297143
353.3	-0.0296878
353.4	-0.0296617
353.5	-0.0296331
353.6	-0.0296046
353.7	-0.0295752
353.8	-0.0295435
353.9	-0.0295097
354	-0.0294738
354.1	-0.0294347
354.2	-0.0293976
354.3	-0.029355
354.4	-0.0293093
354.5	-0.0292664
354.6	-0.0292259
354.7	-0.0291873
354.8	-0.0291462
354.9	-0.0291024
355	-0.0290566
355.1	-0.0290136
355.2	-0.0289745
355.3	-0.0289336
355.4	-0.0288973
355.5	-0.0288653
355.6	-0.0288296
355.7	-0.0287909
355.8	-0.0287495
355.9	-0.0287095
356	-0.0286673
356.1	-0.0286258
356.2	-0.0285854
356.3	-0.0285431
356.4	-0.0284981
356.5	-0.0284512
356.6	-0.0284078
356.7	-0.0283682
356.8	-0.0283288
356.9	-0.0282955
357	-0.0282642
357.1	-0.0282294
357.2	-0.0281931
357.3	-0.0281547
357.4	-0.0281175
357.5	-0.0280813
357.6	-0.0280485
357.7	-0.0280167
357.8	-0.0279869
357.9	-0.0279592
358	-0.0279309
358.1	-0.0279001
358.2	-0.0278695
358.3	-0.0278401
358.4	-0.027803
358.5	-0.0277633
358.6	-0.027727
358.7	-0.0276875
358.8	-0.0276485
358.9	-0.0276045
359	-0.0275547
359.1	-0.0275008
359.2	-0.0274483
359.3	-0.0273984
359.4	-0.0273499
359.5	-0.0272976
359.6	-0.0272441
359.7	-0.0271883
359.8	-0.0271331
359.9	-0.0270743
360	-0.0270186
360.1	-0.0269683
360.2	-0.0269238
360.3	-0.0268769
360.4	-0.0268332
360.5	-0.0267955
360.6	-0.0267617
360.7	-0.026733
360.8	-0.0267049
360.9	-0.0266749
361	-0.0266376
361.1	-0.0265929
361.2	-0.0265465
361.3	-0.0265008
361.4	-0.0264558
361.5	-0.0264113
361.6	-0.0263665
361.7	-0.0263255
361.8	-0.0262922
361.9	-0.0262687
362	-0.0262502
362.1	-0.026236
362.2	-0.0262297
362.3	-0.0262261
362.4	-0.0262237
362.5	-0.0262168
362.6	-0.0262042
362.7	-0.0261899
362.8	-0.026177
362.9	-0.0261678
363	-0.0261648
363.1	-0.0261623
363.2	-0.0261629
363.3	-0.0261677
363.4	-0.0261749
363.5	-0.0261825
363.6	-0.0261884
363.7	-0.0261941
363.8	-0.0262
363.9	-0.026202
364	-0.026203
364.1	-0.0262003
364.2	-0.0261918
364.3	-0.0261809
364.4	-0.0261762
364.5	-0.0261792
364.6	-0.026187
364.7	-0.0261955
364.8	-0.0261981
364.9	-0.0261966
365	-0.0261981
365.1	-0.026198
365.2	-0.0261948
365.3	-0.0261891
365.4	-0.0261802
365.5	-0.0261642
365.6	-0.0261448
365.7	-0.0261226
365.8	-0.0260994
365.9	-0.0260745
366	-0.0260464
366.1	-0.0260216
366.2	-0.0259953
366.3	-0.0259674
366.4	-0.0259389
366.5	-0.025907
366.6	-0.0258701
366.7	-0.0258369
366.8	-0.0258057
366.9	-0.0257778
367	-0.0257483
367.1	-0.0257166
367.2	-0.0256864
367.3	-0.0256577
367.4	-0.0256291
367.5	-0.0256009
367.6	-0.025577
367.7	-0.0255533
367.8	-0.0255261
367.9	-0.0254943
368	-0.0254642
368.1	-0.0254353
368.2	-0.0254069
368.3	-0.0253801
368.4	-0.025353
368.5	-0.0253255
368.6	-0.0252933
368.7	-0.0252635
368.8	-0.0252375
368.9	-0.0252173
369	-0.0252004
369.1	-0.0251847
369.2	-0.0251639
369.3	-0.0251412
369.4	-0.0251192
369.5	-0.0251005
369.6	-0.0250821
369.7	-0.025065
369.8	-0.0250486
369.9	-0.0250313
370	-0.0250116
370.1	-0.0249896
370.2	-0.0249671
370.3	-0.024941
370.4	-0.0249138
370.5	-0.0248901
370.6	-0.0248727
370.7	-0.0248607
370.8	-0.024855
370.9	-0.0248547
371	-0.0248621
371.1	-0.0248716
371.2	-0.0248839
371.3	-0.0248982
371.4	-0.0249128
371.5	-0.0249266
371.6	-0.0249454
371.7	-0.0249688
371.8	-0.0249935
371.9	-0.0250188
372	-0.0250481
372.1	-0.0250749
372.2	-0.0250957
372.3	-0.0251163
372.4	-0.0251379
372.5	-0.025159
372.6	-0.0251824
372.7	-0.0252063
372.8	-0.0252371
372.9	-0.0252702
373	-0.0253043
373.1	-0.0253353
373.2	-0.0253644
373.3	-0.0253974
373.4	-0.0254346
373.5	-0.0254717
373.6	-0.0255058
373.7	-0.0255366
373.8	-0.0255697
373.9	-0.0256038
374	-0.0256375
374.1	-0.025671
374.2	-0.0257019
374.3	-0.025729
374.4	-0.0257573
374.5	-0.0257845
374.6	-0.0258087
374.7	-0.0258315
374.8	-0.0258485
374.9	-0.0258607
375	-0.0258729
375.1	-0.0258887
375.2	-0.0258987
375.3	-0.025906
375.4	-0.0259093
375.5	-0.0259068
375.6	-0.0258998
375.7	-0.0258928
375.8	-0.0258828
375.9	-0.0258683
376	-0.0258512
376.1	-0.0258297
376.2	-0.0258065
376.3	-0.0257801
376.4	-0.0257577
376.5	-0.0257392
376.6	-0.0257229
376.7	-0.0257078
376.8	-0.025701
376.9	-0.0257017
377	-0.0257067
377.1	-0.025715
377.2	-0.0257289
377.3	-0.0257449
377.4	-0.0257578
377.5	-0.0257722
377.6	-0.025791
377.7	-0.0258126
377.8	-0.0258349
377.9	-0.0258581
378	-0.0258822
378.1	-0.0259063
378.2	-0.0259327
378.3	-0.0259565
378.4	-0.0259745
378.5	-0.025984
378.6	-0.025984
378.7	-0.0259798
378.8	-0.025976
378.9	-0.0259745
379	-0.0259752
379.1	-0.0259789
379.2	-0.0259802
379.3	-0.0259777
379.4	-0.0259757
379.5	-0.0259773
379.6	-0.0259848
379.7	-0.0259979
379.8	-0.0260111
379.9	-0.0260256
380	-0.0260456
380.1	-0.0260686
380.2	-0.0260929
380.3	-0.0261138
380.4	-0.0261359
380.5	-0.0261611
380.6	-0.0261932
380.7	-0.0262309
380.8	-0.0262702
380.9	-0.0263116
381	-0.0263545
381.1	-0.0263978
381.2	-0.0264414
381.3	-0.0264815
381.4	-0.0265189
381.5	-0.0265558
381.6	-0.0265911
381.7	-0.0266246
381.8	-0.0266584
381.9	-0.026693
382	-0.026725
382.1	-0.0267572
382.2	-0.0267849
382.3	-0.0268132
382.4	-0.0268449
382.5	-0.0268803
382.6	-0.0269213
382.7	-0.0269665
382.8	-0.0270159
382.9	-0.0270632
383	-0.0271117
383.1	-0.0271598
383.2	-0.027201
383.3	-0.0272374
383.4	-0.027275
383.5	-0.0273167
383.6	-0.0273581
383.7	-0.0273978
383.8	-0.0274324
383.9	-0.0274616
384	-0.0274885
384.1	-0.02751
384.2	-0.0275269
384.3	-0.0275458
384.4	-0.0275695
384.5	-0.0275923
384.6	-0.0276145
384.7	-0.027634
384.8	-0.027647
384.9	-0.027661
385	-0.0276772
385.1	-0.0276889
385.2	-0.0276956
385.3	-0.0276991
385.4	-0.0276974
385.5	-0.0276979
385.6	-0.0277005
385.7	-0.027705
385.8	-0.0277107
385.9	-0.0277117
386	-0.0277109
386.1	-0.0277042
386.2	-0.0276926
386.3	-0.0276773
386.4	-0.027661
386.5	-0.0276435
386.6	-0.0276266
386.7	-0.0276082
386.8	-0.0275915
386.9	-0.0275747
387	-0.0275614
387.1	-0.0275475
387.2	-0.0275274
387.3	-0.027504
387.4	-0.0274796
387.5	-0.0274596
387.6	-0.0274436
387.7	-0.0274268
387.8	-0.0274177
387.9	-0.0274122
388	-0.0274054
388.1	-0.0273954
388.2	-0.0273827
388.3	-0.0273671
388.4	-0.0273555
388.5	-0.0273492
388.6	-0.0273466
388.7	-0.0273434
388.8	-0.0273388
388.9	-0.0273315
389	-0.0273276
389.1	-0.0273235
389.2	-0.0273143
389.3	-0.0273004
389.4	-0.027283
389.5	-0.0272669
389.6	-0.0272514
389.7	-0.0272418
389.8	-0.0272313
389.9	-0.0272234
390	-0.0272147
390.1	-0.0272012
390.2	-0.0271801
390.3	-0.0271549
390.4	-0.0271329
390.5	-0.0271095
390.6	-0.027082
390.7	-0.027058
390.8	-0.0270307
390.9	-0.0270039
391	-0.0269769
391.1	-0.0269505
391.2	-0.0269243
391.3	-0.026907
391.4	-0.0268931
391.5	-0.0268855
391.6	-0.0268774
391.7	-0.0268673
391.8	-0.0268564
391.9	-0.0268443
392	-0.0268292
392.1	-0.0268106
392.2	-0.0267849
392.3	-0.0267594
392.4	-0.0267367
392.5	-0.026715
392.6	-0.0266985
392.7	-0.0266861
392.8	-0.0266789
392.9	-0.0266797
393	-0.0266866
393.1	-0.0266985
393.2	-0.0267153
393.3	-0.0267296
393.4	-0.0267458
393.5	-0.0267676
393.6	-0.0267908
393.7	-0.026814
393.8	-0.0268405
393.9	-0.0268689
394	-0.0268976
394.1	-0.0269203
394.2	-0.0269375
394.3	-0.0269537
394.4	-0.0269653
394.5	-0.0269729
394.6	-0.0269759
394.7	-0.0269743
394.8	-0.0269698
394.9	-0.0269656
395	-0.0269617
395.1	-0.0269563
395.2	-0.026953
395.3	-0.0269493
395.4	-0.0269394
395.5	-0.0269274
395.6	-0.0269152
395.7	-0.0269083
395.8	-0.0269059
395.9	-0.0269056
396	-0.0268997
396.1	-0.0268881
396.2	-0.0268756
396.3	-0.0268619
396.4	-0.0268447
396.5	-0.0268284
396.6	-0.0268112
396.7	-0.0267994
396.8	-0.0267926
396.9	-0.026788
397	-0.0267826
397.1	-0.0267765
397.2	-0.0267725
397.3	-0.0267725
397.4	-0.0267741
397.5	-0.0267755
397.6	-0.0267802
397.7	-0.0267889
397.8	-0.0268003
397.9	-0.0268163
398	-0.026835
398.1	-0.0268519
398.2	-0.0268666
398.3	-0.0268836
398.4	-0.0269023
398.5	-0.0269174
398.6	-0.0269362
398.7	-0.0269579
398.8	-0.0269827
398.9	-0.0270091
399	-0.0270347
399.1	-0.0270559
399.2	-0.0270746
399.3	-0.0270915
399.4	-0.0271099
399.5	-0.0271222
399.6	-0.0271327
399.7	-0.0271488
399.8	-0.027161
399.9	-0.0271681
400	-0.0271768
400.1	-0.0271909
400.2	-0.0272098
400.3	-0.0272281
400.4	-0.027243
400.5	-0.0272584
400.6	-0.0272754
400.7	-0.0272912
400.8	-0.0273062
400.9	-0.0273248
401	-0.0273455
401.1	-0.0273622
401.2	-0.0273754
401.3	-0.0273889
401.4	-0.0273993
401.5	-0.0274114
401.6	-0.0274221
401.7	-0.0274336
401.8	-0.0274419
401.9	-0.0274458
402	-0.0274447
402.1	-0.0274381
402.2	-0.0274276
402.3	-0.0274136
402.4	-0.0273939
402.5	-0.0273711
402.6	-0.0273498
402.7	-0.0273304
402.8	-0.0273211
402.9	-0.0273196
403	-0.0273266
403.1	-0.0273381
403.2	-0.0273452
403.3	-0.0273522
403.4	-0.0273555
403.5	-0.027357
403.6	-0.0273621
403.7	-0.0273719
403.8	-0.0273831
403.9	-0.0274021
404	-0.0274259
404.1	-0.0274504
404.2	-0.0274711
404.3	-0.0274863
404.4	-0.0275017
404.5	-0.0275212
404.6	-0.0275432
404.7	-0.0275659
404.8	-0.0275844
404.9	-0.0276002
405	-0.027617
405.1	-0.0276317
405.2	-0.0276475
405.3	-0.0276714
405.4	-0.027695
405.5	-0.0277209
405.6	-0.0277476
405.7	-0.0277719
405.8	-0.0277911
405.9	-0.0278106
406	-0.0278322
406.1	-0.0278509
406.2	-0.0278681
406.3	-0.0278836
406.4	-0.027904
406.5	-0.0279237
406.6	-0.0279435
406.7	-0.0279652
406.8	-0.0279774
406.9	-0.0279869
407	-0.0279952
407.1	-0.0279991
407.2	-0.0279957
407.3	-0.0279917
407.4	-0.0279916
407.5	-0.0279942
407.6	-0.0280011
407.7	-0.0280131
407.8	-0.0280278
407.9	-0.0280435
408	-0.0280567
408.1	-0.0280648
408.2	-0.0280714
408.3	-0.02808
408.4	-0.0280895
408.5	-0.0280968
408.6	-0.0281055
408.7	-0.0281149
408.8	-0.0281308
408.9	-0.0281519
409	-0.0281792
409.1	-0.0282103
409.2	-0.0282405
409.3	-0.0282712
409.4	-0.0283015
409.5	-0.0283307
409.6	-0.0283537
409.7	-0.0283704
409.8	-0.0283913
409.9	-0.0284191
410	-0.0284483
410.1	-0.0284787
410.2	-0.028509
410.3	-0.0285413
410.4	-0.0285782
410.5	-0.0286162
410.6	-0.0286536
410.7	-0.028691
410.8	-0.0287281
410.9	-0.028763
411	-0.0287965
411.1	-0.0288267
411.2	-0.028853
411.3	-0.028874
411.4	-0.0288919
411.5	-0.0289065
411.6	-0.0289158
411.7	-0.0289183
411.8	-0.0289123
411.9	-0.0289085
412	-0.028909
412.1	-0.028913
412.2	-0.0289221
412.3	-0.0289321
412.4	-0.0289418
412.5	-0.0289609
412.6	-0.0289792
412.7	-0.0289937
412.8	-0.0290048
412.9	-0.0290187
413	-0.0290268
413.1	-0.0290362
413.2	-0.0290443
413.3	-0.0290487
413.4	-0.0290522
413.5	-0.0290549
413.6	-0.0290536
413.7	-0.0290554
413.8	-0.0290577
413.9	-0.0290642
414	-0.029078
414.1	-0.0290966
414.2	-0.0291171
414.3	-0.0291389
414.4	-0.0291621
414.5	-0.0291885
414.6	-0.0292152
414.7	-0.0292411
414.8	-0.0292646
414.9	-0.0292936
415	-0.0293212
415.1	-0.0293446
415.2	-0.029367
415.3	-0.0293895
415.4	-0.0294122
415.5	-0.0294314
415.6	-0.0294433
415.7	-0.029451
415.8	-0.0294617
415.9	-0.0294757
416	-0.0294898
416.1	-0.0295104
416.2	-0.0295358
416.3	-0.0295669
416.4	-0.0295982
416.5	-0.0296324
416.6	-0.0296722
416.7	-0.0297176
416.8	-0.0297619
416.9	-0.0298096
417	-0.0298561
417.1	-0.0299014
417.2	-0.029947
417.3	-0.0299916
417.4	-0.0300318
417.5	-0.0300666
417.6	-0.0300999
417.7	-0.0301301
417.8	-0.030158
417.9	-0.0301852
418	-0.0302168
418.1	-0.0302474
418.2	-0.0302748
418.3	-0.0303007
418.4	-0.0303261
418.5	-0.0303542
418.6	-0.0303857
418.7	-0.030422
418.8	-0.0304601
418.9	-0.0304935
419	-0.030522
419.1	-0.0305431
419.2	-0.0305601
419.3	-0.0305766
419.4	-0.030587
419.5	-0.0305948
419.6	-0.0306038
419.7	-0.0306081
419.8	-0.0306148
419.9	-0.0306225
420	-0.0306294
420.1	-0.0306368
420.2	-0.0306478
420.3	-0.0306615
420.4	-0.0306759
420.5	-0.0306907
420.6	-0.0307079
420.7	-0.0307323
420.8	-0.0307568
420.9	-0.0307851
421	-0.0308122
421.1	-0.0308375
421.2	-0.0308578
421.3	-0.0308756
421.4	-0.0308961
421.5	-0.0309158
421.6	-0.030934
421.7	-0.0309486
421.8	-0.0309617
421.9	-0.0309732
422	-0.0309804
422.1	-0.0309868
422.2	-0.0309923
422.3	-0.0309992
422.4	-0.0310039
422.5	-0.0310162
422.6	-0.0310369
422.7	-0.0310588
422.8	-0.0310825
422.9	-0.0311076
423	-0.0311317
423.1	-0.0311559
423.2	-0.0311805
423.3	-0.0312051
423.4	-0.0312358
423.5	-0.0312697
423.6	-0.0313061
423.7	-0.03135
423.8	-0.0313959
423.9	-0.0314464
424	-0.0315032
424.1	-0.0315636
424.2	-0.0316237
424.3	-0.0316831
424.4	-0.0317405
424.5	-0.0317986
424.6	-0.0318511
424.7	-0.0319062
424.8	-0.0319639
424.9	-0.0320203
425	-0.0320789
425.1	-0.0321382
425.2	-0.0322019
425.3	-0.0322691
425.4	-0.0323381
425.5	-0.0324093
425.6	-0.0324859
425.7	-0.0325601
425.8	-0.0326328
425.9	-0.0327078
426	-0.0327844
426.1	-0.0328628
426.2	-0.0329438
426.3	-0.0330302
426.4	-0.0331199
426.5	-0.033212
426.6	-0.0333054
426.7	-0.0333978
426.8	-0.0334893
426.9	-0.0335847
427	-0.0336795
427.1	-0.0337766
427.2	-0.033877
427.3	-0.0339816
427.4	-0.0340905
427.5	-0.034201
427.6	-0.0343155
427.7	-0.0344323
427.8	-0.0345457
427.9	-0.034657
428	-0.0347642
428.1	-0.0348673
428.2	-0.0349664
428.3	-0.0350615
428.4	-0.0351535
428.5	-0.0352447
428.6	-0.0353362
428.7	-0.0354237
428.8	-0.0355087
428.9	-0.0355938
429	-0.0356743
429.1	-0.0357543
429.2	-0.0358361
429.3	-0.0359228
429.4	-0.0360117
429.5	-0.0361039
429.6	-0.036192
429.7	-0.036273
429.8	-0.0363491
429.9	-0.0364286
430	-0.0365064
430.1	-0.0365877
430.2	-0.0366782
430.3	-0.0367701
430.4	-0.0368644
430.5	-0.0369594
430.6	-0.0370574
430.7	-0.0371555
430.8	-0.0372561
430.9	-0.0373595
431	-0.037467
431.1	-0.0375784
431.2	-0.0376877
431.3	-0.0377983
431.4	-0.0379103
431.5	-0.0380256
431.6	-0.0381415
431.7	-0.0382574
431.8	-0.0383734
431.9	-0.0384907
432	-0.0386037
432.1	-0.0387102
432.2	-0.0388106
432.3	-0.0389092
432.4	-0.0390104
432.5	-0.0391141
432.6	-0.0392136
432.7	-0.0393125
432.8	-0.0394114
432.9	-0.0395112
433	-0.0396104
433.1	-0.0397081
433.2	-0.0398076
433.3	-0.0399106
433.4	-0.0400195
433.5	-0.040133
433.6	-0.0402459
433.7	-0.0403583
433.8	-0.040475
433.9	-0.040596
434	-0.0407179
434.1	-0.0408386
434.2	-0.0409584
434.3	-0.0410753
434.4	-0.0411938
434.5	-0.0413172
434.6	-0.0414398
434.7	-0.0415631
434.8	-0.0416785
434.9	-0.0417928
435	-0.0419092
435.1	-0.0420285
435.2	-0.0421522
435.3	-0.0422794
435.4	-0.0424095
435.5	-0.0425428
435.6	-0.0426829
435.7	-0.0428291
435.8	-0.0429732
435.9	-0.0431098
436	-0.0432411
436.1	-0.0433678
436.2	-0.0434921
436.3	-0.0436105
436.4	-0.0437236
436.5	-0.0438378
436.6	-0.0439535
436.7	-0.0440687
436.8	-0.0441849
436.9	-0.0442975
437	-0.0444023
437.1	-0.0445055
437.2	-0.0446128
437.3	-0.0447243
437.4	-0.0448312
437.5	-0.044934
437.6	-0.0450304
437.7	-0.0451176
437.8	-0.0451979
437.9	-0.0452787
438	-0.0453558
438.1	-0.0454278
438.2	-0.0454955
438.3	-0.0455601
438.4	-0.0456289
438.5	-0.0457029
438.6	-0.0457778
438.7	-0.0458549
438.8	-0.0459371
438.9	-0.0460211
439	-0.0461053
439.1	-0.0461955
439.2	-0.0462856
439.3	-0.046373
439.4	-0.0464564
439.5	-0.0465394
439.6	-0.0466221
439.7	-0.0467073
439.8	-0.0467972
439.9	-0.0468874
440	-0.0469769
440.1	-0.0470663
440.2	-0.0471489
440.3	-0.0472326
440.4	-0.0473206
440.5	-0.0474116
440.6	-0.0474992
440.7	-0.0475808
440.8	-0.0476587
440.9	-0.0477369
441	-0.0478147
441.1	-0.0478916
441.2	-0.04797
441.3	-0.0480478
441.4	-0.0481214
441.5	-0.0481882
441.6	-0.0482509
441.7	-0.0483066
441.8	-0.0483641
441.9	-0.0484212
442	-0.0484729
442.1	-0.0485194
442.2	-0.0485665
442.3	-0.048617
442.4	-0.0486706
442.5	-0.048726
442.6	-0.0487826
442.7	-0.0488422
442.8	-0.0489034
442.9	-0.0489645
443	-0.0490231
443.1	-0.0490815
443.2	-0.0491452
443.3	-0.0492075
443.4	-0.0492639
443.5	-0.0493141
443.6	-0.0493631
443.7	-0.0494114
443.8	-0.049462
443.9	-0.049517
444	-0.0495758
444.1	-0.0496345
444.2	-0.0496958
444.3	-0.0497597
444.4	-0.0498238
444.5	-0.0498824
444.6	-0.0499297
444.7	-0.0499758
444.8	-0.0500217
444.9	-0.0500691
445	-0.0501134
445.1	-0.050145
445.2	-0.0501661
445.3	-0.0501805
445.4	-0.0501945
445.5	-0.050216
445.6	-0.0502389
445.7	-0.0502616
445.8	-0.0502844
445.9	-0.0503061
446	-0.0503178
446.1	-0.050325
446.2	-0.0503304
446.3	-0.0503364
446.4	-0.0503463
446.5	-0.0503604
446.6	-0.0503723
446.7	-0.0503854
446.8	-0.050397
446.9	-0.0504056
447	-0.050408
447.1	-0.0504101
447.2	-0.0504108
447.3	-0.0504074
447.4	-0.0504042
447.5	-0.0504083
447.6	-0.050417
447.7	-0.0504312
447.8	-0.050449
447.9	-0.0504702
448	-0.0504888
448.1	-0.0505046
448.2	-0.0505162
448.3	-0.0505227
448.4	-0.0505265
448.5	-0.0505271
448.6	-0.0505294
448.7	-0.0505314
448.8	-0.0505319
448.9	-0.0505337
449	-0.0505386
449.1	-0.0505462
449.2	-0.0505608
449.3	-0.0505768
449.4	-0.0505894
449.5	-0.0505988
449.6	-0.050606
449.7	-0.0506109
449.8	-0.0506138
449.9	-0.0506146
450	-0.050615
450.1	-0.050614
450.2	-0.050611
450.3	-0.0506061
450.4	-0.0505977
450.5	-0.0505933
450.6	-0.0505895
450.7	-0.0505861
450.8	-0.0505851
450.9	-0.0505902
451	-0.0505997
451.1	-0.0506099
451.2	-0.0506182
451.3	-0.0506243
451.4	-0.050635
451.5	-0.0506496
451.6	-0.0506618
451.7	-0.0506714
451.8	-0.0506803
451.9	-0.0506869
452	-0.0506919
452.1	-0.0506976
452.2	-0.0507042
452.3	-0.050709
452.4	-0.0507109
452.5	-0.050706
452.6	-0.0506962
452.7	-0.0506909
452.8	-0.0506913
452.9	-0.0506979
453	-0.0507063
453.1	-0.0507193
453.2	-0.0507367
453.3	-0.0507566
453.4	-0.0507812
453.5	-0.0508097
453.6	-0.0508359
453.7	-0.0508652
453.8	-0.0508949
453.9	-0.0509239
454	-0.0509505
454.1	-0.0509736
454.2	-0.0509972
454.3	-0.0510236
454.4	-0.0510521
454.5	-0.0510839
454.6	-0.0511137
454.7	-0.0511404
454.8	-0.0511665
454.9	-0.0511906
455	-0.051216
455.1	-0.0512468
455.2	-0.0512755
455.3	-0.0512992
455.4	-0.0513232
455.5	-0.051349
455.6	-0.0513725
455.7	-0.0513947
455.8	-0.0514133
455.9	-0.051432
456	-0.051452
456.1	-0.0514722
456.2	-0.0514979
456.3	-0.0515241
456.4	-0.0515573
456.5	-0.0515888
456.6	-0.0516188
456.7	-0.0516491
456.8	-0.0516846
456.9	-0.0517217
457	-0.0517621
457.1	-0.0518036
457.2	-0.0518442
457.3	-0.0518832
457.4	-0.0519203
457.5	-0.0519522
457.6	-0.0519831
457.7	-0.0520105
457.8	-0.0520349
457.9	-0.0520622
458	-0.0520935
458.1	-0.0521279
458.2	-0.0521662
458.3	-0.0521987
458.4	-0.052228
458.5	-0.0522572
458.6	-0.05229
458.7	-0.0523252
458.8	-0.0523572
458.9	-0.0523855
459	-0.0524126
459.1	-0.0524393
459.2	-0.0524676
459.3	-0.0524906
459.4	-0.0525119
459.5	-0.052535
459.6	-0.0525533
459.7	-0.0525688
459.8	-0.0525821
459.9	-0.0525957
460	-0.0526094
460.1	-0.0526233
460.2	-0.0526394
460.3	-0.0526562
460.4	-0.0526706
460.5	-0.052682
460.6	-0.0526924
460.7	-0.0527013
460.8	-0.052709
460.9	-0.0527125
461	-0.052715
461.1	-0.0527173
461.2	-0.0527158
461.3	-0.052714
461.4	-0.0527141
461.5	-0.0527146
461.6	-0.0527171
461.7	-0.0527214
461.8	-0.0527271
461.9	-0.0527377
462	-0.0527479
462.1	-0.0527612
462.2	-0.0527777
462.3	-0.0528008
462.4	-0.0528242
462.5	-0.0528541
462.6	-0.0528899
462.7	-0.0529287
462.8	-0.0529691
462.9	-0.05301
463	-0.0530527
463.1	-0.053103
463.2	-0.053153
463.3	-0.0532005
463.4	-0.0532467
463.5	-0.0532869
463.6	-0.0533239
463.7	-0.0533615
463.8	-0.0534037
463.9	-0.0534437
464	-0.0534865
464.1	-0.053537
464.2	-0.0535922
464.3	-0.0536516
464.4	-0.0537149
464.5	-0.0537806
464.6	-0.0538406
464.7	-0.0539003
464.8	-0.0539592
464.9	-0.0540143
465	-0.0540635
465.1	-0.0541101
465.2	-0.0541576
465.3	-0.0542065
465.4	-0.0542544
465.5	-0.0543044
465.6	-0.0543561
465.7	-0.0544113
465.8	-0.0544625
465.9	-0.054513
466	-0.0545665
466.1	-0.0546206
466.2	-0.0546729
466.3	-0.0547188
466.4	-0.0547659
466.5	-0.0548145
466.6	-0.0548634
466.7	-0.0549134
466.8	-0.0549606
466.9	-0.0550066
467	-0.0550508
467.1	-0.0550959
467.2	-0.0551359
467.3	-0.0551739
467.4	-0.05521
467.5	-0.0552457
467.6	-0.0552777
467.7	-0.0553077
467.8	-0.0553345
467.9	-0.0553646
468	-0.0554006
468.1	-0.0554332
468.2	-0.0554638
468.3	-0.0554957
468.4	-0.0555358
468.5	-0.0555748
468.6	-0.0556125
468.7	-0.0556481
468.8	-0.055677
468.9	-0.0557008
469	-0.0557215
469.1	-0.0557426
469.2	-0.0557653
469.3	-0.055787
469.4	-0.0558066
469.5	-0.055823
469.6	-0.0558349
469.7	-0.0558459
469.8	-0.0558555
469.9	-0.0558623
470	-0.0558645
470.1	-0.0558585
470.2	-0.0558456
470.3	-0.0558327
470.4	-0.0558228
470.5	-0.0558172
470.6	-0.0558166
470.7	-0.0558212
470.8	-0.0558293
470.9	-0.0558402
471	-0.0558475
471.1	-0.0558532
471.2	-0.0558541
471.3	-0.0558514
471.4	-0.0558481
471.5	-0.0558398
471.6	-0.0558256
471.7	-0.0558128
471.8	-0.0558027
471.9	-0.0557902
472	-0.0557776
472.1	-0.055769
472.2	-0.0557665
472.3	-0.0557626
472.4	-0.0557578
472.5	-0.0557528
472.6	-0.055752
472.7	-0.0557549
472.8	-0.0557559
472.9	-0.0557519
473	-0.0557459
473.1	-0.0557385
473.2	-0.0557273
473.3	-0.0557117
473.4	-0.0556944
473.5	-0.0556741
473.6	-0.0556517
473.7	-0.0556283
473.8	-0.0556063
473.9	-0.0555866
474	-0.0555679
474.1	-0.0555543
474.2	-0.0555415
474.3	-0.0555315
474.4	-0.0555248
474.5	-0.0555257
474.6	-0.0555263
474.7	-0.055523
474.8	-0.0555224
474.9	-0.0555223
475	-0.0555271
475.1	-0.0555361
475.2	-0.0555459
475.3	-0.055557
475.4	-0.0555717
475.5	-0.0555902
475.6	-0.055608
475.7	-0.0556228
475.8	-0.0556341
475.9	-0.0556452
476	-0.0556572
476.1	-0.0556705
476.2	-0.0556801
476.3	-0.0556947
476.4	-0.0557112
476.5	-0.0557301
476.6	-0.0557514
476.7	-0.0557783
476.8	-0.0558053
476.9	-0.0558293
477	-0.0558519
477.1	-0.0558742
477.2	-0.0558953
477.3	-0.0559153
477.4	-0.055936
477.5	-0.0559592
477.6	-0.0559887
477.7	-0.0560224
477.8	-0.056054
477.9	-0.0560835
478	-0.0561189
478.1	-0.0561568
478.2	-0.056192
478.3	-0.0562213
478.4	-0.0562489
478.5	-0.056277
478.6	-0.0563104
478.7	-0.0563464
478.8	-0.0563829
478.9	-0.0564172
479	-0.0564518
479.1	-0.0564898
479.2	-0.0565254
479.3	-0.0565616
479.4	-0.0565968
479.5	-0.05663
479.6	-0.056662
479.7	-0.0566879
479.8	-0.0567123
479.9	-0.0567327
480	-0.056749
480.1	-0.0567623
480.2	-0.05677
480.3	-0.0567748
480.4	-0.0567797
480.5	-0.0567831
480.6	-0.0567895
480.7	-0.0567956
480.8	-0.0568035
480.9	-0.05681
481	-0.0568138
481.1	-0.0568125
481.2	-0.0568114
481.3	-0.0568091
481.4	-0.0568084
481.5	-0.0568077
481.6	-0.0568033
481.7	-0.0567924
481.8	-0.0567867
481.9	-0.0567805
482	-0.0567697
482.1	-0.0567561
482.2	-0.0567398
482.3	-0.0567182
482.4	-0.0566931
482.5	-0.0566665
482.6	-0.0566411
482.7	-0.0566182
482.8	-0.0565967
482.9	-0.056575
483	-0.0565541
483.1	-0.0565339
483.2	-0.0565164
483.3	-0.0565019
483.4	-0.0564938
483.5	-0.056489
483.6	-0.0564867
483.7	-0.0564867
483.8	-0.0564826
483.9	-0.0564741
484	-0.0564625
484.1	-0.0564453
484.2	-0.0564209
484.3	-0.0563943
484.4	-0.0563719
484.5	-0.0563477
484.6	-0.0563206
484.7	-0.0562885
484.8	-0.0562576
484.9	-0.0562323
485	-0.0562075
485.1	-0.0561823
485.2	-0.0561571
485.3	-0.0561355
485.4	-0.0561201
485.5	-0.0561073
485.6	-0.0560965
485.7	-0.0560873
485.8	-0.0560745
485.9	-0.0560593
486	-0.0560451
486.1	-0.0560322
486.2	-0.0560163
486.3	-0.0559972
486.4	-0.0559802
486.5	-0.0559688
486.6	-0.0559595
486.7	-0.055951
486.8	-0.0559412
486.9	-0.0559266
487	-0.0559147
487.1	-0.0559046
487.2	-0.0558972
487.3	-0.0558875
487.4	-0.0558752
487.5	-0.0558616
487.6	-0.0558392
487.7	-0.055817
487.8	-0.0557942
487.9	-0.0557753
488	-0.0557548
488.1	-0.0557331
488.2	-0.0557097
488.3	-0.0556862
488.4	-0.0556636
488.5	-0.05564
488.6	-0.0556134
488.7	-0.055586
488.8	-0.055557
488.9	-0.0555271
489	-0.0554952
489.1	-0.0554605
489.2	-0.0554248
489.3	-0.0553852
489.4	-0.0553416
489.5	-0.0552968
489.6	-0.0552499
489.7	-0.0552025
489.8	-0.055157
489.9	-0.0551064
490	-0.0550497
490.1	-0.0549869
490.2	-0.0549251
490.3	-0.0548649
490.4	-0.0548034
490.5	-0.0547458
490.6	-0.0546904
490.7	-0.0546403
490.8	-0.0545893
490.9	-0.0545383
491	-0.054493
491.1	-0.0544518
491.2	-0.0544146
491.3	-0.054381
491.4	-0.0543527
491.5	-0.0543272
491.6	-0.0543047
491.7	-0.0542857
491.8	-0.0542695
491.9	-0.054259
492	-0.0542567
492.1	-0.0542607
492.2	-0.0542706
492.3	-0.0542813
492.4	-0.0542863
492.5	-0.0542878
492.6	-0.0542893
492.7	-0.0542907
492.8	-0.0542917
492.9	-0.0542945
493	-0.0542997
493.1	-0.0543071
493.2	-0.0543098
493.3	-0.0543111
493.4	-0.0543104
493.5	-0.0543054
493.6	-0.0542951
493.7	-0.0542826
493.8	-0.0542715
493.9	-0.0542562
494	-0.0542324
494.1	-0.0542028
494.2	-0.0541668
494.3	-0.0541284
494.4	-0.054087
494.5	-0.0540411
494.6	-0.0539904
494.7	-0.0539411
494.8	-0.0538958
494.9	-0.053854
495	-0.0538155
495.1	-0.0537787
495.2	-0.0537427
495.3	-0.0537026
495.4	-0.0536518
495.5	-0.0535968
495.6	-0.0535382
495.7	-0.0534749
495.8	-0.0534034
495.9	-0.0533302
496	-0.0532574
496.1	-0.0531865
496.2	-0.0531205
496.3	-0.0530567
496.4	-0.0529939
496.5	-0.0529318
496.6	-0.0528742
496.7	-0.0528225
496.8	-0.0527745
496.9	-0.0527287
497	-0.0526873
497.1	-0.0526467
497.2	-0.0526066
497.3	-0.0525677
497.4	-0.0525331
497.5	-0.0525007
497.6	-0.0524705
497.7	-0.0524405
497.8	-0.0524109
497.9	-0.0523802
498	-0.0523518
498.1	-0.052323
498.2	-0.0522913
498.3	-0.0522589
498.4	-0.0522196
498.5	-0.052183
498.6	-0.052149
498.7	-0.0521181
498.8	-0.0520896
498.9	-0.0520581
499	-0.0520248
499.1	-0.0519909
499.2	-0.0519584
499.3	-0.0519261
499.4	-0.0518917
499.5	-0.0518537
499.6	-0.0518196
499.7	-0.0517857
499.8	-0.0517537
499.9	-0.0517211
500	-0.0516897
