LagTime	Correlation

0	0.667863
0.1	0.662841
0.2	0.655354
0.3	0.647324
0.4	0.639228
0.5	0.631186
0.6	0.623234
0.7	0.615379
0.8	0.607625
0.9	0.59997
1	0.59241
1.1	0.584944
1.2	0.577575
1.3	0.570299
1.4	0.563115
1.5	0.556021
1.6	0.549011
1.7	0.542087
1.8	0.535249
1.9	0.528492
2	0.521818
2.1	0.515227
2.2	0.508715
2.3	0.502287
2.4	0.495941
2.5	0.489684
2.6	0.48351
2.7	0.477417
2.8	0.471399
2.9	0.465456
3	0.459592
3.1	0.453799
3.2	0.448076
3.3	0.442424
3.4	0.436841
3.5	0.431321
3.6	0.425871
3.7	0.420493
3.8	0.415189
3.9	0.409952
4	0.404781
4.1	0.399673
4.2	0.394631
4.3	0.389656
4.4	0.384744
4.5	0.37989
4.6	0.375093
4.7	0.370354
4.8	0.365679
4.9	0.361065
5	0.356509
5.1	0.352009
5.2	0.347567
5.3	0.343184
5.4	0.338861
5.5	0.334599
5.6	0.330393
5.7	0.326243
5.8	0.322145
5.9	0.318099
6	0.314105
6.1	0.310161
6.2	0.306267
6.3	0.302427
6.4	0.298636
6.5	0.294894
6.6	0.291202
6.7	0.287563
6.8	0.283974
6.9	0.280435
7	0.276941
7.1	0.273494
7.2	0.270088
7.3	0.266722
7.4	0.263395
7.5	0.260113
7.6	0.256876
7.7	0.253681
7.8	0.250528
7.9	0.247412
8	0.24433
8.1	0.241285
8.2	0.238281
8.3	0.235309
8.4	0.232366
8.5	0.22946
8.6	0.226587
8.7	0.223747
8.8	0.22094
8.9	0.218172
9	0.215438
9.1	0.212741
9.2	0.210076
9.3	0.207443
9.4	0.204842
9.5	0.202275
9.6	0.199742
9.7	0.197246
9.8	0.19478
9.9	0.19235
10	0.189949
10.1	0.187578
10.2	0.185233
10.3	0.182916
10.4	0.180629
10.5	0.178371
10.6	0.176141
10.7	0.173942
10.8	0.171768
10.9	0.169619
11	0.167495
11.1	0.165393
11.2	0.163315
11.3	0.161264
11.4	0.159238
11.5	0.157239
11.6	0.155263
11.7	0.153311
11.8	0.151379
11.9	0.149473
12	0.147598
12.1	0.14575
12.2	0.143927
12.3	0.142124
12.4	0.140342
12.5	0.13858
12.6	0.13684
12.7	0.135118
12.8	0.133416
12.9	0.131732
13	0.130067
13.1	0.128419
13.2	0.126788
13.3	0.125174
13.4	0.123579
13.5	0.122005
13.6	0.120453
13.7	0.118927
13.8	0.117421
13.9	0.115934
14	0.11447
14.1	0.113024
14.2	0.111597
14.3	0.110193
14.4	0.108809
14.5	0.10744
14.6	0.106091
14.7	0.104759
14.8	0.103444
14.9	0.102144
15	0.100859
15.1	0.0995917
15.2	0.0983374
15.3	0.0970974
15.4	0.0958671
15.5	0.0946444
15.6	0.0934357
15.7	0.0922505
15.8	0.0910813
15.9	0.0899263
16	0.0887872
16.1	0.0876647
16.2	0.0865568
16.3	0.0854622
16.4	0.0843807
16.5	0.0833074
16.6	0.0822427
16.7	0.0811929
16.8	0.080161
16.9	0.0791493
17	0.0781569
17.1	0.0771798
17.2	0.0762107
17.3	0.0752471
17.4	0.0742932
17.5	0.0733529
17.6	0.0724212
17.7	0.0714981
17.8	0.0705855
17.9	0.0696805
18	0.068779
18.1	0.0678854
18.2	0.0670042
18.3	0.066133
18.4	0.0652733
18.5	0.0644217
18.6	0.0635765
18.7	0.0627459
18.8	0.0619315
18.9	0.0611269
19	0.0603314
19.1	0.0595457
19.2	0.0587648
19.3	0.0579938
19.4	0.0572306
19.5	0.0564757
19.6	0.0557318
19.7	0.0549959
19.8	0.0542693
19.9	0.05355
20	0.0528378
20.1	0.0521343
20.2	0.0514381
20.3	0.0507484
20.4	0.0500643
20.5	0.0493888
20.6	0.0487206
20.7	0.0480533
20.8	0.0473906
20.9	0.0467333
21	0.0460839
21.1	0.045444
21.2	0.044814
21.3	0.0441919
21.4	0.0435816
21.5	0.042979
21.6	0.0423863
21.7	0.0418028
21.8	0.0412242
21.9	0.0406504
22	0.0400843
22.1	0.0395218
22.2	0.0389669
22.3	0.0384155
22.4	0.0378659
22.5	0.0373237
22.6	0.036793
22.7	0.036269
22.8	0.0357538
22.9	0.0352448
23	0.0347399
23.1	0.0342391
23.2	0.0337405
23.3	0.0332471
23.4	0.032757
23.5	0.0322717
23.6	0.0317915
23.7	0.0313131
23.8	0.0308433
23.9	0.0303857
24	0.029936
24.1	0.0294918
24.2	0.0290527
24.3	0.0286213
24.4	0.0281973
24.5	0.0277785
24.6	0.0273655
24.7	0.0269591
24.8	0.0265585
24.9	0.0261664
25	0.0257796
25.1	0.0253961
25.2	0.02502
25.3	0.0246473
25.4	0.024284
25.5	0.0239256
25.6	0.0235714
25.7	0.0232233
25.8	0.0228814
25.9	0.0225443
26	0.0222079
26.1	0.0218746
26.2	0.0215419
26.3	0.0212131
26.4	0.0208917
26.5	0.0205749
26.6	0.0202607
26.7	0.0199524
26.8	0.0196518
26.9	0.019363
27	0.0190813
27.1	0.0188005
27.2	0.0185242
27.3	0.0182578
27.4	0.0179953
27.5	0.0177363
27.6	0.0174854
27.7	0.0172387
27.8	0.0170019
27.9	0.0167735
28	0.0165484
28.1	0.0163196
28.2	0.0160868
28.3	0.0158567
28.4	0.0156284
28.5	0.0154054
28.6	0.0151875
28.7	0.0149704
28.8	0.0147551
28.9	0.0145397
29	0.0143273
29.1	0.0141173
29.2	0.0139082
29.3	0.0137012
29.4	0.0134919
29.5	0.0132813
29.6	0.013074
29.7	0.0128715
29.8	0.0126681
29.9	0.0124674
30	0.0122695
30.1	0.0120728
30.2	0.0118799
30.3	0.0116953
30.4	0.0115168
30.5	0.0113433
30.6	0.0111726
30.7	0.0110044
30.8	0.0108365
30.9	0.0106723
31	0.0105101
31.1	0.0103561
31.2	0.0102051
31.3	0.0100496
31.4	0.00989621
31.5	0.00974317
31.6	0.00959171
31.7	0.00944421
31.8	0.00930226
31.9	0.00916368
32	0.00903032
32.1	0.00889462
32.2	0.00875772
32.3	0.00861887
32.4	0.00848238
32.5	0.00834351
32.6	0.0082053
32.7	0.00806743
32.8	0.00792831
32.9	0.00778622
33	0.00764474
33.1	0.00750346
33.2	0.00736654
33.3	0.00723352
33.4	0.00710067
33.5	0.00697071
33.6	0.00684306
33.7	0.00671237
33.8	0.00657886
33.9	0.00644659
34	0.00631567
34.1	0.00618317
34.2	0.00605021
34.3	0.00591368
34.4	0.00577542
34.5	0.00564011
34.6	0.00550738
34.7	0.00537712
34.8	0.00524883
34.9	0.00512107
35	0.00499568
35.1	0.0048736
35.2	0.00475639
35.3	0.00464178
35.4	0.00453145
35.5	0.00442198
35.6	0.00431164
35.7	0.00420299
35.8	0.00409885
35.9	0.00400094
36	0.00390412
36.1	0.00380978
36.2	0.0037147
36.3	0.00361299
36.4	0.003506
36.5	0.00339958
36.6	0.003299
36.7	0.00320289
36.8	0.00311188
36.9	0.00302628
37	0.0029475
37.1	0.00287537
37.2	0.00280133
37.3	0.00272855
37.4	0.00265265
37.5	0.00257444
37.6	0.00249968
37.7	0.00243218
37.8	0.00236936
37.9	0.00230782
38	0.00224875
38.1	0.00219359
38.2	0.0021369
38.3	0.002078
38.4	0.00201478
38.5	0.00194913
38.6	0.0018864
38.7	0.00182826
38.8	0.00177483
38.9	0.00171915
39	0.00166527
39.1	0.00161161
39.2	0.00156062
39.3	0.00151247
39.4	0.0014705
39.5	0.00143178
39.6	0.00139346
39.7	0.00135564
39.8	0.00131952
39.9	0.00128539
40	0.00124986
40.1	0.00121651
40.2	0.00117986
40.3	0.00114358
40.4	0.00110324
40.5	0.00106135
40.6	0.00102285
40.7	0.000986485
40.8	0.000955437
40.9	0.000924608
41	0.000897658
41.1	0.000869523
41.2	0.000841487
41.3	0.000809023
41.4	0.00077748
41.5	0.000749516
41.6	0.000721015
41.7	0.000689918
41.8	0.00065749
41.9	0.000621719
42	0.00058804
42.1	0.000552663
42.2	0.000519634
42.3	0.000491194
42.4	0.000463445
42.5	0.000436518
42.6	0.000412858
42.7	0.000390851
42.8	0.000369683
42.9	0.000354013
43	0.000345123
43.1	0.000334206
43.2	0.000317464
43.3	0.000293057
43.4	0.000261947
43.5	0.000224408
43.6	0.000182778
43.7	0.000135806
43.8	8.93813e-05
43.9	4.98023e-05
44	1.4391e-05
44.1	-1.83513e-05
44.2	-4.66087e-05
44.3	-7.12317e-05
44.4	-9.16316e-05
44.5	-0.000111959
44.6	-0.000134688
44.7	-0.000155944
44.8	-0.000174884
44.9	-0.000190767
45	-0.000207964
45.1	-0.000227725
45.2	-0.000245294
45.3	-0.000255066
45.4	-0.000264248
45.5	-0.000276627
45.6	-0.000291914
45.7	-0.000303493
45.8	-0.000313745
45.9	-0.000325117
46	-0.000332876
46.1	-0.000341599
46.2	-0.000350335
46.3	-0.000355863
46.4	-0.000355405
46.5	-0.000347189
46.6	-0.000332981
46.7	-0.000316643
46.8	-0.00030413
46.9	-0.000293194
47	-0.000281553
47.1	-0.000269842
47.2	-0.000259574
47.3	-0.000250075
47.4	-0.000241878
47.5	-0.00023624
47.6	-0.000232178
47.7	-0.000231284
47.8	-0.00023044
47.9	-0.000230117
48	-0.000235508
48.1	-0.000246683
48.2	-0.000259827
48.3	-0.000273671
48.4	-0.000287978
48.5	-0.000303771
48.6	-0.000318241
48.7	-0.000330759
48.8	-0.000337089
48.9	-0.000346303
49	-0.000351071
49.1	-0.000358407
49.2	-0.00036492
49.3	-0.00037212
49.4	-0.000372389
49.5	-0.000366872
49.6	-0.000363448
49.7	-0.000359249
49.8	-0.000356738
49.9	-0.000352606
50	-0.000350666
50.1	-0.000349542
50.2	-0.000346645
50.3	-0.000342807
50.4	-0.000337753
50.5	-0.000334595
50.6	-0.000330748
50.7	-0.000328444
50.8	-0.000329624
50.9	-0.000327084
51	-0.000321402
51.1	-0.000313789
51.2	-0.000305084
51.3	-0.000298372
51.4	-0.00029296
51.5	-0.0002855
51.6	-0.00027682
51.7	-0.000270077
51.8	-0.000272705
51.9	-0.000283227
52	-0.000295006
52.1	-0.00030482
52.2	-0.000311799
52.3	-0.00031649
52.4	-0.000319436
52.5	-0.000325481
52.6	-0.000333141
52.7	-0.000337059
52.8	-0.000336519
52.9	-0.000331542
53	-0.000321179
53.1	-0.000303451
53.2	-0.000282777
53.3	-0.000263736
53.4	-0.0002433
53.5	-0.000221614
53.6	-0.000198523
53.7	-0.000172775
53.8	-0.000146885
53.9	-0.000119499
54	-9.12616e-05
54.1	-6.08436e-05
54.2	-2.77407e-05
54.3	9.08596e-06
54.4	4.63684e-05
54.5	8.04034e-05
54.6	0.000117972
54.7	0.000154409
54.8	0.000187633
54.9	0.0002166
55	0.000242863
55.1	0.000262325
55.2	0.000277554
55.3	0.000284974
55.4	0.000291468
55.5	0.000298774
55.6	0.000307732
55.7	0.000313067
55.8	0.000313035
55.9	0.000308411
56	0.000296309
56.1	0.000279278
56.2	0.000261905
56.3	0.000237147
56.4	0.000203572
56.5	0.000167743
56.6	0.00013069
56.7	9.38474e-05
56.8	5.55479e-05
56.9	2.15185e-05
57	-1.14391e-05
57.1	-4.65136e-05
57.2	-8.13454e-05
57.3	-0.000109008
57.4	-0.00012505
57.5	-0.000139077
57.6	-0.000154824
57.7	-0.000174467
57.8	-0.000193842
57.9	-0.000215252
58	-0.000237345
58.1	-0.000256573
58.2	-0.000275876
58.3	-0.000293669
58.4	-0.000309671
58.5	-0.000325895
58.6	-0.000339262
58.7	-0.000350077
58.8	-0.000352792
58.9	-0.000353523
59	-0.000354119
59.1	-0.000358161
59.2	-0.00036627
59.3	-0.00037504
59.4	-0.000378886
59.5	-0.000382132
59.6	-0.000383708
59.7	-0.000382025
59.8	-0.000378779
59.9	-0.000376886
60	-0.000379781
60.1	-0.000383203
60.2	-0.000385256
60.3	-0.000387389
60.4	-0.0003913
60.5	-0.00039389
60.6	-0.000392855
60.7	-0.000387777
60.8	-0.000381134
60.9	-0.000370873
61	-0.000359636
61.1	-0.000349733
61.2	-0.000342049
61.3	-0.000334365
61.4	-0.000330103
61.5	-0.00033109
61.6	-0.000334719
61.7	-0.000340784
61.8	-0.000349559
61.9	-0.000359829
62	-0.000371212
62.1	-0.000382802
62.2	-0.000391536
62.3	-0.000395662
62.4	-0.000398635
62.5	-0.000399927
62.6	-0.000400689
62.7	-0.000405294
62.8	-0.000418404
62.9	-0.000434173
63	-0.000447029
63.1	-0.000460361
63.2	-0.000475205
63.3	-0.000490014
63.4	-0.000503878
63.5	-0.000521592
63.6	-0.000541861
63.7	-0.000562242
63.8	-0.000575674
63.9	-0.000581824
64	-0.000584239
64.1	-0.00058551
64.2	-0.000585321
64.3	-0.000580679
64.4	-0.000571249
64.5	-0.000555979
64.6	-0.000529601
64.7	-0.000492909
64.8	-0.000448239
64.9	-0.000399576
65	-0.000347836
65.1	-0.000293456
65.2	-0.000233626
65.3	-0.000176384
65.4	-0.000123685
65.5	-7.09906e-05
65.6	-2.06868e-05
65.7	2.35371e-05
65.8	6.46525e-05
65.9	0.000104128
66	0.000144306
66.1	0.000183216
66.2	0.000214397
66.3	0.000240181
66.4	0.000263342
66.5	0.000287721
66.6	0.000314363
66.7	0.000343035
66.8	0.000372306
66.9	0.0003976
67	0.000418495
67.1	0.000438884
67.2	0.000454988
67.3	0.000467659
67.4	0.000479844
67.5	0.000490533
67.6	0.000495637
67.7	0.000496995
67.8	0.000502168
67.9	0.000510066
68	0.000525037
68.1	0.000540383
68.2	0.000557934
68.3	0.000575514
68.4	0.000592899
68.5	0.000606823
68.6	0.000611184
68.7	0.000612968
68.8	0.000609947
68.9	0.000604659
69	0.000601997
69.1	0.000598923
69.2	0.000595198
69.3	0.000595077
69.4	0.000597892
69.5	0.000601627
69.6	0.000601815
69.7	0.000600089
69.8	0.000604071
69.9	0.000606375
70	0.000607631
70.1	0.000605191
70.2	0.000611176
70.3	0.000619964
70.4	0.00062961
70.5	0.000637707
70.6	0.000644453
70.7	0.000653331
70.8	0.000660556
70.9	0.000672557
71	0.000686114
71.1	0.00069678
71.2	0.000706493
71.3	0.000712786
71.4	0.000717542
71.5	0.00072746
71.6	0.000738559
71.7	0.000749612
71.8	0.00075915
71.9	0.000767473
72	0.000767658
72.1	0.000764254
72.2	0.00075655
72.3	0.000744016
72.4	0.000726966
72.5	0.000704255
72.6	0.000682421
72.7	0.000657025
72.8	0.000633082
72.9	0.000609599
73	0.000589584
73.1	0.000568374
73.2	0.000546704
73.3	0.000521958
73.4	0.00049533
73.5	0.000467497
73.6	0.000437397
73.7	0.000410062
73.8	0.000386657
73.9	0.000361125
74	0.000334319
74.1	0.000302522
74.2	0.000267699
74.3	0.00023036
74.4	0.000189955
74.5	0.000148008
74.6	0.000108266
74.7	7.14884e-05
74.8	3.22753e-05
74.9	-3.32229e-06
75	-3.97267e-05
75.1	-7.63951e-05
75.2	-0.000113616
75.3	-0.000149615
75.4	-0.000185633
75.5	-0.000219433
75.6	-0.000250486
75.7	-0.000280606
75.8	-0.000310969
75.9	-0.000339236
76	-0.000371012
76.1	-0.000403123
76.2	-0.000431788
76.3	-0.000460201
76.4	-0.0004907
76.5	-0.000522339
76.6	-0.0005549
76.7	-0.0005909
76.8	-0.000627594
76.9	-0.000663942
77	-0.000699333
77.1	-0.000734015
77.2	-0.00077154
77.3	-0.000809217
77.4	-0.000846669
77.5	-0.000887558
77.6	-0.000931136
77.7	-0.000979084
77.8	-0.00102527
77.9	-0.0010635
78	-0.0010961
78.1	-0.0011223
78.2	-0.00114739
78.3	-0.00117392
78.4	-0.00119823
78.5	-0.00122285
78.6	-0.00123858
78.7	-0.00124772
78.8	-0.00124982
78.9	-0.0012505
79	-0.00124665
79.1	-0.00123895
79.2	-0.00123
79.3	-0.001221
79.4	-0.00121423
79.5	-0.00120486
79.6	-0.00119602
79.7	-0.0011878
79.8	-0.00117249
79.9	-0.00115589
80	-0.00113963
80.1	-0.00112072
80.2	-0.00109556
80.3	-0.00106973
80.4	-0.0010406
80.5	-0.00100721
80.6	-0.000968701
80.7	-0.000929981
80.8	-0.000888925
80.9	-0.000847169
81	-0.000804626
81.1	-0.000763166
81.2	-0.000725698
81.3	-0.000695168
81.4	-0.000669019
81.5	-0.000644238
81.6	-0.000622159
81.7	-0.000599516
81.8	-0.000578303
81.9	-0.000554357
82	-0.000526422
82.1	-0.000497649
82.2	-0.000464342
82.3	-0.000429894
82.4	-0.000390739
82.5	-0.00035155
82.6	-0.000312778
82.7	-0.000272461
82.8	-0.000234349
82.9	-0.000197098
83	-0.000162233
83.1	-0.000133221
83.2	-0.000106626
83.3	-8.34018e-05
83.4	-5.9316e-05
83.5	-3.38687e-05
83.6	-1.06743e-05
83.7	1.19967e-05
83.8	4.01622e-05
83.9	7.15771e-05
84	0.000103722
84.1	0.000133623
84.2	0.000160466
84.3	0.000185638
84.4	0.000207965
84.5	0.000225019
84.6	0.00023602
84.7	0.000246
84.8	0.00025685
84.9	0.000261043
85	0.000264575
85.1	0.000271718
85.2	0.000277554
85.3	0.000285249
85.4	0.000295907
85.5	0.000309417
85.6	0.00031971
85.7	0.000325794
85.8	0.000323917
85.9	0.000316498
86	0.000309628
86.1	0.000305762
86.2	0.000300847
86.3	0.00030179
86.4	0.000309877
86.5	0.000321074
86.6	0.000335897
86.7	0.000355012
86.8	0.000373379
86.9	0.000389942
87	0.000402887
87.1	0.000416756
87.2	0.000432426
87.3	0.000447042
87.4	0.000464379
87.5	0.000478482
87.6	0.000485603
87.7	0.000495776
87.8	0.000509923
87.9	0.000529139
88	0.000550779
88.1	0.000577131
88.2	0.000601827
88.3	0.000628458
88.4	0.000652598
88.5	0.000675051
88.6	0.000699694
88.7	0.000726581
88.8	0.000756339
88.9	0.000785439
89	0.000818376
89.1	0.000848838
89.2	0.00088121
89.3	0.000917057
89.4	0.000955998
89.5	0.000995334
89.6	0.0010305
89.7	0.00106003
89.8	0.00108372
89.9	0.00110467
90	0.00112626
90.1	0.00114854
90.2	0.00116873
90.3	0.00118569
90.4	0.00119951
90.5	0.0012134
90.6	0.00122622
90.7	0.00123919
90.8	0.00124919
90.9	0.00126446
91	0.00128009
91.1	0.00129414
91.2	0.00130475
91.3	0.00131154
91.4	0.00131914
91.5	0.00132259
91.6	0.0013218
91.7	0.00131605
91.8	0.00131021
91.9	0.00129936
92	0.00128556
92.1	0.00127095
92.2	0.0012545
92.3	0.00123608
92.4	0.00122005
92.5	0.00120538
92.6	0.00119249
92.7	0.00117739
92.8	0.00116385
92.9	0.00115032
93	0.00113597
93.1	0.00112169
93.2	0.00111081
93.3	0.00110502
93.4	0.00110263
93.5	0.00110531
93.6	0.00111227
93.7	0.00112348
93.8	0.00113193
93.9	0.00114297
94	0.00115778
94.1	0.00117625
94.2	0.00119646
94.3	0.00121248
94.4	0.00122155
94.5	0.00122654
94.6	0.00123183
94.7	0.00123905
94.8	0.00125046
94.9	0.00126192
95	0.00127189
95.1	0.00127465
95.2	0.00127119
95.3	0.0012668
95.4	0.00126554
95.5	0.00126564
95.6	0.00127407
95.7	0.00128711
95.8	0.0012981
95.9	0.0013094
96	0.00131871
96.1	0.00132475
96.2	0.00133018
96.3	0.00133726
96.4	0.00134768
96.5	0.00136127
96.6	0.00137059
96.7	0.00138082
96.8	0.00139721
96.9	0.00141586
97	0.00143732
97.1	0.0014545
97.2	0.00147004
97.3	0.00148104
97.4	0.001487
97.5	0.00149079
97.6	0.00148886
97.7	0.00148586
97.8	0.0014803
97.9	0.00147347
98	0.00146053
98.1	0.00144331
98.2	0.00142588
98.3	0.00140529
98.4	0.00138353
98.5	0.00135985
98.6	0.00133262
98.7	0.00130967
98.8	0.00128707
98.9	0.00126225
99	0.00123294
99.1	0.00120038
99.2	0.00117535
99.3	0.00115267
99.4	0.00113066
99.5	0.0011109
99.6	0.00109365
99.7	0.00108034
99.8	0.00106827
99.9	0.00105754
100	0.00104592
100.1	0.00103678
100.2	0.00102544
100.3	0.00100912
100.4	0.000990855
100.5	0.000969556
100.6	0.000949055
100.7	0.000933917
100.8	0.00091898
100.9	0.000908492
101	0.000896917
101.1	0.000889611
101.2	0.000890572
101.3	0.000892263
101.4	0.000893821
101.5	0.000891539
101.6	0.000888592
101.7	0.000885413
101.8	0.000884163
101.9	0.000882869
102	0.000875695
102.1	0.000866438
102.2	0.000858893
102.3	0.000850468
102.4	0.000845353
102.5	0.000835921
102.6	0.000827
102.7	0.000817035
102.8	0.000805864
102.9	0.000789903
103	0.000769656
103.1	0.00074476
103.2	0.000713775
103.3	0.000676422
103.4	0.000638499
103.5	0.000600562
103.6	0.000562426
103.7	0.000522668
103.8	0.000481878
103.9	0.000436639
104	0.000384495
104.1	0.00033416
104.2	0.000289137
104.3	0.000252498
104.4	0.000222679
104.5	0.000195048
104.6	0.000166893
104.7	0.000141435
104.8	0.000115862
104.9	9.20699e-05
105	7.30139e-05
105.1	5.63707e-05
105.2	3.58919e-05
105.3	1.45246e-05
105.4	-5.42919e-06
105.5	-2.20923e-05
105.6	-3.40774e-05
105.7	-4.7124e-05
105.8	-5.81631e-05
105.9	-6.7906e-05
106	-7.7306e-05
106.1	-8.62363e-05
106.2	-9.78136e-05
106.3	-0.000111718
106.4	-0.00012794
106.5	-0.00014736
106.6	-0.000168496
106.7	-0.000189908
106.8	-0.000211783
106.9	-0.00023726
107	-0.000263351
107.1	-0.000285999
107.2	-0.000299615
107.3	-0.00031082
107.4	-0.000322355
107.5	-0.000333959
107.6	-0.000342246
107.7	-0.000348134
107.8	-0.000349844
107.9	-0.000353821
108	-0.000363335
108.1	-0.000376901
108.2	-0.00038927
108.3	-0.000403025
108.4	-0.000417916
108.5	-0.000434148
108.6	-0.000456059
108.7	-0.00047705
108.8	-0.000498941
108.9	-0.00052458
109	-0.000549254
109.1	-0.000570032
109.2	-0.000588093
109.3	-0.000600808
109.4	-0.000611199
109.5	-0.000616234
109.6	-0.000612566
109.7	-0.000601542
109.8	-0.000588057
109.9	-0.000573646
110	-0.000558442
110.1	-0.000540198
110.2	-0.000521815
110.3	-0.00050984
110.4	-0.000502103
110.5	-0.000492626
110.6	-0.000478107
110.7	-0.000464606
110.8	-0.000450062
110.9	-0.000436563
111	-0.000417695
111.1	-0.000398795
111.2	-0.000385737
111.3	-0.000377394
111.4	-0.000372786
111.5	-0.000369118
111.6	-0.000366038
111.7	-0.000361467
111.8	-0.000351984
111.9	-0.000343895
112	-0.000337652
112.1	-0.000328143
112.2	-0.000312769
112.3	-0.000294061
112.4	-0.000277004
112.5	-0.00026636
112.6	-0.000257568
112.7	-0.000248717
112.8	-0.000246832
112.9	-0.000250368
113	-0.000256336
113.1	-0.000265783
113.2	-0.00027478
113.3	-0.000284398
113.4	-0.000295566
113.5	-0.000305876
113.6	-0.00031448
113.7	-0.000328365
113.8	-0.000343195
113.9	-0.000360993
114	-0.000381464
114.1	-0.000402998
114.2	-0.000422431
114.3	-0.00043824
114.4	-0.000453221
114.5	-0.000466614
114.6	-0.000480098
114.7	-0.000490294
114.8	-0.000498648
114.9	-0.00050096
115	-0.000502448
115.1	-0.000501857
115.2	-0.000506015
115.3	-0.000510035
115.4	-0.000515403
115.5	-0.000522038
115.6	-0.000532315
115.7	-0.000539553
115.8	-0.000540258
115.9	-0.00053953
116	-0.000539939
116.1	-0.000541222
116.2	-0.00054219
116.3	-0.000543009
116.4	-0.000550729
116.5	-0.000561719
116.6	-0.0005715
116.7	-0.000578584
116.8	-0.000587929
116.9	-0.000596751
117	-0.000605529
117.1	-0.000617084
117.2	-0.000632633
117.3	-0.000651128
117.4	-0.000670008
117.5	-0.000690519
117.6	-0.000714808
117.7	-0.000739528
117.8	-0.000759711
117.9	-0.000777187
118	-0.000791142
118.1	-0.000800547
118.2	-0.000810679
118.3	-0.000825846
118.4	-0.000838454
118.5	-0.000849539
118.6	-0.000857229
118.7	-0.000863458
118.8	-0.000865448
118.9	-0.000868129
119	-0.000870799
119.1	-0.000873392
119.2	-0.000875365
119.3	-0.000874934
119.4	-0.000871432
119.5	-0.000862458
119.6	-0.000851557
119.7	-0.000841855
119.8	-0.000831813
119.9	-0.000820077
120	-0.000806655
120.1	-0.000792456
120.2	-0.000782075
120.3	-0.000772334
120.4	-0.000760918
120.5	-0.000752449
120.6	-0.000744268
120.7	-0.000733136
120.8	-0.000719669
120.9	-0.000697452
121	-0.000673678
121.1	-0.000648419
121.2	-0.000621396
121.3	-0.00059394
121.4	-0.000568498
121.5	-0.000541474
121.6	-0.000516054
121.7	-0.000490392
121.8	-0.000459087
121.9	-0.00042569
122	-0.00039501
122.1	-0.000371313
122.2	-0.000351039
122.3	-0.00033013
122.4	-0.000310014
122.5	-0.000292187
122.6	-0.000273406
122.7	-0.000253546
122.8	-0.000234245
122.9	-0.00021771
123	-0.000201362
123.1	-0.000189311
123.2	-0.000182954
123.3	-0.000176898
123.4	-0.000171681
123.5	-0.000174965
123.6	-0.000182044
123.7	-0.0001918
123.8	-0.000199213
123.9	-0.000208117
124	-0.000216231
124.1	-0.000225406
124.2	-0.000238171
124.3	-0.00025242
124.4	-0.000267123
124.5	-0.000284261
124.6	-0.000302286
124.7	-0.000319899
124.8	-0.000335639
124.9	-0.000350475
125	-0.000365759
125.1	-0.000383607
125.2	-0.000400751
125.3	-0.000416994
125.4	-0.000434286
125.5	-0.000454709
125.6	-0.000477723
125.7	-0.00050079
125.8	-0.000520212
125.9	-0.000536256
126	-0.000555861
126.1	-0.000577314
126.2	-0.000603931
126.3	-0.00063134
126.4	-0.000658619
126.5	-0.000684287
126.6	-0.000704195
126.7	-0.00072172
126.8	-0.000742344
126.9	-0.000762981
127	-0.000782027
127.1	-0.00080292
127.2	-0.00082336
127.3	-0.00083933
127.4	-0.000853511
127.5	-0.000866304
127.6	-0.000876895
127.7	-0.000882476
127.8	-0.000885469
127.9	-0.000888653
128	-0.000893852
128.1	-0.000898605
128.2	-0.000902675
128.3	-0.000903137
128.4	-0.000901359
128.5	-0.000899514
128.6	-0.000900324
128.7	-0.000895949
128.8	-0.000886749
128.9	-0.000878287
129	-0.00087751
129.1	-0.000874108
129.2	-0.000871892
129.3	-0.000863248
129.4	-0.000855157
129.5	-0.000851232
129.6	-0.000845801
129.7	-0.000839871
129.8	-0.00083082
129.9	-0.000820723
130	-0.000807905
130.1	-0.000792243
130.2	-0.000778291
130.3	-0.000764358
130.4	-0.000751946
130.5	-0.000742065
130.6	-0.000740363
130.7	-0.000741698
130.8	-0.000741619
130.9	-0.000742913
131	-0.000746569
131.1	-0.000751185
131.2	-0.000759466
131.3	-0.000762192
131.4	-0.000763739
131.5	-0.00076515
131.6	-0.000767686
131.7	-0.00076687
131.8	-0.000765355
131.9	-0.000763414
132	-0.000759558
132.1	-0.000758103
132.2	-0.000759913
132.3	-0.000764249
132.4	-0.000776936
132.5	-0.00079099
132.6	-0.000805263
132.7	-0.000815603
132.8	-0.000829782
132.9	-0.000847484
133	-0.000862287
133.1	-0.000880705
133.2	-0.000904568
133.3	-0.000928685
133.4	-0.000950501
133.5	-0.000966171
133.6	-0.000977566
133.7	-0.000987864
133.8	-0.000999719
133.9	-0.00101562
134	-0.00103636
134.1	-0.00106032
134.2	-0.00108367
134.3	-0.00110548
134.4	-0.00112455
134.5	-0.00113818
134.6	-0.00114504
134.7	-0.00114886
134.8	-0.00114242
134.9	-0.00113531
135	-0.00112619
135.1	-0.00111962
135.2	-0.00111658
135.3	-0.00111531
135.4	-0.00111698
135.5	-0.00112034
135.6	-0.00111995
135.7	-0.00111135
135.8	-0.00110283
135.9	-0.00109857
136	-0.00109681
136.1	-0.00109765
136.2	-0.00110413
136.3	-0.00112019
136.4	-0.00114352
136.5	-0.00116552
136.6	-0.00118717
136.7	-0.00120511
136.8	-0.00122461
136.9	-0.00124625
137	-0.00126854
137.1	-0.00129256
137.2	-0.00131557
137.3	-0.00133172
137.4	-0.00134609
137.5	-0.00135861
137.6	-0.00137003
137.7	-0.00137693
137.8	-0.00138271
137.9	-0.00138594
138	-0.00139186
138.1	-0.00140157
138.2	-0.00141737
138.3	-0.00143209
138.4	-0.00144666
138.5	-0.00146127
138.6	-0.00147161
138.7	-0.00147862
138.8	-0.00148603
138.9	-0.0014957
139	-0.00150421
139.1	-0.00151274
139.2	-0.00152366
139.3	-0.00153775
139.4	-0.00155268
139.5	-0.00156484
139.6	-0.00157766
139.7	-0.00158534
139.8	-0.00159012
139.9	-0.00159011
140	-0.00158725
140.1	-0.00158494
140.2	-0.00157967
140.3	-0.00156878
140.4	-0.00155487
140.5	-0.00154008
140.6	-0.00152185
140.7	-0.00150277
140.8	-0.00148419
140.9	-0.00146684
141	-0.00144893
141.1	-0.00142903
141.2	-0.00140438
141.3	-0.00137563
141.4	-0.00135078
141.5	-0.00132978
141.6	-0.00131238
141.7	-0.00129346
141.8	-0.00127396
141.9	-0.00125507
142	-0.00123712
142.1	-0.00122048
142.2	-0.00120588
142.3	-0.0011971
142.4	-0.00118988
142.5	-0.00118262
142.6	-0.00116894
142.7	-0.00115511
142.8	-0.00113755
142.9	-0.00111378
143	-0.0010882
143.1	-0.00106663
143.2	-0.00104808
143.3	-0.00102897
143.4	-0.0010142
143.5	-0.000996364
143.6	-0.000977413
143.7	-0.000959067
143.8	-0.000939087
143.9	-0.000922989
144	-0.000907018
144.1	-0.000892343
144.2	-0.000879097
144.3	-0.000865966
144.4	-0.000851891
144.5	-0.000838555
144.6	-0.000823074
144.7	-0.00080723
144.8	-0.000792463
144.9	-0.000779277
145	-0.000764838
145.1	-0.000752888
145.2	-0.000737345
145.3	-0.000720294
145.4	-0.000701512
145.5	-0.000679893
145.6	-0.000657171
145.7	-0.000637523
145.8	-0.000619933
145.9	-0.000596926
146	-0.000570896
146.1	-0.000539022
146.2	-0.000503865
146.3	-0.000464096
146.4	-0.00041975
146.5	-0.00036852
146.6	-0.000312556
146.7	-0.000252321
146.8	-0.000190078
146.9	-0.000126601
147	-5.60995e-05
147.1	1.70809e-05
147.2	9.01255e-05
147.3	0.000158769
147.4	0.000223712
147.5	0.000288991
147.6	0.00035121
147.7	0.000412239
147.8	0.000475567
147.9	0.000540728
148	0.000603808
148.1	0.000662755
148.2	0.000717269
148.3	0.000774854
148.4	0.000835248
148.5	0.000894293
148.6	0.000947513
148.7	0.000993299
148.8	0.00103568
148.9	0.00108006
149	0.00112586
149.1	0.00117459
149.2	0.00122756
149.3	0.00128193
149.4	0.00133381
149.5	0.00137727
149.6	0.00141191
149.7	0.00144065
149.8	0.00146119
149.9	0.00147627
150	0.00149136
150.1	0.0015026
150.2	0.0015114
150.3	0.00152019
150.4	0.00153278
150.5	0.00155208
150.6	0.00156753
150.7	0.00157692
150.8	0.00158219
150.9	0.00158404
151	0.0015817
151.1	0.00157072
151.2	0.00155404
151.3	0.00153488
151.4	0.00150992
151.5	0.00148265
151.6	0.00145979
151.7	0.0014379
151.8	0.00141618
151.9	0.00140547
152	0.00139834
152.1	0.00139221
152.2	0.00138641
152.3	0.00138312
152.4	0.00137935
152.5	0.00137118
152.6	0.00136282
152.7	0.00135527
152.8	0.00134139
152.9	0.00132381
153	0.00130355
153.1	0.00128309
153.2	0.00126465
153.3	0.00124283
153.4	0.00121206
153.5	0.001172
153.6	0.00113316
153.7	0.00109867
153.8	0.00106596
153.9	0.00103555
154	0.00100759
154.1	0.000980719
154.2	0.000958548
154.3	0.00093891
154.4	0.000923173
154.5	0.0009081
154.6	0.000896009
154.7	0.000884343
154.8	0.000873342
154.9	0.000863152
155	0.000859437
155.1	0.000859474
155.2	0.000861117
155.3	0.000867786
155.4	0.000874057
155.5	0.000880412
155.6	0.000886476
155.7	0.000889522
155.8	0.000887147
155.9	0.000881896
156	0.00088542
156.1	0.000886896
156.2	0.000891248
156.3	0.000899251
156.4	0.000906793
156.5	0.00091209
156.6	0.000916404
156.7	0.000918743
156.8	0.000917911
156.9	0.000908843
157	0.000898802
157.1	0.000887208
157.2	0.000878155
157.3	0.000873002
157.4	0.000872947
157.5	0.000877418
157.6	0.00088055
157.7	0.000883085
157.8	0.000886657
157.9	0.000892347
158	0.000894897
158.1	0.000900339
158.2	0.000907167
158.3	0.000914275
158.4	0.000924875
158.5	0.000936969
158.6	0.000952407
158.7	0.00096778
158.8	0.000978382
158.9	0.000986033
159	0.00099178
159.1	0.000999478
159.2	0.00100394
159.3	0.00100679
159.4	0.00101111
159.5	0.00101347
159.6	0.00101841
159.7	0.00102542
159.8	0.00103529
159.9	0.00104089
160	0.00104659
160.1	0.00105611
160.2	0.00106876
160.3	0.00108131
160.4	0.00108937
160.5	0.00109256
160.6	0.00109524
160.7	0.00109618
160.8	0.00109992
160.9	0.00110698
161	0.00111644
161.1	0.00112381
161.2	0.0011295
161.3	0.00112843
161.4	0.00112402
161.5	0.00112231
161.6	0.00112613
161.7	0.0011241
161.8	0.00111897
161.9	0.0011126
162	0.0011082
162.1	0.00110265
162.2	0.00109553
162.3	0.00108802
162.4	0.00108332
162.5	0.00108371
162.6	0.00108593
162.7	0.00109594
162.8	0.00110959
162.9	0.00112712
163	0.00114247
163.1	0.00115473
163.2	0.00116822
163.3	0.00118527
163.4	0.00120957
163.5	0.00123755
163.6	0.0012668
163.7	0.00129929
163.8	0.00133167
163.9	0.00136383
164	0.00139365
164.1	0.00142354
164.2	0.00145674
164.3	0.00148553
164.4	0.00150999
164.5	0.00152824
164.6	0.00154088
164.7	0.00155256
164.8	0.00156391
164.9	0.00156933
165	0.00157283
165.1	0.00157515
165.2	0.00157746
165.3	0.00157986
165.4	0.00158063
165.5	0.00158135
165.6	0.00158532
165.7	0.00159043
165.8	0.00160117
165.9	0.00161244
166	0.00162072
166.1	0.00162768
166.2	0.00163591
166.3	0.00165076
166.4	0.00166841
166.5	0.00168671
166.6	0.00170451
166.7	0.00172338
166.8	0.00174124
166.9	0.00176142
167	0.00178092
167.1	0.00179958
167.2	0.00181676
167.3	0.00183374
167.4	0.00184872
167.5	0.00186226
167.6	0.00187892
167.7	0.00189961
167.8	0.00191521
167.9	0.00192772
168	0.00194191
168.1	0.00195921
168.2	0.00197748
168.3	0.00199944
168.4	0.0020235
168.5	0.00204873
168.6	0.00207441
168.7	0.00210156
168.8	0.00213357
168.9	0.00216993
169	0.00220588
169.1	0.00224258
169.2	0.00228105
169.3	0.00231549
169.4	0.00234557
169.5	0.00237417
169.6	0.00240444
169.7	0.00243423
169.8	0.00246174
169.9	0.00248923
170	0.00251494
170.1	0.00253967
170.2	0.00256452
170.3	0.00259145
170.4	0.00261969
170.5	0.00264696
170.6	0.00267006
170.7	0.00269098
170.8	0.002713
170.9	0.00273855
171	0.00276424
171.1	0.00278595
171.2	0.00280559
171.3	0.00282382
171.4	0.002839
171.5	0.00285043
171.6	0.00285675
171.7	0.00285734
171.8	0.0028568
171.9	0.00285655
172	0.00285303
172.1	0.00285166
172.2	0.00285273
172.3	0.00285733
172.4	0.00286341
172.5	0.00287349
172.6	0.00288934
172.7	0.00290809
172.8	0.00293007
172.9	0.00295593
173	0.00297788
173.1	0.00299522
173.2	0.00300665
173.3	0.00301383
173.4	0.00302147
173.5	0.00302846
173.6	0.00303373
173.7	0.00303783
173.8	0.00304131
173.9	0.00304237
174	0.00304082
174.1	0.00303605
174.2	0.00303059
174.3	0.00302896
174.4	0.00302873
174.5	0.00303157
174.6	0.00303679
174.7	0.0030395
174.8	0.00304551
174.9	0.00305404
175	0.00306424
175.1	0.0030747
175.2	0.00308151
175.3	0.00308957
175.4	0.00309864
175.5	0.00310551
175.6	0.00310668
175.7	0.00310456
175.8	0.00310126
175.9	0.00310152
176	0.00310407
176.1	0.00311045
176.2	0.00311887
176.3	0.00312825
176.4	0.00313845
176.5	0.00314895
176.6	0.00315927
176.7	0.00316829
176.8	0.00317651
176.9	0.00318723
177	0.00320183
177.1	0.00321871
177.2	0.00323525
177.3	0.00324824
177.4	0.00325266
177.5	0.00325274
177.6	0.00325631
177.7	0.00325922
177.8	0.00326149
177.9	0.00326222
178	0.00325785
178.1	0.00325604
178.2	0.00325582
178.3	0.00325329
178.4	0.0032491
178.5	0.00324194
178.6	0.00323263
178.7	0.00322619
178.8	0.00322264
178.9	0.00322484
179	0.0032271
179.1	0.00323083
179.2	0.00323567
179.3	0.00324023
179.4	0.00324439
179.5	0.00324878
179.6	0.00325135
179.7	0.00325524
179.8	0.00325798
179.9	0.00325825
180	0.00325703
180.1	0.00326046
180.2	0.00326418
180.3	0.00326771
180.4	0.00327634
180.5	0.00329009
180.6	0.00330774
180.7	0.00332889
180.8	0.00335248
180.9	0.00337925
181	0.00340613
181.1	0.00343379
181.2	0.00345977
181.3	0.00347781
181.4	0.00349297
181.5	0.00350818
181.6	0.00352934
181.7	0.00355154
181.8	0.00357544
181.9	0.00360019
182	0.00362993
182.1	0.00366376
182.2	0.00370539
182.3	0.00375041
182.4	0.00379658
182.5	0.00384092
182.6	0.00389195
182.7	0.00394223
182.8	0.00398786
182.9	0.00403209
183	0.00407414
183.1	0.00410785
183.2	0.00414481
183.3	0.00417902
183.4	0.00421165
183.5	0.00423926
183.6	0.00426562
183.7	0.00429337
183.8	0.00432281
183.9	0.0043531
184	0.00438177
184.1	0.00441128
184.2	0.00443813
184.3	0.00446527
184.4	0.0044898
184.5	0.00450984
184.6	0.00452606
184.7	0.0045415
184.8	0.0045543
184.9	0.00456577
185	0.00457743
185.1	0.00459211
185.2	0.0046069
185.3	0.00462223
185.4	0.00463155
185.5	0.00463869
185.6	0.00464649
185.7	0.00465436
185.8	0.00466587
185.9	0.00468394
186	0.00470237
186.1	0.00471807
186.2	0.00472464
186.3	0.00472794
186.4	0.00472861
186.5	0.00472748
186.6	0.00472913
186.7	0.00472888
186.8	0.00472819
186.9	0.00472622
187	0.00472054
187.1	0.00470943
187.2	0.00469379
187.3	0.00467319
187.4	0.0046545
187.5	0.00463939
187.6	0.00462269
187.7	0.00460306
187.8	0.0045848
187.9	0.00456395
188	0.0045375
188.1	0.00450462
188.2	0.00446498
188.3	0.00442095
188.4	0.00437462
188.5	0.00432649
188.6	0.00427279
188.7	0.00421353
188.8	0.00415406
188.9	0.00409907
189	0.00404896
189.1	0.00400058
189.2	0.00395313
189.3	0.00390109
189.4	0.00384692
189.5	0.00378885
189.6	0.00372695
189.7	0.00366058
189.8	0.00359061
189.9	0.00352255
190	0.00346194
190.1	0.00341079
190.2	0.00336173
190.3	0.00331101
190.4	0.00325187
190.5	0.00318241
190.6	0.00310473
190.7	0.00302121
190.8	0.00293196
190.9	0.00284251
191	0.00275446
191.1	0.00267216
191.2	0.0025941
191.3	0.00251586
191.4	0.00243776
191.5	0.00236099
191.6	0.00228631
191.7	0.00221339
191.8	0.0021409
191.9	0.00207274
192	0.00200369
192.1	0.00193537
192.2	0.00186999
192.3	0.00181107
192.4	0.00175081
192.5	0.00168947
192.6	0.00162464
192.7	0.00155978
192.8	0.00148815
192.9	0.00141277
193	0.00133584
193.1	0.00125764
193.2	0.00118293
193.3	0.00111175
193.4	0.00104335
193.5	0.000969949
193.6	0.000898247
193.7	0.000829454
193.8	0.000760494
193.9	0.000692444
194	0.000628032
194.1	0.000562902
194.2	0.000498446
194.3	0.000433245
194.4	0.000362237
194.5	0.000290091
194.6	0.000221377
194.7	0.000155569
194.8	9.09301e-05
194.9	3.0655e-05
195	-2.72756e-05
195.1	-8.37448e-05
195.2	-0.00013772
195.3	-0.000190737
195.4	-0.00024264
195.5	-0.000297145
195.6	-0.0003556
195.7	-0.000418478
195.8	-0.000479127
195.9	-0.000542041
196	-0.000602471
196.1	-0.00065759
196.2	-0.000709883
196.3	-0.000762658
196.4	-0.000812801
196.5	-0.000859624
196.6	-0.000902717
196.7	-0.000943709
196.8	-0.000979272
196.9	-0.00101512
197	-0.00104925
197.1	-0.00107662
197.2	-0.00109771
197.3	-0.00111736
197.4	-0.00113554
197.5	-0.00115747
197.6	-0.00118087
197.7	-0.00120185
197.8	-0.00122179
197.9	-0.00123586
198	-0.0012501
198.1	-0.00126765
198.2	-0.00128678
198.3	-0.00130543
198.4	-0.00132757
198.5	-0.00134669
198.6	-0.00136385
198.7	-0.00138591
198.8	-0.00141101
198.9	-0.00143379
199	-0.00145554
199.1	-0.00147274
199.2	-0.00148982
199.3	-0.00150516
199.4	-0.00152251
199.5	-0.00154183
199.6	-0.00156698
199.7	-0.00159496
199.8	-0.00162473
199.9	-0.00165508
200	-0.00167983
200.1	-0.00170147
200.2	-0.00172499
200.3	-0.0017524
200.4	-0.00177905
200.5	-0.00180547
200.6	-0.00183021
200.7	-0.00185636
200.8	-0.00188151
200.9	-0.00190777
201	-0.00193271
201.1	-0.00196058
201.2	-0.0019888
201.3	-0.00201815
201.4	-0.0020456
201.5	-0.00207462
201.6	-0.00210096
201.7	-0.00212615
201.8	-0.00214915
201.9	-0.00216922
202	-0.00219104
202.1	-0.00221759
202.2	-0.00224547
202.3	-0.00227629
202.4	-0.00230769
202.5	-0.00234088
202.6	-0.00237126
202.7	-0.0024012
202.8	-0.00243155
202.9	-0.00245692
203	-0.00247938
203.1	-0.00249808
203.2	-0.00251548
203.3	-0.00253277
203.4	-0.00255587
203.5	-0.00258027
203.6	-0.00260607
203.7	-0.0026294
203.8	-0.00264958
203.9	-0.00266781
204	-0.00268357
204.1	-0.00269668
204.2	-0.00270782
204.3	-0.00271538
204.4	-0.00271875
204.5	-0.0027205
204.6	-0.00272392
204.7	-0.00272697
204.8	-0.00272695
204.9	-0.00272226
205	-0.00271306
205.1	-0.002701
205.2	-0.00268467
205.3	-0.00266467
205.4	-0.0026432
205.5	-0.0026293
205.6	-0.00262025
205.7	-0.00261431
205.8	-0.002609
205.9	-0.00260314
206	-0.00259493
206.1	-0.00258638
206.2	-0.00257934
206.3	-0.00257701
206.4	-0.00257907
206.5	-0.00257797
206.6	-0.00257107
206.7	-0.00255975
206.8	-0.00254725
206.9	-0.00253309
207	-0.00251985
207.1	-0.00251105
207.2	-0.00250573
207.3	-0.00250391
207.4	-0.00250166
207.5	-0.00249595
207.6	-0.00249213
207.7	-0.00248994
207.8	-0.00249375
207.9	-0.00249913
208	-0.00251009
208.1	-0.00252248
208.2	-0.00253532
208.3	-0.00254811
208.4	-0.00256219
208.5	-0.00257734
208.6	-0.00258795
208.7	-0.00258874
208.8	-0.00258285
208.9	-0.00257315
209	-0.00256104
209.1	-0.00254915
209.2	-0.00253657
209.3	-0.00252172
209.4	-0.00250947
209.5	-0.00249498
209.6	-0.00247772
209.7	-0.00246183
209.8	-0.00244795
209.9	-0.00243487
210	-0.00242098
210.1	-0.00240662
210.2	-0.00238796
210.3	-0.00236424
210.4	-0.00234166
210.5	-0.00232214
210.6	-0.002304
210.7	-0.00228602
210.8	-0.00227047
210.9	-0.00225821
211	-0.00225044
211.1	-0.00224399
211.2	-0.00224088
211.3	-0.00223687
211.4	-0.0022302
211.5	-0.00222078
211.6	-0.00220574
211.7	-0.00219012
211.8	-0.00217668
211.9	-0.00216361
212	-0.0021471
212.1	-0.00212355
212.2	-0.00209267
212.3	-0.00205769
212.4	-0.00202176
212.5	-0.00199261
212.6	-0.0019697
212.7	-0.00194699
212.8	-0.00191921
212.9	-0.00188956
213	-0.00186019
213.1	-0.0018268
213.2	-0.0017909
213.3	-0.00175802
213.4	-0.00172148
213.5	-0.00168692
213.6	-0.00165533
213.7	-0.00162803
213.8	-0.00160151
213.9	-0.00157353
214	-0.00154471
214.1	-0.00151332
214.2	-0.00148124
214.3	-0.00144649
214.4	-0.00140514
214.5	-0.00136272
214.6	-0.0013183
214.7	-0.00127331
214.8	-0.00122443
214.9	-0.00117102
215	-0.00111631
215.1	-0.00106455
215.2	-0.00101356
215.3	-0.000969915
215.4	-0.000930503
215.5	-0.000893608
215.6	-0.000857872
215.7	-0.00082392
215.8	-0.00078552
215.9	-0.000747119
216	-0.000710503
216.1	-0.000677119
216.2	-0.000650852
216.3	-0.00062815
216.4	-0.000605901
216.5	-0.000586251
216.6	-0.000570248
216.7	-0.00055464
216.8	-0.000537634
216.9	-0.000520343
217	-0.000500486
217.1	-0.000474544
217.2	-0.000438981
217.3	-0.000398371
217.4	-0.000358137
217.5	-0.000314881
217.6	-0.000268649
217.7	-0.000220239
217.8	-0.000174213
217.9	-0.000133097
218	-9.84191e-05
218.1	-6.51856e-05
218.2	-3.14149e-05
218.3	1.47373e-06
218.4	3.58787e-05
218.5	7.34173e-05
218.6	0.00011191
218.7	0.000152156
218.8	0.000192057
218.9	0.000231461
219	0.000263627
219.1	0.000289226
219.2	0.000310972
219.3	0.000329293
219.4	0.000345504
219.5	0.000362318
219.6	0.000379595
219.7	0.000400243
219.8	0.000421706
219.9	0.00044862
220	0.000481397
220.1	0.000518088
220.2	0.000555707
220.3	0.000589504
220.4	0.000619394
220.5	0.000644146
220.6	0.0006619
220.7	0.000672764
220.8	0.000680753
220.9	0.000686739
221	0.000691755
221.1	0.000694981
221.2	0.000693542
221.3	0.000693195
221.4	0.000696104
221.5	0.000699267
221.6	0.000703255
221.7	0.000703209
221.8	0.000699353
221.9	0.000697855
222	0.000695868
222.1	0.000692257
222.2	0.000690176
222.3	0.00068785
222.4	0.000688132
222.5	0.000687819
222.6	0.000687082
222.7	0.000688531
222.8	0.000690467
222.9	0.000690499
223	0.000695693
223.1	0.000705953
223.2	0.000715335
223.3	0.000724471
223.4	0.000731627
223.5	0.000737863
223.6	0.000746342
223.7	0.000753256
223.8	0.000763995
223.9	0.000773247
224	0.000782587
224.1	0.000796368
224.2	0.00081225
224.3	0.000829555
224.4	0.000848912
224.5	0.000871069
224.6	0.000896893
224.7	0.000922305
224.8	0.000947714
224.9	0.000973274
225	0.000999763
225.1	0.00102358
225.2	0.00104699
225.3	0.00106765
225.4	0.00108547
225.5	0.00110409
225.6	0.0011219
225.7	0.00113954
225.8	0.00116021
225.9	0.00118424
226	0.00120879
226.1	0.00122898
226.2	0.00124579
226.3	0.00125952
226.4	0.00127464
226.5	0.00129179
226.6	0.00130568
226.7	0.00132061
226.8	0.00133347
226.9	0.00134696
227	0.00136027
227.1	0.00137355
227.2	0.0013888
227.3	0.00140877
227.4	0.00143398
227.5	0.00145836
227.6	0.00148087
227.7	0.00149882
227.8	0.00151546
227.9	0.00153384
228	0.00155082
228.1	0.00156564
228.2	0.00157721
228.3	0.00158319
228.4	0.0015818
228.5	0.00157689
228.6	0.00157115
228.7	0.00156563
228.8	0.00156483
228.9	0.00156469
229	0.00156495
229.1	0.00156383
229.2	0.00155633
229.3	0.00154723
229.4	0.00154187
229.5	0.00154021
229.6	0.00154103
229.7	0.00153981
229.8	0.00153658
229.9	0.00153619
230	0.00153609
230.1	0.00153844
230.2	0.00154042
230.3	0.00154048
230.4	0.00153781
230.5	0.00153087
230.6	0.00152299
230.7	0.00151344
230.8	0.00150664
230.9	0.00149578
231	0.00148159
231.1	0.00146246
231.2	0.00144236
231.3	0.00141951
231.4	0.0013994
231.5	0.00138125
231.6	0.00136143
231.7	0.00134003
231.8	0.00132142
231.9	0.00130572
232	0.00129299
232.1	0.00128575
232.2	0.00127667
232.3	0.00126924
232.4	0.00126451
232.5	0.00125619
232.6	0.00125034
232.7	0.00124481
232.8	0.00123776
232.9	0.00122704
233	0.00121266
233.1	0.00119078
233.2	0.00116769
233.3	0.0011466
233.4	0.00112984
233.5	0.00110745
233.6	0.00108038
233.7	0.00104809
233.8	0.00100931
233.9	0.000971499
234	0.000935205
234.1	0.000893802
234.2	0.000846466
234.3	0.000800249
234.4	0.000753649
234.5	0.000703057
234.6	0.000646521
234.7	0.000588712
234.8	0.000526875
234.9	0.000463521
235	0.000403723
235.1	0.000348142
235.2	0.000294165
235.3	0.000242283
235.4	0.000189035
235.5	0.000139188
235.6	9.37957e-05
235.7	5.24242e-05
235.8	1.10853e-05
235.9	-3.0942e-05
236	-7.32512e-05
236.1	-0.000115512
236.2	-0.000154176
236.3	-0.000193896
236.4	-0.000234118
236.5	-0.00027594
236.6	-0.000314253
236.7	-0.000350405
236.8	-0.000383505
236.9	-0.00041514
237	-0.000446037
237.1	-0.000480126
237.2	-0.000520552
237.3	-0.00056816
237.4	-0.000624356
237.5	-0.000677996
237.6	-0.000732609
237.7	-0.000787663
237.8	-0.000844184
237.9	-0.000905708
238	-0.000970857
238.1	-0.00102891
238.2	-0.00108304
238.3	-0.00113091
238.4	-0.00117605
238.5	-0.00122383
238.6	-0.00127546
238.7	-0.00132794
238.8	-0.00137724
238.9	-0.00142449
239	-0.00147016
239.1	-0.0015125
239.2	-0.00155006
239.3	-0.00158252
239.4	-0.00161281
239.5	-0.00163823
239.6	-0.00166195
239.7	-0.00168443
239.8	-0.00170779
239.9	-0.00173044
240	-0.00175003
240.1	-0.00177176
240.2	-0.0017956
240.3	-0.00182097
240.4	-0.00185029
240.5	-0.00187725
240.6	-0.00190104
240.7	-0.00192411
240.8	-0.00194507
240.9	-0.00196844
241	-0.00198587
241.1	-0.00199661
241.2	-0.00200584
241.3	-0.00201563
241.4	-0.00202392
241.5	-0.00203447
241.6	-0.00204954
241.7	-0.00206305
241.8	-0.00207516
241.9	-0.002089
242	-0.00210472
242.1	-0.00211971
242.2	-0.00213719
242.3	-0.00215665
242.4	-0.00217292
242.5	-0.00218436
242.6	-0.0021933
242.7	-0.00220003
242.8	-0.00220451
242.9	-0.00220507
243	-0.0022013
243.1	-0.00219456
243.2	-0.00218543
243.3	-0.00217146
243.4	-0.00214828
243.5	-0.00211609
243.6	-0.00208218
243.7	-0.00205384
243.8	-0.00202955
243.9	-0.00200589
244	-0.00198718
244.1	-0.00197358
244.2	-0.00196074
244.3	-0.00194395
244.4	-0.00192103
244.5	-0.00189238
244.6	-0.00186549
244.7	-0.00183919
244.8	-0.00180771
244.9	-0.00177751
245	-0.00174999
245.1	-0.00172408
245.2	-0.00169771
245.3	-0.0016716
245.4	-0.00164252
245.5	-0.0016118
245.6	-0.00158049
245.7	-0.00154686
245.8	-0.00151238
245.9	-0.00148073
246	-0.00145506
246.1	-0.00143362
246.2	-0.00141777
246.3	-0.00140386
246.4	-0.0013902
246.5	-0.00137536
246.6	-0.00136059
246.7	-0.0013455
246.8	-0.00132904
246.9	-0.00131135
247	-0.00129286
247.1	-0.00127631
247.2	-0.00126093
247.3	-0.00124733
247.4	-0.00123401
247.5	-0.00122056
247.6	-0.00120723
247.7	-0.0011954
247.8	-0.00118936
247.9	-0.00118513
248	-0.00118045
248.1	-0.00118236
248.2	-0.00119064
248.3	-0.00120201
248.4	-0.00121467
248.5	-0.00122463
248.6	-0.0012308
248.7	-0.00123007
248.8	-0.00122021
248.9	-0.00120288
249	-0.00118377
249.1	-0.00116562
249.2	-0.00114854
249.3	-0.00112836
249.4	-0.00110725
249.5	-0.00108506
249.6	-0.00106416
249.7	-0.00104514
249.8	-0.00102876
249.9	-0.00101465
250	-0.00100627
250.1	-0.00100129
250.2	-0.000995954
250.3	-0.000989385
250.4	-0.000982459
250.5	-0.000976649
250.6	-0.000977742
250.7	-0.000978951
250.8	-0.000978048
250.9	-0.000979199
251	-0.000987532
251.1	-0.000996254
251.2	-0.00100608
251.3	-0.00101157
251.4	-0.00101585
251.5	-0.00101923
251.6	-0.00102217
251.7	-0.00102545
251.8	-0.00102404
251.9	-0.00102164
252	-0.00101682
252.1	-0.00101402
252.2	-0.00101357
252.3	-0.00101684
252.4	-0.00101762
252.5	-0.00101707
252.6	-0.00101768
252.7	-0.00102021
252.8	-0.00102077
252.9	-0.0010214
253	-0.00102261
253.1	-0.00102417
253.2	-0.00102476
253.3	-0.00102191
253.4	-0.00101625
253.5	-0.0010068
253.6	-0.000991606
253.7	-0.000974681
253.8	-0.000962452
253.9	-0.000952765
254	-0.000941058
254.1	-0.000928696
254.2	-0.000914239
254.3	-0.000896169
254.4	-0.000871855
254.5	-0.00084736
254.6	-0.000823753
254.7	-0.000800414
254.8	-0.000777693
254.9	-0.000753469
255	-0.000728313
255.1	-0.000706835
255.2	-0.000687825
255.3	-0.0006645
255.4	-0.000640673
255.5	-0.000613589
255.6	-0.000588745
255.7	-0.000567115
255.8	-0.000544044
255.9	-0.000521397
256	-0.000502387
256.1	-0.000488943
256.2	-0.000472493
256.3	-0.000459234
256.4	-0.000448135
256.5	-0.000435597
256.6	-0.000421799
256.7	-0.000406212
256.8	-0.000385229
256.9	-0.000366776
257	-0.000353672
257.1	-0.000343311
257.2	-0.00033444
257.3	-0.00033064
257.4	-0.000327761
257.5	-0.000325633
257.6	-0.000326
257.7	-0.000327988
257.8	-0.000326184
257.9	-0.000323612
258	-0.000313485
258.1	-0.000302579
258.2	-0.000290903
258.3	-0.000278038
258.4	-0.00026717
258.5	-0.000257254
258.6	-0.000246706
258.7	-0.00023675
258.8	-0.000222196
258.9	-0.000209498
259	-0.000194026
259.1	-0.000179463
259.2	-0.000160855
259.3	-0.000144057
259.4	-0.000131205
259.5	-0.000120949
259.6	-0.000108517
259.7	-9.5587e-05
259.8	-8.6999e-05
259.9	-8.36645e-05
260	-8.63169e-05
260.1	-9.21374e-05
260.2	-9.54369e-05
260.3	-9.25163e-05
260.4	-8.42812e-05
260.5	-7.40483e-05
260.6	-6.22979e-05
260.7	-4.95075e-05
260.8	-3.5438e-05
260.9	-2.22734e-05
261	-9.93053e-06
261.1	3.70697e-06
261.2	1.49122e-05
261.3	2.54621e-05
261.4	3.50805e-05
261.5	4.04276e-05
261.6	4.17915e-05
261.7	4.04351e-05
261.8	3.96578e-05
261.9	3.80126e-05
262	3.8054e-05
262.1	3.70912e-05
262.2	3.88976e-05
262.3	4.15422e-05
262.4	4.02611e-05
262.5	3.87141e-05
262.6	3.72455e-05
262.7	3.40684e-05
262.8	2.69221e-05
262.9	1.95166e-05
263	1.21094e-05
263.1	2.89036e-06
263.2	-1.07976e-05
263.3	-2.60086e-05
263.4	-4.22498e-05
263.5	-5.88838e-05
263.6	-7.42466e-05
263.7	-9.17766e-05
263.8	-0.000107728
263.9	-0.000120672
264	-0.000131176
264.1	-0.000138763
264.2	-0.000144101
264.3	-0.000152055
264.4	-0.000158876
264.5	-0.000168027
264.6	-0.000179647
264.7	-0.000193682
264.8	-0.000212015
264.9	-0.000232442
265	-0.000251854
265.1	-0.000267907
265.2	-0.000284077
265.3	-0.000299983
265.4	-0.000318539
265.5	-0.000340825
265.6	-0.000359158
265.7	-0.000373354
265.8	-0.000384563
265.9	-0.000399896
266	-0.000423034
266.1	-0.000451803
266.2	-0.000482109
266.3	-0.000509442
266.4	-0.000535995
266.5	-0.00056068
266.6	-0.000582658
266.7	-0.000610117
266.8	-0.000639867
266.9	-0.00066491
267	-0.000689796
267.1	-0.000714641
267.2	-0.000736792
267.3	-0.000755389
267.4	-0.000773073
267.5	-0.000791588
267.6	-0.000806183
267.7	-0.000811521
267.8	-0.000812155
267.9	-0.000813902
268	-0.000819061
268.1	-0.00082399
268.2	-0.000828479
268.3	-0.000830558
268.4	-0.000835187
268.5	-0.000841945
268.6	-0.000848058
268.7	-0.000857191
268.8	-0.000867571
268.9	-0.000878742
269	-0.000889258
269.1	-0.000901651
269.2	-0.00091586
269.3	-0.000928539
269.4	-0.0009412
269.5	-0.000947757
269.6	-0.000948502
269.7	-0.000945116
269.8	-0.000940386
269.9	-0.000938659
270	-0.00093882
270.1	-0.00093615
270.2	-0.000934816
270.3	-0.000937298
270.4	-0.000941025
270.5	-0.000945425
270.6	-0.000948764
270.7	-0.000948188
270.8	-0.000944783
270.9	-0.000941867
271	-0.000935628
271.1	-0.000928635
271.2	-0.000925456
271.3	-0.000925859
271.4	-0.000930875
271.5	-0.000935258
271.6	-0.000939121
271.7	-0.000940564
271.8	-0.000940106
271.9	-0.000934956
272	-0.000923824
272.1	-0.000906402
272.2	-0.000883506
272.3	-0.000855111
272.4	-0.000820493
272.5	-0.000778017
272.6	-0.000732517
272.7	-0.000686185
272.8	-0.000634404
272.9	-0.000586222
273	-0.000542452
273.1	-0.000501689
273.2	-0.0004596
273.3	-0.000415016
273.4	-0.000371201
273.5	-0.00032755
273.6	-0.000281438
273.7	-0.000232047
273.8	-0.000178918
273.9	-0.000127385
274	-7.82702e-05
274.1	-3.02086e-05
274.2	1.19313e-05
274.3	5.04086e-05
274.4	8.82373e-05
274.5	0.000127869
274.6	0.000168974
274.7	0.000212666
274.8	0.000253642
274.9	0.000292888
275	0.000328873
275.1	0.000364051
275.2	0.000401013
275.3	0.000436905
275.4	0.000473632
275.5	0.000508742
275.6	0.00054312
275.7	0.000577656
275.8	0.000613668
275.9	0.000646821
276	0.00067851
276.1	0.000707542
276.2	0.000737923
276.3	0.000771577
276.4	0.00080369
276.5	0.000840022
276.6	0.000875162
276.7	0.000905913
276.8	0.000933654
276.9	0.000959719
277	0.00098335
277.1	0.00101068
277.2	0.00104564
277.3	0.00107945
277.4	0.00111294
277.5	0.00114161
277.6	0.00116641
277.7	0.00119281
277.8	0.00122036
277.9	0.00124446
278	0.00126501
278.1	0.00128651
278.2	0.0013109
278.3	0.00133324
278.4	0.00135274
278.5	0.00137385
278.6	0.00139353
278.7	0.00140986
278.8	0.00142462
278.9	0.00143538
279	0.00144203
279.1	0.00144266
279.2	0.00143871
279.3	0.00142944
279.4	0.00141956
279.5	0.00141029
279.6	0.00139967
279.7	0.0013812
279.8	0.00135841
279.9	0.00133387
280	0.00130831
280.1	0.00128666
280.2	0.0012699
280.3	0.00125211
280.4	0.00122894
280.5	0.00120679
280.6	0.0011856
280.7	0.00116444
280.8	0.00114594
280.9	0.00112498
281	0.00109775
281.1	0.00106746
281.2	0.00103724
281.3	0.00100822
281.4	0.000981236
281.5	0.000957512
281.6	0.000934922
281.7	0.000916487
281.8	0.000896559
281.9	0.000879944
282	0.000868238
282.1	0.000858422
282.2	0.000848141
282.3	0.000837125
282.4	0.000824022
282.5	0.000807145
282.6	0.000787278
282.7	0.000767412
282.8	0.00075103
282.9	0.000734947
283	0.00072172
283.1	0.00071128
283.2	0.000706224
283.3	0.000703371
283.4	0.000700468
283.5	0.000701089
283.6	0.000707053
283.7	0.000714084
283.8	0.000718149
283.9	0.00071665
284	0.000711735
284.1	0.000709384
284.2	0.000707169
284.3	0.000708714
284.4	0.000716138
284.5	0.00072566
284.6	0.000734976
284.7	0.000743617
284.8	0.000752284
284.9	0.000757839
285	0.000761176
285.1	0.000762748
285.2	0.000760344
285.3	0.000759136
285.4	0.000762162
285.5	0.000769743
285.6	0.000775486
285.7	0.000774407
285.8	0.000771034
285.9	0.000769305
286	0.000772106
286.1	0.000774184
286.2	0.000775041
286.3	0.000774713
286.4	0.000775089
286.5	0.000777284
286.6	0.000782378
286.7	0.000787209
286.8	0.00079451
286.9	0.000805173
287	0.000814323
287.1	0.000818109
287.2	0.000823937
287.3	0.000829219
287.4	0.000834004
287.5	0.000837642
287.6	0.000844325
287.7	0.000859514
287.8	0.000876967
287.9	0.000890011
288	0.000901795
288.1	0.000909539
288.2	0.000915873
288.3	0.000920089
288.4	0.000922731
288.5	0.000921185
288.6	0.000913273
288.7	0.00090393
288.8	0.00089514
288.9	0.000893633
289	0.000896537
289.1	0.000899215
289.2	0.000901082
289.3	0.000905477
289.4	0.000907477
289.5	0.000907692
289.6	0.000907731
289.7	0.000910087
289.8	0.000910508
289.9	0.000909183
290	0.000901735
290.1	0.00089354
290.2	0.00088849
290.3	0.000888599
290.4	0.000894315
290.5	0.000900176
290.6	0.000908633
290.7	0.000918275
290.8	0.000930124
290.9	0.000941607
291	0.000955475
291.1	0.000966708
291.2	0.000971099
291.3	0.000970767
291.4	0.000963611
291.5	0.000952768
291.6	0.000941461
291.7	0.000927824
291.8	0.000915787
291.9	0.000903622
292	0.000889518
292.1	0.000872131
292.2	0.000854283
292.3	0.00084229
292.4	0.000838403
292.5	0.00083814
292.6	0.000835615
292.7	0.000826699
292.8	0.000820053
292.9	0.000815985
293	0.000816563
293.1	0.000823384
293.2	0.00083173
293.3	0.000836776
293.4	0.000839104
293.5	0.000844966
293.6	0.000852781
293.7	0.000861612
293.8	0.000872208
293.9	0.000886121
294	0.000903943
294.1	0.000926209
294.2	0.0009491
294.3	0.000973408
294.4	0.00100285
294.5	0.00103859
294.6	0.00107078
294.7	0.0011002
294.8	0.00112533
294.9	0.00114669
295	0.00116846
295.1	0.00118992
295.2	0.00120874
295.3	0.00122628
295.4	0.00123778
295.5	0.00125139
295.6	0.00126351
295.7	0.00127833
295.8	0.00130098
295.9	0.00133108
296	0.00136237
296.1	0.00139797
296.2	0.00142869
296.3	0.00145596
296.4	0.00148774
296.5	0.00152109
296.6	0.00155443
296.7	0.00158369
296.8	0.00161435
296.9	0.00164516
297	0.00168163
297.1	0.00171958
297.2	0.00175177
297.3	0.00178112
297.4	0.00180732
297.5	0.00183486
297.6	0.00186029
297.7	0.00188089
297.8	0.00189942
297.9	0.00191692
298	0.00193607
298.1	0.00195656
298.2	0.00197571
298.3	0.00199645
298.4	0.00201806
298.5	0.00203981
298.6	0.00206047
298.7	0.00208384
298.8	0.00210813
298.9	0.00213091
299	0.00215075
299.1	0.0021693
299.2	0.00218972
299.3	0.00220914
299.4	0.00222596
299.5	0.00224069
299.6	0.0022537
299.7	0.00226477
299.8	0.00227186
299.9	0.00227985
300	0.00228529
300.1	0.00228633
300.2	0.00228316
300.3	0.0022786
300.4	0.00227488
300.5	0.00226721
300.6	0.00225037
300.7	0.0022301
300.8	0.00221388
300.9	0.00219862
301	0.00218292
301.1	0.00216984
301.2	0.00216025
301.3	0.00214809
301.4	0.00213127
301.5	0.00211074
301.6	0.0020883
301.7	0.00206761
301.8	0.0020525
301.9	0.00203706
302	0.00202047
302.1	0.00200437
302.2	0.00198916
302.3	0.00197372
302.4	0.00195334
302.5	0.00193195
302.6	0.00190955
302.7	0.00188889
302.8	0.00186467
302.9	0.00184058
303	0.00181564
303.1	0.00179498
303.2	0.00177787
303.3	0.00176801
303.4	0.00176561
303.5	0.00176497
303.6	0.00176994
303.7	0.00177616
303.8	0.0017824
303.9	0.00178946
304	0.00179054
304.1	0.0017927
304.2	0.00179081
304.3	0.00179041
304.4	0.00178934
304.5	0.00179109
304.6	0.00179282
304.7	0.00179667
304.8	0.00180517
304.9	0.00181804
305	0.00183695
305.1	0.00186008
305.2	0.00188023
305.3	0.0019003
305.4	0.00192265
305.5	0.00194306
305.6	0.00196265
305.7	0.0019787
305.8	0.00198974
305.9	0.00199532
306	0.00200189
306.1	0.00200622
306.2	0.00200964
306.3	0.00200989
306.4	0.00200774
306.5	0.00200626
306.6	0.00200595
306.7	0.00201027
306.8	0.00201762
306.9	0.00202836
307	0.00203612
307.1	0.00204597
307.2	0.00206049
307.3	0.00206899
307.4	0.00207642
307.5	0.00208182
307.6	0.00208611
307.7	0.00209426
307.8	0.00210473
307.9	0.00211866
308	0.00212886
308.1	0.00214009
308.2	0.00214955
308.3	0.00215716
308.4	0.00216365
308.5	0.00216922
308.6	0.00217726
308.7	0.00218395
308.8	0.0021925
308.9	0.00220478
309	0.00221806
309.1	0.00223253
309.2	0.002249
309.3	0.00226598
309.4	0.00228605
309.5	0.00230352
309.6	0.00232156
309.7	0.00233481
309.8	0.0023411
309.9	0.00234081
310	0.00233573
310.1	0.00232444
310.2	0.00231057
310.3	0.00229627
310.4	0.00227804
310.5	0.00226128
310.6	0.00224385
310.7	0.00222424
310.8	0.00220658
310.9	0.00218923
311	0.00217515
311.1	0.00216027
311.2	0.00214657
311.3	0.00212853
311.4	0.00211183
311.5	0.00209713
311.6	0.00208627
311.7	0.00207732
311.8	0.00207068
311.9	0.0020642
312	0.00205694
312.1	0.00205048
312.2	0.00204517
312.3	0.00204251
312.4	0.00203926
312.5	0.00203584
312.6	0.00202998
312.7	0.00202224
312.8	0.00201638
312.9	0.00200761
313	0.00199502
313.1	0.00198155
313.2	0.00196401
313.3	0.00194107
313.4	0.00191803
313.5	0.00189654
313.6	0.00187735
313.7	0.00185603
313.8	0.00183208
313.9	0.00181123
314	0.00178999
314.1	0.00176588
314.2	0.00174003
314.3	0.00171251
314.4	0.00168743
314.5	0.00166524
314.6	0.00164634
314.7	0.00162831
314.8	0.00160801
314.9	0.00158625
315	0.00156159
315.1	0.0015403
315.2	0.00152047
315.3	0.00150379
315.4	0.00148715
315.5	0.0014743
315.6	0.00147008
315.7	0.0014695
315.8	0.00146289
315.9	0.00145099
316	0.00143977
316.1	0.00142973
316.2	0.00142167
316.3	0.00141577
316.4	0.00141017
316.5	0.00140276
316.6	0.00139507
316.7	0.00138708
316.8	0.00138018
316.9	0.00137572
317	0.00137387
317.1	0.00137162
317.2	0.00136402
317.3	0.00135345
317.4	0.00134245
317.5	0.00133711
317.6	0.00132853
317.7	0.00132036
317.8	0.00131014
317.9	0.0013019
318	0.00129094
318.1	0.00127846
318.2	0.00126438
318.3	0.00124907
318.4	0.00122953
318.5	0.0012077
318.6	0.00118491
318.7	0.00115853
318.8	0.00113324
318.9	0.00110685
319	0.00108173
319.1	0.00106217
319.2	0.00104674
319.3	0.00103478
319.4	0.00102302
319.5	0.00100743
319.6	0.000988332
319.7	0.000971227
319.8	0.000951549
319.9	0.000933208
320	0.000915475
320.1	0.000901039
320.2	0.000887932
320.3	0.000877948
320.4	0.000866591
320.5	0.0008593
320.6	0.00085547
320.7	0.00085085
320.8	0.000844071
320.9	0.000837251
321	0.000826995
321.1	0.000816052
321.2	0.000805366
321.3	0.000794976
321.4	0.000787692
321.5	0.000787431
321.6	0.000786834
321.7	0.000792604
321.8	0.000802015
321.9	0.000812268
322	0.00082283
322.1	0.000829577
322.2	0.000834469
322.3	0.000839625
322.4	0.000843369
322.5	0.000844518
322.6	0.000844386
322.7	0.000842638
322.8	0.000845223
322.9	0.000844522
323	0.000839386
323.1	0.000831893
323.2	0.000819519
323.3	0.00080482
323.4	0.000788679
323.5	0.000772974
323.6	0.000757215
323.7	0.000739537
323.8	0.000721698
323.9	0.000705019
324	0.00068803
324.1	0.000668228
324.2	0.000643205
324.3	0.00061484
324.4	0.000581866
324.5	0.000542053
324.6	0.000496371
324.7	0.000447218
324.8	0.000394031
324.9	0.000335167
325	0.000271306
325.1	0.000203945
325.2	0.000137356
325.3	6.55811e-05
325.4	-9.12173e-06
325.5	-8.71635e-05
325.6	-0.000163427
325.7	-0.000235077
325.8	-0.00030207
325.9	-0.000368427
326	-0.00043241
326.1	-0.000495234
326.2	-0.000556183
326.3	-0.000616852
326.4	-0.000676835
326.5	-0.000731798
326.6	-0.000787659
326.7	-0.000842776
326.8	-0.00089882
326.9	-0.000956427
327	-0.00101403
327.1	-0.00107814
327.2	-0.00114453
327.3	-0.001214
327.4	-0.00128476
327.5	-0.00135522
327.6	-0.00142604
327.7	-0.00149126
327.8	-0.00155095
327.9	-0.00160779
328	-0.00166123
328.1	-0.00170985
328.2	-0.00175303
328.3	-0.00179605
328.4	-0.00183891
328.5	-0.00188164
328.6	-0.00192559
328.7	-0.00196721
328.8	-0.00200504
328.9	-0.00204444
329	-0.00208265
329.1	-0.00211903
329.2	-0.00215848
329.3	-0.0022007
329.4	-0.00224302
329.5	-0.0022827
329.6	-0.002322
329.7	-0.00236188
329.8	-0.00240363
329.9	-0.00245041
330	-0.00249943
330.1	-0.00254473
330.2	-0.00258708
330.3	-0.00262823
330.4	-0.00267254
330.5	-0.0027154
330.6	-0.002756
330.7	-0.00279614
330.8	-0.00282896
330.9	-0.00285868
331	-0.00288071
331.1	-0.00289504
331.2	-0.00290573
331.3	-0.00291693
331.4	-0.00292152
331.5	-0.00292328
331.6	-0.00292171
331.7	-0.00291483
331.8	-0.00290428
331.9	-0.0028928
332	-0.00287989
332.1	-0.00286185
332.2	-0.0028439
332.3	-0.00282411
332.4	-0.0028024
332.5	-0.00278081
332.6	-0.00275831
332.7	-0.00273075
332.8	-0.00270037
332.9	-0.00267161
333	-0.0026379
333.1	-0.00260022
333.2	-0.00256546
333.3	-0.00252916
333.4	-0.00249522
333.5	-0.00246372
333.6	-0.00243919
333.7	-0.00242301
333.8	-0.00241147
333.9	-0.00240319
334	-0.0023921
334.1	-0.00238036
334.2	-0.00236385
334.3	-0.00234325
334.4	-0.00232089
334.5	-0.00229809
334.6	-0.00227257
334.7	-0.00224381
334.8	-0.00221089
334.9	-0.00217327
335	-0.0021312
335.1	-0.0020877
335.2	-0.0020435
335.3	-0.00199822
335.4	-0.0019543
335.5	-0.00191694
335.6	-0.00188025
335.7	-0.00184202
335.8	-0.0018039
335.9	-0.00176988
336	-0.00173933
336.1	-0.00170484
336.2	-0.00166864
336.3	-0.00162734
336.4	-0.00158594
336.5	-0.00154368
336.6	-0.00149768
336.7	-0.00145298
336.8	-0.0014145
336.9	-0.00137997
337	-0.00134405
337.1	-0.00130999
337.2	-0.00127839
337.3	-0.001255
337.4	-0.00123475
337.5	-0.00121058
337.6	-0.00118903
337.7	-0.00116911
337.8	-0.00114963
337.9	-0.00112852
338	-0.00110041
338.1	-0.0010685
338.2	-0.00103777
338.3	-0.00100936
338.4	-0.000978709
338.5	-0.000945736
338.6	-0.000913897
338.7	-0.000881891
338.8	-0.000849858
338.9	-0.000818458
339	-0.000783004
339.1	-0.000748866
339.2	-0.000720447
339.3	-0.000701976
339.4	-0.000693778
339.5	-0.0006921
339.6	-0.00069332
339.7	-0.000694669
339.8	-0.000698889
339.9	-0.000701974
340	-0.000701901
340.1	-0.000702048
340.2	-0.000695886
340.3	-0.000688131
340.4	-0.000679111
340.5	-0.000670115
340.6	-0.000662939
340.7	-0.000660254
340.8	-0.000658768
340.9	-0.000658514
341	-0.000660979
341.1	-0.000662559
341.2	-0.000664681
341.3	-0.000669587
341.4	-0.000674101
341.5	-0.000674027
341.6	-0.000671794
341.7	-0.000666375
341.8	-0.000664944
341.9	-0.000669036
342	-0.000673344
342.1	-0.000672825
342.2	-0.000666153
342.3	-0.000658428
342.4	-0.00064853
342.5	-0.000639996
342.6	-0.000629903
342.7	-0.000620369
342.8	-0.000614951
342.9	-0.000611646
343	-0.000610403
343.1	-0.000610323
343.2	-0.000613389
343.3	-0.000617371
343.4	-0.000618328
343.5	-0.000624387
343.6	-0.000629097
343.7	-0.000639727
343.8	-0.000656566
343.9	-0.000672672
344	-0.000688052
344.1	-0.000699088
344.2	-0.000710494
344.3	-0.000718875
344.4	-0.000729653
344.5	-0.00073987
344.6	-0.000748793
344.7	-0.000757868
344.8	-0.000768721
344.9	-0.000780844
345	-0.000791675
345.1	-0.000802595
345.2	-0.000813212
345.3	-0.000820964
345.4	-0.000828918
345.5	-0.000832609
345.6	-0.000830218
345.7	-0.000823592
345.8	-0.000809781
345.9	-0.000789772
346	-0.000763862
346.1	-0.000741375
346.2	-0.000719134
346.3	-0.000700567
346.4	-0.000684628
346.5	-0.000670664
346.6	-0.000656301
346.7	-0.000642326
346.8	-0.000629743
346.9	-0.000621473
347	-0.000612055
347.1	-0.000600592
347.2	-0.000584092
347.3	-0.000569015
347.4	-0.000558256
347.5	-0.000548625
347.6	-0.000541447
347.7	-0.000532745
347.8	-0.00052228
347.9	-0.000511192
348	-0.000499475
348.1	-0.000492617
348.2	-0.000485582
348.3	-0.000477585
348.4	-0.000463684
348.5	-0.000443383
348.6	-0.000418983
348.7	-0.00038934
348.8	-0.000356169
348.9	-0.000321739
349	-0.000286171
349.1	-0.000249839
349.2	-0.000210702
349.3	-0.000176904
349.4	-0.000146146
349.5	-0.000118668
349.6	-9.25995e-05
349.7	-6.62037e-05
349.8	-3.94359e-05
349.9	-6.95585e-06
350	2.63962e-05
350.1	6.06726e-05
350.2	8.96602e-05
350.3	0.00011478
350.4	0.000137667
350.5	0.000160574
350.6	0.000184557
350.7	0.000206501
350.8	0.000226392
350.9	0.00024678
351	0.000264811
351.1	0.000281986
351.2	0.000292743
351.3	0.000302672
351.4	0.000312478
351.5	0.000318673
351.6	0.000324048
351.7	0.000333356
351.8	0.000346321
351.9	0.000360165
352	0.000375263
352.1	0.000389327
352.2	0.000402671
352.3	0.000415758
352.4	0.000429306
352.5	0.000440661
352.6	0.000452533
352.7	0.000463578
352.8	0.000472743
352.9	0.000478322
353	0.000481091
353.1	0.000477543
353.2	0.000476442
353.3	0.000472437
353.4	0.000465701
353.5	0.000461469
353.6	0.000461659
353.7	0.000462853
353.8	0.00046515
353.9	0.000469361
354	0.000475856
354.1	0.000491106
354.2	0.000512142
354.3	0.00053864
354.4	0.000570043
354.5	0.000602428
354.6	0.000637529
354.7	0.000676325
354.8	0.000715309
354.9	0.000748494
355	0.000777328
355.1	0.000804687
355.2	0.000831525
355.3	0.000865122
355.4	0.000904945
355.5	0.000946095
355.6	0.000985988
355.7	0.00102532
355.8	0.00106342
355.9	0.00110321
356	0.00114691
356.1	0.00118941
356.2	0.00122812
356.3	0.00126078
356.4	0.00128842
356.5	0.00131521
356.6	0.00134177
356.7	0.00136633
356.8	0.0013901
356.9	0.00140848
357	0.00141939
357.1	0.00142193
357.2	0.00142449
357.3	0.00142081
357.4	0.00141748
357.5	0.00141079
357.6	0.0013988
357.7	0.00138614
357.8	0.00137053
357.9	0.00135043
358	0.00132747
358.1	0.00130265
358.2	0.00127171
358.3	0.00124186
358.4	0.00121182
358.5	0.00118421
358.6	0.00116173
358.7	0.00114576
358.8	0.0011319
358.9	0.00112023
359	0.00110992
359.1	0.0011042
359.2	0.00109647
359.3	0.00108317
359.4	0.0010673
359.5	0.0010478
359.6	0.0010212
359.7	0.000990077
359.8	0.000960468
359.9	0.000929776
360	0.000894128
360.1	0.000859571
360.2	0.000829717
360.3	0.000797425
360.4	0.000760243
360.5	0.000723682
360.6	0.000689454
360.7	0.000652676
360.8	0.000614687
360.9	0.000573407
361	0.000531039
361.1	0.000484467
361.2	0.000437389
361.3	0.000386173
361.4	0.000331449
361.5	0.00027827
361.6	0.000227954
361.7	0.000178166
361.8	0.000132703
361.9	8.57939e-05
362	3.966e-05
362.1	-2.846e-06
362.2	-4.12273e-05
362.3	-7.61082e-05
362.4	-0.0001056
362.5	-0.000128779
362.6	-0.00014695
362.7	-0.000158482
362.8	-0.000170942
362.9	-0.000185142
363	-0.000196418
363.1	-0.000207084
363.2	-0.000213938
363.3	-0.0002182
363.4	-0.000218132
363.5	-0.000217997
363.6	-0.000217247
363.7	-0.000217776
363.8	-0.000221526
363.9	-0.000223169
364	-0.000225381
364.1	-0.000228436
364.2	-0.000229112
364.3	-0.000233729
364.4	-0.000239357
364.5	-0.000246856
364.6	-0.000252909
364.7	-0.000256215
364.8	-0.000260001
364.9	-0.000265322
365	-0.000270692
365.1	-0.000278203
365.2	-0.000284504
365.3	-0.000286606
365.4	-0.000288662
365.5	-0.000290522
365.6	-0.000287384
365.7	-0.000281399
365.8	-0.000274375
365.9	-0.000269311
366	-0.000265933
366.1	-0.000264772
366.2	-0.000263449
366.3	-0.000260607
366.4	-0.000254961
366.5	-0.000249257
366.6	-0.000237227
366.7	-0.000228578
366.8	-0.000222376
366.9	-0.000218001
367	-0.000213403
367.1	-0.0002099
367.2	-0.000211982
367.3	-0.000213589
367.4	-0.000215181
367.5	-0.000215779
367.6	-0.000221868
367.7	-0.000235671
367.8	-0.000252868
367.9	-0.000272976
368	-0.000292207
368.1	-0.000310722
368.2	-0.000328351
368.3	-0.000346074
368.4	-0.000364652
368.5	-0.000384738
368.6	-0.000395487
368.7	-0.000399876
368.8	-0.000405703
368.9	-0.000414619
369	-0.000422569
369.1	-0.000429116
369.2	-0.000433026
369.3	-0.000436706
369.4	-0.000441426
369.5	-0.000448903
369.6	-0.00045585
369.7	-0.000462218
369.8	-0.000471276
369.9	-0.000482512
370	-0.000490505
370.1	-0.000496324
370.2	-0.000497667
370.3	-0.000496456
370.4	-0.000493896
370.5	-0.000490693
370.6	-0.000482544
370.7	-0.000463415
370.8	-0.000435986
370.9	-0.000405016
371	-0.000367424
371.1	-0.000326277
371.2	-0.000284079
371.3	-0.000245976
371.4	-0.000216388
371.5	-0.000190687
371.6	-0.000165784
371.7	-0.000142868
371.8	-0.000123451
371.9	-0.000105986
372	-9.0421e-05
372.1	-7.72757e-05
372.2	-7.1107e-05
372.3	-7.07275e-05
372.4	-7.12955e-05
372.5	-6.84005e-05
372.6	-6.4794e-05
372.7	-5.80175e-05
372.8	-4.6686e-05
372.9	-3.53501e-05
373	-2.35067e-05
373.1	-1.62579e-05
373.2	-1.53604e-05
373.3	-1.0895e-05
373.4	-1.03611e-05
373.5	-9.59571e-06
373.6	-7.79933e-06
373.7	-3.2608e-06
373.8	5.7046e-06
373.9	1.89512e-05
374	3.68292e-05
374.1	5.52707e-05
374.2	6.89266e-05
374.3	7.97522e-05
374.4	9.3189e-05
374.5	0.000114333
374.6	0.000137722
374.7	0.0001624
374.8	0.000188025
374.9	0.000211549
375	0.000233743
375.1	0.000259902
375.2	0.000282392
375.3	0.000306079
375.4	0.000334313
375.5	0.000361498
375.6	0.000386689
375.7	0.000406921
375.8	0.000415036
375.9	0.000415925
376	0.000412071
376.1	0.000404231
376.2	0.000395142
376.3	0.000385283
376.4	0.000373765
376.5	0.000364131
376.6	0.00035879
376.7	0.00035402
376.8	0.000352183
376.9	0.000350964
377	0.000351831
377.1	0.000353875
377.2	0.000355683
377.3	0.000361895
377.4	0.000370824
377.5	0.000381406
377.6	0.000390326
377.7	0.000394925
377.8	0.000396498
377.9	0.000397855
378	0.000397077
378.1	0.00039384
378.2	0.00038925
378.3	0.000379257
378.4	0.000368601
378.5	0.000361753
378.6	0.000356783
378.7	0.000351916
378.8	0.000351557
378.9	0.00035175
379	0.00035617
379.1	0.000359568
379.2	0.00036488
379.3	0.000366869
379.4	0.000372034
379.5	0.000378564
379.6	0.000382326
379.7	0.000388041
379.8	0.000394201
379.9	0.000400606
380	0.00040128
380.1	0.000400973
380.2	0.000399435
380.3	0.000395349
380.4	0.000385193
380.5	0.000378638
380.6	0.000371695
380.7	0.00036589
380.8	0.000360325
380.9	0.000356182
381	0.00035213
381.1	0.000350265
381.2	0.000349385
381.3	0.000353217
381.4	0.000360289
381.5	0.000372883
381.6	0.000389341
381.7	0.00040459
381.8	0.000418158
381.9	0.000424138
382	0.000429328
382.1	0.000440735
382.2	0.000457711
382.3	0.000477119
382.4	0.000496149
382.5	0.0005169
382.6	0.000537725
382.7	0.000557121
382.8	0.000572651
382.9	0.000588469
383	0.000599366
383.1	0.000601381
383.2	0.000597521
383.3	0.000596959
383.4	0.000602229
383.5	0.000608151
383.6	0.00061329
383.7	0.000621649
383.8	0.00063077
383.9	0.000637692
384	0.000642965
384.1	0.000648906
384.2	0.0006485
384.3	0.000646078
384.4	0.000648143
384.5	0.000654568
384.6	0.000663901
384.7	0.000672556
384.8	0.000682233
384.9	0.000686798
385	0.000691489
385.1	0.000692476
385.2	0.000690636
385.3	0.000685307
385.4	0.000678019
385.5	0.000668208
385.6	0.000658411
385.7	0.000651109
385.8	0.0006447
385.9	0.000637329
386	0.000631217
386.1	0.000630131
386.2	0.000635275
386.3	0.000643263
386.4	0.000654441
386.5	0.000663938
386.6	0.000672687
386.7	0.000681057
386.8	0.000683783
386.9	0.000687778
387	0.00069554
387.1	0.000707945
387.2	0.00071755
387.3	0.000727036
387.4	0.000734069
387.5	0.000743985
387.6	0.000750822
387.7	0.000753216
387.8	0.000747455
387.9	0.000738914
388	0.000733066
388.1	0.000731539
388.2	0.000728449
388.3	0.000725146
388.4	0.000715635
388.5	0.00069886
388.6	0.000678279
388.7	0.000660893
388.8	0.0006391
388.9	0.000617019
389	0.000591232
389.1	0.000562903
389.2	0.000534712
389.3	0.000511322
389.4	0.000488783
389.5	0.00046989
389.6	0.000452073
389.7	0.000434804
389.8	0.000419697
389.9	0.000403275
390	0.000381207
390.1	0.000361005
390.2	0.000347813
390.3	0.000341237
390.4	0.000336027
390.5	0.000334801
390.6	0.000339433
390.7	0.00034703
390.8	0.000358092
390.9	0.000372307
391	0.000385078
391.1	0.000392929
391.2	0.000397852
391.3	0.000401335
391.4	0.00040664
391.5	0.000411034
391.6	0.000414787
391.7	0.000416995
391.8	0.000415496
391.9	0.000409847
392	0.000405609
392.1	0.00040402
392.2	0.000408467
392.3	0.000422654
392.4	0.000442789
392.5	0.000468545
392.6	0.000489914
392.7	0.000508175
392.8	0.000522587
392.9	0.000532231
393	0.000540559
393.1	0.000546408
393.2	0.000556314
393.3	0.000570642
393.4	0.000587884
393.5	0.000606153
393.6	0.000624955
393.7	0.000641413
393.8	0.000661566
393.9	0.000679689
394	0.000695847
394.1	0.000709649
394.2	0.000723687
394.3	0.000731416
394.4	0.000732934
394.5	0.000733205
394.6	0.000733441
394.7	0.000734086
394.8	0.00073293
394.9	0.00072782
395	0.000721821
395.1	0.000717715
395.2	0.000713845
395.3	0.000710585
395.4	0.000709195
395.5	0.000711086
395.6	0.000715624
395.7	0.00071786
395.8	0.000718546
395.9	0.000716832
396	0.000717141
396.1	0.000709649
396.2	0.000699574
396.3	0.00068576
396.4	0.00067466
396.5	0.0006669
396.6	0.000659147
396.7	0.000655888
396.8	0.000658046
396.9	0.000666622
397	0.000676575
397.1	0.000693379
397.2	0.000720009
397.3	0.000750285
397.4	0.000779482
397.5	0.000805195
397.6	0.000825476
397.7	0.000843463
397.8	0.000859836
397.9	0.000874801
398	0.000887639
398.1	0.000901612
398.2	0.000918994
398.3	0.000932496
398.4	0.000943382
398.5	0.000956189
398.6	0.000970512
398.7	0.000982854
398.8	0.000995753
398.9	0.00100902
399	0.00101633
399.1	0.00101932
399.2	0.00102204
399.3	0.00102572
399.4	0.00103078
399.5	0.00103408
399.6	0.00103567
399.7	0.00103994
399.8	0.00104512
399.9	0.00105592
400	0.00107203
400.1	0.00109337
400.2	0.00112231
400.3	0.00115528
400.4	0.00118527
400.5	0.00121619
400.6	0.00124901
400.7	0.00127865
400.8	0.00130534
400.9	0.00132636
401	0.001344
401.1	0.00135786
401.2	0.00136668
401.3	0.00137327
401.4	0.00138005
401.5	0.00138888
401.6	0.00139748
401.7	0.00140495
401.8	0.00142002
401.9	0.00143889
402	0.0014601
402.1	0.0014775
402.2	0.00149268
402.3	0.00150695
402.4	0.00151903
402.5	0.00153142
402.6	0.00154547
402.7	0.0015616
402.8	0.00157735
402.9	0.00159093
403	0.00159872
403.1	0.00159788
403.2	0.00159176
403.3	0.00158343
403.4	0.00157587
403.5	0.0015691
403.6	0.00156602
403.7	0.00156605
403.8	0.0015664
403.9	0.00156548
404	0.00156727
404.1	0.0015737
404.2	0.0015845
404.3	0.00160197
404.4	0.00161496
404.5	0.00162562
404.6	0.00163664
404.7	0.00164342
404.8	0.00164632
404.9	0.0016451
405	0.00164282
405.1	0.00164074
405.2	0.00163788
405.3	0.00163135
405.4	0.00162188
405.5	0.00161248
405.6	0.00160298
405.7	0.00159644
405.8	0.00159248
405.9	0.00158472
406	0.00157199
406.1	0.00155637
406.2	0.00154458
406.3	0.00153483
406.4	0.00152052
406.5	0.00150404
406.6	0.00148466
406.7	0.00146711
406.8	0.00144779
406.9	0.00143283
407	0.00141905
407.1	0.00140311
407.2	0.00138107
407.3	0.00136072
407.4	0.00134211
407.5	0.00132352
407.6	0.0013007
407.7	0.00127277
407.8	0.00124231
407.9	0.00121247
408	0.00118925
408.1	0.00116825
408.2	0.00114667
408.3	0.00112738
408.4	0.00110535
408.5	0.00108209
408.6	0.00105959
408.7	0.00103775
408.8	0.00101582
408.9	0.000987025
409	0.000953717
409.1	0.000917082
409.2	0.000881371
409.3	0.000846042
409.4	0.000808447
409.5	0.000772623
409.6	0.000739617
409.7	0.000708935
409.8	0.000678655
409.9	0.000650341
410	0.000631312
410.1	0.000615239
410.2	0.000597747
410.3	0.000579263
410.4	0.000562424
410.5	0.000550015
410.6	0.000545385
410.7	0.000545014
410.8	0.00054882
410.9	0.000559371
411	0.000565226
411.1	0.000565761
411.2	0.00056647
411.3	0.000571811
411.4	0.000578721
411.5	0.000589431
411.6	0.000603168
411.7	0.000618638
411.8	0.000633104
411.9	0.000648891
412	0.000663857
412.1	0.000677584
412.2	0.000690057
412.3	0.000701998
412.4	0.000718252
412.5	0.000733147
412.6	0.000741429
412.7	0.000744337
412.8	0.000740771
412.9	0.000730661
413	0.000720396
413.1	0.000711185
413.2	0.000705892
413.3	0.00070169
413.4	0.00069745
413.5	0.000695841
413.6	0.000696643
413.7	0.000696644
413.8	0.000700325
413.9	0.000709001
414	0.000720979
414.1	0.000733691
414.2	0.000746121
414.3	0.000755183
414.4	0.000758
414.5	0.000757063
414.6	0.000753497
414.7	0.000745824
414.8	0.000738849
414.9	0.000730995
415	0.000720248
415.1	0.000709119
415.2	0.000695236
415.3	0.000681268
415.4	0.00066888
415.5	0.000657832
415.6	0.000645375
415.7	0.00063284
415.8	0.000619439
415.9	0.000601453
416	0.000579881
416.1	0.000556454
416.2	0.000530149
416.3	0.000503552
416.4	0.000476768
416.5	0.000451395
416.6	0.000425448
416.7	0.000405804
416.8	0.000396263
416.9	0.000392413
417	0.000391882
417.1	0.000392562
417.2	0.00039379
417.3	0.000392822
417.4	0.000389202
417.5	0.00038206
417.6	0.000373094
417.7	0.000362456
417.8	0.00035279
417.9	0.000344705
418	0.000336896
418.1	0.000329893
418.2	0.000327026
418.3	0.000324681
418.4	0.000319005
418.5	0.000307122
418.6	0.000290737
418.7	0.000269147
418.8	0.000246991
418.9	0.00021969
419	0.000189595
419.1	0.000152055
419.2	0.000120306
419.3	9.28762e-05
419.4	6.527e-05
419.5	3.95687e-05
419.6	6.80464e-06
419.7	-2.51122e-05
419.8	-5.47068e-05
419.9	-7.95935e-05
420	-0.000102621
420.1	-0.000124354
420.2	-0.00014515
420.3	-0.000163933
420.4	-0.000179464
420.5	-0.000197802
420.6	-0.000221336
420.7	-0.000253097
420.8	-0.000289432
420.9	-0.000327352
421	-0.000362249
421.1	-0.000387402
421.2	-0.000402864
421.3	-0.000412814
421.4	-0.000418639
421.5	-0.000422182
421.6	-0.00042487
421.7	-0.000421055
421.8	-0.000412479
421.9	-0.000403507
422	-0.000398601
422.1	-0.000393775
422.2	-0.000385693
422.3	-0.00037677
422.4	-0.000365794
422.5	-0.000352984
422.6	-0.000342463
422.7	-0.000330522
422.8	-0.000319937
422.9	-0.000306687
423	-0.0002951
423.1	-0.000279816
423.2	-0.000262002
423.3	-0.000241526
423.4	-0.000227276
423.5	-0.000216319
423.6	-0.000208547
423.7	-0.000201805
423.8	-0.000192538
423.9	-0.000183799
424	-0.000172559
424.1	-0.000159297
424.2	-0.000146153
424.3	-0.000134468
424.4	-0.000123739
424.5	-0.000114993
424.6	-0.000109453
424.7	-0.00011033
424.8	-0.000114426
424.9	-0.000120746
425	-0.000132735
425.1	-0.000144015
425.2	-0.00015681
425.3	-0.000173228
425.4	-0.000191792
425.5	-0.000217333
425.6	-0.000244879
425.7	-0.0002717
425.8	-0.000297921
425.9	-0.000325393
426	-0.000354141
426.1	-0.000381171
426.2	-0.000402766
426.3	-0.000416436
426.4	-0.000427246
426.5	-0.000437296
426.6	-0.000448579
426.7	-0.00045589
426.8	-0.000463682
426.9	-0.000472733
427	-0.000478432
427.1	-0.000481012
427.2	-0.000482584
427.3	-0.000487436
427.4	-0.000495617
427.5	-0.000508466
427.6	-0.000514921
427.7	-0.000520994
427.8	-0.000526936
427.9	-0.000538129
428	-0.000550356
428.1	-0.000564544
428.2	-0.000580506
428.3	-0.000604805
428.4	-0.000630936
428.5	-0.000657401
428.6	-0.000681912
428.7	-0.000705902
428.8	-0.000730711
428.9	-0.000757103
429	-0.000783544
429.1	-0.000811767
429.2	-0.00083995
429.3	-0.000869009
429.4	-0.00089724
429.5	-0.000924403
429.6	-0.000947951
429.7	-0.000967815
429.8	-0.000976853
429.9	-0.000975986
430	-0.00097099
430.1	-0.000969517
430.2	-0.000969199
430.3	-0.000967721
430.4	-0.000967754
430.5	-0.000965175
430.6	-0.000959771
430.7	-0.000952377
430.8	-0.00094557
430.9	-0.000938609
431	-0.000931856
431.1	-0.000928074
431.2	-0.000918898
431.3	-0.000914291
431.4	-0.000905776
431.5	-0.000899525
431.6	-0.000891559
431.7	-0.000878698
431.8	-0.000862982
431.9	-0.000847652
432	-0.000830678
432.1	-0.000815898
432.2	-0.000806384
432.3	-0.000794708
432.4	-0.000787282
432.5	-0.000784336
432.6	-0.000780801
432.7	-0.000779542
432.8	-0.000782307
432.9	-0.000785328
433	-0.000786097
433.1	-0.000786101
433.2	-0.000779768
433.3	-0.000773124
433.4	-0.000770306
433.5	-0.000765863
433.6	-0.000761785
433.7	-0.000761332
433.8	-0.000759156
433.9	-0.000752638
434	-0.000741273
434.1	-0.000733028
434.2	-0.000722891
434.3	-0.000710568
434.4	-0.000693131
434.5	-0.000674337
434.6	-0.000658498
434.7	-0.000640955
434.8	-0.00061643
434.9	-0.000587239
435	-0.000554488
435.1	-0.000520426
435.2	-0.000481867
435.3	-0.000445688
435.4	-0.000411118
435.5	-0.000380186
435.6	-0.000348211
435.7	-0.000314904
435.8	-0.000279958
435.9	-0.000244355
436	-0.000206943
436.1	-0.00016777
436.2	-0.000127496
436.3	-9.18957e-05
436.4	-6.04258e-05
436.5	-3.06449e-05
436.6	-2.16981e-06
436.7	2.63893e-05
436.8	5.71988e-05
436.9	9.30134e-05
437	0.000127622
437.1	0.000159749
437.2	0.000191175
437.3	0.000220809
437.4	0.000249393
437.5	0.000275004
437.6	0.000299638
437.7	0.00032333
437.8	0.000347471
437.9	0.000372558
438	0.000392281
438.1	0.000406396
438.2	0.000418435
438.3	0.000433429
438.4	0.00044916
438.5	0.000465463
438.6	0.00048576
438.7	0.000510499
438.8	0.000540049
438.9	0.000574406
439	0.000610321
439.1	0.000648162
439.2	0.000680275
439.3	0.00070821
439.4	0.000737455
439.5	0.00076052
439.6	0.000775094
439.7	0.000782705
439.8	0.000780438
439.9	0.000775632
440	0.0007657
440.1	0.000751463
440.2	0.000733945
440.3	0.000716822
440.4	0.000700687
440.5	0.000678172
440.6	0.000652558
440.7	0.000630535
440.8	0.000611819
440.9	0.000600941
441	0.000597036
441.1	0.000597358
441.2	0.00060184
441.3	0.000611802
441.4	0.000621979
441.5	0.000628232
441.6	0.000627202
441.7	0.000623249
441.8	0.000615681
441.9	0.000609026
442	0.000604167
442.1	0.000606583
442.2	0.000605196
442.3	0.000598004
442.4	0.000587934
442.5	0.000576943
442.6	0.000562683
442.7	0.000544041
442.8	0.000522208
442.9	0.000495597
443	0.000466258
443.1	0.000433884
443.2	0.000400973
443.3	0.000371201
443.4	0.00034654
443.5	0.000327801
443.6	0.00031124
443.7	0.000295734
443.8	0.000277553
443.9	0.000260125
444	0.000241158
444.1	0.000222737
444.2	0.000199356
444.3	0.000176728
444.4	0.000156975
444.5	0.000144899
444.6	0.000137883
444.7	0.000130374
444.8	0.000121441
444.9	0.000114095
445	0.000109235
445.1	9.96707e-05
445.2	8.4422e-05
445.3	6.48958e-05
445.4	4.59023e-05
445.5	3.01453e-05
445.6	1.57254e-05
445.7	1.48951e-06
445.8	-1.23183e-05
445.9	-2.65991e-05
446	-4.49162e-05
446.1	-7.00542e-05
446.2	-9.57452e-05
446.3	-0.000123886
446.4	-0.000151169
446.5	-0.000181132
446.6	-0.000213259
446.7	-0.000246877
446.8	-0.000280586
446.9	-0.000311568
447	-0.000346605
447.1	-0.0003824
447.2	-0.00041719
447.3	-0.000445984
447.4	-0.000468887
447.5	-0.00048902
447.6	-0.000504711
447.7	-0.000516839
447.8	-0.00053373
447.9	-0.000551083
448	-0.000572705
448.1	-0.00059789
448.2	-0.000623251
448.3	-0.000641422
448.4	-0.000659138
448.5	-0.000678396
448.6	-0.000693726
448.7	-0.000710836
448.8	-0.00073181
448.9	-0.000752893
449	-0.000778985
449.1	-0.000811735
449.2	-0.000846275
449.3	-0.000875907
449.4	-0.000899102
449.5	-0.000919229
449.6	-0.000931174
449.7	-0.000933573
449.8	-0.000928388
449.9	-0.000924962
450	-0.000927421
450.1	-0.000938354
450.2	-0.000949257
450.3	-0.000957195
450.4	-0.000957015
450.5	-0.000953874
450.6	-0.000950372
450.7	-0.000948724
450.8	-0.000949808
450.9	-0.000952508
451	-0.000958455
451.1	-0.000971584
451.2	-0.000986149
451.3	-0.00099857
451.4	-0.0010072
451.5	-0.00100955
451.6	-0.00100982
451.7	-0.00100825
451.8	-0.00100787
451.9	-0.0010071
452	-0.00100969
452.1	-0.00101062
452.2	-0.00100581
452.3	-0.000995089
452.4	-0.000982241
452.5	-0.000969429
452.6	-0.000953795
452.7	-0.000934647
452.8	-0.000915319
452.9	-0.000899956
453	-0.000884282
453.1	-0.000866543
453.2	-0.000849266
453.3	-0.000830178
453.4	-0.000806933
453.5	-0.000780572
453.6	-0.000748862
453.7	-0.000716299
453.8	-0.000685391
453.9	-0.000656867
454	-0.000625084
454.1	-0.000591719
454.2	-0.000557927
454.3	-0.000526224
454.4	-0.00049524
454.5	-0.000468109
454.6	-0.000442681
454.7	-0.000418353
454.8	-0.000393966
454.9	-0.000369483
455	-0.000346763
455.1	-0.0003261
455.2	-0.000304299
455.3	-0.000278345
455.4	-0.000247141
455.5	-0.000214567
455.6	-0.000187195
455.7	-0.000162471
455.8	-0.000137411
455.9	-0.000111675
456	-8.20198e-05
456.1	-4.7747e-05
456.2	-1.07836e-05
456.3	2.63962e-05
456.4	5.481e-05
456.5	8.05365e-05
456.6	0.000106812
456.7	0.000136192
456.8	0.000165552
456.9	0.000189186
457	0.000209855
457.1	0.000227409
457.2	0.000243665
457.3	0.000254627
457.4	0.000265164
457.5	0.000275682
457.6	0.00028865
457.7	0.00030222
457.8	0.000313537
457.9	0.000319694
458	0.000327076
458.1	0.000334417
458.2	0.000342361
458.3	0.000353436
458.4	0.000366404
458.5	0.000379784
458.6	0.000387425
458.7	0.000386821
458.8	0.000384009
458.9	0.000385563
459	0.000384307
459.1	0.000381441
459.2	0.000378892
459.3	0.000374421
459.4	0.000373193
459.5	0.000375846
459.6	0.00037832
459.7	0.000379763
459.8	0.000381976
459.9	0.000385116
460	0.000387159
460.1	0.000389044
460.2	0.000387118
460.3	0.000386085
460.4	0.00038642
460.5	0.000387762
460.6	0.000390407
460.7	0.0003971
460.8	0.000405702
460.9	0.000414287
461	0.000425017
461.1	0.000442401
461.2	0.000461854
461.3	0.000481094
461.4	0.000499685
461.5	0.000515
461.6	0.000525719
461.7	0.000530444
461.8	0.000530961
461.9	0.000528698
462	0.000527305
462.1	0.000526807
462.2	0.000528626
462.3	0.000528552
462.4	0.000531446
462.5	0.000538384
462.6	0.000550478
462.7	0.000562361
462.8	0.000569783
462.9	0.000574152
463	0.000579371
463.1	0.000586298
463.2	0.000593798
463.3	0.000595229
463.4	0.000596846
463.5	0.000603587
463.6	0.000609301
463.7	0.000615744
463.8	0.00062662
463.9	0.000635796
464	0.000647099
464.1	0.000662568
464.2	0.000678927
464.3	0.000695737
464.4	0.000716512
464.5	0.000734199
464.6	0.000742639
464.7	0.000749078
464.8	0.000751164
464.9	0.000752987
465	0.000757035
465.1	0.000762321
465.2	0.000768904
465.3	0.000769881
465.4	0.000763002
465.5	0.000752513
465.6	0.000741869
465.7	0.000736043
465.8	0.000730612
465.9	0.000721186
466	0.000710767
466.1	0.000700695
466.2	0.000686476
466.3	0.000670405
466.4	0.000644126
466.5	0.000609445
466.6	0.000570887
466.7	0.000530308
466.8	0.000491912
466.9	0.000451905
467	0.000415489
467.1	0.000377604
467.2	0.000336457
467.3	0.000295646
467.4	0.000249526
467.5	0.000202134
467.6	0.000156909
467.7	0.000111672
467.8	6.66515e-05
467.9	2.25012e-05
468	-2.09742e-05
468.1	-6.30503e-05
468.2	-0.000105565
468.3	-0.000148362
468.4	-0.000193073
468.5	-0.000237651
468.6	-0.000286
468.7	-0.000341733
468.8	-0.000400045
468.9	-0.000458037
469	-0.000513396
469.1	-0.000563761
469.2	-0.000611979
469.3	-0.000661699
469.4	-0.000713184
469.5	-0.000761809
469.6	-0.000805487
469.7	-0.000838761
469.8	-0.000866938
469.9	-0.000896837
470	-0.000928827
470.1	-0.000961399
470.2	-0.000995367
470.3	-0.00103341
470.4	-0.00107894
470.5	-0.00113383
470.6	-0.00118878
470.7	-0.00124335
470.8	-0.00129922
470.9	-0.00135704
471	-0.00141267
471.1	-0.00146962
471.2	-0.00152677
471.3	-0.0015792
471.4	-0.0016282
471.5	-0.00167254
471.6	-0.00171453
471.7	-0.00174897
471.8	-0.00178009
471.9	-0.00180802
472	-0.00183267
472.1	-0.00185004
472.2	-0.00186623
472.3	-0.0018813
472.4	-0.00189319
472.5	-0.00190234
472.6	-0.00191217
472.7	-0.00192377
472.8	-0.00193381
472.9	-0.00194067
473	-0.00194587
473.1	-0.00195077
473.2	-0.00195485
473.3	-0.0019605
473.4	-0.00196612
473.5	-0.00196557
473.6	-0.00196217
473.7	-0.0019574
473.8	-0.00195288
473.9	-0.00194598
474	-0.00193603
474.1	-0.0019231
474.2	-0.00191573
474.3	-0.0019061
474.4	-0.00189704
474.5	-0.00188745
474.6	-0.00187648
474.7	-0.00186166
474.8	-0.00184176
474.9	-0.0018154
475	-0.00178469
475.1	-0.0017546
475.2	-0.00172422
475.3	-0.0016874
475.4	-0.00164437
475.5	-0.00159824
475.6	-0.00155364
475.7	-0.00151085
475.8	-0.00146895
475.9	-0.00142739
476	-0.00138683
476.1	-0.00134922
476.2	-0.0013132
476.3	-0.00128296
476.4	-0.00125614
476.5	-0.00122924
476.6	-0.00120561
476.7	-0.00118258
476.8	-0.00115732
476.9	-0.00113203
477	-0.00110532
477.1	-0.00108167
477.2	-0.00105855
477.3	-0.00103683
477.4	-0.00101555
477.5	-0.00099593
477.6	-0.000977751
477.7	-0.00096386
477.8	-0.000952926
477.9	-0.000942032
478	-0.00093418
478.1	-0.000930653
478.2	-0.000929523
478.3	-0.000931482
478.4	-0.00093824
478.5	-0.000950799
478.6	-0.000969264
478.7	-0.000986766
478.8	-0.00100389
478.9	-0.00102596
479	-0.00105549
479.1	-0.00108375
479.2	-0.00111039
479.3	-0.00113861
479.4	-0.00116231
479.5	-0.0011831
479.6	-0.0011978
479.7	-0.00120869
479.8	-0.00121819
479.9	-0.00123106
480	-0.00124516
480.1	-0.00126378
480.2	-0.00128539
480.3	-0.00130976
480.4	-0.00132712
480.5	-0.00134009
480.6	-0.001351
480.7	-0.00136194
480.8	-0.00137387
480.9	-0.0013887
481	-0.00140046
481.1	-0.00141396
481.2	-0.00142967
481.3	-0.00144967
481.4	-0.00147073
481.5	-0.0014869
481.6	-0.00150003
481.7	-0.00150771
481.8	-0.00151191
481.9	-0.00151531
482	-0.00152008
482.1	-0.00152925
482.2	-0.00154083
482.3	-0.0015511
482.4	-0.00156167
482.5	-0.00156991
482.6	-0.0015757
482.7	-0.00157762
482.8	-0.00158298
482.9	-0.00159324
483	-0.00160302
483.1	-0.00161121
483.2	-0.00161782
483.3	-0.00162229
483.4	-0.00162619
483.5	-0.00163024
483.6	-0.00163567
483.7	-0.00164511
483.8	-0.00165838
483.9	-0.00167068
484	-0.00168836
484.1	-0.00171085
484.2	-0.00173001
484.3	-0.001746
484.4	-0.00175385
484.5	-0.00175753
484.6	-0.0017613
484.7	-0.00177023
484.8	-0.00177999
484.9	-0.00178792
485	-0.00179016
485.1	-0.00179359
485.2	-0.00179958
485.3	-0.00180618
485.4	-0.00181401
485.5	-0.00182203
485.6	-0.001831
485.7	-0.00184323
485.8	-0.00185825
485.9	-0.00187267
486	-0.00188803
486.1	-0.00190492
486.2	-0.00192528
486.3	-0.00194775
486.4	-0.00197146
486.5	-0.00199595
486.6	-0.00201773
486.7	-0.0020318
486.8	-0.00204492
486.9	-0.00205398
487	-0.00206057
487.1	-0.00206819
487.2	-0.00207285
487.3	-0.00207836
487.4	-0.00208183
487.5	-0.00208296
487.6	-0.00208217
487.7	-0.00207473
487.8	-0.00206969
487.9	-0.00206628
488	-0.00206381
488.1	-0.00206257
488.2	-0.00206186
488.3	-0.00206116
488.4	-0.00205905
488.5	-0.00205929
488.6	-0.00205729
488.7	-0.00205235
488.8	-0.00204564
488.9	-0.00204265
489	-0.00204694
489.1	-0.00205628
489.2	-0.00206831
489.3	-0.0020828
489.4	-0.00210175
489.5	-0.00212677
489.6	-0.00215038
489.7	-0.00217161
489.8	-0.00219493
489.9	-0.00222183
490	-0.00225408
490.1	-0.0022877
490.2	-0.00231766
490.3	-0.00234329
490.4	-0.00236915
490.5	-0.00239595
490.6	-0.00242538
490.7	-0.00245559
490.8	-0.00248358
490.9	-0.00250673
491	-0.00252057
491.1	-0.00252774
491.2	-0.00253227
491.3	-0.00253282
491.4	-0.00253284
491.5	-0.00252899
491.6	-0.00252499
491.7	-0.00251809
491.8	-0.00250998
491.9	-0.00249756
492	-0.00248154
492.1	-0.00246284
492.2	-0.00244496
492.3	-0.00242935
492.4	-0.00241884
492.5	-0.00241254
492.6	-0.00240879
492.7	-0.00240755
492.8	-0.00240775
492.9	-0.00241234
493	-0.00241658
493.1	-0.0024181
493.2	-0.00241729
493.3	-0.00241547
493.4	-0.00241201
493.5	-0.00241111
493.6	-0.0024176
493.7	-0.00242392
493.8	-0.0024286
493.9	-0.00243377
494	-0.00243539
494.1	-0.00244257
494.2	-0.00245459
494.3	-0.00246817
494.4	-0.00248597
494.5	-0.00250234
494.6	-0.00251712
494.7	-0.0025335
494.8	-0.00255214
494.9	-0.00257571
495	-0.00260164
495.1	-0.00263177
495.2	-0.00265802
495.3	-0.00267952
495.4	-0.00269876
495.5	-0.00271481
495.6	-0.00272391
495.7	-0.00272678
495.8	-0.00273248
495.9	-0.00273762
496	-0.00274125
496.1	-0.00274395
496.2	-0.00274967
496.3	-0.00275842
496.4	-0.00276931
496.5	-0.00278027
496.6	-0.00278763
496.7	-0.00278686
496.8	-0.00278505
496.9	-0.00278282
497	-0.0027832
497.1	-0.00278494
497.2	-0.0027834
497.3	-0.00277513
497.4	-0.00276051
497.5	-0.00274257
497.6	-0.00272893
497.7	-0.00272633
497.8	-0.00272698
497.9	-0.00273094
498	-0.00273143
498.1	-0.00272637
498.2	-0.00271461
498.3	-0.00269585
498.4	-0.00267197
498.5	-0.00264906
498.6	-0.00262811
498.7	-0.00260881
498.8	-0.00259213
498.9	-0.00257666
499	-0.00255593
499.1	-0.0025306
499.2	-0.00251115
499.3	-0.00249412
499.4	-0.00247834
499.5	-0.00246427
499.6	-0.00245066
499.7	-0.00243505
499.8	-0.00242129
499.9	-0.00241068
500	-0.00239787
