LagTime	Correlation

0	0.669947
0.1	0.664926
0.2	0.657433
0.3	0.649392
0.4	0.641289
0.5	0.633246
0.6	0.625297
0.7	0.617446
0.8	0.609693
0.9	0.602043
1	0.594495
1.1	0.587045
1.2	0.579688
1.3	0.572423
1.4	0.565251
1.5	0.558173
1.6	0.551189
1.7	0.544292
1.8	0.537477
1.9	0.530747
2	0.524104
2.1	0.517549
2.2	0.511081
2.3	0.5047
2.4	0.498402
2.5	0.492189
2.6	0.486055
2.7	0.48
2.8	0.47402
2.9	0.468116
3	0.462289
3.1	0.456533
3.2	0.45085
3.3	0.445236
3.4	0.43969
3.5	0.434208
3.6	0.428792
3.7	0.423444
3.8	0.418161
3.9	0.412951
4	0.407807
4.1	0.402725
4.2	0.397705
4.3	0.392745
4.4	0.387848
4.5	0.383014
4.6	0.378242
4.7	0.373524
4.8	0.368861
4.9	0.364257
5	0.359712
5.1	0.355226
5.2	0.350792
5.3	0.34641
5.4	0.342082
5.5	0.337809
5.6	0.333589
5.7	0.32942
5.8	0.325302
5.9	0.321237
6	0.317221
6.1	0.313256
6.2	0.309343
6.3	0.305484
6.4	0.301672
6.5	0.297909
6.6	0.294198
6.7	0.290539
6.8	0.286925
6.9	0.28336
7	0.279843
7.1	0.276369
7.2	0.272943
7.3	0.269557
7.4	0.26621
7.5	0.262905
7.6	0.259641
7.7	0.256415
7.8	0.25323
7.9	0.250082
8	0.246972
8.1	0.243896
8.2	0.240855
8.3	0.237849
8.4	0.234875
8.5	0.231934
8.6	0.229031
8.7	0.226166
8.8	0.22334
8.9	0.220546
9	0.217785
9.1	0.21506
9.2	0.212366
9.3	0.209702
9.4	0.20707
9.5	0.204475
9.6	0.201914
9.7	0.199386
9.8	0.196891
9.9	0.19443
10	0.191997
10.1	0.189593
10.2	0.18722
10.3	0.184877
10.4	0.182563
10.5	0.180275
10.6	0.178014
10.7	0.175778
10.8	0.173568
10.9	0.171386
11	0.169234
11.1	0.167106
11.2	0.165003
11.3	0.16293
11.4	0.160889
11.5	0.158879
11.6	0.156894
11.7	0.154932
11.8	0.152997
11.9	0.151086
12	0.1492
12.1	0.147337
12.2	0.145498
12.3	0.143685
12.4	0.141892
12.5	0.14012
12.6	0.138371
12.7	0.136643
12.8	0.134938
12.9	0.133252
13	0.131587
13.1	0.129938
13.2	0.128308
13.3	0.126694
13.4	0.125103
13.5	0.123534
13.6	0.121986
13.7	0.120462
13.8	0.118961
13.9	0.117479
14	0.116018
14.1	0.114578
14.2	0.113153
14.3	0.111745
14.4	0.110358
14.5	0.108995
14.6	0.107648
14.7	0.106321
14.8	0.105011
14.9	0.103717
15	0.102436
15.1	0.10117
15.2	0.0999126
15.3	0.0986599
15.4	0.0974177
15.5	0.0961914
15.6	0.0949773
15.7	0.0937785
15.8	0.0925935
15.9	0.0914229
16	0.0902638
16.1	0.0891153
16.2	0.0879803
16.3	0.0868599
16.4	0.0857504
16.5	0.0846505
16.6	0.083567
16.7	0.0825003
16.8	0.081451
16.9	0.0804149
17	0.0793937
17.1	0.0783839
17.2	0.0773847
17.3	0.0764006
17.4	0.0754314
17.5	0.0744805
17.6	0.0735469
17.7	0.0726257
17.8	0.0717114
17.9	0.07081
18	0.069926
18.1	0.0690543
18.2	0.0681925
18.3	0.0673443
18.4	0.0665092
18.5	0.0656832
18.6	0.0648631
18.7	0.064055
18.8	0.0632601
18.9	0.0624765
19	0.0617033
19.1	0.0609412
19.2	0.0601908
19.3	0.0594494
19.4	0.058717
19.5	0.05799
19.6	0.0572703
19.7	0.0565579
19.8	0.0558531
19.9	0.0551568
20	0.0544673
20.1	0.0537811
20.2	0.0531
20.3	0.0524273
20.4	0.0517633
20.5	0.051112
20.6	0.0504705
20.7	0.0498377
20.8	0.0492133
20.9	0.0485968
21	0.0479865
21.1	0.0473837
21.2	0.0467919
21.3	0.0462109
21.4	0.045637
21.5	0.0450748
21.6	0.0445219
21.7	0.0439724
21.8	0.0434228
21.9	0.0428742
22	0.0423292
22.1	0.0417866
22.2	0.0412472
22.3	0.0407094
22.4	0.040179
22.5	0.0396532
22.6	0.0391324
22.7	0.0386146
22.8	0.0380996
22.9	0.0375948
23	0.0370998
23.1	0.0366142
23.2	0.0361337
23.3	0.0356629
23.4	0.0351981
23.5	0.0347331
23.6	0.0342676
23.7	0.0338066
23.8	0.0333508
23.9	0.0329032
24	0.0324609
24.1	0.0320244
24.2	0.0315927
24.3	0.0311687
24.4	0.0307504
24.5	0.0303373
24.6	0.0299349
24.7	0.0295372
24.8	0.0291421
24.9	0.0287492
25	0.0283613
25.1	0.0279745
25.2	0.0275908
25.3	0.0272156
25.4	0.026846
25.5	0.0264771
25.6	0.0261104
25.7	0.0257478
25.8	0.0253916
25.9	0.0250434
26	0.0247023
26.1	0.0243693
26.2	0.0240414
26.3	0.0237192
26.4	0.0233888
26.5	0.023052
26.6	0.0227195
26.7	0.0223897
26.8	0.0220623
26.9	0.0217398
27	0.0214254
27.1	0.0211123
27.2	0.0208021
27.3	0.0205003
27.4	0.0202049
27.5	0.0199189
27.6	0.0196412
27.7	0.0193713
27.8	0.0191027
27.9	0.0188371
28	0.0185694
28.1	0.0183008
28.2	0.0180333
28.3	0.0177696
28.4	0.0175061
28.5	0.0172415
28.6	0.0169776
28.7	0.0167185
28.8	0.0164625
28.9	0.0162113
29	0.0159653
29.1	0.0157189
29.2	0.0154725
29.3	0.0152306
29.4	0.0149972
29.5	0.0147711
29.6	0.0145503
29.7	0.0143331
29.8	0.0141161
29.9	0.013906
30	0.0136963
30.1	0.0134847
30.2	0.0132776
30.3	0.0130758
30.4	0.012873
30.5	0.0126721
30.6	0.0124742
30.7	0.0122787
30.8	0.0120852
30.9	0.0118934
31	0.011707
31.1	0.0115257
31.2	0.0113524
31.3	0.0111848
31.4	0.0110212
31.5	0.0108612
31.6	0.0106987
31.7	0.0105375
31.8	0.0103819
31.9	0.0102296
32	0.0100819
32.1	0.00993443
32.2	0.00978812
32.3	0.00964431
32.4	0.00950104
32.5	0.00936734
32.6	0.00923881
32.7	0.00911503
32.8	0.00898964
32.9	0.00886378
33	0.0087424
33.1	0.0086257
33.2	0.00850672
33.3	0.00838508
33.4	0.00826559
33.5	0.00814758
33.6	0.00802842
33.7	0.00790941
33.8	0.00779526
33.9	0.00768791
34	0.00758479
34.1	0.00748129
34.2	0.00737707
34.3	0.00727172
34.4	0.00716528
34.5	0.0070584
34.6	0.00695554
34.7	0.0068539
34.8	0.00675868
34.9	0.00666665
35	0.00657839
35.1	0.00648798
35.2	0.0063969
35.3	0.00630667
35.4	0.00621857
35.5	0.00613368
35.6	0.00605047
35.7	0.00596654
35.8	0.00588399
35.9	0.00579631
36	0.00570676
36.1	0.00561617
36.2	0.00552192
36.3	0.00542717
36.4	0.00533212
36.5	0.00523383
36.6	0.00513297
36.7	0.00503331
36.8	0.00493023
36.9	0.00482926
37	0.00472954
37.1	0.00463057
37.2	0.00453233
37.3	0.00443531
37.4	0.00434054
37.5	0.00424871
37.6	0.00415464
37.7	0.0040635
37.8	0.00397235
37.9	0.00387963
38	0.00378157
38.1	0.0036829
38.2	0.00358358
38.3	0.00348439
38.4	0.00338467
38.5	0.00328468
38.6	0.00318615
38.7	0.00308752
38.8	0.00298729
38.9	0.00289329
39	0.00280194
39.1	0.00270867
39.2	0.0026139
39.3	0.00252034
39.4	0.00242219
39.5	0.00232303
39.6	0.00222305
39.7	0.002127
39.8	0.00202973
39.9	0.00193358
40	0.00184065
40.1	0.00175178
40.2	0.00166431
40.3	0.00157558
40.4	0.00149011
40.5	0.00140603
40.6	0.00132322
40.7	0.00124554
40.8	0.00117973
40.9	0.00111741
41	0.00105581
41.1	0.000998155
41.2	0.000940715
41.3	0.000880875
41.4	0.000822283
41.5	0.000757686
41.6	0.000693265
41.7	0.000633547
41.8	0.000574063
41.9	0.000512406
42	0.000451917
42.1	0.000391032
42.2	0.00033134
42.3	0.000271199
42.4	0.000205443
42.5	0.000137265
42.6	6.8783e-05
42.7	7.85181e-06
42.8	-5.11171e-05
42.9	-0.000105848
43	-0.000155614
43.1	-0.000200587
43.2	-0.000242667
43.3	-0.000283197
43.4	-0.0003227
43.5	-0.000358292
43.6	-0.000392602
43.7	-0.000426851
43.8	-0.000462313
43.9	-0.000500051
44	-0.000541231
44.1	-0.00058476
44.2	-0.000622254
44.3	-0.000657607
44.4	-0.000697279
44.5	-0.000740874
44.6	-0.000784637
44.7	-0.000826911
44.8	-0.000876101
44.9	-0.000927375
45	-0.000975147
45.1	-0.00101909
45.2	-0.00106386
45.3	-0.0011075
45.4	-0.00114775
45.5	-0.00118867
45.6	-0.00122816
45.7	-0.00126704
45.8	-0.00130426
45.9	-0.00133813
46	-0.00137017
46.1	-0.00140115
46.2	-0.00142775
46.3	-0.00145387
46.4	-0.00147608
46.5	-0.00149453
46.6	-0.00151067
46.7	-0.00152556
46.8	-0.00153942
46.9	-0.00155056
47	-0.00155717
47.1	-0.00156393
47.2	-0.00156985
47.3	-0.00158329
47.4	-0.0016027
47.5	-0.00162017
47.6	-0.00163492
47.7	-0.00164559
47.8	-0.00165513
47.9	-0.00166048
48	-0.00166421
48.1	-0.00166694
48.2	-0.00166762
48.3	-0.00166268
48.4	-0.00164998
48.5	-0.00163712
48.6	-0.00162413
48.7	-0.00161301
48.8	-0.00159978
48.9	-0.00158774
49	-0.00157023
49.1	-0.00155108
49.2	-0.00152964
49.3	-0.00151198
49.4	-0.00149546
49.5	-0.00147796
49.6	-0.00146285
49.7	-0.00144849
49.8	-0.00143526
49.9	-0.00142462
50	-0.00141561
50.1	-0.00140589
50.2	-0.00139881
50.3	-0.00139221
50.4	-0.00138212
50.5	-0.00137012
50.6	-0.00135879
50.7	-0.00134832
50.8	-0.001335
50.9	-0.0013203
51	-0.00130432
51.1	-0.00128666
51.2	-0.00126974
51.3	-0.00124809
51.4	-0.00122614
51.5	-0.00119949
51.6	-0.0011712
51.7	-0.00114439
51.8	-0.00111881
51.9	-0.00109376
52	-0.00107108
52.1	-0.00104769
52.2	-0.00102377
52.3	-0.000999299
52.4	-0.000972976
52.5	-0.000949788
52.6	-0.000930408
52.7	-0.000917183
52.8	-0.000911438
52.9	-0.000910738
53	-0.00091037
53.1	-0.000906351
53.2	-0.000899846
53.3	-0.000898341
53.4	-0.000896372
53.5	-0.00089504
53.6	-0.000894205
53.7	-0.000894404
53.8	-0.000895543
53.9	-0.000894009
54	-0.000889335
54.1	-0.000880603
54.2	-0.000870478
54.3	-0.000860793
54.4	-0.000850186
54.5	-0.000838754
54.6	-0.000829586
54.7	-0.000825334
54.8	-0.000824608
54.9	-0.000825406
55	-0.000819377
55.1	-0.000813483
55.2	-0.000801765
55.3	-0.000789933
55.4	-0.000774779
55.5	-0.000755294
55.6	-0.000731438
55.7	-0.000704405
55.8	-0.000673777
55.9	-0.00064036
56	-0.000601011
56.1	-0.00055915
56.2	-0.000519225
56.3	-0.000478112
56.4	-0.000439511
56.5	-0.000400335
56.6	-0.000360723
56.7	-0.000317439
56.8	-0.000277346
56.9	-0.000241593
57	-0.000202463
57.1	-0.000154695
57.2	-9.91572e-05
57.3	-3.69223e-05
57.4	2.17665e-05
57.5	7.93553e-05
57.6	0.000134408
57.7	0.000185501
57.8	0.000233075
57.9	0.000273726
58	0.000310058
58.1	0.000343126
58.2	0.000375699
58.3	0.00040861
58.4	0.000442723
58.5	0.000477275
58.6	0.000512781
58.7	0.000548032
58.8	0.000583828
58.9	0.000622749
59	0.000662294
59.1	0.000703537
59.2	0.000748563
59.3	0.000797237
59.4	0.000849536
59.5	0.000907965
59.6	0.00097382
59.7	0.00104641
59.8	0.00111756
59.9	0.00118833
60	0.00125873
60.1	0.00133044
60.2	0.00140402
60.3	0.00147772
60.4	0.00154893
60.5	0.00161876
60.6	0.00168949
60.7	0.00175769
60.8	0.00182559
60.9	0.00189082
61	0.0019529
61.1	0.00201333
61.2	0.00206964
61.3	0.00212065
61.4	0.00216856
61.5	0.00220985
61.6	0.00224651
61.7	0.00227958
61.8	0.00231366
61.9	0.00235483
62	0.00239671
62.1	0.00244023
62.2	0.00248613
62.3	0.00253499
62.4	0.00258333
62.5	0.00263335
62.6	0.00269014
62.7	0.00274892
62.8	0.00280935
62.9	0.00287147
63	0.00293464
63.1	0.00299352
63.2	0.00304811
63.3	0.0031009
63.4	0.00315263
63.5	0.00320055
63.6	0.00324567
63.7	0.0032891
63.8	0.0033291
63.9	0.00336871
64	0.00340914
64.1	0.0034463
64.2	0.0034775
64.3	0.0035047
64.4	0.0035268
64.5	0.00354114
64.6	0.00355736
64.7	0.00357365
64.8	0.0035911
64.9	0.00360869
65	0.00362273
65.1	0.00363077
65.2	0.00363143
65.3	0.00362763
65.4	0.00361965
65.5	0.00361273
65.6	0.00360909
65.7	0.00360797
65.8	0.00360314
65.9	0.00359529
66	0.00359118
66.1	0.00358969
66.2	0.00358657
66.3	0.00357893
66.4	0.00357185
66.5	0.00356152
66.6	0.00354401
66.7	0.00352119
66.8	0.00348946
66.9	0.00345161
67	0.00341284
67.1	0.00337391
67.2	0.00333508
67.3	0.00329799
67.4	0.00325794
67.5	0.00321538
67.6	0.00316775
67.7	0.00311772
67.8	0.0030741
67.9	0.00302964
68	0.00298569
68.1	0.00294477
68.2	0.00290724
68.3	0.00287134
68.4	0.00283347
68.5	0.00279718
68.6	0.0027641
68.7	0.00273141
68.8	0.00270747
68.9	0.00268836
69	0.0026694
69.1	0.00265197
69.2	0.00263996
69.3	0.0026349
69.4	0.0026323
69.5	0.00262821
69.6	0.00262573
69.7	0.00262318
69.8	0.00262567
69.9	0.00263277
70	0.00264096
70.1	0.00264408
70.2	0.00264454
70.3	0.00264287
70.4	0.00263989
70.5	0.0026377
70.6	0.00263309
70.7	0.00262497
70.8	0.00261611
70.9	0.00260784
71	0.0025957
71.1	0.00258657
71.2	0.00258496
71.3	0.00258374
71.4	0.00258057
71.5	0.00257778
71.6	0.0025778
71.7	0.00258152
71.8	0.00258861
71.9	0.00259624
72	0.00259675
72.1	0.0025943
72.2	0.00259047
72.3	0.0025852
72.4	0.002585
72.5	0.00258441
72.6	0.00257966
72.7	0.00257222
72.8	0.00255619
72.9	0.00253508
73	0.00250952
73.1	0.00247958
73.2	0.00244685
73.3	0.00241089
73.4	0.00237209
73.5	0.00233096
73.6	0.0022904
73.7	0.00224705
73.8	0.00220407
73.9	0.00216115
74	0.00212069
74.1	0.00207974
74.2	0.00204102
74.3	0.00200782
74.4	0.00197675
74.5	0.00194559
74.6	0.00191433
74.7	0.00188765
74.8	0.00186172
74.9	0.00183679
75	0.00181319
75.1	0.00178861
75.2	0.00176629
75.3	0.00174207
75.4	0.00171408
75.5	0.00168124
75.6	0.00164926
75.7	0.00161345
75.8	0.0015736
75.9	0.00153479
76	0.00150042
76.1	0.00147768
76.2	0.00146055
76.3	0.00144385
76.4	0.00142764
76.5	0.00140883
76.6	0.0013903
76.7	0.0013723
76.8	0.00135628
76.9	0.00134252
77	0.00132771
77.1	0.0013151
77.2	0.00130138
77.3	0.00128657
77.4	0.00126972
77.5	0.00125227
77.6	0.00123836
77.7	0.00122629
77.8	0.00121589
77.9	0.00121201
78	0.00121452
78.1	0.00121954
78.2	0.00122414
78.3	0.00122838
78.4	0.00122876
78.5	0.00122379
78.6	0.00121594
78.7	0.00120328
78.8	0.00118769
78.9	0.00117365
79	0.00116201
79.1	0.00115439
79.2	0.00115264
79.3	0.00115214
79.4	0.00115585
79.5	0.00116089
79.6	0.00116259
79.7	0.0011606
79.8	0.00115428
79.9	0.00114706
80	0.00113916
80.1	0.00112845
80.2	0.00111597
80.3	0.00110995
80.4	0.00110724
80.5	0.00110558
80.6	0.00110548
80.7	0.00110452
80.8	0.00110387
80.9	0.00109995
81	0.00109384
81.1	0.00108928
81.2	0.00108545
81.3	0.00108279
81.4	0.00108284
81.5	0.00108498
81.6	0.00108674
81.7	0.00109243
81.8	0.00109871
81.9	0.00110603
82	0.00111693
82.1	0.00113089
82.2	0.0011454
82.3	0.00116229
82.4	0.00118427
82.5	0.00120161
82.6	0.00121337
82.7	0.00122309
82.8	0.0012303
82.9	0.00123535
83	0.00124047
83.1	0.001246
83.2	0.00124805
83.3	0.00125045
83.4	0.00125205
83.5	0.00125281
83.6	0.00125617
83.7	0.00125853
83.8	0.00126251
83.9	0.00126972
84	0.00127864
84.1	0.00129426
84.2	0.00131307
84.3	0.00133024
84.4	0.00134999
84.5	0.00137561
84.6	0.00140995
84.7	0.00144362
84.8	0.00147943
84.9	0.00151184
85	0.00154468
85.1	0.0015791
85.2	0.00161937
85.3	0.00166524
85.4	0.0017104
85.5	0.00175654
85.6	0.00179918
85.7	0.00184248
85.8	0.00188353
85.9	0.00192507
86	0.00196473
86.1	0.00200341
86.2	0.00204308
86.3	0.0020844
86.4	0.00212183
86.5	0.00216011
86.6	0.0021993
86.7	0.00223454
86.8	0.00226363
86.9	0.00229271
87	0.00232423
87.1	0.0023556
87.2	0.00238833
87.3	0.00241772
87.4	0.00244395
87.5	0.00246876
87.6	0.00249531
87.7	0.00252605
87.8	0.00256049
87.9	0.00259829
88	0.00263717
88.1	0.0026798
88.2	0.00272542
88.3	0.00277036
88.4	0.00281421
88.5	0.00285236
88.6	0.00288339
88.7	0.00291029
88.8	0.00293806
88.9	0.0029683
89	0.00300251
89.1	0.00303513
89.2	0.00306854
89.3	0.00310454
89.4	0.00314054
89.5	0.00317095
89.6	0.00319798
89.7	0.00322361
89.8	0.00324495
89.9	0.00326755
90	0.00329225
90.1	0.00331418
90.2	0.0033335
90.3	0.00335012
90.4	0.0033645
90.5	0.00337609
90.6	0.00338704
90.7	0.00339781
90.8	0.00340751
90.9	0.0034159
91	0.00342295
91.1	0.00342374
91.2	0.00342145
91.3	0.00341595
91.4	0.00340483
91.5	0.00339198
91.6	0.00337648
91.7	0.00335994
91.8	0.00334367
91.9	0.00331964
92	0.0032887
92.1	0.00326137
92.2	0.00323928
92.3	0.00322111
92.4	0.00320679
92.5	0.00319025
92.6	0.00317361
92.7	0.00315227
92.8	0.00312628
92.9	0.00310397
93	0.00308276
93.1	0.0030635
93.2	0.00304166
93.3	0.00302051
93.4	0.0030031
93.5	0.00298547
93.6	0.00296654
93.7	0.00294113
93.8	0.00291104
93.9	0.00288049
94	0.0028495
94.1	0.00281707
94.2	0.00278514
94.3	0.00275364
94.4	0.00272852
94.5	0.00270693
94.6	0.00268334
94.7	0.00266046
94.8	0.00263993
94.9	0.00262097
95	0.00260238
95.1	0.00258661
95.2	0.00257014
95.3	0.00255577
95.4	0.00254448
95.5	0.00253957
95.6	0.00253645
95.7	0.00253584
95.8	0.00253933
95.9	0.00254364
96	0.00254515
96.1	0.00254145
96.2	0.00253699
96.3	0.00253105
96.4	0.00252415
96.5	0.00251437
96.6	0.00249892
96.7	0.00248181
96.8	0.00246442
96.9	0.00244927
97	0.00242718
97.1	0.00240216
97.2	0.00237371
97.3	0.00234688
97.4	0.00231872
97.5	0.00229098
97.6	0.00227059
97.7	0.00225713
97.8	0.00224838
97.9	0.00224271
98	0.0022336
98.1	0.00222246
98.2	0.00221736
98.3	0.00221602
98.4	0.00221174
98.5	0.00220519
98.6	0.00219369
98.7	0.00217998
98.8	0.00217245
98.9	0.00216928
99	0.00216726
99.1	0.00216711
99.2	0.00217132
99.3	0.00218023
99.4	0.00218993
99.5	0.00219826
99.6	0.00220823
99.7	0.00221668
99.8	0.00222169
99.9	0.00221923
100	0.00221766
100.1	0.00221816
100.2	0.00222163
100.3	0.00222114
100.4	0.00222138
100.5	0.002216
100.6	0.00220564
100.7	0.00219007
100.8	0.00217621
100.9	0.0021533
101	0.00212591
101.1	0.0020977
101.2	0.00206875
101.3	0.0020393
101.4	0.00201545
101.5	0.00199603
101.6	0.00198189
101.7	0.00197243
101.8	0.00196684
101.9	0.00196453
102	0.0019623
102.1	0.00195725
102.2	0.00195127
102.3	0.00194284
102.4	0.00193489
102.5	0.00192676
102.6	0.0019109
102.7	0.00189112
102.8	0.00187077
102.9	0.0018519
103	0.0018315
103.1	0.00181828
103.2	0.00181221
103.3	0.00180586
103.4	0.00180185
103.5	0.00180352
103.6	0.00180382
103.7	0.00180392
103.8	0.00180322
103.9	0.00179708
104	0.00178554
104.1	0.0017739
104.2	0.00176306
104.3	0.00175296
104.4	0.00174208
104.5	0.00172818
104.6	0.00171092
104.7	0.00169599
104.8	0.00168255
104.9	0.00166818
105	0.00165621
105.1	0.00164628
105.2	0.00163916
105.3	0.00163496
105.4	0.00163165
105.5	0.00162819
105.6	0.00161661
105.7	0.00159789
105.8	0.0015793
105.9	0.0015642
106	0.00155018
106.1	0.00153522
106.2	0.00151823
106.3	0.00150262
106.4	0.00148939
106.5	0.00147743
106.6	0.001465
106.7	0.00145372
106.8	0.00144753
106.9	0.00144429
107	0.00144578
107.1	0.00144879
107.2	0.00145006
107.3	0.00145056
107.4	0.00145228
107.5	0.00145599
107.6	0.0014576
107.7	0.00145788
107.8	0.00145278
107.9	0.00144823
108	0.00144284
108.1	0.00143897
108.2	0.00143681
108.3	0.00144004
108.4	0.00144962
108.5	0.0014632
108.6	0.00147895
108.7	0.00149301
108.8	0.00150178
108.9	0.00151155
109	0.00152284
109.1	0.00153547
109.2	0.00154979
109.3	0.00156705
109.4	0.00158433
109.5	0.00160039
109.6	0.00161318
109.7	0.00162439
109.8	0.00163338
109.9	0.00163999
110	0.00163966
110.1	0.00163796
110.2	0.00163495
110.3	0.00163355
110.4	0.00163083
110.5	0.00163096
110.6	0.00163219
110.7	0.00163502
110.8	0.00163481
110.9	0.00162907
111	0.00161821
111.1	0.00160235
111.2	0.00158425
111.3	0.00156601
111.4	0.00155206
111.5	0.00153843
111.6	0.00152309
111.7	0.00151051
111.8	0.00149952
111.9	0.00149312
112	0.00149097
112.1	0.00149183
112.2	0.00150182
112.3	0.00151147
112.4	0.00152282
112.5	0.00153571
112.6	0.00154722
112.7	0.00156193
112.8	0.00157994
112.9	0.00160093
113	0.00162037
113.1	0.0016359
113.2	0.00165073
113.3	0.00166619
113.4	0.00168088
113.5	0.00169459
113.6	0.00170327
113.7	0.00171359
113.8	0.00172136
113.9	0.00172576
114	0.0017258
114.1	0.00171921
114.2	0.00170654
114.3	0.00169149
114.4	0.00167745
114.5	0.00166473
114.6	0.00165604
114.7	0.00164759
114.8	0.0016424
114.9	0.00164246
115	0.0016477
115.1	0.00165012
115.2	0.00164746
115.3	0.0016421
115.4	0.00163672
115.5	0.0016288
115.6	0.00162493
115.7	0.00161911
115.8	0.00161642
115.9	0.00161301
116	0.00160614
116.1	0.001598
116.2	0.00159093
116.3	0.00158296
116.4	0.0015736
116.5	0.00156265
116.6	0.00155332
116.7	0.00154658
116.8	0.00153832
116.9	0.00153073
117	0.00152202
117.1	0.00150899
117.2	0.00149315
117.3	0.00147291
117.4	0.00145591
117.5	0.00143993
117.6	0.00142599
117.7	0.0014145
117.8	0.00140679
117.9	0.00140083
118	0.00139307
118.1	0.00138793
118.2	0.00138041
118.3	0.00136952
118.4	0.00135508
118.5	0.00133567
118.6	0.0013116
118.7	0.00128696
118.8	0.00126107
118.9	0.00123623
119	0.00121204
119.1	0.00118728
119.2	0.0011619
119.3	0.00113785
119.4	0.00111406
119.5	0.00108773
119.6	0.00106473
119.7	0.00104837
119.8	0.00103144
119.9	0.00101256
120	0.000987306
120.1	0.000958912
120.2	0.000928916
120.3	0.000899727
120.4	0.000872076
120.5	0.000842991
120.6	0.000815074
120.7	0.00078989
120.8	0.000769585
120.9	0.000751144
121	0.000729699
121.1	0.000706753
121.2	0.000686558
121.3	0.000671998
121.4	0.00065884
121.5	0.000645744
121.6	0.000629347
121.7	0.000617795
121.8	0.000611127
121.9	0.000610574
122	0.000614441
122.1	0.000624546
122.2	0.000632681
122.3	0.000634073
122.4	0.000629144
122.5	0.000624005
122.6	0.00061689
122.7	0.000607539
122.8	0.000594761
122.9	0.000579131
123	0.000565316
123.1	0.00055244
123.2	0.000544963
123.3	0.000538163
123.4	0.000534836
123.5	0.000528319
123.6	0.000519114
123.7	0.000505513
123.8	0.000492289
123.9	0.000479163
124	0.000465141
124.1	0.000452191
124.2	0.000439471
124.3	0.000429297
124.4	0.000423518
124.5	0.000417078
124.6	0.000408058
124.7	0.00039688
124.8	0.00037916
124.9	0.000352044
125	0.000321569
125.1	0.00028662
125.2	0.00024699
125.3	0.000207634
125.4	0.000166319
125.5	0.000127197
125.6	9.11163e-05
125.7	5.53444e-05
125.8	1.78916e-05
125.9	-1.766e-05
126	-5.04593e-05
126.1	-8.2078e-05
126.2	-0.000113884
126.3	-0.000144541
126.4	-0.000173953
126.5	-0.000208515
126.6	-0.000243694
126.7	-0.000275048
126.8	-0.000305539
126.9	-0.000338229
127	-0.000373523
127.1	-0.000411809
127.2	-0.000452391
127.3	-0.000489053
127.4	-0.00052625
127.5	-0.000562815
127.6	-0.000599918
127.7	-0.000640085
127.8	-0.000684715
127.9	-0.000738143
128	-0.000802436
128.1	-0.00087118
128.2	-0.000940245
128.3	-0.00100891
128.4	-0.00107569
128.5	-0.00113768
128.6	-0.00119696
128.7	-0.00125531
128.8	-0.00131344
128.9	-0.0013693
129	-0.00142416
129.1	-0.00147673
129.2	-0.00152919
129.3	-0.0015846
129.4	-0.0016398
129.5	-0.00169043
129.6	-0.001742
129.7	-0.001793
129.8	-0.0018392
129.9	-0.00188133
130	-0.00192042
130.1	-0.00195633
130.2	-0.00199071
130.3	-0.00202664
130.4	-0.00206467
130.5	-0.00210439
130.6	-0.0021425
130.7	-0.00218072
130.8	-0.00221761
130.9	-0.00225539
131	-0.00229588
131.1	-0.0023327
131.2	-0.00236858
131.3	-0.00240372
131.4	-0.00243826
131.5	-0.00247136
131.6	-0.00250401
131.7	-0.00253073
131.8	-0.00255063
131.9	-0.00256045
132	-0.00256313
132.1	-0.00256516
132.2	-0.00256454
132.3	-0.00256035
132.4	-0.00255462
132.5	-0.00254873
132.6	-0.00253645
132.7	-0.00252556
132.8	-0.00251933
132.9	-0.00251627
133	-0.0025074
133.1	-0.0024945
133.2	-0.00247085
133.3	-0.0024402
133.4	-0.00240251
133.5	-0.00235922
133.6	-0.00231503
133.7	-0.00227276
133.8	-0.00223104
133.9	-0.00218834
134	-0.00214824
134.1	-0.00211227
134.2	-0.00208055
134.3	-0.00205177
134.4	-0.00202195
134.5	-0.00199557
134.6	-0.00197237
134.7	-0.00195418
134.8	-0.00193636
134.9	-0.00192057
135	-0.00190971
135.1	-0.0019024
135.2	-0.00189818
135.3	-0.0018982
135.4	-0.00189521
135.5	-0.00189073
135.6	-0.00188815
135.7	-0.00188374
135.8	-0.00187643
135.9	-0.00186367
136	-0.00185132
136.1	-0.00184263
136.2	-0.00183346
136.3	-0.00182338
136.4	-0.00181402
136.5	-0.00180469
136.6	-0.00179282
136.7	-0.00178214
136.8	-0.0017734
136.9	-0.00176577
137	-0.00175693
137.1	-0.00174562
137.2	-0.00173141
137.3	-0.00171206
137.4	-0.00168881
137.5	-0.00166182
137.6	-0.00163717
137.7	-0.0016156
137.8	-0.00159175
137.9	-0.00156698
138	-0.00154112
138.1	-0.00151466
138.2	-0.00149445
138.3	-0.00147801
138.4	-0.00146794
138.5	-0.00146057
138.6	-0.00145381
138.7	-0.00144223
138.8	-0.00142702
138.9	-0.00140593
139	-0.00138157
139.1	-0.0013632
139.2	-0.00134935
139.3	-0.00134089
139.4	-0.00133326
139.5	-0.0013275
139.6	-0.00132579
139.7	-0.00132289
139.8	-0.00131613
139.9	-0.00130688
140	-0.00129425
140.1	-0.00128112
140.2	-0.00126909
140.3	-0.00126076
140.4	-0.00124988
140.5	-0.00123365
140.6	-0.00121398
140.7	-0.00119072
140.8	-0.00116979
140.9	-0.00115156
141	-0.00113216
141.1	-0.00111485
141.2	-0.00109864
141.3	-0.00108331
141.4	-0.00106702
141.5	-0.00105035
141.6	-0.00102933
141.7	-0.00100584
141.8	-0.000980365
141.9	-0.00095571
142	-0.000938651
142.1	-0.000922685
142.2	-0.000906057
142.3	-0.000889511
142.4	-0.000869514
142.5	-0.000850384
142.6	-0.00083767
142.7	-0.000825779
142.8	-0.000816664
142.9	-0.000807696
143	-0.000793691
143.1	-0.000778775
143.2	-0.000764052
143.3	-0.000751112
143.4	-0.000741808
143.5	-0.000728973
143.6	-0.000712427
143.7	-0.000698533
143.8	-0.00068652
143.9	-0.000668044
144	-0.000641029
144.1	-0.000607395
144.2	-0.000573196
144.3	-0.000540977
144.4	-0.000510873
144.5	-0.000475159
144.6	-0.000435618
144.7	-0.000396854
144.8	-0.00036211
144.9	-0.000332832
145	-0.000308121
145.1	-0.000286488
145.2	-0.000270197
145.3	-0.000254434
145.4	-0.000241152
145.5	-0.000228701
145.6	-0.000214809
145.7	-0.000199319
145.8	-0.000189521
145.9	-0.000183358
146	-0.000183427
146.1	-0.000188619
146.2	-0.000197536
146.3	-0.000210365
146.4	-0.000228541
146.5	-0.000248524
146.6	-0.000269791
146.7	-0.000289656
146.8	-0.000309963
146.9	-0.000327658
147	-0.000345853
147.1	-0.000370222
147.2	-0.000399646
147.3	-0.000429698
147.4	-0.000458868
147.5	-0.000484291
147.6	-0.000510594
147.7	-0.000538285
147.8	-0.000570862
147.9	-0.000606208
148	-0.000641263
148.1	-0.000677501
148.2	-0.000712641
148.3	-0.000751751
148.4	-0.000788694
148.5	-0.000827729
148.6	-0.000862827
148.7	-0.000892935
148.8	-0.00092103
148.9	-0.000951742
149	-0.00098234
149.1	-0.00101391
149.2	-0.00104675
149.3	-0.00107529
149.4	-0.00110043
149.5	-0.00112001
149.6	-0.00113234
149.7	-0.00114025
149.8	-0.00114783
149.9	-0.00115379
150	-0.00115953
150.1	-0.00116846
150.2	-0.00117739
150.3	-0.00118956
150.4	-0.00120455
150.5	-0.00121883
150.6	-0.00122797
150.7	-0.00123526
150.8	-0.00124092
150.9	-0.00124028
151	-0.00123669
151.1	-0.00122633
151.2	-0.00121193
151.3	-0.00120222
151.4	-0.00119154
151.5	-0.0011873
151.6	-0.00118837
151.7	-0.00119222
151.8	-0.00120081
151.9	-0.00121145
152	-0.00122591
152.1	-0.00124416
152.2	-0.00126587
152.3	-0.00128662
152.4	-0.00131043
152.5	-0.00133044
152.6	-0.00135304
152.7	-0.00137807
152.8	-0.0014019
152.9	-0.00142751
153	-0.00145535
153.1	-0.0014873
153.2	-0.00152054
153.3	-0.00155645
153.4	-0.00159068
153.5	-0.00162407
153.6	-0.0016615
153.7	-0.00170229
153.8	-0.00174099
153.9	-0.00177912
154	-0.00181641
154.1	-0.00185313
154.2	-0.00188907
154.3	-0.00192656
154.4	-0.00196635
154.5	-0.00200371
154.6	-0.00203485
154.7	-0.00206488
154.8	-0.00209299
154.9	-0.00211722
155	-0.00213713
155.1	-0.00215302
155.2	-0.00216871
155.3	-0.00218146
155.4	-0.00218675
155.5	-0.00219094
155.6	-0.00219295
155.7	-0.0021915
155.8	-0.00218838
155.9	-0.0021837
156	-0.00217927
156.1	-0.00218146
156.2	-0.00218486
156.3	-0.00218991
156.4	-0.00219652
156.5	-0.00220763
156.6	-0.00221658
156.7	-0.00222528
156.8	-0.00223488
156.9	-0.00224564
157	-0.00225454
157.1	-0.00226597
157.2	-0.00227881
157.3	-0.00229185
157.4	-0.00230432
157.5	-0.00231033
157.6	-0.00231177
157.7	-0.0023166
157.8	-0.00232414
157.9	-0.00233812
158	-0.00235296
158.1	-0.00236168
158.2	-0.00236689
158.3	-0.00237028
158.4	-0.00237421
158.5	-0.00237975
158.6	-0.00238889
158.7	-0.00239781
158.8	-0.00240548
158.9	-0.00241322
159	-0.00242131
159.1	-0.00242817
159.2	-0.00243864
159.3	-0.00244866
159.4	-0.0024579
159.5	-0.00247329
159.6	-0.00249296
159.7	-0.0025129
159.8	-0.0025327
159.9	-0.00254706
160	-0.0025603
160.1	-0.00257097
160.2	-0.00258012
160.3	-0.00258931
160.4	-0.00260002
160.5	-0.00261874
160.6	-0.00263929
160.7	-0.00266
160.8	-0.00267916
160.9	-0.00269796
161	-0.00271557
161.1	-0.00273772
161.2	-0.00276266
161.3	-0.00278964
161.4	-0.00281937
161.5	-0.00284994
161.6	-0.00287706
161.7	-0.00290512
161.8	-0.00293123
161.9	-0.00295805
162	-0.0029846
162.1	-0.00301026
162.2	-0.00303456
162.3	-0.00305714
162.4	-0.00308001
162.5	-0.00310423
162.6	-0.00312851
162.7	-0.00315114
162.8	-0.00317463
162.9	-0.00319845
163	-0.00322336
163.1	-0.00324799
163.2	-0.00326855
163.3	-0.00328694
163.4	-0.00330743
163.5	-0.0033267
163.6	-0.00334666
163.7	-0.00336276
163.8	-0.0033775
163.9	-0.00339839
164	-0.00341913
164.1	-0.00343717
164.2	-0.00344892
164.3	-0.00346289
164.4	-0.00348251
164.5	-0.0034997
164.6	-0.00351302
164.7	-0.00352227
164.8	-0.00353099
164.9	-0.00353785
165	-0.00355213
165.1	-0.00356531
165.2	-0.00357664
165.3	-0.00359144
165.4	-0.00360744
165.5	-0.00362178
165.6	-0.00363894
165.7	-0.00365786
165.8	-0.00367481
165.9	-0.00369074
166	-0.00370611
166.1	-0.0037216
166.2	-0.00373425
166.3	-0.00374553
166.4	-0.00375669
166.5	-0.00375958
166.6	-0.00375827
166.7	-0.00375767
166.8	-0.00375563
166.9	-0.00374893
167	-0.00373647
167.1	-0.00372081
167.2	-0.00370705
167.3	-0.00369513
167.4	-0.00368551
167.5	-0.00367117
167.6	-0.0036513
167.7	-0.00363248
167.8	-0.0036119
167.9	-0.00358976
168	-0.00356436
168.1	-0.00353655
168.2	-0.00351309
168.3	-0.0034902
168.4	-0.00346677
168.5	-0.0034415
168.6	-0.00341459
168.7	-0.00338233
168.8	-0.00334866
168.9	-0.0033147
169	-0.00327777
169.1	-0.00323619
169.2	-0.00319161
169.3	-0.00314782
169.4	-0.00310994
169.5	-0.00307259
169.6	-0.00303781
169.7	-0.00300135
169.8	-0.00295879
169.9	-0.00291968
170	-0.00288612
170.1	-0.00285951
170.2	-0.00283139
170.3	-0.00279809
170.4	-0.00276168
170.5	-0.00272691
170.6	-0.00269551
170.7	-0.00266274
170.8	-0.00262882
170.9	-0.00259173
171	-0.00255492
171.1	-0.00251982
171.2	-0.00248192
171.3	-0.00244082
171.4	-0.00239566
171.5	-0.00234983
171.6	-0.00230124
171.7	-0.00225203
171.8	-0.00220093
171.9	-0.00214908
172	-0.0020972
172.1	-0.00204712
172.2	-0.00199824
172.3	-0.00194957
172.4	-0.00190064
172.5	-0.0018539
172.6	-0.00181047
172.7	-0.001766
172.8	-0.00172358
172.9	-0.00168293
173	-0.00163629
173.1	-0.00158748
173.2	-0.00153795
173.3	-0.00148931
173.4	-0.00144141
173.5	-0.0013936
173.6	-0.00134499
173.7	-0.00129137
173.8	-0.00123083
173.9	-0.00117062
174	-0.00111237
174.1	-0.00105825
174.2	-0.00100598
174.3	-0.000954602
174.4	-0.000907718
174.5	-0.000869873
174.6	-0.000846067
174.7	-0.000831685
174.8	-0.000818215
174.9	-0.000806987
175	-0.000798927
175.1	-0.000790377
175.2	-0.000783724
175.3	-0.00077318
175.4	-0.000763817
175.5	-0.000755936
175.6	-0.000748697
175.7	-0.000742175
175.8	-0.000731961
175.9	-0.000719188
176	-0.000707948
176.1	-0.000699486
176.2	-0.000695988
176.3	-0.000695659
176.4	-0.000697098
176.5	-0.000703336
176.6	-0.000708208
176.7	-0.000712286
176.8	-0.00071675
176.9	-0.000719305
177	-0.000717327
177.1	-0.000711238
177.2	-0.000704361
177.3	-0.000699812
177.4	-0.00069642
177.5	-0.000695077
177.6	-0.000693975
177.7	-0.000689652
177.8	-0.00068376
177.9	-0.000681255
178	-0.000680894
178.1	-0.000679045
178.2	-0.000674292
178.3	-0.000669779
178.4	-0.000665309
178.5	-0.000660456
178.6	-0.000656392
178.7	-0.000657759
178.8	-0.000664508
178.9	-0.000670419
179	-0.000670753
179.1	-0.000664551
179.2	-0.000656157
179.3	-0.000640162
179.4	-0.000620617
179.5	-0.000599538
179.6	-0.000582339
179.7	-0.000565404
179.8	-0.000550326
179.9	-0.00053604
180	-0.000521797
180.1	-0.000506724
180.2	-0.000489128
180.3	-0.000467545
180.4	-0.000441242
180.5	-0.00041385
180.6	-0.000388547
180.7	-0.000367161
180.8	-0.000349871
180.9	-0.00033407
181	-0.000319975
181.1	-0.000300223
181.2	-0.000274517
181.3	-0.000249152
181.4	-0.000223434
181.5	-0.00019289
181.6	-0.000162874
181.7	-0.000129098
181.8	-9.3683e-05
181.9	-6.04191e-05
182	-2.85008e-05
182.1	-8.24493e-07
182.2	2.49337e-05
182.3	5.01095e-05
182.4	7.13917e-05
182.5	8.5457e-05
182.6	9.83034e-05
182.7	0.000109827
182.8	0.000119018
182.9	0.000132304
183	0.000146022
183.1	0.000162321
183.2	0.000184044
183.3	0.000211108
183.4	0.000240116
183.5	0.000262778
183.6	0.000282572
183.7	0.000299267
183.8	0.000315029
183.9	0.000331225
184	0.000350109
184.1	0.000372434
184.2	0.000389349
184.3	0.000401038
184.4	0.000411651
184.5	0.000425297
184.6	0.000441926
184.7	0.000463977
184.8	0.000491178
184.9	0.000520755
185	0.000554841
185.1	0.000591725
185.2	0.00062675
185.3	0.00066232
185.4	0.000696952
185.5	0.000734427
185.6	0.000774625
185.7	0.00081396
185.8	0.000850258
185.9	0.000884367
186	0.000918505
186.1	0.000951686
186.2	0.000976626
186.3	0.000996556
186.4	0.00101374
186.5	0.00102449
186.6	0.00103372
186.7	0.00104155
186.8	0.00105089
186.9	0.00105435
187	0.00105212
187.1	0.00105133
187.2	0.00105457
187.3	0.00105821
187.4	0.00106007
187.5	0.00106055
187.6	0.00106229
187.7	0.00105639
187.8	0.00104879
187.9	0.00104481
188	0.0010452
188.1	0.00104716
188.2	0.00105255
188.3	0.00105979
188.4	0.00106552
188.5	0.00107245
188.6	0.00108219
188.7	0.00108955
188.8	0.00109785
188.9	0.00110737
189	0.00112034
189.1	0.00113383
189.2	0.00115283
189.3	0.00117441
189.4	0.00119239
189.5	0.00120776
189.6	0.00121801
189.7	0.00122384
189.8	0.00122897
189.9	0.00123065
190	0.00123026
190.1	0.00123165
190.2	0.00123492
190.3	0.0012423
190.4	0.00124834
190.5	0.00125698
190.6	0.00127199
190.7	0.00128422
190.8	0.00129342
190.9	0.00130298
191	0.00131125
191.1	0.00131316
191.2	0.00131333
191.3	0.00131434
191.4	0.00131253
191.5	0.00131426
191.6	0.00132211
191.7	0.00133162
191.8	0.00134016
191.9	0.00134442
192	0.00134644
192.1	0.00135158
192.2	0.00136398
192.3	0.00137704
192.4	0.00138945
192.5	0.00140135
192.6	0.00141426
192.7	0.00142714
192.8	0.00143121
192.9	0.0014257
193	0.00141606
193.1	0.00140559
193.2	0.00139057
193.3	0.00136817
193.4	0.00134436
193.5	0.00131696
193.6	0.00128749
193.7	0.00125497
193.8	0.00122221
193.9	0.00118855
194	0.00115891
194.1	0.00112984
194.2	0.00109895
194.3	0.00107366
194.4	0.00105221
194.5	0.00103323
194.6	0.00101838
194.7	0.0010048
194.8	0.000989585
194.9	0.000976881
195	0.000964163
195.1	0.000953006
195.2	0.000939134
195.3	0.000925575
195.4	0.000911526
195.5	0.00089848
195.6	0.000886324
195.7	0.000874915
195.8	0.000863459
195.9	0.000851929
196	0.000841416
196.1	0.000832028
196.2	0.000824773
196.3	0.0008157
196.4	0.000802942
196.5	0.000793079
196.6	0.000788754
196.7	0.000785029
196.8	0.000780846
196.9	0.000769658
197	0.000758293
197.1	0.000752359
197.2	0.000753303
197.3	0.000756538
197.4	0.000757362
197.5	0.000758708
197.6	0.000756751
197.7	0.000752432
197.8	0.000743651
197.9	0.000734298
198	0.000723999
198.1	0.000712309
198.2	0.000701042
198.3	0.000693354
198.4	0.000688638
198.5	0.000684836
198.6	0.000682242
198.7	0.000684386
198.8	0.0006915
198.9	0.000699394
199	0.000709813
199.1	0.000724614
199.2	0.000744982
199.3	0.000770348
199.4	0.000796441
199.5	0.00081861
199.6	0.000842137
199.7	0.000862491
199.8	0.000881019
199.9	0.000903545
200	0.000926297
200.1	0.000947506
200.2	0.000965936
200.3	0.000979272
200.4	0.000985757
200.5	0.000988749
200.6	0.000988665
200.7	0.000985786
200.8	0.000982458
200.9	0.000979054
201	0.000970791
201.1	0.000960786
201.2	0.000944636
201.3	0.000924706
201.4	0.000903017
201.5	0.000884118
201.6	0.000859753
201.7	0.000831923
201.8	0.000805694
201.9	0.000774128
202	0.000744521
202.1	0.000719021
202.2	0.000694948
202.3	0.00066649
202.4	0.000634586
202.5	0.000601639
202.6	0.0005685
202.7	0.000543577
202.8	0.000524267
202.9	0.000509287
203	0.000490534
203.1	0.000468905
203.2	0.000452081
203.3	0.000439642
203.4	0.00043224
203.5	0.000421261
203.6	0.000411785
203.7	0.00040343
203.8	0.000396031
203.9	0.000393927
204	0.00039159
204.1	0.000392698
204.2	0.000394249
204.3	0.000389634
204.4	0.000378161
204.5	0.0003623
204.6	0.000341761
204.7	0.000327422
204.8	0.000322914
204.9	0.000319351
205	0.000313905
205.1	0.000307582
205.2	0.000300407
205.3	0.000289262
205.4	0.000271503
205.5	0.000251918
205.6	0.000234965
205.7	0.000215484
205.8	0.000192272
205.9	0.000170952
206	0.000148223
206.1	0.000123067
206.2	9.51487e-05
206.3	7.00418e-05
206.4	4.28239e-05
206.5	1.30505e-05
206.6	-2.04822e-05
206.7	-5.70471e-05
206.8	-8.88612e-05
206.9	-0.000120495
207	-0.00015073
207.1	-0.000178548
207.2	-0.000206916
207.3	-0.000234826
207.4	-0.000265821
207.5	-0.000296829
207.6	-0.000326673
207.7	-0.000355932
207.8	-0.000383328
207.9	-0.000403772
208	-0.000417178
208.1	-0.000428162
208.2	-0.000439841
208.3	-0.000454598
208.4	-0.000470238
208.5	-0.000482492
208.6	-0.000493454
208.7	-0.000501963
208.8	-0.000507115
208.9	-0.000504683
209	-0.000505646
209.1	-0.000502974
209.2	-0.000498968
209.3	-0.000493071
209.4	-0.000492938
209.5	-0.00049772
209.6	-0.00050377
209.7	-0.000513514
209.8	-0.000527457
209.9	-0.000542096
210	-0.000559892
210.1	-0.000578058
210.2	-0.000597375
210.3	-0.000615804
210.4	-0.000636409
210.5	-0.000661014
210.6	-0.000687599
210.7	-0.000714902
210.8	-0.000743078
210.9	-0.00077258
211	-0.000801764
211.1	-0.000830077
211.2	-0.000857231
211.3	-0.000884672
211.4	-0.000911882
211.5	-0.000938152
211.6	-0.000964728
211.7	-0.000989765
211.8	-0.00100688
211.9	-0.00102259
212	-0.00103791
212.1	-0.00105802
212.2	-0.00108142
212.3	-0.00110224
212.4	-0.00111311
212.5	-0.00112103
212.6	-0.00113152
212.7	-0.00114354
212.8	-0.00115818
212.9	-0.00117382
213	-0.00118914
213.1	-0.00120273
213.2	-0.00121819
213.3	-0.00123686
213.4	-0.00125596
213.5	-0.0012687
213.6	-0.00127189
213.7	-0.00127441
213.8	-0.00127586
213.9	-0.00127671
214	-0.00127416
214.1	-0.00127111
214.2	-0.00127442
214.3	-0.00127766
214.4	-0.00128464
214.5	-0.00129238
214.6	-0.00130517
214.7	-0.00131949
214.8	-0.00132916
214.9	-0.00133643
215	-0.00134535
215.1	-0.00135733
215.2	-0.00136853
215.3	-0.00138039
215.4	-0.00139205
215.5	-0.00140439
215.6	-0.00141887
215.7	-0.00142993
215.8	-0.00144168
215.9	-0.00145199
216	-0.00146262
216.1	-0.00147298
216.2	-0.00148338
216.3	-0.00149398
216.4	-0.00150681
216.5	-0.00152415
216.6	-0.00154566
216.7	-0.00156386
216.8	-0.00157328
216.9	-0.0015823
217	-0.00158963
217.1	-0.00159467
217.2	-0.00159611
217.3	-0.00159552
217.4	-0.00158991
217.5	-0.00157808
217.6	-0.00156588
217.7	-0.00155301
217.8	-0.00153533
217.9	-0.00152001
218	-0.00150846
218.1	-0.00150337
218.2	-0.00150103
218.3	-0.00150241
218.4	-0.00150588
218.5	-0.00151175
218.6	-0.00151892
218.7	-0.0015259
218.8	-0.00153146
218.9	-0.00153327
219	-0.00153459
219.1	-0.00153428
219.2	-0.00153007
219.3	-0.00152441
219.4	-0.00151887
219.5	-0.0015116
219.6	-0.00150026
219.7	-0.00148889
219.8	-0.00147509
219.9	-0.0014588
220	-0.00144114
220.1	-0.00142096
220.2	-0.00140002
220.3	-0.00137469
220.4	-0.00134865
220.5	-0.00132019
220.6	-0.00128991
220.7	-0.00125367
220.8	-0.00121719
220.9	-0.00118626
221	-0.00115507
221.1	-0.00111691
221.2	-0.00108252
221.3	-0.00105266
221.4	-0.00102492
221.5	-0.000996663
221.6	-0.000969569
221.7	-0.000942855
221.8	-0.000914886
221.9	-0.000882352
222	-0.000848623
222.1	-0.000817482
222.2	-0.000793209
222.3	-0.000774863
222.4	-0.000762536
222.5	-0.000752875
222.6	-0.000738763
222.7	-0.000724334
222.8	-0.000708376
222.9	-0.000689469
223	-0.000668625
223.1	-0.000644398
223.2	-0.000618348
223.3	-0.000591442
223.4	-0.000565736
223.5	-0.000540352
223.6	-0.00051294
223.7	-0.000482306
223.8	-0.000448178
223.9	-0.000411628
224	-0.000376903
224.1	-0.000345282
224.2	-0.000312819
224.3	-0.000281126
224.4	-0.000253685
224.5	-0.000224624
224.6	-0.000192877
224.7	-0.000159884
224.8	-0.000124885
224.9	-8.95204e-05
225	-5.52301e-05
225.1	-1.8715e-05
225.2	1.81626e-05
225.3	5.79322e-05
225.4	9.6996e-05
225.5	0.000137178
225.6	0.000179413
225.7	0.00022712
225.8	0.000274191
225.9	0.000323634
226	0.000368371
226.1	0.000406186
226.2	0.000438485
226.3	0.000472895
226.4	0.000510014
226.5	0.000549117
226.6	0.000585499
226.7	0.000616518
226.8	0.000643191
226.9	0.000666728
227	0.000690263
227.1	0.000714116
227.2	0.000741011
227.3	0.00076344
227.4	0.000784753
227.5	0.000802826
227.6	0.000820924
227.7	0.000841818
227.8	0.000865288
227.9	0.000893675
228	0.000925629
228.1	0.000951841
228.2	0.000975786
228.3	0.000998
228.4	0.00101395
228.5	0.00103051
228.6	0.00104719
228.7	0.00106691
228.8	0.00109143
228.9	0.00112149
229	0.00115306
229.1	0.00118623
229.2	0.00121691
229.3	0.00125305
229.4	0.00128779
229.5	0.00132585
229.6	0.00136074
229.7	0.00138956
229.8	0.00141424
229.9	0.00143989
230	0.00146588
230.1	0.00148872
230.2	0.0015158
230.3	0.00154179
230.4	0.00156361
230.5	0.00158123
230.6	0.00159052
230.7	0.00159854
230.8	0.00160537
230.9	0.0016108
231	0.00161424
231.1	0.00161586
231.2	0.00160961
231.3	0.00159686
231.4	0.00158044
231.5	0.00156015
231.6	0.00154224
231.7	0.00152482
231.8	0.00151737
231.9	0.00151399
232	0.00150962
232.1	0.00150481
232.2	0.00149686
232.3	0.00148945
232.4	0.00148294
232.5	0.00147453
232.6	0.0014665
232.7	0.00146215
232.8	0.00145716
232.9	0.00145303
233	0.00144667
233.1	0.00143735
233.2	0.00142725
233.3	0.00141307
233.4	0.00139814
233.5	0.00138499
233.6	0.00137043
233.7	0.00135209
233.8	0.00133695
233.9	0.001328
234	0.00132387
234.1	0.00132342
234.2	0.00132188
234.3	0.00131369
234.4	0.00130161
234.5	0.00129235
234.6	0.00128795
234.7	0.00128674
234.8	0.00128378
234.9	0.00128058
235	0.00127416
235.1	0.0012708
235.2	0.0012686
235.3	0.00126571
235.4	0.00126208
235.5	0.00125889
235.6	0.00125857
235.7	0.0012567
235.8	0.00126018
235.9	0.00126416
236	0.00126707
236.1	0.00126863
236.2	0.00126525
236.3	0.00126063
236.4	0.00125502
236.5	0.00124794
236.6	0.00124035
236.7	0.00122906
236.8	0.0012173
236.9	0.00120465
237	0.00119194
237.1	0.00117826
237.2	0.00116571
237.3	0.00115367
237.4	0.00114925
237.5	0.0011439
237.6	0.00114652
237.7	0.00115467
237.8	0.00116091
237.9	0.00116415
238	0.00116152
238.1	0.00115311
238.2	0.0011437
238.3	0.00114029
238.4	0.00113796
238.5	0.0011401
238.6	0.00114547
238.7	0.0011493
238.8	0.00115246
238.9	0.00115382
239	0.00114958
239.1	0.00114163
239.2	0.00112813
239.3	0.00111233
239.4	0.00109702
239.5	0.00107452
239.6	0.00104828
239.7	0.00102275
239.8	0.000993629
239.9	0.000963355
240	0.000930425
240.1	0.000899651
240.2	0.000875867
240.3	0.000861834
240.4	0.000847275
240.5	0.000830957
240.6	0.000820338
240.7	0.000813694
240.8	0.000811262
240.9	0.000814093
241	0.000816698
241.1	0.000817151
241.2	0.000817875
241.3	0.000822489
241.4	0.000828552
241.5	0.000830139
241.6	0.000827143
241.7	0.00082179
241.8	0.000813241
241.9	0.000808085
242	0.00080775
242.1	0.000813218
242.2	0.000819734
242.3	0.000825947
242.4	0.000832179
242.5	0.000830496
242.6	0.000824328
242.7	0.000812106
242.8	0.000795539
242.9	0.000778615
243	0.000763055
243.1	0.000745939
243.2	0.000723363
243.3	0.000703053
243.4	0.000683439
243.5	0.000662605
243.6	0.000640254
243.7	0.000616588
243.8	0.00059267
243.9	0.000567014
244	0.000538503
244.1	0.000512428
244.2	0.000490472
244.3	0.00046928
244.4	0.000445909
244.5	0.000419072
244.6	0.000393883
244.7	0.000364459
244.8	0.000331187
244.9	0.000292207
245	0.00024845
245.1	0.000207271
245.2	0.000170387
245.3	0.000134989
245.4	0.000104939
245.5	7.5451e-05
245.6	4.43002e-05
245.7	1.03209e-05
245.8	-3.16605e-05
245.9	-7.8535e-05
246	-0.000129538
246.1	-0.000180575
246.2	-0.000230757
246.3	-0.000283318
246.4	-0.000337039
246.5	-0.000391224
246.6	-0.000439239
246.7	-0.000485115
246.8	-0.000527168
246.9	-0.000569996
247	-0.000611324
247.1	-0.000650657
247.2	-0.000689796
247.3	-0.00073168
247.4	-0.00077403
247.5	-0.000813277
247.6	-0.00084739
247.7	-0.000879518
247.8	-0.000912189
247.9	-0.000947725
248	-0.000985994
248.1	-0.00101836
248.2	-0.00105088
248.3	-0.00108594
248.4	-0.00112785
248.5	-0.00117461
248.6	-0.0012226
248.7	-0.00127291
248.8	-0.00132347
248.9	-0.00136187
249	-0.00138895
249.1	-0.00141394
249.2	-0.00144158
249.3	-0.00146827
249.4	-0.001493
249.5	-0.00151873
249.6	-0.00153959
249.7	-0.00156002
249.8	-0.00158206
249.9	-0.00160259
250	-0.00162432
250.1	-0.00164019
250.2	-0.00165364
250.3	-0.00166456
250.4	-0.00167519
250.5	-0.00168672
250.6	-0.00169269
250.7	-0.0016942
250.8	-0.00169405
250.9	-0.00169422
251	-0.00169113
251.1	-0.00168514
251.2	-0.0016798
251.3	-0.00168024
251.4	-0.00168522
251.5	-0.00169238
251.6	-0.00170323
251.7	-0.00171853
251.8	-0.00173261
251.9	-0.00174456
252	-0.00175082
252.1	-0.00175364
252.2	-0.00175223
252.3	-0.00174834
252.4	-0.0017419
252.5	-0.00173078
252.6	-0.00171421
252.7	-0.00169578
252.8	-0.00167609
252.9	-0.00165864
253	-0.00164579
253.1	-0.00163305
253.2	-0.00161897
253.3	-0.00160785
253.4	-0.00159632
253.5	-0.00158508
253.6	-0.00157979
253.7	-0.0015772
253.8	-0.00157322
253.9	-0.00157049
254	-0.00156919
254.1	-0.00157356
254.2	-0.00157883
254.3	-0.00158846
254.4	-0.00160142
254.5	-0.00161486
254.6	-0.00162776
254.7	-0.00163717
254.8	-0.00164355
254.9	-0.00164961
255	-0.00165119
255.1	-0.00165059
255.2	-0.00164959
255.3	-0.00164413
255.4	-0.00163325
255.5	-0.00161892
255.6	-0.00159889
255.7	-0.00157789
255.8	-0.0015623
255.9	-0.00155168
256	-0.00154529
256.1	-0.00154355
256.2	-0.00154527
256.3	-0.00155016
256.4	-0.00155609
256.5	-0.00156135
256.6	-0.00156654
256.7	-0.00157139
256.8	-0.00157664
256.9	-0.00158214
257	-0.00158279
257.1	-0.00158128
257.2	-0.00157813
257.3	-0.00157072
257.4	-0.0015653
257.5	-0.00155895
257.6	-0.00155301
257.7	-0.00154541
257.8	-0.00153228
257.9	-0.00151607
258	-0.0014993
258.1	-0.00148554
258.2	-0.00147891
258.3	-0.00147836
258.4	-0.00148234
258.5	-0.00148976
258.6	-0.00150089
258.7	-0.0015102
258.8	-0.00152101
258.9	-0.00152985
259	-0.00153926
259.1	-0.00155041
259.2	-0.00156043
259.3	-0.00156817
259.4	-0.0015675
259.5	-0.00156003
259.6	-0.00155339
259.7	-0.00155141
259.8	-0.00155452
259.9	-0.00155818
260	-0.00155654
260.1	-0.00155612
260.2	-0.0015556
260.3	-0.00155205
260.4	-0.00154394
260.5	-0.00152978
260.6	-0.00150949
260.7	-0.00148916
260.8	-0.00147034
260.9	-0.00144627
261	-0.0014198
261.1	-0.00139295
261.2	-0.00136455
261.3	-0.00133529
261.4	-0.0013083
261.5	-0.00128292
261.6	-0.00125835
261.7	-0.00123736
261.8	-0.0012169
261.9	-0.00119799
262	-0.00117631
262.1	-0.00115423
262.2	-0.00113609
262.3	-0.00111501
262.4	-0.00109172
262.5	-0.00106648
262.6	-0.00103719
262.7	-0.00100247
262.8	-0.000969603
262.9	-0.000939104
263	-0.000911533
263.1	-0.000883867
263.2	-0.000854698
263.3	-0.000829069
263.4	-0.000806236
263.5	-0.000780553
263.6	-0.00075228
263.7	-0.000722948
263.8	-0.000699255
263.9	-0.000684772
264	-0.000674072
264.1	-0.000667976
264.2	-0.00066428
264.3	-0.000661584
264.4	-0.000652274
264.5	-0.000637759
264.6	-0.000617518
264.7	-0.000593166
264.8	-0.000567781
264.9	-0.000544289
265	-0.000518211
265.1	-0.000491897
265.2	-0.000465133
265.3	-0.000437166
265.4	-0.000408701
265.5	-0.000383151
265.6	-0.000358024
265.7	-0.000330581
265.8	-0.000299213
265.9	-0.000263569
266	-0.000228724
266.1	-0.000201586
266.2	-0.000187045
266.3	-0.000181268
266.4	-0.00018103
266.5	-0.000184793
266.6	-0.000185253
266.7	-0.000188227
266.8	-0.000190408
266.9	-0.000192771
267	-0.000188
267.1	-0.000180769
267.2	-0.000175982
267.3	-0.000170157
267.4	-0.000168841
267.5	-0.000168902
267.6	-0.000171482
267.7	-0.000171524
267.8	-0.000174869
267.9	-0.000175935
268	-0.000173026
268.1	-0.000161416
268.2	-0.000149707
268.3	-0.000139522
268.4	-0.000129858
268.5	-0.000118849
268.6	-0.000111586
268.7	-0.000109585
268.8	-0.000114312
268.9	-0.000122669
269	-0.00012977
269.1	-0.000137646
269.2	-0.000146329
269.3	-0.000152516
269.4	-0.000155431
269.5	-0.000160765
269.6	-0.00017699
269.7	-0.000198757
269.8	-0.000224965
269.9	-0.000252068
270	-0.000286306
270.1	-0.000322069
270.2	-0.000356024
270.3	-0.000388796
270.4	-0.000421134
270.5	-0.000447606
270.6	-0.000470089
270.7	-0.000490593
270.8	-0.000515019
270.9	-0.000534893
271	-0.00055212
271.1	-0.000566392
271.2	-0.000580938
271.3	-0.000598729
271.4	-0.000616356
271.5	-0.000628542
271.6	-0.000638119
271.7	-0.000647296
271.8	-0.000659709
271.9	-0.000673252
272	-0.000690597
272.1	-0.000710374
272.2	-0.000731316
272.3	-0.000750891
272.4	-0.000773065
272.5	-0.000792613
272.6	-0.000807898
272.7	-0.000823116
272.8	-0.000839014
272.9	-0.000859751
273	-0.00088181
273.1	-0.000908176
273.2	-0.000941344
273.3	-0.000977537
273.4	-0.00101402
273.5	-0.00104738
273.6	-0.00107798
273.7	-0.00110932
273.8	-0.0011383
273.9	-0.00116704
274	-0.00119564
274.1	-0.00121651
274.2	-0.00123634
274.3	-0.00125953
274.4	-0.00128313
274.5	-0.00130551
274.6	-0.00132531
274.7	-0.00134307
274.8	-0.00136425
274.9	-0.00138591
275	-0.00140314
275.1	-0.00141418
275.2	-0.00141627
275.3	-0.00141939
275.4	-0.00142624
275.5	-0.00143437
275.6	-0.00143822
275.7	-0.00143602
275.8	-0.00142929
275.9	-0.00142004
276	-0.00141197
276.1	-0.00140275
276.2	-0.00139137
276.3	-0.00137647
276.4	-0.0013618
276.5	-0.0013473
276.6	-0.00133224
276.7	-0.00132165
276.8	-0.00131775
276.9	-0.00131665
277	-0.00131696
277.1	-0.00131792
277.2	-0.00131918
277.3	-0.00131572
277.4	-0.00131093
277.5	-0.00130474
277.6	-0.00129833
277.7	-0.00129
277.8	-0.00128429
277.9	-0.0012753
278	-0.00126771
278.1	-0.00125974
278.2	-0.00125518
278.3	-0.00125467
278.4	-0.00125428
278.5	-0.00125563
278.6	-0.00125942
278.7	-0.00125809
278.8	-0.00125673
278.9	-0.00125364
279	-0.0012508
279.1	-0.00125191
279.2	-0.00125414
279.3	-0.00125356
279.4	-0.00125668
279.5	-0.00126245
279.6	-0.00126583
279.7	-0.00126703
279.8	-0.00126826
279.9	-0.00126782
280	-0.00126505
280.1	-0.00125801
280.2	-0.0012472
280.3	-0.00123453
280.4	-0.00122541
280.5	-0.00121298
280.6	-0.00120078
280.7	-0.00119045
280.8	-0.00117964
280.9	-0.00116777
281	-0.00115816
281.1	-0.00114879
281.2	-0.00113967
281.3	-0.00113159
281.4	-0.00112466
281.5	-0.00111025
281.6	-0.00109302
281.7	-0.00107443
281.8	-0.00105919
281.9	-0.00104382
282	-0.00102814
282.1	-0.00101363
282.2	-0.00100208
282.3	-0.000988757
282.4	-0.000968573
282.5	-0.000948024
282.6	-0.000931622
282.7	-0.000918211
282.8	-0.000906549
282.9	-0.000900257
283	-0.000896407
283.1	-0.000892612
283.2	-0.000885101
283.3	-0.000871631
283.4	-0.000856497
283.5	-0.000838847
283.6	-0.000814173
283.7	-0.000782386
283.8	-0.000744853
283.9	-0.000706152
284	-0.000666366
284.1	-0.000630336
284.2	-0.000593543
284.3	-0.00055484
284.4	-0.000519309
284.5	-0.000488728
284.6	-0.000456191
284.7	-0.00041925
284.8	-0.000382885
284.9	-0.00035374
285	-0.00032939
285.1	-0.000308278
285.2	-0.000283663
285.3	-0.000260351
285.4	-0.000235525
285.5	-0.000205931
285.6	-0.000175502
285.7	-0.000147957
285.8	-0.000126552
285.9	-0.000103416
286	-7.58587e-05
286.1	-4.69961e-05
286.2	-1.52401e-05
286.3	1.2423e-05
286.4	3.24511e-05
286.5	5.40333e-05
286.6	7.63397e-05
286.7	0.000102656
286.8	0.000129003
286.9	0.000153497
287	0.000180068
287.1	0.00020538
287.2	0.000225206
287.3	0.000241566
287.4	0.000252399
287.5	0.000259789
287.6	0.000263075
287.7	0.000271053
287.8	0.000285018
287.9	0.000299641
288	0.000310523
288.1	0.000322579
288.2	0.000333917
288.3	0.000348164
288.4	0.00036207
288.5	0.000373882
288.6	0.000383886
288.7	0.000395005
288.8	0.000407139
288.9	0.00042474
289	0.000443689
289.1	0.000462539
289.2	0.000482944
289.3	0.000503085
289.4	0.00052502
289.5	0.00055384
289.6	0.00058433
289.7	0.000618728
289.8	0.000651827
289.9	0.000679915
290	0.000704868
290.1	0.000734118
290.2	0.00076077
290.3	0.000789258
290.4	0.00081688
290.5	0.00084636
290.6	0.000876739
290.7	0.000904089
290.8	0.00092972
290.9	0.00095551
291	0.000977363
291.1	0.000995481
291.2	0.00101183
291.3	0.00102543
291.4	0.00104289
291.5	0.0010556
291.6	0.00106934
291.7	0.00108015
291.8	0.00109177
291.9	0.00110172
292	0.00111393
292.1	0.00112629
292.2	0.00114032
292.3	0.00115454
292.4	0.00116649
292.5	0.00117612
292.6	0.00118833
292.7	0.0012047
292.8	0.00122628
292.9	0.00125489
293	0.00128414
293.1	0.00131702
293.2	0.00135283
293.3	0.00139144
293.4	0.00143766
293.5	0.0014834
293.6	0.00153013
293.7	0.00157738
293.8	0.00161953
293.9	0.00165398
294	0.00168852
294.1	0.00172605
294.2	0.00176967
294.3	0.00182019
294.4	0.00187554
294.5	0.00193379
294.6	0.00199449
294.7	0.00205239
294.8	0.00211239
294.9	0.00217732
295	0.00224752
295.1	0.00231477
295.2	0.00238197
295.3	0.00244876
295.4	0.00251198
295.5	0.00257716
295.6	0.0026401
295.7	0.0027001
295.8	0.00275576
295.9	0.00281011
296	0.00286025
296.1	0.00290988
296.2	0.00295647
296.3	0.00299949
296.4	0.0030383
296.5	0.00307729
296.6	0.00311486
296.7	0.00315409
296.8	0.00319354
296.9	0.0032289
297	0.00326194
297.1	0.00329141
297.2	0.00331548
297.3	0.00333123
297.4	0.00334108
297.5	0.00334822
297.6	0.00335613
297.7	0.00336487
297.8	0.00337342
297.9	0.00338441
298	0.00339568
298.1	0.00340966
298.2	0.00342505
298.3	0.00344116
298.4	0.00345697
298.5	0.00347341
298.6	0.00348713
298.7	0.00350422
298.8	0.00352637
298.9	0.00355551
299	0.00359133
299.1	0.00362913
299.2	0.00366756
299.3	0.00370673
299.4	0.00374396
299.5	0.00377973
299.6	0.00381631
299.7	0.00384971
299.8	0.00388261
299.9	0.00391554
300	0.00394811
300.1	0.00398408
300.2	0.00402511
300.3	0.00406525
300.4	0.00410625
300.5	0.00415068
300.6	0.00419734
300.7	0.00424223
300.8	0.00428528
300.9	0.00432833
301	0.00437079
301.1	0.0044081
301.2	0.0044409
301.3	0.00447123
301.4	0.00450119
301.5	0.00453296
301.6	0.00456927
301.7	0.00460645
301.8	0.00464593
301.9	0.00468616
302	0.00472383
302.1	0.00476315
302.2	0.00480239
302.3	0.00483659
302.4	0.0048686
302.5	0.00490314
302.6	0.00493574
302.7	0.0049719
302.8	0.00500958
302.9	0.00504735
303	0.00508145
303.1	0.00511323
303.2	0.00514801
303.3	0.00517825
303.4	0.00520461
303.5	0.005228
303.6	0.00524804
303.7	0.00526555
303.8	0.00528348
303.9	0.00530802
304	0.00533801
304.1	0.00536836
304.2	0.00539708
304.3	0.00541838
304.4	0.00543251
304.5	0.005439
304.6	0.00543916
304.7	0.00543543
304.8	0.00542532
304.9	0.00541003
305	0.00539511
305.1	0.00538388
305.2	0.00537458
305.3	0.00536011
305.4	0.00534382
305.5	0.005324
305.6	0.00530322
305.7	0.00528592
305.8	0.00527117
305.9	0.00525121
306	0.00523005
306.1	0.00520409
306.2	0.00517584
306.3	0.00514895
306.4	0.0051241
306.5	0.00510395
306.6	0.00509061
306.7	0.00507786
306.8	0.00506554
306.9	0.00505323
307	0.00504387
307.1	0.00503688
307.2	0.0050317
307.3	0.00502948
307.4	0.00502499
307.5	0.00501876
307.6	0.00501167
307.7	0.00500173
307.8	0.00498935
307.9	0.00497644
308	0.00496608
308.1	0.00495288
308.2	0.00494143
308.3	0.00493301
308.4	0.00492501
308.5	0.00491787
308.6	0.00490804
308.7	0.00489494
308.8	0.00487935
308.9	0.00485995
309	0.00484414
309.1	0.00483052
309.2	0.00481471
309.3	0.00479748
309.4	0.00477863
309.5	0.00476329
309.6	0.00474768
309.7	0.00473748
309.8	0.00473041
309.9	0.00472399
310	0.00472141
310.1	0.00472327
310.2	0.00472127
310.3	0.00471813
310.4	0.00471519
310.5	0.00471358
310.6	0.00471415
310.7	0.00471361
310.8	0.00471108
310.9	0.00470801
311	0.00470757
311.1	0.00470733
311.2	0.00470636
311.3	0.00470419
311.4	0.00470597
311.5	0.00470616
311.6	0.00470749
311.7	0.00470805
311.8	0.00470578
311.9	0.00469974
312	0.00469158
312.1	0.00468755
312.2	0.00468573
312.3	0.0046784
312.4	0.00466446
312.5	0.00464888
312.6	0.00463025
312.7	0.00461566
312.8	0.00460183
312.9	0.00459317
313	0.00458822
313.1	0.00457857
313.2	0.00457452
313.3	0.00457401
313.4	0.00457101
313.5	0.00456582
313.6	0.00455836
313.7	0.00454616
313.8	0.00453225
313.9	0.00451272
314	0.00449107
314.1	0.00446833
314.2	0.00444506
314.3	0.00442371
314.4	0.00439928
314.5	0.00437021
314.6	0.00433677
314.7	0.00429798
314.8	0.00425733
314.9	0.00421315
315	0.00417203
315.1	0.00413714
315.2	0.0041029
315.3	0.00406552
315.4	0.00403149
315.5	0.0039969
315.6	0.00395824
315.7	0.00391276
315.8	0.00386164
315.9	0.00380841
316	0.00375173
316.1	0.00369911
316.2	0.00364978
316.3	0.00360494
316.4	0.00356563
316.5	0.00353263
316.6	0.003506
316.7	0.00347905
316.8	0.00345291
316.9	0.0034278
317	0.00340472
317.1	0.00338496
317.2	0.00336834
317.3	0.0033504
317.4	0.00332635
317.5	0.00329942
317.6	0.00327176
317.7	0.00324378
317.8	0.00321358
317.9	0.00318827
318	0.00315992
318.1	0.00313161
318.2	0.00310529
318.3	0.00307854
318.4	0.00305345
318.5	0.00303033
318.6	0.00300436
318.7	0.00297565
318.8	0.00294388
318.9	0.00291125
319	0.00287882
319.1	0.0028473
319.2	0.00281278
319.3	0.00277912
319.4	0.00274688
319.5	0.00271476
319.6	0.0026873
319.7	0.00266486
319.8	0.0026423
319.9	0.00262017
320	0.00259825
320.1	0.00257907
320.2	0.00255605
320.3	0.00253021
320.4	0.00250628
320.5	0.00249035
320.6	0.00247336
320.7	0.00245317
320.8	0.00243239
320.9	0.00241248
321	0.00239569
321.1	0.00237805
321.2	0.00236257
321.3	0.00235265
321.4	0.00234385
321.5	0.00233404
321.6	0.00232428
321.7	0.00231928
321.8	0.00231283
321.9	0.002302
322	0.00228842
322.1	0.00227159
322.2	0.00225266
322.3	0.00223322
322.4	0.00221228
322.5	0.0021861
322.6	0.00216283
322.7	0.00214853
322.8	0.00214207
322.9	0.00213851
323	0.002132
323.1	0.00212985
323.2	0.00212939
323.3	0.00213024
323.4	0.00213257
323.5	0.00213881
323.6	0.00214764
323.7	0.00215826
323.8	0.00217243
323.9	0.00218361
324	0.00219343
324.1	0.00219893
324.2	0.0022035
324.3	0.00221249
324.4	0.00221868
324.5	0.00222311
324.6	0.0022325
324.7	0.00224201
324.8	0.0022509
324.9	0.00225965
325	0.00226511
325.1	0.00226201
325.2	0.00225028
325.3	0.00223977
325.4	0.00223374
325.5	0.0022361
325.6	0.00224388
325.7	0.00225126
325.8	0.00225754
325.9	0.00226393
326	0.00226907
326.1	0.00227256
326.2	0.00227667
326.3	0.00228211
326.4	0.00228834
326.5	0.00229421
326.6	0.00229509
326.7	0.00229618
326.8	0.00229913
326.9	0.00230293
327	0.0023104
327.1	0.00232127
327.2	0.00234142
327.3	0.00236203
327.4	0.00237442
327.5	0.00238044
327.6	0.00238101
327.7	0.00237578
327.8	0.00237066
327.9	0.00236859
328	0.00236684
328.1	0.00236531
328.2	0.00236844
328.3	0.00237688
328.4	0.002389
328.5	0.00240452
328.6	0.00241633
328.7	0.00242883
328.8	0.002446
328.9	0.00246688
329	0.00248974
329.1	0.0025146
329.2	0.00254
329.3	0.0025716
329.4	0.00260327
329.5	0.00263621
329.6	0.00266903
329.7	0.00269928
329.8	0.00273192
329.9	0.00276616
330	0.0027966
330.1	0.00282729
330.2	0.00285729
330.3	0.00287948
330.4	0.00289752
330.5	0.00291126
330.6	0.00292016
330.7	0.00292469
330.8	0.00292676
330.9	0.0029265
331	0.00292332
331.1	0.00291218
331.2	0.00289755
331.3	0.00288439
331.4	0.00287284
331.5	0.0028633
331.6	0.00285138
331.7	0.0028358
331.8	0.00281556
331.9	0.00279343
332	0.00277166
332.1	0.00274832
332.2	0.00272649
332.3	0.00270673
332.4	0.00268809
332.5	0.00266788
332.6	0.00264676
332.7	0.00262048
332.8	0.00258859
332.9	0.00255203
333	0.00251118
333.1	0.00247053
333.2	0.0024305
333.3	0.00239183
333.4	0.00235156
333.5	0.00230832
333.6	0.00226332
333.7	0.00222065
333.8	0.00217591
333.9	0.00212493
334	0.00207586
334.1	0.00202516
334.2	0.00197345
334.3	0.00192153
334.4	0.00187049
334.5	0.00181517
334.6	0.00175877
334.7	0.00170372
334.8	0.0016506
334.9	0.00160063
335	0.00155367
335.1	0.00151224
335.2	0.00147051
335.3	0.00142722
335.4	0.00137974
335.5	0.00133185
335.6	0.00128152
335.7	0.00123051
335.8	0.00118025
335.9	0.00113622
336	0.00110253
336.1	0.00106967
336.2	0.00104006
336.3	0.00101209
336.4	0.000984618
336.5	0.000953935
336.6	0.000923616
336.7	0.000898687
336.8	0.000871249
336.9	0.00084371
337	0.000811956
337.1	0.000779996
337.2	0.000749273
337.3	0.000718314
337.4	0.000688035
337.5	0.000655387
337.6	0.000623651
337.7	0.000591264
337.8	0.00056294
337.9	0.000535552
338	0.000507123
338.1	0.000476993
338.2	0.000448235
338.3	0.000417964
338.4	0.000389143
338.5	0.000363749
338.6	0.00033764
338.7	0.000314779
338.8	0.000296281
338.9	0.000284514
339	0.000277825
339.1	0.000270847
339.2	0.000268246
339.3	0.000273544
339.4	0.000285991
339.5	0.00030084
339.6	0.000322155
339.7	0.000339418
339.8	0.000358783
339.9	0.000379839
340	0.000403371
340.1	0.000424492
340.2	0.000444054
340.3	0.000466565
340.4	0.000489594
340.5	0.000511431
340.6	0.000532671
340.7	0.000552154
340.8	0.000570115
340.9	0.000586875
341	0.000602442
341.1	0.000614992
341.2	0.000624694
341.3	0.000633049
341.4	0.000638394
341.5	0.000640495
341.6	0.000641838
341.7	0.000643521
341.8	0.000645355
341.9	0.000644112
342	0.000642996
342.1	0.000640741
342.2	0.000643693
342.3	0.000648861
342.4	0.000658158
342.5	0.000670122
342.6	0.00067531
342.7	0.000671923
342.8	0.000663847
342.9	0.000653146
343	0.000640752
343.1	0.000626957
343.2	0.000614033
343.3	0.000600705
343.4	0.000585695
343.5	0.000571649
343.6	0.000559557
343.7	0.000546872
343.8	0.000535112
343.9	0.000526964
344	0.000514689
344.1	0.000494162
344.2	0.000470484
344.3	0.000449641
344.4	0.000428994
344.5	0.000406491
344.6	0.000379412
344.7	0.000349137
344.8	0.000319815
344.9	0.000294083
345	0.000268738
345.1	0.000242241
345.2	0.000215334
345.3	0.000190114
345.4	0.000163255
345.5	0.000137087
345.6	0.000106781
345.7	7.21827e-05
345.8	3.83762e-05
345.9	4.65782e-06
346	-3.45277e-05
346.1	-6.99717e-05
346.2	-9.95018e-05
346.3	-0.000127895
346.4	-0.000155456
346.5	-0.000181984
346.6	-0.000209829
346.7	-0.000237424
346.8	-0.000270456
346.9	-0.000306792
347	-0.000346168
347.1	-0.000383387
347.2	-0.000415622
347.3	-0.000447401
347.4	-0.000479549
347.5	-0.000508208
347.6	-0.00053304
347.7	-0.000555002
347.8	-0.000569511
347.9	-0.000576206
348	-0.000574701
348.1	-0.000568785
348.2	-0.000558594
348.3	-0.000541111
348.4	-0.000521216
348.5	-0.000505335
348.6	-0.000491037
348.7	-0.000478162
348.8	-0.00046337
348.9	-0.000447941
349	-0.000434393
349.1	-0.000421247
349.2	-0.000410636
349.3	-0.000402724
349.4	-0.000397154
349.5	-0.000395958
349.6	-0.000398321
349.7	-0.000399649
349.8	-0.000402108
349.9	-0.000407092
350	-0.000409156
350.1	-0.000410303
350.2	-0.000408283
350.3	-0.000405167
350.4	-0.000398388
350.5	-0.000385684
350.6	-0.000367437
350.7	-0.000350647
350.8	-0.00032915
350.9	-0.000307805
351	-0.000291384
351.1	-0.00028178
351.2	-0.000274501
351.3	-0.000268558
351.4	-0.000262243
351.5	-0.000257842
351.6	-0.000257771
351.7	-0.000260365
351.8	-0.000264612
351.9	-0.000266837
352	-0.000264703
352.1	-0.000268573
352.2	-0.000270238
352.3	-0.000270913
352.4	-0.000269046
352.5	-0.000264574
352.6	-0.000262227
352.7	-0.000257678
352.8	-0.000250864
352.9	-0.000247546
353	-0.000246298
353.1	-0.000251825
353.2	-0.000264399
353.3	-0.000276931
353.4	-0.00029234
353.5	-0.000309036
353.6	-0.000328248
353.7	-0.000343124
353.8	-0.000354275
353.9	-0.000365788
354	-0.000377142
354.1	-0.000388631
354.2	-0.000401781
354.3	-0.000418881
354.4	-0.000440982
354.5	-0.000471367
354.6	-0.000512947
354.7	-0.000553954
354.8	-0.000591774
354.9	-0.000628448
355	-0.000666726
355.1	-0.000710526
355.2	-0.000758056
355.3	-0.000809042
355.4	-0.000858339
355.5	-0.000907882
355.6	-0.000958585
355.7	-0.00101213
355.8	-0.00105962
355.9	-0.00110378
356	-0.00114352
356.1	-0.00117922
356.2	-0.00121494
356.3	-0.00125304
356.4	-0.00129451
356.5	-0.00133521
356.6	-0.00137877
356.7	-0.00141893
356.8	-0.00145999
356.9	-0.00150611
357	-0.00155386
357.1	-0.00160058
357.2	-0.00164472
357.3	-0.001688
357.4	-0.00172714
357.5	-0.00176179
357.6	-0.00179072
357.7	-0.0018173
357.8	-0.0018421
357.9	-0.0018587
358	-0.00187167
358.1	-0.00188254
358.2	-0.00189341
358.3	-0.00190454
358.4	-0.00191447
358.5	-0.00192488
358.6	-0.00193492
358.7	-0.00194528
358.8	-0.00195658
358.9	-0.00196597
359	-0.00197388
359.1	-0.00198335
359.2	-0.00199316
359.3	-0.0020017
359.4	-0.00201201
359.5	-0.00202608
359.6	-0.00204226
359.7	-0.00205422
359.8	-0.00206685
359.9	-0.00207838
360	-0.00208496
360.1	-0.0020883
360.2	-0.0020893
360.3	-0.00208845
360.4	-0.00208788
360.5	-0.00208972
360.6	-0.00209519
360.7	-0.00210223
360.8	-0.00210704
360.9	-0.00211198
361	-0.00211826
361.1	-0.00211898
361.2	-0.00211581
361.3	-0.00211163
361.4	-0.00211071
361.5	-0.00211468
361.6	-0.0021204
361.7	-0.00212351
361.8	-0.00213068
361.9	-0.00213874
362	-0.00214652
362.1	-0.0021548
362.2	-0.00215788
362.3	-0.0021531
362.4	-0.00214617
362.5	-0.00213944
362.6	-0.00213243
362.7	-0.00212588
362.8	-0.00212041
362.9	-0.0021139
363	-0.00210775
363.1	-0.00209961
363.2	-0.00209397
363.3	-0.00208802
363.4	-0.00208119
363.5	-0.00207312
363.6	-0.00206385
363.7	-0.00204926
363.8	-0.00203736
363.9	-0.00203071
364	-0.00202956
364.1	-0.002035
364.2	-0.00203826
364.3	-0.00204197
364.4	-0.00204641
364.5	-0.00204978
364.6	-0.00204415
364.7	-0.00203214
364.8	-0.00202038
364.9	-0.00200895
365	-0.00199988
365.1	-0.00199066
365.2	-0.00198924
365.3	-0.00198789
365.4	-0.00199064
365.5	-0.00199754
365.6	-0.00200667
365.7	-0.00201616
365.8	-0.00202331
365.9	-0.00202839
366	-0.00202751
366.1	-0.00202477
366.2	-0.00201483
366.3	-0.00200323
366.4	-0.00199294
366.5	-0.00198278
366.6	-0.00197281
366.7	-0.00196385
366.8	-0.00195886
366.9	-0.00195262
367	-0.001952
367.1	-0.00194885
367.2	-0.00194184
367.3	-0.00193311
367.4	-0.00192073
367.5	-0.00190903
367.6	-0.00190323
367.7	-0.00190211
367.8	-0.00189832
367.9	-0.00189292
368	-0.00188166
368.1	-0.00186749
368.2	-0.00185469
368.3	-0.00184002
368.4	-0.00181941
368.5	-0.00179232
368.6	-0.00176253
368.7	-0.00173177
368.8	-0.00169662
368.9	-0.00165325
369	-0.00160947
369.1	-0.00156231
369.2	-0.0015102
369.3	-0.00145256
369.4	-0.00139263
369.5	-0.00133085
369.6	-0.00126895
369.7	-0.0012092
369.8	-0.00115231
369.9	-0.00110396
370	-0.0010561
370.1	-0.00100367
370.2	-0.000949902
370.3	-0.000896718
370.4	-0.000845016
370.5	-0.00080177
370.6	-0.000761409
370.7	-0.000723327
370.8	-0.000687352
370.9	-0.000654271
371	-0.000623344
371.1	-0.000595323
371.2	-0.000566681
371.3	-0.000534721
371.4	-0.000498646
371.5	-0.000458985
371.6	-0.000423388
371.7	-0.000389461
371.8	-0.000357478
371.9	-0.000322649
372	-0.000287387
372.1	-0.000251273
372.2	-0.000215296
372.3	-0.00017871
372.4	-0.000141883
372.5	-0.000110374
372.6	-8.27303e-05
372.7	-5.50774e-05
372.8	-2.67214e-05
372.9	2.88824e-06
373	3.43977e-05
373.1	6.47994e-05
373.2	9.39431e-05
373.3	0.000123277
373.4	0.000154916
373.5	0.000190836
373.6	0.000226925
373.7	0.000260437
373.8	0.000294206
373.9	0.000329892
374	0.000362097
374.1	0.00039119
374.2	0.000416242
374.3	0.000440787
374.4	0.000461258
374.5	0.000477604
374.6	0.000491039
374.7	0.000497743
374.8	0.000500172
374.9	0.000503152
375	0.000503794
375.1	0.000499674
375.2	0.000493719
375.3	0.000486408
375.4	0.000476909
375.5	0.000462607
375.6	0.000443873
375.7	0.000419535
375.8	0.000393101
375.9	0.00036628
376	0.000342886
376.1	0.000319337
376.2	0.000295784
376.3	0.000271832
376.4	0.000251359
376.5	0.000235616
376.6	0.000220026
376.7	0.000207266
376.8	0.000198952
376.9	0.000191918
377	0.000186506
377.1	0.000180262
377.2	0.00018466
377.3	0.000190985
377.4	0.000200209
377.5	0.000204564
377.6	0.000205898
377.7	0.000205573
377.8	0.000205484
377.9	0.000206202
378	0.00020804
378.1	0.000203012
378.2	0.000193888
378.3	0.000183389
378.4	0.00017243
378.5	0.000157898
378.6	0.000142906
378.7	0.00013391
378.8	0.000127643
378.9	0.000126021
379	0.000125028
379.1	0.000130619
379.2	0.000139194
379.3	0.000146963
379.4	0.000150348
379.5	0.000151354
379.6	0.00015386
379.7	0.000151305
379.8	0.000143843
379.9	0.000134158
380	0.000119079
380.1	9.87586e-05
380.2	7.62368e-05
380.3	4.55885e-05
380.4	7.0695e-06
380.5	-3.44954e-05
380.6	-7.90546e-05
380.7	-0.000125545
380.8	-0.000173552
380.9	-0.000217726
381	-0.000259477
381.1	-0.000301023
381.2	-0.00033919
381.3	-0.000374226
381.4	-0.000406996
381.5	-0.000438385
381.6	-0.000465097
381.7	-0.000486646
381.8	-0.00050165
381.9	-0.000511653
382	-0.000521292
382.1	-0.000528685
382.2	-0.000535589
382.3	-0.000540458
382.4	-0.000541655
382.5	-0.000543659
382.6	-0.000546635
382.7	-0.000550871
382.8	-0.00054978
382.9	-0.000546614
383	-0.000545001
383.1	-0.000540691
383.2	-0.000534922
383.3	-0.000527764
383.4	-0.000522641
383.5	-0.00052082
383.6	-0.000523981
383.7	-0.000527232
383.8	-0.000529517
383.9	-0.000532043
384	-0.000535468
384.1	-0.000541908
384.2	-0.000548918
384.3	-0.000555484
384.4	-0.000562705
384.5	-0.000568917
384.6	-0.000576178
384.7	-0.000579093
384.8	-0.000578465
384.9	-0.000588249
385	-0.000603991
385.1	-0.000615465
385.2	-0.000627194
385.3	-0.000644471
385.4	-0.00066493
385.5	-0.000690713
385.6	-0.000718019
385.7	-0.000749211
385.8	-0.000781163
385.9	-0.000806708
386	-0.000828472
386.1	-0.000844165
386.2	-0.000858241
386.3	-0.000866105
386.4	-0.000873367
386.5	-0.000882786
386.6	-0.000892174
386.7	-0.000900819
386.8	-0.000910712
386.9	-0.000927309
387	-0.000949706
387.1	-0.000974443
387.2	-0.0010015
387.3	-0.00103377
387.4	-0.00107497
387.5	-0.0011224
387.6	-0.0011697
387.7	-0.00121177
387.8	-0.00124952
387.9	-0.0012834
388	-0.00130887
388.1	-0.00133047
388.2	-0.00135229
388.3	-0.00137017
388.4	-0.00138744
388.5	-0.00140569
388.6	-0.0014271
388.7	-0.00144812
388.8	-0.00147163
388.9	-0.00149487
389	-0.00151537
389.1	-0.00153286
389.2	-0.00154824
389.3	-0.00156269
389.4	-0.00157673
389.5	-0.00158985
389.6	-0.0016017
389.7	-0.0016143
389.8	-0.0016278
389.9	-0.0016407
390	-0.00164891
390.1	-0.0016527
390.2	-0.00165426
390.3	-0.00166199
390.4	-0.00166703
390.5	-0.00166677
390.6	-0.00166655
390.7	-0.00166579
390.8	-0.0016627
390.9	-0.0016598
391	-0.00165913
391.1	-0.00166073
391.2	-0.00166428
391.3	-0.00167022
391.4	-0.00168197
391.5	-0.00169092
391.6	-0.00169682
391.7	-0.00170591
391.8	-0.00171343
391.9	-0.00172441
392	-0.00173659
392.1	-0.00174935
392.2	-0.00176034
392.3	-0.00177173
392.4	-0.00178493
392.5	-0.00179997
392.6	-0.00182174
392.7	-0.00184468
392.8	-0.00186965
392.9	-0.00189352
393	-0.00191521
393.1	-0.00192979
393.2	-0.00194514
393.3	-0.00195748
393.4	-0.00196524
393.5	-0.00197877
393.6	-0.00199433
393.7	-0.00201412
393.8	-0.00203527
393.9	-0.00205783
394	-0.00208128
394.1	-0.00210448
394.2	-0.00212939
394.3	-0.00215354
394.4	-0.00217412
394.5	-0.00218769
394.6	-0.00219682
394.7	-0.00220671
394.8	-0.00221843
394.9	-0.00223312
395	-0.00224494
395.1	-0.00225052
395.2	-0.00225219
395.3	-0.0022481
395.4	-0.00224174
395.5	-0.00223914
395.6	-0.00223557
395.7	-0.00222455
395.8	-0.00220466
395.9	-0.002182
396	-0.00216163
396.1	-0.0021436
396.2	-0.00212257
396.3	-0.00210037
396.4	-0.00207531
396.5	-0.00204262
396.6	-0.0020085
396.7	-0.00197
396.8	-0.00193168
396.9	-0.00189584
397	-0.00185834
397.1	-0.00182665
397.2	-0.00180094
397.3	-0.00177759
397.4	-0.0017551
397.5	-0.00173267
397.6	-0.00171546
397.7	-0.00169699
397.8	-0.00167556
397.9	-0.00165287
398	-0.00162611
398.1	-0.00159645
398.2	-0.00156333
398.3	-0.0015389
398.4	-0.00152323
398.5	-0.00151214
398.6	-0.0015012
398.7	-0.00149047
398.8	-0.00147786
398.9	-0.00146068
399	-0.00143835
399.1	-0.00141452
399.2	-0.00138814
399.3	-0.00136349
399.4	-0.00133898
399.5	-0.00131135
399.6	-0.00128419
399.7	-0.0012561
399.8	-0.00123146
399.9	-0.00121117
400	-0.00119277
400.1	-0.00117743
400.2	-0.00116265
400.3	-0.00115088
400.4	-0.00113569
400.5	-0.00111588
400.6	-0.00109854
400.7	-0.00108155
400.8	-0.00106216
400.9	-0.00104344
401	-0.001033
401.1	-0.00102687
401.2	-0.00102443
401.3	-0.00102095
401.4	-0.00101873
401.5	-0.00101643
401.6	-0.00101773
401.7	-0.00101984
401.8	-0.00102293
401.9	-0.00102925
402	-0.00103959
402.1	-0.00105434
402.2	-0.00106921
402.3	-0.00108335
402.4	-0.00109788
402.5	-0.00110947
402.6	-0.00111602
402.7	-0.00112142
402.8	-0.00113214
402.9	-0.00114604
403	-0.00116477
403.1	-0.00118473
403.2	-0.00120912
403.3	-0.00124084
403.4	-0.00127421
403.5	-0.00130545
403.6	-0.00133323
403.7	-0.00136482
403.8	-0.00139321
403.9	-0.00141534
404	-0.00143254
404.1	-0.00144752
404.2	-0.00145805
404.3	-0.00146689
404.4	-0.00147994
404.5	-0.0014936
404.6	-0.00150788
404.7	-0.00152636
404.8	-0.00154991
404.9	-0.0015793
405	-0.00160598
405.1	-0.00162854
405.2	-0.00164939
405.3	-0.0016703
405.4	-0.00169467
405.5	-0.00171688
405.6	-0.00173563
405.7	-0.00175057
405.8	-0.00176717
405.9	-0.00178381
406	-0.00180149
406.1	-0.00181808
406.2	-0.00183351
406.3	-0.00184353
406.4	-0.0018453
406.5	-0.00184596
406.6	-0.00184656
406.7	-0.00184937
406.8	-0.00185349
406.9	-0.0018559
407	-0.0018608
407.1	-0.00186457
407.2	-0.0018662
407.3	-0.00186521
407.4	-0.00186711
407.5	-0.0018709
407.6	-0.00187721
407.7	-0.00188739
407.8	-0.00190066
407.9	-0.00191955
408	-0.00193792
408.1	-0.00195683
408.2	-0.00197537
408.3	-0.00199104
408.4	-0.00200121
408.5	-0.00201274
408.6	-0.00202358
408.7	-0.0020341
408.8	-0.00204323
408.9	-0.0020533
409	-0.00206604
409.1	-0.00208097
409.2	-0.00210206
409.3	-0.00212347
409.4	-0.00214255
409.5	-0.00215696
409.6	-0.00216801
409.7	-0.00217499
409.8	-0.00218175
409.9	-0.00219128
410	-0.00220226
410.1	-0.00221566
410.2	-0.00222916
410.3	-0.00224342
410.4	-0.00225383
410.5	-0.00225509
410.6	-0.00225572
410.7	-0.00225283
410.8	-0.00224557
410.9	-0.00223834
411	-0.0022291
411.1	-0.0022192
411.2	-0.00220901
411.3	-0.0021976
411.4	-0.00218892
411.5	-0.00217943
411.6	-0.00216944
411.7	-0.0021533
411.8	-0.00213906
411.9	-0.00213651
412	-0.00214418
412.1	-0.00215622
412.2	-0.002164
412.3	-0.0021702
412.4	-0.00218055
412.5	-0.00219281
412.6	-0.0022077
412.7	-0.00222192
412.8	-0.00223436
412.9	-0.00224391
413	-0.00225398
413.1	-0.00226074
413.2	-0.00226086
413.3	-0.00226053
413.4	-0.00225657
413.5	-0.00224878
413.6	-0.00223913
413.7	-0.0022279
413.8	-0.00221281
413.9	-0.00219614
414	-0.00218005
414.1	-0.00216702
414.2	-0.00215574
414.3	-0.0021469
414.4	-0.00214153
414.5	-0.00213385
414.6	-0.0021242
414.7	-0.00211417
414.8	-0.00210894
414.9	-0.00210541
415	-0.00209716
415.1	-0.00208978
415.2	-0.00207757
415.3	-0.00206715
415.4	-0.00205503
415.5	-0.00204117
415.6	-0.00202459
415.7	-0.0020094
415.8	-0.00199578
415.9	-0.00198288
416	-0.00197174
416.1	-0.00195885
416.2	-0.0019438
416.3	-0.00193689
416.4	-0.00193587
416.5	-0.00193897
416.6	-0.00194587
416.7	-0.00195111
416.8	-0.00195041
416.9	-0.0019453
417	-0.00194497
417.1	-0.0019431
417.2	-0.00193806
417.3	-0.00193375
417.4	-0.00193404
417.5	-0.00193919
417.6	-0.00194396
417.7	-0.00194813
417.8	-0.00195334
417.9	-0.00195991
418	-0.00196443
418.1	-0.00196751
418.2	-0.00196912
418.3	-0.00196625
418.4	-0.00196493
418.5	-0.00196546
418.6	-0.00197292
418.7	-0.00198519
418.8	-0.00199399
418.9	-0.00199926
419	-0.00200219
419.1	-0.00200373
419.2	-0.00200706
419.3	-0.00201506
419.4	-0.00202361
419.5	-0.0020341
419.6	-0.00204755
419.7	-0.00206496
419.8	-0.0020844
419.9	-0.00210956
420	-0.00213764
420.1	-0.00216708
420.2	-0.00220011
420.3	-0.00223093
420.4	-0.00226246
420.5	-0.0022909
420.6	-0.00231697
420.7	-0.00233908
420.8	-0.00236058
420.9	-0.00238331
421	-0.00240624
421.1	-0.00242457
421.2	-0.00243947
421.3	-0.00245417
421.4	-0.00246829
421.5	-0.00248695
421.6	-0.00250656
421.7	-0.00252282
421.8	-0.00253226
421.9	-0.00253471
422	-0.00253262
422.1	-0.00252644
422.2	-0.00251548
422.3	-0.00250171
422.4	-0.00248852
422.5	-0.00248135
422.6	-0.0024801
422.7	-0.00248312
422.8	-0.00248617
422.9	-0.00249012
423	-0.00249809
423.1	-0.00251157
423.2	-0.00252618
423.3	-0.00254166
423.4	-0.00256081
423.5	-0.00258607
423.6	-0.00261239
423.7	-0.00263344
423.8	-0.00264659
423.9	-0.00266119
424	-0.00268039
424.1	-0.00270337
424.2	-0.00272694
424.3	-0.00274823
424.4	-0.00277244
424.5	-0.00279805
424.6	-0.00282493
424.7	-0.00284907
424.8	-0.00286727
424.9	-0.002886
425	-0.00290874
425.1	-0.00292957
425.2	-0.00294592
425.3	-0.00296083
425.4	-0.00297359
425.5	-0.00298468
425.6	-0.0029931
425.7	-0.00300161
425.8	-0.00300224
425.9	-0.00299905
426	-0.00298905
426.1	-0.00297247
426.2	-0.00295164
426.3	-0.00292763
426.4	-0.00290583
426.5	-0.00289196
426.6	-0.00288339
426.7	-0.00287342
426.8	-0.00286425
426.9	-0.00285306
427	-0.0028412
427.1	-0.00282474
427.2	-0.00280334
427.3	-0.0027856
427.4	-0.00277334
427.5	-0.00276051
427.6	-0.0027505
427.7	-0.00274318
427.8	-0.0027367
427.9	-0.00273411
428	-0.00272996
428.1	-0.00272352
428.2	-0.00271589
428.3	-0.0027068
428.4	-0.00269868
428.5	-0.00269119
428.6	-0.00268726
428.7	-0.00268268
428.8	-0.00268075
428.9	-0.00268249
429	-0.00268996
429.1	-0.0026965
429.2	-0.00269885
429.3	-0.00270329
429.4	-0.00271347
429.5	-0.00272177
429.6	-0.00273527
429.7	-0.00274636
429.8	-0.00275335
429.9	-0.00275805
430	-0.00276355
430.1	-0.00276811
430.2	-0.00277097
430.3	-0.00277719
430.4	-0.00278965
430.5	-0.00280253
430.6	-0.00281729
430.7	-0.00283494
430.8	-0.00284939
430.9	-0.00285968
431	-0.00286537
431.1	-0.00286886
431.2	-0.00287288
431.3	-0.00287897
431.4	-0.002885
431.5	-0.00289219
431.6	-0.00290262
431.7	-0.00290872
431.8	-0.00291016
431.9	-0.00290857
432	-0.0029
432.1	-0.00289057
432.2	-0.00288522
432.3	-0.00287917
432.4	-0.00287257
432.5	-0.00286505
432.6	-0.0028546
432.7	-0.00284667
432.8	-0.00283948
432.9	-0.00282994
433	-0.00282219
433.1	-0.00281231
433.2	-0.00279815
433.3	-0.00278567
433.4	-0.00277343
433.5	-0.002755
433.6	-0.00273769
433.7	-0.00271935
433.8	-0.00269971
433.9	-0.00268037
434	-0.00266212
434.1	-0.00264817
434.2	-0.00263996
434.3	-0.00263383
434.4	-0.00262542
434.5	-0.00261772
434.6	-0.00261525
434.7	-0.00261586
434.8	-0.00262291
434.9	-0.00263643
435	-0.00265414
435.1	-0.00267493
435.2	-0.0026969
435.3	-0.00272305
435.4	-0.00275253
435.5	-0.00278187
435.6	-0.00280719
435.7	-0.00282879
435.8	-0.00285057
435.9	-0.00286818
436	-0.00287774
436.1	-0.00288471
436.2	-0.00289794
436.3	-0.00291363
436.4	-0.00293109
436.5	-0.00295146
436.6	-0.0029745
436.7	-0.00300031
436.8	-0.00302486
436.9	-0.00304768
437	-0.00306804
437.1	-0.00308734
437.2	-0.00310855
437.3	-0.00313458
437.4	-0.00316152
437.5	-0.00319058
437.6	-0.0032236
437.7	-0.00326508
437.8	-0.00330983
437.9	-0.00335219
438	-0.00339197
438.1	-0.00343102
438.2	-0.00346767
438.3	-0.00349758
438.4	-0.00351905
438.5	-0.00353879
438.6	-0.00355698
438.7	-0.00357274
438.8	-0.00358473
438.9	-0.00359723
439	-0.00361226
439.1	-0.00362667
439.2	-0.00364292
439.3	-0.00365999
439.4	-0.00367854
439.5	-0.00370016
439.6	-0.00372127
439.7	-0.00373997
439.8	-0.00375876
439.9	-0.00377981
440	-0.00380055
440.1	-0.00381649
440.2	-0.0038309
440.3	-0.00384513
440.4	-0.00386184
440.5	-0.0038807
440.6	-0.00390355
440.7	-0.00393074
440.8	-0.00395546
440.9	-0.00397529
441	-0.00399375
441.1	-0.00400702
441.2	-0.00401468
441.3	-0.00402036
441.4	-0.00402651
441.5	-0.00403115
441.6	-0.0040393
441.7	-0.00404931
441.8	-0.00406175
441.9	-0.0040752
442	-0.00409011
442.1	-0.00410242
442.2	-0.00411042
442.3	-0.00411534
442.4	-0.00412076
442.5	-0.00412577
442.6	-0.004128
442.7	-0.00413123
442.8	-0.00413096
442.9	-0.0041329
443	-0.00413567
443.1	-0.00413673
443.2	-0.00413744
443.3	-0.00414082
443.4	-0.00414651
443.5	-0.00415404
443.6	-0.00416318
443.7	-0.00417695
443.8	-0.0041936
443.9	-0.00421849
444	-0.00424759
444.1	-0.00427477
444.2	-0.00429561
444.3	-0.00431344
444.4	-0.00433037
444.5	-0.00434786
444.6	-0.00436677
444.7	-0.00438855
444.8	-0.00441197
444.9	-0.00443246
445	-0.00444921
445.1	-0.00446661
445.2	-0.00448872
445.3	-0.00451226
445.4	-0.0045343
445.5	-0.00455392
445.6	-0.00457112
445.7	-0.00458769
445.8	-0.00460663
445.9	-0.00462386
446	-0.00464457
446.1	-0.00466838
446.2	-0.00469154
446.3	-0.00471271
446.4	-0.00472997
446.5	-0.00474588
446.6	-0.00476264
446.7	-0.00477809
446.8	-0.00479443
446.9	-0.00480594
447	-0.00480954
447.1	-0.00480821
447.2	-0.00480773
447.3	-0.00481262
447.4	-0.00482413
447.5	-0.00483933
447.6	-0.00485464
447.7	-0.00487256
447.8	-0.0048925
447.9	-0.00491016
448	-0.00493251
448.1	-0.0049487
448.2	-0.00495826
448.3	-0.00496393
448.4	-0.00496914
448.5	-0.00497617
448.6	-0.00498012
448.7	-0.00498328
448.8	-0.00498874
448.9	-0.00499153
449	-0.00498899
449.1	-0.00498465
449.2	-0.00497676
449.3	-0.00495902
449.4	-0.00493816
449.5	-0.00491353
449.6	-0.00488292
449.7	-0.00484812
449.8	-0.00481057
449.9	-0.00477044
450	-0.00473524
450.1	-0.00470869
450.2	-0.00468917
450.3	-0.00467612
450.4	-0.00466669
450.5	-0.00465765
450.6	-0.00464998
450.7	-0.00464096
450.8	-0.0046316
450.9	-0.00462089
451	-0.00460926
451.1	-0.00460084
451.2	-0.00459645
451.3	-0.00459552
451.4	-0.00459466
451.5	-0.00459771
451.6	-0.00460345
451.7	-0.00460518
451.8	-0.00460051
451.9	-0.00459659
452	-0.00459166
452.1	-0.00457947
452.2	-0.00456621
452.3	-0.00455355
452.4	-0.0045402
452.5	-0.00452681
452.6	-0.00450671
452.7	-0.00448244
452.8	-0.00445291
452.9	-0.00442382
453	-0.00439825
453.1	-0.00437094
453.2	-0.00434512
453.3	-0.00432073
453.4	-0.00429648
453.5	-0.00427299
453.6	-0.00425379
453.7	-0.00423443
453.8	-0.00421856
453.9	-0.00420487
454	-0.00419129
454.1	-0.00417969
454.2	-0.00416763
454.3	-0.00415505
454.4	-0.00413766
454.5	-0.00412232
454.6	-0.00410491
454.7	-0.00409141
454.8	-0.00408412
454.9	-0.00407456
455	-0.00405863
455.1	-0.0040458
455.2	-0.00403392
455.3	-0.00402013
455.4	-0.004
455.5	-0.00397417
455.6	-0.00394617
455.7	-0.00391854
455.8	-0.00389232
455.9	-0.00386267
456	-0.00383548
456.1	-0.00380601
456.2	-0.00377454
456.3	-0.0037367
456.4	-0.00369906
456.5	-0.00365911
456.6	-0.00362137
456.7	-0.00359145
456.8	-0.00356809
456.9	-0.00354411
457	-0.00352103
457.1	-0.00349542
457.2	-0.00347117
457.3	-0.00345068
457.4	-0.00343016
457.5	-0.00341062
457.6	-0.00339556
457.7	-0.00338307
457.8	-0.00337604
457.9	-0.00337307
458	-0.00337459
458.1	-0.00337544
458.2	-0.00337794
458.3	-0.00337668
458.4	-0.00336688
458.5	-0.00335232
458.6	-0.00333505
458.7	-0.00332149
458.8	-0.00330986
458.9	-0.00329944
459	-0.00328744
459.1	-0.0032785
459.2	-0.0032677
459.3	-0.0032519
459.4	-0.00323186
459.5	-0.00320404
459.6	-0.00317408
459.7	-0.00314617
459.8	-0.00312434
459.9	-0.00309926
460	-0.00307451
460.1	-0.00304802
460.2	-0.00302039
460.3	-0.00298858
460.4	-0.00295269
460.5	-0.00291453
460.6	-0.00287721
460.7	-0.00284075
460.8	-0.00280604
460.9	-0.00277189
461	-0.00273786
461.1	-0.00271046
461.2	-0.00269041
461.3	-0.00267221
461.4	-0.00265378
461.5	-0.00263562
461.6	-0.00261784
461.7	-0.00259974
461.8	-0.00258165
461.9	-0.0025573
462	-0.00252993
462.1	-0.00250209
462.2	-0.0024654
462.3	-0.00242027
462.4	-0.00236976
462.5	-0.00231252
462.6	-0.0022491
462.7	-0.00218813
462.8	-0.00212965
462.9	-0.00207231
463	-0.00201298
463.1	-0.00195482
463.2	-0.00189923
463.3	-0.00185135
463.4	-0.00181204
463.5	-0.00177826
463.6	-0.00174917
463.7	-0.00172864
463.8	-0.00170892
463.9	-0.00168168
464	-0.00165364
464.1	-0.0016266
464.2	-0.0016033
464.3	-0.00157839
464.4	-0.00155123
464.5	-0.00152451
464.6	-0.00149659
464.7	-0.00146703
464.8	-0.00143706
464.9	-0.00141002
465	-0.00138538
465.1	-0.00136363
465.2	-0.00134546
465.3	-0.00132817
465.4	-0.00130954
465.5	-0.001297
465.6	-0.00129032
465.7	-0.00128401
465.8	-0.00127939
465.9	-0.00127215
466	-0.00125924
466.1	-0.00124841
466.2	-0.00123913
466.3	-0.00122806
466.4	-0.00122061
466.5	-0.00121036
466.6	-0.00119897
466.7	-0.00118776
466.8	-0.00117449
466.9	-0.00116214
467	-0.00115173
467.1	-0.00113922
467.2	-0.00112673
467.3	-0.00111333
467.4	-0.00109812
467.5	-0.00108201
467.6	-0.00106168
467.7	-0.00103714
467.8	-0.00100896
467.9	-0.000978445
468	-0.000947202
468.1	-0.000913259
468.2	-0.000874954
468.3	-0.000831949
468.4	-0.000787916
468.5	-0.000746084
468.6	-0.000708025
468.7	-0.000670513
468.8	-0.000629198
468.9	-0.000587262
469	-0.000543713
469.1	-0.000498519
469.2	-0.000458789
469.3	-0.000420502
469.4	-0.000380418
469.5	-0.000338485
469.6	-0.000299469
469.7	-0.000262097
469.8	-0.000228197
469.9	-0.000197841
470	-0.000168592
470.1	-0.000143572
470.2	-0.000123965
470.3	-0.000110228
470.4	-9.90801e-05
470.5	-8.68067e-05
470.6	-7.49524e-05
470.7	-6.17039e-05
470.8	-4.79309e-05
470.9	-3.58983e-05
471	-3.00165e-05
471.1	-2.39379e-05
471.2	-1.56775e-05
471.3	-7.74451e-06
471.4	-4.48529e-06
471.5	-4.70286e-06
471.6	-5.96066e-06
471.7	-8.0042e-06
471.8	-7.64877e-06
471.9	-4.38108e-06
472	2.18095e-06
472.1	1.16625e-05
472.2	2.13692e-05
472.3	2.95826e-05
472.4	3.5721e-05
472.5	3.9443e-05
472.6	3.90256e-05
472.7	3.91338e-05
472.8	4.38204e-05
472.9	5.06845e-05
473	6.16717e-05
473.1	7.32184e-05
473.2	7.94928e-05
473.3	7.95531e-05
473.4	7.18295e-05
473.5	6.372e-05
473.6	5.64511e-05
473.7	5.4604e-05
473.8	5.56687e-05
473.9	5.63908e-05
474	5.64886e-05
474.1	5.70867e-05
474.2	5.81927e-05
474.3	6.26604e-05
474.4	7.25936e-05
474.5	8.36399e-05
474.6	9.26265e-05
474.7	9.79787e-05
474.8	0.000103887
474.9	0.000108721
475	0.000113647
475.1	0.0001213
475.2	0.000132046
475.3	0.000145249
475.4	0.000160432
475.5	0.000172103
475.6	0.00018371
475.7	0.000200492
475.8	0.000218184
475.9	0.000233038
476	0.00024625
476.1	0.000262329
476.2	0.000277337
476.3	0.000290421
476.4	0.000304437
476.5	0.000316097
476.6	0.000326671
476.7	0.000336476
476.8	0.000346614
476.9	0.000351911
477	0.000355955
477.1	0.000360587
477.2	0.000364221
477.3	0.000366231
477.4	0.000370559
477.5	0.000372068
477.6	0.00037008
477.7	0.000366797
477.8	0.000366646
477.9	0.000368121
478	0.000367595
478.1	0.000366132
478.2	0.000362352
478.3	0.000362926
478.4	0.000369691
478.5	0.000374406
478.6	0.000377451
478.7	0.00038147
478.8	0.000390287
478.9	0.000400063
479	0.000409799
479.1	0.000420796
479.2	0.000432299
479.3	0.00044427
479.4	0.00045683
479.5	0.00047344
479.6	0.000496344
479.7	0.00051909
479.8	0.000538376
479.9	0.000552156
480	0.000567509
480.1	0.000584069
480.2	0.000603468
480.3	0.000625748
480.4	0.000648711
480.5	0.000670298
480.6	0.000690447
480.7	0.000709696
480.8	0.000734375
480.9	0.000753169
481	0.000762757
481.1	0.000766266
481.2	0.000766163
481.3	0.000766981
481.4	0.000768064
481.5	0.000765533
481.6	0.000759914
481.7	0.000754075
481.8	0.000748381
481.9	0.000744969
482	0.000741854
482.1	0.000739232
482.2	0.000744002
482.3	0.000755648
482.4	0.000770917
482.5	0.000784163
482.6	0.000798595
482.7	0.000811328
482.8	0.000821851
482.9	0.000828866
483	0.000831013
483.1	0.000834347
483.2	0.000837288
483.3	0.000843019
483.4	0.000848551
483.5	0.000855148
483.6	0.000865739
483.7	0.000872425
483.8	0.000876984
483.9	0.000879747
484	0.000879402
484.1	0.000878377
484.2	0.000873109
484.3	0.000862952
484.4	0.000848943
484.5	0.000833352
484.6	0.000823388
484.7	0.000812547
484.8	0.000799393
484.9	0.000785445
485	0.000766797
485.1	0.000750365
485.2	0.000737693
485.3	0.000722599
485.4	0.000707007
485.5	0.00069457
485.6	0.000683216
485.7	0.000673612
485.8	0.000657785
485.9	0.000642567
486	0.000633434
486.1	0.000627809
486.2	0.000622759
486.3	0.000610851
486.4	0.000593094
486.5	0.000574508
486.6	0.000557438
486.7	0.000540274
486.8	0.000523322
486.9	0.000509646
487	0.000501419
487.1	0.00048914
487.2	0.000472706
487.3	0.000455606
487.4	0.000433294
487.5	0.000403197
487.6	0.000372653
487.7	0.000343175
487.8	0.000317204
487.9	0.000289671
488	0.000260905
488.1	0.000225559
488.2	0.000184992
488.3	0.000143807
488.4	0.000101403
488.5	5.72871e-05
488.6	1.55309e-05
488.7	-2.35091e-05
488.8	-6.08043e-05
488.9	-0.000100225
489	-0.000137966
489.1	-0.000177429
489.2	-0.000218314
489.3	-0.000261025
489.4	-0.000303508
489.5	-0.000347968
489.6	-0.000389858
489.7	-0.000428927
489.8	-0.000465571
489.9	-0.000503233
490	-0.000546935
490.1	-0.00059072
490.2	-0.00063362
490.3	-0.000682636
490.4	-0.000727718
490.5	-0.000770619
490.6	-0.00080691
490.7	-0.000836891
490.8	-0.000868223
490.9	-0.00089449
491	-0.000914138
491.1	-0.000924843
491.2	-0.000934216
491.3	-0.000945539
491.4	-0.000948865
491.5	-0.000947341
491.6	-0.000946543
491.7	-0.000946043
491.8	-0.000943671
491.9	-0.000939801
492	-0.00093467
492.1	-0.000932594
492.2	-0.00093786
492.3	-0.000952009
492.4	-0.000969185
492.5	-0.000984444
492.6	-0.000995902
492.7	-0.00100899
492.8	-0.00102387
492.9	-0.00104491
493	-0.00106599
493.1	-0.00108467
493.2	-0.00109938
493.3	-0.00111068
493.4	-0.00111989
493.5	-0.00112767
493.6	-0.00113381
493.7	-0.00113853
493.8	-0.00114137
493.9	-0.00114068
494	-0.00114117
494.1	-0.00114696
494.2	-0.00116381
494.3	-0.00118806
494.4	-0.0012141
494.5	-0.00123501
494.6	-0.00125361
494.7	-0.00127811
494.8	-0.00130535
494.9	-0.00132804
495	-0.00134906
495.1	-0.00136787
495.2	-0.00138797
495.3	-0.00140682
495.4	-0.00142412
495.5	-0.00144172
495.6	-0.00146042
495.7	-0.00147639
495.8	-0.00148787
495.9	-0.00149574
496	-0.00150155
496.1	-0.00150758
496.2	-0.00151036
496.3	-0.00151369
496.4	-0.00151445
496.5	-0.00151421
496.6	-0.00151707
496.7	-0.00152447
496.8	-0.00153315
496.9	-0.00154531
497	-0.00156778
497.1	-0.00159073
497.2	-0.00161023
497.3	-0.00163077
497.4	-0.00164597
497.5	-0.0016585
497.6	-0.00167068
497.7	-0.00168135
497.8	-0.00169226
497.9	-0.00170151
498	-0.00170499
498.1	-0.00171083
498.2	-0.00171844
498.3	-0.00172936
498.4	-0.00174151
498.5	-0.00175499
498.6	-0.00177051
498.7	-0.00178975
498.8	-0.00181033
498.9	-0.00183138
499	-0.00185188
499.1	-0.00187422
499.2	-0.00189458
499.3	-0.00191432
499.4	-0.00193582
499.5	-0.00195114
499.6	-0.00196544
499.7	-0.00197854
499.8	-0.00199201
499.9	-0.00200667
500	-0.00201951
