LagTime	Correlation

0	3.16653
0.1	3.16152
0.2	3.15403
0.3	3.14596
0.4	3.13777
0.5	3.12961
0.6	3.12148
0.7	3.1134
0.8	3.10537
0.9	3.0974
1	3.08947
1.1	3.0816
1.2	3.07378
1.3	3.06601
1.4	3.05829
1.5	3.05062
1.6	3.043
1.7	3.03541
1.8	3.02788
1.9	3.02038
2	3.01294
2.1	3.00554
2.2	2.99819
2.3	2.99088
2.4	2.98361
2.5	2.97639
2.6	2.96921
2.7	2.96207
2.8	2.95498
2.9	2.94793
3	2.94091
3.1	2.93394
3.2	2.927
3.3	2.92011
3.4	2.91325
3.5	2.90643
3.6	2.89965
3.7	2.89291
3.8	2.88621
3.9	2.87955
4	2.87292
4.1	2.86632
4.2	2.85976
4.3	2.85323
4.4	2.84673
4.5	2.84027
4.6	2.83384
4.7	2.82743
4.8	2.82107
4.9	2.81475
5	2.80846
5.1	2.8022
5.2	2.79597
5.3	2.78978
5.4	2.78362
5.5	2.77748
5.6	2.77137
5.7	2.76529
5.8	2.75923
5.9	2.75321
6	2.74722
6.1	2.74126
6.2	2.73533
6.3	2.72943
6.4	2.72357
6.5	2.71773
6.6	2.71192
6.7	2.70615
6.8	2.7004
6.9	2.69467
7	2.68897
7.1	2.68329
7.2	2.67763
7.3	2.67201
7.4	2.6664
7.5	2.66081
7.6	2.65525
7.7	2.6497
7.8	2.64418
7.9	2.63868
8	2.6332
8.1	2.62775
8.2	2.62231
8.3	2.61689
8.4	2.61148
8.5	2.6061
8.6	2.60073
8.7	2.59539
8.8	2.59007
8.9	2.58477
9	2.57949
9.1	2.57423
9.2	2.569
9.3	2.56379
9.4	2.5586
9.5	2.55343
9.6	2.54829
9.7	2.54316
9.8	2.53805
9.9	2.53296
10	2.5279
10.1	2.52287
10.2	2.51786
10.3	2.51287
10.4	2.50791
10.5	2.50297
10.6	2.49804
10.7	2.49313
10.8	2.48824
10.9	2.48337
11	2.47852
11.1	2.47369
11.2	2.46887
11.3	2.46407
11.4	2.45928
11.5	2.45452
11.6	2.44977
11.7	2.44504
11.8	2.44032
11.9	2.43561
12	2.43091
12.1	2.42623
12.2	2.42155
12.3	2.4169
12.4	2.41225
12.5	2.40762
12.6	2.40301
12.7	2.39841
12.8	2.39382
12.9	2.38925
13	2.3847
13.1	2.38016
13.2	2.37563
13.3	2.37112
13.4	2.36663
13.5	2.36215
13.6	2.35769
13.7	2.35325
13.8	2.34882
13.9	2.3444
14	2.33999
14.1	2.3356
14.2	2.33121
14.3	2.32684
14.4	2.32247
14.5	2.31812
14.6	2.31377
14.7	2.30944
14.8	2.30512
14.9	2.30082
15	2.29654
15.1	2.29226
15.2	2.288
15.3	2.28375
15.4	2.27951
15.5	2.27528
15.6	2.27107
15.7	2.26686
15.8	2.26267
15.9	2.2585
16	2.25433
16.1	2.25018
16.2	2.24604
16.3	2.24191
16.4	2.2378
16.5	2.2337
16.6	2.22961
16.7	2.22555
16.8	2.22149
16.9	2.21745
17	2.21341
17.1	2.20938
17.2	2.20536
17.3	2.20136
17.4	2.19736
17.5	2.19338
17.6	2.18941
17.7	2.18545
17.8	2.18149
17.9	2.17754
18	2.17359
18.1	2.16966
18.2	2.16573
18.3	2.16182
18.4	2.15792
18.5	2.15404
18.6	2.15017
18.7	2.14631
18.8	2.14247
18.9	2.13864
19	2.13481
19.1	2.131
19.2	2.12719
19.3	2.12339
19.4	2.1196
19.5	2.11582
19.6	2.11205
19.7	2.10829
19.8	2.10455
19.9	2.10082
20	2.09709
20.1	2.09337
20.2	2.08966
20.3	2.08595
20.4	2.08224
20.5	2.07853
20.6	2.07483
20.7	2.07114
20.8	2.06745
20.9	2.06377
21	2.0601
21.1	2.05644
21.2	2.05279
21.3	2.04914
21.4	2.04551
21.5	2.04188
21.6	2.03825
21.7	2.03464
21.8	2.03105
21.9	2.02746
22	2.02388
22.1	2.02032
22.2	2.01676
22.3	2.01323
22.4	2.0097
22.5	2.00618
22.6	2.00268
22.7	1.99917
22.8	1.99567
22.9	1.99218
23	1.9887
23.1	1.98523
23.2	1.98177
23.3	1.97831
23.4	1.97485
23.5	1.9714
23.6	1.96796
23.7	1.96452
23.8	1.96108
23.9	1.95765
24	1.95422
24.1	1.95079
24.2	1.94737
24.3	1.94396
24.4	1.94055
24.5	1.93716
24.6	1.93377
24.7	1.93038
24.8	1.927
24.9	1.92362
25	1.92024
25.1	1.91686
25.2	1.91349
25.3	1.91011
25.4	1.90674
25.5	1.90337
25.6	1.90002
25.7	1.89667
25.8	1.89333
25.9	1.89
26	1.88668
26.1	1.88337
26.2	1.88006
26.3	1.87677
26.4	1.87347
26.5	1.87018
26.6	1.86691
26.7	1.86364
26.8	1.86038
26.9	1.85714
27	1.8539
27.1	1.85067
27.2	1.84744
27.3	1.84422
27.4	1.841
27.5	1.83777
27.6	1.83456
27.7	1.83135
27.8	1.82815
27.9	1.82495
28	1.82175
28.1	1.81856
28.2	1.81538
28.3	1.8122
28.4	1.80903
28.5	1.80587
28.6	1.80272
28.7	1.79958
28.8	1.79645
28.9	1.79333
29	1.79022
29.1	1.78711
29.2	1.78402
29.3	1.78093
29.4	1.77785
29.5	1.77477
29.6	1.7717
29.7	1.76864
29.8	1.76558
29.9	1.76254
30	1.7595
30.1	1.75648
30.2	1.75347
30.3	1.75046
30.4	1.74746
30.5	1.74447
30.6	1.74147
30.7	1.73849
30.8	1.7355
30.9	1.73252
31	1.72954
31.1	1.72657
31.2	1.7236
31.3	1.72065
31.4	1.7177
31.5	1.71475
31.6	1.71182
31.7	1.70889
31.8	1.70598
31.9	1.70306
32	1.70016
32.1	1.69726
32.2	1.69437
32.3	1.69148
32.4	1.68858
32.5	1.68569
32.6	1.68281
32.7	1.67993
32.8	1.67706
32.9	1.67419
33	1.67133
33.1	1.66848
33.2	1.66562
33.3	1.66277
33.4	1.65993
33.5	1.65709
33.6	1.65427
33.7	1.65145
33.8	1.64863
33.9	1.64581
34	1.643
34.1	1.6402
34.2	1.63741
34.3	1.63463
34.4	1.63185
34.5	1.62909
34.6	1.62632
34.7	1.62357
34.8	1.62082
34.9	1.61807
35	1.61534
35.1	1.61261
35.2	1.60987
35.3	1.60714
35.4	1.60441
35.5	1.6017
35.6	1.59899
35.7	1.59629
35.8	1.5936
35.9	1.59091
36	1.58822
36.1	1.58554
36.2	1.58286
36.3	1.58018
36.4	1.57751
36.5	1.57484
36.6	1.57217
36.7	1.5695
36.8	1.56684
36.9	1.56418
37	1.56153
37.1	1.55888
37.2	1.55623
37.3	1.55359
37.4	1.55095
37.5	1.54831
37.6	1.54568
37.7	1.54306
37.8	1.54045
37.9	1.53785
38	1.53526
38.1	1.53268
38.2	1.5301
38.3	1.52753
38.4	1.52497
38.5	1.5224
38.6	1.51984
38.7	1.51727
38.8	1.51472
38.9	1.51216
39	1.50961
39.1	1.50705
39.2	1.5045
39.3	1.50196
39.4	1.49942
39.5	1.49688
39.6	1.49434
39.7	1.49179
39.8	1.48925
39.9	1.48671
40	1.48418
40.1	1.48165
40.2	1.47913
40.3	1.47661
40.4	1.4741
40.5	1.4716
40.6	1.46911
40.7	1.46662
40.8	1.46413
40.9	1.46165
41	1.45916
41.1	1.45668
41.2	1.45421
41.3	1.45174
41.4	1.44927
41.5	1.44681
41.6	1.44435
41.7	1.4419
41.8	1.43945
41.9	1.43699
42	1.43453
42.1	1.43207
42.2	1.42962
42.3	1.42716
42.4	1.42471
42.5	1.42226
42.6	1.41982
42.7	1.41737
42.8	1.41492
42.9	1.41248
43	1.41004
43.1	1.40761
43.2	1.40519
43.3	1.40276
43.4	1.40034
43.5	1.39791
43.6	1.39549
43.7	1.39308
43.8	1.39067
43.9	1.38828
44	1.38589
44.1	1.3835
44.2	1.38113
44.3	1.37876
44.4	1.37638
44.5	1.37401
44.6	1.37164
44.7	1.36927
44.8	1.36691
44.9	1.36456
45	1.36222
45.1	1.35988
45.2	1.35755
45.3	1.35521
45.4	1.35288
45.5	1.35055
45.6	1.34823
45.7	1.34591
45.8	1.34361
45.9	1.3413
46	1.33899
46.1	1.33668
46.2	1.33438
46.3	1.33208
46.4	1.32979
46.5	1.3275
46.6	1.32522
46.7	1.32294
46.8	1.32066
46.9	1.3184
47	1.31614
47.1	1.31389
47.2	1.31165
47.3	1.30942
47.4	1.30719
47.5	1.30497
47.6	1.30276
47.7	1.30054
47.8	1.29834
47.9	1.29613
48	1.29393
48.1	1.29173
48.2	1.28953
48.3	1.28733
48.4	1.28514
48.5	1.28296
48.6	1.28079
48.7	1.27862
48.8	1.27646
48.9	1.2743
49	1.27215
49.1	1.27
49.2	1.26786
49.3	1.26573
49.4	1.26359
49.5	1.26147
49.6	1.25936
49.7	1.25726
49.8	1.25516
49.9	1.25306
50	1.25097
50.1	1.24887
50.2	1.24677
50.3	1.24467
50.4	1.24258
50.5	1.24048
50.6	1.2384
50.7	1.23631
50.8	1.23423
50.9	1.23215
51	1.23007
51.1	1.228
51.2	1.22592
51.3	1.22385
51.4	1.22177
51.5	1.21969
51.6	1.21762
51.7	1.21555
51.8	1.21348
51.9	1.21141
52	1.20935
52.1	1.20729
52.2	1.20523
52.3	1.20317
52.4	1.20111
52.5	1.19906
52.6	1.19701
52.7	1.19497
52.8	1.19293
52.9	1.1909
53	1.18887
53.1	1.18684
53.2	1.18481
53.3	1.18279
53.4	1.18078
53.5	1.17877
53.6	1.17677
53.7	1.17477
53.8	1.17278
53.9	1.17079
54	1.1688
54.1	1.1668
54.2	1.16481
54.3	1.16281
54.4	1.16082
54.5	1.15884
54.6	1.15686
54.7	1.15489
54.8	1.15292
54.9	1.15096
55	1.149
55.1	1.14705
55.2	1.1451
55.3	1.14315
55.4	1.1412
55.5	1.13926
55.6	1.13732
55.7	1.13539
55.8	1.13345
55.9	1.13152
56	1.12959
56.1	1.12767
56.2	1.12575
56.3	1.12384
56.4	1.12192
56.5	1.12001
56.6	1.1181
56.7	1.1162
56.8	1.11431
56.9	1.11241
57	1.11052
57.1	1.10864
57.2	1.10676
57.3	1.10489
57.4	1.10302
57.5	1.10117
57.6	1.09932
57.7	1.09747
57.8	1.09564
57.9	1.09381
58	1.09198
58.1	1.09015
58.2	1.08833
58.3	1.08652
58.4	1.08472
58.5	1.08292
58.6	1.08113
58.7	1.07932
58.8	1.07752
58.9	1.07572
59	1.07392
59.1	1.07213
59.2	1.07034
59.3	1.06856
59.4	1.06677
59.5	1.06499
59.6	1.06321
59.7	1.06143
59.8	1.05965
59.9	1.05786
60	1.05607
60.1	1.0543
60.2	1.05252
60.3	1.05074
60.4	1.04897
60.5	1.04719
60.6	1.04542
60.7	1.04365
60.8	1.04189
60.9	1.04013
61	1.03837
61.1	1.03662
61.2	1.03487
61.3	1.03313
61.4	1.0314
61.5	1.02967
61.6	1.02794
61.7	1.02621
61.8	1.02449
61.9	1.02277
62	1.02105
62.1	1.01934
62.2	1.01764
62.3	1.01594
62.4	1.01424
62.5	1.01254
62.6	1.01084
62.7	1.00914
62.8	1.00743
62.9	1.00573
63	1.00403
63.1	1.00233
63.2	1.00064
63.3	0.99896
63.4	0.997294
63.5	0.995633
63.6	0.993977
63.7	0.992325
63.8	0.990679
63.9	0.989031
64	0.987383
64.1	0.985738
64.2	0.984092
64.3	0.982453
64.4	0.980819
64.5	0.979192
64.6	0.977565
64.7	0.975938
64.8	0.974313
64.9	0.972692
65	0.971072
65.1	0.969456
65.2	0.967842
65.3	0.966231
65.4	0.964619
65.5	0.963006
65.6	0.961399
65.7	0.959799
65.8	0.958201
65.9	0.956602
66	0.955006
66.1	0.953413
66.2	0.951823
66.3	0.950236
66.4	0.948645
66.5	0.947054
66.6	0.945459
66.7	0.943865
66.8	0.942273
66.9	0.940686
67	0.939108
67.1	0.93754
67.2	0.935978
67.3	0.934414
67.4	0.93285
67.5	0.931285
67.6	0.929723
67.7	0.928171
67.8	0.926629
67.9	0.925098
68	0.923567
68.1	0.922035
68.2	0.920505
68.3	0.91898
68.4	0.91746
68.5	0.915947
68.6	0.914436
68.7	0.912928
68.8	0.911425
68.9	0.909925
69	0.908431
69.1	0.906937
69.2	0.905444
69.3	0.903951
69.4	0.902461
69.5	0.900972
69.6	0.899488
69.7	0.898008
69.8	0.896531
69.9	0.895059
70	0.893587
70.1	0.892111
70.2	0.890637
70.3	0.889163
70.4	0.887694
70.5	0.886221
70.6	0.884753
70.7	0.883291
70.8	0.881832
70.9	0.880379
71	0.878931
71.1	0.877484
71.2	0.876035
71.3	0.874585
71.4	0.873144
71.5	0.87171
71.6	0.870285
71.7	0.86886
71.8	0.867439
71.9	0.866022
72	0.864606
72.1	0.863193
72.2	0.861777
72.3	0.860363
72.4	0.858947
72.5	0.857534
72.6	0.856126
72.7	0.854719
72.8	0.853316
72.9	0.851918
73	0.850526
73.1	0.849134
73.2	0.847748
73.3	0.84636
73.4	0.844975
73.5	0.843596
73.6	0.842222
73.7	0.840855
73.8	0.839495
73.9	0.838133
74	0.836774
74.1	0.835409
74.2	0.834046
74.3	0.832687
74.4	0.831332
74.5	0.829981
74.6	0.828632
74.7	0.827277
74.8	0.82592
74.9	0.824567
75	0.823215
75.1	0.821867
75.2	0.820525
75.3	0.819184
75.4	0.817841
75.5	0.816499
75.6	0.815161
75.7	0.813824
75.8	0.812492
75.9	0.811165
76	0.809842
76.1	0.808526
76.2	0.807216
76.3	0.80591
76.4	0.80461
76.5	0.803316
76.6	0.802026
76.7	0.800733
76.8	0.799442
76.9	0.798151
77	0.796863
77.1	0.795577
77.2	0.794286
77.3	0.79299
77.4	0.791694
77.5	0.790399
77.6	0.789105
77.7	0.787817
77.8	0.786537
77.9	0.78526
78	0.783988
78.1	0.782719
78.2	0.781452
78.3	0.780186
78.4	0.778924
78.5	0.777668
78.6	0.776422
78.7	0.775181
78.8	0.773934
78.9	0.772689
79	0.771449
79.1	0.770213
79.2	0.768979
79.3	0.767747
79.4	0.766518
79.5	0.76529
79.6	0.764063
79.7	0.762838
79.8	0.761618
79.9	0.760398
80	0.759176
80.1	0.757954
80.2	0.756729
80.3	0.7555
80.4	0.754272
80.5	0.753044
80.6	0.751817
80.7	0.750589
80.8	0.749367
80.9	0.748148
81	0.746931
81.1	0.745715
81.2	0.744502
81.3	0.743285
81.4	0.742069
81.5	0.740853
81.6	0.739639
81.7	0.738426
81.8	0.737213
81.9	0.736001
82	0.734791
82.1	0.733581
82.2	0.732377
82.3	0.731182
82.4	0.729992
82.5	0.728804
82.6	0.727617
82.7	0.72643
82.8	0.725246
82.9	0.724065
83	0.722886
83.1	0.721704
83.2	0.720521
83.3	0.719337
83.4	0.718152
83.5	0.716968
83.6	0.715785
83.7	0.714607
83.8	0.713433
83.9	0.712263
84	0.711103
84.1	0.70995
84.2	0.708799
84.3	0.707645
84.4	0.706492
84.5	0.705338
84.6	0.704185
84.7	0.703032
84.8	0.701881
84.9	0.700726
85	0.699579
85.1	0.698435
85.2	0.697296
85.3	0.696159
85.4	0.695027
85.5	0.693896
85.6	0.692764
85.7	0.691634
85.8	0.690504
85.9	0.689373
86	0.688244
86.1	0.687122
86.2	0.686
86.3	0.684879
86.4	0.68376
86.5	0.682643
86.6	0.681528
86.7	0.680414
86.8	0.679301
86.9	0.678192
87	0.677087
87.1	0.675986
87.2	0.674887
87.3	0.67379
87.4	0.6727
87.5	0.671613
87.6	0.670528
87.7	0.669447
87.8	0.668372
87.9	0.667305
88	0.666247
88.1	0.665194
88.2	0.664147
88.3	0.6631
88.4	0.662054
88.5	0.661005
88.6	0.659955
88.7	0.658912
88.8	0.657869
88.9	0.656823
89	0.655779
89.1	0.654735
89.2	0.653694
89.3	0.652652
89.4	0.651609
89.5	0.650564
89.6	0.64952
89.7	0.648483
89.8	0.647452
89.9	0.646431
90	0.645415
90.1	0.644399
90.2	0.643383
90.3	0.642365
90.4	0.641347
90.5	0.640333
90.6	0.639323
90.7	0.638323
90.8	0.637328
90.9	0.636333
91	0.635334
91.1	0.634334
91.2	0.633329
91.3	0.632329
91.4	0.631335
91.5	0.63035
91.6	0.629371
91.7	0.628399
91.8	0.627432
91.9	0.626469
92	0.625504
92.1	0.624541
92.2	0.62358
92.3	0.622615
92.4	0.621651
92.5	0.620686
92.6	0.619721
92.7	0.61876
92.8	0.6178
92.9	0.616844
93	0.615894
93.1	0.61494
93.2	0.613986
93.3	0.613029
93.4	0.612073
93.5	0.611123
93.6	0.610173
93.7	0.60922
93.8	0.608262
93.9	0.607302
94	0.606345
94.1	0.605394
94.2	0.604444
94.3	0.603498
94.4	0.602551
94.5	0.601599
94.6	0.600644
94.7	0.599685
94.8	0.598728
94.9	0.597773
95	0.596823
95.1	0.595879
95.2	0.594934
95.3	0.593993
95.4	0.593048
95.5	0.592101
95.6	0.591156
95.7	0.590209
95.8	0.58926
95.9	0.588312
96	0.587363
96.1	0.586412
96.2	0.585463
96.3	0.584518
96.4	0.583574
96.5	0.582632
96.6	0.581691
96.7	0.580752
96.8	0.579818
96.9	0.578885
97	0.577953
97.1	0.577022
97.2	0.576091
97.3	0.575159
97.4	0.574222
97.5	0.573282
97.6	0.572344
97.7	0.571407
97.8	0.570474
97.9	0.56955
98	0.568636
98.1	0.56773
98.2	0.566826
98.3	0.565918
98.4	0.565008
98.5	0.564103
98.6	0.5632
98.7	0.562301
98.8	0.561404
98.9	0.560508
99	0.559611
99.1	0.558717
99.2	0.557827
99.3	0.556941
99.4	0.556059
99.5	0.555178
99.6	0.554298
99.7	0.553424
99.8	0.552552
99.9	0.551682
100	0.550816
100.1	0.549953
100.2	0.549093
100.3	0.548237
100.4	0.547384
100.5	0.546532
100.6	0.545678
100.7	0.544823
100.8	0.543964
100.9	0.543103
101	0.542237
101.1	0.541371
101.2	0.540505
101.3	0.539644
101.4	0.538781
101.5	0.537912
101.6	0.537038
101.7	0.536166
101.8	0.535295
101.9	0.534425
102	0.533562
102.1	0.532702
102.2	0.531849
102.3	0.531001
102.4	0.530154
102.5	0.529307
102.6	0.528462
102.7	0.527615
102.8	0.526771
102.9	0.525931
103	0.525094
103.1	0.524255
103.2	0.52342
103.3	0.522586
103.4	0.521757
103.5	0.520931
103.6	0.520104
103.7	0.519278
103.8	0.518454
103.9	0.517634
104	0.51681
104.1	0.515988
104.2	0.515169
104.3	0.51435
104.4	0.513529
104.5	0.512709
104.6	0.511894
104.7	0.511083
104.8	0.510272
104.9	0.509466
105	0.50866
105.1	0.507855
105.2	0.50705
105.3	0.506241
105.4	0.505428
105.5	0.504616
105.6	0.503805
105.7	0.502995
105.8	0.502184
105.9	0.501369
106	0.500554
106.1	0.499735
106.2	0.498911
106.3	0.498086
106.4	0.497253
106.5	0.496415
106.6	0.495571
106.7	0.494727
106.8	0.493883
106.9	0.493037
107	0.492187
107.1	0.491335
107.2	0.49049
107.3	0.48965
107.4	0.488817
107.5	0.487989
107.6	0.487163
107.7	0.486345
107.8	0.485534
107.9	0.484725
108	0.483921
108.1	0.48312
108.2	0.482324
108.3	0.481532
108.4	0.480745
108.5	0.47996
108.6	0.479172
108.7	0.478381
108.8	0.477594
108.9	0.476812
109	0.476027
109.1	0.475245
109.2	0.474469
109.3	0.473693
109.4	0.472915
109.5	0.472139
109.6	0.471366
109.7	0.470597
109.8	0.469826
109.9	0.469053
110	0.468283
110.1	0.467512
110.2	0.466743
110.3	0.46597
110.4	0.465191
110.5	0.464409
110.6	0.463628
110.7	0.46285
110.8	0.462078
110.9	0.461306
111	0.460532
111.1	0.459755
111.2	0.45898
111.3	0.458203
111.4	0.457428
111.5	0.456652
111.6	0.455878
111.7	0.455107
111.8	0.45434
111.9	0.453575
112	0.452812
112.1	0.45205
112.2	0.45129
112.3	0.450527
112.4	0.449767
112.5	0.44901
112.6	0.44825
112.7	0.44749
112.8	0.446731
112.9	0.445972
113	0.445214
113.1	0.444461
113.2	0.443706
113.3	0.442951
113.4	0.442196
113.5	0.441439
113.6	0.440685
113.7	0.43994
113.8	0.439196
113.9	0.438458
114	0.437723
114.1	0.436992
114.2	0.436269
114.3	0.435553
114.4	0.434842
114.5	0.434132
114.6	0.433428
114.7	0.432727
114.8	0.432031
114.9	0.431337
115	0.430646
115.1	0.429957
115.2	0.429268
115.3	0.428571
115.4	0.42787
115.5	0.427168
115.6	0.42646
115.7	0.425758
115.8	0.42506
115.9	0.424361
116	0.423656
116.1	0.422948
116.2	0.42224
116.3	0.42153
116.4	0.420823
116.5	0.420118
116.6	0.419412
116.7	0.418704
116.8	0.418
116.9	0.417296
117	0.416593
117.1	0.415891
117.2	0.415186
117.3	0.41448
117.4	0.413771
117.5	0.413066
117.6	0.412361
117.7	0.411653
117.8	0.410946
117.9	0.410235
118	0.409529
118.1	0.408825
118.2	0.408116
118.3	0.407406
118.4	0.406704
118.5	0.406006
118.6	0.405314
118.7	0.404632
118.8	0.40395
118.9	0.403266
119	0.40258
119.1	0.4019
119.2	0.401222
119.3	0.400548
119.4	0.399874
119.5	0.399201
119.6	0.398531
119.7	0.397866
119.8	0.397203
119.9	0.396536
120	0.395869
120.1	0.395207
120.2	0.394551
120.3	0.3939
120.4	0.39325
120.5	0.392604
120.6	0.391965
120.7	0.391337
120.8	0.390709
120.9	0.390076
121	0.389438
121.1	0.388796
121.2	0.388155
121.3	0.387516
121.4	0.386882
121.5	0.386254
121.6	0.385624
121.7	0.384995
121.8	0.38437
121.9	0.383744
122	0.383122
122.1	0.382507
122.2	0.381893
122.3	0.381279
122.4	0.380661
122.5	0.380039
122.6	0.379413
122.7	0.378787
122.8	0.378164
122.9	0.377541
123	0.376921
123.1	0.376302
123.2	0.375679
123.3	0.375054
123.4	0.374432
123.5	0.373816
123.6	0.373204
123.7	0.372592
123.8	0.371984
123.9	0.371384
124	0.370793
124.1	0.370202
124.2	0.369607
124.3	0.369012
124.4	0.368418
124.5	0.367825
124.6	0.367233
124.7	0.366643
124.8	0.366053
124.9	0.365464
125	0.364872
125.1	0.364277
125.2	0.363683
125.3	0.363091
125.4	0.362502
125.5	0.361915
125.6	0.361335
125.7	0.360761
125.8	0.360186
125.9	0.359613
126	0.359045
126.1	0.358479
126.2	0.357906
126.3	0.357325
126.4	0.35674
126.5	0.356151
126.6	0.355557
126.7	0.354965
126.8	0.354375
126.9	0.35379
127	0.353204
127.1	0.352623
127.2	0.352042
127.3	0.351464
127.4	0.350885
127.5	0.350303
127.6	0.349724
127.7	0.349148
127.8	0.34857
127.9	0.347986
128	0.347398
128.1	0.346808
128.2	0.346223
128.3	0.345639
128.4	0.345054
128.5	0.344464
128.6	0.34387
128.7	0.343278
128.8	0.34269
128.9	0.342108
129	0.341525
129.1	0.340942
129.2	0.340361
129.3	0.339782
129.4	0.339207
129.5	0.338633
129.6	0.33806
129.7	0.337487
129.8	0.336916
129.9	0.336342
130	0.335765
130.1	0.335188
130.2	0.334604
130.3	0.334017
130.4	0.333425
130.5	0.332833
130.6	0.332243
130.7	0.331655
130.8	0.331069
130.9	0.33049
131	0.329921
131.1	0.329362
131.2	0.32881
131.3	0.328261
131.4	0.327712
131.5	0.327164
131.6	0.326616
131.7	0.326072
131.8	0.325531
131.9	0.324992
132	0.324453
132.1	0.323913
132.2	0.323373
132.3	0.322833
132.4	0.322295
132.5	0.321762
132.6	0.321229
132.7	0.320696
132.8	0.320163
132.9	0.319626
133	0.319085
133.1	0.318538
133.2	0.31799
133.3	0.31744
133.4	0.316886
133.5	0.316331
133.6	0.315781
133.7	0.315235
133.8	0.314692
133.9	0.31415
134	0.31361
134.1	0.313065
134.2	0.312519
134.3	0.311977
134.4	0.311436
134.5	0.310893
134.6	0.310353
134.7	0.309815
134.8	0.309281
134.9	0.30875
135	0.308221
135.1	0.307692
135.2	0.307167
135.3	0.306642
135.4	0.306121
135.5	0.305601
135.6	0.305082
135.7	0.304563
135.8	0.304043
135.9	0.303527
136	0.303014
136.1	0.302505
136.2	0.301998
136.3	0.301489
136.4	0.300983
136.5	0.300476
136.6	0.299968
136.7	0.299464
136.8	0.298961
136.9	0.298456
137	0.297953
137.1	0.297453
137.2	0.296953
137.3	0.29645
137.4	0.295952
137.5	0.295455
137.6	0.294959
137.7	0.294464
137.8	0.293967
137.9	0.293473
138	0.292981
138.1	0.292491
138.2	0.292009
138.3	0.291531
138.4	0.291053
138.5	0.290573
138.6	0.290087
138.7	0.2896
138.8	0.289117
138.9	0.288643
139	0.288169
139.1	0.287696
139.2	0.287225
139.3	0.286756
139.4	0.286285
139.5	0.285815
139.6	0.285346
139.7	0.284882
139.8	0.284424
139.9	0.283969
140	0.283518
140.1	0.283068
140.2	0.282615
140.3	0.282166
140.4	0.28172
140.5	0.281275
140.6	0.28083
140.7	0.280384
140.8	0.27993
140.9	0.279475
141	0.279015
141.1	0.278557
141.2	0.278101
141.3	0.277644
141.4	0.277184
141.5	0.276718
141.6	0.276251
141.7	0.275783
141.8	0.275316
141.9	0.274847
142	0.274378
142.1	0.273909
142.2	0.273435
142.3	0.272955
142.4	0.272475
142.5	0.271995
142.6	0.27152
142.7	0.271051
142.8	0.270586
142.9	0.270122
143	0.269657
143.1	0.269196
143.2	0.268735
143.3	0.268276
143.4	0.267819
143.5	0.267367
143.6	0.266921
143.7	0.266478
143.8	0.26604
143.9	0.265611
144	0.265192
144.1	0.264773
144.2	0.264354
144.3	0.263936
144.4	0.26352
144.5	0.2631
144.6	0.262677
144.7	0.262252
144.8	0.261828
144.9	0.261406
145	0.260987
145.1	0.260575
145.2	0.260164
145.3	0.259753
145.4	0.259348
145.5	0.258946
145.6	0.258547
145.7	0.258152
145.8	0.257754
145.9	0.257354
146	0.256958
146.1	0.256568
146.2	0.256182
146.3	0.255802
146.4	0.255425
146.5	0.255051
146.6	0.254679
146.7	0.254308
146.8	0.253934
146.9	0.253556
147	0.253178
147.1	0.252804
147.2	0.252436
147.3	0.252071
147.4	0.251712
147.5	0.251358
147.6	0.251006
147.7	0.250655
147.8	0.250298
147.9	0.249934
148	0.249565
148.1	0.249196
148.2	0.248825
148.3	0.248455
148.4	0.248087
148.5	0.247723
148.6	0.247361
148.7	0.247004
148.8	0.246652
148.9	0.246304
149	0.245955
149.1	0.24561
149.2	0.245262
149.3	0.244914
149.4	0.244565
149.5	0.244219
149.6	0.243877
149.7	0.243534
149.8	0.243191
149.9	0.242844
150	0.2425
150.1	0.242152
150.2	0.241804
150.3	0.241457
150.4	0.241111
150.5	0.240767
150.6	0.240427
150.7	0.240087
150.8	0.239751
150.9	0.239419
151	0.239091
151.1	0.238765
151.2	0.238442
151.3	0.238125
151.4	0.23781
151.5	0.237496
151.6	0.237186
151.7	0.236878
151.8	0.236568
151.9	0.236249
152	0.235927
152.1	0.235604
152.2	0.235282
152.3	0.234965
152.4	0.234652
152.5	0.234343
152.6	0.234036
152.7	0.23373
152.8	0.233431
152.9	0.233135
153	0.232842
153.1	0.232556
153.2	0.232271
153.3	0.231988
153.4	0.231705
153.5	0.231429
153.6	0.231159
153.7	0.230887
153.8	0.230617
153.9	0.230349
154	0.230092
154.1	0.229839
154.2	0.229585
154.3	0.229331
154.4	0.229078
154.5	0.228823
154.6	0.228567
154.7	0.228311
154.8	0.228047
154.9	0.227776
155	0.227508
155.1	0.227237
155.2	0.226962
155.3	0.226693
155.4	0.226428
155.5	0.226162
155.6	0.225897
155.7	0.225631
155.8	0.225363
155.9	0.225095
156	0.224827
156.1	0.224564
156.2	0.224305
156.3	0.224041
156.4	0.223775
156.5	0.223508
156.6	0.223241
156.7	0.222967
156.8	0.22269
156.9	0.222413
157	0.222139
157.1	0.221871
157.2	0.221606
157.3	0.221342
157.4	0.22108
157.5	0.220813
157.6	0.220549
157.7	0.220282
157.8	0.220009
157.9	0.219735
158	0.219463
158.1	0.219189
158.2	0.218912
158.3	0.218632
158.4	0.218357
158.5	0.218087
158.6	0.217818
158.7	0.21755
158.8	0.217284
158.9	0.217015
159	0.216744
159.1	0.216475
159.2	0.216209
159.3	0.215947
159.4	0.215687
159.5	0.215426
159.6	0.215163
159.7	0.214901
159.8	0.214639
159.9	0.214375
160	0.21411
160.1	0.213849
160.2	0.213585
160.3	0.213313
160.4	0.213043
160.5	0.21277
160.6	0.212501
160.7	0.21223
160.8	0.211962
160.9	0.211697
161	0.211438
161.1	0.211182
161.2	0.210931
161.3	0.210679
161.4	0.210426
161.5	0.210174
161.6	0.209921
161.7	0.209669
161.8	0.209418
161.9	0.209174
162	0.208935
162.1	0.208698
162.2	0.208461
162.3	0.208224
162.4	0.207987
162.5	0.207748
162.6	0.207511
162.7	0.207275
162.8	0.207043
162.9	0.206814
163	0.206589
163.1	0.206361
163.2	0.206135
163.3	0.205913
163.4	0.20569
163.5	0.205461
163.6	0.205233
163.7	0.205005
163.8	0.20478
163.9	0.204558
164	0.204334
164.1	0.204111
164.2	0.203885
164.3	0.203659
164.4	0.203439
164.5	0.203221
164.6	0.203009
164.7	0.202798
164.8	0.202587
164.9	0.202373
165	0.202157
165.1	0.201945
165.2	0.201735
165.3	0.201525
165.4	0.201313
165.5	0.201099
165.6	0.20088
165.7	0.20066
165.8	0.200442
165.9	0.200216
166	0.199987
166.1	0.199757
166.2	0.199525
166.3	0.199294
166.4	0.199058
166.5	0.198818
166.6	0.198571
166.7	0.198323
166.8	0.198078
166.9	0.19783
167	0.197583
167.1	0.197331
167.2	0.197083
167.3	0.196839
167.4	0.196596
167.5	0.196358
167.6	0.196117
167.7	0.195872
167.8	0.195626
167.9	0.195376
168	0.195125
168.1	0.194875
168.2	0.19462
168.3	0.194363
168.4	0.194109
168.5	0.193855
168.6	0.193602
168.7	0.193357
168.8	0.193113
168.9	0.192867
169	0.19262
169.1	0.192373
169.2	0.192131
169.3	0.191887
169.4	0.191644
169.5	0.191399
169.6	0.191152
169.7	0.190909
169.8	0.190666
169.9	0.190419
170	0.190171
170.1	0.189917
170.2	0.189658
170.3	0.189394
170.4	0.18913
170.5	0.188862
170.6	0.188593
170.7	0.188321
170.8	0.18805
170.9	0.187774
171	0.187495
171.1	0.187219
171.2	0.186944
171.3	0.186673
171.4	0.18641
171.5	0.186153
171.6	0.185898
171.7	0.185641
171.8	0.185377
171.9	0.185112
172	0.184842
172.1	0.184573
172.2	0.184312
172.3	0.184056
172.4	0.183806
172.5	0.183562
172.6	0.183316
172.7	0.183067
172.8	0.182819
172.9	0.182569
173	0.182323
173.1	0.18208
173.2	0.18184
173.3	0.181603
173.4	0.181366
173.5	0.181131
173.6	0.180898
173.7	0.18066
173.8	0.180424
173.9	0.180192
174	0.179967
174.1	0.179745
174.2	0.179526
174.3	0.179307
174.4	0.179092
174.5	0.17888
174.6	0.178665
174.7	0.178453
174.8	0.178244
174.9	0.178037
175	0.177826
175.1	0.177615
175.2	0.177404
175.3	0.177197
175.4	0.176992
175.5	0.176789
175.6	0.17658
175.7	0.176373
175.8	0.176165
175.9	0.175949
176	0.175733
176.1	0.175521
176.2	0.175312
176.3	0.175103
176.4	0.174895
176.5	0.174687
176.6	0.174482
176.7	0.174277
176.8	0.174075
176.9	0.173875
177	0.173671
177.1	0.173463
177.2	0.173249
177.3	0.173029
177.4	0.172809
177.5	0.172588
177.6	0.172371
177.7	0.172157
177.8	0.171949
177.9	0.171743
178	0.171543
178.1	0.171342
178.2	0.171142
178.3	0.170942
178.4	0.17074
178.5	0.170539
178.6	0.170339
178.7	0.170145
178.8	0.169944
178.9	0.169739
179	0.169529
179.1	0.169314
179.2	0.169089
179.3	0.168863
179.4	0.168634
179.5	0.168406
179.6	0.168181
179.7	0.167954
179.8	0.167728
179.9	0.167502
180	0.167275
180.1	0.167041
180.2	0.166808
180.3	0.166576
180.4	0.166345
180.5	0.166111
180.6	0.165877
180.7	0.165642
180.8	0.165408
180.9	0.165173
181	0.164941
181.1	0.16471
181.2	0.164482
181.3	0.164252
181.4	0.164019
181.5	0.163794
181.6	0.163574
181.7	0.163356
181.8	0.163139
181.9	0.16292
182	0.162703
182.1	0.162492
182.2	0.162281
182.3	0.162069
182.4	0.161855
182.5	0.161641
182.6	0.161427
182.7	0.161211
182.8	0.160993
182.9	0.160776
183	0.160556
183.1	0.160338
183.2	0.16012
183.3	0.159898
183.4	0.159674
183.5	0.159448
183.6	0.159221
183.7	0.158995
183.8	0.158764
183.9	0.158533
184	0.158298
184.1	0.158067
184.2	0.157838
184.3	0.157615
184.4	0.157395
184.5	0.157176
184.6	0.156958
184.7	0.156746
184.8	0.156535
184.9	0.156321
185	0.156104
185.1	0.15589
185.2	0.155676
185.3	0.15546
185.4	0.155244
185.5	0.155025
185.6	0.154805
185.7	0.154584
185.8	0.154361
185.9	0.15414
186	0.153922
186.1	0.153703
186.2	0.153483
186.3	0.153262
186.4	0.153041
186.5	0.152822
186.6	0.152604
186.7	0.152388
186.8	0.15217
186.9	0.151954
187	0.151743
187.1	0.151532
187.2	0.151322
187.3	0.151109
187.4	0.150891
187.5	0.150674
187.6	0.150457
187.7	0.150242
187.8	0.15003
187.9	0.149816
188	0.149606
188.1	0.149396
188.2	0.149183
188.3	0.148973
188.4	0.148767
188.5	0.148562
188.6	0.14836
188.7	0.148161
188.8	0.147965
188.9	0.14777
189	0.147572
189.1	0.147374
189.2	0.147176
189.3	0.146976
189.4	0.146775
189.5	0.146575
189.6	0.146379
189.7	0.146187
189.8	0.146001
189.9	0.145814
190	0.145627
190.1	0.145437
190.2	0.145249
190.3	0.145059
190.4	0.144868
190.5	0.144678
190.6	0.144487
190.7	0.144296
190.8	0.144109
190.9	0.143923
191	0.143738
191.1	0.143552
191.2	0.14336
191.3	0.143166
191.4	0.142976
191.5	0.142791
191.6	0.142613
191.7	0.142436
191.8	0.142256
191.9	0.142079
192	0.141904
192.1	0.141727
192.2	0.141549
192.3	0.141367
192.4	0.14118
192.5	0.140991
192.6	0.140801
192.7	0.140612
192.8	0.140424
192.9	0.140239
193	0.140062
193.1	0.139885
193.2	0.139709
193.3	0.13953
193.4	0.139351
193.5	0.139175
193.6	0.139
193.7	0.138828
193.8	0.138663
193.9	0.138495
194	0.138324
194.1	0.138149
194.2	0.137974
194.3	0.137798
194.4	0.137624
194.5	0.137449
194.6	0.137273
194.7	0.137102
194.8	0.136933
194.9	0.136764
195	0.1366
195.1	0.13644
195.2	0.136282
195.3	0.136126
195.4	0.135975
195.5	0.135822
195.6	0.135668
195.7	0.135513
195.8	0.13536
195.9	0.135206
196	0.135055
196.1	0.134902
196.2	0.134753
196.3	0.13461
196.4	0.13447
196.5	0.134327
196.6	0.134181
196.7	0.134033
196.8	0.133884
196.9	0.133735
197	0.133585
197.1	0.133431
197.2	0.133278
197.3	0.133124
197.4	0.132969
197.5	0.132813
197.6	0.132659
197.7	0.132509
197.8	0.132358
197.9	0.132204
198	0.132051
198.1	0.131899
198.2	0.13175
198.3	0.131604
198.4	0.131456
198.5	0.131305
198.6	0.131158
198.7	0.13101
198.8	0.130866
198.9	0.13072
199	0.130571
199.1	0.130421
199.2	0.130264
199.3	0.130101
199.4	0.129934
199.5	0.129764
199.6	0.129592
199.7	0.129418
199.8	0.129243
199.9	0.12907
200	0.128898
200.1	0.12873
200.2	0.128566
200.3	0.128403
200.4	0.128237
200.5	0.128068
200.6	0.127901
200.7	0.127734
200.8	0.127565
200.9	0.127389
201	0.127215
201.1	0.127045
201.2	0.12688
201.3	0.126713
201.4	0.126546
201.5	0.126381
201.6	0.12621
201.7	0.126034
201.8	0.12586
201.9	0.125686
202	0.125509
202.1	0.125335
202.2	0.125158
202.3	0.124979
202.4	0.124799
202.5	0.124614
202.6	0.124422
202.7	0.124227
202.8	0.12403
202.9	0.123836
203	0.123642
203.1	0.123443
203.2	0.123239
203.3	0.123033
203.4	0.122823
203.5	0.122614
203.6	0.122404
203.7	0.122192
203.8	0.121979
203.9	0.121764
204	0.121546
204.1	0.121326
204.2	0.121107
204.3	0.120892
204.4	0.120678
204.5	0.120474
204.6	0.12028
204.7	0.120091
204.8	0.119902
204.9	0.119715
205	0.119523
205.1	0.119332
205.2	0.119141
205.3	0.118953
205.4	0.118765
205.5	0.118574
205.6	0.11838
205.7	0.118187
205.8	0.117994
205.9	0.117801
206	0.11761
206.1	0.117419
206.2	0.117229
206.3	0.117046
206.4	0.116863
206.5	0.11668
206.6	0.116502
206.7	0.116326
206.8	0.116152
206.9	0.115975
207	0.115794
207.1	0.115615
207.2	0.115433
207.3	0.115248
207.4	0.115061
207.5	0.114878
207.6	0.114694
207.7	0.114511
207.8	0.11433
207.9	0.11415
208	0.113971
208.1	0.113791
208.2	0.113612
208.3	0.113436
208.4	0.113268
208.5	0.113103
208.6	0.112934
208.7	0.112764
208.8	0.112593
208.9	0.112418
209	0.112242
209.1	0.112064
209.2	0.111886
209.3	0.111707
209.4	0.111529
209.5	0.111349
209.6	0.111166
209.7	0.110977
209.8	0.110784
209.9	0.110593
210	0.110401
210.1	0.110209
210.2	0.11002
210.3	0.109837
210.4	0.109662
210.5	0.109494
210.6	0.109329
210.7	0.109161
210.8	0.108991
210.9	0.108825
211	0.108663
211.1	0.108495
211.2	0.108324
211.3	0.108152
211.4	0.107982
211.5	0.107814
211.6	0.107645
211.7	0.107474
211.8	0.107298
211.9	0.107118
212	0.106933
212.1	0.106752
212.2	0.106578
212.3	0.106406
212.4	0.106233
212.5	0.106055
212.6	0.105876
212.7	0.105698
212.8	0.105523
212.9	0.105355
213	0.105189
213.1	0.105023
213.2	0.104855
213.3	0.104683
213.4	0.104516
213.5	0.104354
213.6	0.104196
213.7	0.10404
213.8	0.10388
213.9	0.103717
214	0.10355
214.1	0.103375
214.2	0.103199
214.3	0.103025
214.4	0.102853
214.5	0.102685
214.6	0.102523
214.7	0.102365
214.8	0.102208
214.9	0.102052
215	0.101899
215.1	0.101745
215.2	0.101592
215.3	0.101444
215.4	0.101301
215.5	0.101158
215.6	0.101018
215.7	0.100879
215.8	0.100735
215.9	0.100593
216	0.100456
216.1	0.100315
216.2	0.100175
216.3	0.100034
216.4	0.0998863
216.5	0.0997348
216.6	0.0995858
216.7	0.0994423
216.8	0.0993003
216.9	0.099164
217	0.0990301
217.1	0.0988995
217.2	0.0987665
217.3	0.0986259
217.4	0.0984806
217.5	0.0983329
217.6	0.0981866
217.7	0.0980398
217.8	0.097897
217.9	0.0977576
218	0.0976203
218.1	0.0974825
218.2	0.0973447
218.3	0.0972145
218.4	0.0970908
218.5	0.0969684
218.6	0.0968437
218.7	0.096716
218.8	0.0965928
218.9	0.0964733
219	0.0963576
219.1	0.0962456
219.2	0.0961381
219.3	0.0960309
219.4	0.0959278
219.5	0.0958256
219.6	0.0957184
219.7	0.0956028
219.8	0.0954851
219.9	0.0953636
220	0.0952393
220.1	0.0951112
220.2	0.0949865
220.3	0.0948686
220.4	0.0947545
220.5	0.0946429
220.6	0.0945293
220.7	0.0944145
220.8	0.0943031
220.9	0.0941873
221	0.0940676
221.1	0.0939435
221.2	0.0938171
221.3	0.0936889
221.4	0.0935625
221.5	0.0934404
221.6	0.0933175
221.7	0.09319
221.8	0.0930621
221.9	0.0929353
222	0.0928116
222.1	0.0926899
222.2	0.0925707
222.3	0.0924553
222.4	0.092347
222.5	0.0922432
222.6	0.0921409
222.7	0.0920364
222.8	0.0919298
222.9	0.0918274
223	0.0917257
223.1	0.0916263
223.2	0.0915277
223.3	0.0914309
223.4	0.0913295
223.5	0.0912289
223.6	0.0911271
223.7	0.0910266
223.8	0.0909237
223.9	0.0908198
224	0.0907156
224.1	0.0906132
224.2	0.0905121
224.3	0.0904105
224.4	0.0903069
224.5	0.090198
224.6	0.090087
224.7	0.0899732
224.8	0.0898616
224.9	0.0897475
225	0.0896273
225.1	0.0895034
225.2	0.0893793
225.3	0.089255
225.4	0.0891267
225.5	0.0890003
225.6	0.088877
225.7	0.0887565
225.8	0.0886391
225.9	0.0885202
226	0.0883973
226.1	0.0882706
226.2	0.0881386
226.3	0.0880033
226.4	0.0878677
226.5	0.0877359
226.6	0.0876091
226.7	0.0874807
226.8	0.0873436
226.9	0.0872038
227	0.0870634
227.1	0.0869241
227.2	0.0867884
227.3	0.0866553
227.4	0.0865266
227.5	0.0864024
227.6	0.0862817
227.7	0.0861668
227.8	0.086053
227.9	0.085939
228	0.0858206
228.1	0.0857014
228.2	0.0855824
228.3	0.0854601
228.4	0.0853381
228.5	0.0852169
228.6	0.0851004
228.7	0.0849872
228.8	0.0848751
228.9	0.0847693
229	0.0846688
229.1	0.0845713
229.2	0.0844732
229.3	0.0843729
229.4	0.0842702
229.5	0.0841622
229.6	0.0840506
229.7	0.0839385
229.8	0.0838288
229.9	0.0837235
230	0.0836228
230.1	0.0835222
230.2	0.083424
230.3	0.0833257
230.4	0.0832288
230.5	0.0831376
230.6	0.0830484
230.7	0.0829584
230.8	0.0828674
230.9	0.0827725
231	0.0826754
231.1	0.0825764
231.2	0.0824756
231.3	0.0823723
231.4	0.0822697
231.5	0.0821644
231.6	0.0820593
231.7	0.0819566
231.8	0.0818569
231.9	0.081758
232	0.0816608
232.1	0.0815604
232.2	0.0814588
232.3	0.0813564
232.4	0.081248
232.5	0.0811363
232.6	0.0810213
232.7	0.0809072
232.8	0.0807891
232.9	0.0806645
233	0.0805377
233.1	0.0804146
233.2	0.08029
233.3	0.0801675
233.4	0.0800444
233.5	0.0799224
233.6	0.0798007
233.7	0.0796757
233.8	0.0795468
233.9	0.0794147
234	0.0792782
234.1	0.079147
234.2	0.079013
234.3	0.0788794
234.4	0.0787483
234.5	0.0786204
234.6	0.0784937
234.7	0.0783667
234.8	0.0782403
234.9	0.0781169
235	0.077993
235.1	0.0778672
235.2	0.0777415
235.3	0.0776166
235.4	0.0774907
235.5	0.077367
235.6	0.0772484
235.7	0.0771358
235.8	0.0770313
235.9	0.0769304
236	0.0768329
236.1	0.0767341
236.2	0.0766362
236.3	0.0765439
236.4	0.0764558
236.5	0.0763708
236.6	0.0762881
236.7	0.0762058
236.8	0.0761162
236.9	0.0760237
237	0.0759318
237.1	0.0758442
237.2	0.0757571
237.3	0.0756756
237.4	0.0755938
237.5	0.0755123
237.6	0.0754334
237.7	0.0753572
237.8	0.0752797
237.9	0.075203
238	0.0751257
238.1	0.0750489
238.2	0.0749683
238.3	0.0748841
238.4	0.0748013
238.5	0.0747211
238.6	0.0746431
238.7	0.0745641
238.8	0.0744879
238.9	0.0744103
239	0.0743304
239.1	0.0742467
239.2	0.0741586
239.3	0.0740621
239.4	0.0739636
239.5	0.0738675
239.6	0.0737713
239.7	0.0736736
239.8	0.0735764
239.9	0.0734793
240	0.0733831
240.1	0.0732894
240.2	0.0731939
240.3	0.0730959
240.4	0.0729981
240.5	0.0729012
240.6	0.0728066
240.7	0.0727186
240.8	0.0726347
240.9	0.0725582
241	0.0724821
241.1	0.0724038
241.2	0.0723296
241.3	0.0722549
241.4	0.0721787
241.5	0.0721025
241.6	0.072036
241.7	0.0719741
241.8	0.0719125
241.9	0.0718479
242	0.071779
242.1	0.0717063
242.2	0.071632
242.3	0.0715526
242.4	0.0714687
242.5	0.071383
242.6	0.0712936
242.7	0.0712073
242.8	0.0711239
242.9	0.0710367
243	0.0709438
243.1	0.0708499
243.2	0.0707559
243.3	0.0706667
243.4	0.0705826
243.5	0.0705019
243.6	0.0704273
243.7	0.0703507
243.8	0.0702763
243.9	0.0702064
244	0.0701394
244.1	0.0700763
244.2	0.0700166
244.3	0.0699569
244.4	0.0698992
244.5	0.0698392
244.6	0.0697806
244.7	0.0697254
244.8	0.0696727
244.9	0.0696175
245	0.0695612
245.1	0.0695017
245.2	0.0694361
245.3	0.0693605
245.4	0.0692777
245.5	0.0691909
245.6	0.0691055
245.7	0.0690203
245.8	0.0689388
245.9	0.0688628
246	0.0687878
246.1	0.0687101
246.2	0.0686372
246.3	0.0685725
246.4	0.0685102
246.5	0.0684456
246.6	0.068378
246.7	0.0683059
246.8	0.068233
246.9	0.0681551
247	0.0680704
247.1	0.0679781
247.2	0.0678797
247.3	0.0677756
247.4	0.0676677
247.5	0.0675576
247.6	0.0674444
247.7	0.0673312
247.8	0.067218
247.9	0.0671098
248	0.0670057
248.1	0.066899
248.2	0.066798
248.3	0.0667027
248.4	0.0666083
248.5	0.0665182
248.6	0.0664293
248.7	0.0663408
248.8	0.0662511
248.9	0.0661635
249	0.0660753
249.1	0.0659865
249.2	0.065895
249.3	0.0658031
249.4	0.0657114
249.5	0.0656231
249.6	0.065541
249.7	0.065461
249.8	0.0653861
249.9	0.0653106
250	0.0652322
250.1	0.065154
250.2	0.0650735
250.3	0.0649917
250.4	0.064912
250.5	0.0648379
250.6	0.0647677
250.7	0.064694
250.8	0.0646166
250.9	0.0645373
251	0.0644553
251.1	0.0643738
251.2	0.0642936
251.3	0.0642151
251.4	0.0641345
251.5	0.0640518
251.6	0.0639684
251.7	0.063883
251.8	0.063796
251.9	0.0637053
252	0.063612
252.1	0.0635165
252.2	0.0634206
252.3	0.063329
252.4	0.063236
252.5	0.0631416
252.6	0.0630473
252.7	0.0629547
252.8	0.0628626
252.9	0.0627744
253	0.0626877
253.1	0.062605
253.2	0.0625181
253.3	0.0624298
253.4	0.0623393
253.5	0.0622463
253.6	0.0621507
253.7	0.0620529
253.8	0.0619546
253.9	0.0618599
254	0.0617704
254.1	0.0616861
254.2	0.0616014
254.3	0.0615158
254.4	0.0614314
254.5	0.0613482
254.6	0.0612686
254.7	0.06119
254.8	0.0611103
254.9	0.061034
255	0.0609594
255.1	0.0608867
255.2	0.0608115
255.3	0.060729
255.4	0.0606386
255.5	0.0605402
255.6	0.0604377
255.7	0.0603313
255.8	0.0602233
255.9	0.0601152
256	0.0600086
256.1	0.0599058
256.2	0.0598047
256.3	0.0597031
256.4	0.0595968
256.5	0.0594887
256.6	0.0593822
256.7	0.059277
256.8	0.0591715
256.9	0.0590652
257	0.0589593
257.1	0.058855
257.2	0.0587529
257.3	0.058651
257.4	0.0585488
257.5	0.0584507
257.6	0.0583622
257.7	0.0582777
257.8	0.0581967
257.9	0.0581216
258	0.0580492
258.1	0.0579766
258.2	0.0578992
258.3	0.057817
258.4	0.0577272
258.5	0.0576345
258.6	0.0575386
258.7	0.0574449
258.8	0.0573499
258.9	0.0572542
259	0.0571581
259.1	0.057065
259.2	0.0569739
259.3	0.0568855
259.4	0.056797
259.5	0.0567068
259.6	0.0566167
259.7	0.0565229
259.8	0.0564314
259.9	0.0563444
260	0.0562536
260.1	0.0561571
260.2	0.0560589
260.3	0.05596
260.4	0.0558658
260.5	0.0557756
260.6	0.0556883
260.7	0.0556024
260.8	0.0555159
260.9	0.0554273
261	0.0553406
261.1	0.0552472
261.2	0.0551456
261.3	0.0550385
261.4	0.0549245
261.5	0.0548079
261.6	0.0546917
261.7	0.0545771
261.8	0.0544609
261.9	0.0543461
262	0.0542397
262.1	0.0541349
262.2	0.0540289
262.3	0.0539204
262.4	0.0538079
262.5	0.0536902
262.6	0.0535723
262.7	0.0534565
262.8	0.0533343
262.9	0.0532136
263	0.0530943
263.1	0.0529771
263.2	0.0528589
263.3	0.0527429
263.4	0.0526308
263.5	0.0525232
263.6	0.0524196
263.7	0.052321
263.8	0.0522226
263.9	0.0521213
264	0.0520216
264.1	0.0519285
264.2	0.0518438
264.3	0.0517654
264.4	0.0516894
264.5	0.0516163
264.6	0.0515449
264.7	0.0514763
264.8	0.0514128
264.9	0.0513522
265	0.0512932
265.1	0.0512361
265.2	0.0511768
265.3	0.0511203
265.4	0.0510658
265.5	0.0510075
265.6	0.0509505
265.7	0.0508972
265.8	0.0508503
265.9	0.0508057
266	0.0507559
266.1	0.0507064
266.2	0.0506609
266.3	0.0506186
266.4	0.0505791
266.5	0.050542
266.6	0.0505039
266.7	0.050466
266.8	0.0504268
266.9	0.0503852
267	0.0503403
267.1	0.0502973
267.2	0.05026
267.3	0.0502284
267.4	0.050199
267.5	0.0501713
267.6	0.050144
267.7	0.0501152
267.8	0.0500846
267.9	0.0500517
268	0.050016
268.1	0.0499761
268.2	0.0499358
268.3	0.0498923
268.4	0.0498484
268.5	0.0497983
268.6	0.0497473
268.7	0.0496975
268.8	0.0496513
268.9	0.0496059
269	0.0495569
269.1	0.0495098
269.2	0.0494651
269.3	0.0494229
269.4	0.0493797
269.5	0.0493335
269.6	0.0492876
269.7	0.0492413
269.8	0.0491953
269.9	0.0491442
270	0.0490891
270.1	0.0490342
270.2	0.0489712
270.3	0.0489032
270.4	0.0488301
270.5	0.0487558
270.6	0.048681
270.7	0.0486043
270.8	0.0485278
270.9	0.0484486
271	0.0483681
271.1	0.0482895
271.2	0.0482135
271.3	0.048145
271.4	0.0480809
271.5	0.0480167
271.6	0.0479546
271.7	0.0478984
271.8	0.0478413
271.9	0.0477801
272	0.0477185
272.1	0.0476582
272.2	0.0476014
272.3	0.0475473
272.4	0.047492
272.5	0.0474362
272.6	0.047379
272.7	0.0473193
272.8	0.0472568
272.9	0.04719
273	0.0471202
273.1	0.0470493
273.2	0.0469711
273.3	0.0468894
273.4	0.0468087
273.5	0.0467341
273.6	0.0466617
273.7	0.0465898
273.8	0.0465162
273.9	0.0464386
274	0.04636
274.1	0.046285
274.2	0.046211
274.3	0.0461367
274.4	0.0460634
274.5	0.045991
274.6	0.0459237
274.7	0.0458628
274.8	0.0458063
274.9	0.045754
275	0.0457058
275.1	0.0456596
275.2	0.0456144
275.3	0.0455655
275.4	0.0455138
275.5	0.0454577
275.6	0.0453989
275.7	0.0453421
275.8	0.0452914
275.9	0.0452399
276	0.0451889
276.1	0.0451402
276.2	0.0450957
276.3	0.0450508
276.4	0.0450056
276.5	0.04496
276.6	0.0449161
276.7	0.0448731
276.8	0.0448334
276.9	0.0447976
277	0.0447639
277.1	0.0447348
277.2	0.0447076
277.3	0.0446721
277.4	0.044635
277.5	0.0445989
277.6	0.0445621
277.7	0.0445291
277.8	0.0444968
277.9	0.0444633
278	0.0444318
278.1	0.0443998
278.2	0.0443657
278.3	0.0443318
278.4	0.0442982
278.5	0.0442648
278.6	0.0442295
278.7	0.044197
278.8	0.0441617
278.9	0.0441232
279	0.044087
279.1	0.0440473
279.2	0.0440082
279.3	0.0439688
279.4	0.0439272
279.5	0.0438818
279.6	0.043833
279.7	0.0437845
279.8	0.0437362
279.9	0.0436844
280	0.0436293
280.1	0.0435736
280.2	0.0435176
280.3	0.0434606
280.4	0.0434067
280.5	0.0433559
280.6	0.0433074
280.7	0.0432609
280.8	0.0432159
280.9	0.0431699
281	0.0431256
281.1	0.0430805
281.2	0.0430333
281.3	0.0429868
281.4	0.0429422
281.5	0.0428961
281.6	0.0428559
281.7	0.0428207
281.8	0.0427861
281.9	0.0427522
282	0.0427185
282.1	0.0426853
282.2	0.0426463
282.3	0.0426029
282.4	0.0425603
282.5	0.0425146
282.6	0.042468
282.7	0.0424224
282.8	0.0423785
282.9	0.0423355
283	0.0422941
283.1	0.0422539
283.2	0.0422199
283.3	0.0421925
283.4	0.0421682
283.5	0.0421443
283.6	0.0421207
283.7	0.042096
283.8	0.0420716
283.9	0.042052
284	0.0420334
284.1	0.0420138
284.2	0.041987
284.3	0.0419551
284.4	0.0419223
284.5	0.041887
284.6	0.0418539
284.7	0.0418202
284.8	0.0417865
284.9	0.0417572
285	0.0417309
285.1	0.0417017
285.2	0.0416732
285.3	0.0416437
285.4	0.0416108
285.5	0.0415791
285.6	0.0415507
285.7	0.0415289
285.8	0.041511
285.9	0.0414907
286	0.0414701
286.1	0.0414494
286.2	0.0414279
286.3	0.0414037
286.4	0.0413774
286.5	0.0413547
286.6	0.0413335
286.7	0.0413101
286.8	0.0412873
286.9	0.0412632
287	0.0412446
287.1	0.0412254
287.2	0.0412067
287.3	0.0411859
287.4	0.0411715
287.5	0.0411589
287.6	0.0411471
287.7	0.0411361
287.8	0.0411215
287.9	0.0411033
288	0.041079
288.1	0.0410477
288.2	0.0410122
288.3	0.0409757
288.4	0.0409379
288.5	0.0409031
288.6	0.0408692
288.7	0.0408448
288.8	0.0408261
288.9	0.0408147
289	0.0408043
289.1	0.0407968
289.2	0.0407904
289.3	0.0407881
289.4	0.0407886
289.5	0.0407886
289.6	0.040785
289.7	0.0407745
289.8	0.0407588
289.9	0.0407453
290	0.0407311
290.1	0.0407195
290.2	0.0407062
290.3	0.0406848
290.4	0.0406612
290.5	0.0406365
290.6	0.0406033
290.7	0.0405659
290.8	0.0405266
290.9	0.0404908
291	0.0404598
291.1	0.0404328
291.2	0.0404059
291.3	0.0403767
291.4	0.0403482
291.5	0.040316
291.6	0.0402772
291.7	0.0402388
291.8	0.0401955
291.9	0.0401484
292	0.0400968
292.1	0.0400409
292.2	0.0399828
292.3	0.03992
292.4	0.0398551
292.5	0.0397897
292.6	0.039727
292.7	0.0396592
292.8	0.0395888
292.9	0.0395157
293	0.0394489
293.1	0.0393832
293.2	0.0393158
293.3	0.0392452
293.4	0.0391731
293.5	0.0390971
293.6	0.0390169
293.7	0.0389408
293.8	0.0388663
293.9	0.0387882
294	0.038712
294.1	0.0386397
294.2	0.0385729
294.3	0.0385018
294.4	0.0384335
294.5	0.0383672
294.6	0.0382995
294.7	0.0382254
294.8	0.0381453
294.9	0.0380695
295	0.0379946
295.1	0.0379208
295.2	0.0378578
295.3	0.0378015
295.4	0.0377455
295.5	0.0376901
295.6	0.0376342
295.7	0.037574
295.8	0.0375188
295.9	0.0374684
296	0.0374252
296.1	0.0373864
296.2	0.0373494
296.3	0.0373135
296.4	0.037282
296.5	0.0372491
296.6	0.0372122
296.7	0.0371763
296.8	0.0371414
296.9	0.037108
297	0.0370728
297.1	0.0370365
297.2	0.036995
297.3	0.0369474
297.4	0.0369
297.5	0.0368566
297.6	0.0368176
297.7	0.0367806
297.8	0.0367413
297.9	0.0367095
298	0.0366834
298.1	0.0366614
298.2	0.0366422
298.3	0.0366208
298.4	0.036602
298.5	0.03658
298.6	0.0365562
298.7	0.0365265
298.8	0.0364969
298.9	0.0364676
299	0.0364364
299.1	0.0364134
299.2	0.0363993
299.3	0.0363896
299.4	0.0363858
299.5	0.0363866
299.6	0.0363859
299.7	0.036385
299.8	0.0363838
299.9	0.0363828
300	0.0363807
300.1	0.0363777
300.2	0.0363781
300.3	0.0363791
300.4	0.036383
300.5	0.0363928
300.6	0.0364049
300.7	0.0364172
300.8	0.0364244
300.9	0.0364261
301	0.0364258
301.1	0.0364284
301.2	0.0364319
301.3	0.0364307
301.4	0.0364288
301.5	0.0364274
301.6	0.0364206
301.7	0.0364095
301.8	0.0363965
301.9	0.036385
302	0.036378
302.1	0.0363718
302.2	0.0363602
302.3	0.0363496
302.4	0.0363377
302.5	0.0363254
302.6	0.0363124
302.7	0.0362977
302.8	0.0362816
302.9	0.0362634
303	0.0362432
303.1	0.0362254
303.2	0.0362121
303.3	0.0362031
303.4	0.036192
303.5	0.0361805
303.6	0.03617
303.7	0.0361535
303.8	0.0361337
303.9	0.0361129
304	0.0360912
304.1	0.0360689
304.2	0.0360449
304.3	0.0360152
304.4	0.03598
304.5	0.035939
304.6	0.035894
304.7	0.0358432
304.8	0.0357924
304.9	0.0357422
305	0.0356953
305.1	0.0356514
305.2	0.0356087
305.3	0.0355751
305.4	0.0355446
305.5	0.0355152
305.6	0.0354821
305.7	0.0354498
305.8	0.0354188
305.9	0.0353845
306	0.0353463
306.1	0.0353067
306.2	0.0352642
306.3	0.0352176
306.4	0.0351709
306.5	0.0351217
306.6	0.035072
306.7	0.0350219
306.8	0.0349755
306.9	0.034926
307	0.0348752
307.1	0.0348297
307.2	0.034787
307.3	0.0347459
307.4	0.0347085
307.5	0.0346777
307.6	0.0346492
307.7	0.0346201
307.8	0.0345934
307.9	0.0345678
308	0.03454
308.1	0.0345126
308.2	0.0344806
308.3	0.03445
308.4	0.0344201
308.5	0.0343923
308.6	0.0343611
308.7	0.0343222
308.8	0.0342742
308.9	0.0342216
309	0.0341677
309.1	0.0341179
309.2	0.0340728
309.3	0.0340255
309.4	0.0339754
309.5	0.0339253
309.6	0.0338781
309.7	0.0338399
309.8	0.0338007
309.9	0.0337668
310	0.0337372
310.1	0.0337087
310.2	0.0336852
310.3	0.033664
310.4	0.0336454
310.5	0.0336264
310.6	0.0336061
310.7	0.0335844
310.8	0.0335614
310.9	0.0335397
311	0.033517
311.1	0.0334937
311.2	0.0334708
311.3	0.0334472
311.4	0.0334183
311.5	0.03339
311.6	0.0333599
311.7	0.033329
311.8	0.0332958
311.9	0.0332587
312	0.0332232
312.1	0.0331884
312.2	0.0331529
312.3	0.0331137
312.4	0.0330733
312.5	0.0330248
312.6	0.0329715
312.7	0.0329186
312.8	0.03287
312.9	0.0328236
313	0.0327784
313.1	0.0327392
313.2	0.0327056
313.3	0.0326758
313.4	0.0326481
313.5	0.0326208
313.6	0.0325938
313.7	0.0325701
313.8	0.0325485
313.9	0.0325291
314	0.0325099
314.1	0.0324872
314.2	0.0324629
314.3	0.0324418
314.4	0.0324235
314.5	0.032407
314.6	0.0323929
314.7	0.0323835
314.8	0.0323738
314.9	0.0323639
315	0.0323546
315.1	0.0323436
315.2	0.0323324
315.3	0.0323197
315.4	0.0323009
315.5	0.0322781
315.6	0.0322517
315.7	0.0322297
315.8	0.0322079
315.9	0.0321878
316	0.0321716
316.1	0.0321557
316.2	0.0321409
316.3	0.032122
316.4	0.0320971
316.5	0.0320643
316.6	0.0320279
316.7	0.0319913
316.8	0.0319525
316.9	0.0319095
317	0.0318684
317.1	0.0318296
317.2	0.0317957
317.3	0.0317631
317.4	0.0317284
317.5	0.0316921
317.6	0.0316541
317.7	0.0316185
317.8	0.0315828
317.9	0.0315481
318	0.0315161
318.1	0.0314773
318.2	0.0314369
318.3	0.0313941
318.4	0.0313492
318.5	0.0313043
318.6	0.0312642
318.7	0.0312267
318.8	0.031188
318.9	0.0311469
319	0.0311115
319.1	0.0310772
319.2	0.0310473
319.3	0.03102
319.4	0.0309982
319.5	0.0309777
319.6	0.0309627
319.7	0.0309513
319.8	0.0309427
319.9	0.0309354
320	0.0309275
320.1	0.0309174
320.2	0.030903
320.3	0.0308903
320.4	0.0308786
320.5	0.0308692
320.6	0.0308629
320.7	0.030857
320.8	0.0308484
320.9	0.0308408
321	0.030836
321.1	0.0308365
321.2	0.0308419
321.3	0.0308503
321.4	0.0308564
321.5	0.0308565
321.6	0.0308502
321.7	0.0308438
321.8	0.030834
321.9	0.0308234
322	0.0308139
322.1	0.0308045
322.2	0.0307928
322.3	0.0307805
322.4	0.0307693
322.5	0.0307586
322.6	0.0307452
322.7	0.0307259
322.8	0.0307029
322.9	0.03068
323	0.0306564
323.1	0.0306282
323.2	0.0306007
323.3	0.0305751
323.4	0.0305458
323.5	0.0305118
323.6	0.0304757
323.7	0.0304402
323.8	0.0304053
323.9	0.0303708
324	0.0303432
324.1	0.0303216
324.2	0.0303033
324.3	0.0302883
324.4	0.0302702
324.5	0.0302534
324.6	0.0302405
324.7	0.0302275
324.8	0.030214
324.9	0.0301999
325	0.0301861
325.1	0.030176
325.2	0.0301697
325.3	0.0301657
325.4	0.0301628
325.5	0.0301667
325.6	0.0301788
325.7	0.0301923
325.8	0.0302037
325.9	0.0302166
326	0.0302306
326.1	0.0302447
326.2	0.0302606
326.3	0.030279
326.4	0.0302957
326.5	0.0303064
326.6	0.0303152
326.7	0.0303275
326.8	0.0303391
326.9	0.0303511
327	0.0303636
327.1	0.0303795
327.2	0.0303947
327.3	0.0304081
327.4	0.0304154
327.5	0.0304174
327.6	0.0304173
327.7	0.0304167
327.8	0.0304198
327.9	0.030432
328	0.0304475
328.1	0.0304624
328.2	0.0304735
328.3	0.0304834
328.4	0.0304933
328.5	0.0305009
328.6	0.0305091
328.7	0.0305165
328.8	0.0305274
328.9	0.0305411
329	0.0305586
329.1	0.0305815
329.2	0.0306064
329.3	0.0306336
329.4	0.0306652
329.5	0.0306984
329.6	0.0307322
329.7	0.0307667
329.8	0.0308011
329.9	0.0308377
330	0.0308763
330.1	0.0309188
330.2	0.0309641
330.3	0.0310088
330.4	0.0310503
330.5	0.0310892
330.6	0.0311323
330.7	0.0311784
330.8	0.0312256
330.9	0.0312761
331	0.0313196
331.1	0.0313568
331.2	0.0313937
331.3	0.0314313
331.4	0.031468
331.5	0.0315058
331.6	0.0315434
331.7	0.03158
331.8	0.0316168
331.9	0.0316561
332	0.0316985
332.1	0.0317385
332.2	0.031779
332.3	0.0318164
332.4	0.0318506
332.5	0.0318816
332.6	0.0319105
332.7	0.0319366
332.8	0.0319626
332.9	0.0319871
333	0.0320147
333.1	0.032046
333.2	0.0320801
333.3	0.0321137
333.4	0.0321448
333.5	0.0321825
333.6	0.0322285
333.7	0.0322748
333.8	0.0323164
333.9	0.0323561
334	0.0323954
334.1	0.0324336
334.2	0.0324701
334.3	0.0325104
334.4	0.032554
334.5	0.0325978
334.6	0.0326391
334.7	0.0326772
334.8	0.0327109
334.9	0.0327414
335	0.0327661
335.1	0.0327863
335.2	0.032807
335.3	0.0328281
335.4	0.0328492
335.5	0.0328673
335.6	0.0328851
335.7	0.0328987
335.8	0.0329108
335.9	0.0329258
336	0.032943
336.1	0.0329591
336.2	0.0329736
336.3	0.0329818
336.4	0.0329873
336.5	0.0329928
336.6	0.0330002
336.7	0.0330106
336.8	0.0330173
336.9	0.0330267
337	0.0330351
337.1	0.0330478
337.2	0.0330694
337.3	0.0330927
337.4	0.0331207
337.5	0.0331522
337.6	0.0331829
337.7	0.033212
337.8	0.0332394
337.9	0.0332659
338	0.0332916
338.1	0.0333218
338.2	0.0333564
338.3	0.0333873
338.4	0.0334162
338.5	0.033441
338.6	0.0334669
338.7	0.0334984
338.8	0.0335298
338.9	0.0335611
339	0.0335909
339.1	0.0336262
339.2	0.0336633
339.3	0.0336964
339.4	0.033729
339.5	0.0337629
339.6	0.0337948
339.7	0.0338317
339.8	0.0338712
339.9	0.0339159
340	0.0339626
340.1	0.0340103
340.2	0.0340604
340.3	0.0341089
340.4	0.0341562
340.5	0.0342061
340.6	0.0342565
340.7	0.0343066
340.8	0.0343638
340.9	0.0344278
341	0.034495
341.1	0.0345618
341.2	0.034627
341.3	0.03469
341.4	0.0347477
341.5	0.0348071
341.6	0.0348703
341.7	0.0349378
341.8	0.0350096
341.9	0.0350844
342	0.0351603
342.1	0.0352349
342.2	0.0353043
342.3	0.0353722
342.4	0.0354386
342.5	0.035509
342.6	0.0355808
342.7	0.0356489
342.8	0.0357169
342.9	0.0357879
343	0.0358669
343.1	0.0359497
343.2	0.0360393
343.3	0.036132
343.4	0.0362308
343.5	0.0363329
343.6	0.0364339
343.7	0.036532
343.8	0.0366267
343.9	0.0367207
344	0.0368126
344.1	0.0369059
344.2	0.0369968
344.3	0.0370805
344.4	0.0371627
344.5	0.0372467
344.6	0.0373338
344.7	0.0374226
344.8	0.0375125
344.9	0.037604
345	0.0376951
345.1	0.037785
345.2	0.0378704
345.3	0.0379579
345.4	0.0380536
345.5	0.0381515
345.6	0.0382513
345.7	0.0383484
345.8	0.0384461
345.9	0.0385429
346	0.0386342
346.1	0.0387271
346.2	0.0388199
346.3	0.0389117
346.4	0.0390055
346.5	0.0391074
346.6	0.039212
346.7	0.0393141
346.8	0.0394098
346.9	0.0395043
347	0.0395978
347.1	0.039685
347.2	0.0397651
347.3	0.0398462
347.4	0.0399254
347.5	0.0400036
347.6	0.0400881
347.7	0.0401738
347.8	0.0402571
347.9	0.0403369
348	0.0404152
348.1	0.0404901
348.2	0.0405645
348.3	0.0406424
348.4	0.0407225
348.5	0.040805
348.6	0.0408878
348.7	0.0409729
348.8	0.0410595
348.9	0.0411425
349	0.0412236
349.1	0.0413092
349.2	0.0414021
349.3	0.0415005
349.4	0.041599
349.5	0.0416906
349.6	0.0417803
349.7	0.04187
349.8	0.0419672
349.9	0.0420597
350	0.0421484
350.1	0.0422436
350.2	0.0423446
350.3	0.0424467
350.4	0.0425449
350.5	0.0426368
350.6	0.0427252
350.7	0.0428174
350.8	0.042911
350.9	0.0430035
351	0.0430916
351.1	0.043178
351.2	0.0432609
351.3	0.0433361
351.4	0.0434095
351.5	0.0434833
351.6	0.0435589
351.7	0.0436335
351.8	0.0437088
351.9	0.0437821
352	0.0438574
352.1	0.0439332
352.2	0.0440115
352.3	0.044088
352.4	0.0441568
352.5	0.044226
352.6	0.044302
352.7	0.0443881
352.8	0.0444782
352.9	0.0445663
353	0.0446502
353.1	0.0447267
353.2	0.0448021
353.3	0.0448731
353.4	0.0449431
353.5	0.0450091
353.6	0.0450703
353.7	0.0451265
353.8	0.045182
353.9	0.0452381
354	0.0452993
354.1	0.0453598
354.2	0.0454208
354.3	0.0454848
354.4	0.045549
354.5	0.045611
354.6	0.0456734
354.7	0.0457333
354.8	0.0457934
354.9	0.045857
355	0.0459254
355.1	0.0459996
355.2	0.046077
355.3	0.0461526
355.4	0.0462221
355.5	0.0462886
355.6	0.0463588
355.7	0.046431
355.8	0.0465036
355.9	0.0465716
356	0.046641
356.1	0.0467111
356.2	0.046778
356.3	0.046843
356.4	0.0469121
356.5	0.0469807
356.6	0.0470529
356.7	0.0471232
356.8	0.0471928
356.9	0.0472682
357	0.047342
357.1	0.0474117
357.2	0.0474796
357.3	0.0475514
357.4	0.0476261
357.5	0.0477022
357.6	0.0477811
357.7	0.0478627
357.8	0.0479438
357.9	0.048023
358	0.0480958
358.1	0.0481622
358.2	0.0482232
358.3	0.0482782
358.4	0.0483313
358.5	0.0483871
358.6	0.0484429
358.7	0.0484947
358.8	0.0485518
358.9	0.0486094
359	0.0486687
359.1	0.0487294
359.2	0.0487921
359.3	0.0488578
359.4	0.0489254
359.5	0.0489912
359.6	0.049055
359.7	0.049113
359.8	0.0491694
359.9	0.0492247
360	0.0492877
360.1	0.0493496
360.2	0.0494061
360.3	0.0494585
360.4	0.0495071
360.5	0.0495549
360.6	0.0495955
360.7	0.049635
360.8	0.0496719
360.9	0.0497108
361	0.049754
361.1	0.0498003
361.2	0.0498448
361.3	0.0498936
361.4	0.0499448
361.5	0.0499987
361.6	0.050055
361.7	0.0501137
361.8	0.0501714
361.9	0.0502312
362	0.0502925
362.1	0.0503547
362.2	0.0504207
362.3	0.0504886
362.4	0.0505574
362.5	0.0506236
362.6	0.0506916
362.7	0.0507565
362.8	0.0508251
362.9	0.0508942
363	0.0509605
363.1	0.0510252
363.2	0.0510862
363.3	0.0511491
363.4	0.0512107
363.5	0.0512699
363.6	0.0513273
363.7	0.0513803
363.8	0.0514338
363.9	0.0514885
364	0.0515407
364.1	0.0515934
364.2	0.0516447
364.3	0.0516956
364.4	0.0517459
364.5	0.0517984
364.6	0.0518491
364.7	0.0518942
364.8	0.0519381
364.9	0.05198
365	0.0520205
365.1	0.052058
365.2	0.0520911
365.3	0.0521206
365.4	0.0521476
365.5	0.052171
365.6	0.0521929
365.7	0.0522124
365.8	0.0522291
365.9	0.0522496
366	0.0522687
366.1	0.0522791
366.2	0.0522824
366.3	0.0522808
366.4	0.0522816
366.5	0.0522852
366.6	0.0522894
366.7	0.0522978
366.8	0.0523079
366.9	0.052311
367	0.0523128
367.1	0.0523217
367.2	0.0523366
367.3	0.0523536
367.4	0.0523736
367.5	0.0523967
367.6	0.0524199
367.7	0.0524432
367.8	0.0524696
367.9	0.0524966
368	0.0525302
368.1	0.0525685
368.2	0.052606
368.3	0.0526406
368.4	0.0526724
368.5	0.0527002
368.6	0.0527263
368.7	0.0527509
368.8	0.0527743
368.9	0.052799
369	0.0528215
369.1	0.0528351
369.2	0.0528444
369.3	0.0528497
369.4	0.0528549
369.5	0.0528627
369.6	0.0528696
369.7	0.0528794
369.8	0.0528923
369.9	0.0529091
370	0.0529256
370.1	0.0529424
370.2	0.0529578
370.3	0.0529712
370.4	0.0529793
370.5	0.0529846
370.6	0.0529925
370.7	0.0530057
370.8	0.0530216
370.9	0.053036
371	0.0530506
371.1	0.0530674
371.2	0.0530799
371.3	0.0530833
371.4	0.0530795
371.5	0.0530752
371.6	0.0530735
371.7	0.0530722
371.8	0.0530749
371.9	0.053076
372	0.0530752
372.1	0.0530815
372.2	0.0530915
372.3	0.0531051
372.4	0.0531294
372.5	0.0531532
372.6	0.0531777
372.7	0.0531962
372.8	0.0532136
372.9	0.0532332
373	0.0532571
373.1	0.0532824
373.2	0.0533109
373.3	0.0533421
373.4	0.0533695
373.5	0.0533944
373.6	0.0534193
373.7	0.0534488
373.8	0.0534805
373.9	0.0535119
374	0.0535422
374.1	0.0535725
374.2	0.053602
374.3	0.0536359
374.4	0.0536686
374.5	0.0536978
374.6	0.0537223
374.7	0.0537441
374.8	0.0537708
374.9	0.0537969
375	0.0538242
375.1	0.0538544
375.2	0.0538854
375.3	0.0539158
375.4	0.0539428
375.5	0.0539725
375.6	0.0540052
375.7	0.0540399
375.8	0.0540761
375.9	0.0541168
376	0.0541579
376.1	0.0542018
376.2	0.0542421
376.3	0.0542778
376.4	0.0543077
376.5	0.0543336
376.6	0.054362
376.7	0.0543904
376.8	0.0544219
376.9	0.0544558
377	0.0544902
377.1	0.054523
377.2	0.0545566
377.3	0.0545898
377.4	0.0546211
377.5	0.0546489
377.6	0.0546726
377.7	0.0546887
377.8	0.0547004
377.9	0.0547073
378	0.0547123
378.1	0.0547185
378.2	0.0547277
378.3	0.054738
378.4	0.0547475
378.5	0.0547574
378.6	0.0547639
378.7	0.0547705
378.8	0.0547774
378.9	0.0547843
379	0.0547893
379.1	0.0547914
379.2	0.0547915
379.3	0.0547928
379.4	0.0547968
379.5	0.0548039
379.6	0.0548152
379.7	0.0548324
379.8	0.0548458
379.9	0.0548587
380	0.0548769
380.1	0.0549002
380.2	0.0549287
380.3	0.0549595
380.4	0.0549916
380.5	0.0550255
380.6	0.0550593
380.7	0.0550923
380.8	0.0551268
380.9	0.055163
381	0.0552015
381.1	0.0552431
381.2	0.0552847
381.3	0.055321
381.4	0.0553565
381.5	0.055396
381.6	0.0554394
381.7	0.0554846
381.8	0.0555303
381.9	0.0555816
382	0.0556412
382.1	0.0557094
382.2	0.0557816
382.3	0.0558508
382.4	0.0559252
382.5	0.0560003
382.6	0.0560733
382.7	0.0561446
382.8	0.0562156
382.9	0.0562808
383	0.0563457
383.1	0.0564098
383.2	0.0564722
383.3	0.0565412
383.4	0.0566109
383.5	0.0566783
383.6	0.0567446
383.7	0.0568096
383.8	0.0568769
383.9	0.0569422
384	0.0570069
384.1	0.0570651
384.2	0.0571193
384.3	0.0571709
384.4	0.0572157
384.5	0.0572578
384.6	0.0573031
384.7	0.0573516
384.8	0.0574017
384.9	0.05745
385	0.0574962
385.1	0.0575376
385.2	0.0575779
385.3	0.0576179
385.4	0.0576573
385.5	0.0577008
385.6	0.0577413
385.7	0.057782
385.8	0.057822
385.9	0.0578601
386	0.0578957
386.1	0.0579316
386.2	0.0579717
386.3	0.0580092
386.4	0.0580472
386.5	0.0580912
386.6	0.0581357
386.7	0.0581821
386.8	0.0582288
386.9	0.0582739
387	0.0583177
387.1	0.058365
387.2	0.0584146
387.3	0.0584663
387.4	0.05852
387.5	0.058579
387.6	0.0586383
387.7	0.0586968
387.8	0.0587554
387.9	0.0588129
388	0.0588691
388.1	0.0589222
388.2	0.058974
388.3	0.0590252
388.4	0.0590751
388.5	0.0591245
388.6	0.0591711
388.7	0.0592152
388.8	0.059259
388.9	0.0592951
389	0.0593259
389.1	0.0593534
389.2	0.0593827
389.3	0.0594147
389.4	0.0594516
389.5	0.0594915
389.6	0.0595315
389.7	0.0595713
389.8	0.0596126
389.9	0.059658
390	0.059708
390.1	0.0597659
390.2	0.0598243
390.3	0.0598782
390.4	0.0599261
390.5	0.0599722
390.6	0.0600172
390.7	0.060059
390.8	0.0600972
390.9	0.0601334
391	0.060168
391.1	0.0602066
391.2	0.0602459
391.3	0.0602821
391.4	0.0603197
391.5	0.0603603
391.6	0.0603981
391.7	0.0604328
391.8	0.0604719
391.9	0.0605096
392	0.0605498
392.1	0.0605964
392.2	0.0606433
392.3	0.0606898
392.4	0.0607313
392.5	0.0607679
392.6	0.0608044
392.7	0.0608338
392.8	0.0608616
392.9	0.0608853
393	0.0609044
393.1	0.0609248
393.2	0.0609451
393.3	0.0609697
393.4	0.0610019
393.5	0.0610372
393.6	0.0610762
393.7	0.061117
393.8	0.061161
393.9	0.061204
394	0.061244
394.1	0.0612849
394.2	0.0613254
394.3	0.0613635
394.4	0.0613944
394.5	0.0614248
394.6	0.0614516
394.7	0.0614794
394.8	0.0615019
394.9	0.0615187
395	0.0615335
395.1	0.0615436
395.2	0.061556
395.3	0.0615687
395.4	0.0615814
395.5	0.0615937
395.6	0.0616075
395.7	0.0616195
395.8	0.0616292
395.9	0.0616344
396	0.0616406
396.1	0.0616491
396.2	0.0616567
396.3	0.0616606
396.4	0.0616595
396.5	0.0616566
396.6	0.0616541
396.7	0.0616517
396.8	0.0616495
396.9	0.0616486
397	0.0616459
397.1	0.0616387
397.2	0.0616324
397.3	0.0616314
397.4	0.061634
397.5	0.0616393
397.6	0.0616456
397.7	0.0616542
397.8	0.061663
397.9	0.061674
398	0.061687
398.1	0.0617033
398.2	0.0617213
398.3	0.0617404
398.4	0.0617578
398.5	0.0617696
398.6	0.0617727
398.7	0.0617703
398.8	0.0617675
398.9	0.0617672
399	0.0617657
399.1	0.0617602
399.2	0.0617495
399.3	0.0617391
399.4	0.061727
399.5	0.0617103
399.6	0.0616905
399.7	0.0616717
399.8	0.0616516
399.9	0.0616342
400	0.061614
400.1	0.0615904
400.2	0.0615705
400.3	0.0615561
400.4	0.0615447
400.5	0.061533
400.6	0.0615242
400.7	0.0615219
400.8	0.0615269
400.9	0.0615314
401	0.0615325
401.1	0.0615245
401.2	0.0615082
401.3	0.0614869
401.4	0.061462
401.5	0.0614391
401.6	0.0614194
401.7	0.0613943
401.8	0.0613675
401.9	0.0613384
402	0.0613104
402.1	0.0612863
402.2	0.061264
402.3	0.0612382
402.4	0.0612089
402.5	0.0611757
402.6	0.061137
402.7	0.0610981
402.8	0.0610624
402.9	0.0610281
403	0.0609938
403.1	0.0609623
403.2	0.0609331
403.3	0.0609022
403.4	0.060872
403.5	0.0608413
403.6	0.0608086
403.7	0.0607761
403.8	0.0607436
403.9	0.0607135
404	0.0606866
404.1	0.0606629
404.2	0.0606431
404.3	0.0606249
404.4	0.0606107
404.5	0.0606001
404.6	0.0605905
404.7	0.0605797
404.8	0.0605658
404.9	0.0605492
405	0.0605316
405.1	0.0605119
405.2	0.0604933
405.3	0.0604701
405.4	0.0604423
405.5	0.0604126
405.6	0.0603793
405.7	0.0603454
405.8	0.0603152
405.9	0.0602901
406	0.0602697
406.1	0.0602447
406.2	0.0602204
406.3	0.0601924
406.4	0.0601638
406.5	0.0601364
406.6	0.0601039
406.7	0.0600739
406.8	0.0600473
406.9	0.0600258
407	0.0600029
407.1	0.0599767
407.2	0.0599509
407.3	0.0599287
407.4	0.0599094
407.5	0.0598907
407.6	0.0598771
407.7	0.0598659
407.8	0.0598541
407.9	0.0598386
408	0.059823
408.1	0.0598045
408.2	0.0597838
408.3	0.0597607
408.4	0.0597335
408.5	0.0597084
408.6	0.059685
408.7	0.0596598
408.8	0.0596327
408.9	0.059604
409	0.0595785
409.1	0.0595569
409.2	0.0595399
409.3	0.0595242
409.4	0.0595081
409.5	0.0594919
409.6	0.0594793
409.7	0.059469
409.8	0.0594583
409.9	0.0594497
410	0.0594448
410.1	0.0594444
410.2	0.0594405
410.3	0.0594343
410.4	0.0594245
410.5	0.0594162
410.6	0.0594157
410.7	0.0594195
410.8	0.0594237
410.9	0.0594299
411	0.059436
411.1	0.0594393
411.2	0.0594375
411.3	0.0594356
411.4	0.0594342
411.5	0.0594389
411.6	0.0594454
411.7	0.0594533
411.8	0.0594591
411.9	0.0594653
412	0.0594704
412.1	0.0594782
412.2	0.0594851
412.3	0.059485
412.4	0.059479
412.5	0.0594631
412.6	0.0594459
412.7	0.0594273
412.8	0.0594072
412.9	0.0593841
413	0.0593589
413.1	0.0593341
413.2	0.0593085
413.3	0.0592809
413.4	0.0592477
413.5	0.0592059
413.6	0.0591564
413.7	0.0591036
413.8	0.0590476
413.9	0.0589918
414	0.0589359
414.1	0.0588798
414.2	0.0588225
414.3	0.0587609
414.4	0.0586964
414.5	0.0586268
414.6	0.0585541
414.7	0.0584828
414.8	0.058416
414.9	0.0583498
415	0.0582832
415.1	0.0582171
415.2	0.0581535
415.3	0.058091
415.4	0.0580343
415.5	0.0579871
415.6	0.0579448
415.7	0.0578982
415.8	0.0578496
415.9	0.0578023
416	0.0577584
416.1	0.0577166
416.2	0.0576714
416.3	0.0576232
416.4	0.0575703
416.5	0.0575142
416.6	0.0574577
416.7	0.0574043
416.8	0.0573523
416.9	0.0572994
417	0.0572419
417.1	0.0571868
417.2	0.0571316
417.3	0.0570729
417.4	0.0570145
417.5	0.0569555
417.6	0.0568958
417.7	0.0568372
417.8	0.0567768
417.9	0.0567143
418	0.056649
418.1	0.0565815
418.2	0.0565131
418.3	0.0564403
418.4	0.0563631
418.5	0.0562904
418.6	0.0562217
418.7	0.0561499
418.8	0.0560719
418.9	0.0559932
419	0.0559185
419.1	0.055847
419.2	0.0557779
419.3	0.0557121
419.4	0.0556484
419.5	0.0555883
419.6	0.0555293
419.7	0.0554643
419.8	0.0553969
419.9	0.0553228
420	0.0552435
420.1	0.0551625
420.2	0.0550836
420.3	0.055009
420.4	0.0549314
420.5	0.0548529
420.6	0.054775
420.7	0.0547
420.8	0.0546303
420.9	0.0545618
421	0.054498
421.1	0.0544353
421.2	0.0543712
421.3	0.0543035
421.4	0.0542329
421.5	0.0541624
421.6	0.0540951
421.7	0.0540236
421.8	0.0539484
421.9	0.0538724
422	0.0537975
422.1	0.0537238
422.2	0.0536555
422.3	0.0535885
422.4	0.0535144
422.5	0.0534388
422.6	0.0533629
422.7	0.0532874
422.8	0.0532106
422.9	0.0531412
423	0.0530751
423.1	0.053007
423.2	0.0529398
423.3	0.0528717
423.4	0.0528018
423.5	0.0527314
423.6	0.0526595
423.7	0.0525887
423.8	0.0525114
423.9	0.0524283
424	0.0523411
424.1	0.0522526
424.2	0.0521617
424.3	0.0520707
424.4	0.0519796
424.5	0.0518893
424.6	0.0518006
424.7	0.0517106
424.8	0.0516209
424.9	0.0515305
425	0.0514378
425.1	0.0513388
425.2	0.0512404
425.3	0.0511456
425.4	0.0510559
425.5	0.05097
425.6	0.0508862
425.7	0.0507987
425.8	0.0507102
425.9	0.0506274
426	0.0505509
426.1	0.0504753
426.2	0.0503966
426.3	0.0503132
426.4	0.0502299
426.5	0.0501449
426.6	0.0500593
426.7	0.0499751
426.8	0.0498891
426.9	0.0498086
427	0.0497263
427.1	0.049643
427.2	0.0495649
427.3	0.0494908
427.4	0.0494243
427.5	0.0493606
427.6	0.0492972
427.7	0.0492347
427.8	0.0491717
427.9	0.0491066
428	0.0490357
428.1	0.0489609
428.2	0.048888
428.3	0.0488159
428.4	0.0487475
428.5	0.0486816
428.6	0.0486177
428.7	0.0485563
428.8	0.0484987
428.9	0.0484391
429	0.0483791
429.1	0.0483147
429.2	0.0482474
429.3	0.0481796
429.4	0.0481085
429.5	0.0480333
429.6	0.0479592
429.7	0.047888
429.8	0.0478191
429.9	0.0477505
430	0.0476794
430.1	0.0476062
430.2	0.0475362
430.3	0.047466
430.4	0.0473964
430.5	0.0473263
430.6	0.0472572
430.7	0.0471949
430.8	0.0471417
430.9	0.047091
431	0.0470421
431.1	0.046995
431.2	0.0469515
431.3	0.0469101
431.4	0.0468723
431.5	0.0468342
431.6	0.0467995
431.7	0.0467659
431.8	0.0467278
431.9	0.0466956
432	0.0466638
432.1	0.0466328
432.2	0.046599
432.3	0.0465683
432.4	0.0465349
432.5	0.046501
432.6	0.0464667
432.7	0.046432
432.8	0.046402
432.9	0.0463691
433	0.046336
433.1	0.0463026
433.2	0.0462659
433.3	0.0462243
433.4	0.0461822
433.5	0.0461371
433.6	0.0460924
433.7	0.0460518
433.8	0.0460147
433.9	0.0459789
434	0.0459444
434.1	0.04591
434.2	0.0458751
434.3	0.0458401
434.4	0.0458038
434.5	0.0457719
434.6	0.0457463
434.7	0.0457271
434.8	0.0457112
434.9	0.0456965
435	0.0456816
435.1	0.0456644
435.2	0.0456447
435.3	0.0456157
435.4	0.0455858
435.5	0.0455549
435.6	0.0455284
435.7	0.0454956
435.8	0.0454573
435.9	0.0454193
436	0.0453791
436.1	0.0453355
436.2	0.0452926
436.3	0.0452491
436.4	0.0452066
436.5	0.0451663
436.6	0.0451304
436.7	0.0450959
436.8	0.0450667
436.9	0.0450417
437	0.0450205
437.1	0.0449985
437.2	0.044972
437.3	0.0449394
437.4	0.0449078
437.5	0.0448754
437.6	0.0448438
437.7	0.0448145
437.8	0.0447851
437.9	0.0447534
438	0.0447243
438.1	0.0446973
438.2	0.0446684
438.3	0.0446398
438.4	0.0446173
438.5	0.0445952
438.6	0.0445748
438.7	0.0445526
438.8	0.0445296
438.9	0.0445077
439	0.0444856
439.1	0.0444644
439.2	0.0444442
439.3	0.0444203
439.4	0.0443943
439.5	0.044364
439.6	0.0443295
439.7	0.0442954
439.8	0.0442567
439.9	0.0442184
440	0.0441821
440.1	0.0441445
440.2	0.0441027
440.3	0.0440574
440.4	0.0440102
440.5	0.0439602
440.6	0.0439059
440.7	0.0438465
440.8	0.0437822
440.9	0.0437138
441	0.0436441
441.1	0.0435747
441.2	0.0435033
441.3	0.0434257
441.4	0.0433403
441.5	0.0432524
441.6	0.0431686
441.7	0.0430838
441.8	0.0429951
441.9	0.0429102
442	0.0428253
442.1	0.0427407
442.2	0.0426588
442.3	0.0425768
442.4	0.042494
442.5	0.0424142
442.6	0.0423406
442.7	0.0422705
442.8	0.0422039
442.9	0.04214
443	0.0420806
443.1	0.0420231
443.2	0.0419679
443.3	0.0419124
443.4	0.0418561
443.5	0.0418
443.6	0.0417415
443.7	0.0416763
443.8	0.041612
443.9	0.0415493
444	0.041486
444.1	0.0414256
444.2	0.0413702
444.3	0.0413174
444.4	0.0412629
444.5	0.0412058
444.6	0.04115
444.7	0.041098
444.8	0.0410417
444.9	0.0409803
445	0.040918
445.1	0.040857
445.2	0.0407931
445.3	0.0407232
445.4	0.040649
445.5	0.0405717
445.6	0.0404921
445.7	0.0404153
445.8	0.0403426
445.9	0.0402712
446	0.0402027
446.1	0.0401351
446.2	0.0400721
446.3	0.0400091
446.4	0.0399465
446.5	0.0398824
446.6	0.0398135
446.7	0.0397444
446.8	0.0396793
446.9	0.0396152
447	0.0395532
447.1	0.0394906
447.2	0.0394288
447.3	0.0393664
447.4	0.0393066
447.5	0.039247
447.6	0.0391896
447.7	0.0391287
447.8	0.0390622
447.9	0.0389923
448	0.0389221
448.1	0.0388507
448.2	0.0387772
448.3	0.0387051
448.4	0.0386305
448.5	0.0385553
448.6	0.0384789
448.7	0.0384026
448.8	0.0383219
448.9	0.0382401
449	0.0381587
449.1	0.0380783
449.2	0.0379981
449.3	0.0379168
449.4	0.0378321
449.5	0.0377485
449.6	0.0376628
449.7	0.0375772
449.8	0.0374969
449.9	0.0374132
450	0.0373306
450.1	0.0372482
450.2	0.0371688
450.3	0.0370912
450.4	0.037014
450.5	0.0369384
450.6	0.0368649
450.7	0.0367942
450.8	0.0367238
450.9	0.0366519
451	0.0365798
451.1	0.0365113
451.2	0.0364422
451.3	0.0363726
451.4	0.0363079
451.5	0.0362435
451.6	0.0361767
451.7	0.0361082
451.8	0.036041
451.9	0.0359758
452	0.0359109
452.1	0.0358519
452.2	0.0357952
452.3	0.0357387
452.4	0.0356825
452.5	0.0356235
452.6	0.0355643
452.7	0.0355073
452.8	0.0354483
452.9	0.0353842
453	0.0353172
453.1	0.0352421
453.2	0.0351584
453.3	0.0350736
453.4	0.0349918
453.5	0.034913
453.6	0.0348358
453.7	0.0347599
453.8	0.0346803
453.9	0.0345976
454	0.0345127
454.1	0.0344294
454.2	0.0343484
454.3	0.0342705
454.4	0.0341896
454.5	0.0341069
454.6	0.0340207
454.7	0.0339319
454.8	0.0338355
454.9	0.0337342
455	0.0336253
455.1	0.0335142
455.2	0.0334066
455.3	0.0333035
455.4	0.0332037
455.5	0.0331087
455.6	0.0330156
455.7	0.0329203
455.8	0.0328251
455.9	0.032735
456	0.0326475
456.1	0.0325612
456.2	0.0324731
456.3	0.0323888
456.4	0.0323111
456.5	0.032238
456.6	0.0321696
456.7	0.0321058
456.8	0.0320374
456.9	0.0319708
457	0.0319072
457.1	0.0318474
457.2	0.0317895
457.3	0.0317318
457.4	0.0316747
457.5	0.0316211
457.6	0.0315677
457.7	0.0315116
457.8	0.0314502
457.9	0.0313849
458	0.0313192
458.1	0.0312491
458.2	0.0311764
458.3	0.0311008
458.4	0.0310182
458.5	0.0309292
458.6	0.0308379
458.7	0.0307492
458.8	0.0306649
458.9	0.030584
459	0.0304984
459.1	0.0304069
459.2	0.030313
459.3	0.0302166
459.4	0.0301227
459.5	0.0300298
459.6	0.0299385
459.7	0.0298449
459.8	0.0297569
459.9	0.0296678
460	0.0295753
460.1	0.0294788
460.2	0.0293789
460.3	0.029277
460.4	0.029169
460.5	0.0290582
460.6	0.0289451
460.7	0.0288381
460.8	0.0287312
460.9	0.0286221
461	0.028514
461.1	0.0284029
461.2	0.0282927
461.3	0.0281807
461.4	0.0280682
461.5	0.0279573
461.6	0.0278514
461.7	0.0277514
461.8	0.0276563
461.9	0.0275654
462	0.0274818
462.1	0.0274016
462.2	0.0273223
462.3	0.0272483
462.4	0.0271766
462.5	0.0271063
462.6	0.0270335
462.7	0.0269638
462.8	0.0268951
462.9	0.0268253
463	0.0267583
463.1	0.0266929
463.2	0.0266309
463.3	0.026566
463.4	0.0265017
463.5	0.0264373
463.6	0.0263735
463.7	0.0263086
463.8	0.0262422
463.9	0.0261761
464	0.0261102
464.1	0.0260425
464.2	0.0259773
464.3	0.0259125
464.4	0.0258525
464.5	0.0257973
464.6	0.0257449
464.7	0.0256905
464.8	0.0256381
464.9	0.0255876
465	0.0255393
465.1	0.0254888
465.2	0.0254336
465.3	0.0253737
465.4	0.0253117
465.5	0.0252455
465.6	0.0251803
465.7	0.0251153
465.8	0.0250479
465.9	0.0249816
466	0.0249135
466.1	0.0248364
466.2	0.0247551
466.3	0.0246711
466.4	0.0245849
466.5	0.0245048
466.6	0.024424
466.7	0.0243416
466.8	0.0242581
466.9	0.0241758
467	0.0240967
467.1	0.0240211
467.2	0.0239453
467.3	0.0238661
467.4	0.0237857
467.5	0.0237054
467.6	0.0236251
467.7	0.0235468
467.8	0.0234696
467.9	0.0233924
468	0.0233184
468.1	0.0232467
468.2	0.0231777
468.3	0.0231095
468.4	0.0230388
468.5	0.0229648
468.6	0.0228934
468.7	0.0228217
468.8	0.0227519
468.9	0.0226896
469	0.0226305
469.1	0.0225735
469.2	0.0225114
469.3	0.0224411
469.4	0.0223677
469.5	0.0222916
469.6	0.0222157
469.7	0.0221398
469.8	0.0220622
469.9	0.021983
470	0.0219019
470.1	0.0218217
470.2	0.0217464
470.3	0.0216783
470.4	0.0216118
470.5	0.0215454
470.6	0.0214799
470.7	0.0214153
470.8	0.0213552
470.9	0.0212999
471	0.0212467
471.1	0.0211922
471.2	0.0211355
471.3	0.0210765
471.4	0.0210247
471.5	0.0209731
471.6	0.0209218
471.7	0.020876
471.8	0.020833
471.9	0.0207879
472	0.0207375
472.1	0.0206859
472.2	0.0206282
472.3	0.020566
472.4	0.0205076
472.5	0.0204569
472.6	0.0204135
472.7	0.0203747
472.8	0.0203348
472.9	0.020293
473	0.0202466
473.1	0.020195
473.2	0.020144
473.3	0.0200915
473.4	0.0200405
473.5	0.0199893
473.6	0.019947
473.7	0.0199098
473.8	0.0198706
473.9	0.0198337
474	0.0198052
474.1	0.0197802
474.2	0.0197527
474.3	0.0197254
474.4	0.0196959
474.5	0.019665
474.6	0.0196336
474.7	0.0196009
474.8	0.0195659
474.9	0.0195271
475	0.0194837
475.1	0.0194341
475.2	0.0193846
475.3	0.0193386
475.4	0.0192922
475.5	0.019245
475.6	0.0191945
475.7	0.0191443
475.8	0.0190942
475.9	0.0190465
476	0.0190022
476.1	0.0189603
476.2	0.0189167
476.3	0.0188715
476.4	0.0188225
476.5	0.0187741
476.6	0.0187277
476.7	0.0186878
476.8	0.0186454
476.9	0.0186061
477	0.0185708
477.1	0.0185381
477.2	0.0185074
477.3	0.0184851
477.4	0.018461
477.5	0.0184354
477.6	0.0184059
477.7	0.018371
477.8	0.0183317
477.9	0.0182908
478	0.0182478
478.1	0.0182012
478.2	0.0181497
478.3	0.0180995
478.4	0.0180471
478.5	0.0179934
478.6	0.0179373
478.7	0.0178794
478.8	0.017825
478.9	0.0177706
479	0.0177109
479.1	0.0176486
479.2	0.0175896
479.3	0.0175286
479.4	0.0174647
479.5	0.0173992
479.6	0.01733
479.7	0.0172598
479.8	0.017195
479.9	0.0171338
480	0.0170753
480.1	0.0170172
480.2	0.0169626
480.3	0.0169133
480.4	0.0168669
480.5	0.0168246
480.6	0.0167859
480.7	0.016747
480.8	0.0167082
480.9	0.0166706
481	0.0166332
481.1	0.0165885
481.2	0.0165422
481.3	0.0164879
481.4	0.0164292
481.5	0.0163697
481.6	0.0163148
481.7	0.0162636
481.8	0.0162101
481.9	0.0161545
482	0.0160963
482.1	0.0160344
482.2	0.0159643
482.3	0.0158914
482.4	0.0158182
482.5	0.0157411
482.6	0.0156645
482.7	0.0155942
482.8	0.0155304
482.9	0.0154632
483	0.0153929
483.1	0.0153207
483.2	0.0152448
483.3	0.0151655
483.4	0.0150834
483.5	0.0150001
483.6	0.0149186
483.7	0.0148359
483.8	0.0147491
483.9	0.0146626
484	0.0145813
484.1	0.0145092
484.2	0.014444
484.3	0.0143858
484.4	0.0143334
484.5	0.0142845
484.6	0.0142344
484.7	0.0141875
484.8	0.014144
484.9	0.0141016
485	0.0140603
485.1	0.0140201
485.2	0.01398
485.3	0.0139383
485.4	0.013896
485.5	0.013851
485.6	0.0138052
485.7	0.0137598
485.8	0.0137162
485.9	0.0136723
486	0.013627
486.1	0.0135807
486.2	0.0135343
486.3	0.0134833
486.4	0.0134265
486.5	0.0133645
486.6	0.0133028
486.7	0.013243
486.8	0.0131846
486.9	0.0131253
487	0.0130629
487.1	0.0130001
487.2	0.0129287
487.3	0.0128501
487.4	0.0127701
487.5	0.0126828
487.6	0.0125947
487.7	0.0125113
487.8	0.0124299
487.9	0.012348
488	0.0122657
488.1	0.0121824
488.2	0.0120965
488.3	0.0120092
488.4	0.0119227
488.5	0.0118413
488.6	0.0117671
488.7	0.0116992
488.8	0.0116326
488.9	0.0115681
489	0.0115068
489.1	0.0114526
489.2	0.0114029
489.3	0.0113552
489.4	0.0113075
489.5	0.0112546
489.6	0.0111968
489.7	0.011137
489.8	0.0110744
489.9	0.0110121
490	0.010951
490.1	0.0108944
490.2	0.0108428
490.3	0.0107954
490.4	0.010753
490.5	0.0107121
490.6	0.0106693
490.7	0.0106267
490.8	0.0105896
490.9	0.0105566
491	0.0105259
491.1	0.0104995
491.2	0.0104782
491.3	0.0104592
491.4	0.0104396
491.5	0.0104169
491.6	0.0103911
491.7	0.0103659
491.8	0.0103405
491.9	0.0103121
492	0.0102795
492.1	0.0102488
492.2	0.0102175
492.3	0.0101893
492.4	0.0101622
492.5	0.0101342
492.6	0.0101019
492.7	0.0100671
492.8	0.0100328
492.9	0.00999943
493	0.00996853
493.1	0.009935
493.2	0.0099009
493.3	0.00986217
493.4	0.00982316
493.5	0.00978709
493.6	0.00975309
493.7	0.0097214
493.8	0.00968679
493.9	0.00964518
494	0.00960493
494.1	0.00956467
494.2	0.00952031
494.3	0.00947553
494.4	0.0094367
494.5	0.009401
494.6	0.00936537
494.7	0.00932965
494.8	0.00929037
494.9	0.00924954
495	0.0092141
495.1	0.00918396
495.2	0.00915128
495.3	0.00911813
495.4	0.00908643
495.5	0.00905092
495.6	0.00901393
495.7	0.00897577
495.8	0.0089417
495.9	0.00890616
496	0.00886828
496.1	0.0088321
496.2	0.00879699
496.3	0.00876217
496.4	0.00872783
496.5	0.00869368
496.6	0.00865751
496.7	0.00861975
496.8	0.00858172
496.9	0.00854042
497	0.00849803
497.1	0.00845827
497.2	0.00842249
497.3	0.00839359
497.4	0.00836659
497.5	0.00834002
497.6	0.0083142
497.7	0.00829092
497.8	0.00827018
497.9	0.00825257
498	0.00823802
498.1	0.00822585
498.2	0.00821334
498.3	0.00820215
498.4	0.0081894
498.5	0.00817812
498.6	0.00817377
498.7	0.00818037
498.8	0.00819303
498.9	0.008212
499	0.00823813
499.1	0.00826575
499.2	0.00829503
499.3	0.00831387
499.4	0.00833087
499.5	0.00834508
499.6	0.0083556
499.7	0.00836505
499.8	0.00837908
499.9	0.00839209
500	0.00840718
