LagTime	Correlation

0	1.6314
0.1	1.62638
0.2	1.6189
0.3	1.61084
0.4	1.60269
0.5	1.59458
0.6	1.58652
0.7	1.57852
0.8	1.5706
0.9	1.56273
1	1.55493
1.1	1.54719
1.2	1.53952
1.3	1.53191
1.4	1.52437
1.5	1.51687
1.6	1.50944
1.7	1.50208
1.8	1.49477
1.9	1.48753
2	1.48035
2.1	1.47323
2.2	1.46616
2.3	1.45916
2.4	1.45222
2.5	1.44533
2.6	1.43851
2.7	1.43173
2.8	1.42501
2.9	1.41835
3	1.41173
3.1	1.40518
3.2	1.39867
3.3	1.39222
3.4	1.38582
3.5	1.37945
3.6	1.37314
3.7	1.36687
3.8	1.36066
3.9	1.35449
4	1.34837
4.1	1.34231
4.2	1.33629
4.3	1.33031
4.4	1.32437
4.5	1.31848
4.6	1.31264
4.7	1.30684
4.8	1.30109
4.9	1.29539
5	1.28973
5.1	1.2841
5.2	1.27852
5.3	1.27299
5.4	1.26749
5.5	1.26204
5.6	1.25663
5.7	1.25125
5.8	1.24592
5.9	1.24063
6	1.23538
6.1	1.23017
6.2	1.22499
6.3	1.21985
6.4	1.21474
6.5	1.20968
6.6	1.20465
6.7	1.19965
6.8	1.19468
6.9	1.18975
7	1.18484
7.1	1.17995
7.2	1.1751
7.3	1.17028
7.4	1.1655
7.5	1.16073
7.6	1.156
7.7	1.15129
7.8	1.1466
7.9	1.14196
8	1.13734
8.1	1.13277
8.2	1.12822
8.3	1.1237
8.4	1.11922
8.5	1.11476
8.6	1.11033
8.7	1.10593
8.8	1.10156
8.9	1.09721
9	1.0929
9.1	1.08863
9.2	1.08438
9.3	1.08016
9.4	1.07596
9.5	1.07179
9.6	1.06765
9.7	1.06352
9.8	1.05943
9.9	1.05536
10	1.05132
10.1	1.0473
10.2	1.04332
10.3	1.03936
10.4	1.03542
10.5	1.03151
10.6	1.02763
10.7	1.02377
10.8	1.01993
10.9	1.01612
11	1.01233
11.1	1.00856
11.2	1.00481
11.3	1.00108
11.4	0.997373
11.5	0.993683
11.6	0.990009
11.7	0.986353
11.8	0.98271
11.9	0.979082
12	0.975473
12.1	0.97188
12.2	0.968308
12.3	0.964759
12.4	0.961235
12.5	0.957735
12.6	0.954255
12.7	0.950798
12.8	0.947364
12.9	0.943951
13	0.940558
13.1	0.937181
13.2	0.933819
13.3	0.930472
13.4	0.927141
13.5	0.923826
13.6	0.92053
13.7	0.917245
13.8	0.913974
13.9	0.910723
14	0.907492
14.1	0.904278
14.2	0.901082
14.3	0.897905
14.4	0.894748
14.5	0.891614
14.6	0.888505
14.7	0.885414
14.8	0.882334
14.9	0.87927
15	0.876221
15.1	0.873187
15.2	0.870169
15.3	0.867162
15.4	0.864171
15.5	0.861193
15.6	0.858231
15.7	0.855288
15.8	0.852365
15.9	0.84946
16	0.846571
16.1	0.843698
16.2	0.840838
16.3	0.837987
16.4	0.835147
16.5	0.83232
16.6	0.829501
16.7	0.826692
16.8	0.823893
16.9	0.82111
17	0.818342
17.1	0.815589
17.2	0.812849
17.3	0.810127
17.4	0.807418
17.5	0.804723
17.6	0.802037
17.7	0.799366
17.8	0.796712
17.9	0.794075
18	0.791453
18.1	0.788845
18.2	0.786256
18.3	0.783685
18.4	0.781133
18.5	0.778593
18.6	0.776068
18.7	0.773554
18.8	0.771055
18.9	0.768569
19	0.766092
19.1	0.763622
19.2	0.761162
19.3	0.758711
19.4	0.756268
19.5	0.753835
19.6	0.751411
19.7	0.748997
19.8	0.746595
19.9	0.744211
20	0.741842
20.1	0.739482
20.2	0.73713
20.3	0.734789
20.4	0.732459
20.5	0.730144
20.6	0.727838
20.7	0.725541
20.8	0.723259
20.9	0.72099
21	0.718735
21.1	0.716491
21.2	0.714252
21.3	0.712024
21.4	0.709806
21.5	0.707593
21.6	0.705392
21.7	0.703193
21.8	0.701
21.9	0.698817
22	0.696648
22.1	0.694488
22.2	0.69234
22.3	0.690203
22.4	0.688075
22.5	0.685956
22.6	0.683848
22.7	0.681746
22.8	0.679652
22.9	0.677567
23	0.675492
23.1	0.673424
23.2	0.671366
23.3	0.66932
23.4	0.667284
23.5	0.665253
23.6	0.663225
23.7	0.661204
23.8	0.659189
23.9	0.657184
24	0.655184
24.1	0.653191
24.2	0.651204
24.3	0.649224
24.4	0.647255
24.5	0.645295
24.6	0.643347
24.7	0.641404
24.8	0.639467
24.9	0.637534
25	0.635603
25.1	0.633678
25.2	0.631759
25.3	0.629848
25.4	0.627947
25.5	0.626057
25.6	0.624172
25.7	0.622295
25.8	0.620431
25.9	0.618577
26	0.616725
26.1	0.614873
26.2	0.613026
26.3	0.611183
26.4	0.609347
26.5	0.607516
26.6	0.605691
26.7	0.603872
26.8	0.602067
26.9	0.600273
27	0.598487
27.1	0.596708
27.2	0.594935
27.3	0.593164
27.4	0.591389
27.5	0.589619
27.6	0.587852
27.7	0.586092
27.8	0.584338
27.9	0.582588
28	0.580838
28.1	0.579093
28.2	0.577357
28.3	0.57563
28.4	0.573909
28.5	0.572194
28.6	0.570488
28.7	0.568785
28.8	0.567087
28.9	0.565397
29	0.563715
29.1	0.56204
29.2	0.560373
29.3	0.558715
29.4	0.557062
29.5	0.555419
29.6	0.553782
29.7	0.552147
29.8	0.550513
29.9	0.548879
30	0.547243
30.1	0.545611
30.2	0.54399
30.3	0.542373
30.4	0.540757
30.5	0.539143
30.6	0.537529
30.7	0.535919
30.8	0.534315
30.9	0.532718
31	0.531127
31.1	0.529543
31.2	0.527966
31.3	0.526392
31.4	0.524823
31.5	0.523253
31.6	0.521687
31.7	0.520125
31.8	0.518566
31.9	0.517009
32	0.515458
32.1	0.513913
32.2	0.512372
32.3	0.510833
32.4	0.509301
32.5	0.507772
32.6	0.506249
32.7	0.504735
32.8	0.503222
32.9	0.501713
33	0.500212
33.1	0.49872
33.2	0.497233
33.3	0.495755
33.4	0.49429
33.5	0.492837
33.6	0.49139
33.7	0.489949
33.8	0.48851
33.9	0.487075
34	0.485648
34.1	0.484232
34.2	0.482827
34.3	0.481424
34.4	0.480023
34.5	0.478622
34.6	0.477224
34.7	0.475829
34.8	0.474439
34.9	0.473057
35	0.471678
35.1	0.470304
35.2	0.468935
35.3	0.467571
35.4	0.466214
35.5	0.464861
35.6	0.463511
35.7	0.46216
35.8	0.460812
35.9	0.459468
36	0.458131
36.1	0.456799
36.2	0.455475
36.3	0.454162
36.4	0.452854
36.5	0.451552
36.6	0.45025
36.7	0.448954
36.8	0.447663
36.9	0.446379
37	0.445096
37.1	0.443812
37.2	0.442531
37.3	0.441253
37.4	0.439978
37.5	0.438711
37.6	0.43745
37.7	0.436199
37.8	0.434954
37.9	0.433712
38	0.432475
38.1	0.431245
38.2	0.430024
38.3	0.42881
38.4	0.427607
38.5	0.426414
38.6	0.425233
38.7	0.424065
38.8	0.422904
38.9	0.421745
39	0.420589
39.1	0.419432
39.2	0.418276
39.3	0.417122
39.4	0.41597
39.5	0.414827
39.6	0.413688
39.7	0.412549
39.8	0.411412
39.9	0.410274
40	0.409138
40.1	0.408007
40.2	0.406882
40.3	0.40576
40.4	0.404635
40.5	0.403508
40.6	0.402376
40.7	0.401246
40.8	0.400113
40.9	0.398977
41	0.397837
41.1	0.396702
41.2	0.395575
41.3	0.394456
41.4	0.393344
41.5	0.392238
41.6	0.391134
41.7	0.390029
41.8	0.388927
41.9	0.387832
42	0.386746
42.1	0.385662
42.2	0.384584
42.3	0.383509
42.4	0.382435
42.5	0.381363
42.6	0.380293
42.7	0.379227
42.8	0.378165
42.9	0.377107
43	0.376054
43.1	0.375008
43.2	0.373965
43.3	0.372928
43.4	0.371893
43.5	0.370864
43.6	0.369841
43.7	0.368825
43.8	0.36781
43.9	0.366798
44	0.365786
44.1	0.364774
44.2	0.363767
44.3	0.362762
44.4	0.361764
44.5	0.360777
44.6	0.359798
44.7	0.358816
44.8	0.357836
44.9	0.356858
45	0.355883
45.1	0.354912
45.2	0.353944
45.3	0.352983
45.4	0.352025
45.5	0.35107
45.6	0.350118
45.7	0.349167
45.8	0.348218
45.9	0.347267
46	0.346316
46.1	0.345364
46.2	0.344408
46.3	0.343451
46.4	0.342489
46.5	0.341529
46.6	0.340572
46.7	0.339628
46.8	0.338693
46.9	0.337762
47	0.336829
47.1	0.335893
47.2	0.334957
47.3	0.334019
47.4	0.333084
47.5	0.332151
47.6	0.331217
47.7	0.330287
47.8	0.32936
47.9	0.328431
48	0.327504
48.1	0.326581
48.2	0.325664
48.3	0.324753
48.4	0.323844
48.5	0.322931
48.6	0.322017
48.7	0.321108
48.8	0.320207
48.9	0.319309
49	0.318417
49.1	0.317527
49.2	0.316641
49.3	0.315765
49.4	0.314894
49.5	0.314021
49.6	0.313151
49.7	0.312281
49.8	0.311414
49.9	0.310549
50	0.309689
50.1	0.308833
50.2	0.307976
50.3	0.307119
50.4	0.306258
50.5	0.305394
50.6	0.304525
50.7	0.303659
50.8	0.302795
50.9	0.301933
51	0.301072
51.1	0.300209
51.2	0.299344
51.3	0.298478
51.4	0.297612
51.5	0.296751
51.6	0.295886
51.7	0.295025
51.8	0.294167
51.9	0.293316
52	0.292468
52.1	0.291621
52.2	0.290768
52.3	0.289913
52.4	0.289055
52.5	0.288196
52.6	0.287335
52.7	0.286479
52.8	0.285626
52.9	0.284779
53	0.283937
53.1	0.283103
53.2	0.282268
53.3	0.281431
53.4	0.280597
53.5	0.279773
53.6	0.278958
53.7	0.278151
53.8	0.277348
53.9	0.276546
54	0.275744
54.1	0.27494
54.2	0.274142
54.3	0.273349
54.4	0.272564
54.5	0.271788
54.6	0.271018
54.7	0.270256
54.8	0.269502
54.9	0.268748
55	0.267994
55.1	0.267244
55.2	0.266495
55.3	0.265751
55.4	0.265015
55.5	0.264291
55.6	0.263573
55.7	0.262855
55.8	0.262138
55.9	0.261415
56	0.260691
56.1	0.259967
56.2	0.259251
56.3	0.258541
56.4	0.257836
56.5	0.257131
56.6	0.256424
56.7	0.255712
56.8	0.254998
56.9	0.254283
57	0.253571
57.1	0.252855
57.2	0.252137
57.3	0.251423
57.4	0.250717
57.5	0.250015
57.6	0.249318
57.7	0.248628
57.8	0.247937
57.9	0.247245
58	0.246549
58.1	0.245854
58.2	0.245162
58.3	0.244477
58.4	0.243799
58.5	0.243131
58.6	0.242467
58.7	0.241808
58.8	0.241155
58.9	0.240504
59	0.239861
59.1	0.239222
59.2	0.238582
59.3	0.237943
59.4	0.237304
59.5	0.236667
59.6	0.236033
59.7	0.2354
59.8	0.234769
59.9	0.234142
60	0.23352
60.1	0.232905
60.2	0.232288
60.3	0.231671
60.4	0.231055
60.5	0.230446
60.6	0.229836
60.7	0.229226
60.8	0.228614
60.9	0.228005
61	0.2274
61.1	0.226798
61.2	0.226197
61.3	0.225596
61.4	0.224996
61.5	0.224396
61.6	0.223802
61.7	0.223214
61.8	0.222626
61.9	0.222045
62	0.221466
62.1	0.220891
62.2	0.220319
62.3	0.219745
62.4	0.219173
62.5	0.2186
62.6	0.21803
62.7	0.217466
62.8	0.216908
62.9	0.216356
63	0.215802
63.1	0.215249
63.2	0.214693
63.3	0.214138
63.4	0.21359
63.5	0.213045
63.6	0.212499
63.7	0.211953
63.8	0.211402
63.9	0.210846
64	0.210285
64.1	0.209723
64.2	0.209154
64.3	0.208587
64.4	0.20802
64.5	0.207454
64.6	0.20689
64.7	0.206318
64.8	0.205743
64.9	0.205171
65	0.204601
65.1	0.204034
65.2	0.203472
65.3	0.202914
65.4	0.202357
65.5	0.201801
65.6	0.201247
65.7	0.200695
65.8	0.200142
65.9	0.199589
66	0.199037
66.1	0.198488
66.2	0.197942
66.3	0.197398
66.4	0.196856
66.5	0.196313
66.6	0.195773
66.7	0.195234
66.8	0.194691
66.9	0.194145
67	0.1936
67.1	0.193058
67.2	0.192516
67.3	0.19197
67.4	0.191429
67.5	0.1909
67.6	0.190378
67.7	0.189861
67.8	0.189345
67.9	0.188829
68	0.18831
68.1	0.187795
68.2	0.187283
68.3	0.186775
68.4	0.186274
68.5	0.185774
68.6	0.185273
68.7	0.184772
68.8	0.184274
68.9	0.183773
69	0.183265
69.1	0.182756
69.2	0.18225
69.3	0.181747
69.4	0.181246
69.5	0.180749
69.6	0.180255
69.7	0.179761
69.8	0.179269
69.9	0.178776
70	0.178283
70.1	0.177795
70.2	0.177312
70.3	0.176838
70.4	0.17637
70.5	0.175904
70.6	0.175442
70.7	0.174982
70.8	0.174532
70.9	0.174085
71	0.173639
71.1	0.173193
71.2	0.172747
71.3	0.1723
71.4	0.171849
71.5	0.171397
71.6	0.170943
71.7	0.17049
71.8	0.170038
71.9	0.169586
72	0.169134
72.1	0.168685
72.2	0.168239
72.3	0.167797
72.4	0.167359
72.5	0.166925
72.6	0.16649
72.7	0.166055
72.8	0.165617
72.9	0.165172
73	0.164726
73.1	0.164284
73.2	0.163849
73.3	0.163422
73.4	0.162996
73.5	0.16257
73.6	0.162146
73.7	0.161721
73.8	0.161299
73.9	0.160879
74	0.160464
74.1	0.160054
74.2	0.159652
74.3	0.159255
74.4	0.158865
74.5	0.158485
74.6	0.158113
74.7	0.157743
74.8	0.157377
74.9	0.157016
75	0.156654
75.1	0.156295
75.2	0.155935
75.3	0.155575
75.4	0.155216
75.5	0.154858
75.6	0.154501
75.7	0.154143
75.8	0.153782
75.9	0.153421
76	0.15306
76.1	0.152698
76.2	0.152334
76.3	0.151966
76.4	0.151595
76.5	0.15122
76.6	0.150842
76.7	0.150458
76.8	0.150068
76.9	0.149674
77	0.149279
77.1	0.148885
77.2	0.148496
77.3	0.148114
77.4	0.147735
77.5	0.147359
77.6	0.146989
77.7	0.146622
77.8	0.146259
77.9	0.145895
78	0.145529
78.1	0.145162
78.2	0.144801
78.3	0.144439
78.4	0.14408
78.5	0.143723
78.6	0.143368
78.7	0.143012
78.8	0.142653
78.9	0.142302
79	0.141964
79.1	0.141632
79.2	0.1413
79.3	0.140968
79.4	0.140641
79.5	0.140315
79.6	0.139994
79.7	0.139673
79.8	0.139355
79.9	0.139039
80	0.138726
80.1	0.138416
80.2	0.138111
80.3	0.137812
80.4	0.137514
80.5	0.137208
80.6	0.136901
80.7	0.136594
80.8	0.136288
80.9	0.135982
81	0.135672
81.1	0.135361
81.2	0.135054
81.3	0.134746
81.4	0.134437
81.5	0.134127
81.6	0.13382
81.7	0.133515
81.8	0.133207
81.9	0.1329
82	0.132593
82.1	0.132286
82.2	0.13198
82.3	0.131671
82.4	0.131361
82.5	0.131049
82.6	0.130736
82.7	0.130417
82.8	0.130101
82.9	0.129787
83	0.129477
83.1	0.129168
83.2	0.128857
83.3	0.128545
83.4	0.128235
83.5	0.127922
83.6	0.127601
83.7	0.127273
83.8	0.126943
83.9	0.126609
84	0.126268
84.1	0.125925
84.2	0.125578
84.3	0.125232
84.4	0.124891
84.5	0.124553
84.6	0.124215
84.7	0.123883
84.8	0.123554
84.9	0.123229
85	0.122906
85.1	0.122587
85.2	0.122269
85.3	0.121952
85.4	0.121633
85.5	0.121312
85.6	0.120998
85.7	0.120694
85.8	0.12039
85.9	0.120083
86	0.11977
86.1	0.119453
86.2	0.119137
86.3	0.118822
86.4	0.11851
86.5	0.118199
86.6	0.117896
86.7	0.117598
86.8	0.117306
86.9	0.117019
87	0.116732
87.1	0.116447
87.2	0.116159
87.3	0.115871
87.4	0.115589
87.5	0.115311
87.6	0.115035
87.7	0.114763
87.8	0.114492
87.9	0.114223
88	0.113952
88.1	0.113679
88.2	0.113405
88.3	0.113132
88.4	0.112859
88.5	0.11259
88.6	0.112331
88.7	0.112072
88.8	0.111815
88.9	0.111563
89	0.111317
89.1	0.111073
89.2	0.110831
89.3	0.110592
89.4	0.110357
89.5	0.110118
89.6	0.109878
89.7	0.109638
89.8	0.109396
89.9	0.109157
90	0.108919
90.1	0.108686
90.2	0.108451
90.3	0.108217
90.4	0.107989
90.5	0.107766
90.6	0.107546
90.7	0.107325
90.8	0.107096
90.9	0.10687
91	0.106645
91.1	0.106419
91.2	0.106197
91.3	0.105974
91.4	0.105754
91.5	0.105538
91.6	0.105318
91.7	0.105092
91.8	0.104865
91.9	0.104642
92	0.104418
92.1	0.104194
92.2	0.103977
92.3	0.103767
92.4	0.103564
92.5	0.103363
92.6	0.103161
92.7	0.102957
92.8	0.102747
92.9	0.102531
93	0.102315
93.1	0.102102
93.2	0.101891
93.3	0.101683
93.4	0.101474
93.5	0.101258
93.6	0.101038
93.7	0.100819
93.8	0.100602
93.9	0.100377
94	0.100152
94.1	0.0999261
94.2	0.0997025
94.3	0.0994795
94.4	0.0992586
94.5	0.0990451
94.6	0.0988336
94.7	0.0986219
94.8	0.0984123
94.9	0.0982011
95	0.0979851
95.1	0.0977751
95.2	0.0975723
95.3	0.0973767
95.4	0.097184
95.5	0.09699
95.6	0.0967944
95.7	0.0966009
95.8	0.0964077
95.9	0.0962161
96	0.0960301
96.1	0.0958417
96.2	0.0956508
96.3	0.0954637
96.4	0.0952784
96.5	0.0950959
96.6	0.0949114
96.7	0.0947264
96.8	0.0945428
96.9	0.0943604
97	0.094182
97.1	0.094006
97.2	0.0938302
97.3	0.0936539
97.4	0.0934748
97.5	0.0932955
97.6	0.093115
97.7	0.0929343
97.8	0.0927532
97.9	0.0925725
98	0.0923884
98.1	0.092199
98.2	0.0920094
98.3	0.0918202
98.4	0.0916366
98.5	0.0914573
98.6	0.0912817
98.7	0.0911056
98.8	0.090928
98.9	0.0907493
99	0.0905695
99.1	0.0903852
99.2	0.0902028
99.3	0.0900211
99.4	0.0898406
99.5	0.0896562
99.6	0.0894738
99.7	0.0892956
99.8	0.0891158
99.9	0.0889372
100	0.0887571
100.1	0.0885706
100.2	0.0883776
100.3	0.0881825
100.4	0.0879843
100.5	0.0877862
100.6	0.0875876
100.7	0.0873861
100.8	0.087183
100.9	0.0869808
101	0.0867776
101.1	0.0865774
101.2	0.0863803
101.3	0.0861841
101.4	0.0859937
101.5	0.0858092
101.6	0.0856293
101.7	0.0854559
101.8	0.0852858
101.9	0.0851122
102	0.084935
102.1	0.0847556
102.2	0.0845736
102.3	0.0843905
102.4	0.0842054
102.5	0.0840163
102.6	0.083827
102.7	0.0836374
102.8	0.0834467
102.9	0.083249
103	0.0830435
103.1	0.0828291
103.2	0.082613
103.3	0.0823951
103.4	0.0821802
103.5	0.0819729
103.6	0.0817643
103.7	0.0815479
103.8	0.0813284
103.9	0.0811079
104	0.0808887
104.1	0.0806685
104.2	0.0804425
104.3	0.0802129
104.4	0.0799792
104.5	0.0797472
104.6	0.0795177
104.7	0.0792891
104.8	0.0790643
104.9	0.0788425
105	0.0786268
105.1	0.078421
105.2	0.07822
105.3	0.0780236
105.4	0.0778299
105.5	0.077641
105.6	0.0774556
105.7	0.0772792
105.8	0.0771045
105.9	0.0769275
106	0.0767541
106.1	0.0765915
106.2	0.0764359
106.3	0.0762861
106.4	0.076138
106.5	0.075993
106.6	0.0758465
106.7	0.0756979
106.8	0.0755541
106.9	0.0754116
107	0.0752707
107.1	0.0751337
107.2	0.0750015
107.3	0.0748731
107.4	0.0747492
107.5	0.0746256
107.6	0.0745054
107.7	0.0743913
107.8	0.0742789
107.9	0.0741645
108	0.0740513
108.1	0.0739351
108.2	0.0738155
108.3	0.0736919
108.4	0.073562
108.5	0.0734272
108.6	0.0732877
108.7	0.0731429
108.8	0.0729955
108.9	0.0728452
109	0.0726925
109.1	0.0725356
109.2	0.0723815
109.3	0.0722301
109.4	0.0720799
109.5	0.0719282
109.6	0.0717745
109.7	0.0716216
109.8	0.0714716
109.9	0.0713268
110	0.071184
110.1	0.0710361
110.2	0.0708831
110.3	0.0707247
110.4	0.0705643
110.5	0.0704017
110.6	0.0702356
110.7	0.0700622
110.8	0.0698806
110.9	0.0697053
111	0.069531
111.1	0.0693536
111.2	0.0691782
111.3	0.0690034
111.4	0.0688318
111.5	0.0686577
111.6	0.0684834
111.7	0.068308
111.8	0.0681299
111.9	0.0679506
112	0.0677745
112.1	0.0676026
112.2	0.0674382
112.3	0.0672777
112.4	0.0671142
112.5	0.0669471
112.6	0.0667817
112.7	0.0666178
112.8	0.0664592
112.9	0.0662997
113	0.0661402
113.1	0.0659832
113.2	0.0658247
113.3	0.0656661
113.4	0.0655077
113.5	0.0653448
113.6	0.0651796
113.7	0.0650093
113.8	0.0648362
113.9	0.0646584
114	0.06448
114.1	0.064303
114.2	0.0641295
114.3	0.063953
114.4	0.0637714
114.5	0.0635899
114.6	0.0634109
114.7	0.0632349
114.8	0.0630643
114.9	0.0628989
115	0.0627372
115.1	0.0625758
115.2	0.0624161
115.3	0.062256
115.4	0.0620973
115.5	0.0619428
115.6	0.061791
115.7	0.0616415
115.8	0.0614905
115.9	0.0613421
116	0.061199
116.1	0.0610586
116.2	0.0609154
116.3	0.0607725
116.4	0.0606344
116.5	0.0605005
116.6	0.0603688
116.7	0.0602353
116.8	0.0601056
116.9	0.059972
117	0.0598393
117.1	0.0597118
117.2	0.0595905
117.3	0.0594748
117.4	0.0593605
117.5	0.0592437
117.6	0.0591265
117.7	0.0590055
117.8	0.0588811
117.9	0.0587551
118	0.0586308
118.1	0.0585086
118.2	0.0583867
118.3	0.0582692
118.4	0.0581516
118.5	0.0580372
118.6	0.0579263
118.7	0.0578158
118.8	0.057705
118.9	0.057592
119	0.0574725
119.1	0.0573493
119.2	0.0572251
119.3	0.0570999
119.4	0.0569754
119.5	0.0568495
119.6	0.0567209
119.7	0.0565925
119.8	0.0564632
119.9	0.0563371
120	0.0562123
120.1	0.056092
120.2	0.0559714
120.3	0.0558445
120.4	0.0557097
120.5	0.0555759
120.6	0.055445
120.7	0.0553159
120.8	0.0551856
120.9	0.0550552
121	0.0549278
121.1	0.054802
121.2	0.0546762
121.3	0.054548
121.4	0.0544199
121.5	0.0542961
121.6	0.054178
121.7	0.0540656
121.8	0.0539552
121.9	0.053847
122	0.0537398
122.1	0.0536304
122.2	0.0535153
122.3	0.0534021
122.4	0.053289
122.5	0.0531819
122.6	0.0530721
122.7	0.0529631
122.8	0.0528534
122.9	0.0527384
123	0.0526213
123.1	0.052505
123.2	0.0523893
123.3	0.0522722
123.4	0.0521585
123.5	0.0520471
123.6	0.0519414
123.7	0.0518352
123.8	0.0517243
123.9	0.0516157
124	0.0515046
124.1	0.0513928
124.2	0.0512818
124.3	0.0511667
124.4	0.0510462
124.5	0.0509218
124.6	0.0508021
124.7	0.0506871
124.8	0.0505702
124.9	0.0504537
125	0.0503443
125.1	0.0502401
125.2	0.0501368
125.3	0.0500294
125.4	0.0499274
125.5	0.0498306
125.6	0.0497349
125.7	0.0496368
125.8	0.0495373
125.9	0.0494363
126	0.0493324
126.1	0.0492285
126.2	0.0491285
126.3	0.0490288
126.4	0.0489301
126.5	0.0488338
126.6	0.0487403
126.7	0.0486457
126.8	0.0485516
126.9	0.0484562
127	0.0483625
127.1	0.0482711
127.2	0.0481782
127.3	0.0480835
127.4	0.0479914
127.5	0.0479025
127.6	0.0478119
127.7	0.0477194
127.8	0.0476284
127.9	0.0475408
128	0.0474569
128.1	0.0473722
128.2	0.0472861
128.3	0.0472035
128.4	0.0471223
128.5	0.0470423
128.6	0.0469622
128.7	0.0468799
128.8	0.0468009
128.9	0.0467246
129	0.0466481
129.1	0.046573
129.2	0.0465007
129.3	0.0464277
129.4	0.0463522
129.5	0.0462743
129.6	0.0461951
129.7	0.0461198
129.8	0.0460459
129.9	0.045975
130	0.0459043
130.1	0.0458313
130.2	0.0457611
130.3	0.0456917
130.4	0.0456189
130.5	0.0455448
130.6	0.0454691
130.7	0.0453893
130.8	0.0453096
130.9	0.045238
131	0.0451725
131.1	0.0451091
131.2	0.0450461
131.3	0.0449812
131.4	0.0449134
131.5	0.0448467
131.6	0.0447863
131.7	0.044729
131.8	0.0446689
131.9	0.0446091
132	0.0445479
132.1	0.0444873
132.2	0.0444287
132.3	0.0443752
132.4	0.0443245
132.5	0.0442731
132.6	0.044219
132.7	0.044166
132.8	0.0441177
132.9	0.0440736
133	0.0440306
133.1	0.0439896
133.2	0.0439465
133.3	0.0439078
133.4	0.043873
133.5	0.0438378
133.6	0.0438027
133.7	0.0437645
133.8	0.0437292
133.9	0.0436922
134	0.0436509
134.1	0.0436105
134.2	0.0435713
134.3	0.0435314
134.4	0.0434895
134.5	0.043445
134.6	0.0433979
134.7	0.0433418
134.8	0.0432791
134.9	0.043212
135	0.0431412
135.1	0.0430681
135.2	0.0429967
135.3	0.0429305
135.4	0.0428682
135.5	0.0428116
135.6	0.0427598
135.7	0.0427102
135.8	0.0426669
135.9	0.0426239
136	0.0425804
136.1	0.0425384
136.2	0.0424986
136.3	0.0424616
136.4	0.0424276
136.5	0.0423909
136.6	0.0423473
136.7	0.0423044
136.8	0.0422618
136.9	0.0422187
137	0.0421748
137.1	0.0421364
137.2	0.0420973
137.3	0.0420483
137.4	0.0419953
137.5	0.0419385
137.6	0.0418826
137.7	0.0418277
137.8	0.0417726
137.9	0.0417162
138	0.0416569
138.1	0.0415974
138.2	0.0415355
138.3	0.0414741
138.4	0.0414142
138.5	0.0413603
138.6	0.0413079
138.7	0.0412545
138.8	0.0412034
138.9	0.0411581
139	0.0411182
139.1	0.0410805
139.2	0.0410427
139.3	0.0410042
139.4	0.0409583
139.5	0.0409134
139.6	0.0408705
139.7	0.0408301
139.8	0.0407889
139.9	0.0407447
140	0.0406969
140.1	0.0406447
140.2	0.0405866
140.3	0.0405294
140.4	0.0404697
140.5	0.040409
140.6	0.0403486
140.7	0.0402862
140.8	0.0402195
140.9	0.0401489
141	0.040079
141.1	0.0400095
141.2	0.0399398
141.3	0.0398715
141.4	0.0398048
141.5	0.0397351
141.6	0.039658
141.7	0.0395778
141.8	0.039499
141.9	0.0394213
142	0.0393416
142.1	0.0392642
142.2	0.0391845
142.3	0.0391008
142.4	0.0390154
142.5	0.0389272
142.6	0.0388421
142.7	0.0387558
142.8	0.0386669
142.9	0.0385775
143	0.0384896
143.1	0.0384053
143.2	0.0383287
143.3	0.0382539
143.4	0.0381785
143.5	0.038104
143.6	0.0380284
143.7	0.0379504
143.8	0.0378707
143.9	0.0377886
144	0.0377032
144.1	0.037614
144.2	0.0375257
144.3	0.037438
144.4	0.037353
144.5	0.037274
144.6	0.0371935
144.7	0.0371157
144.8	0.0370428
144.9	0.0369732
145	0.0369088
145.1	0.0368492
145.2	0.0367942
145.3	0.0367406
145.4	0.0366829
145.5	0.0366196
145.6	0.0365494
145.7	0.0364753
145.8	0.0364039
145.9	0.0363328
146	0.0362603
146.1	0.0361876
146.2	0.0361085
146.3	0.0360221
146.4	0.0359345
146.5	0.0358539
146.6	0.0357795
146.7	0.0357125
146.8	0.0356458
146.9	0.0355802
147	0.0355167
147.1	0.035456
147.2	0.0353978
147.3	0.0353401
147.4	0.0352777
147.5	0.0352153
147.6	0.0351537
147.7	0.0350967
147.8	0.0350404
147.9	0.0349848
148	0.0349311
148.1	0.0348761
148.2	0.034816
148.3	0.034751
148.4	0.0346811
148.5	0.0346124
148.6	0.0345441
148.7	0.0344841
148.8	0.0344325
148.9	0.0343838
149	0.0343373
149.1	0.0342921
149.2	0.0342473
149.3	0.0342033
149.4	0.0341578
149.5	0.0341048
149.6	0.0340481
149.7	0.0339911
149.8	0.0339371
149.9	0.0338826
150	0.0338222
150.1	0.0337585
150.2	0.0336876
150.3	0.0336159
150.4	0.0335443
150.5	0.0334731
150.6	0.033409
150.7	0.0333474
150.8	0.0332924
150.9	0.033235
151	0.0331751
151.1	0.0331129
151.2	0.0330461
151.3	0.0329747
151.4	0.032895
151.5	0.0328116
151.6	0.0327329
151.7	0.0326604
151.8	0.032587
151.9	0.0325113
152	0.0324374
152.1	0.0323674
152.2	0.0322973
152.3	0.0322263
152.4	0.0321581
152.5	0.0320886
152.6	0.0320245
152.7	0.0319595
152.8	0.0318915
152.9	0.0318217
153	0.0317512
153.1	0.0316829
153.2	0.031613
153.3	0.0315419
153.4	0.0314779
153.5	0.0314162
153.6	0.0313575
153.7	0.0313016
153.8	0.0312489
153.9	0.0311992
154	0.0311497
154.1	0.031099
154.2	0.0310492
154.3	0.0310017
154.4	0.030951
154.5	0.0308961
154.6	0.0308348
154.7	0.0307635
154.8	0.0306941
154.9	0.0306273
155	0.0305634
155.1	0.0304997
155.2	0.0304366
155.3	0.0303676
155.4	0.0302975
155.5	0.0302281
155.6	0.0301599
155.7	0.0300934
155.8	0.030022
155.9	0.0299538
156	0.0298829
156.1	0.0298142
156.2	0.0297458
156.3	0.0296772
156.4	0.0296106
156.5	0.0295437
156.6	0.0294816
156.7	0.0294229
156.8	0.0293648
156.9	0.0293041
157	0.0292411
157.1	0.0291793
157.2	0.0291184
157.3	0.0290562
157.4	0.0289941
157.5	0.028936
157.6	0.0288829
157.7	0.0288336
157.8	0.0287873
157.9	0.0287402
158	0.0286948
158.1	0.0286463
158.2	0.0285949
158.3	0.0285361
158.4	0.0284748
158.5	0.028419
158.6	0.0283661
158.7	0.0283154
158.8	0.0282659
158.9	0.0282197
159	0.0281793
159.1	0.0281425
159.2	0.0281071
159.3	0.0280699
159.4	0.028028
159.5	0.0279828
159.6	0.0279328
159.7	0.027878
159.8	0.0278172
159.9	0.0277594
160	0.0277037
160.1	0.0276489
160.2	0.0275951
160.3	0.0275431
160.4	0.0274907
160.5	0.0274367
160.6	0.0273846
160.7	0.0273351
160.8	0.0272889
160.9	0.0272456
161	0.0272036
161.1	0.0271628
161.2	0.0271231
161.3	0.0270877
161.4	0.0270579
161.5	0.0270294
161.6	0.0269983
161.7	0.0269639
161.8	0.0269303
161.9	0.0269019
162	0.0268759
162.1	0.0268492
162.2	0.0268221
162.3	0.0268014
162.4	0.0267828
162.5	0.0267709
162.6	0.0267626
162.7	0.0267543
162.8	0.0267444
162.9	0.026735
163	0.0267239
163.1	0.026712
163.2	0.0267033
163.3	0.0266948
163.4	0.0266862
163.5	0.0266774
163.6	0.0266734
163.7	0.0266713
163.8	0.0266719
163.9	0.0266688
164	0.0266592
164.1	0.0266453
164.2	0.026633
164.3	0.0266274
164.4	0.0266277
164.5	0.0266284
164.6	0.0266342
164.7	0.0266413
164.8	0.0266483
164.9	0.026657
165	0.0266663
165.1	0.0266723
165.2	0.0266784
165.3	0.0266833
165.4	0.0266863
165.5	0.0266901
165.6	0.0266967
165.7	0.0267061
165.8	0.0267192
165.9	0.0267315
166	0.0267388
166.1	0.0267439
166.2	0.0267458
166.3	0.0267448
166.4	0.0267402
166.5	0.0267273
166.6	0.0267112
166.7	0.0266955
166.8	0.0266832
166.9	0.0266703
167	0.0266553
167.1	0.026639
167.2	0.0266185
167.3	0.0265918
167.4	0.0265543
167.5	0.0265145
167.6	0.0264724
167.7	0.0264306
167.8	0.0263828
167.9	0.0263258
168	0.0262592
168.1	0.0261876
168.2	0.0261153
168.3	0.0260436
168.4	0.0259686
168.5	0.0258973
168.6	0.0258248
168.7	0.0257493
168.8	0.0256751
168.9	0.0256026
169	0.0255303
169.1	0.0254589
169.2	0.0253909
169.3	0.0253211
169.4	0.0252531
169.5	0.0251863
169.6	0.0251181
169.7	0.0250411
169.8	0.0249586
169.9	0.0248775
170	0.0248007
170.1	0.0247288
170.2	0.024664
170.3	0.0246016
170.4	0.0245428
170.5	0.0244879
170.6	0.0244404
170.7	0.024396
170.8	0.0243501
170.9	0.0242993
171	0.0242481
171.1	0.0241963
171.2	0.0241477
171.3	0.0241042
171.4	0.0240623
171.5	0.0240187
171.6	0.0239747
171.7	0.0239297
171.8	0.0238927
171.9	0.0238678
172	0.0238453
172.1	0.0238214
172.2	0.0237963
172.3	0.023771
172.4	0.0237447
172.5	0.0237209
172.6	0.0236971
172.7	0.0236729
172.8	0.0236485
172.9	0.0236259
173	0.0236081
173.1	0.0235923
173.2	0.0235696
173.3	0.0235355
173.4	0.0234943
173.5	0.0234582
173.6	0.0234187
173.7	0.0233795
173.8	0.0233474
173.9	0.0233187
174	0.0232925
174.1	0.0232635
174.2	0.0232334
174.3	0.0231997
174.4	0.0231615
174.5	0.0231177
174.6	0.0230745
174.7	0.0230319
174.8	0.022989
174.9	0.0229442
175	0.0229011
175.1	0.0228549
175.2	0.0228048
175.3	0.0227541
175.4	0.0227062
175.5	0.0226619
175.6	0.0226214
175.7	0.0225816
175.8	0.0225384
175.9	0.0224951
176	0.0224564
176.1	0.0224125
176.2	0.0223676
176.3	0.0223189
176.4	0.0222699
176.5	0.0222212
176.6	0.022177
176.7	0.0221332
176.8	0.0220915
176.9	0.0220497
177	0.0220104
177.1	0.0219716
177.2	0.021934
177.3	0.0218938
177.4	0.0218525
177.5	0.0218094
177.6	0.0217714
177.7	0.0217318
177.8	0.0216886
177.9	0.0216467
178	0.0216085
178.1	0.0215706
178.2	0.0215334
178.3	0.0214971
178.4	0.0214577
178.5	0.021414
178.6	0.0213702
178.7	0.0213222
178.8	0.0212727
178.9	0.0212256
179	0.0211808
179.1	0.0211344
179.2	0.0210873
179.3	0.0210434
179.4	0.0209947
179.5	0.0209425
179.6	0.020889
179.7	0.0208358
179.8	0.0207882
179.9	0.0207466
180	0.020708
180.1	0.0206722
180.2	0.0206358
180.3	0.0205982
180.4	0.0205621
180.5	0.0205291
180.6	0.0205026
180.7	0.0204805
180.8	0.0204611
180.9	0.0204407
181	0.0204163
181.1	0.020389
181.2	0.020361
181.3	0.0203332
181.4	0.0203044
181.5	0.0202784
181.6	0.0202519
181.7	0.0202242
181.8	0.0201983
181.9	0.0201719
182	0.0201454
182.1	0.0201129
182.2	0.0200743
182.3	0.0200311
182.4	0.0199834
182.5	0.0199285
182.6	0.0198676
182.7	0.019804
182.8	0.0197416
182.9	0.0196803
183	0.019615
183.1	0.0195466
183.2	0.0194754
183.3	0.0194028
183.4	0.0193261
183.5	0.0192469
183.6	0.0191647
183.7	0.0190795
183.8	0.018992
183.9	0.0189075
184	0.0188289
184.1	0.01875
184.2	0.018673
184.3	0.0185962
184.4	0.0185191
184.5	0.0184436
184.6	0.0183672
184.7	0.0182928
184.8	0.0182176
184.9	0.0181458
185	0.018074
185.1	0.0180035
185.2	0.0179362
185.3	0.0178675
185.4	0.0177996
185.5	0.0177329
185.6	0.0176657
185.7	0.0176035
185.8	0.0175397
185.9	0.0174746
186	0.017409
186.1	0.0173404
186.2	0.0172707
186.3	0.0172031
186.4	0.0171419
186.5	0.0170827
186.6	0.0170223
186.7	0.0169605
186.8	0.0168983
186.9	0.0168354
187	0.0167755
187.1	0.0167159
187.2	0.0166574
187.3	0.0166018
187.4	0.016545
187.5	0.0164852
187.6	0.0164241
187.7	0.0163612
187.8	0.0162953
187.9	0.0162303
188	0.0161656
188.1	0.0160996
188.2	0.0160334
188.3	0.0159623
188.4	0.0158926
188.5	0.0158247
188.6	0.015758
188.7	0.0156911
188.8	0.0156223
188.9	0.0155526
189	0.0154805
189.1	0.0154062
189.2	0.0153298
189.3	0.0152516
189.4	0.0151729
189.5	0.0150936
189.6	0.0150166
189.7	0.0149452
189.8	0.0148778
189.9	0.0148168
190	0.0147575
190.1	0.0146969
190.2	0.0146376
190.3	0.0145788
190.4	0.0145218
190.5	0.0144601
190.6	0.0143983
190.7	0.0143356
190.8	0.0142757
190.9	0.0142162
191	0.0141603
191.1	0.0141089
191.2	0.0140634
191.3	0.0140166
191.4	0.0139665
191.5	0.0139139
191.6	0.0138631
191.7	0.0138138
191.8	0.0137632
191.9	0.0137089
192	0.0136466
192.1	0.0135846
192.2	0.0135263
192.3	0.0134671
192.4	0.0134049
192.5	0.0133414
192.6	0.0132809
192.7	0.0132192
192.8	0.0131591
192.9	0.0130978
193	0.0130351
193.1	0.0129699
193.2	0.0129009
193.3	0.0128253
193.4	0.0127467
193.5	0.0126733
193.6	0.0125995
193.7	0.0125247
193.8	0.0124512
193.9	0.0123796
194	0.012311
194.1	0.0122413
194.2	0.0121732
194.3	0.0121092
194.4	0.0120494
194.5	0.0119883
194.6	0.0119276
194.7	0.0118669
194.8	0.0118021
194.9	0.0117358
195	0.0116736
195.1	0.0116167
195.2	0.0115646
195.3	0.0115171
195.4	0.0114711
195.5	0.0114204
195.6	0.0113672
195.7	0.0113116
195.8	0.0112513
195.9	0.0111918
196	0.0111313
196.1	0.0110654
196.2	0.0110014
196.3	0.0109315
196.4	0.0108569
196.5	0.0107874
196.6	0.010721
196.7	0.0106526
196.8	0.0105859
196.9	0.0105233
197	0.0104643
197.1	0.0104005
197.2	0.0103348
197.3	0.010272
197.4	0.0102096
197.5	0.0101502
197.6	0.0100935
197.7	0.0100369
197.8	0.00998103
197.9	0.00992241
198	0.00985947
198.1	0.00979827
198.2	0.00974009
198.3	0.00968318
198.4	0.00962663
198.5	0.00956977
198.6	0.00951372
198.7	0.00946411
198.8	0.00941336
198.9	0.00936522
199	0.00932564
199.1	0.00929264
199.2	0.00925953
199.3	0.00922292
199.4	0.00917944
199.5	0.00913416
199.6	0.00909093
199.7	0.00904569
199.8	0.00899564
199.9	0.00894763
200	0.00889694
200.1	0.00884112
200.2	0.00878325
200.3	0.00872285
200.4	0.00866211
200.5	0.00860327
200.6	0.00854357
200.7	0.00848312
200.8	0.00842249
200.9	0.00836621
201	0.008313
201.1	0.00826543
201.2	0.00822082
201.3	0.0081788
201.4	0.00813722
201.5	0.00809492
201.6	0.00805507
201.7	0.0080178
201.8	0.00797938
201.9	0.00794111
202	0.00790792
202.1	0.00788148
202.2	0.00785625
202.3	0.0078307
202.4	0.00780577
202.5	0.00778031
202.6	0.00775028
202.7	0.00771463
202.8	0.00767394
202.9	0.00763182
203	0.00758959
203.1	0.0075458
203.2	0.00750285
203.3	0.0074561
203.4	0.00740993
203.5	0.00736326
203.6	0.00731843
203.7	0.00727368
203.8	0.00722824
203.9	0.00718174
204	0.00713572
204.1	0.00708751
204.2	0.00703364
204.3	0.0069759
204.4	0.00691271
204.5	0.00684517
204.6	0.00677833
204.7	0.00671291
204.8	0.00664616
204.9	0.00657518
205	0.00649959
205.1	0.00642643
205.2	0.00635128
205.3	0.00627675
205.4	0.00619975
205.5	0.00612199
205.6	0.00604533
205.7	0.00597035
205.8	0.00589442
205.9	0.00581802
206	0.00573942
206.1	0.00566141
206.2	0.00558571
206.3	0.00551341
206.4	0.00544134
206.5	0.00536803
206.6	0.0052948
206.7	0.00522687
206.8	0.00516389
206.9	0.00510423
207	0.00504699
207.1	0.00499372
207.2	0.00494327
207.3	0.00489488
207.4	0.00484751
207.5	0.00480091
207.6	0.00475343
207.7	0.00470816
207.8	0.00466143
207.9	0.00461824
208	0.00458105
208.1	0.00454744
208.2	0.00451837
208.3	0.00449277
208.4	0.00447092
208.5	0.00444719
208.6	0.00442704
208.7	0.00441216
208.8	0.00440412
208.9	0.00439986
209	0.0043986
209.1	0.00440094
209.2	0.00441104
209.3	0.00442922
209.4	0.00445437
209.5	0.00448137
209.6	0.00450702
209.7	0.00453238
209.8	0.00455938
209.9	0.00458728
210	0.0046121
210.1	0.00463596
210.2	0.00466213
210.3	0.00469663
210.4	0.00473398
210.5	0.00477645
210.6	0.00482035
210.7	0.00486445
210.8	0.00491211
210.9	0.00496235
211	0.00501642
211.1	0.00507299
211.2	0.00512475
211.3	0.00517271
211.4	0.00522594
211.5	0.00528168
211.6	0.00533387
211.7	0.00538291
211.8	0.00542884
211.9	0.0054705
212	0.00551351
212.1	0.00555849
212.2	0.00560412
212.3	0.00564714
212.4	0.00568744
212.5	0.00572522
212.6	0.00576085
212.7	0.00579328
212.8	0.0058244
212.9	0.0058544
213	0.00588478
213.1	0.00591782
213.2	0.00595515
213.3	0.00598843
213.4	0.00601933
213.5	0.00605044
213.6	0.00608219
213.7	0.00611603
213.8	0.00614607
213.9	0.00617349
214	0.00620022
214.1	0.00622319
214.2	0.006245
214.3	0.00626408
214.4	0.006283
214.5	0.00630066
214.6	0.00632029
214.7	0.00633923
214.8	0.00635969
214.9	0.00638466
215	0.00640817
215.1	0.00643216
215.2	0.00645542
215.3	0.00647715
215.4	0.00649519
215.5	0.00651393
215.6	0.00653698
215.7	0.00656214
215.8	0.00658556
215.9	0.00660654
216	0.00662926
216.1	0.00665029
216.2	0.00667106
216.3	0.0066906
216.4	0.00670432
216.5	0.00671426
216.6	0.00672677
216.7	0.00674456
216.8	0.006766
216.9	0.00678431
217	0.00680024
217.1	0.00681203
217.2	0.00681628
217.3	0.0068116
217.4	0.00680309
217.5	0.0067923
217.6	0.00678075
217.7	0.00677263
217.8	0.00676235
217.9	0.00674871
218	0.00673767
218.1	0.00673292
218.2	0.00673004
218.3	0.00673045
218.4	0.00673726
218.5	0.00675129
218.6	0.00676853
218.7	0.00678718
218.8	0.00680338
218.9	0.00681465
219	0.0068257
219.1	0.00683226
219.2	0.00683669
219.3	0.00684292
219.4	0.00684785
219.5	0.00685377
219.6	0.0068604
219.7	0.0068668
219.8	0.00686843
219.9	0.00686783
220	0.0068677
220.1	0.006866
220.2	0.00685699
220.3	0.00683801
220.4	0.0068081
220.5	0.00677888
220.6	0.00675472
220.7	0.00673081
220.8	0.00670675
220.9	0.00668748
221	0.00667664
221.1	0.00667381
221.2	0.00667049
221.3	0.0066705
221.4	0.00667285
221.5	0.00668054
221.6	0.00669584
221.7	0.0067118
221.8	0.00672534
221.9	0.00673312
222	0.00674282
222.1	0.00675733
222.2	0.00677886
222.3	0.00680355
222.4	0.00683366
222.5	0.00686846
222.6	0.00690535
222.7	0.00694366
222.8	0.00697816
222.9	0.00701167
223	0.00704462
223.1	0.00707292
223.2	0.00710246
223.3	0.00712459
223.4	0.00714018
223.5	0.00715128
223.6	0.00715903
223.7	0.00716104
223.8	0.00715906
223.9	0.00715483
224	0.00715176
224.1	0.0071466
224.2	0.00714115
224.3	0.00714109
224.4	0.00713722
224.5	0.00712672
224.6	0.00711732
224.7	0.00711161
224.8	0.0071081
224.9	0.00710642
225	0.00710135
225.1	0.00709313
225.2	0.00708631
225.3	0.00708036
225.4	0.00707064
225.5	0.00706119
225.6	0.00705719
225.7	0.00705235
225.8	0.00704817
225.9	0.00704554
226	0.00704619
226.1	0.00704469
226.2	0.00704397
226.3	0.00704376
226.4	0.00704223
226.5	0.00704243
226.6	0.00704177
226.7	0.00704366
226.8	0.00704764
226.9	0.00705185
227	0.00705886
227.1	0.00706418
227.2	0.00707199
227.3	0.00707589
227.4	0.00707684
227.5	0.00708021
227.6	0.00708644
227.7	0.0070977
227.8	0.00711086
227.9	0.00711722
228	0.00712173
228.1	0.00711961
228.2	0.0071133
228.3	0.00710413
228.4	0.00709654
228.5	0.00709024
228.6	0.00708504
228.7	0.00707671
228.8	0.0070654
228.9	0.00705106
229	0.00703256
229.1	0.00700849
229.2	0.00698185
229.3	0.00695012
229.4	0.00691666
229.5	0.00688298
229.6	0.0068483
229.7	0.00681256
229.8	0.00678368
229.9	0.00676217
230	0.00674292
230.1	0.00672557
230.2	0.00671269
230.3	0.00670468
230.4	0.00670039
230.5	0.00669353
230.6	0.00668725
230.7	0.00668383
230.8	0.00668785
230.9	0.00669454
231	0.00670103
231.1	0.00670376
231.2	0.00670485
231.3	0.00670502
231.4	0.00670656
231.5	0.006712
231.6	0.00671763
231.7	0.00672383
231.8	0.00672873
231.9	0.00673521
232	0.00673423
232.1	0.00672492
232.2	0.00671485
232.3	0.00670551
232.4	0.00669069
232.5	0.00667516
232.6	0.0066619
232.7	0.00664704
232.8	0.00662887
232.9	0.00660601
233	0.00658393
233.1	0.00656228
233.2	0.00654149
233.3	0.00652037
233.4	0.00649512
233.5	0.00646745
233.6	0.00643147
233.7	0.00639523
233.8	0.00635893
233.9	0.00632605
234	0.00630199
234.1	0.00628082
234.2	0.00626341
234.3	0.00624444
234.4	0.0062217
234.5	0.0062042
234.6	0.00619526
234.7	0.00619189
234.8	0.00619342
234.9	0.00620191
235	0.00620973
235.1	0.0062148
235.2	0.00621898
235.3	0.00622201
235.4	0.00622227
235.5	0.00621797
235.6	0.00621667
235.7	0.00621784
235.8	0.00622258
235.9	0.00622561
236	0.00622807
236.1	0.00622641
236.2	0.0062179
236.3	0.00620342
236.4	0.00618907
236.5	0.00617497
236.6	0.00615648
236.7	0.00613596
236.8	0.00611237
236.9	0.00608684
237	0.00606266
237.1	0.00603677
237.2	0.00600722
237.3	0.00597018
237.4	0.00592572
237.5	0.00587946
237.6	0.00583223
237.7	0.00578514
237.8	0.00573324
237.9	0.00567861
238	0.00562433
238.1	0.00557714
238.2	0.00553834
238.3	0.00550336
238.4	0.00547191
238.5	0.00544368
238.6	0.00541353
238.7	0.00538372
238.8	0.00535171
238.9	0.00532061
239	0.00529224
239.1	0.00526663
239.2	0.00524103
239.3	0.00521361
239.4	0.00518637
239.5	0.00515997
239.6	0.00513885
239.7	0.00511808
239.8	0.00510115
239.9	0.00508559
240	0.00507417
240.1	0.00506461
240.2	0.00506186
240.3	0.00506363
240.4	0.00506536
240.5	0.00506441
240.6	0.00506438
240.7	0.00506307
240.8	0.00506151
240.9	0.00506012
241	0.00505918
241.1	0.00505341
241.2	0.00504414
241.3	0.00504036
241.4	0.00503829
241.5	0.00503626
241.6	0.00503949
241.7	0.00504615
241.8	0.00505401
241.9	0.00505956
242	0.0050642
242.1	0.00506788
242.2	0.00506925
242.3	0.0050669
242.4	0.00506246
242.5	0.00504898
242.6	0.00503534
242.7	0.00502198
242.8	0.00500904
242.9	0.00499405
243	0.00498129
243.1	0.00497215
243.2	0.00496731
243.3	0.00496713
243.4	0.00496479
243.5	0.00496712
243.6	0.00497216
243.7	0.00497888
243.8	0.0049874
243.9	0.00500026
244	0.00501125
244.1	0.00502239
244.2	0.00503682
244.3	0.00505477
244.4	0.00507759
244.5	0.00510607
244.6	0.00513183
244.7	0.00515048
244.8	0.00516316
244.9	0.0051745
245	0.00518486
245.1	0.00519478
245.2	0.00519942
245.3	0.00520397
245.4	0.00521324
245.5	0.00522621
245.6	0.00524137
245.7	0.00525548
245.8	0.0052738
245.9	0.00529056
246	0.00530808
246.1	0.00532426
246.2	0.00534503
246.3	0.00536517
246.4	0.00538688
246.5	0.00541041
246.6	0.00543515
246.7	0.0054551
246.8	0.00546643
246.9	0.00547603
247	0.00548539
247.1	0.00549802
247.2	0.00551645
247.3	0.00553146
247.4	0.00554831
247.5	0.005561
247.6	0.00557233
247.7	0.00558612
247.8	0.00560475
247.9	0.00562788
248	0.00565505
248.1	0.00568001
248.2	0.00570582
248.3	0.00573458
248.4	0.00576838
248.5	0.00579787
248.6	0.00582949
248.7	0.00585985
248.8	0.00588623
248.9	0.00591145
249	0.00593738
249.1	0.00596592
249.2	0.00600333
249.3	0.00604191
249.4	0.00607537
249.5	0.00610606
249.6	0.0061386
249.7	0.00617226
249.8	0.00620768
249.9	0.00624286
250	0.00627687
250.1	0.0063137
250.2	0.00635053
250.3	0.00638805
250.4	0.00642459
250.5	0.00646132
250.6	0.00649323
250.7	0.00651805
250.8	0.00654033
250.9	0.00656305
251	0.00658363
251.1	0.00660663
251.2	0.0066299
251.3	0.00664302
251.4	0.00664436
251.5	0.00664198
251.6	0.00663929
251.7	0.00663552
251.8	0.00662845
251.9	0.00662089
252	0.00661368
252.1	0.0066069
252.2	0.00659815
252.3	0.00659382
252.4	0.0065942
252.5	0.00659904
252.6	0.00660597
252.7	0.00661171
252.8	0.00661708
252.9	0.00662739
253	0.00664318
253.1	0.00665726
253.2	0.00667075
253.3	0.00668348
253.4	0.00668986
253.5	0.00669111
253.6	0.00668795
253.7	0.00668095
253.8	0.00667431
253.9	0.00666629
254	0.00665931
254.1	0.00665233
254.2	0.00664484
254.3	0.00663483
254.4	0.00662031
254.5	0.0066036
254.6	0.00658316
254.7	0.00656017
254.8	0.00653354
254.9	0.0065037
255	0.00647735
255.1	0.0064504
255.2	0.00642104
255.3	0.00638897
255.4	0.00635811
255.5	0.00632619
255.6	0.00629511
255.7	0.00626784
255.8	0.00624254
255.9	0.00622069
256	0.00619746
256.1	0.00617019
256.2	0.00614234
256.3	0.00612055
256.4	0.00610378
256.5	0.00608807
256.6	0.00606974
256.7	0.00604458
256.8	0.00602063
256.9	0.00599575
257	0.00597048
257.1	0.00594515
257.2	0.00591908
257.3	0.00588675
257.4	0.00585298
257.5	0.00581821
257.6	0.00578832
257.7	0.0057589
257.8	0.00573474
257.9	0.00570705
258	0.00567407
258.1	0.005638
258.2	0.00560711
258.3	0.00557902
258.4	0.00555031
258.5	0.005521
258.6	0.0054875
258.7	0.00544714
258.8	0.00540731
258.9	0.00537086
259	0.00533822
259.1	0.00530997
259.2	0.00528435
259.3	0.00525743
259.4	0.00522626
259.5	0.00519104
259.6	0.00515867
259.7	0.00512559
259.8	0.00509507
259.9	0.00506653
260	0.00503486
260.1	0.00500086
260.2	0.00496531
260.3	0.00493009
260.4	0.00489291
260.5	0.00485804
260.6	0.00482531
260.7	0.00479291
260.8	0.00476432
260.9	0.00473955
261	0.00471939
261.1	0.00470134
261.2	0.00468687
261.3	0.00467486
261.4	0.00466517
261.5	0.00466041
261.6	0.00465866
261.7	0.00466008
261.8	0.00466291
261.9	0.00466614
262	0.00467048
262.1	0.00467368
262.2	0.00467691
262.3	0.00468359
262.4	0.00469159
262.5	0.00470141
262.6	0.00470498
262.7	0.00470716
262.8	0.00470687
262.9	0.00470292
263	0.00470012
263.1	0.0046974
263.2	0.00469135
263.3	0.0046881
263.4	0.00468117
263.5	0.00466882
263.6	0.00465072
263.7	0.0046298
263.8	0.00461106
263.9	0.00458265
264	0.00454912
264.1	0.00452203
264.2	0.00450221
264.3	0.0044822
264.4	0.00446423
264.5	0.0044489
264.6	0.0044312
264.7	0.00441364
264.8	0.0043966
264.9	0.00437719
265	0.00436
265.1	0.00434456
265.2	0.00432786
265.3	0.00431071
265.4	0.00429566
265.5	0.00428278
265.6	0.00427309
265.7	0.00425961
265.8	0.00424468
265.9	0.00423318
266	0.00422585
266.1	0.00421984
266.2	0.00421531
266.3	0.00420987
266.4	0.00420694
266.5	0.00420807
266.6	0.00420769
266.7	0.00420738
266.8	0.00420704
266.9	0.004209
267	0.00421083
267.1	0.00421038
267.2	0.00420926
267.3	0.0042064
267.4	0.00420188
267.5	0.00419097
267.6	0.00417672
267.7	0.00415795
267.8	0.00413395
267.9	0.00410855
268	0.00408603
268.1	0.00406095
268.2	0.00403913
268.3	0.0040198
268.4	0.0040021
268.5	0.00398269
268.6	0.00395769
268.7	0.00393008
268.8	0.00390269
268.9	0.00387804
269	0.00385293
269.1	0.00383103
269.2	0.00381166
269.3	0.00379672
269.4	0.00378722
269.5	0.00377816
269.6	0.003769
269.7	0.00376153
269.8	0.00375453
269.9	0.00374623
270	0.00374151
270.1	0.0037372
270.2	0.00372778
270.3	0.00370904
270.4	0.00368771
270.5	0.00366554
270.6	0.00363903
270.7	0.00360922
270.8	0.00357336
270.9	0.00353607
271	0.00349965
271.1	0.00346329
271.2	0.00342864
271.3	0.00339532
271.4	0.00336145
271.5	0.00332621
271.6	0.00328808
271.7	0.00324862
271.8	0.00320934
271.9	0.00316954
272	0.00312531
272.1	0.00307376
272.2	0.00302565
272.3	0.0029785
272.4	0.00293593
272.5	0.00289434
272.6	0.0028526
272.7	0.00280623
272.8	0.00275574
272.9	0.00270115
273	0.00264391
273.1	0.00259207
273.2	0.00254591
273.3	0.00250007
273.4	0.00245171
273.5	0.00240266
273.6	0.00235998
273.7	0.00231997
273.8	0.00228571
273.9	0.00224826
274	0.00221267
274.1	0.00218117
274.2	0.00215097
274.3	0.00212264
274.4	0.00209747
274.5	0.00207362
274.6	0.00204957
274.7	0.00202419
274.8	0.00199623
274.9	0.0019648
275	0.00192835
275.1	0.00189686
275.2	0.00186991
275.3	0.00184249
275.4	0.00181384
275.5	0.00178217
275.6	0.0017478
275.7	0.00171162
275.8	0.00167459
275.9	0.00163779
276	0.00159979
276.1	0.00156354
276.2	0.00152395
276.3	0.0014826
276.4	0.00144031
276.5	0.00139962
276.6	0.00135916
276.7	0.00131545
276.8	0.00127044
276.9	0.00122245
277	0.001172
277.1	0.00112244
277.2	0.00106954
277.3	0.00101512
277.4	0.000959287
277.5	0.000899753
277.6	0.000835261
277.7	0.000769408
277.8	0.000699258
277.9	0.000625043
278	0.000553583
278.1	0.000484276
278.2	0.00041736
278.3	0.000351274
278.4	0.000289587
278.5	0.000226107
278.6	0.000161124
278.7	9.75214e-05
278.8	3.65761e-05
278.9	-2.32784e-05
279	-8.05064e-05
279.1	-0.00013721
279.2	-0.000193895
279.3	-0.000256618
279.4	-0.000315692
279.5	-0.000370539
279.6	-0.000426258
279.7	-0.000482992
279.8	-0.000543184
279.9	-0.000603188
280	-0.000662902
280.1	-0.000716
280.2	-0.000769757
280.3	-0.000824782
280.4	-0.000877387
280.5	-0.000924701
280.6	-0.000970461
280.7	-0.00101204
280.8	-0.00105445
280.9	-0.00109646
281	-0.00113797
281.1	-0.00117463
281.2	-0.00121163
281.3	-0.00124993
281.4	-0.00128722
281.5	-0.00132992
281.6	-0.00138251
281.7	-0.00144418
281.8	-0.00150487
281.9	-0.00156805
282	-0.00162909
282.1	-0.00168879
282.2	-0.00174548
282.3	-0.0017996
282.4	-0.00185396
282.5	-0.00190997
282.6	-0.00196752
282.7	-0.00203022
282.8	-0.00209051
282.9	-0.00215349
283	-0.00222074
283.1	-0.00229228
283.2	-0.00236587
283.3	-0.00243973
283.4	-0.00250657
283.5	-0.00256828
283.6	-0.00262822
283.7	-0.00268519
283.8	-0.0027375
283.9	-0.00278817
284	-0.00283716
284.1	-0.00288932
284.2	-0.0029456
284.3	-0.00300348
284.4	-0.00306407
284.5	-0.00312398
284.6	-0.00318403
284.7	-0.00324474
284.8	-0.00330573
284.9	-0.00337028
285	-0.00344035
285.1	-0.00351133
285.2	-0.0035822
285.3	-0.00365726
285.4	-0.00373303
285.5	-0.00380853
285.6	-0.00388574
285.7	-0.00396074
285.8	-0.00403521
285.9	-0.00411001
286	-0.00418785
286.1	-0.00426591
286.2	-0.00433822
286.3	-0.00440565
286.4	-0.0044722
286.5	-0.00453847
286.6	-0.00460275
286.7	-0.00466571
286.8	-0.00472348
286.9	-0.00478039
287	-0.00483577
287.1	-0.0048919
287.2	-0.0049492
287.3	-0.00500767
287.4	-0.00506442
287.5	-0.00512226
287.6	-0.00518271
287.7	-0.00524916
287.8	-0.00531432
287.9	-0.0053841
288	-0.005455
288.1	-0.0055299
288.2	-0.00560347
288.3	-0.00567452
288.4	-0.00574397
288.5	-0.00580644
288.6	-0.00586109
288.7	-0.00590991
288.8	-0.00596075
288.9	-0.00601382
289	-0.00607145
289.1	-0.00612764
289.2	-0.0061802
289.3	-0.00623096
289.4	-0.00627759
289.5	-0.00632053
289.6	-0.00636436
289.7	-0.00640927
289.8	-0.00645872
289.9	-0.00651139
290	-0.00656866
290.1	-0.00662658
290.2	-0.00668065
290.3	-0.00673425
290.4	-0.00678857
290.5	-0.00684089
290.6	-0.00689083
290.7	-0.00693765
290.8	-0.00697759
290.9	-0.00701587
291	-0.00705447
291.1	-0.00709291
291.2	-0.00713177
291.3	-0.00716534
291.4	-0.00720089
291.5	-0.0072384
291.6	-0.00727516
291.7	-0.00730874
291.8	-0.00734327
291.9	-0.007376
292	-0.00740974
292.1	-0.00744789
292.2	-0.00748871
292.3	-0.00752641
292.4	-0.00756548
292.5	-0.00760586
292.6	-0.00764348
292.7	-0.0076807
292.8	-0.00771424
292.9	-0.00775255
293	-0.00778855
293.1	-0.00782134
293.2	-0.00785126
293.3	-0.00788251
293.4	-0.00791912
293.5	-0.00795961
293.6	-0.00800197
293.7	-0.00804287
293.8	-0.00808102
293.9	-0.00811925
294	-0.00815716
294.1	-0.00819527
294.2	-0.00823233
294.3	-0.00827128
294.4	-0.0083151
294.5	-0.00835847
294.6	-0.00839968
294.7	-0.0084417
294.8	-0.0084838
294.9	-0.00852314
295	-0.00856208
295.1	-0.0086058
295.2	-0.00865189
295.3	-0.00869437
295.4	-0.00873932
295.5	-0.00878571
295.6	-0.00883245
295.7	-0.00887839
295.8	-0.00892453
295.9	-0.00897391
296	-0.0090272
296.1	-0.0090806
296.2	-0.00913089
296.3	-0.00917968
296.4	-0.00922709
296.5	-0.00927078
296.6	-0.00930844
296.7	-0.00933933
296.8	-0.00937359
296.9	-0.00941359
297	-0.00945714
297.1	-0.00950206
297.2	-0.0095473
297.3	-0.00959169
297.4	-0.00963741
297.5	-0.00968492
297.6	-0.00973074
297.7	-0.00977591
297.8	-0.00982166
297.9	-0.00986929
298	-0.00991928
298.1	-0.00996627
298.2	-0.0100075
298.3	-0.0100439
298.4	-0.0100748
298.5	-0.0101037
298.6	-0.0101332
298.7	-0.0101633
298.8	-0.0101952
298.9	-0.0102286
299	-0.0102584
299.1	-0.010283
299.2	-0.010308
299.3	-0.0103366
299.4	-0.0103734
299.5	-0.0104147
299.6	-0.0104584
299.7	-0.010506
299.8	-0.0105597
299.9	-0.0106214
300	-0.0106828
300.1	-0.0107405
300.2	-0.0107986
300.3	-0.010858
300.4	-0.0109213
300.5	-0.0109861
300.6	-0.0110472
300.7	-0.0111052
300.8	-0.0111602
300.9	-0.0112094
301	-0.0112599
301.1	-0.0113112
301.2	-0.0113605
301.3	-0.0114089
301.4	-0.0114568
301.5	-0.0115083
301.6	-0.0115558
301.7	-0.0115987
301.8	-0.0116375
301.9	-0.0116759
302	-0.0117148
302.1	-0.0117573
302.2	-0.0117965
302.3	-0.011834
302.4	-0.0118725
302.5	-0.0119114
302.6	-0.0119526
302.7	-0.0119985
302.8	-0.0120475
302.9	-0.0120977
303	-0.0121516
303.1	-0.0122104
303.2	-0.0122647
303.3	-0.012319
303.4	-0.0123715
303.5	-0.0124196
303.6	-0.012465
303.7	-0.0125087
303.8	-0.0125477
303.9	-0.0125819
304	-0.0126135
304.1	-0.0126491
304.2	-0.0126803
304.3	-0.0127094
304.4	-0.0127443
304.5	-0.012777
304.6	-0.0128096
304.7	-0.0128404
304.8	-0.0128708
304.9	-0.0129034
305	-0.0129349
305.1	-0.0129676
305.2	-0.0130014
305.3	-0.0130327
305.4	-0.0130608
305.5	-0.0130921
305.6	-0.0131283
305.7	-0.0131631
305.8	-0.0131939
305.9	-0.013226
306	-0.0132583
306.1	-0.0132898
306.2	-0.0133175
306.3	-0.0133403
306.4	-0.013361
306.5	-0.0133816
306.6	-0.0134014
306.7	-0.0134241
306.8	-0.0134468
306.9	-0.0134723
307	-0.0134915
307.1	-0.0135035
307.2	-0.013509
307.3	-0.013513
307.4	-0.0135179
307.5	-0.0135281
307.6	-0.0135441
307.7	-0.013563
307.8	-0.0135826
307.9	-0.0136023
308	-0.0136195
308.1	-0.0136383
308.2	-0.0136604
308.3	-0.0136851
308.4	-0.0137095
308.5	-0.0137376
308.6	-0.0137623
308.7	-0.0137855
308.8	-0.0138057
308.9	-0.0138204
309	-0.013833
309.1	-0.0138486
309.2	-0.0138598
309.3	-0.0138693
309.4	-0.0138792
309.5	-0.0138851
309.6	-0.0138849
309.7	-0.0138844
309.8	-0.0138879
309.9	-0.0138974
310	-0.0139107
310.1	-0.013927
310.2	-0.0139452
310.3	-0.0139642
310.4	-0.0139794
310.5	-0.0139931
310.6	-0.0140051
310.7	-0.0140183
310.8	-0.0140338
310.9	-0.0140488
311	-0.0140609
311.1	-0.01407
311.2	-0.0140752
311.3	-0.0140739
311.4	-0.0140676
311.5	-0.0140611
311.6	-0.01406
311.7	-0.0140667
311.8	-0.0140764
311.9	-0.014083
312	-0.0140854
312.1	-0.0140848
312.2	-0.0140806
312.3	-0.0140713
312.4	-0.0140662
312.5	-0.0140622
312.6	-0.0140585
312.7	-0.0140532
312.8	-0.0140451
312.9	-0.0140364
313	-0.0140282
313.1	-0.0140209
313.2	-0.0140144
313.3	-0.0140089
313.4	-0.0140074
313.5	-0.0140064
313.6	-0.0140042
313.7	-0.0140005
313.8	-0.013999
313.9	-0.0140011
314	-0.0140025
314.1	-0.0140078
314.2	-0.0140131
314.3	-0.0140199
314.4	-0.0140259
314.5	-0.0140252
314.6	-0.0140198
314.7	-0.0140085
314.8	-0.0139981
314.9	-0.0139877
315	-0.0139759
315.1	-0.0139641
315.2	-0.0139506
315.3	-0.0139368
315.4	-0.013918
315.5	-0.0138968
315.6	-0.0138709
315.7	-0.0138388
315.8	-0.0138001
315.9	-0.0137573
316	-0.0137167
316.1	-0.0136815
316.2	-0.0136475
316.3	-0.0136151
316.4	-0.0135859
316.5	-0.0135612
316.6	-0.0135378
316.7	-0.0135137
316.8	-0.013497
316.9	-0.0134906
317	-0.0134885
317.1	-0.0134878
317.2	-0.0134901
317.3	-0.0134943
317.4	-0.0135015
317.5	-0.0135078
317.6	-0.0135113
317.7	-0.0135152
317.8	-0.0135253
317.9	-0.0135377
318	-0.01355
318.1	-0.0135561
318.2	-0.0135612
318.3	-0.0135687
318.4	-0.0135764
318.5	-0.0135829
318.6	-0.0135942
318.7	-0.013606
318.8	-0.0136154
318.9	-0.0136259
319	-0.0136357
319.1	-0.0136469
319.2	-0.0136595
319.3	-0.0136692
319.4	-0.0136708
319.5	-0.0136686
319.6	-0.0136684
319.7	-0.013672
319.8	-0.0136764
319.9	-0.0136825
320	-0.0136888
320.1	-0.0136932
320.2	-0.0137
320.3	-0.0137054
320.4	-0.0137087
320.5	-0.0137117
320.6	-0.0137158
320.7	-0.0137191
320.8	-0.0137238
320.9	-0.0137289
321	-0.0137371
321.1	-0.0137447
321.2	-0.0137539
321.3	-0.0137667
321.4	-0.0137809
321.5	-0.0137908
321.6	-0.0137975
321.7	-0.0138051
321.8	-0.0138139
321.9	-0.0138238
322	-0.0138314
322.1	-0.0138452
322.2	-0.0138676
322.3	-0.0138941
322.4	-0.0139231
322.5	-0.0139535
322.6	-0.0139832
322.7	-0.0140089
322.8	-0.0140326
322.9	-0.0140543
323	-0.0140769
323.1	-0.0140929
323.2	-0.0141057
323.3	-0.0141196
323.4	-0.0141388
323.5	-0.0141615
323.6	-0.0141924
323.7	-0.0142277
323.8	-0.0142642
323.9	-0.0143006
324	-0.0143356
324.1	-0.0143704
324.2	-0.014408
324.3	-0.0144454
324.4	-0.0144784
324.5	-0.0145083
324.6	-0.0145405
324.7	-0.0145764
324.8	-0.0146175
324.9	-0.0146626
325	-0.0147083
325.1	-0.0147539
325.2	-0.0147979
325.3	-0.0148395
325.4	-0.0148832
325.5	-0.0149268
325.6	-0.0149736
325.7	-0.0150218
325.8	-0.0150705
325.9	-0.0151204
326	-0.0151747
326.1	-0.0152329
326.2	-0.0152923
326.3	-0.0153506
326.4	-0.0154063
326.5	-0.0154582
326.6	-0.015511
326.7	-0.0155611
326.8	-0.0156126
326.9	-0.0156678
327	-0.0157195
327.1	-0.0157698
327.2	-0.0158222
327.3	-0.0158773
327.4	-0.0159373
327.5	-0.0159928
327.6	-0.0160418
327.7	-0.0160853
327.8	-0.0161293
327.9	-0.0161737
328	-0.0162222
328.1	-0.0162698
328.2	-0.0163118
328.3	-0.0163557
328.4	-0.0164034
328.5	-0.0164549
328.6	-0.016509
328.7	-0.0165597
328.8	-0.0166022
328.9	-0.016645
329	-0.0166868
329.1	-0.0167329
329.2	-0.0167825
329.3	-0.0168287
329.4	-0.0168734
329.5	-0.0169199
329.6	-0.0169675
329.7	-0.0170186
329.8	-0.0170732
329.9	-0.0171303
330	-0.0171861
330.1	-0.0172434
330.2	-0.0172976
330.3	-0.0173479
330.4	-0.0173993
330.5	-0.0174488
330.6	-0.0174978
330.7	-0.0175455
330.8	-0.0175896
330.9	-0.017629
331	-0.0176667
331.1	-0.017702
331.2	-0.0177317
331.3	-0.0177585
331.4	-0.0177835
331.5	-0.0178053
331.6	-0.0178247
331.7	-0.017848
331.8	-0.0178696
331.9	-0.0178905
332	-0.0179085
332.1	-0.017923
332.2	-0.0179342
332.3	-0.0179414
332.4	-0.01794
332.5	-0.0179328
332.6	-0.017921
332.7	-0.0179075
332.8	-0.0178916
332.9	-0.0178719
333	-0.0178506
333.1	-0.017826
333.2	-0.0177984
333.3	-0.0177683
333.4	-0.0177311
333.5	-0.0176874
333.6	-0.0176468
333.7	-0.0176056
333.8	-0.017559
333.9	-0.0175072
334	-0.017452
334.1	-0.0173942
334.2	-0.0173347
334.3	-0.0172767
334.4	-0.0172172
334.5	-0.0171534
334.6	-0.0170868
334.7	-0.0170207
334.8	-0.0169596
334.9	-0.0168965
335	-0.0168344
335.1	-0.0167674
335.2	-0.0166993
335.3	-0.016633
335.4	-0.0165638
335.5	-0.016493
335.6	-0.0164226
335.7	-0.0163496
335.8	-0.0162767
335.9	-0.0162026
336	-0.0161219
336.1	-0.0160376
336.2	-0.0159531
336.3	-0.0158699
336.4	-0.0157881
336.5	-0.0157075
336.6	-0.01563
336.7	-0.0155477
336.8	-0.0154609
336.9	-0.0153675
337	-0.0152679
337.1	-0.015169
337.2	-0.0150698
337.3	-0.0149714
337.4	-0.0148735
337.5	-0.0147791
337.6	-0.014684
337.7	-0.0145856
337.8	-0.0144884
337.9	-0.0143938
338	-0.0143037
338.1	-0.0142186
338.2	-0.0141398
338.3	-0.0140632
338.4	-0.0139904
338.5	-0.0139209
338.6	-0.0138528
338.7	-0.0137814
338.8	-0.0137068
338.9	-0.0136339
339	-0.013563
339.1	-0.0134904
339.2	-0.0134134
339.3	-0.0133355
339.4	-0.01326
339.5	-0.0131904
339.6	-0.0131255
339.7	-0.0130655
339.8	-0.0130084
339.9	-0.0129509
340	-0.0128979
340.1	-0.0128482
340.2	-0.0128031
340.3	-0.0127562
340.4	-0.0127146
340.5	-0.0126783
340.6	-0.0126456
340.7	-0.0126191
340.8	-0.0125952
340.9	-0.0125762
341	-0.0125596
341.1	-0.0125444
341.2	-0.0125311
341.3	-0.0125233
341.4	-0.0125143
341.5	-0.0125084
341.6	-0.012505
341.7	-0.0125032
341.8	-0.0125027
341.9	-0.0125025
342	-0.0124967
342.1	-0.0124927
342.2	-0.0124883
342.3	-0.0124837
342.4	-0.0124802
342.5	-0.0124769
342.6	-0.0124724
342.7	-0.0124688
342.8	-0.0124687
342.9	-0.0124683
343	-0.0124667
343.1	-0.0124621
343.2	-0.0124594
343.3	-0.0124583
343.4	-0.0124576
343.5	-0.0124524
343.6	-0.0124467
343.7	-0.0124374
343.8	-0.0124297
343.9	-0.0124282
344	-0.0124332
344.1	-0.0124434
344.2	-0.0124553
344.3	-0.0124711
344.4	-0.0124879
344.5	-0.0125064
344.6	-0.0125259
344.7	-0.0125436
344.8	-0.0125567
344.9	-0.0125688
345	-0.0125845
345.1	-0.0126056
345.2	-0.0126274
345.3	-0.0126445
345.4	-0.0126616
345.5	-0.0126782
345.6	-0.0126967
345.7	-0.0127163
345.8	-0.0127327
345.9	-0.0127467
346	-0.0127596
346.1	-0.0127705
346.2	-0.0127792
346.3	-0.012787
346.4	-0.0127965
346.5	-0.0128118
346.6	-0.0128297
346.7	-0.0128465
346.8	-0.0128587
346.9	-0.0128716
347	-0.012883
347.1	-0.0128971
347.2	-0.0129087
347.3	-0.0129175
347.4	-0.0129304
347.5	-0.012941
347.6	-0.0129474
347.7	-0.0129488
347.8	-0.012944
347.9	-0.0129305
348	-0.0129127
348.1	-0.0128951
348.2	-0.0128805
348.3	-0.0128658
348.4	-0.0128546
348.5	-0.0128501
348.6	-0.0128518
348.7	-0.0128571
348.8	-0.0128636
348.9	-0.0128728
349	-0.0128833
349.1	-0.0128901
349.2	-0.0128943
349.3	-0.0129004
349.4	-0.0129064
349.5	-0.0129091
349.6	-0.0129143
349.7	-0.0129221
349.8	-0.0129322
349.9	-0.0129382
350	-0.0129402
350.1	-0.0129412
350.2	-0.0129379
350.3	-0.0129303
350.4	-0.0129154
350.5	-0.0128941
350.6	-0.0128698
350.7	-0.0128417
350.8	-0.0128126
350.9	-0.0127829
351	-0.0127577
351.1	-0.0127322
351.2	-0.0127094
351.3	-0.0126826
351.4	-0.01265
351.5	-0.0126151
351.6	-0.012584
351.7	-0.0125569
351.8	-0.0125315
351.9	-0.0125044
352	-0.0124758
352.1	-0.0124492
352.2	-0.0124287
352.3	-0.0124108
352.4	-0.0123931
352.5	-0.0123757
352.6	-0.0123628
352.7	-0.0123519
352.8	-0.0123366
352.9	-0.0123175
353	-0.0122925
353.1	-0.0122662
353.2	-0.012237
353.3	-0.0122062
353.4	-0.0121726
353.5	-0.0121344
353.6	-0.0120941
353.7	-0.0120528
353.8	-0.0120123
353.9	-0.0119725
354	-0.0119354
354.1	-0.0119007
354.2	-0.0118686
354.3	-0.011841
354.4	-0.0118146
354.5	-0.0117919
354.6	-0.011772
354.7	-0.0117582
354.8	-0.0117489
354.9	-0.0117431
355	-0.0117368
355.1	-0.011733
355.2	-0.0117279
355.3	-0.011723
355.4	-0.0117149
355.5	-0.0117085
355.6	-0.0116998
355.7	-0.0116899
355.8	-0.0116806
355.9	-0.0116707
356	-0.0116581
356.1	-0.0116412
356.2	-0.011621
356.3	-0.0115998
356.4	-0.0115797
356.5	-0.0115582
356.6	-0.0115336
356.7	-0.0115103
356.8	-0.0114926
356.9	-0.0114783
357	-0.011464
357.1	-0.0114463
357.2	-0.011426
357.3	-0.011408
357.4	-0.0113901
357.5	-0.0113727
357.6	-0.0113548
357.7	-0.0113393
357.8	-0.0113282
357.9	-0.0113188
358	-0.0113084
358.1	-0.0112989
358.2	-0.0112894
358.3	-0.0112772
358.4	-0.0112668
358.5	-0.0112609
358.6	-0.0112562
358.7	-0.0112515
358.8	-0.0112494
358.9	-0.011254
359	-0.0112589
359.1	-0.0112655
359.2	-0.0112728
359.3	-0.0112769
359.4	-0.01128
359.5	-0.0112844
359.6	-0.0112922
359.7	-0.0113035
359.8	-0.0113153
359.9	-0.0113302
360	-0.0113452
360.1	-0.0113621
360.2	-0.0113805
360.3	-0.0113953
360.4	-0.0114087
360.5	-0.0114248
360.6	-0.0114384
360.7	-0.0114515
360.8	-0.0114632
360.9	-0.011477
361	-0.0114959
361.1	-0.011515
361.2	-0.0115324
361.3	-0.0115539
361.4	-0.0115825
361.5	-0.0116095
361.6	-0.0116356
361.7	-0.0116582
361.8	-0.0116839
361.9	-0.0117136
362	-0.0117462
362.1	-0.0117787
362.2	-0.0118137
362.3	-0.0118482
362.4	-0.0118777
362.5	-0.0119024
362.6	-0.011927
362.7	-0.011949
362.8	-0.0119734
362.9	-0.0119991
363	-0.0120264
363.1	-0.0120519
363.2	-0.0120764
363.3	-0.0120983
363.4	-0.0121194
363.5	-0.0121386
363.6	-0.0121555
363.7	-0.0121742
363.8	-0.0121918
363.9	-0.0122124
364	-0.0122318
364.1	-0.0122491
364.2	-0.0122642
364.3	-0.0122776
364.4	-0.0122894
364.5	-0.0123002
364.6	-0.0123034
364.7	-0.0123036
364.8	-0.0123036
364.9	-0.0123033
365	-0.0123045
365.1	-0.0123041
365.2	-0.0123034
365.3	-0.0122984
365.4	-0.0122906
365.5	-0.0122814
365.6	-0.0122708
365.7	-0.0122561
365.8	-0.0122398
365.9	-0.0122237
366	-0.0122059
366.1	-0.0121846
366.2	-0.0121607
366.3	-0.0121375
366.4	-0.0121106
366.5	-0.0120851
366.6	-0.0120607
366.7	-0.0120323
366.8	-0.0119969
366.9	-0.0119593
367	-0.0119175
367.1	-0.0118755
367.2	-0.0118381
367.3	-0.0118057
367.4	-0.0117791
367.5	-0.0117543
367.6	-0.0117335
367.7	-0.0117208
367.8	-0.0117113
367.9	-0.0117011
368	-0.0116937
368.1	-0.0116855
368.2	-0.0116742
368.3	-0.0116599
368.4	-0.0116447
368.5	-0.0116243
368.6	-0.0116013
368.7	-0.0115734
368.8	-0.011543
368.9	-0.011509
369	-0.0114789
369.1	-0.01145
369.2	-0.0114235
369.3	-0.0113982
369.4	-0.0113774
369.5	-0.0113616
369.6	-0.0113454
369.7	-0.0113275
369.8	-0.0113049
369.9	-0.0112773
370	-0.0112484
370.1	-0.0112174
370.2	-0.0111867
370.3	-0.0111536
370.4	-0.0111219
370.5	-0.0110914
370.6	-0.0110594
370.7	-0.011021
370.8	-0.0109777
370.9	-0.0109329
371	-0.0108876
371.1	-0.0108433
371.2	-0.0107962
371.3	-0.0107502
371.4	-0.0107101
371.5	-0.0106729
371.6	-0.0106404
371.7	-0.0106106
371.8	-0.0105849
371.9	-0.0105594
372	-0.0105372
372.1	-0.0105166
372.2	-0.0104993
372.3	-0.0104849
372.4	-0.0104683
372.5	-0.0104503
372.6	-0.0104372
372.7	-0.0104263
372.8	-0.0104132
372.9	-0.0103962
373	-0.0103808
373.1	-0.0103686
373.2	-0.0103589
373.3	-0.0103492
373.4	-0.0103379
373.5	-0.0103265
373.6	-0.010316
373.7	-0.010307
373.8	-0.0103006
373.9	-0.0102933
374	-0.0102906
374.1	-0.0102899
374.2	-0.0102944
374.3	-0.0102991
374.4	-0.0103019
374.5	-0.0103017
374.6	-0.0102972
374.7	-0.0102875
374.8	-0.0102758
374.9	-0.0102633
375	-0.0102523
375.1	-0.0102384
375.2	-0.0102182
375.3	-0.0101995
375.4	-0.0101886
375.5	-0.0101892
375.6	-0.0101948
375.7	-0.0102086
375.8	-0.0102258
375.9	-0.0102423
376	-0.0102598
376.1	-0.0102769
376.2	-0.0102915
376.3	-0.010305
376.4	-0.0103227
376.5	-0.0103447
376.6	-0.0103703
376.7	-0.010398
376.8	-0.010424
376.9	-0.0104466
377	-0.010468
377.1	-0.0104926
377.2	-0.0105158
377.3	-0.0105386
377.4	-0.0105636
377.5	-0.0105934
377.6	-0.0106214
377.7	-0.0106459
377.8	-0.0106708
377.9	-0.010695
378	-0.0107195
378.1	-0.0107419
378.2	-0.0107622
378.3	-0.0107847
378.4	-0.0108096
378.5	-0.0108343
378.6	-0.010861
378.7	-0.0108847
378.8	-0.0109102
378.9	-0.0109325
379	-0.0109504
379.1	-0.0109676
379.2	-0.0109827
379.3	-0.0109948
379.4	-0.0110022
379.5	-0.0110107
379.6	-0.0110131
379.7	-0.0110148
379.8	-0.0110161
379.9	-0.0110185
380	-0.0110201
380.1	-0.0110192
380.2	-0.0110145
380.3	-0.0110012
380.4	-0.0109842
380.5	-0.0109672
380.6	-0.0109515
380.7	-0.0109365
380.8	-0.0109222
380.9	-0.0109141
381	-0.0109096
381.1	-0.0109089
381.2	-0.0109073
381.3	-0.0109073
381.4	-0.0109089
381.5	-0.0109067
381.6	-0.0109021
381.7	-0.0108981
381.8	-0.0108986
381.9	-0.0108992
382	-0.0109015
382.1	-0.0109026
382.2	-0.0109025
382.3	-0.0109034
382.4	-0.0109084
382.5	-0.0109138
382.6	-0.0109211
382.7	-0.0109346
382.8	-0.010953
382.9	-0.0109733
383	-0.0109932
383.1	-0.0110112
383.2	-0.0110318
383.3	-0.0110564
383.4	-0.0110815
383.5	-0.0111
383.6	-0.0111156
383.7	-0.0111298
383.8	-0.0111446
383.9	-0.0111613
384	-0.0111753
384.1	-0.0111871
384.2	-0.0111978
384.3	-0.0112051
384.4	-0.0112104
384.5	-0.0112168
384.6	-0.0112219
384.7	-0.0112246
384.8	-0.0112223
384.9	-0.0112183
385	-0.0112088
385.1	-0.0111952
385.2	-0.0111736
385.3	-0.0111482
385.4	-0.0111209
385.5	-0.0110955
385.6	-0.0110685
385.7	-0.0110384
385.8	-0.0110122
385.9	-0.0109928
386	-0.0109763
386.1	-0.0109615
386.2	-0.0109494
386.3	-0.0109401
386.4	-0.0109327
386.5	-0.0109247
386.6	-0.0109184
386.7	-0.0109093
386.8	-0.0109009
386.9	-0.0108939
387	-0.0108912
387.1	-0.0108917
387.2	-0.0108967
387.3	-0.0109056
387.4	-0.0109181
387.5	-0.0109317
387.6	-0.0109443
387.7	-0.0109564
387.8	-0.010966
387.9	-0.0109759
388	-0.0109813
388.1	-0.0109841
388.2	-0.0109872
388.3	-0.0109865
388.4	-0.0109804
388.5	-0.0109726
388.6	-0.0109664
388.7	-0.0109649
388.8	-0.0109662
388.9	-0.0109645
389	-0.0109632
389.1	-0.0109645
389.2	-0.0109688
389.3	-0.0109752
389.4	-0.0109822
389.5	-0.0109902
389.6	-0.0109942
389.7	-0.0110006
389.8	-0.0110094
389.9	-0.0110211
390	-0.0110348
390.1	-0.011051
390.2	-0.0110642
390.3	-0.011077
390.4	-0.0110911
390.5	-0.0111053
390.6	-0.0111216
390.7	-0.0111395
390.8	-0.0111575
390.9	-0.0111744
391	-0.0111945
391.1	-0.0112163
391.2	-0.0112384
391.3	-0.0112586
391.4	-0.0112752
391.5	-0.0112909
391.6	-0.0113046
391.7	-0.0113178
391.8	-0.0113301
391.9	-0.01134
392	-0.0113492
392.1	-0.0113596
392.2	-0.0113696
392.3	-0.0113767
392.4	-0.0113814
392.5	-0.0113814
392.6	-0.0113811
392.7	-0.0113801
392.8	-0.0113794
392.9	-0.0113798
393	-0.0113799
393.1	-0.0113786
393.2	-0.0113797
393.3	-0.0113828
393.4	-0.0113821
393.5	-0.0113803
393.6	-0.0113782
393.7	-0.011373
393.8	-0.0113651
393.9	-0.0113498
394	-0.0113307
394.1	-0.0113073
394.2	-0.011287
394.3	-0.0112707
394.4	-0.0112615
394.5	-0.0112537
394.6	-0.0112472
394.7	-0.0112405
394.8	-0.0112311
394.9	-0.0112163
395	-0.0111985
395.1	-0.0111784
395.2	-0.0111558
395.3	-0.0111329
395.4	-0.0111068
395.5	-0.0110789
395.6	-0.0110454
395.7	-0.0110072
395.8	-0.0109699
395.9	-0.0109304
396	-0.01089
396.1	-0.0108482
396.2	-0.0108064
396.3	-0.0107655
396.4	-0.010725
396.5	-0.0106847
396.6	-0.0106455
396.7	-0.0106084
396.8	-0.0105737
396.9	-0.010542
397	-0.0105137
397.1	-0.0104828
397.2	-0.0104514
397.3	-0.0104199
397.4	-0.01039
397.5	-0.0103637
397.6	-0.0103381
397.7	-0.010317
397.8	-0.010292
397.9	-0.0102646
398	-0.010237
398.1	-0.0102116
398.2	-0.0101856
398.3	-0.0101624
398.4	-0.0101419
398.5	-0.0101247
398.6	-0.0101086
398.7	-0.0100961
398.8	-0.0100832
398.9	-0.0100718
399	-0.0100587
399.1	-0.0100453
399.2	-0.0100296
399.3	-0.0100138
399.4	-0.00999658
399.5	-0.00997683
399.6	-0.00995562
399.7	-0.00993631
399.8	-0.00991575
399.9	-0.00989605
400	-0.00987964
400.1	-0.00986369
400.2	-0.00985159
400.3	-0.00984168
400.4	-0.00983547
400.5	-0.0098357
400.6	-0.00984017
400.7	-0.00984003
400.8	-0.00983522
400.9	-0.00982775
401	-0.00981829
401.1	-0.00980941
401.2	-0.00980284
401.3	-0.00979556
401.4	-0.00978909
401.5	-0.00978007
401.6	-0.00976729
401.7	-0.00974746
401.8	-0.00972694
401.9	-0.00970441
402	-0.0096824
402.1	-0.00965873
402.2	-0.00963472
402.3	-0.00960533
402.4	-0.00957528
402.5	-0.00954762
402.6	-0.00952645
402.7	-0.00951004
402.8	-0.00949515
402.9	-0.00947743
403	-0.00946135
403.1	-0.0094438
403.2	-0.00942422
403.3	-0.00940369
403.4	-0.00938571
403.5	-0.00936818
403.6	-0.00934745
403.7	-0.00932428
403.8	-0.00929479
403.9	-0.00926149
404	-0.00922661
404.1	-0.00919471
404.2	-0.00916355
404.3	-0.00913026
404.4	-0.00909255
404.5	-0.00905784
404.6	-0.00902867
404.7	-0.00899816
404.8	-0.0089674
404.9	-0.00893286
405	-0.00889655
405.1	-0.00886102
405.2	-0.00882755
405.3	-0.00879511
405.4	-0.00876294
405.5	-0.00872872
405.6	-0.00869038
405.7	-0.00864609
405.8	-0.0086014
405.9	-0.00855712
406	-0.0085169
406.1	-0.00848114
406.2	-0.0084458
406.3	-0.00840997
406.4	-0.00837079
406.5	-0.00833188
406.6	-0.00829346
406.7	-0.00826175
406.8	-0.00823346
406.9	-0.00820831
407	-0.00818546
407.1	-0.00816136
407.2	-0.00814048
407.3	-0.00812375
407.4	-0.00811397
407.5	-0.00810668
407.6	-0.00810118
407.7	-0.00809457
407.8	-0.00808595
407.9	-0.00807947
408	-0.00807457
408.1	-0.00806439
408.2	-0.00805239
408.3	-0.00804052
408.4	-0.00802901
408.5	-0.00801751
408.6	-0.00800569
408.7	-0.00798906
408.8	-0.00797235
408.9	-0.00795611
409	-0.00794058
409.1	-0.00792625
409.2	-0.00791024
409.3	-0.00789204
409.4	-0.00787706
409.5	-0.00786468
409.6	-0.00785469
409.7	-0.0078485
409.8	-0.00784569
409.9	-0.00784778
410	-0.00785277
410.1	-0.00785929
410.2	-0.0078688
410.3	-0.00787632
410.4	-0.00788627
410.5	-0.00789175
410.6	-0.00789275
410.7	-0.00789324
410.8	-0.00789111
410.9	-0.00788467
411	-0.00787649
411.1	-0.00786717
411.2	-0.00786109
411.3	-0.00785544
411.4	-0.00784374
411.5	-0.00782988
411.6	-0.00781465
411.7	-0.00779718
411.8	-0.00777426
411.9	-0.00774954
412	-0.00772504
412.1	-0.00770183
412.2	-0.00768037
412.3	-0.00765755
412.4	-0.0076321
412.5	-0.00760215
412.6	-0.0075752
412.7	-0.0075529
412.8	-0.00753229
412.9	-0.00751285
413	-0.00749271
413.1	-0.00747127
413.2	-0.00744679
413.3	-0.00741899
413.4	-0.00738939
413.5	-0.00736042
413.6	-0.00733049
413.7	-0.0072982
413.8	-0.00726782
413.9	-0.00724104
414	-0.00721725
414.1	-0.00719261
414.2	-0.00716812
414.3	-0.00714272
414.4	-0.00711189
414.5	-0.00708343
414.6	-0.00705335
414.7	-0.0070226
414.8	-0.00699018
414.9	-0.00696039
415	-0.00693986
415.1	-0.00692163
415.2	-0.00690242
415.3	-0.00688582
415.4	-0.00687145
415.5	-0.00685474
415.6	-0.006833
415.7	-0.00680485
415.8	-0.00676867
415.9	-0.00672815
416	-0.00668168
416.1	-0.00663616
416.2	-0.0065933
416.3	-0.00655598
416.4	-0.00652143
416.5	-0.00648663
416.6	-0.00645269
416.7	-0.00642057
416.8	-0.00638836
416.9	-0.00635497
417	-0.00631998
417.1	-0.00628744
417.2	-0.00625261
417.3	-0.00621964
417.4	-0.00618363
417.5	-0.0061496
417.6	-0.00611968
417.7	-0.00609166
417.8	-0.00606816
417.9	-0.00604271
418	-0.00601395
418.1	-0.00598462
418.2	-0.00595323
418.3	-0.0059209
418.4	-0.00588572
418.5	-0.00585461
418.6	-0.00582783
418.7	-0.00580282
418.8	-0.00578028
418.9	-0.00576129
419	-0.00574933
419.1	-0.00573582
419.2	-0.00572296
419.3	-0.00570998
419.4	-0.00569262
419.5	-0.00567002
419.6	-0.00564794
419.7	-0.00562979
419.8	-0.00561382
419.9	-0.00559475
420	-0.00557575
420.1	-0.00555883
420.2	-0.00554439
420.3	-0.00553017
420.4	-0.0055163
420.5	-0.00550932
420.6	-0.00550328
420.7	-0.00549147
420.8	-0.00548006
420.9	-0.00546921
421	-0.00546102
421.1	-0.00545147
421.2	-0.00544082
421.3	-0.00542748
421.4	-0.00541155
421.5	-0.00539419
421.6	-0.00537595
421.7	-0.00536315
421.8	-0.00535375
421.9	-0.0053534
422	-0.00535287
422.1	-0.00535246
422.2	-0.00535127
422.3	-0.00534741
422.4	-0.00534168
422.5	-0.00533602
422.6	-0.00533085
422.7	-0.00532882
422.8	-0.00532603
422.9	-0.00532211
423	-0.00531743
423.1	-0.00531625
423.2	-0.00531507
423.3	-0.00531607
423.4	-0.0053185
423.5	-0.00532363
423.6	-0.00533012
423.7	-0.00533978
423.8	-0.00534982
423.9	-0.00536296
424	-0.00537799
424.1	-0.0053951
424.2	-0.00541587
424.3	-0.00544011
424.4	-0.00546719
424.5	-0.00549789
424.6	-0.00552861
424.7	-0.00556045
424.8	-0.00559014
424.9	-0.0056132
425	-0.00563214
425.1	-0.0056515
425.2	-0.00566623
425.3	-0.00567917
425.4	-0.00569216
425.5	-0.00570468
425.6	-0.00571548
425.7	-0.00572771
425.8	-0.0057401
425.9	-0.00575481
426	-0.00577068
426.1	-0.00578576
426.2	-0.00580467
426.3	-0.00582461
426.4	-0.00584368
426.5	-0.00586726
426.6	-0.00589238
426.7	-0.00591885
426.8	-0.00594705
426.9	-0.00597474
427	-0.00600055
427.1	-0.00602428
427.2	-0.00604191
427.3	-0.00605452
427.4	-0.00606213
427.5	-0.00606948
427.6	-0.00607714
427.7	-0.00608267
427.8	-0.00608379
427.9	-0.00608221
428	-0.00608039
428.1	-0.00607915
428.2	-0.00607729
428.3	-0.00607713
428.4	-0.0060747
428.5	-0.00606931
428.6	-0.00606428
428.7	-0.00605994
428.8	-0.00605589
428.9	-0.00604934
429	-0.00604377
429.1	-0.00603472
429.2	-0.00602303
429.3	-0.00601231
429.4	-0.00600014
429.5	-0.00598375
429.6	-0.0059684
429.7	-0.0059546
429.8	-0.00593921
429.9	-0.00592736
430	-0.00591791
430.1	-0.00591211
430.2	-0.00590448
430.3	-0.00590262
430.4	-0.0059013
430.5	-0.00590486
430.6	-0.00591165
430.7	-0.00592395
430.8	-0.0059387
430.9	-0.00595582
431	-0.00597691
431.1	-0.00599825
431.2	-0.00602491
431.3	-0.00605453
431.4	-0.00608617
431.5	-0.00612049
431.6	-0.00615192
431.7	-0.00618064
431.8	-0.0062077
431.9	-0.0062331
432	-0.00625777
432.1	-0.00627933
432.2	-0.00630077
432.3	-0.00632351
432.4	-0.00634446
432.5	-0.00636197
432.6	-0.00637904
432.7	-0.00639867
432.8	-0.00642044
432.9	-0.00644543
433	-0.00647282
433.1	-0.00650008
433.2	-0.00652659
433.3	-0.00655579
433.4	-0.00658077
433.5	-0.00660291
433.6	-0.00662187
433.7	-0.00663536
433.8	-0.00664394
433.9	-0.00665267
434	-0.00666433
434.1	-0.00668067
434.2	-0.00669628
434.3	-0.0067133
434.4	-0.00673397
434.5	-0.0067557
434.6	-0.00678062
434.7	-0.00681211
434.8	-0.00684627
434.9	-0.0068866
435	-0.00693127
435.1	-0.006974
435.2	-0.00701969
435.3	-0.00706303
435.4	-0.00710382
435.5	-0.00714254
435.6	-0.00717406
435.7	-0.00719846
435.8	-0.00722058
435.9	-0.00724217
436	-0.00726092
436.1	-0.00727929
436.2	-0.00729605
436.3	-0.00731142
436.4	-0.00733043
436.5	-0.00734712
436.6	-0.00736253
436.7	-0.00737506
436.8	-0.00738173
436.9	-0.00738339
437	-0.00738882
437.1	-0.007393
437.2	-0.00739811
437.3	-0.00739976
437.4	-0.00740111
437.5	-0.00740751
437.6	-0.00742218
437.7	-0.00744041
437.8	-0.00745519
437.9	-0.00747268
438	-0.00749411
438.1	-0.00751894
438.2	-0.00753794
438.3	-0.00755347
438.4	-0.00756275
438.5	-0.00757175
438.6	-0.00758399
438.7	-0.00759579
438.8	-0.00760754
438.9	-0.00762088
439	-0.00764
439.1	-0.00765777
439.2	-0.00767541
439.3	-0.00769304
439.4	-0.00771182
439.5	-0.00773049
439.6	-0.00774994
439.7	-0.00777092
439.8	-0.00778948
439.9	-0.00780568
440	-0.00781667
440.1	-0.00782392
440.2	-0.00783491
440.3	-0.00784881
440.4	-0.00786164
440.5	-0.00787359
440.6	-0.00788502
440.7	-0.00789669
440.8	-0.00790854
440.9	-0.00791623
441	-0.00792161
441.1	-0.00792628
441.2	-0.00793033
441.3	-0.00793472
441.4	-0.00793886
441.5	-0.00793998
441.6	-0.0079404
441.7	-0.00794091
441.8	-0.00794029
441.9	-0.00794221
442	-0.00795139
442.1	-0.00796707
442.2	-0.0079809
442.3	-0.00799199
442.4	-0.00799671
442.5	-0.0079999
442.6	-0.00800381
442.7	-0.00800704
442.8	-0.00801227
442.9	-0.00802257
443	-0.008036
443.1	-0.00805115
443.2	-0.00806781
443.3	-0.00808528
443.4	-0.00810487
443.5	-0.00812455
443.6	-0.00814746
443.7	-0.00817428
443.8	-0.00820658
443.9	-0.00824052
444	-0.00827615
444.1	-0.00831525
444.2	-0.00835633
444.3	-0.00840015
444.4	-0.00845024
444.5	-0.0085078
444.6	-0.00856675
444.7	-0.00862018
444.8	-0.00867014
444.9	-0.0087213
445	-0.00877717
445.1	-0.00883613
445.2	-0.00889665
445.3	-0.00895641
445.4	-0.00901632
445.5	-0.0090768
445.6	-0.00913223
445.7	-0.00919122
445.8	-0.00924836
445.9	-0.0093047
446	-0.00936013
446.1	-0.00941029
446.2	-0.00945118
446.3	-0.00948386
446.4	-0.00951318
446.5	-0.00954382
446.6	-0.00957314
446.7	-0.00959588
446.8	-0.00961859
446.9	-0.0096372
447	-0.00965485
447.1	-0.00967605
447.2	-0.00970094
447.3	-0.0097261
447.4	-0.00975154
447.5	-0.00977962
447.6	-0.00980593
447.7	-0.00983007
447.8	-0.00985451
447.9	-0.00987922
448	-0.00990485
448.1	-0.009929
448.2	-0.0099511
448.3	-0.00997008
448.4	-0.00998718
448.5	-0.00999806
448.6	-0.0100068
448.7	-0.0100133
448.8	-0.0100176
448.9	-0.0100206
449	-0.0100264
449.1	-0.0100378
449.2	-0.0100507
449.3	-0.0100725
449.4	-0.0100987
449.5	-0.0101314
449.6	-0.0101697
449.7	-0.0102118
449.8	-0.0102608
449.9	-0.0103102
450	-0.0103585
450.1	-0.0104056
450.2	-0.0104486
450.3	-0.0104912
450.4	-0.0105308
450.5	-0.010567
450.6	-0.0106004
450.7	-0.0106349
450.8	-0.0106694
450.9	-0.010701
451	-0.0107304
451.1	-0.0107573
451.2	-0.0107822
451.3	-0.0108079
451.4	-0.0108334
451.5	-0.0108613
451.6	-0.0108876
451.7	-0.0109192
451.8	-0.010959
451.9	-0.011002
452	-0.0110507
452.1	-0.0111032
452.2	-0.0111562
452.3	-0.011214
452.4	-0.0112764
452.5	-0.0113407
452.6	-0.0114108
452.7	-0.0114891
452.8	-0.0115679
452.9	-0.0116409
453	-0.011711
453.1	-0.0117778
453.2	-0.0118449
453.3	-0.0119058
453.4	-0.0119633
453.5	-0.0120213
453.6	-0.0120807
453.7	-0.0121435
453.8	-0.0122085
453.9	-0.0122721
454	-0.0123387
454.1	-0.0124103
454.2	-0.0124806
454.3	-0.0125466
454.4	-0.0126099
454.5	-0.0126732
454.6	-0.0127349
454.7	-0.0127971
454.8	-0.0128598
454.9	-0.0129226
455	-0.0129813
455.1	-0.0130399
455.2	-0.0130953
455.3	-0.0131493
455.4	-0.0132016
455.5	-0.0132586
455.6	-0.0133157
455.7	-0.0133785
455.8	-0.0134401
455.9	-0.0135011
456	-0.0135627
456.1	-0.0136178
456.2	-0.0136651
456.3	-0.013702
456.4	-0.0137296
456.5	-0.0137582
456.6	-0.0137888
456.7	-0.0138198
456.8	-0.0138528
456.9	-0.0138847
457	-0.0139151
457.1	-0.0139457
457.2	-0.0139792
457.3	-0.0140134
457.4	-0.0140487
457.5	-0.0140874
457.6	-0.0141281
457.7	-0.0141706
457.8	-0.0142094
457.9	-0.0142429
458	-0.0142736
458.1	-0.014302
458.2	-0.0143313
458.3	-0.0143591
458.4	-0.0143911
458.5	-0.0144236
458.6	-0.0144588
458.7	-0.014494
458.8	-0.0145319
458.9	-0.0145699
459	-0.0146066
459.1	-0.0146469
459.2	-0.0146887
459.3	-0.0147332
459.4	-0.014779
459.5	-0.0148208
459.6	-0.0148559
459.7	-0.0148946
459.8	-0.0149306
459.9	-0.014967
460	-0.0150067
460.1	-0.0150437
460.2	-0.0150792
460.3	-0.0151147
460.4	-0.0151541
460.5	-0.0151936
460.6	-0.0152353
460.7	-0.0152796
460.8	-0.0153229
460.9	-0.0153659
461	-0.0154122
461.1	-0.0154618
461.2	-0.0155128
461.3	-0.0155629
461.4	-0.0156129
461.5	-0.0156611
461.6	-0.0157075
461.7	-0.0157553
461.8	-0.015803
461.9	-0.0158532
462	-0.0159041
462.1	-0.0159571
462.2	-0.0160074
462.3	-0.0160554
462.4	-0.0161046
462.5	-0.0161588
462.6	-0.0162191
462.7	-0.016277
462.8	-0.0163277
462.9	-0.0163699
463	-0.0164093
463.1	-0.0164474
463.2	-0.0164799
463.3	-0.0165063
463.4	-0.0165319
463.5	-0.0165599
463.6	-0.0165895
463.7	-0.0166198
463.8	-0.0166477
463.9	-0.0166708
464	-0.0166899
464.1	-0.0167127
464.2	-0.016743
464.3	-0.0167768
464.4	-0.0168109
464.5	-0.0168471
464.6	-0.0168805
464.7	-0.0169128
464.8	-0.0169454
464.9	-0.016988
465	-0.0170337
465.1	-0.0170756
465.2	-0.0171118
465.3	-0.0171478
465.4	-0.0171901
465.5	-0.0172313
465.6	-0.0172727
465.7	-0.0173137
465.8	-0.0173555
465.9	-0.0173938
466	-0.0174312
466.1	-0.0174743
466.2	-0.0175226
466.3	-0.0175708
466.4	-0.0176204
466.5	-0.0176686
466.6	-0.0177193
466.7	-0.0177659
466.8	-0.0178142
466.9	-0.0178669
467	-0.0179164
467.1	-0.017962
467.2	-0.0180071
467.3	-0.0180511
467.4	-0.0180937
467.5	-0.0181358
467.6	-0.0181772
467.7	-0.0182192
467.8	-0.0182612
467.9	-0.0183045
468	-0.018347
468.1	-0.0183858
468.2	-0.0184184
468.3	-0.0184464
468.4	-0.0184691
468.5	-0.0184886
468.6	-0.0185095
468.7	-0.0185311
468.8	-0.0185499
468.9	-0.0185673
469	-0.0185774
469.1	-0.0185856
469.2	-0.0185943
469.3	-0.0186029
469.4	-0.0186161
469.5	-0.0186319
469.6	-0.018651
469.7	-0.0186775
469.8	-0.0187046
469.9	-0.0187272
470	-0.0187523
470.1	-0.018775
470.2	-0.0187946
470.3	-0.0188145
470.4	-0.018833
470.5	-0.0188563
470.6	-0.0188808
470.7	-0.0189043
470.8	-0.0189266
470.9	-0.0189513
471	-0.01898
471.1	-0.0190124
471.2	-0.0190491
471.3	-0.0190922
471.4	-0.0191398
471.5	-0.0191847
471.6	-0.0192293
471.7	-0.0192733
471.8	-0.0193172
471.9	-0.019358
472	-0.0193921
472.1	-0.0194269
472.2	-0.0194633
472.3	-0.0194988
472.4	-0.0195312
472.5	-0.0195667
472.6	-0.0196009
472.7	-0.0196357
472.8	-0.0196672
472.9	-0.0196989
473	-0.0197225
473.1	-0.019744
473.2	-0.0197645
473.3	-0.0197849
473.4	-0.0198008
473.5	-0.0198153
473.6	-0.0198298
473.7	-0.0198472
473.8	-0.0198686
473.9	-0.0198947
474	-0.0199248
474.1	-0.0199615
474.2	-0.0199985
474.3	-0.0200386
474.4	-0.0200824
474.5	-0.0201259
474.6	-0.0201726
474.7	-0.0202204
474.8	-0.0202676
474.9	-0.0203126
475	-0.0203568
475.1	-0.0203996
475.2	-0.0204393
475.3	-0.0204793
475.4	-0.0205222
475.5	-0.0205677
475.6	-0.0206157
475.7	-0.0206653
475.8	-0.0207181
475.9	-0.0207766
476	-0.0208324
476.1	-0.0208891
476.2	-0.0209451
476.3	-0.0209947
476.4	-0.0210388
476.5	-0.0210785
476.6	-0.0211154
476.7	-0.0211519
476.8	-0.0211839
476.9	-0.0212176
477	-0.0212521
477.1	-0.0212864
477.2	-0.0213204
477.3	-0.0213508
477.4	-0.0213797
477.5	-0.0214079
477.6	-0.0214372
477.7	-0.0214617
477.8	-0.0214842
477.9	-0.0215021
478	-0.0215202
478.1	-0.0215396
478.2	-0.0215564
478.3	-0.0215706
478.4	-0.0215799
478.5	-0.021592
478.6	-0.0216034
478.7	-0.0216175
478.8	-0.0216308
478.9	-0.0216433
479	-0.0216537
479.1	-0.0216705
479.2	-0.021693
479.3	-0.0217194
479.4	-0.0217501
479.5	-0.0217792
479.6	-0.0218007
479.7	-0.0218163
479.8	-0.0218315
479.9	-0.0218474
480	-0.0218683
480.1	-0.0218948
480.2	-0.0219243
480.3	-0.0219533
480.4	-0.0219826
480.5	-0.0220144
480.6	-0.0220434
480.7	-0.0220766
480.8	-0.0221118
480.9	-0.0221464
481	-0.0221769
481.1	-0.0222066
481.2	-0.0222337
481.3	-0.0222591
481.4	-0.0222803
481.5	-0.0222968
481.6	-0.022307
481.7	-0.0223138
481.8	-0.0223176
481.9	-0.0223216
482	-0.0223266
482.1	-0.0223292
482.2	-0.0223286
482.3	-0.0223234
482.4	-0.0223167
482.5	-0.0223062
482.6	-0.0222933
482.7	-0.02228
482.8	-0.0222638
482.9	-0.0222479
483	-0.0222352
483.1	-0.0222189
483.2	-0.0221972
483.3	-0.0221774
483.4	-0.0221557
483.5	-0.0221332
483.6	-0.0221112
483.7	-0.0220899
483.8	-0.022071
483.9	-0.0220587
484	-0.0220452
484.1	-0.0220321
484.2	-0.0220146
484.3	-0.0219924
484.4	-0.0219723
484.5	-0.0219529
484.6	-0.0219288
484.7	-0.0218995
484.8	-0.0218673
484.9	-0.0218371
485	-0.0218102
485.1	-0.0217828
485.2	-0.0217547
485.3	-0.0217281
485.4	-0.0216988
485.5	-0.0216643
485.6	-0.0216281
485.7	-0.0215893
485.8	-0.0215555
485.9	-0.0215229
486	-0.0214908
486.1	-0.0214586
486.2	-0.0214284
486.3	-0.0213969
486.4	-0.0213648
486.5	-0.0213354
486.6	-0.0213091
486.7	-0.021288
486.8	-0.0212714
486.9	-0.0212572
487	-0.0212453
487.1	-0.0212336
487.2	-0.0212188
487.3	-0.0212035
487.4	-0.0211885
487.5	-0.0211728
487.6	-0.0211557
487.7	-0.021137
487.8	-0.0211169
487.9	-0.0210979
488	-0.0210835
488.1	-0.0210684
488.2	-0.0210516
488.3	-0.021033
488.4	-0.0210147
488.5	-0.0210003
488.6	-0.0209866
488.7	-0.020972
488.8	-0.0209576
488.9	-0.0209419
489	-0.0209264
489.1	-0.0209112
489.2	-0.0209004
489.3	-0.0208907
489.4	-0.0208789
489.5	-0.0208685
489.6	-0.0208587
489.7	-0.0208497
489.8	-0.0208433
489.9	-0.0208372
490	-0.0208337
490.1	-0.020834
490.2	-0.0208378
490.3	-0.0208482
490.4	-0.020861
490.5	-0.0208735
490.6	-0.0208862
490.7	-0.020899
490.8	-0.0209134
490.9	-0.0209264
491	-0.0209421
491.1	-0.0209608
491.2	-0.0209809
491.3	-0.0210019
491.4	-0.0210221
491.5	-0.0210388
491.6	-0.0210528
491.7	-0.021067
491.8	-0.0210801
491.9	-0.0210954
492	-0.0211098
492.1	-0.0211229
492.2	-0.0211332
492.3	-0.0211424
492.4	-0.0211514
492.5	-0.0211607
492.6	-0.0211685
492.7	-0.0211704
492.8	-0.0211718
492.9	-0.0211746
493	-0.0211858
493.1	-0.0211994
493.2	-0.0212145
493.3	-0.0212291
493.4	-0.0212436
493.5	-0.0212574
493.6	-0.021272
493.7	-0.0212881
493.8	-0.021302
493.9	-0.0213116
494	-0.0213227
494.1	-0.021338
494.2	-0.0213516
494.3	-0.0213698
494.4	-0.0213858
494.5	-0.0213969
494.6	-0.0214038
494.7	-0.0214075
494.8	-0.0214041
494.9	-0.0213953
495	-0.0213852
495.1	-0.0213827
495.2	-0.0213853
495.3	-0.0213903
495.4	-0.0213978
495.5	-0.0214081
495.6	-0.0214214
495.7	-0.0214335
495.8	-0.0214428
495.9	-0.0214531
496	-0.0214639
496.1	-0.0214683
496.2	-0.0214715
496.3	-0.021475
496.4	-0.0214852
496.5	-0.0214927
496.6	-0.0215017
496.7	-0.0215075
496.8	-0.0215156
496.9	-0.0215259
497	-0.021535
497.1	-0.021543
497.2	-0.0215484
497.3	-0.0215546
497.4	-0.0215613
497.5	-0.0215673
497.6	-0.021572
497.7	-0.0215783
497.8	-0.0215822
497.9	-0.0215783
498	-0.0215702
498.1	-0.0215568
498.2	-0.0215379
498.3	-0.0215133
498.4	-0.0214886
498.5	-0.0214651
498.6	-0.0214482
498.7	-0.0214312
498.8	-0.0214174
498.9	-0.0214082
499	-0.0214026
499.1	-0.0213986
499.2	-0.0213921
499.3	-0.0213857
499.4	-0.0213819
499.5	-0.0213825
499.6	-0.021386
499.7	-0.0213865
499.8	-0.0213849
499.9	-0.0213842
500	-0.021374
