LagTime	Correlation

0	1.60336
0.1	1.59834
0.2	1.59085
0.3	1.58279
0.4	1.57464
0.5	1.56651
0.6	1.55845
0.7	1.55045
0.8	1.54252
0.9	1.53466
1	1.52687
1.1	1.51914
1.2	1.51148
1.3	1.50388
1.4	1.49634
1.5	1.48887
1.6	1.48146
1.7	1.47412
1.8	1.46684
1.9	1.45962
2	1.45245
2.1	1.44534
2.2	1.43829
2.3	1.4313
2.4	1.42436
2.5	1.41747
2.6	1.41063
2.7	1.40383
2.8	1.3971
2.9	1.39041
3	1.38379
3.1	1.37721
3.2	1.3707
3.3	1.36424
3.4	1.35784
3.5	1.35148
3.6	1.34518
3.7	1.33892
3.8	1.33272
3.9	1.32656
4	1.32045
4.1	1.31438
4.2	1.30836
4.3	1.30239
4.4	1.29645
4.5	1.29056
4.6	1.28471
4.7	1.2789
4.8	1.27314
4.9	1.26741
5	1.26172
5.1	1.25607
5.2	1.25046
5.3	1.24488
5.4	1.23935
5.5	1.23385
5.6	1.22839
5.7	1.22297
5.8	1.21759
5.9	1.21225
6	1.20696
6.1	1.20169
6.2	1.19647
6.3	1.19128
6.4	1.18614
6.5	1.18104
6.6	1.17599
6.7	1.17097
6.8	1.16599
6.9	1.16104
7	1.15613
7.1	1.15126
7.2	1.14643
7.3	1.14164
7.4	1.13687
7.5	1.13214
7.6	1.12746
7.7	1.1228
7.8	1.11819
7.9	1.1136
8	1.10904
8.1	1.10451
8.2	1.10001
8.3	1.09554
8.4	1.09109
8.5	1.08668
8.6	1.08229
8.7	1.07793
8.8	1.07359
8.9	1.06929
9	1.06501
9.1	1.06077
9.2	1.05656
9.3	1.05238
9.4	1.04823
9.5	1.04411
9.6	1.04002
9.7	1.03596
9.8	1.03193
9.9	1.02793
10	1.02396
10.1	1.02001
10.2	1.0161
10.3	1.01221
10.4	1.00834
10.5	1.0045
10.6	1.00068
10.7	0.996884
10.8	0.993112
10.9	0.989365
11	0.985643
11.1	0.981945
11.2	0.978275
11.3	0.974626
11.4	0.971001
11.5	0.967394
11.6	0.963803
11.7	0.96023
11.8	0.95668
11.9	0.953154
12	0.94965
12.1	0.946168
12.2	0.942707
12.3	0.939267
12.4	0.935847
12.5	0.932443
12.6	0.929058
12.7	0.92569
12.8	0.922337
12.9	0.919005
13	0.915697
13.1	0.912406
13.2	0.90913
13.3	0.90587
13.4	0.902633
13.5	0.899413
13.6	0.896206
13.7	0.893014
13.8	0.889835
13.9	0.886673
14	0.88353
14.1	0.88041
14.2	0.877313
14.3	0.874237
14.4	0.871173
14.5	0.868121
14.6	0.865078
14.7	0.862046
14.8	0.859022
14.9	0.856009
15	0.853007
15.1	0.850021
15.2	0.847049
15.3	0.844093
15.4	0.84116
15.5	0.83825
15.6	0.835362
15.7	0.832485
15.8	0.829618
15.9	0.826771
16	0.823942
16.1	0.821133
16.2	0.818343
16.3	0.815568
16.4	0.81281
16.5	0.81007
16.6	0.807345
16.7	0.804642
16.8	0.801957
16.9	0.799285
17	0.796631
17.1	0.793991
17.2	0.791362
17.3	0.788745
17.4	0.786141
17.5	0.783554
17.6	0.780981
17.7	0.778418
17.8	0.775867
17.9	0.773329
18	0.770804
18.1	0.768291
18.2	0.765791
18.3	0.763297
18.4	0.760813
18.5	0.758339
18.6	0.755879
18.7	0.753433
18.8	0.750998
18.9	0.748576
19	0.746164
19.1	0.743761
19.2	0.741365
19.3	0.73898
19.4	0.736609
19.5	0.734253
19.6	0.731913
19.7	0.729589
19.8	0.72728
19.9	0.724983
20	0.722697
20.1	0.720418
20.2	0.718149
20.3	0.715893
20.4	0.713646
20.5	0.711411
20.6	0.709182
20.7	0.706966
20.8	0.704764
20.9	0.702574
21	0.700397
21.1	0.698231
21.2	0.696081
21.3	0.693942
21.4	0.691815
21.5	0.689696
21.6	0.687589
21.7	0.685494
21.8	0.683405
21.9	0.681322
22	0.679248
22.1	0.677179
22.2	0.675115
22.3	0.673061
22.4	0.671016
22.5	0.668987
22.6	0.666972
22.7	0.664972
22.8	0.662983
22.9	0.661001
23	0.659028
23.1	0.657058
23.2	0.655094
23.3	0.653135
23.4	0.651179
23.5	0.649231
23.6	0.64729
23.7	0.645356
23.8	0.643431
23.9	0.641513
24	0.639602
24.1	0.6377
24.2	0.635803
24.3	0.633914
24.4	0.632028
24.5	0.630149
24.6	0.628283
24.7	0.626425
24.8	0.624579
24.9	0.622741
25	0.620907
25.1	0.619079
25.2	0.617259
25.3	0.61545
25.4	0.613655
25.5	0.611869
25.6	0.610095
25.7	0.608335
25.8	0.606591
25.9	0.604861
26	0.603137
26.1	0.601414
26.2	0.5997
26.3	0.59799
26.4	0.596285
26.5	0.594592
26.6	0.592911
26.7	0.591241
26.8	0.589574
26.9	0.587905
27	0.586241
27.1	0.584587
27.2	0.582938
27.3	0.581295
27.4	0.579656
27.5	0.578019
27.6	0.576387
27.7	0.574765
27.8	0.573149
27.9	0.571538
28	0.569934
28.1	0.568336
28.2	0.566745
28.3	0.565164
28.4	0.563588
28.5	0.562022
28.6	0.560462
28.7	0.558908
28.8	0.557359
28.9	0.555817
29	0.554277
29.1	0.55274
29.2	0.551207
29.3	0.549677
29.4	0.54815
29.5	0.546632
29.6	0.545127
29.7	0.543631
29.8	0.542145
29.9	0.540666
30	0.539189
30.1	0.537716
30.2	0.536248
30.3	0.534784
30.4	0.533326
30.5	0.531873
30.6	0.530428
30.7	0.528986
30.8	0.527548
30.9	0.526114
31	0.524683
31.1	0.523261
31.2	0.521849
31.3	0.520441
31.4	0.519044
31.5	0.517651
31.6	0.516263
31.7	0.514883
31.8	0.513508
31.9	0.512143
32	0.510782
32.1	0.509428
32.2	0.508085
32.3	0.506756
32.4	0.505437
32.5	0.504125
32.6	0.50282
32.7	0.501524
32.8	0.500237
32.9	0.498954
33	0.497672
33.1	0.496396
33.2	0.495128
33.3	0.493866
33.4	0.492608
33.5	0.491352
33.6	0.490095
33.7	0.488841
33.8	0.48759
33.9	0.486339
34	0.485091
34.1	0.483843
34.2	0.482597
34.3	0.481359
34.4	0.480128
34.5	0.478901
34.6	0.477679
34.7	0.476464
34.8	0.47525
34.9	0.474038
35	0.472832
35.1	0.471636
35.2	0.470446
35.3	0.469266
35.4	0.468094
35.5	0.466929
35.6	0.465767
35.7	0.464611
35.8	0.463458
35.9	0.462307
36	0.461156
36.1	0.460011
36.2	0.458868
36.3	0.457727
36.4	0.456586
36.5	0.455444
36.6	0.454301
36.7	0.453164
36.8	0.452034
36.9	0.450907
37	0.44978
37.1	0.448655
37.2	0.447539
37.3	0.446427
37.4	0.445322
37.5	0.444222
37.6	0.443125
37.7	0.442033
37.8	0.440944
37.9	0.439857
38	0.438774
38.1	0.437698
38.2	0.436631
38.3	0.435564
38.4	0.434496
38.5	0.43343
38.6	0.432368
38.7	0.43131
38.8	0.430254
38.9	0.429201
39	0.428151
39.1	0.427101
39.2	0.426055
39.3	0.425012
39.4	0.423967
39.5	0.422922
39.6	0.421881
39.7	0.42085
39.8	0.419831
39.9	0.418818
40	0.417809
40.1	0.416801
40.2	0.415799
40.3	0.414796
40.4	0.413793
40.5	0.412791
40.6	0.411792
40.7	0.410792
40.8	0.409796
40.9	0.408801
41	0.407807
41.1	0.406811
41.2	0.405814
41.3	0.404816
41.4	0.403819
41.5	0.402825
41.6	0.40183
41.7	0.400832
41.8	0.399835
41.9	0.398838
42	0.397845
42.1	0.396861
42.2	0.395884
42.3	0.394912
42.4	0.393944
42.5	0.392976
42.6	0.392012
42.7	0.391047
42.8	0.390086
42.9	0.389129
43	0.388175
43.1	0.387219
43.2	0.386262
43.3	0.385301
43.4	0.38434
43.5	0.383381
43.6	0.382421
43.7	0.381468
43.8	0.380518
43.9	0.379572
44	0.378626
44.1	0.377683
44.2	0.376744
44.3	0.375808
44.4	0.374874
44.5	0.373944
44.6	0.373018
44.7	0.372091
44.8	0.371164
44.9	0.37024
45	0.36932
45.1	0.3684
45.2	0.36748
45.3	0.366563
45.4	0.36565
45.5	0.364742
45.6	0.363843
45.7	0.362944
45.8	0.362048
45.9	0.361154
46	0.360266
46.1	0.359385
46.2	0.358507
46.3	0.357636
46.4	0.356776
46.5	0.355925
46.6	0.35508
46.7	0.354238
46.8	0.3534
46.9	0.352564
47	0.351729
47.1	0.350896
47.2	0.35006
47.3	0.349219
47.4	0.348377
47.5	0.347538
47.6	0.346701
47.7	0.345867
47.8	0.345039
47.9	0.344211
48	0.343384
48.1	0.342557
48.2	0.341732
48.3	0.340905
48.4	0.34008
48.5	0.339255
48.6	0.338429
48.7	0.337604
48.8	0.336776
48.9	0.335944
49	0.335111
49.1	0.33428
49.2	0.333447
49.3	0.332616
49.4	0.331786
49.5	0.33096
49.6	0.330135
49.7	0.329309
49.8	0.32848
49.9	0.327649
50	0.326817
50.1	0.325987
50.2	0.325164
50.3	0.324346
50.4	0.323538
50.5	0.322737
50.6	0.321938
50.7	0.321141
50.8	0.320343
50.9	0.319549
51	0.318762
51.1	0.317979
51.2	0.317204
51.3	0.316431
51.4	0.315661
51.5	0.314888
51.6	0.314113
51.7	0.313337
51.8	0.312562
51.9	0.311788
52	0.311016
52.1	0.310242
52.2	0.309472
52.3	0.308703
52.4	0.307933
52.5	0.307166
52.6	0.306401
52.7	0.305637
52.8	0.304879
52.9	0.304125
53	0.303375
53.1	0.302624
53.2	0.301872
53.3	0.301119
53.4	0.300367
53.5	0.299619
53.6	0.298873
53.7	0.298127
53.8	0.297385
53.9	0.296646
54	0.295909
54.1	0.295171
54.2	0.294432
54.3	0.293689
54.4	0.292944
54.5	0.2922
54.6	0.291455
54.7	0.290719
54.8	0.289988
54.9	0.289255
55	0.28852
55.1	0.28779
55.2	0.287064
55.3	0.286337
55.4	0.285609
55.5	0.284886
55.6	0.284168
55.7	0.283455
55.8	0.282742
55.9	0.282032
56	0.281328
56.1	0.280625
56.2	0.279924
56.3	0.279223
56.4	0.278525
56.5	0.277826
56.6	0.277125
56.7	0.276426
56.8	0.275732
56.9	0.275042
57	0.274355
57.1	0.273666
57.2	0.272974
57.3	0.272279
57.4	0.271587
57.5	0.270899
57.6	0.27021
57.7	0.269522
57.8	0.268839
57.9	0.268159
58	0.267479
58.1	0.266803
58.2	0.266129
58.3	0.265456
58.4	0.264785
58.5	0.264119
58.6	0.26346
58.7	0.262804
58.8	0.262148
58.9	0.26149
59	0.260827
59.1	0.260167
59.2	0.259512
59.3	0.258858
59.4	0.258209
59.5	0.257564
59.6	0.25692
59.7	0.256274
59.8	0.255627
59.9	0.254978
60	0.254331
60.1	0.253687
60.2	0.253041
60.3	0.2524
60.4	0.251768
60.5	0.251148
60.6	0.250531
60.7	0.249913
60.8	0.249294
60.9	0.248683
61	0.248079
61.1	0.247477
61.2	0.246876
61.3	0.246277
61.4	0.245684
61.5	0.2451
61.6	0.244516
61.7	0.243936
61.8	0.243356
61.9	0.242772
62	0.242182
62.1	0.241595
62.2	0.24101
62.3	0.240429
62.4	0.239846
62.5	0.23926
62.6	0.238669
62.7	0.238081
62.8	0.237493
62.9	0.236905
63	0.236322
63.1	0.235742
63.2	0.235167
63.3	0.234596
63.4	0.23403
63.5	0.233465
63.6	0.232902
63.7	0.232339
63.8	0.231776
63.9	0.231218
64	0.23066
64.1	0.230101
64.2	0.229541
64.3	0.228982
64.4	0.228415
64.5	0.227841
64.6	0.227264
64.7	0.226685
64.8	0.226107
64.9	0.225529
65	0.224954
65.1	0.22438
65.2	0.223806
65.3	0.223231
65.4	0.222656
65.5	0.22208
65.6	0.221501
65.7	0.220925
65.8	0.220355
65.9	0.219786
66	0.219217
66.1	0.218646
66.2	0.218075
66.3	0.21751
66.4	0.216952
66.5	0.2164
66.6	0.215847
66.7	0.215298
66.8	0.214756
66.9	0.214216
67	0.213676
67.1	0.21314
67.2	0.212607
67.3	0.212085
67.4	0.211569
67.5	0.211056
67.6	0.210547
67.7	0.210039
67.8	0.209531
67.9	0.209019
68	0.208507
68.1	0.207998
68.2	0.207492
68.3	0.206981
68.4	0.206465
68.5	0.205951
68.6	0.205436
68.7	0.204923
68.8	0.204414
68.9	0.203911
69	0.20342
69.1	0.202939
69.2	0.202462
69.3	0.20199
69.4	0.201526
69.5	0.201068
69.6	0.200616
69.7	0.200175
69.8	0.199736
69.9	0.199304
70	0.198877
70.1	0.198458
70.2	0.19804
70.3	0.197625
70.4	0.197211
70.5	0.196799
70.6	0.196388
70.7	0.195972
70.8	0.195557
70.9	0.195144
71	0.194736
71.1	0.194329
71.2	0.19392
71.3	0.193512
71.4	0.193102
71.5	0.192691
71.6	0.19228
71.7	0.191874
71.8	0.191478
71.9	0.191082
72	0.19069
72.1	0.190302
72.2	0.189922
72.3	0.189544
72.4	0.189164
72.5	0.188782
72.6	0.188398
72.7	0.188007
72.8	0.18761
72.9	0.187211
73	0.186818
73.1	0.186431
73.2	0.18605
73.3	0.185671
73.4	0.185292
73.5	0.184913
73.6	0.184535
73.7	0.184157
73.8	0.183779
73.9	0.183399
74	0.183014
74.1	0.182624
74.2	0.182236
74.3	0.181847
74.4	0.181455
74.5	0.181065
74.6	0.180679
74.7	0.180301
74.8	0.179929
74.9	0.179562
75	0.179195
75.1	0.178828
75.2	0.178458
75.3	0.178081
75.4	0.177703
75.5	0.177323
75.6	0.17694
75.7	0.176554
75.8	0.176162
75.9	0.175763
76	0.175362
76.1	0.174961
76.2	0.174559
76.3	0.17416
76.4	0.173764
76.5	0.173364
76.6	0.172963
76.7	0.172558
76.8	0.172149
76.9	0.171747
77	0.171347
77.1	0.170952
77.2	0.17056
77.3	0.170169
77.4	0.169778
77.5	0.169388
77.6	0.168999
77.7	0.168612
77.8	0.168225
77.9	0.167836
78	0.167456
78.1	0.167078
78.2	0.1667
78.3	0.166326
78.4	0.165951
78.5	0.165573
78.6	0.165192
78.7	0.164807
78.8	0.164426
78.9	0.164049
79	0.163675
79.1	0.163301
79.2	0.162921
79.3	0.162538
79.4	0.162159
79.5	0.161784
79.6	0.16141
79.7	0.161035
79.8	0.160661
79.9	0.160295
80	0.159932
80.1	0.159569
80.2	0.159205
80.3	0.158845
80.4	0.158485
80.5	0.158132
80.6	0.157785
80.7	0.157441
80.8	0.157099
80.9	0.156757
81	0.156415
81.1	0.15607
81.2	0.155724
81.3	0.155375
81.4	0.155029
81.5	0.154684
81.6	0.154338
81.7	0.153988
81.8	0.153634
81.9	0.153283
82	0.152936
82.1	0.15259
82.2	0.152241
82.3	0.151888
82.4	0.151533
82.5	0.151179
82.6	0.150829
82.7	0.150483
82.8	0.150137
82.9	0.149792
83	0.149445
83.1	0.149099
83.2	0.148756
83.3	0.148416
83.4	0.148077
83.5	0.147739
83.6	0.147405
83.7	0.147076
83.8	0.146749
83.9	0.146419
84	0.146093
84.1	0.145773
84.2	0.14546
84.3	0.145143
84.4	0.144821
84.5	0.144502
84.6	0.144188
84.7	0.143875
84.8	0.143559
84.9	0.143241
85	0.142917
85.1	0.142591
85.2	0.142264
85.3	0.141934
85.4	0.141607
85.5	0.141287
85.6	0.140969
85.7	0.140651
85.8	0.140333
85.9	0.140012
86	0.139692
86.1	0.139371
86.2	0.13905
86.3	0.13873
86.4	0.138409
86.5	0.138092
86.6	0.137775
86.7	0.137456
86.8	0.137136
86.9	0.136817
87	0.1365
87.1	0.136186
87.2	0.135878
87.3	0.135573
87.4	0.135275
87.5	0.134983
87.6	0.134699
87.7	0.134423
87.8	0.134151
87.9	0.133885
88	0.133618
88.1	0.133352
88.2	0.133088
88.3	0.132821
88.4	0.132554
88.5	0.132289
88.6	0.132021
88.7	0.131748
88.8	0.131475
88.9	0.1312
89	0.130926
89.1	0.130651
89.2	0.130378
89.3	0.130107
89.4	0.129839
89.5	0.129574
89.6	0.129315
89.7	0.129052
89.8	0.128786
89.9	0.128518
90	0.12825
90.1	0.127984
90.2	0.127718
90.3	0.127454
90.4	0.127193
90.5	0.126937
90.6	0.126681
90.7	0.126421
90.8	0.126161
90.9	0.125894
91	0.125626
91.1	0.125359
91.2	0.125093
91.3	0.124831
91.4	0.124571
91.5	0.124312
91.6	0.124053
91.7	0.123798
91.8	0.123541
91.9	0.123283
92	0.123021
92.1	0.122762
92.2	0.122505
92.3	0.122245
92.4	0.121981
92.5	0.121721
92.6	0.121464
92.7	0.12121
92.8	0.120957
92.9	0.120708
93	0.12046
93.1	0.120211
93.2	0.119962
93.3	0.119717
93.4	0.119476
93.5	0.119236
93.6	0.118995
93.7	0.118752
93.8	0.11851
93.9	0.118268
94	0.118026
94.1	0.117789
94.2	0.117557
94.3	0.117325
94.4	0.117092
94.5	0.116861
94.6	0.116635
94.7	0.116412
94.8	0.116195
94.9	0.115979
95	0.115757
95.1	0.115535
95.2	0.115309
95.3	0.11508
95.4	0.114847
95.5	0.114607
95.6	0.11436
95.7	0.114116
95.8	0.113873
95.9	0.113631
96	0.113387
96.1	0.113142
96.2	0.112899
96.3	0.112659
96.4	0.112423
96.5	0.112183
96.6	0.111945
96.7	0.111709
96.8	0.111475
96.9	0.111244
97	0.111021
97.1	0.110803
97.2	0.110585
97.3	0.110371
97.4	0.110157
97.5	0.109945
97.6	0.109729
97.7	0.109514
97.8	0.109298
97.9	0.109082
98	0.108867
98.1	0.108647
98.2	0.108424
98.3	0.108204
98.4	0.107983
98.5	0.107761
98.6	0.107544
98.7	0.107327
98.8	0.107117
98.9	0.106908
99	0.106704
99.1	0.106504
99.2	0.106302
99.3	0.106097
99.4	0.105892
99.5	0.105689
99.6	0.105489
99.7	0.105295
99.8	0.105101
99.9	0.104906
100	0.104705
100.1	0.104505
100.2	0.104306
100.3	0.104105
100.4	0.103902
100.5	0.103695
100.6	0.103482
100.7	0.103268
100.8	0.10305
100.9	0.102832
101	0.102614
101.1	0.102393
101.2	0.102167
101.3	0.101938
101.4	0.101707
101.5	0.101475
101.6	0.10124
101.7	0.100997
101.8	0.100755
101.9	0.100513
102	0.100273
102.1	0.100033
102.2	0.0997956
102.3	0.0995581
102.4	0.0993252
102.5	0.0990998
102.6	0.0988762
102.7	0.0986538
102.8	0.098432
102.9	0.098208
103	0.0979796
103.1	0.0977491
103.2	0.0975217
103.3	0.097297
103.4	0.0970653
103.5	0.0968355
103.6	0.0966053
103.7	0.0963755
103.8	0.0961417
103.9	0.0959059
104	0.095669
104.1	0.095427
104.2	0.0951809
104.3	0.0949316
104.4	0.0946738
104.5	0.0944144
104.6	0.094155
104.7	0.0938941
104.8	0.0936275
104.9	0.0933588
105	0.0930875
105.1	0.0928129
105.2	0.092535
105.3	0.0922505
105.4	0.0919668
105.5	0.0916838
105.6	0.0914012
105.7	0.0911205
105.8	0.0908391
105.9	0.0905519
106	0.0902582
106.1	0.0899625
106.2	0.089668
106.3	0.089375
106.4	0.0890842
106.5	0.0887944
106.6	0.0885077
106.7	0.0882186
106.8	0.0879279
106.9	0.087635
107	0.0873451
107.1	0.0870567
107.2	0.0867727
107.3	0.0864911
107.4	0.0862138
107.5	0.0859364
107.6	0.0856644
107.7	0.0853957
107.8	0.0851264
107.9	0.0848576
108	0.0845907
108.1	0.084323
108.2	0.0840551
108.3	0.083785
108.4	0.0835128
108.5	0.0832389
108.6	0.0829608
108.7	0.0826777
108.8	0.0823926
108.9	0.0821106
109	0.0818302
109.1	0.0815468
109.2	0.0812619
109.3	0.0809772
109.4	0.0806951
109.5	0.0804186
109.6	0.0801415
109.7	0.0798615
109.8	0.0795774
109.9	0.0792941
110	0.0790107
110.1	0.0787299
110.2	0.0784494
110.3	0.0781711
110.4	0.0778933
110.5	0.0776203
110.6	0.0773465
110.7	0.0770651
110.8	0.0767817
110.9	0.0764981
111	0.0762132
111.1	0.0759352
111.2	0.0756585
111.3	0.0753885
111.4	0.0751227
111.5	0.0748579
111.6	0.0745894
111.7	0.0743243
111.8	0.0740623
111.9	0.073801
112	0.0735411
112.1	0.0732778
112.2	0.0730158
112.3	0.0727571
112.4	0.0724975
112.5	0.0722355
112.6	0.071974
112.7	0.0717182
112.8	0.0714643
112.9	0.0712139
113	0.0709671
113.1	0.0707259
113.2	0.0704893
113.3	0.0702506
113.4	0.0700058
113.5	0.0697586
113.6	0.0695097
113.7	0.0692627
113.8	0.0690184
113.9	0.0687772
114	0.0685387
114.1	0.0682991
114.2	0.0680576
114.3	0.0678181
114.4	0.0675816
114.5	0.0673446
114.6	0.0671088
114.7	0.0668734
114.8	0.0666345
114.9	0.0663994
115	0.066161
115.1	0.065924
115.2	0.065685
115.3	0.0654503
115.4	0.0652201
115.5	0.0649901
115.6	0.0647605
115.7	0.0645355
115.8	0.064314
115.9	0.0640947
116	0.0638764
116.1	0.0636588
116.2	0.06344
116.3	0.0632219
116.4	0.063004
116.5	0.0627869
116.6	0.0625727
116.7	0.0623578
116.8	0.0621465
116.9	0.0619329
117	0.0617154
117.1	0.0615026
117.2	0.061291
117.3	0.0610869
117.4	0.0608885
117.5	0.060695
117.6	0.060502
117.7	0.0603098
117.8	0.0601145
117.9	0.0599147
118	0.0597137
118.1	0.0595104
118.2	0.0593072
118.3	0.059104
118.4	0.0589009
118.5	0.0587014
118.6	0.0585008
118.7	0.0582982
118.8	0.0580907
118.9	0.0578789
119	0.0576683
119.1	0.0574607
119.2	0.0572572
119.3	0.0570552
119.4	0.0568573
119.5	0.0566629
119.6	0.0564699
119.7	0.0562762
119.8	0.0560773
119.9	0.0558725
120	0.0556685
120.1	0.0554644
120.2	0.0552615
120.3	0.0550589
120.4	0.054857
120.5	0.0546518
120.6	0.0544465
120.7	0.0542452
120.8	0.0540463
120.9	0.0538512
121	0.0536578
121.1	0.0534609
121.2	0.0532601
121.3	0.0530601
121.4	0.052866
121.5	0.0526731
121.6	0.0524839
121.7	0.052303
121.8	0.0521262
121.9	0.0519538
122	0.0517853
122.1	0.0516165
122.2	0.0514472
122.3	0.0512795
122.4	0.0511142
122.5	0.0509543
122.6	0.050799
122.7	0.0506449
122.8	0.0504933
122.9	0.0503425
123	0.0501928
123.1	0.0500389
123.2	0.049883
123.3	0.0497229
123.4	0.049561
123.5	0.0493984
123.6	0.0492385
123.7	0.0490838
123.8	0.0489361
123.9	0.0487922
124	0.0486574
124.1	0.0485278
124.2	0.0484012
124.3	0.0482771
124.4	0.0481526
124.5	0.0480263
124.6	0.0478981
124.7	0.0477644
124.8	0.0476319
124.9	0.0474979
125	0.0473656
125.1	0.0472339
125.2	0.0471043
125.3	0.0469762
125.4	0.046848
125.5	0.0467197
125.6	0.0465859
125.7	0.0464487
125.8	0.0463128
125.9	0.0461795
126	0.046046
126.1	0.0459106
126.2	0.0457798
126.3	0.0456481
126.4	0.0455143
126.5	0.0453813
126.6	0.0452489
126.7	0.0451124
126.8	0.0449766
126.9	0.0448363
127	0.0446963
127.1	0.0445558
127.2	0.0444163
127.3	0.0442765
127.4	0.0441394
127.5	0.044003
127.6	0.0438691
127.7	0.0437369
127.8	0.0436039
127.9	0.0434732
128	0.0433488
128.1	0.0432285
128.2	0.043112
128.3	0.0429915
128.4	0.0428693
128.5	0.0427513
128.6	0.0426373
128.7	0.0425269
128.8	0.0424223
128.9	0.0423169
129	0.0422126
129.1	0.042111
129.2	0.0420128
129.3	0.0419139
129.4	0.0418179
129.5	0.0417208
129.6	0.0416253
129.7	0.0415271
129.8	0.0414275
129.9	0.0413205
130	0.0412123
130.1	0.0410953
130.2	0.0409736
130.3	0.0408493
130.4	0.0407222
130.5	0.0405977
130.6	0.040476
130.7	0.0403519
130.8	0.0402277
130.9	0.0401034
131	0.0399762
131.1	0.0398484
131.2	0.0397215
131.3	0.0395901
131.4	0.0394614
131.5	0.0393376
131.6	0.0392168
131.7	0.0391007
131.8	0.0389937
131.9	0.0388986
132	0.0388185
132.1	0.038744
132.2	0.038669
132.3	0.0385895
132.4	0.0385103
132.5	0.0384263
132.6	0.0383412
132.7	0.0382602
132.8	0.0381787
132.9	0.0380908
133	0.038001
133.1	0.0379142
133.2	0.0378325
133.3	0.0377507
133.4	0.0376672
133.5	0.0375882
133.6	0.0375086
133.7	0.0374251
133.8	0.037342
133.9	0.0372606
134	0.037181
134.1	0.0371014
134.2	0.0370241
134.3	0.0369477
134.4	0.0368696
134.5	0.0367912
134.6	0.0367187
134.7	0.0366458
134.8	0.0365703
134.9	0.0364904
135	0.0364085
135.1	0.0363319
135.2	0.0362553
135.3	0.0361763
135.4	0.0360986
135.5	0.0360201
135.6	0.0359446
135.7	0.035865
135.8	0.0357828
135.9	0.0356993
136	0.0356132
136.1	0.0355276
136.2	0.035442
136.3	0.0353567
136.4	0.035273
136.5	0.0351906
136.6	0.0351072
136.7	0.0350269
136.8	0.0349489
136.9	0.0348694
137	0.0347883
137.1	0.034706
137.2	0.0346262
137.3	0.0345502
137.4	0.0344822
137.5	0.034415
137.6	0.0343545
137.7	0.0343007
137.8	0.0342486
137.9	0.0341979
138	0.0341558
138.1	0.0341191
138.2	0.0340851
138.3	0.0340516
138.4	0.0340239
138.5	0.0339954
138.6	0.0339676
138.7	0.0339363
138.8	0.0339043
138.9	0.0338673
139	0.0338293
139.1	0.0337929
139.2	0.0337574
139.3	0.033718
139.4	0.0336791
139.5	0.0336401
139.6	0.0336009
139.7	0.0335601
139.8	0.0335215
139.9	0.0334834
140	0.0334398
140.1	0.0333889
140.2	0.0333355
140.3	0.0332857
140.4	0.0332367
140.5	0.0331859
140.6	0.0331289
140.7	0.0330649
140.8	0.0329924
140.9	0.0329177
141	0.0328473
141.1	0.0327792
141.2	0.0327117
141.3	0.0326454
141.4	0.0325735
141.5	0.0325002
141.6	0.0324262
141.7	0.0323559
141.8	0.0322867
141.9	0.0322191
142	0.0321513
142.1	0.0320812
142.2	0.0320092
142.3	0.0319339
142.4	0.0318561
142.5	0.0317745
142.6	0.0316902
142.7	0.0316068
142.8	0.0315234
142.9	0.0314344
143	0.0313386
143.1	0.0312404
143.2	0.0311435
143.3	0.0310467
143.4	0.0309458
143.5	0.0308452
143.6	0.0307428
143.7	0.0306352
143.8	0.0305268
143.9	0.0304141
144	0.0302954
144.1	0.0301781
144.2	0.0300624
144.3	0.029951
144.4	0.0298427
144.5	0.0297379
144.6	0.0296359
144.7	0.0295333
144.8	0.0294318
144.9	0.0293333
145	0.0292439
145.1	0.0291581
145.2	0.0290683
145.3	0.028969
145.4	0.028864
145.5	0.0287553
145.6	0.0286468
145.7	0.028543
145.8	0.0284472
145.9	0.0283533
146	0.0282603
146.1	0.0281661
146.2	0.0280679
146.3	0.0279684
146.4	0.0278753
146.5	0.0277778
146.6	0.0276787
146.7	0.0275776
146.8	0.0274712
146.9	0.0273636
147	0.0272572
147.1	0.0271489
147.2	0.0270405
147.3	0.0269329
147.4	0.0268306
147.5	0.0267287
147.6	0.0266263
147.7	0.0265213
147.8	0.0264161
147.9	0.0263061
148	0.0261913
148.1	0.026072
148.2	0.0259526
148.3	0.0258288
148.4	0.0257058
148.5	0.0255821
148.6	0.0254583
148.7	0.0253343
148.8	0.0252093
148.9	0.0250821
149	0.0249538
149.1	0.0248242
149.2	0.0246985
149.3	0.0245798
149.4	0.0244718
149.5	0.0243623
149.6	0.0242562
149.7	0.0241536
149.8	0.0240583
149.9	0.0239621
150	0.0238665
150.1	0.0237747
150.2	0.0236887
150.3	0.0236042
150.4	0.0235211
150.5	0.0234351
150.6	0.0233462
150.7	0.0232538
150.8	0.0231639
150.9	0.0230804
151	0.0230009
151.1	0.0229247
151.2	0.0228473
151.3	0.0227733
151.4	0.0226951
151.5	0.0226103
151.6	0.0225216
151.7	0.022428
151.8	0.0223306
151.9	0.0222359
152	0.022143
152.1	0.0220513
152.2	0.0219609
152.3	0.0218686
152.4	0.0217781
152.5	0.0216935
152.6	0.0216126
152.7	0.0215341
152.8	0.0214563
152.9	0.0213818
153	0.0213127
153.1	0.0212478
153.2	0.0211867
153.3	0.0211269
153.4	0.0210651
153.5	0.021004
153.6	0.020943
153.7	0.0208837
153.8	0.0208185
153.9	0.0207491
154	0.0206771
154.1	0.0206043
154.2	0.0205284
154.3	0.020451
154.4	0.0203725
154.5	0.020292
154.6	0.0202114
154.7	0.0201336
154.8	0.0200533
154.9	0.0199706
155	0.0198831
155.1	0.019787
155.2	0.0196897
155.3	0.0195954
155.4	0.019503
155.5	0.0194165
155.6	0.0193335
155.7	0.0192525
155.8	0.0191739
155.9	0.0190955
156	0.0190189
156.1	0.0189406
156.2	0.0188615
156.3	0.0187875
156.4	0.0187099
156.5	0.0186294
156.6	0.0185487
156.7	0.0184698
156.8	0.0183911
156.9	0.0183129
157	0.0182323
157.1	0.0181554
157.2	0.0180828
157.3	0.0180167
157.4	0.0179521
157.5	0.0178861
157.6	0.0178158
157.7	0.0177395
157.8	0.0176633
157.9	0.0175937
158	0.0175277
158.1	0.0174615
158.2	0.0173946
158.3	0.0173256
158.4	0.0172573
158.5	0.0171834
158.6	0.0171078
158.7	0.0170346
158.8	0.0169611
158.9	0.0168856
159	0.0168126
159.1	0.0167379
159.2	0.0166584
159.3	0.0165764
159.4	0.016493
159.5	0.0164109
159.6	0.0163282
159.7	0.0162456
159.8	0.0161666
159.9	0.0160937
160	0.0160213
160.1	0.015948
160.2	0.0158745
160.3	0.0157966
160.4	0.015719
160.5	0.0156439
160.6	0.0155784
160.7	0.0155189
160.8	0.0154614
160.9	0.0154085
161	0.0153656
161.1	0.0153253
161.2	0.0152839
161.3	0.0152373
161.4	0.0151893
161.5	0.0151455
161.6	0.0151044
161.7	0.0150668
161.8	0.0150326
161.9	0.0149951
162	0.0149523
162.1	0.0149128
162.2	0.014876
162.3	0.0148428
162.4	0.0148098
162.5	0.0147785
162.6	0.0147471
162.7	0.0147213
162.8	0.0147029
162.9	0.0146864
163	0.0146713
163.1	0.0146508
163.2	0.0146304
163.3	0.0146165
163.4	0.0146097
163.5	0.0146034
163.6	0.014597
163.7	0.0145924
163.8	0.0145828
163.9	0.0145739
164	0.0145676
164.1	0.0145616
164.2	0.0145564
164.3	0.0145497
164.4	0.0145415
164.5	0.0145323
164.6	0.0145256
164.7	0.0145163
164.8	0.0145023
164.9	0.0144847
165	0.0144687
165.1	0.0144515
165.2	0.0144328
165.3	0.0144111
165.4	0.0143883
165.5	0.0143639
165.6	0.0143396
165.7	0.014317
165.8	0.0142971
165.9	0.0142777
166	0.0142595
166.1	0.0142415
166.2	0.0142208
166.3	0.0142025
166.4	0.0141862
166.5	0.0141722
166.6	0.0141549
166.7	0.0141321
166.8	0.0141072
166.9	0.0140823
167	0.014055
167.1	0.0140273
167.2	0.0139976
167.3	0.0139691
167.4	0.0139427
167.5	0.0139207
167.6	0.0139021
167.7	0.0138823
167.8	0.0138602
167.9	0.0138343
168	0.0138069
168.1	0.0137813
168.2	0.0137571
168.3	0.0137323
168.4	0.0137058
168.5	0.0136833
168.6	0.0136639
168.7	0.0136469
168.8	0.013634
168.9	0.0136212
169	0.0136078
169.1	0.0135931
169.2	0.0135805
169.3	0.0135689
169.4	0.0135573
169.5	0.0135475
169.6	0.0135393
169.7	0.0135282
169.8	0.0135127
169.9	0.0134935
170	0.0134771
170.1	0.0134625
170.2	0.0134461
170.3	0.0134301
170.4	0.013412
170.5	0.0133947
170.6	0.013384
170.7	0.0133724
170.8	0.0133558
170.9	0.0133372
171	0.0133138
171.1	0.0132809
171.2	0.0132437
171.3	0.0132026
171.4	0.0131568
171.5	0.0131076
171.6	0.0130537
171.7	0.0129971
171.8	0.0129427
171.9	0.0128907
172	0.0128428
172.1	0.0127964
172.2	0.0127498
172.3	0.0127071
172.4	0.0126688
172.5	0.0126265
172.6	0.0125822
172.7	0.012541
172.8	0.0125047
172.9	0.0124713
173	0.01244
173.1	0.0124135
173.2	0.0123873
173.3	0.0123651
173.4	0.0123482
173.5	0.0123298
173.6	0.012312
173.7	0.0122933
173.8	0.0122688
173.9	0.0122456
174	0.0122237
174.1	0.0122053
174.2	0.0121829
174.3	0.0121593
174.4	0.0121384
174.5	0.0121118
174.6	0.0120804
174.7	0.0120517
174.8	0.0120248
174.9	0.0119986
175	0.0119731
175.1	0.0119471
175.2	0.0119171
175.3	0.0118848
175.4	0.0118539
175.5	0.0118291
175.6	0.0118069
175.7	0.0117899
175.8	0.0117786
175.9	0.0117701
176	0.0117601
176.1	0.0117458
176.2	0.0117268
176.3	0.0117065
176.4	0.0116885
176.5	0.0116721
176.6	0.0116499
176.7	0.0116289
176.8	0.0116092
176.9	0.0115877
177	0.011563
177.1	0.0115416
177.2	0.0115227
177.3	0.0115053
177.4	0.0114876
177.5	0.0114723
177.6	0.0114615
177.7	0.0114527
177.8	0.0114464
177.9	0.0114401
178	0.0114303
178.1	0.0114204
178.2	0.0114172
178.3	0.0114191
178.4	0.0114251
178.5	0.011431
178.6	0.0114409
178.7	0.0114577
178.8	0.0114773
178.9	0.0115021
179	0.0115301
179.1	0.0115564
179.2	0.0115833
179.3	0.0116133
179.4	0.0116504
179.5	0.0116935
179.6	0.0117411
179.7	0.0117872
179.8	0.0118269
179.9	0.0118593
180	0.0118856
180.1	0.0119095
180.2	0.0119292
180.3	0.0119479
180.4	0.0119623
180.5	0.0119731
180.6	0.0119843
180.7	0.011997
180.8	0.0120091
180.9	0.0120221
181	0.0120371
181.1	0.0120564
181.2	0.0120759
181.3	0.0120997
181.4	0.0121214
181.5	0.0121423
181.6	0.0121649
181.7	0.012189
181.8	0.0122118
181.9	0.0122378
182	0.0122634
182.1	0.0122887
182.2	0.0123101
182.3	0.0123274
182.4	0.0123437
182.5	0.0123582
182.6	0.01237
182.7	0.0123858
182.8	0.012401
182.9	0.0124109
183	0.0124205
183.1	0.012429
183.2	0.0124326
183.3	0.012433
183.4	0.0124329
183.5	0.0124355
183.6	0.0124424
183.7	0.0124512
183.8	0.0124548
183.9	0.0124505
184	0.0124401
184.1	0.0124263
184.2	0.0124091
184.3	0.0123972
184.4	0.0123845
184.5	0.0123692
184.6	0.0123542
184.7	0.0123394
184.8	0.0123289
184.9	0.0123232
185	0.0123138
185.1	0.0123001
185.2	0.0122867
185.3	0.0122726
185.4	0.0122647
185.5	0.0122564
185.6	0.0122477
185.7	0.0122418
185.8	0.0122394
185.9	0.0122338
186	0.0122271
186.1	0.012221
186.2	0.01221
186.3	0.0121999
186.4	0.0121876
186.5	0.0121739
186.6	0.0121553
186.7	0.0121277
186.8	0.0120998
186.9	0.0120733
187	0.0120521
187.1	0.0120359
187.2	0.0120163
187.3	0.0119928
187.4	0.0119672
187.5	0.0119396
187.6	0.0119108
187.7	0.0118826
187.8	0.0118525
187.9	0.0118212
188	0.0117864
188.1	0.0117486
188.2	0.0117108
188.3	0.0116765
188.4	0.0116435
188.5	0.0116086
188.6	0.0115766
188.7	0.0115442
188.8	0.0115098
188.9	0.0114805
189	0.0114563
189.1	0.0114323
189.2	0.0114072
189.3	0.0113808
189.4	0.0113492
189.5	0.0113173
189.6	0.0112811
189.7	0.0112435
189.8	0.011202
189.9	0.011158
190	0.0111139
190.1	0.0110685
190.2	0.0110227
190.3	0.010979
190.4	0.0109406
190.5	0.010901
190.6	0.0108596
190.7	0.010818
190.8	0.010778
190.9	0.0107401
191	0.0107001
191.1	0.0106596
191.2	0.0106157
191.3	0.0105689
191.4	0.0105198
191.5	0.0104721
191.6	0.0104205
191.7	0.0103708
191.8	0.0103189
191.9	0.0102638
192	0.0102052
192.1	0.0101383
192.2	0.0100668
192.3	0.00999691
192.4	0.00993271
192.5	0.00987537
192.6	0.00981892
192.7	0.00976474
192.8	0.00970986
192.9	0.00965439
193	0.00959602
193.1	0.00953575
193.2	0.00947165
193.3	0.00941123
193.4	0.00935313
193.5	0.00928805
193.6	0.00922433
193.7	0.00916401
193.8	0.00910915
193.9	0.00905675
194	0.0090038
194.1	0.00895384
194.2	0.00890469
194.3	0.00885832
194.4	0.00880747
194.5	0.00875744
194.6	0.00870855
194.7	0.00866368
194.8	0.00862371
194.9	0.00858552
195	0.00855014
195.1	0.0085151
195.2	0.00847984
195.3	0.00844651
195.4	0.00841694
195.5	0.00838902
195.6	0.00836519
195.7	0.00834184
195.8	0.00831577
195.9	0.00828685
196	0.00825773
196.1	0.00822588
196.2	0.00818902
196.3	0.00814676
196.4	0.00810314
196.5	0.00805856
196.6	0.00801475
196.7	0.0079687
196.8	0.00792489
196.9	0.00788113
197	0.0078394
197.1	0.00780095
197.2	0.00776592
197.3	0.00773104
197.4	0.00769502
197.5	0.00765453
197.6	0.00760488
197.7	0.00754912
197.8	0.00748802
197.9	0.00742566
198	0.00736368
198.1	0.00730235
198.2	0.00724165
198.3	0.00718236
198.4	0.00712479
198.5	0.00706821
198.6	0.00701364
198.7	0.00696279
198.8	0.00690724
198.9	0.00684445
199	0.00678146
199.1	0.00671934
199.2	0.00665791
199.3	0.00659648
199.4	0.00653152
199.5	0.00646937
199.6	0.006412
199.7	0.00635898
199.8	0.00631112
199.9	0.00626813
200	0.0062218
200.1	0.00617244
200.2	0.00612459
200.3	0.00607869
200.4	0.00603259
200.5	0.00599066
200.6	0.00595063
200.7	0.00591264
200.8	0.00587652
200.9	0.0058376
201	0.00579626
201.1	0.00575131
201.2	0.0057057
201.3	0.00566625
201.4	0.00563156
201.5	0.00559802
201.6	0.0055636
201.7	0.00552968
201.8	0.00549521
201.9	0.00545632
202	0.00541414
202.1	0.00537654
202.2	0.00534763
202.3	0.00532332
202.4	0.00529784
202.5	0.00526968
202.6	0.00523821
202.7	0.00520252
202.8	0.00516516
202.9	0.00512594
203	0.00508618
203.1	0.00504637
203.2	0.00500766
203.3	0.00497205
203.4	0.00493838
203.5	0.00490216
203.6	0.0048661
203.7	0.00482889
203.8	0.0047954
203.9	0.00476392
204	0.00473333
204.1	0.00470169
204.2	0.00467203
204.3	0.00464729
204.4	0.00462723
204.5	0.00461111
204.6	0.00459642
204.7	0.00458466
204.8	0.00458081
204.9	0.00457806
205	0.0045759
205.1	0.00457303
205.2	0.00457559
205.3	0.00458181
205.4	0.00458601
205.5	0.00458627
205.6	0.00457876
205.7	0.00456953
205.8	0.0045634
205.9	0.0045529
206	0.00454165
206.1	0.00453587
206.2	0.00453161
206.3	0.00452215
206.4	0.00450951
206.5	0.00449564
206.6	0.00447873
206.7	0.00446033
206.8	0.00444346
206.9	0.0044292
207	0.00441753
207.1	0.00440261
207.2	0.00438286
207.3	0.00435767
207.4	0.00432998
207.5	0.00429792
207.6	0.00426975
207.7	0.00424699
207.8	0.00422426
207.9	0.00420103
208	0.00418049
208.1	0.00415748
208.2	0.00413122
208.3	0.00409852
208.4	0.00405968
208.5	0.00401977
208.6	0.00397623
208.7	0.0039303
208.8	0.0038839
208.9	0.00383339
209	0.00378534
209.1	0.0037389
209.2	0.00369538
209.3	0.00365667
209.4	0.00362332
209.5	0.00359407
209.6	0.00357028
209.7	0.00354469
209.8	0.00351882
209.9	0.00349869
210	0.003485
210.1	0.00347839
210.2	0.00347862
210.3	0.00348
210.4	0.00347945
210.5	0.0034759
210.6	0.00347097
210.7	0.00346443
210.8	0.00345555
210.9	0.00344423
211	0.0034336
211.1	0.00342588
211.2	0.00341887
211.3	0.00341055
211.4	0.00340602
211.5	0.00339826
211.6	0.00339269
211.7	0.00338811
211.8	0.00337893
211.9	0.00336897
212	0.00335894
212.1	0.00334529
212.2	0.00333481
212.3	0.00332382
212.4	0.00330958
212.5	0.003299
212.6	0.00329334
212.7	0.00329184
212.8	0.00328789
212.9	0.00328528
213	0.00328498
213.1	0.00328516
213.2	0.00328831
213.3	0.00329435
213.4	0.00330373
213.5	0.003312
213.6	0.00332162
213.7	0.00333141
213.8	0.00334799
213.9	0.00337131
214	0.00340134
214.1	0.00343169
214.2	0.00346085
214.3	0.00349067
214.4	0.00352138
214.5	0.00355289
214.6	0.00358503
214.7	0.00361663
214.8	0.00364931
214.9	0.00368771
215	0.00372738
215.1	0.00377127
215.2	0.00381617
215.3	0.00386381
215.4	0.0039127
215.5	0.00396337
215.6	0.00401529
215.7	0.00406731
215.8	0.0041184
215.9	0.00416876
216	0.00421688
216.1	0.00426084
216.2	0.00430138
216.3	0.00434286
216.4	0.00438802
216.5	0.00442993
216.6	0.00446737
216.7	0.0045017
216.8	0.00453678
216.9	0.00456973
217	0.00460354
217.1	0.00463885
217.2	0.004677
217.3	0.00471148
217.4	0.00474779
217.5	0.00478186
217.6	0.00481172
217.7	0.0048403
217.8	0.00486913
217.9	0.00490092
218	0.00493719
218.1	0.00497216
218.2	0.00500253
218.3	0.00503006
218.4	0.00505482
218.5	0.00507766
218.6	0.00509905
218.7	0.00511856
218.8	0.0051371
218.9	0.005159
219	0.00518122
219.1	0.00520058
219.2	0.00521509
219.3	0.00522305
219.4	0.00522965
219.5	0.00523326
219.6	0.00524118
219.7	0.00525184
219.8	0.00526528
219.9	0.00527651
220	0.00528771
220.1	0.00529481
220.2	0.00530264
220.3	0.00530948
220.4	0.00531602
220.5	0.00532043
220.6	0.00532639
220.7	0.00533073
220.8	0.00533558
220.9	0.00533885
221	0.00534532
221.1	0.00535489
221.2	0.00536661
221.3	0.00537734
221.4	0.00538321
221.5	0.00538821
221.6	0.00539458
221.7	0.00540668
221.8	0.00541656
221.9	0.00542502
222	0.0054318
222.1	0.00544159
222.2	0.00545349
222.3	0.00546939
222.4	0.00549139
222.5	0.00551516
222.6	0.00553788
222.7	0.00555986
222.8	0.00558484
222.9	0.00561244
223	0.00564452
223.1	0.00568117
223.2	0.00572094
223.3	0.00576252
223.4	0.00580357
223.5	0.00584566
223.6	0.00588739
223.7	0.00592665
223.8	0.00596378
223.9	0.00600824
224	0.00605728
224.1	0.00610739
224.2	0.006157
224.3	0.00620499
224.4	0.00625085
224.5	0.00629725
224.6	0.00633963
224.7	0.00637858
224.8	0.00641824
224.9	0.00646217
225	0.00650654
225.1	0.00655085
225.2	0.00659585
225.3	0.00663675
225.4	0.00667311
225.5	0.00670999
225.6	0.00674674
225.7	0.00678514
225.8	0.00682817
225.9	0.00687435
226	0.00691826
226.1	0.006957
226.2	0.00699104
226.3	0.00702575
226.4	0.00705641
226.5	0.00709358
226.6	0.00713283
226.7	0.00716903
226.8	0.0071998
226.9	0.00722874
227	0.00725845
227.1	0.00729194
227.2	0.00732322
227.3	0.00735096
227.4	0.00737122
227.5	0.00738789
227.6	0.0073975
227.7	0.0074024
227.8	0.00740525
227.9	0.00740714
228	0.00740428
228.1	0.00739623
228.2	0.00738847
228.3	0.00738592
228.4	0.00738308
228.5	0.00738074
228.6	0.00737039
228.7	0.0073546
228.8	0.00734008
228.9	0.00732407
229	0.00731016
229.1	0.00729855
229.2	0.00728739
229.3	0.00727589
229.4	0.00726428
229.5	0.00724876
229.6	0.0072307
229.7	0.00721483
229.8	0.00720303
229.9	0.00719532
230	0.00718934
230.1	0.00718942
230.2	0.00719066
230.3	0.00718917
230.4	0.00718638
230.5	0.00718538
230.6	0.00718943
230.7	0.00719682
230.8	0.00720406
230.9	0.00721138
231	0.00722174
231.1	0.00723
231.2	0.00723382
231.3	0.00723177
231.4	0.00722994
231.5	0.00722795
231.6	0.00722704
231.7	0.00722858
231.8	0.00723164
231.9	0.00723196
232	0.00723048
232.1	0.00722649
232.2	0.00721654
232.3	0.00720153
232.4	0.00718795
232.5	0.00717255
232.6	0.0071518
232.7	0.00712693
232.8	0.00710363
232.9	0.00708193
233	0.00706014
233.1	0.00703826
233.2	0.00701875
233.3	0.00699786
233.4	0.00697403
233.5	0.00695271
233.6	0.00693694
233.7	0.00692713
233.8	0.00691811
233.9	0.00690945
234	0.00689811
234.1	0.00688021
234.2	0.00687036
234.3	0.00686301
234.4	0.00685408
234.5	0.0068451
234.6	0.00683456
234.7	0.00682364
234.8	0.00681493
234.9	0.00680445
235	0.00678983
235.1	0.00677642
235.2	0.00676699
235.3	0.00676253
235.4	0.00676344
235.5	0.00676922
235.6	0.00677824
235.7	0.00678953
235.8	0.00680293
235.9	0.00681786
236	0.00683323
236.1	0.0068522
236.2	0.00687429
236.3	0.00689503
236.4	0.0069145
236.5	0.00692916
236.6	0.00693651
236.7	0.00693746
236.8	0.00693416
236.9	0.00693408
237	0.00693304
237.1	0.00693632
237.2	0.00693911
237.3	0.00694161
237.4	0.00694054
237.5	0.00694109
237.6	0.00693936
237.7	0.00693367
237.8	0.00692828
237.9	0.00692191
238	0.00691438
238.1	0.00690793
238.2	0.00690176
238.3	0.00689237
238.4	0.00687928
238.5	0.0068662
238.6	0.00685181
238.7	0.00683331
238.8	0.00681387
238.9	0.00679707
239	0.00677973
239.1	0.00676286
239.2	0.00674855
239.3	0.00673358
239.4	0.00671428
239.5	0.00669057
239.6	0.00666652
239.7	0.00664417
239.8	0.00662296
239.9	0.00660125
240	0.00658159
240.1	0.00656456
240.2	0.00654573
240.3	0.00652783
240.4	0.00650499
240.5	0.00647846
240.6	0.00644996
240.7	0.00641884
240.8	0.0063898
240.9	0.00636014
241	0.00633191
241.1	0.00629743
241.2	0.00626596
241.3	0.00623808
241.4	0.00621314
241.5	0.00619095
241.6	0.00616917
241.7	0.00614608
241.8	0.006123
241.9	0.00610096
242	0.00607607
242.1	0.00605141
242.2	0.00602949
242.3	0.00600506
242.4	0.00597945
242.5	0.00595612
242.6	0.00593206
242.7	0.00590494
242.8	0.00587581
242.9	0.00584503
243	0.00581336
243.1	0.00577564
243.2	0.00572849
243.3	0.00567678
243.4	0.00561805
243.5	0.00555618
243.6	0.00549567
243.7	0.00544003
243.8	0.00538938
243.9	0.00534252
244	0.00530197
244.1	0.00526563
244.2	0.00523364
244.3	0.00520328
244.4	0.00517023
244.5	0.00513588
244.6	0.0051029
244.7	0.0050733
244.8	0.00504645
244.9	0.00502
245	0.00499586
245.1	0.00497252
245.2	0.00495046
245.3	0.00492587
245.4	0.0049009
245.5	0.00488096
245.6	0.00486307
245.7	0.00485174
245.8	0.00484021
245.9	0.00483219
246	0.00482397
246.1	0.00481426
246.2	0.00480175
246.3	0.00478833
246.4	0.00477607
246.5	0.0047634
246.6	0.00475202
246.7	0.00474699
246.8	0.00474778
246.9	0.00475679
247	0.00477008
247.1	0.00478647
247.2	0.00480268
247.3	0.00481797
247.4	0.00483632
247.5	0.00485243
247.6	0.00486901
247.7	0.00488487
247.8	0.00490107
247.9	0.00491617
248	0.00493196
248.1	0.00494841
248.2	0.00496297
248.3	0.0049807
248.4	0.00499907
248.5	0.00501264
248.6	0.00502504
248.7	0.00503455
248.8	0.00504053
248.9	0.00504466
249	0.00504826
249.1	0.00504958
249.2	0.00504949
249.3	0.00504655
249.4	0.00504122
249.5	0.005033
249.6	0.0050215
249.7	0.00500734
249.8	0.004995
249.9	0.00498437
250	0.00497747
250.1	0.00497078
250.2	0.00496317
250.3	0.00494983
250.4	0.00493388
250.5	0.00491412
250.6	0.0048942
250.7	0.00487323
250.8	0.00485177
250.9	0.00483153
251	0.0048107
251.1	0.00479169
251.2	0.00477637
251.3	0.0047609
251.4	0.00474169
251.5	0.00471875
251.6	0.00469703
251.7	0.00467873
251.8	0.00465436
251.9	0.00462833
252	0.0046013
252.1	0.00456684
252.2	0.00452864
252.3	0.00449072
252.4	0.00444999
252.5	0.00440671
252.6	0.00436211
252.7	0.00431947
252.8	0.00427806
252.9	0.00423527
253	0.00419147
253.1	0.00414457
253.2	0.00409627
253.3	0.00404275
253.4	0.0039884
253.5	0.0039338
253.6	0.00387755
253.7	0.00381862
253.8	0.00375444
253.9	0.00368462
254	0.00361625
254.1	0.00355183
254.2	0.00348531
254.3	0.00342105
254.4	0.00335854
254.5	0.00329276
254.6	0.00322705
254.7	0.00316107
254.8	0.00309768
254.9	0.00303995
255	0.00298445
255.1	0.00292945
255.2	0.00287751
255.3	0.00282784
255.4	0.00278408
255.5	0.00274667
255.6	0.00271265
255.7	0.00268344
255.8	0.00265418
255.9	0.00262688
256	0.00259713
256.1	0.00256664
256.2	0.00253862
256.3	0.00250956
256.4	0.00248036
256.5	0.00245205
256.6	0.00242329
256.7	0.00239012
256.8	0.00235516
256.9	0.00232597
257	0.00230086
257.1	0.00227494
257.2	0.00224481
257.3	0.00220933
257.4	0.00217219
257.5	0.0021364
257.6	0.00210231
257.7	0.00206942
257.8	0.00204043
257.9	0.00201865
258	0.00199704
258.1	0.00197197
258.2	0.00194708
258.3	0.0019187
258.4	0.00188209
258.5	0.00184191
258.6	0.00179866
258.7	0.00175618
258.8	0.00171444
258.9	0.00167543
259	0.00163282
259.1	0.00158838
259.2	0.00154433
259.3	0.00150307
259.4	0.00146582
259.5	0.00143313
259.6	0.00140481
259.7	0.00138203
259.8	0.00136318
259.9	0.00134634
260	0.00133003
260.1	0.00130945
260.2	0.00128618
260.3	0.00126412
260.4	0.00124488
260.5	0.00123014
260.6	0.00121903
260.7	0.00120746
260.8	0.00119474
260.9	0.00118113
261	0.00116843
261.1	0.00115951
261.2	0.00115471
261.3	0.00114688
261.4	0.00113892
261.5	0.00112903
261.6	0.00111865
261.7	0.00110479
261.8	0.00108994
261.9	0.00107127
262	0.00105219
262.1	0.00103278
262.2	0.00101792
262.3	0.00100881
262.4	0.000997439
262.5	0.000984667
262.6	0.000971421
262.7	0.000965673
262.8	0.000962594
262.9	0.000962788
263	0.000962546
263.1	0.000963542
263.2	0.000964876
263.3	0.000969648
263.4	0.000980385
263.5	0.000991534
263.6	0.00100146
263.7	0.00100618
263.8	0.00100832
263.9	0.00101099
264	0.00101807
264.1	0.00102016
264.2	0.00102019
264.3	0.00102239
264.4	0.00102032
264.5	0.00101627
264.6	0.0010146
264.7	0.00101516
264.8	0.00101675
264.9	0.00102209
265	0.00102941
265.1	0.00103833
265.2	0.0010395
265.3	0.00103576
265.4	0.00102977
265.5	0.00102703
265.6	0.0010287
265.7	0.0010304
265.8	0.0010271
265.9	0.00101785
266	0.00100692
266.1	0.000998453
266.2	0.00099508
266.3	0.000995904
266.4	0.000999412
266.5	0.00100516
266.6	0.00101242
266.7	0.00102278
266.8	0.00103714
266.9	0.00105114
267	0.00106355
267.1	0.00107516
267.2	0.00108591
267.3	0.00109332
267.4	0.0010981
267.5	0.00110007
267.6	0.00110143
267.7	0.0010986
267.8	0.00109191
267.9	0.00108215
268	0.00106763
268.1	0.00105495
268.2	0.00103823
268.3	0.00101502
268.4	0.000985269
268.5	0.000953612
268.6	0.000920461
268.7	0.000880872
268.8	0.000838906
268.9	0.000795531
269	0.000751091
269.1	0.000707623
269.2	0.000666356
269.3	0.000628085
269.4	0.00059488
269.5	0.00057385
269.6	0.00056338
269.7	0.000556952
269.8	0.000553503
269.9	0.000549541
270	0.000541547
270.1	0.000537188
270.2	0.000534785
270.3	0.000530652
270.4	0.000525924
270.5	0.000521788
270.6	0.000520409
270.7	0.000518639
270.8	0.000517361
270.9	0.000519473
271	0.00052539
271.1	0.000532163
271.2	0.000547803
271.3	0.000562948
271.4	0.000579864
271.5	0.000595628
271.6	0.000615962
271.7	0.00063876
271.8	0.000665532
271.9	0.000694481
272	0.000716456
272.1	0.000729516
272.2	0.000734895
272.3	0.000735983
272.4	0.000742148
272.5	0.000747566
272.6	0.000750537
272.7	0.000747995
272.8	0.000743861
272.9	0.000739951
273	0.000739527
273.1	0.000742367
273.2	0.000743945
273.3	0.000742582
273.4	0.000739771
273.5	0.000737327
273.6	0.000731715
273.7	0.000721657
273.8	0.00071339
273.9	0.000710806
274	0.000708662
274.1	0.000706439
274.2	0.000705941
274.3	0.000704848
274.4	0.000699367
274.5	0.000690281
274.6	0.000681114
274.7	0.000674215
274.8	0.000667082
274.9	0.000657743
275	0.000647394
275.1	0.000636534
275.2	0.000630095
275.3	0.000626445
275.4	0.000627019
275.5	0.000632857
275.6	0.000647442
275.7	0.000661191
275.8	0.000675602
275.9	0.000690763
276	0.000707072
276.1	0.000723552
276.2	0.000740436
276.3	0.000753806
276.4	0.000766007
276.5	0.000779292
276.6	0.000795493
276.7	0.000809099
276.8	0.000818082
276.9	0.000825229
277	0.000835137
277.1	0.00084614
277.2	0.000861341
277.3	0.000881142
277.4	0.000898675
277.5	0.000917321
277.6	0.000939365
277.7	0.00095554
277.8	0.000967671
277.9	0.000978854
278	0.000988904
278.1	0.00100087
278.2	0.00101383
278.3	0.0010289
278.4	0.00104753
278.5	0.00106632
278.6	0.00108606
278.7	0.00110932
278.8	0.00113587
278.9	0.0011593
279	0.00118109
279.1	0.0012017
279.2	0.00122173
279.3	0.0012383
279.4	0.00125257
279.5	0.00126378
279.6	0.00127828
279.7	0.00129221
279.8	0.00130217
279.9	0.00131012
280	0.00131378
280.1	0.00131233
280.2	0.00130273
280.3	0.00128503
280.4	0.00126363
280.5	0.00124264
280.6	0.00122097
280.7	0.00120385
280.8	0.00118744
280.9	0.00117307
281	0.00115987
281.1	0.00114569
281.2	0.00113023
281.3	0.00111413
281.4	0.00109454
281.5	0.00107405
281.6	0.00105229
281.7	0.00103215
281.8	0.00101305
281.9	0.000994739
282	0.000978301
282.1	0.000964604
282.2	0.000954511
282.3	0.000941226
282.4	0.000932264
282.5	0.000928477
282.6	0.000927021
282.7	0.00092567
282.8	0.000921724
282.9	0.000911844
283	0.000903475
283.1	0.000889056
283.2	0.000869227
283.3	0.000852192
283.4	0.000835947
283.5	0.000820196
283.6	0.000801907
283.7	0.000784069
283.8	0.00076936
283.9	0.000753835
284	0.000736868
284.1	0.000717226
284.2	0.000694828
284.3	0.000668242
284.4	0.000639759
284.5	0.000613645
284.6	0.000593576
284.7	0.000580125
284.8	0.000566085
284.9	0.000554724
285	0.00054692
285.1	0.000544415
285.2	0.000545005
285.3	0.000543883
285.4	0.000543708
285.5	0.000544908
285.6	0.000551772
285.7	0.000562224
285.8	0.000575623
285.9	0.000589494
286	0.00060012
286.1	0.00060881
286.2	0.000613512
286.3	0.000614447
286.4	0.000611818
286.5	0.000610874
286.6	0.000609987
286.7	0.000608138
286.8	0.00060499
286.9	0.000599245
287	0.000594934
287.1	0.000590182
287.2	0.000587888
287.3	0.000589589
287.4	0.00059365
287.5	0.000599192
287.6	0.000606482
287.7	0.000616638
287.8	0.000624574
287.9	0.000631276
288	0.000638466
288.1	0.000651133
288.2	0.000668451
288.3	0.000689394
288.4	0.000711328
288.5	0.000734318
288.6	0.000757209
288.7	0.000778854
288.8	0.00079713
288.9	0.00081299
289	0.000823487
289.1	0.000830433
289.2	0.000840895
289.3	0.00084991
289.4	0.000861091
289.5	0.000867321
289.6	0.000875092
289.7	0.000882192
289.8	0.000888893
289.9	0.000893552
290	0.000902851
290.1	0.000917213
290.2	0.000927317
290.3	0.000934685
290.4	0.000939495
290.5	0.000943449
290.6	0.000945261
290.7	0.000944926
290.8	0.00094205
290.9	0.000941852
291	0.00094542
291.1	0.000945512
291.2	0.000949517
291.3	0.000956032
291.4	0.000964088
291.5	0.00097868
291.6	0.000995992
291.7	0.00101938
291.8	0.00105102
291.9	0.00108347
292	0.00111581
292.1	0.00114751
292.2	0.00117814
292.3	0.00120937
292.4	0.00123864
292.5	0.00126723
292.6	0.00129939
292.7	0.00133309
292.8	0.001368
292.9	0.00140313
293	0.00143787
293.1	0.0014678
293.2	0.00149111
293.3	0.00150848
293.4	0.00152055
293.5	0.00152899
293.6	0.00154093
293.7	0.00155303
293.8	0.0015681
293.9	0.00158692
294	0.00161573
294.1	0.00164791
294.2	0.00168238
294.3	0.00171953
294.4	0.00175448
294.5	0.00178803
294.6	0.00182209
294.7	0.0018542
294.8	0.00188981
294.9	0.00192432
295	0.00196018
295.1	0.00200231
295.2	0.00204303
295.3	0.00208208
295.4	0.00211754
295.5	0.00215243
295.6	0.00218344
295.7	0.00221118
295.8	0.00223895
295.9	0.00226697
296	0.00229229
296.1	0.00231466
296.2	0.00233467
296.3	0.00235355
296.4	0.00237488
296.5	0.00239342
296.6	0.00241191
296.7	0.00242771
296.8	0.00244665
296.9	0.00247062
297	0.00249853
297.1	0.00252924
297.2	0.00255697
297.3	0.00258581
297.4	0.00261225
297.5	0.00263758
297.6	0.00266699
297.7	0.00269871
297.8	0.0027264
297.9	0.00275787
298	0.00278571
298.1	0.00280822
298.2	0.00282397
298.3	0.00283755
298.4	0.00284479
298.5	0.00285118
298.6	0.00285855
298.7	0.00286263
298.8	0.00286432
298.9	0.00286256
299	0.00286368
299.1	0.00286797
299.2	0.00287216
299.3	0.00287447
299.4	0.00287458
299.5	0.0028755
299.6	0.00287887
299.7	0.00288377
299.8	0.00289077
299.9	0.00289645
300	0.00290656
300.1	0.00291993
300.2	0.00292815
300.3	0.00293363
300.4	0.00293592
300.5	0.0029313
300.6	0.00292349
300.7	0.00291709
300.8	0.00291387
300.9	0.00291514
301	0.00291261
301.1	0.00290671
301.2	0.00289958
301.3	0.00288905
301.4	0.00287211
301.5	0.00285062
301.6	0.00282347
301.7	0.00279036
301.8	0.0027529
301.9	0.00272271
302	0.00269761
302.1	0.00267718
302.2	0.00265432
302.3	0.00263146
302.4	0.00260998
302.5	0.00258959
302.6	0.00257398
302.7	0.00255698
302.8	0.00254115
302.9	0.00252752
303	0.00251277
303.1	0.00249484
303.2	0.00247665
303.3	0.00245829
303.4	0.00243426
303.5	0.00240398
303.6	0.00236992
303.7	0.00233428
303.8	0.00230321
303.9	0.0022759
304	0.0022517
304.1	0.00222939
304.2	0.0022058
304.3	0.00218377
304.4	0.00216235
304.5	0.00214416
304.6	0.00212643
304.7	0.00210532
304.8	0.00208769
304.9	0.00207074
305	0.00205826
305.1	0.00204943
305.2	0.00203788
305.3	0.00202392
305.4	0.00201001
305.5	0.00199373
305.6	0.00197628
305.7	0.00195622
305.8	0.00193734
305.9	0.00191097
306	0.00188116
306.1	0.00184781
306.2	0.00181594
306.3	0.00178471
306.4	0.00175678
306.5	0.00172852
306.6	0.00170128
306.7	0.00168009
306.8	0.00166592
306.9	0.00165288
307	0.00163955
307.1	0.00162119
307.2	0.00159826
307.3	0.00157037
307.4	0.00154237
307.5	0.00151761
307.6	0.00149459
307.7	0.00147267
307.8	0.00145012
307.9	0.00142745
308	0.00140231
308.1	0.00137626
308.2	0.00135045
308.3	0.00132449
308.4	0.00130118
308.5	0.00127662
308.6	0.00125353
308.7	0.00123173
308.8	0.00121364
308.9	0.00119515
309	0.00117427
309.1	0.00115599
309.2	0.00114488
309.3	0.00113623
309.4	0.00112633
309.5	0.00112013
309.6	0.00111793
309.7	0.00111257
309.8	0.00110184
309.9	0.00108188
310	0.00105958
310.1	0.00103156
310.2	0.00100142
310.3	0.000972949
310.4	0.000944606
310.5	0.00091073
310.6	0.000874572
310.7	0.000835681
310.8	0.000796887
310.9	0.000759922
311	0.000729583
311.1	0.000699984
311.2	0.000668928
311.3	0.00063363
311.4	0.000595294
311.5	0.000553944
311.6	0.000510712
311.7	0.000465662
311.8	0.000416757
311.9	0.000368954
312	0.000319952
312.1	0.000269067
312.2	0.000222959
312.3	0.00017355
312.4	0.000121997
312.5	7.06163e-05
312.6	2.4421e-05
312.7	-1.74355e-05
312.8	-5.66079e-05
312.9	-9.07732e-05
313	-0.000119706
313.1	-0.000140955
313.2	-0.000158413
313.3	-0.000175364
313.4	-0.000193025
313.5	-0.000208831
313.6	-0.000225134
313.7	-0.000241734
313.8	-0.000252636
313.9	-0.000259946
314	-0.00026366
314.1	-0.00026612
314.2	-0.00025868
314.3	-0.000244239
314.4	-0.000223253
314.5	-0.000198284
314.6	-0.000169023
314.7	-0.000137568
314.8	-0.000105327
314.9	-7.75945e-05
315	-5.34961e-05
315.1	-3.29817e-05
315.2	-1.87674e-05
315.3	-6.60259e-06
315.4	4.18985e-06
315.5	1.08391e-05
315.6	1.52245e-05
315.7	9.30525e-06
315.8	-2.00452e-07
315.9	-1.00292e-05
316	-1.66009e-05
316.1	-1.91106e-05
316.2	-2.57538e-05
316.3	-3.94603e-05
316.4	-5.54513e-05
316.5	-7.39564e-05
316.6	-9.43664e-05
316.7	-0.000111911
316.8	-0.000126608
316.9	-0.000141992
317	-0.000159181
317.1	-0.000173034
317.2	-0.000183586
317.3	-0.000195357
317.4	-0.000210378
317.5	-0.000228597
317.6	-0.000246094
317.7	-0.00026371
317.8	-0.000280894
317.9	-0.000302906
318	-0.000324515
318.1	-0.000348016
318.2	-0.000372414
318.3	-0.000397867
318.4	-0.000430183
318.5	-0.000461477
318.6	-0.000492777
318.7	-0.000525205
318.8	-0.000560344
318.9	-0.000594435
319	-0.000626011
319.1	-0.000656651
319.2	-0.000687382
319.3	-0.000716668
319.4	-0.000746105
319.5	-0.000773584
319.6	-0.000802803
319.7	-0.000833838
319.8	-0.000872391
319.9	-0.000913603
320	-0.000960991
320.1	-0.00101377
320.2	-0.00106555
320.3	-0.00111739
320.4	-0.00116791
320.5	-0.0012133
320.6	-0.00125746
320.7	-0.00129832
320.8	-0.00133676
320.9	-0.00137469
321	-0.00141132
321.1	-0.00145041
321.2	-0.00149584
321.3	-0.00154532
321.4	-0.00160238
321.5	-0.00166207
321.6	-0.00172403
321.7	-0.00178208
321.8	-0.00183736
321.9	-0.00189356
322	-0.00194883
322.1	-0.00200467
322.2	-0.00205742
322.3	-0.00210099
322.4	-0.00213644
322.5	-0.00216443
322.6	-0.00218576
322.7	-0.00220561
322.8	-0.00222492
322.9	-0.00224696
323	-0.00226754
323.1	-0.00228255
323.2	-0.0022982
323.3	-0.00230825
323.4	-0.00231562
323.5	-0.00232154
323.6	-0.00232703
323.7	-0.00233798
323.8	-0.00234898
323.9	-0.00236034
324	-0.00237102
324.1	-0.00238662
324.2	-0.00239908
324.3	-0.00241065
324.4	-0.00242247
324.5	-0.00243028
324.6	-0.00243488
324.7	-0.0024357
324.8	-0.00243541
324.9	-0.00243618
325	-0.002437
325.1	-0.00243955
325.2	-0.00244313
325.3	-0.00245267
325.4	-0.00246589
325.5	-0.00248009
325.6	-0.00249671
325.7	-0.00251739
325.8	-0.00253809
325.9	-0.00256407
326	-0.00258922
326.1	-0.00261484
326.2	-0.00264104
326.3	-0.00266962
326.4	-0.00270046
326.5	-0.0027324
326.6	-0.00276149
326.7	-0.00278332
326.8	-0.00279782
326.9	-0.00280658
327	-0.00281417
327.1	-0.00282487
327.2	-0.00283791
327.3	-0.00285261
327.4	-0.00286686
327.5	-0.00288293
327.6	-0.0029038
327.7	-0.00292869
327.8	-0.00295472
327.9	-0.00297512
328	-0.00299539
328.1	-0.00301665
328.2	-0.00303685
328.3	-0.00305478
328.4	-0.00306701
328.5	-0.00308047
328.6	-0.00309757
328.7	-0.00311126
328.8	-0.0031239
328.9	-0.00313537
329	-0.00314403
329.1	-0.00314831
329.2	-0.00314626
329.3	-0.00313808
329.4	-0.00312995
329.5	-0.00312241
329.6	-0.00311165
329.7	-0.00309798
329.8	-0.00308357
329.9	-0.00307176
330	-0.00306267
330.1	-0.00305569
330.2	-0.00304806
330.3	-0.00304228
330.4	-0.00303883
330.5	-0.00303196
330.6	-0.0030184
330.7	-0.00300207
330.8	-0.00298572
330.9	-0.00297014
331	-0.00295496
331.1	-0.00293537
331.2	-0.00290967
331.3	-0.00288277
331.4	-0.00285882
331.5	-0.00283727
331.6	-0.00281472
331.7	-0.00278758
331.8	-0.00276242
331.9	-0.00274229
332	-0.00272464
332.1	-0.00271023
332.2	-0.00269676
332.3	-0.0026847
332.4	-0.00267282
332.5	-0.00266479
332.6	-0.00266264
332.7	-0.00266147
332.8	-0.00266376
332.9	-0.00266647
333	-0.00266434
333.1	-0.00266489
333.2	-0.00266526
333.3	-0.00266326
333.4	-0.00266114
333.5	-0.00266562
333.6	-0.00267585
333.7	-0.00269223
333.8	-0.00271413
333.9	-0.00273987
334	-0.00276985
334.1	-0.00280326
334.2	-0.00284052
334.3	-0.0028839
334.4	-0.00292792
334.5	-0.00296968
334.6	-0.0030092
334.7	-0.00303823
334.8	-0.00306108
334.9	-0.00308425
335	-0.00311058
335.1	-0.00313836
335.2	-0.00316429
335.3	-0.00318755
335.4	-0.00320911
335.5	-0.00323143
335.6	-0.00325451
335.7	-0.00327461
335.8	-0.00328864
335.9	-0.00329407
336	-0.00329673
336.1	-0.00329422
336.2	-0.00329274
336.3	-0.00329088
336.4	-0.00328962
336.5	-0.0032882
336.6	-0.00329272
336.7	-0.00330051
336.8	-0.00331065
336.9	-0.00331953
337	-0.00333087
337.1	-0.00334421
337.2	-0.00335701
337.3	-0.00337575
337.4	-0.00339876
337.5	-0.00342475
337.6	-0.00345353
337.7	-0.0034839
337.8	-0.00351314
337.9	-0.00353679
338	-0.00355767
338.1	-0.00357527
338.2	-0.00358778
338.3	-0.00359733
338.4	-0.00360746
338.5	-0.00361696
338.6	-0.00362433
338.7	-0.00363446
338.8	-0.00365109
338.9	-0.00367474
339	-0.00370141
339.1	-0.00372841
339.2	-0.0037486
339.3	-0.00376455
339.4	-0.00377606
339.5	-0.00378825
339.6	-0.00380434
339.7	-0.00382415
339.8	-0.00384986
339.9	-0.00387736
340	-0.00390236
340.1	-0.00392486
340.2	-0.00394843
340.3	-0.00397663
340.4	-0.0040099
340.5	-0.0040457
340.6	-0.00408195
340.7	-0.0041182
340.8	-0.00415329
340.9	-0.00418802
341	-0.00422653
341.1	-0.00427016
341.2	-0.00431684
341.3	-0.0043596
341.4	-0.00440109
341.5	-0.00444433
341.6	-0.0044846
341.7	-0.0045188
341.8	-0.00454807
341.9	-0.00457031
342	-0.00458089
342.1	-0.00458813
342.2	-0.00459747
342.3	-0.00460514
342.4	-0.00461521
342.5	-0.0046228
342.6	-0.00463317
342.7	-0.00464614
342.8	-0.00465615
342.9	-0.00466227
343	-0.00466862
343.1	-0.00467942
343.2	-0.0046938
343.3	-0.00471283
343.4	-0.00473169
343.5	-0.00475023
343.6	-0.00476893
343.7	-0.00478612
343.8	-0.00479931
343.9	-0.00480889
344	-0.00481101
344.1	-0.00480932
344.2	-0.00480677
344.3	-0.00480732
344.4	-0.00480806
344.5	-0.00481022
344.6	-0.00481454
344.7	-0.00482054
344.8	-0.00483133
344.9	-0.00484674
345	-0.00486416
345.1	-0.00488012
345.2	-0.00489666
345.3	-0.00491407
345.4	-0.00493422
345.5	-0.00496012
345.6	-0.00498628
345.7	-0.00501297
345.8	-0.00503847
345.9	-0.00506554
346	-0.00509482
346.1	-0.00512531
346.2	-0.00516045
346.3	-0.0051991
346.4	-0.00524149
346.5	-0.00528538
346.6	-0.00533044
346.7	-0.00537528
346.8	-0.0054228
346.9	-0.00547597
347	-0.00552998
347.1	-0.00558261
347.2	-0.00563177
347.3	-0.00567822
347.4	-0.00572207
347.5	-0.00576795
347.6	-0.00581446
347.7	-0.00586277
347.8	-0.0059171
347.9	-0.00597808
348	-0.0060433
348.1	-0.00611583
348.2	-0.00619346
348.3	-0.00627804
348.4	-0.00637135
348.5	-0.00646332
348.6	-0.00655
348.7	-0.00663059
348.8	-0.00671003
348.9	-0.0067891
349	-0.00686819
349.1	-0.00694638
349.2	-0.00701852
349.3	-0.00708221
349.4	-0.00714154
349.5	-0.00719936
349.6	-0.00725758
349.7	-0.00731706
349.8	-0.00737363
349.9	-0.00742568
350	-0.00747636
350.1	-0.00752783
350.2	-0.00757603
350.3	-0.00761931
350.4	-0.00766163
350.5	-0.00770161
350.6	-0.0077421
350.7	-0.00778105
350.8	-0.00781614
350.9	-0.00784746
351	-0.00787304
351.1	-0.00789618
351.2	-0.00791698
351.3	-0.00793783
351.4	-0.00796254
351.5	-0.00798686
351.6	-0.00800826
351.7	-0.00802509
351.8	-0.00803721
351.9	-0.00805001
352	-0.00805916
352.1	-0.0080637
352.2	-0.00806644
352.3	-0.00807079
352.4	-0.0080785
352.5	-0.00808892
352.6	-0.00809974
352.7	-0.00810897
352.8	-0.00811924
352.9	-0.00813193
353	-0.00815139
353.1	-0.00817246
353.2	-0.0081965
353.3	-0.00822195
353.4	-0.00825224
353.5	-0.00827941
353.6	-0.00830248
353.7	-0.00832256
353.8	-0.00834314
353.9	-0.00836409
354	-0.00838473
354.1	-0.00840422
354.2	-0.00842225
354.3	-0.00843447
354.4	-0.00844099
354.5	-0.00844522
354.6	-0.00844362
354.7	-0.00843933
354.8	-0.00843438
354.9	-0.00842801
355	-0.00842249
355.1	-0.00842159
355.2	-0.00841961
355.3	-0.0084129
355.4	-0.00840175
355.5	-0.00839108
355.6	-0.00838283
355.7	-0.00837206
355.8	-0.00836042
355.9	-0.00834706
356	-0.00833599
356.1	-0.00832773
356.2	-0.00832311
356.3	-0.00832537
356.4	-0.0083322
356.5	-0.00833632
356.6	-0.00834215
356.7	-0.00834995
356.8	-0.00835918
356.9	-0.00836806
357	-0.00837745
357.1	-0.00838474
357.2	-0.00839689
357.3	-0.00840959
357.4	-0.008416
357.5	-0.00841639
357.6	-0.00841509
357.7	-0.00841126
357.8	-0.00840636
357.9	-0.00840395
358	-0.00841154
358.1	-0.00842858
358.2	-0.00844796
358.3	-0.00846369
358.4	-0.00847895
358.5	-0.00849565
358.6	-0.00850937
358.7	-0.00852232
358.8	-0.0085362
358.9	-0.00854947
359	-0.00856019
359.1	-0.00857197
359.2	-0.00858104
359.3	-0.00858794
359.4	-0.00858979
359.5	-0.00858939
359.6	-0.0085868
359.7	-0.00858009
359.8	-0.00857267
359.9	-0.0085636
360	-0.00855484
360.1	-0.00854705
360.2	-0.00854143
360.3	-0.00853892
360.4	-0.00854299
360.5	-0.00855234
360.6	-0.00856261
360.7	-0.00856624
360.8	-0.00856968
360.9	-0.00857261
361	-0.00856787
361.1	-0.00855333
361.2	-0.00853607
361.3	-0.00851659
361.4	-0.00849398
361.5	-0.00847029
361.6	-0.00844426
361.7	-0.00841255
361.8	-0.00838266
361.9	-0.00835943
362	-0.00833526
362.1	-0.00831038
362.2	-0.00828587
362.3	-0.00826172
362.4	-0.00823709
362.5	-0.00821671
362.6	-0.00819699
362.7	-0.0081766
362.8	-0.0081577
362.9	-0.00813743
363	-0.00811905
363.1	-0.00810181
363.2	-0.00808534
363.3	-0.00806783
363.4	-0.00805152
363.5	-0.00803043
363.6	-0.00800262
363.7	-0.00797842
363.8	-0.00795776
363.9	-0.00793692
364	-0.00791657
364.1	-0.00789574
364.2	-0.00787136
364.3	-0.00784563
364.4	-0.00782461
364.5	-0.00781023
364.6	-0.00780191
364.7	-0.0077912
364.8	-0.0077739
364.9	-0.00775061
365	-0.00772343
365.1	-0.00769782
365.2	-0.00767206
365.3	-0.00764406
365.4	-0.00761504
365.5	-0.00758233
365.6	-0.00754713
365.7	-0.00751434
365.8	-0.00748394
365.9	-0.00745105
366	-0.00741632
366.1	-0.00738162
366.2	-0.00734787
366.3	-0.00731474
366.4	-0.00728072
366.5	-0.00724057
366.6	-0.00719729
366.7	-0.00715182
366.8	-0.00710587
366.9	-0.00706019
367	-0.00701441
367.1	-0.00696898
367.2	-0.0069218
367.3	-0.00687304
367.4	-0.00682279
367.5	-0.00676925
367.6	-0.00670779
367.7	-0.00664849
367.8	-0.0065939
367.9	-0.00653676
368	-0.0064815
368.1	-0.00642991
368.2	-0.00637795
368.3	-0.00632635
368.4	-0.00627127
368.5	-0.00621387
368.6	-0.00615556
368.7	-0.00609886
368.8	-0.00604018
368.9	-0.00598074
369	-0.0059183
369.1	-0.00585893
369.2	-0.00580183
369.3	-0.00574372
369.4	-0.00568921
369.5	-0.00563281
369.6	-0.00557978
369.7	-0.00552713
369.8	-0.00547208
369.9	-0.00541916
370	-0.00536708
370.1	-0.00531448
370.2	-0.00526292
370.3	-0.00521212
370.4	-0.00516011
370.5	-0.00510865
370.6	-0.00506276
370.7	-0.00501653
370.8	-0.00496633
370.9	-0.00491345
371	-0.00485873
371.1	-0.00479996
371.2	-0.00474194
371.3	-0.00468456
371.4	-0.00462518
371.5	-0.00456324
371.6	-0.00449821
371.7	-0.0044325
371.8	-0.00437025
371.9	-0.00431039
372	-0.00425088
372.1	-0.00419228
372.2	-0.0041356
372.3	-0.00407744
372.4	-0.00401731
372.5	-0.00395823
372.6	-0.00390034
372.7	-0.00384662
372.8	-0.00379601
372.9	-0.00374529
373	-0.00369719
373.1	-0.00364454
373.2	-0.00359398
373.3	-0.00354382
373.4	-0.00349324
373.5	-0.00344208
373.6	-0.00338919
373.7	-0.00333873
373.8	-0.00328795
373.9	-0.00323531
374	-0.00318924
374.1	-0.0031512
374.2	-0.00311045
374.3	-0.00306616
374.4	-0.00302467
374.5	-0.00299005
374.6	-0.00295898
374.7	-0.00292688
374.8	-0.00289583
374.9	-0.00287375
375	-0.00285481
375.1	-0.00283224
375.2	-0.0028081
375.3	-0.00278632
375.4	-0.00276567
375.5	-0.00274281
375.6	-0.00271873
375.7	-0.00269039
375.8	-0.00265587
375.9	-0.00262204
376	-0.00259664
376.1	-0.002581
376.2	-0.00257133
376.3	-0.00256401
376.4	-0.00255636
376.5	-0.00255041
376.6	-0.0025398
376.7	-0.00252512
376.8	-0.0025122
376.9	-0.00249691
377	-0.00248359
377.1	-0.00247237
377.2	-0.00245894
377.3	-0.00244742
377.4	-0.00243521
377.5	-0.00242023
377.6	-0.0023987
377.7	-0.00237661
377.8	-0.00235085
377.9	-0.00232385
378	-0.00229486
378.1	-0.0022733
378.2	-0.00225465
378.3	-0.00223505
378.4	-0.00221106
378.5	-0.00218345
378.6	-0.00214935
378.7	-0.00211582
378.8	-0.00208207
378.9	-0.00204292
379	-0.00200203
379.1	-0.00196118
379.2	-0.00192008
379.3	-0.00187903
379.4	-0.00183635
379.5	-0.00179433
379.6	-0.00175036
379.7	-0.00170425
379.8	-0.00166112
379.9	-0.00162135
380	-0.00158543
380.1	-0.001552
380.2	-0.00151984
380.3	-0.00148751
380.4	-0.00145548
380.5	-0.00142356
380.6	-0.00139175
380.7	-0.00136204
380.8	-0.00133932
380.9	-0.00132381
381	-0.00130641
381.1	-0.00128652
381.2	-0.00126742
381.3	-0.00124777
381.4	-0.0012302
381.5	-0.00121255
381.6	-0.00119513
381.7	-0.00117774
381.8	-0.00116425
381.9	-0.00115355
382	-0.00114152
382.1	-0.00112452
382.2	-0.00110166
382.3	-0.00107998
382.4	-0.00105898
382.5	-0.0010364
382.6	-0.00101508
382.7	-0.000993975
382.8	-0.000970963
382.9	-0.000944482
383	-0.000920216
383.1	-0.000893563
383.2	-0.000864387
383.3	-0.000833631
383.4	-0.000805467
383.5	-0.00078013
383.6	-0.00076118
383.7	-0.000747722
383.8	-0.000736749
383.9	-0.000727745
384	-0.00072148
384.1	-0.000719817
384.2	-0.000720191
384.3	-0.000726224
384.4	-0.000734289
384.5	-0.000742661
384.6	-0.000747185
384.7	-0.00074691
384.8	-0.000737652
384.9	-0.000725759
385	-0.000710965
385.1	-0.000694087
385.2	-0.000674595
385.3	-0.000652773
385.4	-0.000633897
385.5	-0.000615743
385.6	-0.000597476
385.7	-0.000579142
385.8	-0.000559118
385.9	-0.00053974
386	-0.000519413
386.1	-0.000499886
386.2	-0.000482018
386.3	-0.000463883
386.4	-0.000439639
386.5	-0.000415122
386.6	-0.000387006
386.7	-0.000350712
386.8	-0.000313758
386.9	-0.000279543
387	-0.000249143
387.1	-0.000218551
387.2	-0.000191281
387.3	-0.000168273
387.4	-0.000149461
387.5	-0.000129269
387.6	-0.000110046
387.7	-9.44055e-05
387.8	-8.49505e-05
387.9	-7.86013e-05
388	-7.13916e-05
388.1	-6.04967e-05
388.2	-4.54375e-05
388.3	-2.85382e-05
388.4	-9.50219e-06
388.5	1.10781e-05
388.6	3.11026e-05
388.7	5.08785e-05
388.8	7.51434e-05
388.9	9.95158e-05
389	0.000126975
389.1	0.000152691
389.2	0.000176329
389.3	0.000196639
389.4	0.000212002
389.5	0.000225947
389.6	0.000242541
389.7	0.000259639
389.8	0.00027505
389.9	0.000292598
390	0.000315894
390.1	0.000337982
390.2	0.000357847
390.3	0.000374713
390.4	0.000388936
390.5	0.000402243
390.6	0.000414071
390.7	0.000424507
390.8	0.000432344
390.9	0.000440293
391	0.000446157
391.1	0.000449722
391.2	0.0004498
391.3	0.000450954
391.4	0.0004495
391.5	0.000445314
391.6	0.000443459
391.7	0.000444118
391.8	0.00044498
391.9	0.000446149
392	0.000444729
392.1	0.000442081
392.2	0.000436032
392.3	0.000423754
392.4	0.00040537
392.5	0.000388071
392.6	0.00036837
392.7	0.000351483
392.8	0.00033635
392.9	0.0003181
393	0.000297891
393.1	0.000276189
393.2	0.000252096
393.3	0.000226324
393.4	0.000199261
393.5	0.000171637
393.6	0.000139195
393.7	0.000105875
393.8	7.30549e-05
393.9	4.38939e-05
394	1.47942e-05
394.1	-1.19617e-05
394.2	-4.0369e-05
394.3	-6.6739e-05
394.4	-9.15065e-05
394.5	-0.000113451
394.6	-0.000135736
394.7	-0.00015801
394.8	-0.000173655
394.9	-0.000186069
395	-0.000195625
395.1	-0.000200667
395.2	-0.000205759
395.3	-0.000208401
395.4	-0.000207449
395.5	-0.00020965
395.6	-0.00021064
395.7	-0.000201812
395.8	-0.000187302
395.9	-0.000169153
396	-0.000147474
396.1	-0.000129485
396.2	-0.00012065
396.3	-0.000122575
396.4	-0.000129208
396.5	-0.000138382
396.6	-0.000151325
396.7	-0.00016225
396.8	-0.000172272
396.9	-0.000183792
397	-0.000194391
397.1	-0.000207833
397.2	-0.000221664
397.3	-0.000237975
397.4	-0.000256241
397.5	-0.000273114
397.6	-0.000290393
397.7	-0.00031195
397.8	-0.000333202
397.9	-0.000356158
398	-0.00037881
398.1	-0.000405367
398.2	-0.000434011
398.3	-0.000463462
398.4	-0.000494491
398.5	-0.000523638
398.6	-0.000553814
398.7	-0.000586549
398.8	-0.000622913
398.9	-0.000669519
399	-0.000720702
399.1	-0.000771043
399.2	-0.000817108
399.3	-0.000863225
399.4	-0.000908225
399.5	-0.000951924
399.6	-0.000993925
399.7	-0.00103821
399.8	-0.00108397
399.9	-0.0011256
400	-0.00116422
400.1	-0.00120002
400.2	-0.00123829
400.3	-0.00128087
400.4	-0.00132027
400.5	-0.00135547
400.6	-0.00139188
400.7	-0.00142628
400.8	-0.00146557
400.9	-0.00150763
401	-0.0015474
401.1	-0.00158653
401.2	-0.00162239
401.3	-0.00165418
401.4	-0.0016832
401.5	-0.00171075
401.6	-0.0017418
401.7	-0.00177494
401.8	-0.00180772
401.9	-0.00183454
402	-0.00185896
402.1	-0.00188152
402.2	-0.0019077
402.3	-0.0019392
402.4	-0.00197004
402.5	-0.00200125
402.6	-0.00203836
402.7	-0.0020788
402.8	-0.00211874
402.9	-0.00215552
403	-0.00218435
403.1	-0.00220546
403.2	-0.00222182
403.3	-0.00223331
403.4	-0.00224777
403.5	-0.00226183
403.6	-0.00227172
403.7	-0.00228149
403.8	-0.00229037
403.9	-0.0022977
404	-0.00230592
404.1	-0.00231578
404.2	-0.00232197
404.3	-0.00232273
404.4	-0.00232086
404.5	-0.00231949
404.6	-0.00231895
404.7	-0.00231589
404.8	-0.00230674
404.9	-0.00228973
405	-0.00226804
405.1	-0.00224207
405.2	-0.00221585
405.3	-0.00218944
405.4	-0.00216164
405.5	-0.00213257
405.6	-0.0021005
405.7	-0.00206664
405.8	-0.00203354
405.9	-0.00200475
406	-0.00198004
406.1	-0.00195796
406.2	-0.00193965
406.3	-0.00192348
406.4	-0.00190524
406.5	-0.00188811
406.6	-0.00187163
406.7	-0.00185621
406.8	-0.0018444
406.9	-0.00183144
407	-0.00181537
407.1	-0.00179464
407.2	-0.00177505
407.3	-0.00175715
407.4	-0.00173837
407.5	-0.0017168
407.6	-0.00170083
407.7	-0.00168917
407.8	-0.00167722
407.9	-0.0016667
408	-0.00165629
408.1	-0.00164986
408.2	-0.00164589
408.3	-0.00164594
408.4	-0.0016487
408.5	-0.00165159
408.6	-0.00165443
408.7	-0.00165341
408.8	-0.00164758
408.9	-0.00163505
409	-0.00161667
409.1	-0.00159455
409.2	-0.00157408
409.3	-0.00155708
409.4	-0.0015415
409.5	-0.00152115
409.6	-0.00150161
409.7	-0.00148291
409.8	-0.00146197
409.9	-0.00144231
410	-0.00142172
410.1	-0.00140197
410.2	-0.00139133
410.3	-0.00137994
410.4	-0.00136431
410.5	-0.00134442
410.6	-0.00131973
410.7	-0.00128961
410.8	-0.00126035
410.9	-0.00123609
411	-0.00121258
411.1	-0.00119013
411.2	-0.00116199
411.3	-0.0011356
411.4	-0.00110904
411.5	-0.00107925
411.6	-0.00104809
411.7	-0.00101924
411.8	-0.000989635
411.9	-0.000960043
412	-0.000930383
412.1	-0.000899862
412.2	-0.000870378
412.3	-0.000842135
412.4	-0.000815084
412.5	-0.000789941
412.6	-0.00076269
412.7	-0.00073143
412.8	-0.000700817
412.9	-0.000673409
413	-0.000647094
413.1	-0.000618428
413.2	-0.000593141
413.3	-0.000573515
413.4	-0.000559712
413.5	-0.000550084
413.6	-0.000541885
413.7	-0.000534478
413.8	-0.000533063
413.9	-0.000538587
414	-0.000548332
414.1	-0.000556548
414.2	-0.000561041
414.3	-0.000563992
414.4	-0.000566862
414.5	-0.000568014
414.6	-0.000568065
414.7	-0.000562373
414.8	-0.000554233
414.9	-0.000550126
415	-0.000545057
415.1	-0.000534315
415.2	-0.000519429
415.3	-0.000500563
415.4	-0.00047997
415.5	-0.000464026
415.6	-0.000448952
415.7	-0.000433539
415.8	-0.000422091
415.9	-0.000412654
416	-0.00040065
416.1	-0.000379474
416.2	-0.000354089
416.3	-0.00032882
416.4	-0.000300896
416.5	-0.000271375
416.6	-0.000231757
416.7	-0.000187279
416.8	-0.000138818
416.9	-8.87043e-05
417	-3.98183e-05
417.1	9.15104e-06
417.2	5.77214e-05
417.3	0.000106101
417.4	0.000153818
417.5	0.000205771
417.6	0.000259353
417.7	0.000316955
417.8	0.000377447
417.9	0.000437907
418	0.000498591
418.1	0.000559345
418.2	0.00062225
418.3	0.000692757
418.4	0.000768346
418.5	0.000847938
418.6	0.00093087
418.7	0.00101057
418.8	0.00109013
418.9	0.0011697
419	0.00125038
419.1	0.00133241
419.2	0.00141564
419.3	0.00149577
419.4	0.0015709
419.5	0.00164618
419.6	0.00172313
419.7	0.00180201
419.8	0.00187975
419.9	0.00195159
420	0.00202228
420.1	0.00209491
420.2	0.00216675
420.3	0.00223132
420.4	0.00228913
420.5	0.00234022
420.6	0.00238943
420.7	0.0024429
420.8	0.00249518
420.9	0.002554
421	0.00261288
421.1	0.0026693
421.2	0.00272396
421.3	0.00277863
421.4	0.00283127
421.5	0.00288462
421.6	0.00294095
421.7	0.00299926
421.8	0.00305185
421.9	0.00310626
422	0.00316123
422.1	0.00322009
422.2	0.00328519
422.3	0.00335276
422.4	0.00342033
422.5	0.00348422
422.6	0.00355146
422.7	0.003623
422.8	0.00369558
422.9	0.00377036
423	0.00384443
423.1	0.00391458
423.2	0.00398025
423.3	0.00403862
423.4	0.0040904
423.5	0.00414551
423.6	0.00420598
423.7	0.00427398
423.8	0.0043432
423.9	0.00441368
424	0.00448619
424.1	0.00456202
424.2	0.00463618
424.3	0.00470976
424.4	0.00478517
424.5	0.0048592
424.6	0.00492795
424.7	0.00498852
424.8	0.00504348
424.9	0.00509496
425	0.0051477
425.1	0.00520408
425.2	0.00526283
425.3	0.00532456
425.4	0.00538824
425.5	0.00545137
425.6	0.00551172
425.7	0.00557424
425.8	0.00563627
425.9	0.00569682
426	0.00575834
426.1	0.00582226
426.2	0.00589119
426.3	0.0059605
426.4	0.00602607
426.5	0.00608673
426.6	0.00614872
426.7	0.00621065
426.8	0.00627393
426.9	0.00633796
427	0.00639919
427.1	0.00645144
427.2	0.0064937
427.3	0.00652848
427.4	0.00656065
427.5	0.00659346
427.6	0.00662622
427.7	0.00665665
427.8	0.00668372
427.9	0.00671158
428	0.00674158
428.1	0.00677648
428.2	0.00681593
428.3	0.00685258
428.4	0.00689081
428.5	0.00693178
428.6	0.00696649
428.7	0.00699885
428.8	0.00703322
428.9	0.00707187
429	0.00711117
429.1	0.00714927
429.2	0.00718816
429.3	0.00722616
429.4	0.0072649
429.5	0.00730097
429.6	0.00733184
429.7	0.0073616
429.8	0.00738801
429.9	0.00741214
430	0.00743805
430.1	0.00746441
430.2	0.00748949
430.3	0.00751332
430.4	0.00753354
430.5	0.00755379
430.6	0.0075763
430.7	0.00760014
430.8	0.00761959
430.9	0.00763603
431	0.00765327
431.1	0.00766909
431.2	0.00768373
431.3	0.00769954
431.4	0.00771894
431.5	0.00773907
431.6	0.00775427
431.7	0.00776725
431.8	0.00778206
431.9	0.00779171
432	0.0077958
432.1	0.00779955
432.2	0.00780164
432.3	0.00780286
432.4	0.00780661
432.5	0.00781418
432.6	0.00782562
432.7	0.00784307
432.8	0.00786185
432.9	0.00788335
433	0.00790668
433.1	0.00792984
433.2	0.00795148
433.3	0.00797085
433.4	0.00798744
433.5	0.00800106
433.6	0.00801608
433.7	0.00803133
433.8	0.00805239
433.9	0.00807308
434	0.00809017
434.1	0.00810861
434.2	0.00812442
434.3	0.00813803
434.4	0.00815274
434.5	0.00816687
434.6	0.00818378
434.7	0.00819941
434.8	0.00821733
434.9	0.00823068
435	0.0082374
435.1	0.00824197
435.2	0.00824854
435.3	0.00825208
435.4	0.00825613
435.5	0.00826502
435.6	0.00827577
435.7	0.00828369
435.8	0.00829202
435.9	0.00830116
436	0.0083157
436.1	0.00832923
436.2	0.0083414
436.3	0.00835084
436.4	0.0083563
436.5	0.00836036
436.6	0.00836528
436.7	0.00837036
436.8	0.0083749
436.9	0.00837423
437	0.00837346
437.1	0.00837242
437.2	0.00836937
437.3	0.00836197
437.4	0.00836335
437.5	0.00837097
437.6	0.0083822
437.7	0.00839109
437.8	0.00840046
437.9	0.00840663
438	0.0084124
438.1	0.0084166
438.2	0.00842121
438.3	0.00842689
438.4	0.00843444
438.5	0.00844767
438.6	0.00846448
438.7	0.00848177
438.8	0.00850217
438.9	0.00852027
439	0.0085342
439.1	0.00854157
439.2	0.00854847
439.3	0.00855526
439.4	0.00856471
439.5	0.00857093
439.6	0.00857711
439.7	0.00858769
439.8	0.00859936
439.9	0.00861427
440	0.00863583
440.1	0.00866028
440.2	0.0086849
440.3	0.00871207
440.4	0.00874004
440.5	0.00876699
440.6	0.00879429
440.7	0.00881797
440.8	0.00883642
440.9	0.00885218
441	0.00886398
441.1	0.00887425
441.2	0.00888368
441.3	0.00889401
441.4	0.00890328
441.5	0.00891302
441.6	0.00891945
441.7	0.00892569
441.8	0.00893701
441.9	0.00895418
442	0.00897196
442.1	0.00898769
442.2	0.00900461
442.3	0.00902429
442.4	0.00903965
442.5	0.00905174
442.6	0.00905794
442.7	0.00906374
442.8	0.00907211
442.9	0.00907707
443	0.00907572
443.1	0.00907116
443.2	0.0090617
443.3	0.00905243
443.4	0.00904751
443.5	0.00904351
443.6	0.00904215
443.7	0.00904058
443.8	0.009036
443.9	0.00903544
444	0.00903612
444.1	0.00903921
444.2	0.00904476
444.3	0.00904754
444.4	0.00905214
444.5	0.0090626
444.6	0.00907482
444.7	0.00908727
444.8	0.00909802
444.9	0.00910574
445	0.00911027
445.1	0.00911687
445.2	0.00912509
445.3	0.00913142
445.4	0.00913762
445.5	0.00913902
445.6	0.0091438
445.7	0.00915474
445.8	0.00917241
445.9	0.00919243
446	0.00921123
446.1	0.00923042
446.2	0.0092419
446.3	0.00925346
446.4	0.00926466
446.5	0.00927691
446.6	0.00928866
446.7	0.00929922
446.8	0.00930999
446.9	0.00932486
447	0.0093456
447.1	0.009362
447.2	0.00937132
447.3	0.00938191
447.4	0.00939552
447.5	0.00941215
447.6	0.00943427
447.7	0.00945951
447.8	0.00948849
447.9	0.00951992
448	0.00955564
448.1	0.00959509
448.2	0.0096378
448.3	0.00968027
448.4	0.00972275
448.5	0.00976201
448.6	0.00980121
448.7	0.00983848
448.8	0.00987722
448.9	0.00991473
449	0.00995412
449.1	0.00998921
449.2	0.0100205
449.3	0.0100524
449.4	0.0100795
449.5	0.0100957
449.6	0.0101059
449.7	0.010117
449.8	0.0101271
449.9	0.0101356
450	0.0101451
450.1	0.0101573
450.2	0.0101725
450.3	0.0101869
450.4	0.0101983
450.5	0.0102076
450.6	0.0102132
450.7	0.0102138
450.8	0.0102118
450.9	0.010209
451	0.0102072
451.1	0.0102091
451.2	0.0102132
451.3	0.0102149
451.4	0.0102155
451.5	0.010216
451.6	0.0102171
451.7	0.0102158
451.8	0.0102163
451.9	0.0102126
452	0.0102036
452.1	0.0101935
452.2	0.0101814
452.3	0.0101655
452.4	0.010145
452.5	0.0101239
452.6	0.0101026
452.7	0.0100851
452.8	0.0100689
452.9	0.0100498
453	0.010029
453.1	0.0100043
453.2	0.00998024
453.3	0.00995683
453.4	0.00993436
453.5	0.00991561
453.6	0.0098956
453.7	0.00987764
453.8	0.00986266
453.9	0.00984845
454	0.00983161
454.1	0.00981289
454.2	0.00979244
454.3	0.00976799
454.4	0.00974309
454.5	0.00971676
454.6	0.00969086
454.7	0.00966213
454.8	0.00962607
454.9	0.00958683
455	0.00954476
455.1	0.00949377
455.2	0.00944122
455.3	0.00938781
455.4	0.00933748
455.5	0.00929256
455.6	0.00925254
455.7	0.00921184
455.8	0.00917118
455.9	0.00913419
456	0.00910191
456.1	0.00907355
456.2	0.009046
456.3	0.00901834
456.4	0.00899202
456.5	0.0089692
456.6	0.00894757
456.7	0.00892472
456.8	0.00890278
456.9	0.00888469
457	0.00887121
457.1	0.00885445
457.2	0.0088324
457.3	0.00880534
457.4	0.00878276
457.5	0.00876229
457.6	0.00874486
457.7	0.00873147
457.8	0.00872685
457.9	0.00872558
458	0.00872936
458.1	0.00873533
458.2	0.00874445
458.3	0.00875706
458.4	0.00876619
458.5	0.00877105
458.6	0.00877941
458.7	0.0087874
458.8	0.00879787
458.9	0.0088093
459	0.00881983
459.1	0.0088351
459.2	0.00885748
459.3	0.00888023
459.4	0.00889952
459.5	0.00891467
459.6	0.00893336
459.7	0.00895557
459.8	0.00898225
459.9	0.00901338
460	0.00904369
460.1	0.00907235
460.2	0.00910444
460.3	0.00913719
460.4	0.00916989
460.5	0.00920459
460.6	0.00924164
460.7	0.00927995
460.8	0.00932084
460.9	0.00936242
461	0.00940461
461.1	0.00944473
461.2	0.00948738
461.3	0.00953062
461.4	0.00957288
461.5	0.00961237
461.6	0.00964921
461.7	0.00968762
461.8	0.00972271
461.9	0.00975788
462	0.00979583
462.1	0.00983541
462.2	0.00987686
462.3	0.00991678
462.4	0.0099489
462.5	0.00997562
462.6	0.00999961
462.7	0.010024
462.8	0.0100478
462.9	0.0100664
463	0.0100843
463.1	0.0101016
463.2	0.0101131
463.3	0.0101194
463.4	0.0101216
463.5	0.0101237
463.6	0.0101306
463.7	0.0101379
463.8	0.0101451
463.9	0.0101506
464	0.0101546
464.1	0.0101582
464.2	0.0101664
464.3	0.0101748
464.4	0.0101826
464.5	0.0101889
464.6	0.0101962
464.7	0.0102054
464.8	0.0102123
464.9	0.0102211
465	0.010234
465.1	0.0102451
465.2	0.0102543
465.3	0.0102644
465.4	0.0102743
465.5	0.0102856
465.6	0.0102961
465.7	0.0103075
465.8	0.0103195
465.9	0.0103385
466	0.0103619
466.1	0.0103873
466.2	0.0104132
466.3	0.0104391
466.4	0.0104647
466.5	0.010489
466.6	0.0105113
466.7	0.0105286
466.8	0.0105444
466.9	0.0105588
467	0.0105719
467.1	0.0105893
467.2	0.0106116
467.3	0.0106357
467.4	0.0106603
467.5	0.0106862
467.6	0.0107091
467.7	0.0107257
467.8	0.0107394
467.9	0.0107488
468	0.0107576
468.1	0.0107705
468.2	0.0107802
468.3	0.0107805
468.4	0.0107766
468.5	0.0107629
468.6	0.01074
468.7	0.0107139
468.8	0.0106864
468.9	0.0106633
469	0.0106465
469.1	0.0106303
469.2	0.0106152
469.3	0.0105953
469.4	0.0105689
469.5	0.0105444
469.6	0.0105234
469.7	0.0105062
469.8	0.0104926
469.9	0.0104779
470	0.0104608
470.1	0.0104457
470.2	0.0104301
470.3	0.0104131
470.4	0.0103993
470.5	0.0103858
470.6	0.0103719
470.7	0.0103571
470.8	0.010338
470.9	0.0103179
471	0.0102942
471.1	0.0102682
471.2	0.010237
471.3	0.0102063
471.4	0.0101731
471.5	0.0101418
471.6	0.0101126
471.7	0.0100844
471.8	0.0100518
471.9	0.0100136
472	0.00997358
472.1	0.00993583
472.2	0.00989629
472.3	0.00985454
472.4	0.00980998
472.5	0.00975825
472.6	0.00970358
472.7	0.0096501
472.8	0.00958963
472.9	0.00952575
473	0.00946096
473.1	0.00939557
473.2	0.0093293
473.3	0.0092629
473.4	0.00919992
473.5	0.00913895
473.6	0.00907721
473.7	0.00901667
473.8	0.00896036
473.9	0.00890237
474	0.00884256
474.1	0.00878362
474.2	0.0087195
474.3	0.00865652
474.4	0.00859302
474.5	0.00852787
474.6	0.00846114
474.7	0.00839644
474.8	0.00833365
474.9	0.00827551
475	0.00822076
475.1	0.00816795
475.2	0.00811848
475.3	0.00807147
475.4	0.00802325
475.5	0.00797668
475.6	0.0079346
475.7	0.00789634
475.8	0.00785994
475.9	0.00782544
476	0.00779758
476.1	0.00776943
476.2	0.0077457
476.3	0.00772131
476.4	0.00769626
476.5	0.00767604
476.6	0.00765757
476.7	0.00763973
476.8	0.0076206
476.9	0.00760093
477	0.00757917
477.1	0.00755822
477.2	0.00754251
477.3	0.00752847
477.4	0.00751051
477.5	0.00749783
477.6	0.00748608
477.7	0.00747951
477.8	0.00747408
477.9	0.00746601
478	0.0074566
478.1	0.0074474
478.2	0.00743885
478.3	0.00743063
478.4	0.00742111
478.5	0.00741049
478.6	0.00739993
478.7	0.00740052
478.8	0.00741267
478.9	0.00742826
479	0.00744419
479.1	0.00746389
479.2	0.00747396
479.3	0.00747543
479.4	0.00747355
479.5	0.00747301
479.6	0.0074779
479.7	0.00748315
479.8	0.0074882
479.9	0.00749375
480	0.0074984
480.1	0.00750663
480.2	0.00751955
480.3	0.00753316
480.4	0.00754629
480.5	0.00756224
480.6	0.00757749
480.7	0.00759277
480.8	0.00759838
480.9	0.0076042
481	0.00761063
481.1	0.00761773
481.2	0.0076276
481.3	0.00764136
481.4	0.00765971
481.5	0.00767346
481.6	0.00768418
481.7	0.00769243
481.8	0.00769993
481.9	0.00770931
482	0.00771414
482.1	0.00771761
482.2	0.00771997
482.3	0.00772228
482.4	0.00772335
482.5	0.0077221
482.6	0.00771883
482.7	0.00771975
482.8	0.00771216
482.9	0.00769881
483	0.00768806
483.1	0.00767872
483.2	0.00766944
483.3	0.00765491
483.4	0.00763437
483.5	0.00761072
483.6	0.00758668
483.7	0.00756571
483.8	0.00755114
483.9	0.00753853
484	0.00753022
484.1	0.00751622
484.2	0.0074951
484.3	0.00747424
484.4	0.00745476
484.5	0.00743048
484.6	0.00739773
484.7	0.00736087
484.8	0.00732148
484.9	0.00728287
485	0.00724165
485.1	0.00719883
485.2	0.00715515
485.3	0.00711452
485.4	0.00707089
485.5	0.00702743
485.6	0.00698617
485.7	0.00694889
485.8	0.00690927
485.9	0.00686699
486	0.00682294
486.1	0.00678218
486.2	0.00674376
486.3	0.00670215
486.4	0.00665664
486.5	0.00660935
486.6	0.00656181
486.7	0.00650811
486.8	0.00645156
486.9	0.00639598
487	0.00633751
487.1	0.00628186
487.2	0.00622837
487.3	0.00617365
487.4	0.00611884
487.5	0.00606832
487.6	0.00602158
487.7	0.00597738
487.8	0.0059318
487.9	0.00588495
488	0.00584503
488.1	0.00580641
488.2	0.00576637
488.3	0.00572085
488.4	0.00567041
488.5	0.00561818
488.6	0.00556592
488.7	0.00551708
488.8	0.00547722
488.9	0.00544043
489	0.00540806
489.1	0.00537838
489.2	0.005354
489.3	0.00532933
489.4	0.00530556
489.5	0.00528532
489.6	0.00526868
489.7	0.00524946
489.8	0.00523289
489.9	0.0052178
490	0.00520203
490.1	0.00518177
490.2	0.00515546
490.3	0.00512271
490.4	0.0050892
490.5	0.00505574
490.6	0.00502444
490.7	0.00499679
490.8	0.00496772
490.9	0.00493945
491	0.00491237
491.1	0.0048844
491.2	0.00485746
491.3	0.00482829
491.4	0.00479432
491.5	0.00475749
491.6	0.00471942
491.7	0.00468184
491.8	0.00465
491.9	0.00461937
492	0.00458809
492.1	0.00455466
492.2	0.00451832
492.3	0.0044846
492.4	0.00444991
492.5	0.00441935
492.6	0.00438357
492.7	0.00434357
492.8	0.00429944
492.9	0.00425462
493	0.00420617
493.1	0.00415166
493.2	0.00409702
493.3	0.00403983
493.4	0.00397739
493.5	0.00391688
493.6	0.00386356
493.7	0.0038158
493.8	0.00377221
493.9	0.00372888
494	0.00368612
494.1	0.00364593
494.2	0.00361323
494.3	0.00358708
494.4	0.00356442
494.5	0.00354486
494.6	0.00352657
494.7	0.00350661
494.8	0.00348711
494.9	0.00346942
495	0.00345423
495.1	0.00343176
495.2	0.00341222
495.3	0.00339424
495.4	0.00337439
495.5	0.00335986
495.6	0.00334644
495.7	0.00332857
495.8	0.00330652
495.9	0.00328462
496	0.0032564
496.1	0.00322524
496.2	0.00319329
496.3	0.00316067
496.4	0.00312756
496.5	0.00309251
496.6	0.00306067
496.7	0.00302946
496.8	0.00300314
496.9	0.00297812
497	0.00295369
497.1	0.00292734
497.2	0.00289922
497.3	0.00286877
497.4	0.00283693
497.5	0.00280274
497.6	0.00276936
497.7	0.002739
497.8	0.00270838
497.9	0.00267892
498	0.00265274
498.1	0.0026247
498.2	0.00259317
498.3	0.00256182
498.4	0.00253211
498.5	0.00250618
498.6	0.0024838
498.7	0.00246044
498.8	0.00243557
498.9	0.00240847
499	0.00238191
499.1	0.00235872
499.2	0.00233365
499.3	0.00230343
499.4	0.00227028
499.5	0.00223482
499.6	0.00219661
499.7	0.00216269
499.8	0.00213038
499.9	0.00210145
500	0.00207547
