LagTime	Correlation

0	0.664571
0.1	0.659552
0.2	0.652073
0.3	0.644041
0.4	0.635949
0.5	0.627915
0.6	0.619967
0.7	0.612113
0.8	0.604357
0.9	0.596694
1	0.58913
1.1	0.581666
1.2	0.5743
1.3	0.567028
1.4	0.559848
1.5	0.552757
1.6	0.54575
1.7	0.538831
1.8	0.531996
1.9	0.525252
2	0.518593
2.1	0.512022
2.2	0.505531
2.3	0.49912
2.4	0.492793
2.5	0.486547
2.6	0.48038
2.7	0.474289
2.8	0.468274
2.9	0.462336
3	0.456476
3.1	0.450695
3.2	0.444989
3.3	0.439355
3.4	0.433794
3.5	0.428304
3.6	0.422885
3.7	0.417536
3.8	0.412249
3.9	0.407023
4	0.401859
4.1	0.396759
4.2	0.391723
4.3	0.386753
4.4	0.38185
4.5	0.377016
4.6	0.372249
4.7	0.367542
4.8	0.362891
4.9	0.358297
5	0.353765
5.1	0.349296
5.2	0.344884
5.3	0.340534
5.4	0.33624
5.5	0.331994
5.6	0.327795
5.7	0.323648
5.8	0.319554
5.9	0.315514
6	0.311523
6.1	0.307587
6.2	0.303704
6.3	0.299871
6.4	0.296086
6.5	0.292347
6.6	0.288654
6.7	0.285008
6.8	0.281409
6.9	0.277851
7	0.27434
7.1	0.270868
7.2	0.267437
7.3	0.264053
7.4	0.260709
7.5	0.257406
7.6	0.254136
7.7	0.250902
7.8	0.247704
7.9	0.244546
8	0.241429
8.1	0.238358
8.2	0.235328
8.3	0.232337
8.4	0.22938
8.5	0.226453
8.6	0.223563
8.7	0.220699
8.8	0.217864
8.9	0.215062
9	0.212287
9.1	0.209542
9.2	0.206832
9.3	0.204154
9.4	0.201509
9.5	0.198897
9.6	0.196317
9.7	0.193771
9.8	0.191255
9.9	0.188769
10	0.186312
10.1	0.183885
10.2	0.181491
10.3	0.179127
10.4	0.176789
10.5	0.174479
10.6	0.172197
10.7	0.169951
10.8	0.167735
10.9	0.165551
11	0.163391
11.1	0.161257
11.2	0.159154
11.3	0.157078
11.4	0.155032
11.5	0.153012
11.6	0.151018
11.7	0.149051
11.8	0.147113
11.9	0.145204
12	0.143321
12.1	0.141467
12.2	0.13964
12.3	0.137842
12.4	0.136061
12.5	0.1343
12.6	0.132559
12.7	0.130837
12.8	0.129137
12.9	0.127455
13	0.12579
13.1	0.124144
13.2	0.122522
13.3	0.120924
13.4	0.119349
13.5	0.117794
13.6	0.116264
13.7	0.114751
13.8	0.113257
13.9	0.111785
14	0.110334
14.1	0.108905
14.2	0.1075
14.3	0.106111
14.4	0.10474
14.5	0.103385
14.6	0.102049
14.7	0.10073
14.8	0.0994353
14.9	0.0981661
15	0.096911
15.1	0.0956626
15.2	0.0944264
15.3	0.0932077
15.4	0.0920081
15.5	0.0908263
15.6	0.0896604
15.7	0.0885112
15.8	0.0873767
15.9	0.0862527
16	0.0851422
16.1	0.0840448
16.2	0.0829577
16.3	0.0818809
16.4	0.0808154
16.5	0.0797626
16.6	0.0787253
16.7	0.0777029
16.8	0.0766937
16.9	0.0756969
17	0.0747126
17.1	0.0737469
17.2	0.0727925
17.3	0.0718528
17.4	0.070929
17.5	0.070022
17.6	0.0691291
17.7	0.0682456
17.8	0.0673703
17.9	0.0665048
18	0.065651
18.1	0.0648062
18.2	0.0639704
18.3	0.0631474
18.4	0.0623368
18.5	0.061541
18.6	0.0607556
18.7	0.0599816
18.8	0.0592209
18.9	0.0584729
19	0.0577344
19.1	0.056999
19.2	0.0562655
19.3	0.0555374
19.4	0.0548177
19.5	0.054108
19.6	0.0534099
19.7	0.0527219
19.8	0.0520397
19.9	0.0513657
20	0.0506995
20.1	0.0500439
20.2	0.0493964
20.3	0.0487564
20.4	0.0481268
20.5	0.0475095
20.6	0.0469026
20.7	0.0463058
20.8	0.0457207
20.9	0.0451431
21	0.044574
21.1	0.0440108
21.2	0.043455
21.3	0.0429126
21.4	0.0423772
21.5	0.0418442
21.6	0.0413184
21.7	0.0408015
21.8	0.0402969
21.9	0.0398035
22	0.0393152
22.1	0.0388315
22.2	0.0383572
22.3	0.0378916
22.4	0.0374308
22.5	0.0369757
22.6	0.0365286
22.7	0.036089
22.8	0.0356569
22.9	0.0352332
23	0.0348161
23.1	0.0344029
23.2	0.0339872
23.3	0.0335765
23.4	0.0331773
23.5	0.0327873
23.6	0.0324092
23.7	0.0320384
23.8	0.0316743
23.9	0.0313146
24	0.0309593
24.1	0.0306046
24.2	0.0302544
24.3	0.029905
24.4	0.0295593
24.5	0.0292221
24.6	0.0288879
24.7	0.0285618
24.8	0.0282411
24.9	0.0279242
25	0.0276153
25.1	0.0273121
25.2	0.0270145
25.3	0.0267193
25.4	0.0264254
25.5	0.0261274
25.6	0.0258331
25.7	0.0255436
25.8	0.0252587
25.9	0.0249771
26	0.0246982
26.1	0.0244247
26.2	0.0241586
26.3	0.0239005
26.4	0.0236483
26.5	0.0234017
26.6	0.0231579
26.7	0.0229136
26.8	0.0226684
26.9	0.0224283
27	0.022192
27.1	0.0219572
27.2	0.021721
27.3	0.0214894
27.4	0.0212627
27.5	0.0210408
27.6	0.020821
27.7	0.020599
27.8	0.0203763
27.9	0.0201539
28	0.0199279
28.1	0.0196975
28.2	0.0194677
28.3	0.0192377
28.4	0.0190074
28.5	0.018775
28.6	0.0185422
28.7	0.0183117
28.8	0.0180829
28.9	0.0178541
29	0.0176288
29.1	0.0174085
29.2	0.0171938
29.3	0.0169844
29.4	0.0167762
29.5	0.0165715
29.6	0.0163704
29.7	0.0161681
29.8	0.0159644
29.9	0.015767
30	0.0155771
30.1	0.0153962
30.2	0.0152189
30.3	0.0150456
30.4	0.0148738
30.5	0.014707
30.6	0.0145454
30.7	0.0143818
30.8	0.0142198
30.9	0.0140623
31	0.0139028
31.1	0.0137422
31.2	0.0135775
31.3	0.0134114
31.4	0.0132489
31.5	0.0130932
31.6	0.0129398
31.7	0.0127867
31.8	0.0126325
31.9	0.0124815
32	0.0123353
32.1	0.0121899
32.2	0.0120474
32.3	0.0119047
32.4	0.0117613
32.5	0.0116189
32.6	0.0114752
32.7	0.0113343
32.8	0.0111979
32.9	0.0110659
33	0.010936
33.1	0.0108057
33.2	0.010675
33.3	0.010543
33.4	0.010415
33.5	0.0102857
33.6	0.0101526
33.7	0.0100169
33.8	0.00987965
33.9	0.0097414
34	0.00960048
34.1	0.00945806
34.2	0.00931384
34.3	0.00916683
34.4	0.0090204
34.5	0.00887674
34.6	0.00873593
34.7	0.00860057
34.8	0.00846916
34.9	0.00834454
35	0.00822479
35.1	0.00810813
35.2	0.00799054
35.3	0.00787836
35.4	0.00776705
35.5	0.00765997
35.6	0.00755617
35.7	0.00745456
35.8	0.00735386
35.9	0.00725197
36	0.00714768
36.1	0.00705045
36.2	0.00695505
36.3	0.00686143
36.4	0.00677266
36.5	0.0066846
36.6	0.00659622
36.7	0.00650862
36.8	0.00642193
36.9	0.00633772
37	0.00625746
37.1	0.00618252
37.2	0.00611611
37.3	0.00605426
37.4	0.00599646
37.5	0.00593699
37.6	0.00587914
37.7	0.00582278
37.8	0.0057632
37.9	0.00570885
38	0.00565833
38.1	0.0056131
38.2	0.00557316
38.3	0.00553502
38.4	0.00549619
38.5	0.005457
38.6	0.00541604
38.7	0.00537277
38.8	0.00532944
38.9	0.00528755
39	0.00524598
39.1	0.00520352
39.2	0.00516637
39.3	0.00512616
39.4	0.00508673
39.5	0.00505283
39.6	0.00502224
39.7	0.00499042
39.8	0.00496112
39.9	0.00493896
40	0.00492133
40.1	0.00490538
40.2	0.00488686
40.3	0.00486127
40.4	0.00483501
40.5	0.0048078
40.6	0.0047774
40.7	0.00473902
40.8	0.00469391
40.9	0.00464721
41	0.00459857
41.1	0.00454909
41.2	0.00450349
41.3	0.0044605
41.4	0.00441788
41.5	0.00437819
41.6	0.00434095
41.7	0.00430228
41.8	0.00426327
41.9	0.00422047
42	0.00417689
42.1	0.00412963
42.2	0.00407505
42.3	0.00401675
42.4	0.00396206
42.5	0.00390881
42.6	0.0038557
42.7	0.00380265
42.8	0.00374782
42.9	0.00368806
43	0.00362053
43.1	0.00355628
43.2	0.00349126
43.3	0.00342472
43.4	0.00335262
43.5	0.00328123
43.6	0.00321021
43.7	0.00313861
43.8	0.00306509
43.9	0.00299122
44	0.00291696
44.1	0.00284694
44.2	0.00277559
44.3	0.00270508
44.4	0.00263381
44.5	0.0025636
44.6	0.00249666
44.7	0.0024348
44.8	0.00237246
44.9	0.0023053
45	0.0022342
45.1	0.00216168
45.2	0.00208728
45.3	0.002017
45.4	0.00194879
45.5	0.00188568
45.6	0.00182587
45.7	0.0017663
45.8	0.00171145
45.9	0.00166138
46	0.00161645
46.1	0.00157936
46.2	0.00155095
46.3	0.00152628
46.4	0.0014998
46.5	0.00147069
46.6	0.00143967
46.7	0.00140107
46.8	0.00135151
46.9	0.00129672
47	0.00124434
47.1	0.00119148
47.2	0.00113895
47.3	0.00109102
47.4	0.00104784
47.5	0.00101053
47.6	0.000973988
47.7	0.000939014
47.8	0.000911749
47.9	0.000891547
48	0.000871033
48.1	0.000852786
48.2	0.0008367
48.3	0.000821646
48.4	0.000809813
48.5	0.000797717
48.6	0.000785615
48.7	0.00077229
48.8	0.000756678
48.9	0.000743872
49	0.000731929
49.1	0.00072008
49.2	0.000711463
49.3	0.000701468
49.4	0.000692613
49.5	0.00068759
49.6	0.000686261
49.7	0.00068891
49.8	0.000693057
49.9	0.000699203
50	0.000701733
50.1	0.000700968
50.2	0.00069665
50.3	0.000692644
50.4	0.00069028
50.5	0.000685075
50.6	0.000675284
50.7	0.000661167
50.8	0.000646246
50.9	0.000630113
51	0.000613835
51.1	0.000599152
51.2	0.000584075
51.3	0.00057314
51.4	0.000565285
51.5	0.000558426
51.6	0.000558563
51.7	0.000563735
51.8	0.000569341
51.9	0.000576688
52	0.00058795
52.1	0.000599183
52.2	0.000610009
52.3	0.000625679
52.4	0.000638418
52.5	0.000644302
52.6	0.000645836
52.7	0.000645544
52.8	0.000647932
52.9	0.000655402
53	0.000660283
53.1	0.000663871
53.2	0.000667053
53.3	0.000671552
53.4	0.000678029
53.5	0.00068477
53.6	0.00069335
53.7	0.000700336
53.8	0.000704418
53.9	0.000700526
54	0.000691231
54.1	0.000679164
54.2	0.000664344
54.3	0.000649226
54.4	0.000633974
54.5	0.000614425
54.6	0.000591976
54.7	0.000563949
54.8	0.000531203
54.9	0.000491775
55	0.000453854
55.1	0.000416414
55.2	0.000376655
55.3	0.000337733
55.4	0.000294773
55.5	0.000252578
55.6	0.000211524
55.7	0.000170711
55.8	0.000136682
55.9	0.000106903
56	8.27757e-05
56.1	6.17685e-05
56.2	4.07927e-05
56.3	1.9574e-05
56.4	-5.23386e-06
56.5	-2.92361e-05
56.6	-5.84747e-05
56.7	-9.24069e-05
56.8	-0.000123133
56.9	-0.000152158
57	-0.000178614
57.1	-0.000202988
57.2	-0.00022239
57.3	-0.000242399
57.4	-0.000264563
57.5	-0.000290858
57.6	-0.000320135
57.7	-0.000351586
57.8	-0.000385297
57.9	-0.000418776
58	-0.000454876
58.1	-0.000493029
58.2	-0.000534237
58.3	-0.000577219
58.4	-0.000625497
58.5	-0.000682508
58.6	-0.000742276
58.7	-0.000802141
58.8	-0.000860612
58.9	-0.000912688
59	-0.000959447
59.1	-0.00100693
59.2	-0.00105867
59.3	-0.00111206
59.4	-0.00116395
59.5	-0.00121098
59.6	-0.00125342
59.7	-0.00129626
59.8	-0.0013366
59.9	-0.00138027
60	-0.00142527
60.1	-0.00147055
60.2	-0.0015154
60.3	-0.00156133
60.4	-0.00160405
60.5	-0.00164443
60.6	-0.00168315
60.7	-0.00171991
60.8	-0.00175785
60.9	-0.00179446
61	-0.00183227
61.1	-0.00186928
61.2	-0.00190015
61.3	-0.00192562
61.4	-0.00194889
61.5	-0.00196936
61.6	-0.00198872
61.7	-0.0020099
61.8	-0.00203617
61.9	-0.00206252
62	-0.0020838
62.1	-0.0021027
62.2	-0.00212831
62.3	-0.00215312
62.4	-0.00217214
62.5	-0.00218941
62.6	-0.00220511
62.7	-0.00221975
62.8	-0.0022328
62.9	-0.00224323
63	-0.00225002
63.1	-0.00225597
63.2	-0.00225922
63.3	-0.00225467
63.4	-0.00224545
63.5	-0.00223237
63.6	-0.00221634
63.7	-0.00220421
63.8	-0.0021901
63.9	-0.00217753
64	-0.00216534
64.1	-0.002157
64.2	-0.00215234
64.3	-0.00215104
64.4	-0.00215259
64.5	-0.00215311
64.6	-0.00215176
64.7	-0.00214975
64.8	-0.00214465
64.9	-0.00214031
65	-0.00213756
65.1	-0.00213446
65.2	-0.00213128
65.3	-0.00213007
65.4	-0.0021302
65.5	-0.00212831
65.6	-0.00212118
65.7	-0.00211268
65.8	-0.00210959
65.9	-0.00211124
66	-0.00211607
66.1	-0.00212796
66.2	-0.00214539
66.3	-0.00216783
66.4	-0.00218848
66.5	-0.00220422
66.6	-0.00221603
66.7	-0.00222542
66.8	-0.00223478
66.9	-0.0022425
67	-0.00224509
67.1	-0.00224636
67.2	-0.00224794
67.3	-0.00225086
67.4	-0.00225562
67.5	-0.00225628
67.6	-0.00225255
67.7	-0.00224975
67.8	-0.00225321
67.9	-0.00226378
68	-0.0022768
68.1	-0.00229588
68.2	-0.00231421
68.3	-0.00233168
68.4	-0.00235017
68.5	-0.00236597
68.6	-0.0023766
68.7	-0.00238646
68.8	-0.00239137
68.9	-0.00239532
69	-0.00239919
69.1	-0.00239979
69.2	-0.00239824
69.3	-0.0023924
69.4	-0.0023821
69.5	-0.00236875
69.6	-0.00235852
69.7	-0.00234886
69.8	-0.0023354
69.9	-0.00231756
70	-0.00229885
70.1	-0.0022756
70.2	-0.00224924
70.3	-0.00222455
70.4	-0.00220334
70.5	-0.00218323
70.6	-0.00215981
70.7	-0.00213694
70.8	-0.0021173
70.9	-0.00209957
71	-0.00208576
71.1	-0.00207151
71.2	-0.0020551
71.3	-0.0020363
71.4	-0.00201099
71.5	-0.00198404
71.6	-0.00195683
71.7	-0.00193359
71.8	-0.00191281
71.9	-0.00189525
72	-0.00188223
72.1	-0.00186936
72.2	-0.00185599
72.3	-0.00184059
72.4	-0.00182535
72.5	-0.00180819
72.6	-0.00179008
72.7	-0.00177255
72.8	-0.00175388
72.9	-0.00173771
73	-0.00172685
73.1	-0.00171672
73.2	-0.00170323
73.3	-0.00168719
73.4	-0.00167449
73.5	-0.00166172
73.6	-0.00165122
73.7	-0.00163776
73.8	-0.00162014
73.9	-0.00160444
74	-0.00159223
74.1	-0.00158102
74.2	-0.00156615
74.3	-0.00155277
74.4	-0.00154238
74.5	-0.00154222
74.6	-0.00154383
74.7	-0.00154086
74.8	-0.00153863
74.9	-0.00153458
75	-0.00153156
75.1	-0.00152812
75.2	-0.0015231
75.3	-0.00151826
75.4	-0.00151855
75.5	-0.00152293
75.6	-0.00152585
75.7	-0.00152154
75.8	-0.00151757
75.9	-0.00151426
76	-0.00150998
76.1	-0.00150379
76.2	-0.00149332
76.3	-0.00147826
76.4	-0.0014595
76.5	-0.0014422
76.6	-0.0014305
76.7	-0.00142493
76.8	-0.00141831
76.9	-0.00140608
77	-0.00139431
77.1	-0.00138001
77.2	-0.00136483
77.3	-0.00135148
77.4	-0.00134191
77.5	-0.00133238
77.6	-0.00132149
77.7	-0.00131156
77.8	-0.00130227
77.9	-0.00129755
78	-0.00129385
78.1	-0.00129098
78.2	-0.00129322
78.3	-0.00129063
78.4	-0.00128371
78.5	-0.00127343
78.6	-0.00126192
78.7	-0.00124685
78.8	-0.0012301
78.9	-0.00121007
79	-0.00118591
79.1	-0.00115999
79.2	-0.00113235
79.3	-0.0011111
79.4	-0.00109015
79.5	-0.00106347
79.6	-0.00103695
79.7	-0.00101028
79.8	-0.000982795
79.9	-0.000954111
80	-0.00092588
80.1	-0.000898402
80.2	-0.000865539
80.3	-0.000829097
80.4	-0.000788453
80.5	-0.000744936
80.6	-0.000703778
80.7	-0.000662867
80.8	-0.000622729
80.9	-0.000582619
81	-0.000542186
81.1	-0.000504704
81.2	-0.000469189
81.3	-0.000435355
81.4	-0.000405635
81.5	-0.000378652
81.6	-0.000351461
81.7	-0.000327943
81.8	-0.000307394
81.9	-0.000285166
82	-0.0002603
82.1	-0.000230877
82.2	-0.000197456
82.3	-0.00016361
82.4	-0.000130328
82.5	-9.64287e-05
82.6	-6.51513e-05
82.7	-4.13015e-05
82.8	-2.40829e-05
82.9	-9.42865e-06
83	6.37443e-06
83.1	2.13913e-05
83.2	4.05942e-05
83.3	6.49668e-05
83.4	9.57653e-05
83.5	0.000129508
83.6	0.000161655
83.7	0.000198069
83.8	0.000236822
83.9	0.000272373
84	0.000305963
84.1	0.000342
84.2	0.000382842
84.3	0.000426526
84.4	0.000473181
84.5	0.000521395
84.6	0.000569607
84.7	0.000623113
84.8	0.000677313
84.9	0.000722762
85	0.000763332
85.1	0.00079865
85.2	0.000835916
85.3	0.000870276
85.4	0.000903145
85.5	0.000932411
85.6	0.000961252
85.7	0.000991077
85.8	0.00102189
85.9	0.00104654
86	0.00106905
86.1	0.00109553
86.2	0.00112563
86.3	0.00115806
86.4	0.00119304
86.5	0.00122369
86.6	0.00125039
86.7	0.00127522
86.8	0.00129808
86.9	0.0013122
87	0.00132012
87.1	0.00132455
87.2	0.00132842
87.3	0.00133511
87.4	0.00134699
87.5	0.00136421
87.6	0.00137698
87.7	0.00138744
87.8	0.00140007
87.9	0.00140532
88	0.00140663
88.1	0.00140928
88.2	0.001414
88.3	0.00141494
88.4	0.00141269
88.5	0.00140978
88.6	0.00140537
88.7	0.00139205
88.8	0.00137029
88.9	0.00134183
89	0.00131012
89.1	0.00128126
89.2	0.0012484
89.3	0.00121114
89.4	0.00116598
89.5	0.00111888
89.6	0.00106996
89.7	0.00101789
89.8	0.000968365
89.9	0.000915475
90	0.000860404
90.1	0.000803786
90.2	0.000743566
90.3	0.000683731
90.4	0.000626263
90.5	0.00056941
90.6	0.000516955
90.7	0.000469845
90.8	0.000429026
90.9	0.000395658
91	0.00036548
91.1	0.000340351
91.2	0.00031662
91.3	0.00029616
91.4	0.000278322
91.5	0.000264153
91.6	0.000249385
91.7	0.00023348
91.8	0.000217876
91.9	0.000204392
92	0.000194862
92.1	0.000184411
92.2	0.000169898
92.3	0.00015332
92.4	0.000133663
92.5	0.000109175
92.6	8.62954e-05
92.7	6.62335e-05
92.8	4.81566e-05
92.9	2.95085e-05
93	1.13888e-05
93.1	-8.23383e-06
93.2	-2.82746e-05
93.3	-4.98437e-05
93.4	-7.29343e-05
93.5	-9.67397e-05
93.6	-0.000117448
93.7	-0.00012982
93.8	-0.000140358
93.9	-0.00015177
94	-0.000165675
94.1	-0.000179203
94.2	-0.000196021
94.3	-0.000215959
94.4	-0.000233369
94.5	-0.000248577
94.6	-0.000262819
94.7	-0.000278313
94.8	-0.000295852
94.9	-0.000309623
95	-0.000322794
95.1	-0.00032845
95.2	-0.000331937
95.3	-0.000334677
95.4	-0.000337657
95.5	-0.000343616
95.6	-0.000353828
95.7	-0.000364595
95.8	-0.000379284
95.9	-0.000396268
96	-0.000416229
96.1	-0.00043982
96.2	-0.000461187
96.3	-0.000482284
96.4	-0.000505608
96.5	-0.000529359
96.6	-0.000548202
96.7	-0.000560032
96.8	-0.000566701
96.9	-0.000572752
97	-0.000578183
97.1	-0.000582275
97.2	-0.000588466
97.3	-0.000597847
97.4	-0.000610463
97.5	-0.000624935
97.6	-0.000639692
97.7	-0.000650328
97.8	-0.000654576
97.9	-0.000656731
98	-0.000657729
98.1	-0.000658676
98.2	-0.00066339
98.3	-0.000669464
98.4	-0.000676155
98.5	-0.000689163
98.6	-0.000707313
98.7	-0.00072976
98.8	-0.00074911
98.9	-0.00076989
99	-0.000790149
99.1	-0.000809924
99.2	-0.000834693
99.3	-0.000860717
99.4	-0.000884767
99.5	-0.000908814
99.6	-0.000935085
99.7	-0.000960892
99.8	-0.000985007
99.9	-0.0010109
100	-0.00103804
100.1	-0.00106068
100.2	-0.00107731
100.3	-0.00108434
100.4	-0.00108593
100.5	-0.00108299
100.6	-0.00108058
100.7	-0.00108118
100.8	-0.00108823
100.9	-0.00109846
101	-0.00111218
101.1	-0.00112799
101.2	-0.00114396
101.3	-0.00115625
101.4	-0.00117019
101.5	-0.00118798
101.6	-0.00120421
101.7	-0.00121495
101.8	-0.00122698
101.9	-0.00123852
102	-0.00125089
102.1	-0.00126494
102.2	-0.00127561
102.3	-0.00129079
102.4	-0.00131026
102.5	-0.00133031
102.6	-0.00135148
102.7	-0.00137663
102.8	-0.00140638
102.9	-0.00143611
103	-0.00146727
103.1	-0.00150095
103.2	-0.00153848
103.3	-0.00157953
103.4	-0.00162477
103.5	-0.00167513
103.6	-0.00173026
103.7	-0.00178839
103.8	-0.00184788
103.9	-0.00190741
104	-0.00196468
104.1	-0.00201629
104.2	-0.00206415
104.3	-0.00210554
104.4	-0.00213915
104.5	-0.00216638
104.6	-0.0021893
104.7	-0.00220301
104.8	-0.00221473
104.9	-0.00222986
105	-0.00224443
105.1	-0.00225841
105.2	-0.00227188
105.3	-0.00228171
105.4	-0.00228819
105.5	-0.00229595
105.6	-0.00230224
105.7	-0.00231131
105.8	-0.00231956
105.9	-0.00232394
106	-0.00232636
106.1	-0.00232849
106.2	-0.00233108
106.3	-0.00232989
106.4	-0.00232846
106.5	-0.00231866
106.6	-0.0023056
106.7	-0.00228804
106.8	-0.00226855
106.9	-0.00224974
107	-0.00223713
107.1	-0.00223047
107.2	-0.00222464
107.3	-0.00221817
107.4	-0.00221082
107.5	-0.00220352
107.6	-0.00219499
107.7	-0.00218302
107.8	-0.00216962
107.9	-0.00215217
108	-0.00212883
108.1	-0.00210468
108.2	-0.00208235
108.3	-0.00206178
108.4	-0.00204125
108.5	-0.00202044
108.6	-0.00199682
108.7	-0.00196859
108.8	-0.00194049
108.9	-0.00191751
109	-0.001905
109.1	-0.00189944
109.2	-0.00189871
109.3	-0.00190145
109.4	-0.00190811
109.5	-0.00191438
109.6	-0.00192072
109.7	-0.0019261
109.8	-0.00193178
109.9	-0.00193832
110	-0.00194487
110.1	-0.00194951
110.2	-0.00194887
110.3	-0.00194211
110.4	-0.00192885
110.5	-0.00191595
110.6	-0.00190363
110.7	-0.00189136
110.8	-0.00187807
110.9	-0.00186694
111	-0.00186455
111.1	-0.00186744
111.2	-0.00187229
111.3	-0.00187853
111.4	-0.00188348
111.5	-0.00188953
111.6	-0.00189826
111.7	-0.00190355
111.8	-0.00190594
111.9	-0.00190386
112	-0.00189878
112.1	-0.00189136
112.2	-0.00188782
112.3	-0.00188712
112.4	-0.00189296
112.5	-0.00190334
112.6	-0.00191367
112.7	-0.00192516
112.8	-0.00194047
112.9	-0.0019526
113	-0.00196776
113.1	-0.00198385
113.2	-0.0019978
113.3	-0.00201154
113.4	-0.00202628
113.5	-0.00204597
113.6	-0.00206781
113.7	-0.00209859
113.8	-0.0021335
113.9	-0.0021703
114	-0.00220355
114.1	-0.00223301
114.2	-0.00226132
114.3	-0.00228602
114.4	-0.002307
114.5	-0.00232825
114.6	-0.00234602
114.7	-0.00236336
114.8	-0.00237827
114.9	-0.0023911
115	-0.00240067
115.1	-0.00241328
115.2	-0.00242804
115.3	-0.00244006
115.4	-0.00244895
115.5	-0.00245813
115.6	-0.00246793
115.7	-0.00247594
115.8	-0.00248193
115.9	-0.00248441
116	-0.00248876
116.1	-0.00249567
116.2	-0.00250248
116.3	-0.00250879
116.4	-0.0025127
116.5	-0.00252018
116.6	-0.0025355
116.7	-0.00255111
116.8	-0.00256547
116.9	-0.00257441
117	-0.00257666
117.1	-0.0025754
117.2	-0.00257019
117.3	-0.00256647
117.4	-0.00255625
117.5	-0.00254913
117.6	-0.00254705
117.7	-0.00254498
117.8	-0.00253934
117.9	-0.00252943
118	-0.00251275
118.1	-0.00249178
118.2	-0.00246691
118.3	-0.00243908
118.4	-0.002411
118.5	-0.00238426
118.6	-0.00236218
118.7	-0.00234149
118.8	-0.00232332
118.9	-0.00230855
119	-0.0022963
119.1	-0.00228741
119.2	-0.00228468
119.3	-0.00228813
119.4	-0.00229427
119.5	-0.00229625
119.6	-0.0022937
119.7	-0.00228514
119.8	-0.00227977
119.9	-0.00227776
120	-0.0022784
120.1	-0.00227692
120.2	-0.00227223
120.3	-0.0022627
120.4	-0.00224897
120.5	-0.00223343
120.6	-0.00221957
120.7	-0.00220857
120.8	-0.0022039
120.9	-0.00220014
121	-0.0021952
121.1	-0.00218658
121.2	-0.0021733
121.3	-0.00215486
121.4	-0.00213467
121.5	-0.00210998
121.6	-0.00208367
121.7	-0.00205998
121.8	-0.00203794
121.9	-0.0020145
122	-0.00198891
122.1	-0.00196491
122.2	-0.00194984
122.3	-0.00194289
122.4	-0.00193844
122.5	-0.00193844
122.6	-0.00194022
122.7	-0.00194188
122.8	-0.00194562
122.9	-0.00194629
123	-0.00194669
123.1	-0.00194639
123.2	-0.00194321
123.3	-0.00194289
123.4	-0.00194288
123.5	-0.00193797
123.6	-0.00192404
123.7	-0.0019075
123.8	-0.00188747
123.9	-0.00186429
124	-0.00184214
124.1	-0.00181585
124.2	-0.00179001
124.3	-0.00177033
124.4	-0.00175443
124.5	-0.00174106
124.6	-0.00172974
124.7	-0.00171562
124.8	-0.00169518
124.9	-0.00166892
125	-0.00163833
125.1	-0.00160703
125.2	-0.00157631
125.3	-0.00154158
125.4	-0.00150181
125.5	-0.00146734
125.6	-0.00142911
125.7	-0.00138866
125.8	-0.00134133
125.9	-0.00128357
126	-0.00121708
126.1	-0.00114705
126.2	-0.00107535
126.3	-0.00100209
126.4	-0.000925597
126.5	-0.000847907
126.6	-0.000772197
126.7	-0.00070006
126.8	-0.00062671
126.9	-0.000555382
127	-0.000487079
127.1	-0.000421474
127.2	-0.00035547
127.3	-0.00028839
127.4	-0.000222849
127.5	-0.000155107
127.6	-8.90803e-05
127.7	-3.04989e-05
127.8	2.13635e-05
127.9	7.08235e-05
128	0.000119482
128.1	0.000166948
128.2	0.000214123
128.3	0.000258901
128.4	0.000302436
128.5	0.000344236
128.6	0.000386977
128.7	0.000432837
128.8	0.000474274
128.9	0.000512489
129	0.000550039
129.1	0.00058372
129.2	0.000612907
129.3	0.00064134
129.4	0.000670415
129.5	0.000693903
129.6	0.000710371
129.7	0.000723965
129.8	0.000740577
129.9	0.00075913
130	0.00077876
130.1	0.000803565
130.2	0.000829764
130.3	0.000854885
130.4	0.00088135
130.5	0.000906594
130.6	0.000928011
130.7	0.000946678
130.8	0.00096717
130.9	0.000988614
131	0.00101287
131.1	0.00104023
131.2	0.00106771
131.3	0.00109729
131.4	0.00112948
131.5	0.00116604
131.6	0.00120789
131.7	0.00125425
131.8	0.00130427
131.9	0.00135509
132	0.00140563
132.1	0.00145512
132.2	0.00150102
132.3	0.001545
132.4	0.00158799
132.5	0.00163151
132.6	0.00167614
132.7	0.0017185
132.8	0.00175974
132.9	0.00179569
133	0.00182539
133.1	0.00185276
133.2	0.00187575
133.3	0.00189816
133.4	0.00192263
133.5	0.00194745
133.6	0.0019684
133.7	0.00198428
133.8	0.00199947
133.9	0.00201478
134	0.00203001
134.1	0.00204303
134.2	0.00205619
134.3	0.00206814
134.4	0.00207433
134.5	0.00207095
134.6	0.00205958
134.7	0.00204887
134.8	0.0020409
134.9	0.00203413
135	0.00202874
135.1	0.00202288
135.2	0.00201671
135.3	0.00200962
135.4	0.00200152
135.5	0.0019945
135.6	0.00198626
135.7	0.00197346
135.8	0.00195829
135.9	0.00193825
136	0.00191668
136.1	0.00189066
136.2	0.00186152
136.3	0.00183094
136.4	0.00179548
136.5	0.00175875
136.6	0.00172049
136.7	0.00167692
136.8	0.00163065
136.9	0.00158606
137	0.00154624
137.1	0.00150295
137.2	0.00145732
137.3	0.00141369
137.4	0.00137692
137.5	0.00134661
137.6	0.00132317
137.7	0.00130218
137.8	0.00128234
137.9	0.00126205
138	0.00124302
138.1	0.00122116
138.2	0.00119946
138.3	0.00117625
138.4	0.00114915
138.5	0.00111934
138.6	0.00109192
138.7	0.00107192
138.8	0.00105387
138.9	0.00103873
139	0.00102464
139.1	0.00101036
139.2	0.000995631
139.3	0.000983178
139.4	0.000978634
139.5	0.00097443
139.6	0.00097048
139.7	0.000959433
139.8	0.00094871
139.9	0.000934297
140	0.000917275
140.1	0.000905654
140.2	0.000900779
140.3	0.000898278
140.4	0.000892191
140.5	0.000884474
140.6	0.000877085
140.7	0.00087039
140.8	0.000861658
140.9	0.000853765
141	0.000841345
141.1	0.000829095
141.2	0.000825586
141.3	0.000826345
141.4	0.000825805
141.5	0.00082514
141.6	0.00081538
141.7	0.000800355
141.8	0.000782536
141.9	0.000765958
142	0.000748705
142.1	0.000734514
142.2	0.000725279
142.3	0.000719663
142.4	0.000712483
142.5	0.000706462
142.6	0.000703102
142.7	0.000696907
142.8	0.00069137
142.9	0.00068675
143	0.000681894
143.1	0.000678355
143.2	0.000679295
143.3	0.000687229
143.4	0.000694372
143.5	0.000699971
143.6	0.000706262
143.7	0.000716086
143.8	0.000727744
143.9	0.000735455
144	0.000745369
144.1	0.000757668
144.2	0.000770686
144.3	0.000781748
144.4	0.000785937
144.5	0.000787407
144.6	0.000789564
144.7	0.000792652
144.8	0.000796887
144.9	0.000804154
145	0.0008141
145.1	0.000821358
145.2	0.000828734
145.3	0.000835034
145.4	0.000838234
145.5	0.000834704
145.6	0.000818197
145.7	0.000797197
145.8	0.000770395
145.9	0.000741012
146	0.000707455
146.1	0.00067488
146.2	0.000643552
146.3	0.000615594
146.4	0.000584985
146.5	0.000551269
146.6	0.000514282
146.7	0.00047618
146.8	0.000442471
146.9	0.000413526
147	0.000385063
147.1	0.000359534
147.2	0.000338403
147.3	0.000316403
147.4	0.000294422
147.5	0.000273973
147.6	0.000255619
147.7	0.000240459
147.8	0.000228238
147.9	0.000218597
148	0.000210418
148.1	0.000209754
148.2	0.000216723
148.3	0.00022718
148.4	0.000240342
148.5	0.000258375
148.6	0.000273661
148.7	0.000285838
148.8	0.000296048
148.9	0.000303224
149	0.000310104
149.1	0.000315042
149.2	0.000316934
149.3	0.000311959
149.4	0.000302228
149.5	0.000287434
149.6	0.000269449
149.7	0.000248645
149.8	0.000227896
149.9	0.000204608
150	0.000185097
150.1	0.000167414
150.2	0.00015158
150.3	0.000135471
150.4	0.000113612
150.5	8.82584e-05
150.6	6.49073e-05
150.7	4.84754e-05
150.8	3.56214e-05
150.9	2.62863e-05
151	1.71082e-05
151.1	9.7821e-06
151.2	4.63536e-06
151.3	2.81652e-06
151.4	1.06995e-06
151.5	4.98404e-06
151.6	1.12712e-05
151.7	1.84345e-05
151.8	2.71835e-05
151.9	3.131e-05
152	3.01482e-05
152.1	2.5947e-05
152.2	1.91179e-05
152.3	1.35614e-05
152.4	1.16072e-05
152.5	8.46931e-06
152.6	3.14386e-06
152.7	3.25035e-06
152.8	7.34339e-06
152.9	1.72398e-05
153	2.60127e-05
153.1	3.3683e-05
153.2	4.20258e-05
153.3	4.90093e-05
153.4	5.96277e-05
153.5	6.91617e-05
153.6	7.46071e-05
153.7	7.99859e-05
153.8	8.73612e-05
153.9	9.38309e-05
154	0.000102358
154.1	0.000112037
154.2	0.000123722
154.3	0.000134005
154.4	0.000141605
154.5	0.000151768
154.6	0.000164495
154.7	0.000176024
154.8	0.000187648
154.9	0.000201212
155	0.000217533
155.1	0.000233871
155.2	0.000247555
155.3	0.000259884
155.4	0.000276544
155.5	0.000296743
155.6	0.000320742
155.7	0.000342819
155.8	0.000364444
155.9	0.000383563
156	0.000399372
156.1	0.000413387
156.2	0.000424404
156.3	0.000433946
156.4	0.000446472
156.5	0.000459381
156.6	0.000469312
156.7	0.000478409
156.8	0.000487474
156.9	0.000494784
157	0.000500059
157.1	0.000507097
157.2	0.00052085
157.3	0.000535819
157.4	0.00055269
157.5	0.000572585
157.6	0.000595175
157.7	0.000620099
157.8	0.000645293
157.9	0.00066479
158	0.000683244
158.1	0.000704268
158.2	0.000723379
158.3	0.000742026
158.4	0.000762282
158.5	0.000778846
158.6	0.000795702
158.7	0.000808567
158.8	0.000819677
158.9	0.00082916
159	0.000836712
159.1	0.000840265
159.2	0.000843855
159.3	0.000847184
159.4	0.000847036
159.5	0.00085031
159.6	0.000857119
159.7	0.00086746
159.8	0.000879482
159.9	0.000894901
160	0.000911451
160.1	0.000930168
160.2	0.000947973
160.3	0.000970756
160.4	0.000994045
160.5	0.00101834
160.6	0.00104065
160.7	0.00106351
160.8	0.00108576
160.9	0.00110783
161	0.00112906
161.1	0.00115401
161.2	0.0011783
161.3	0.00120183
161.4	0.00122312
161.5	0.00124013
161.6	0.00125051
161.7	0.00125709
161.8	0.00126135
161.9	0.00126541
162	0.00126573
162.1	0.00126058
162.2	0.00125424
162.3	0.0012485
162.4	0.00124135
162.5	0.0012286
162.6	0.00121475
162.7	0.00120105
162.8	0.00118919
162.9	0.00118039
163	0.00117515
163.1	0.00117017
163.2	0.00116422
163.3	0.00115569
163.4	0.00114161
163.5	0.00112669
163.6	0.00110788
163.7	0.00109122
163.8	0.0010779
163.9	0.00107207
164	0.00107194
164.1	0.00107454
164.2	0.0010793
164.3	0.00108524
164.4	0.00109163
164.5	0.00110068
164.6	0.00111359
164.7	0.00113077
164.8	0.00115046
164.9	0.00117207
165	0.0011967
165.1	0.00122241
165.2	0.00125134
165.3	0.00128421
165.4	0.00131668
165.5	0.0013468
165.6	0.00137303
165.7	0.00138943
165.8	0.00139822
165.9	0.00140957
166	0.00143128
166.1	0.0014543
166.2	0.00147689
166.3	0.00149854
166.4	0.001518
166.5	0.00153676
166.6	0.00155402
166.7	0.00156913
166.8	0.00158382
166.9	0.00159837
167	0.00161469
167.1	0.00163043
167.2	0.00164175
167.3	0.00165138
167.4	0.00166293
167.5	0.00167538
167.6	0.00168328
167.7	0.00169316
167.8	0.00170371
167.9	0.00171301
168	0.00171788
168.1	0.00172128
168.2	0.00172052
168.3	0.0017231
168.4	0.00172953
168.5	0.00173563
168.6	0.00173473
168.7	0.00173092
168.8	0.00171998
168.9	0.00171146
169	0.00170311
169.1	0.00169515
169.2	0.00168866
169.3	0.00168244
169.4	0.00167406
169.5	0.00166803
169.6	0.00166278
169.7	0.00165738
169.8	0.00165019
169.9	0.00164668
170	0.00164174
170.1	0.00163079
170.2	0.00161598
170.3	0.0015985
170.4	0.00157857
170.5	0.00155824
170.6	0.0015349
170.7	0.00151038
170.8	0.00148226
170.9	0.00144673
171	0.00140752
171.1	0.00136638
171.2	0.0013249
171.3	0.00128503
171.4	0.00124706
171.5	0.00121214
171.6	0.00118334
171.7	0.00115382
171.8	0.00112336
171.9	0.00108703
172	0.00105149
172.1	0.0010167
172.2	0.000980802
172.3	0.000935175
172.4	0.000888732
172.5	0.000843375
172.6	0.000793039
172.7	0.000741045
172.8	0.000682311
172.9	0.000616797
173	0.000549625
173.1	0.000485877
173.2	0.000426601
173.3	0.00037125
173.4	0.000318814
173.5	0.000265069
173.6	0.000212187
173.7	0.000161263
173.8	0.000112999
173.9	7.35591e-05
174	4.14159e-05
174.1	1.25661e-05
174.2	-1.30794e-05
174.3	-3.3733e-05
174.4	-5.41098e-05
174.5	-7.1094e-05
174.6	-8.40186e-05
174.7	-9.80229e-05
174.8	-0.000110831
174.9	-0.000117498
175	-0.000120646
175.1	-0.000122638
175.2	-0.000127201
175.3	-0.000134678
175.4	-0.000141023
175.5	-0.000143955
175.6	-0.000147653
175.7	-0.000156615
175.8	-0.00016917
175.9	-0.000184419
176	-0.000203048
176.1	-0.000225792
176.2	-0.000252064
176.3	-0.000274623
176.4	-0.000290985
176.5	-0.000302511
176.6	-0.000312737
176.7	-0.000319183
176.8	-0.000323578
176.9	-0.000326545
177	-0.000325314
177.1	-0.000322621
177.2	-0.000327346
177.3	-0.000338015
177.4	-0.000345796
177.5	-0.00035471
177.6	-0.00036492
177.7	-0.000376637
177.8	-0.000390199
177.9	-0.000404501
178	-0.000417001
178.1	-0.000426232
178.2	-0.000428731
178.3	-0.000422947
178.4	-0.000412369
178.5	-0.000402692
178.6	-0.00038868
178.7	-0.000370277
178.8	-0.000356713
178.9	-0.000348397
179	-0.000342121
179.1	-0.000339495
179.2	-0.000340039
179.3	-0.000342515
179.4	-0.000345144
179.5	-0.000348191
179.6	-0.000347
179.7	-0.000346311
179.8	-0.000347323
179.9	-0.000355692
180	-0.000365994
180.1	-0.000381432
180.2	-0.000398056
180.3	-0.000413872
180.4	-0.000423654
180.5	-0.000432542
180.6	-0.000440868
180.7	-0.000453827
180.8	-0.000464992
180.9	-0.000472882
181	-0.000474258
181.1	-0.000472817
181.2	-0.000466734
181.3	-0.000458648
181.4	-0.000446919
181.5	-0.000437827
181.6	-0.000433566
181.7	-0.000432545
181.8	-0.000432093
181.9	-0.000427358
182	-0.000421361
182.1	-0.000412175
182.2	-0.000395367
182.3	-0.000374034
182.4	-0.000353284
182.5	-0.000328101
182.6	-0.000301746
182.7	-0.000275668
182.8	-0.000248572
182.9	-0.000215436
183	-0.000175222
183.1	-0.000137197
183.2	-0.0001029
183.3	-7.35537e-05
183.4	-4.56544e-05
183.5	-1.89175e-05
183.6	8.64381e-06
183.7	3.13218e-05
183.8	5.78424e-05
183.9	8.70827e-05
184	0.000115101
184.1	0.0001392
184.2	0.000159594
184.3	0.000179934
184.4	0.000204808
184.5	0.000232445
184.6	0.000261169
184.7	0.000290779
184.8	0.000317443
184.9	0.000342764
185	0.000359367
185.1	0.000365479
185.2	0.000366982
185.3	0.000368689
185.4	0.000374123
185.5	0.000380431
185.6	0.000385205
185.7	0.000385447
185.8	0.000383802
185.9	0.000383768
186	0.00038242
186.1	0.000381894
186.2	0.00037797
186.3	0.00036781
186.4	0.00036148
186.5	0.000355747
186.6	0.000348776
186.7	0.000343746
186.8	0.000339682
186.9	0.000334169
187	0.000323971
187.1	0.000305957
187.2	0.000283797
187.3	0.000259449
187.4	0.000238585
187.5	0.00022261
187.6	0.00020537
187.7	0.000187549
187.8	0.000171343
187.9	0.000158607
188	0.000148487
188.1	0.000144077
188.2	0.000142395
188.3	0.000136972
188.4	0.000128201
188.5	0.000114697
188.6	8.97162e-05
188.7	6.26412e-05
188.8	3.03102e-05
188.9	-7.62099e-06
189	-5.02767e-05
189.1	-9.34057e-05
189.2	-0.000133826
189.3	-0.000173519
189.4	-0.000210262
189.5	-0.000246914
189.6	-0.000280111
189.7	-0.000314873
189.8	-0.000354647
189.9	-0.00039234
190	-0.000431883
190.1	-0.000476318
190.2	-0.00052087
190.3	-0.000559606
190.4	-0.000594574
190.5	-0.000635382
190.6	-0.000679521
190.7	-0.000727627
190.8	-0.000775076
190.9	-0.000821055
191	-0.00086838
191.1	-0.000914259
191.2	-0.000958505
191.3	-0.000999504
191.4	-0.00103002
191.5	-0.00105215
191.6	-0.00107534
191.7	-0.00110327
191.8	-0.00113356
191.9	-0.00116191
192	-0.00119036
192.1	-0.00121296
192.2	-0.00124087
192.3	-0.00126937
192.4	-0.00129704
192.5	-0.00132227
192.6	-0.00134802
192.7	-0.00137182
192.8	-0.00139022
192.9	-0.00140886
193	-0.00142731
193.1	-0.0014468
193.2	-0.00146904
193.3	-0.00148844
193.4	-0.00150589
193.5	-0.00152191
193.6	-0.00153343
193.7	-0.00154408
193.8	-0.00155345
193.9	-0.00155689
194	-0.00155815
194.1	-0.00155935
194.2	-0.00156509
194.3	-0.00156862
194.4	-0.00156818
194.5	-0.00156702
194.6	-0.00156784
194.7	-0.0015734
194.8	-0.00158051
194.9	-0.00158772
195	-0.001595
195.1	-0.00160024
195.2	-0.00160345
195.3	-0.00160999
195.4	-0.00161963
195.5	-0.00162544
195.6	-0.00162559
195.7	-0.00162141
195.8	-0.00161559
195.9	-0.00160976
196	-0.00160165
196.1	-0.0015904
196.2	-0.00158115
196.3	-0.00157203
196.4	-0.00156012
196.5	-0.0015493
196.6	-0.00153507
196.7	-0.00151827
196.8	-0.00149931
196.9	-0.0014794
197	-0.00145749
197.1	-0.00143495
197.2	-0.00141483
197.3	-0.00139735
197.4	-0.00138002
197.5	-0.00136495
197.6	-0.00134964
197.7	-0.0013382
197.8	-0.00132242
197.9	-0.00130277
198	-0.00128445
198.1	-0.00126832
198.2	-0.00125263
198.3	-0.00123877
198.4	-0.00122631
198.5	-0.00121756
198.6	-0.00121479
198.7	-0.00121287
198.8	-0.00120923
198.9	-0.00120494
199	-0.00120515
199.1	-0.00120306
199.2	-0.00119949
199.3	-0.00119398
199.4	-0.00118514
199.5	-0.00117395
199.6	-0.00115837
199.7	-0.00114101
199.8	-0.00112052
199.9	-0.00110327
200	-0.00108075
200.1	-0.00105894
200.2	-0.00103813
200.3	-0.00101892
200.4	-0.00100477
200.5	-0.000992446
200.6	-0.00098646
200.7	-0.000979882
200.8	-0.000974519
200.9	-0.00097152
201	-0.000968173
201.1	-0.000965255
201.2	-0.000960191
201.3	-0.000952061
201.4	-0.00093774
201.5	-0.000920436
201.6	-0.000906715
201.7	-0.000900339
201.8	-0.00089768
201.9	-0.000895457
202	-0.000891581
202.1	-0.000887084
202.2	-0.000880159
202.3	-0.000868485
202.4	-0.000856725
202.5	-0.000842841
202.6	-0.000828296
202.7	-0.000814094
202.8	-0.000799719
202.9	-0.000785099
203	-0.000774538
203.1	-0.000767215
203.2	-0.000763581
203.3	-0.000759419
203.4	-0.000758699
203.5	-0.000756734
203.6	-0.000756602
203.7	-0.000759583
203.8	-0.000761485
203.9	-0.000760083
204	-0.000762484
204.1	-0.000762339
204.2	-0.000762043
204.3	-0.000765728
204.4	-0.00076637
204.5	-0.00076497
204.6	-0.000762318
204.7	-0.000759085
204.8	-0.000758775
204.9	-0.000761119
205	-0.000764582
205.1	-0.000766614
205.2	-0.000771132
205.3	-0.000774751
205.4	-0.000783077
205.5	-0.00078896
205.6	-0.000791646
205.7	-0.000793089
205.8	-0.000795198
205.9	-0.000799291
206	-0.0008082
206.1	-0.000817854
206.2	-0.000823545
206.3	-0.000822906
206.4	-0.000820429
206.5	-0.000814042
206.6	-0.000800215
206.7	-0.000786078
206.8	-0.000769771
206.9	-0.000743715
207	-0.000712027
207.1	-0.000674063
207.2	-0.000631512
207.3	-0.000590276
207.4	-0.000552068
207.5	-0.000517072
207.6	-0.000487166
207.7	-0.000461835
207.8	-0.000437156
207.9	-0.000415463
208	-0.000394821
208.1	-0.000377047
208.2	-0.000356475
208.3	-0.000331958
208.4	-0.000304989
208.5	-0.00027421
208.6	-0.000238914
208.7	-0.000206208
208.8	-0.000174316
208.9	-0.000142973
209	-0.000106727
209.1	-7.43088e-05
209.2	-4.31171e-05
209.3	-1.216e-05
209.4	1.9023e-05
209.5	5.36359e-05
209.6	9.44124e-05
209.7	0.000139194
209.8	0.000189298
209.9	0.000242605
210	0.000297136
210.1	0.000351793
210.2	0.000412214
210.3	0.000472117
210.4	0.000528143
210.5	0.000587449
210.6	0.000642876
210.7	0.000698262
210.8	0.000757841
210.9	0.000816131
211	0.000877045
211.1	0.000935988
211.2	0.000988119
211.3	0.00103614
211.4	0.00107792
211.5	0.00111911
211.6	0.00115642
211.7	0.00119116
211.8	0.00122285
211.9	0.00125179
212	0.00127656
212.1	0.00129897
212.2	0.00132363
212.3	0.00134655
212.4	0.00136591
212.5	0.00138238
212.6	0.00139887
212.7	0.0014123
212.8	0.00142714
212.9	0.00144451
213	0.00146106
213.1	0.00148075
213.2	0.00150773
213.3	0.00154406
213.4	0.00158735
213.5	0.0016302
213.6	0.00167663
213.7	0.00172258
213.8	0.00177232
213.9	0.0018228
214	0.00187539
214.1	0.00193332
214.2	0.00198996
214.3	0.00204182
214.4	0.00209533
214.5	0.00214998
214.6	0.00220611
214.7	0.00226412
214.8	0.00232196
214.9	0.00237554
215	0.00242536
215.1	0.00247353
215.2	0.00252673
215.3	0.0025862
215.4	0.00264892
215.5	0.00271086
215.6	0.00276828
215.7	0.00282128
215.8	0.00286981
215.9	0.00291257
216	0.00294885
216.1	0.00297945
216.2	0.00300827
216.3	0.00303388
216.4	0.00305732
216.5	0.00307573
216.6	0.00309237
216.7	0.00310662
216.8	0.00312003
216.9	0.00312997
217	0.00313853
217.1	0.00314191
217.2	0.00314085
217.3	0.00314193
217.4	0.00314586
217.5	0.00315521
217.6	0.00317006
217.7	0.00318321
217.8	0.00319338
217.9	0.00319838
218	0.00319469
218.1	0.00318559
218.2	0.00317677
218.3	0.00317119
218.4	0.00316432
218.5	0.00315819
218.6	0.00315356
218.7	0.00315164
218.8	0.00314959
218.9	0.00314359
219	0.00313904
219.1	0.00313425
219.2	0.00312947
219.3	0.00312442
219.4	0.00311745
219.5	0.00310785
219.6	0.00310124
219.7	0.00309411
219.8	0.00308357
219.9	0.00306744
220	0.00304923
220.1	0.0030277
220.2	0.00300648
220.3	0.00298701
220.4	0.00296585
220.5	0.0029473
220.6	0.00293078
220.7	0.00292308
220.8	0.00291816
220.9	0.00291255
221	0.00290776
221.1	0.0029086
221.2	0.00291079
221.3	0.00291284
221.4	0.00291212
221.5	0.00290428
221.6	0.0028918
221.7	0.00287627
221.8	0.00286195
221.9	0.00284828
222	0.0028359
222.1	0.00282339
222.2	0.00280945
222.3	0.00278977
222.4	0.00276711
222.5	0.00274824
222.6	0.00273231
222.7	0.00271663
222.8	0.00269878
222.9	0.00268162
223	0.00266482
223.1	0.00264974
223.2	0.00263075
223.3	0.0026054
223.4	0.00257689
223.5	0.00254415
223.6	0.00251135
223.7	0.00248226
223.8	0.00245419
223.9	0.00242574
224	0.00239633
224.1	0.00236478
224.2	0.00233567
224.3	0.00230898
224.4	0.00228274
224.5	0.00225923
224.6	0.00224272
224.7	0.00223866
224.8	0.00224238
224.9	0.00224788
225	0.0022548
225.1	0.00226528
225.2	0.00227597
225.3	0.00228833
225.4	0.00229649
225.5	0.00230546
225.6	0.0023174
225.7	0.00233165
225.8	0.00235025
225.9	0.00237375
226	0.00239825
226.1	0.002417
226.2	0.0024403
226.3	0.00247025
226.4	0.00250318
226.5	0.00253709
226.6	0.00257171
226.7	0.00260566
226.8	0.00263847
226.9	0.00267073
227	0.00270651
227.1	0.00274393
227.2	0.00277938
227.3	0.00281804
227.4	0.00285801
227.5	0.0028934
227.6	0.00292609
227.7	0.0029576
227.8	0.00298568
227.9	0.00301307
228	0.00304183
228.1	0.00307205
228.2	0.00310187
228.3	0.00313359
228.4	0.00316915
228.5	0.00320403
228.6	0.00323489
228.7	0.00326139
228.8	0.0032839
228.9	0.00330462
229	0.00332078
229.1	0.00332891
229.2	0.00333807
229.3	0.00335436
229.4	0.00337907
229.5	0.00340722
229.6	0.00343508
229.7	0.00346028
229.8	0.00347794
229.9	0.00349075
230	0.00350232
230.1	0.00351267
230.2	0.00352717
230.3	0.00354261
230.4	0.0035584
230.5	0.0035721
230.6	0.00358481
230.7	0.00358941
230.8	0.00358731
230.9	0.00358177
231	0.00357199
231.1	0.00355983
231.2	0.00354167
231.3	0.00352106
231.4	0.00349834
231.5	0.00347508
231.6	0.00345525
231.7	0.0034395
231.8	0.00342655
231.9	0.00340979
232	0.00339141
232.1	0.00337112
232.2	0.00335058
232.3	0.00332976
232.4	0.00331071
232.5	0.00329198
232.6	0.00327122
232.7	0.00324723
232.8	0.00322059
232.9	0.00319376
233	0.00316669
233.1	0.0031422
233.2	0.00312169
233.3	0.0031041
233.4	0.00308993
233.5	0.00307749
233.6	0.00307047
233.7	0.00307018
233.8	0.00306517
233.9	0.00305945
234	0.00305649
234.1	0.00305509
234.2	0.00306009
234.3	0.00306955
234.4	0.00308011
234.5	0.00308952
234.6	0.0030989
234.7	0.00310813
234.8	0.00311878
234.9	0.0031266
235	0.00312785
235.1	0.00312352
235.2	0.00311507
235.3	0.00310425
235.4	0.0030938
235.5	0.00308404
235.6	0.00307251
235.7	0.00306114
235.8	0.00305117
235.9	0.00303998
236	0.00303202
236.1	0.00302526
236.2	0.00301987
236.3	0.00301513
236.4	0.00300945
236.5	0.00300615
236.6	0.00299681
236.7	0.00298472
236.8	0.00297052
236.9	0.0029579
237	0.00294245
237.1	0.00292561
237.2	0.00290839
237.3	0.00289091
237.4	0.00287497
237.5	0.0028607
237.6	0.00285075
237.7	0.00283905
237.8	0.00282784
237.9	0.00281657
238	0.00280761
238.1	0.00280054
238.2	0.00279155
238.3	0.00278581
238.4	0.00278505
238.5	0.00278922
238.6	0.00279421
238.7	0.00280178
238.8	0.00281511
238.9	0.00282978
239	0.00284486
239.1	0.00286233
239.2	0.00287888
239.3	0.00289615
239.4	0.00291522
239.5	0.00293098
239.6	0.00294428
239.7	0.0029554
239.8	0.00296624
239.9	0.00297962
240	0.0029937
240.1	0.00300501
240.2	0.00301441
240.3	0.00302685
240.4	0.00303831
240.5	0.00304592
240.6	0.0030532
240.7	0.00305701
240.8	0.00305618
240.9	0.00305107
241	0.00303978
241.1	0.00301882
241.2	0.0029944
241.3	0.00297725
241.4	0.00296199
241.5	0.00294868
241.6	0.00294076
241.7	0.00293798
241.8	0.00293778
241.9	0.00293844
242	0.00293935
242.1	0.00294326
242.2	0.00294297
242.3	0.00293919
242.4	0.0029348
242.5	0.00293134
242.6	0.00293207
242.7	0.00293433
242.8	0.00293817
242.9	0.00294301
243	0.00295355
243.1	0.0029713
243.2	0.00299336
243.3	0.00301326
243.4	0.00303012
243.5	0.00304144
243.6	0.00305227
243.7	0.00306137
243.8	0.00306954
243.9	0.00307312
244	0.00307616
244.1	0.00307766
244.2	0.00307357
244.3	0.00306324
244.4	0.00304682
244.5	0.00302983
244.6	0.00301082
244.7	0.00299056
244.8	0.00297285
244.9	0.00295367
245	0.00293468
245.1	0.00291126
245.2	0.00288762
245.3	0.00286666
245.4	0.00284867
245.5	0.00282795
245.6	0.00280748
245.7	0.00278566
245.8	0.00276647
245.9	0.00274909
246	0.00273318
246.1	0.0027145
246.2	0.00269612
246.3	0.00267625
246.4	0.00265939
246.5	0.00264518
246.6	0.00262867
246.7	0.00261193
246.8	0.00259042
246.9	0.00256245
247	0.00253169
247.1	0.00249596
247.2	0.00246043
247.3	0.00242542
247.4	0.0023945
247.5	0.00236757
247.6	0.00234088
247.7	0.00231665
247.8	0.00228684
247.9	0.00225664
248	0.00222254
248.1	0.00218429
248.2	0.00213913
248.3	0.00209962
248.4	0.00206588
248.5	0.00203292
248.6	0.00199896
248.7	0.00196438
248.8	0.0019328
248.9	0.00190099
249	0.00187056
249.1	0.00184237
249.2	0.00181844
249.3	0.00179357
249.4	0.00176882
249.5	0.00174204
249.6	0.00171587
249.7	0.00169107
249.8	0.00166488
249.9	0.00164189
250	0.00162068
250.1	0.00159752
250.2	0.0015736
250.3	0.00155169
250.4	0.0015283
250.5	0.00150216
250.6	0.00147378
250.7	0.00144235
250.8	0.00141316
250.9	0.00138458
251	0.00135029
251.1	0.0013093
251.2	0.00127194
251.3	0.00123656
251.4	0.00120593
251.5	0.00117747
251.6	0.00115933
251.7	0.00114618
251.8	0.00113473
251.9	0.00112227
252	0.00111017
252.1	0.00109612
252.2	0.00108148
252.3	0.00106636
252.4	0.00105469
252.5	0.00104643
252.6	0.00104028
252.7	0.0010315
252.8	0.00102073
252.9	0.00101068
253	0.00100279
253.1	0.000994636
253.2	0.000989026
253.3	0.000989065
253.4	0.000989821
253.5	0.000991834
253.6	0.0010034
253.7	0.00101397
253.8	0.00102007
253.9	0.00102667
254	0.00103552
254.1	0.00104315
254.2	0.00105035
254.3	0.00105397
254.4	0.00105335
254.5	0.00105442
254.6	0.00105523
254.7	0.00105152
254.8	0.00104199
254.9	0.00102757
255	0.00100725
255.1	0.000987604
255.2	0.000967764
255.3	0.000948755
255.4	0.000930987
255.5	0.000911782
255.6	0.000892685
255.7	0.000874905
255.8	0.000857095
255.9	0.000837067
256	0.000818158
256.1	0.000795904
256.2	0.00077947
256.3	0.000764666
256.4	0.000749794
256.5	0.000735271
256.6	0.000721373
256.7	0.000707224
256.8	0.000693106
256.9	0.00068425
257	0.000679882
257.1	0.000671674
257.2	0.000657778
257.3	0.000643975
257.4	0.000628375
257.5	0.000612189
257.6	0.000599307
257.7	0.000589316
257.8	0.000578648
257.9	0.000568992
258	0.000560862
258.1	0.000554346
258.2	0.00054981
258.3	0.000546166
258.4	0.000546468
258.5	0.000546194
258.6	0.000547978
258.7	0.0005461
258.8	0.000540127
258.9	0.00053255
259	0.000526507
259.1	0.000516224
259.2	0.000509433
259.3	0.000501316
259.4	0.000492034
259.5	0.000481392
259.6	0.000473327
259.7	0.000463862
259.8	0.000453194
259.9	0.000443896
260	0.000432727
260.1	0.000418848
260.2	0.000408096
260.3	0.00039722
260.4	0.000384085
260.5	0.000367084
260.6	0.000349075
260.7	0.000333198
260.8	0.000317978
260.9	0.000303386
261	0.000293541
261.1	0.000283108
261.2	0.000276076
261.3	0.000274241
261.4	0.000273941
261.5	0.000275605
261.6	0.000281661
261.7	0.000292518
261.8	0.000307046
261.9	0.000321107
262	0.000338873
262.1	0.000361281
262.2	0.000384098
262.3	0.000410462
262.4	0.000440699
262.5	0.000471384
262.6	0.000496767
262.7	0.00052025
262.8	0.000543903
262.9	0.000565828
263	0.000582259
263.1	0.000601095
263.2	0.000618534
263.3	0.000637797
263.4	0.000654254
263.5	0.000663747
263.6	0.000672529
263.7	0.000680863
263.8	0.000686504
263.9	0.000690169
264	0.000692145
264.1	0.000695405
264.2	0.000699146
264.3	0.00070237
264.4	0.000703146
264.5	0.000697079
264.6	0.000690524
264.7	0.000683691
264.8	0.000671365
264.9	0.000654542
265	0.000636674
265.1	0.000621515
265.2	0.000607094
265.3	0.000592467
265.4	0.000580803
265.5	0.000573806
265.6	0.000567659
265.7	0.000556815
265.8	0.00054291
265.9	0.000526134
266	0.000509196
266.1	0.000487102
266.2	0.000462625
266.3	0.000442284
266.4	0.000420649
266.5	0.000395553
266.6	0.000362301
266.7	0.000325274
266.8	0.000285693
266.9	0.000245948
267	0.000208255
267.1	0.000170802
267.2	0.0001314
267.3	9.05777e-05
267.4	5.15303e-05
267.5	9.07213e-06
267.6	-3.20778e-05
267.7	-7.28522e-05
267.8	-0.000114023
267.9	-0.00016002
268	-0.000210489
268.1	-0.000259961
268.2	-0.000310878
268.3	-0.000358089
268.4	-0.000401181
268.5	-0.000439683
268.6	-0.000476079
268.7	-0.000513544
268.8	-0.000549562
268.9	-0.000580542
269	-0.000612503
269.1	-0.000644893
269.2	-0.000681529
269.3	-0.000718343
269.4	-0.000757824
269.5	-0.000795304
269.6	-0.000830354
269.7	-0.000862289
269.8	-0.000888061
269.9	-0.000909191
270	-0.000928191
270.1	-0.000945345
270.2	-0.00096336
270.3	-0.000979956
270.4	-0.000997992
270.5	-0.00101693
270.6	-0.00103532
270.7	-0.00104796
270.8	-0.00106094
270.9	-0.00107041
271	-0.00107964
271.1	-0.00108964
271.2	-0.00109975
271.3	-0.00111298
271.4	-0.00112837
271.5	-0.00113994
271.6	-0.00115463
271.7	-0.00117063
271.8	-0.00118449
271.9	-0.00119955
272	-0.00121015
272.1	-0.00121911
272.2	-0.00122929
272.3	-0.00123926
272.4	-0.00125547
272.5	-0.00127573
272.6	-0.00129534
272.7	-0.00131845
272.8	-0.00133905
272.9	-0.00135825
273	-0.00137478
273.1	-0.00138652
273.2	-0.00139574
273.3	-0.00141133
273.4	-0.00142799
273.5	-0.00144453
273.6	-0.00146604
273.7	-0.00149027
273.8	-0.00150886
273.9	-0.00151775
274	-0.00152686
274.1	-0.00152949
274.2	-0.00153221
274.3	-0.00153685
274.4	-0.00154146
274.5	-0.00154366
274.6	-0.00154128
274.7	-0.00153799
274.8	-0.00153509
274.9	-0.00153243
275	-0.00153155
275.1	-0.00153285
275.2	-0.00152943
275.3	-0.00152379
275.4	-0.0015172
275.5	-0.00151252
275.6	-0.0015029
275.7	-0.00148852
275.8	-0.00147414
275.9	-0.00145743
276	-0.00144198
276.1	-0.00142486
276.2	-0.00140195
276.3	-0.00137828
276.4	-0.00135259
276.5	-0.00132493
276.6	-0.00130453
276.7	-0.00129136
276.8	-0.00128008
276.9	-0.00127219
277	-0.00126567
277.1	-0.00125844
277.2	-0.00125301
277.3	-0.00125302
277.4	-0.00125992
277.5	-0.00127243
277.6	-0.00128858
277.7	-0.00131312
277.8	-0.00134393
277.9	-0.00137263
278	-0.00140625
278.1	-0.00144179
278.2	-0.00147903
278.3	-0.00152053
278.4	-0.00156304
278.5	-0.00160785
278.6	-0.00165256
278.7	-0.00169335
278.8	-0.00173275
278.9	-0.00177072
279	-0.0018066
279.1	-0.00184378
279.2	-0.0018854
279.3	-0.00192496
279.4	-0.00195769
279.5	-0.00198663
279.6	-0.0020124
279.7	-0.00203793
279.8	-0.00206297
279.9	-0.00208609
280	-0.00210353
280.1	-0.00211858
280.2	-0.00213355
280.3	-0.00214382
280.4	-0.0021501
280.5	-0.002156
280.6	-0.00216414
280.7	-0.00217436
280.8	-0.00218972
280.9	-0.00219978
281	-0.0022047
281.1	-0.00220894
281.2	-0.00221136
281.3	-0.00221647
281.4	-0.00222522
281.5	-0.00223098
281.6	-0.00223424
281.7	-0.00223898
281.8	-0.00224634
281.9	-0.00225211
282	-0.00225974
282.1	-0.0022693
282.2	-0.00227959
282.3	-0.00228997
282.4	-0.00229782
282.5	-0.00230571
282.6	-0.0023135
282.7	-0.00231846
282.8	-0.00231385
282.9	-0.00230884
283	-0.00230794
283.1	-0.00230834
283.2	-0.00231123
283.3	-0.00231732
283.4	-0.00232184
283.5	-0.0023246
283.6	-0.00232411
283.7	-0.00232638
283.8	-0.00232882
283.9	-0.00232774
284	-0.00232372
284.1	-0.00231957
284.2	-0.0023122
284.3	-0.00230537
284.4	-0.0022974
284.5	-0.00228539
284.6	-0.00226933
284.7	-0.00225527
284.8	-0.00224087
284.9	-0.00222355
285	-0.00220809
285.1	-0.00219203
285.2	-0.00218207
285.3	-0.002174
285.4	-0.00216318
285.5	-0.00215303
285.6	-0.00213983
285.7	-0.00212007
285.8	-0.00209945
285.9	-0.00208018
286	-0.00206603
286.1	-0.0020573
286.2	-0.00204473
286.3	-0.0020302
286.4	-0.00201105
286.5	-0.00198915
286.6	-0.00196949
286.7	-0.00195059
286.8	-0.00193188
286.9	-0.0019115
287	-0.00188847
287.1	-0.00186308
287.2	-0.00184045
287.3	-0.00182037
287.4	-0.00179852
287.5	-0.00177609
287.6	-0.00174795
287.7	-0.00171468
287.8	-0.00168111
287.9	-0.00164977
288	-0.00161888
288.1	-0.00159127
288.2	-0.00156845
288.3	-0.00154653
288.4	-0.00152547
288.5	-0.00150089
288.6	-0.00147174
288.7	-0.00143815
288.8	-0.00140018
288.9	-0.00135982
289	-0.00131995
289.1	-0.0012775
289.2	-0.00123232
289.3	-0.00118277
289.4	-0.00113654
289.5	-0.00109433
289.6	-0.00105613
289.7	-0.00101814
289.8	-0.000980408
289.9	-0.000947213
290	-0.000917261
290.1	-0.00088467
290.2	-0.000852246
290.3	-0.000820665
290.4	-0.000791654
290.5	-0.00076445
290.6	-0.000739231
290.7	-0.000711427
290.8	-0.000681538
290.9	-0.000651227
291	-0.000622073
291.1	-0.000593944
291.2	-0.000564797
291.3	-0.000535542
291.4	-0.000508147
291.5	-0.000488643
291.6	-0.000481733
291.7	-0.000482079
291.8	-0.000478592
291.9	-0.000474978
292	-0.000470879
292.1	-0.000468085
292.2	-0.000465876
292.3	-0.00046335
292.4	-0.000457367
292.5	-0.000447367
292.6	-0.000437887
292.7	-0.000426531
292.8	-0.000415681
292.9	-0.000402297
293	-0.000389743
293.1	-0.000374468
293.2	-0.000361006
293.3	-0.000348644
293.4	-0.000337581
293.5	-0.000334156
293.6	-0.000333807
293.7	-0.00034094
293.8	-0.000346783
293.9	-0.000349105
294	-0.000345834
294.1	-0.000339326
294.2	-0.000331365
294.3	-0.000325641
294.4	-0.000315824
294.5	-0.00030111
294.6	-0.000286317
294.7	-0.0002696
294.8	-0.000249037
294.9	-0.000228574
295	-0.000207444
295.1	-0.000186364
295.2	-0.000165948
295.3	-0.000148517
295.4	-0.000129718
295.5	-0.000111451
295.6	-9.67355e-05
295.7	-8.37836e-05
295.8	-7.39054e-05
295.9	-6.72182e-05
296	-5.70919e-05
296.1	-5.12924e-05
296.2	-4.68184e-05
296.3	-4.52477e-05
296.4	-4.33443e-05
296.5	-4.14397e-05
296.6	-3.46397e-05
296.7	-2.70996e-05
296.8	-1.79072e-05
296.9	-4.21585e-06
297	1.15515e-05
297.1	3.31586e-05
297.2	5.92116e-05
297.3	8.96369e-05
297.4	0.000119448
297.5	0.000148873
297.6	0.000174717
297.7	0.000198943
297.8	0.000222618
297.9	0.000244386
298	0.000267373
298.1	0.000287078
298.2	0.000308054
298.3	0.000329301
298.4	0.000350009
298.5	0.00037186
298.6	0.000392184
298.7	0.000410812
298.8	0.000429018
298.9	0.000444148
299	0.000457361
299.1	0.000470809
299.2	0.000485258
299.3	0.000501063
299.4	0.000519542
299.5	0.000540702
299.6	0.000565571
299.7	0.000590442
299.8	0.000615818
299.9	0.00063919
300	0.000658687
300.1	0.000682844
300.2	0.000705453
300.3	0.000726132
300.4	0.000742195
300.5	0.000757665
300.6	0.000769183
300.7	0.000781448
300.8	0.00079696
300.9	0.000814594
301	0.000834455
301.1	0.00086126
301.2	0.000893061
301.3	0.000930227
301.4	0.000964108
301.5	0.000997449
301.6	0.00103378
301.7	0.00107216
301.8	0.00111427
301.9	0.00115596
302	0.00119807
302.1	0.00123546
302.2	0.0012673
302.3	0.00130152
302.4	0.00134031
302.5	0.00138406
302.6	0.00143026
302.7	0.0014772
302.8	0.00152245
302.9	0.00156758
303	0.00161009
303.1	0.00164874
303.2	0.00168913
303.3	0.00172952
303.4	0.00176364
303.5	0.00179553
303.6	0.00182082
303.7	0.0018456
303.8	0.00187466
303.9	0.00190134
304	0.0019273
304.1	0.00195564
304.2	0.00198508
304.3	0.00201559
304.4	0.00204571
304.5	0.00207921
304.6	0.00211623
304.7	0.00215306
304.8	0.00218827
304.9	0.00222495
305	0.00225811
305.1	0.00228821
305.2	0.00231209
305.3	0.00233014
305.4	0.00234323
305.5	0.0023507
305.6	0.00235722
305.7	0.00236444
305.8	0.00237026
305.9	0.00237369
306	0.00237742
306.1	0.0023821
306.2	0.00238301
306.3	0.0023857
306.4	0.00238662
306.5	0.00238806
306.6	0.00239641
306.7	0.00240576
306.8	0.00241294
306.9	0.00241897
307	0.00242663
307.1	0.00243767
307.2	0.00244909
307.3	0.00245811
307.4	0.00247089
307.5	0.00249003
307.6	0.00250908
307.7	0.00251974
307.8	0.00252739
307.9	0.00252993
308	0.00253506
308.1	0.0025413
308.2	0.00254399
308.3	0.00254657
308.4	0.00254586
308.5	0.00254195
308.6	0.00253466
308.7	0.00252337
308.8	0.00250776
308.9	0.0024883
309	0.00246976
309.1	0.00244711
309.2	0.00242558
309.3	0.00240866
309.4	0.00239519
309.5	0.00238642
309.6	0.00237645
309.7	0.00236532
309.8	0.0023527
309.9	0.00234147
310	0.00232975
310.1	0.00231379
310.2	0.00229656
310.3	0.00227621
310.4	0.00225463
310.5	0.00223769
310.6	0.00222462
310.7	0.00221265
310.8	0.00219996
310.9	0.00218566
311	0.00217153
311.1	0.00215459
311.2	0.00213799
311.3	0.00212431
311.4	0.00211064
311.5	0.00210315
311.6	0.002098
311.7	0.00209138
311.8	0.00208119
311.9	0.00206579
312	0.00205186
312.1	0.00203884
312.2	0.00201994
312.3	0.00199807
312.4	0.00197807
312.5	0.00195859
312.6	0.00193931
312.7	0.00192063
312.8	0.00190042
312.9	0.00188063
313	0.00186211
313.1	0.00184418
313.2	0.00183069
313.3	0.00181746
313.4	0.00180287
313.5	0.00178753
313.6	0.00177035
313.7	0.00175243
313.8	0.00173457
313.9	0.00171692
314	0.00169804
314.1	0.00167568
314.2	0.00165217
314.3	0.00163456
314.4	0.00161583
314.5	0.00159307
314.6	0.00156786
314.7	0.00153689
314.8	0.00150091
314.9	0.0014637
315	0.00142133
315.1	0.00137342
315.2	0.00132573
315.3	0.0012801
315.4	0.00123446
315.5	0.00118706
315.6	0.00113853
315.7	0.00108911
315.8	0.00104588
315.9	0.00100435
316	0.000963154
316.1	0.000918468
316.2	0.000868491
316.3	0.000810641
316.4	0.000751398
316.5	0.000694296
316.6	0.000633877
316.7	0.00057053
316.8	0.000505298
316.9	0.000437861
317	0.000371607
317.1	0.00030628
317.2	0.000242084
317.3	0.000175902
317.4	0.000111911
317.5	5.08537e-05
317.6	-5.5128e-06
317.7	-6.29156e-05
317.8	-0.000121167
317.9	-0.000179729
318	-0.000234043
318.1	-0.000284206
318.2	-0.000332187
318.3	-0.000376475
318.4	-0.000415208
318.5	-0.0004504
318.6	-0.000480535
318.7	-0.000509829
318.8	-0.000540554
318.9	-0.000570436
319	-0.000597628
319.1	-0.000622267
319.2	-0.000648042
319.3	-0.00067297
319.4	-0.000697314
319.5	-0.000720361
319.6	-0.000734886
319.7	-0.000746913
319.8	-0.000754243
319.9	-0.000760386
320	-0.000765649
320.1	-0.000764772
320.2	-0.000760215
320.3	-0.000753139
320.4	-0.000739672
320.5	-0.000724236
320.6	-0.000702295
320.7	-0.00067683
320.8	-0.000658456
320.9	-0.000643467
321	-0.000635407
321.1	-0.000632903
321.2	-0.000633072
321.3	-0.000634506
321.4	-0.000636165
321.5	-0.000636207
321.6	-0.000636549
321.7	-0.000643887
321.8	-0.000651643
321.9	-0.000665567
322	-0.000680003
322.1	-0.000689611
322.2	-0.000698566
322.3	-0.000702083
322.4	-0.00070245
322.5	-0.00070282
322.6	-0.000697779
322.7	-0.000687609
322.8	-0.000676841
322.9	-0.000664871
323	-0.000655604
323.1	-0.00064794
323.2	-0.000642883
323.3	-0.000639405
323.4	-0.000635426
323.5	-0.000634081
323.6	-0.000635893
323.7	-0.000638918
323.8	-0.000637548
323.9	-0.00063564
324	-0.000633796
324.1	-0.00063467
324.2	-0.000642958
324.3	-0.000659594
324.4	-0.000677101
324.5	-0.000689125
324.6	-0.000704082
324.7	-0.000722241
324.8	-0.000745168
324.9	-0.000770453
325	-0.00079917
325.1	-0.000826097
325.2	-0.000854749
325.3	-0.000875777
325.4	-0.000892598
325.5	-0.000905362
325.6	-0.000916626
325.7	-0.000929071
325.8	-0.000945161
325.9	-0.00096772
326	-0.000997392
326.1	-0.00103146
326.2	-0.00105993
326.3	-0.00108828
326.4	-0.00111305
326.5	-0.00113441
326.6	-0.00115266
326.7	-0.00117037
326.8	-0.001189
326.9	-0.0012107
327	-0.00123517
327.1	-0.00125995
327.2	-0.0012805
327.3	-0.00130043
327.4	-0.0013157
327.5	-0.00132705
327.6	-0.00133759
327.7	-0.00134579
327.8	-0.00134904
327.9	-0.00134819
328	-0.00134769
328.1	-0.00134849
328.2	-0.00135022
328.3	-0.00135258
328.4	-0.00136285
328.5	-0.00137066
328.6	-0.00137728
328.7	-0.00138408
328.8	-0.00139045
328.9	-0.00139489
329	-0.00139899
329.1	-0.0014029
329.2	-0.00140169
329.3	-0.00139958
329.4	-0.00139475
329.5	-0.00138656
329.6	-0.00137812
329.7	-0.00137176
329.8	-0.0013668
329.9	-0.00136352
330	-0.00135984
330.1	-0.0013549
330.2	-0.00134747
330.3	-0.00133527
330.4	-0.00131799
330.5	-0.00129977
330.6	-0.0012841
330.7	-0.00126244
330.8	-0.0012385
330.9	-0.00121128
331	-0.00118772
331.1	-0.00116319
331.2	-0.00114161
331.3	-0.00112483
331.4	-0.00110971
331.5	-0.00109437
331.6	-0.00107465
331.7	-0.00105438
331.8	-0.00103684
331.9	-0.00102137
332	-0.00100636
332.1	-0.000988156
332.2	-0.000968584
332.3	-0.000953966
332.4	-0.000946254
332.5	-0.000941644
332.6	-0.000938907
332.7	-0.000931541
332.8	-0.000923017
332.9	-0.000916419
333	-0.000908521
333.1	-0.000904642
333.2	-0.000900641
333.3	-0.000901974
333.4	-0.000907732
333.5	-0.000910484
333.6	-0.000913394
333.7	-0.000916773
333.8	-0.000921354
333.9	-0.000924568
334	-0.000931829
334.1	-0.000943367
334.2	-0.00095574
334.3	-0.00097001
334.4	-0.000983715
334.5	-0.000997326
334.6	-0.00101319
334.7	-0.00103309
334.8	-0.00105468
334.9	-0.00107436
335	-0.00109176
335.1	-0.00110773
335.2	-0.00112292
335.3	-0.00114008
335.4	-0.00116372
335.5	-0.00118792
335.6	-0.00121387
335.7	-0.0012428
335.8	-0.00127262
335.9	-0.00130116
336	-0.0013342
336.1	-0.00136972
336.2	-0.00140571
336.3	-0.00143579
336.4	-0.00146523
336.5	-0.00149598
336.6	-0.00152798
336.7	-0.00155758
336.8	-0.00158928
336.9	-0.00162447
337	-0.00165582
337.1	-0.00168738
337.2	-0.00171981
337.3	-0.0017532
337.4	-0.00178055
337.5	-0.00180521
337.6	-0.00182482
337.7	-0.00184593
337.8	-0.00186562
337.9	-0.00188528
338	-0.0019102
338.1	-0.00193493
338.2	-0.00195639
338.3	-0.00197572
338.4	-0.00199519
338.5	-0.00201207
338.6	-0.00202436
338.7	-0.00203225
338.8	-0.00203511
338.9	-0.00203202
339	-0.00202429
339.1	-0.00201649
339.2	-0.00201165
339.3	-0.00200605
339.4	-0.00199333
339.5	-0.00197611
339.6	-0.00195571
339.7	-0.00193076
339.8	-0.00190492
339.9	-0.00187662
340	-0.00185062
340.1	-0.00182859
340.2	-0.00180977
340.3	-0.00178887
340.4	-0.00176357
340.5	-0.00173155
340.6	-0.00169577
340.7	-0.00165825
340.8	-0.001621
340.9	-0.00158283
341	-0.00154377
341.1	-0.0014994
341.2	-0.00145395
341.3	-0.0014062
341.4	-0.00135823
341.5	-0.00131192
341.6	-0.00126683
341.7	-0.00121951
341.8	-0.00117247
341.9	-0.00112991
342	-0.00109313
342.1	-0.00105359
342.2	-0.00100594
342.3	-0.000958152
342.4	-0.000911096
342.5	-0.000864957
342.6	-0.000816793
342.7	-0.000768179
342.8	-0.000717928
342.9	-0.000666446
343	-0.000618872
343.1	-0.000577634
343.2	-0.000539024
343.3	-0.000507446
343.4	-0.000484377
343.5	-0.000463234
343.6	-0.00044286
343.7	-0.000421909
343.8	-0.000398269
343.9	-0.000367922
344	-0.00033916
344.1	-0.000310026
344.2	-0.000279899
344.3	-0.0002519
344.4	-0.000226272
344.5	-0.000204798
344.6	-0.00018385
344.7	-0.000162095
344.8	-0.000141842
344.9	-0.000126623
345	-0.000114182
345.1	-0.000112378
345.2	-0.000112141
345.3	-0.000111705
345.4	-0.000106825
345.5	-9.20866e-05
345.6	-7.30475e-05
345.7	-5.55993e-05
345.8	-3.80765e-05
345.9	-2.16949e-05
346	-1.00363e-05
346.1	-1.016e-06
346.2	2.50901e-06
346.3	5.14806e-06
346.4	5.81769e-06
346.5	9.18655e-06
346.6	1.55241e-05
346.7	2.34386e-05
346.8	2.90888e-05
346.9	3.46587e-05
347	3.9561e-05
347.1	4.4796e-05
347.2	5.09815e-05
347.3	6.08406e-05
347.4	7.6603e-05
347.5	9.48771e-05
347.6	0.000111923
347.7	0.00012956
347.8	0.000147587
347.9	0.000168474
348	0.000190714
348.1	0.000214281
348.2	0.000238187
348.3	0.000257955
348.4	0.000275724
348.5	0.00029341
348.6	0.000314796
348.7	0.000332975
348.8	0.000354353
348.9	0.000375055
349	0.000396083
349.1	0.000419918
349.2	0.000441367
349.3	0.000460149
349.4	0.000479136
349.5	0.00050234
349.6	0.000526048
349.7	0.000552285
349.8	0.000578065
349.9	0.000605631
350	0.000631342
350.1	0.000656175
350.2	0.000677352
350.3	0.000692565
350.4	0.000701626
350.5	0.000708955
350.6	0.000711543
350.7	0.000717127
350.8	0.00072606
350.9	0.000733897
351	0.000738673
351.1	0.000740467
351.2	0.000741736
351.3	0.000745868
351.4	0.00075297
351.5	0.000766653
351.6	0.000782477
351.7	0.000796025
351.8	0.000809612
351.9	0.000823088
352	0.000833677
352.1	0.000844867
352.2	0.000861668
352.3	0.000877361
352.4	0.000895152
352.5	0.000915119
352.6	0.000938813
352.7	0.000965286
352.8	0.00098875
352.9	0.00101143
353	0.00103475
353.1	0.00106457
353.2	0.00109475
353.3	0.00112612
353.4	0.00115861
353.5	0.00119307
353.6	0.00122883
353.7	0.0012659
353.8	0.00129896
353.9	0.00133316
354	0.00136826
354.1	0.00140618
354.2	0.0014475
354.3	0.00149075
354.4	0.00153505
354.5	0.00158258
354.6	0.00163619
354.7	0.00168984
354.8	0.00174154
354.9	0.00179738
355	0.0018494
355.1	0.00190073
355.2	0.00195076
355.3	0.00200237
355.4	0.00205427
355.5	0.00210764
355.6	0.00216108
355.7	0.00221163
355.8	0.00225475
355.9	0.00229028
356	0.00232649
356.1	0.00235781
356.2	0.00238229
356.3	0.00240022
356.4	0.00241266
356.5	0.0024208
356.6	0.00242218
356.7	0.00242221
356.8	0.00241802
356.9	0.00240673
357	0.00239074
357.1	0.00237374
357.2	0.00235794
357.3	0.00233899
357.4	0.00231619
357.5	0.00229442
357.6	0.0022759
357.7	0.00225687
357.8	0.00223579
357.9	0.00221622
358	0.00219537
358.1	0.00217447
358.2	0.00215544
358.3	0.00213643
358.4	0.00211821
358.5	0.00210287
358.6	0.00209139
358.7	0.00208001
358.8	0.00206424
358.9	0.00204432
359	0.00202888
359.1	0.00200899
359.2	0.00198637
359.3	0.00196613
359.4	0.00194804
359.5	0.00193207
359.6	0.0019192
359.7	0.00191063
359.8	0.00190042
359.9	0.00189298
360	0.00188874
360.1	0.00188602
360.2	0.00188225
360.3	0.00187997
360.4	0.00187952
360.5	0.00187393
360.6	0.0018659
360.7	0.0018549
360.8	0.00184859
360.9	0.00184444
361	0.00184003
361.1	0.0018342
361.2	0.00182807
361.3	0.00182276
361.4	0.00181874
361.5	0.00181402
361.6	0.00180999
361.7	0.00180964
361.8	0.00180945
361.9	0.00181162
362	0.00181387
362.1	0.00181325
362.2	0.00181347
362.3	0.00181314
362.4	0.00180445
362.5	0.00179159
362.6	0.00177476
362.7	0.00175825
362.8	0.00174176
362.9	0.00172449
363	0.00171056
363.1	0.0016955
363.2	0.00168149
363.3	0.00167068
363.4	0.00166048
363.5	0.00164961
363.6	0.00163221
363.7	0.00160669
363.8	0.00157857
363.9	0.00155395
364	0.00152817
364.1	0.00149642
364.2	0.00146145
364.3	0.00142898
364.4	0.00140002
364.5	0.00137242
364.6	0.00134631
364.7	0.00131738
364.8	0.00128947
364.9	0.0012608
365	0.00123208
365.1	0.00120394
365.2	0.00118104
365.3	0.00116037
365.4	0.00114043
365.5	0.00111497
365.6	0.00108682
365.7	0.0010525
365.8	0.00102118
365.9	0.000990837
366	0.000957814
366.1	0.000922774
366.2	0.000883685
366.3	0.000840512
366.4	0.000796016
366.5	0.000748236
366.6	0.000703311
366.7	0.000657508
366.8	0.000614382
366.9	0.000577302
367	0.000540466
367.1	0.000499427
367.2	0.000453853
367.3	0.000403196
367.4	0.000352791
367.5	0.0002996
367.6	0.000244122
367.7	0.000189728
367.8	0.000140881
367.9	9.70259e-05
368	5.36849e-05
368.1	1.01931e-05
368.2	-3.81679e-05
368.3	-8.90574e-05
368.4	-0.000139106
368.5	-0.000183006
368.6	-0.000222928
368.7	-0.000262287
368.8	-0.0003009
368.9	-0.000341214
369	-0.000383786
369.1	-0.000428061
369.2	-0.00046619
369.3	-0.00049442
369.4	-0.000516396
369.5	-0.0005353
369.6	-0.000549196
369.7	-0.000554545
369.8	-0.000558655
369.9	-0.000566453
370	-0.000577963
370.1	-0.000594354
370.2	-0.000614071
370.3	-0.000636562
370.4	-0.000662102
370.5	-0.000691284
370.6	-0.0007229
370.7	-0.000754764
370.8	-0.000790815
370.9	-0.000831236
371	-0.00087087
371.1	-0.000914239
371.2	-0.000961294
371.3	-0.00101536
371.4	-0.00106935
371.5	-0.00112496
371.6	-0.00118073
371.7	-0.00123953
371.8	-0.00130126
371.9	-0.00135316
372	-0.0013995
372.1	-0.00144374
372.2	-0.00148895
372.3	-0.00153461
372.4	-0.00157442
372.5	-0.0016097
372.6	-0.0016489
372.7	-0.00169036
372.8	-0.00173477
372.9	-0.00178003
373	-0.00182424
373.1	-0.00186769
373.2	-0.00190837
373.3	-0.0019468
373.4	-0.00198717
373.5	-0.0020265
373.6	-0.00206772
373.7	-0.00210932
373.8	-0.00215502
373.9	-0.00219595
374	-0.00223581
374.1	-0.0022792
374.2	-0.00232113
374.3	-0.00236706
374.4	-0.00241288
374.5	-0.00245762
374.6	-0.00250268
374.7	-0.00254858
374.8	-0.00259059
374.9	-0.00262685
375	-0.00266175
375.1	-0.00269533
375.2	-0.00273195
375.3	-0.00277092
375.4	-0.00281221
375.5	-0.00285434
375.6	-0.00289993
375.7	-0.00294757
375.8	-0.00299358
375.9	-0.00303396
376	-0.00306654
376.1	-0.00309215
376.2	-0.00311345
376.3	-0.00313032
376.4	-0.00314591
376.5	-0.00316037
376.6	-0.00317193
376.7	-0.00317745
376.8	-0.00318078
376.9	-0.00318515
377	-0.00318833
377.1	-0.00319412
377.2	-0.00319984
377.3	-0.00320725
377.4	-0.00321701
377.5	-0.00322561
377.6	-0.00323459
377.7	-0.00324492
377.8	-0.00325703
377.9	-0.00327198
378	-0.00329475
378.1	-0.00331885
378.2	-0.00334532
378.3	-0.00337502
378.4	-0.00340447
378.5	-0.00343373
378.6	-0.00345983
378.7	-0.00348275
378.8	-0.0035037
378.9	-0.00352277
379	-0.00353524
379.1	-0.00355387
379.2	-0.00357712
379.3	-0.00359635
379.4	-0.00361502
379.5	-0.00363286
379.6	-0.0036502
379.7	-0.00366583
379.8	-0.00368405
379.9	-0.00370422
380	-0.00372272
380.1	-0.00374633
380.2	-0.00377294
380.3	-0.0038028
380.4	-0.00383224
380.5	-0.00386219
380.6	-0.00388951
380.7	-0.00391138
380.8	-0.0039285
380.9	-0.00394909
381	-0.00397374
381.1	-0.00399747
381.2	-0.00401956
381.3	-0.00404576
381.4	-0.00407239
381.5	-0.00410064
381.6	-0.00412863
381.7	-0.00415889
381.8	-0.00419464
381.9	-0.00422439
382	-0.00425215
382.1	-0.00427628
382.2	-0.00429848
382.3	-0.00431805
382.4	-0.00433775
382.5	-0.00435813
382.6	-0.00437728
382.7	-0.00439637
382.8	-0.00441832
382.9	-0.00443863
383	-0.00445981
383.1	-0.00447811
383.2	-0.00449437
383.3	-0.00450566
383.4	-0.00451423
383.5	-0.00452253
383.6	-0.00453175
383.7	-0.00454268
383.8	-0.00455727
383.9	-0.00457195
384	-0.00458597
384.1	-0.00459621
384.2	-0.00460325
384.3	-0.00460534
384.4	-0.0046081
384.5	-0.00461032
384.6	-0.00461438
384.7	-0.0046205
384.8	-0.00462186
384.9	-0.00462162
385	-0.00461767
385.1	-0.00461278
385.2	-0.00461175
385.3	-0.00461543
385.4	-0.00462216
385.5	-0.00463144
385.6	-0.00464623
385.7	-0.00466614
385.8	-0.00468828
385.9	-0.00471567
386	-0.00474251
386.1	-0.00477115
386.2	-0.00479666
386.3	-0.00481845
386.4	-0.00483426
386.5	-0.00484128
386.6	-0.00484233
386.7	-0.0048381
386.8	-0.00483364
386.9	-0.00482709
387	-0.00481921
387.1	-0.00481283
387.2	-0.00480174
387.3	-0.00478919
387.4	-0.0047749
387.5	-0.00475914
387.6	-0.00473719
387.7	-0.00471121
387.8	-0.0046895
387.9	-0.00466886
388	-0.00465195
388.1	-0.00463575
388.2	-0.00461664
388.3	-0.00459502
388.4	-0.00457264
388.5	-0.00455302
388.6	-0.00453438
388.7	-0.00451686
388.8	-0.00449311
388.9	-0.00446842
389	-0.00444991
389.1	-0.00443165
389.2	-0.00441451
389.3	-0.00439525
389.4	-0.00437848
389.5	-0.00436293
389.6	-0.00434932
389.7	-0.00433674
389.8	-0.00432661
389.9	-0.00431489
390	-0.00430554
390.1	-0.00429278
390.2	-0.00427905
390.3	-0.00426836
390.4	-0.00426025
390.5	-0.00425386
390.6	-0.00425128
390.7	-0.00425144
390.8	-0.00425174
390.9	-0.00424121
391	-0.00422127
391.1	-0.00419632
391.2	-0.0041702
391.3	-0.00414462
391.4	-0.00411803
391.5	-0.00408553
391.6	-0.00404773
391.7	-0.0040041
391.8	-0.00395968
391.9	-0.00391415
392	-0.00387026
392.1	-0.00382898
392.2	-0.00378597
392.3	-0.00374007
392.4	-0.00369303
392.5	-0.00364457
392.6	-0.00359828
392.7	-0.00355506
392.8	-0.00351638
392.9	-0.00347906
393	-0.00344386
393.1	-0.00340944
393.2	-0.00337322
393.3	-0.00334321
393.4	-0.00331435
393.5	-0.00328901
393.6	-0.00326682
393.7	-0.00324654
393.8	-0.0032259
393.9	-0.00320299
394	-0.00317901
394.1	-0.00315545
394.2	-0.00313338
394.3	-0.00311269
394.4	-0.00309147
394.5	-0.00307294
394.6	-0.0030626
394.7	-0.0030531
394.8	-0.00304223
394.9	-0.00302933
395	-0.00301197
395.1	-0.00299299
395.2	-0.00297684
395.3	-0.00296093
395.4	-0.00294379
395.5	-0.00292553
395.6	-0.00290766
395.7	-0.00288766
395.8	-0.00286767
395.9	-0.00284781
396	-0.00283498
396.1	-0.00282318
396.2	-0.00281571
396.3	-0.00281493
396.4	-0.00282151
396.5	-0.00282733
396.6	-0.00282786
396.7	-0.00282291
396.8	-0.00281411
396.9	-0.00280881
397	-0.00280807
397.1	-0.00280652
397.2	-0.00279969
397.3	-0.00278777
397.4	-0.00277452
397.5	-0.00275167
397.6	-0.00271966
397.7	-0.00268527
397.8	-0.00265059
397.9	-0.00261603
398	-0.00258525
398.1	-0.00255764
398.2	-0.00253585
398.3	-0.00251306
398.4	-0.00249537
398.5	-0.00248326
398.6	-0.00247514
398.7	-0.00246506
398.8	-0.00245769
398.9	-0.00245353
399	-0.00245091
399.1	-0.00245075
399.2	-0.00244835
399.3	-0.00244681
399.4	-0.00244353
399.5	-0.00244134
399.6	-0.00244452
399.7	-0.00244906
399.8	-0.00245376
399.9	-0.00245456
400	-0.00245509
400.1	-0.002458
400.2	-0.00245959
400.3	-0.00245309
400.4	-0.00243987
400.5	-0.00242329
400.6	-0.00239757
400.7	-0.00236295
400.8	-0.00232394
400.9	-0.0022824
401	-0.00223436
401.1	-0.00217739
401.2	-0.00211763
401.3	-0.00206007
401.4	-0.00200539
401.5	-0.00194981
401.6	-0.00189218
401.7	-0.00183354
401.8	-0.00177864
401.9	-0.00172601
402	-0.00167166
402.1	-0.00161883
402.2	-0.00156609
402.3	-0.00151569
402.4	-0.00146752
402.5	-0.00142215
402.6	-0.00137597
402.7	-0.00132683
402.8	-0.00128617
402.9	-0.00125106
403	-0.00121308
403.1	-0.00117615
403.2	-0.0011398
403.3	-0.00110827
403.4	-0.00107657
403.5	-0.00104822
403.6	-0.00102501
403.7	-0.00100214
403.8	-0.000980606
403.9	-0.000955457
404	-0.000931764
404.1	-0.000905076
404.2	-0.00088204
404.3	-0.000866051
404.4	-0.000850888
404.5	-0.00083936
404.6	-0.000828338
404.7	-0.000813191
404.8	-0.000796856
404.9	-0.000783896
405	-0.000773528
405.1	-0.000771887
405.2	-0.000775343
405.3	-0.000780651
405.4	-0.000785566
405.5	-0.0007869
405.6	-0.000790262
405.7	-0.000798141
405.8	-0.000807567
405.9	-0.000820008
406	-0.000835635
406.1	-0.00084675
406.2	-0.000855198
406.3	-0.0008582
406.4	-0.000861873
406.5	-0.000866244
406.6	-0.000871039
406.7	-0.000873517
406.8	-0.000876769
406.9	-0.000884575
407	-0.000895041
407.1	-0.000909669
407.2	-0.000930924
407.3	-0.000954206
407.4	-0.000972657
407.5	-0.000988079
407.6	-0.00100132
407.7	-0.0010142
407.8	-0.00102435
407.9	-0.00103504
408	-0.00104443
408.1	-0.00105417
408.2	-0.0010656
408.3	-0.00107822
408.4	-0.00109105
408.5	-0.00110456
408.6	-0.00112022
408.7	-0.00113927
408.8	-0.00115742
408.9	-0.00117512
409	-0.00119257
409.1	-0.00121071
409.2	-0.00122627
409.3	-0.00124319
409.4	-0.00126015
409.5	-0.00127637
409.6	-0.00128913
409.7	-0.00129578
409.8	-0.00129878
409.9	-0.00129918
410	-0.00129878
410.1	-0.00129874
410.2	-0.0012986
410.3	-0.00129917
410.4	-0.00130135
410.5	-0.00130826
410.6	-0.0013198
410.7	-0.00132991
410.8	-0.00134197
410.9	-0.00135319
411	-0.00136635
411.1	-0.00138023
411.2	-0.00139526
411.3	-0.00140622
411.4	-0.00141559
411.5	-0.00142171
411.6	-0.00142822
411.7	-0.00143307
411.8	-0.00143649
411.9	-0.00143606
412	-0.00143621
412.1	-0.00143496
412.2	-0.00142893
412.3	-0.00142371
412.4	-0.00141543
412.5	-0.00140767
412.6	-0.00140568
412.7	-0.00140871
412.8	-0.00141058
412.9	-0.001412
413	-0.00141057
413.1	-0.00140762
413.2	-0.00140586
413.3	-0.00140823
413.4	-0.00141249
413.5	-0.00141654
413.6	-0.00142099
413.7	-0.00142608
413.8	-0.00142627
413.9	-0.00141979
414	-0.00140888
414.1	-0.00139394
414.2	-0.00137795
414.3	-0.00135696
414.4	-0.00132961
414.5	-0.00130066
414.6	-0.0012751
414.7	-0.0012556
414.8	-0.00124014
414.9	-0.00122166
415	-0.0012043
415.1	-0.00118921
415.2	-0.00116982
415.3	-0.00114496
415.4	-0.00111003
415.5	-0.00106879
415.6	-0.00102497
415.7	-0.000976552
415.8	-0.000925067
415.9	-0.000873114
416	-0.000818477
416.1	-0.00075887
416.2	-0.00070288
416.3	-0.000648841
416.4	-0.000596387
416.5	-0.000545412
416.6	-0.000498044
416.7	-0.000454144
416.8	-0.0004092
416.9	-0.000365404
417	-0.000318042
417.1	-0.000269707
417.2	-0.000216728
417.3	-0.000167832
417.4	-0.00011925
417.5	-7.07053e-05
417.6	-2.33583e-05
417.7	2.4874e-05
417.8	7.38474e-05
417.9	0.000120132
418	0.000166009
418.1	0.000212006
418.2	0.000253191
418.3	0.000296777
418.4	0.00033771
418.5	0.000373684
418.6	0.000407328
418.7	0.000437026
418.8	0.000465162
418.9	0.000494471
419	0.000521703
419.1	0.000552683
419.2	0.000587522
419.3	0.000624676
419.4	0.000666721
419.5	0.000712299
419.6	0.000763132
419.7	0.000820533
419.8	0.000883403
419.9	0.000943622
420	0.00100336
420.1	0.00106276
420.2	0.00111572
420.3	0.00116463
420.4	0.00121276
420.5	0.00125894
420.6	0.00130436
420.7	0.00135045
420.8	0.00139276
420.9	0.00143412
421	0.00147513
421.1	0.001516
421.2	0.00155716
421.3	0.00159711
421.4	0.00163343
421.5	0.00166505
421.6	0.00169593
421.7	0.00172208
421.8	0.00174677
421.9	0.00176406
422	0.00177583
422.1	0.00178493
422.2	0.00179058
422.3	0.00179146
422.4	0.00178987
422.5	0.00178762
422.6	0.00178836
422.7	0.00179072
422.8	0.00179455
422.9	0.00179668
423	0.00179976
423.1	0.00180145
423.2	0.00179948
423.3	0.00179512
423.4	0.0017863
423.5	0.00177291
423.6	0.0017569
423.7	0.00173867
423.8	0.00171762
423.9	0.00169189
424	0.00166163
424.1	0.0016269
424.2	0.00158675
424.3	0.00154575
424.4	0.00150104
424.5	0.00145343
424.6	0.00140021
424.7	0.00134293
424.8	0.00128638
424.9	0.00123046
425	0.00117407
425.1	0.0011203
425.2	0.00106922
425.3	0.00101835
425.4	0.000966002
425.5	0.000912047
425.6	0.000852148
425.7	0.000791016
425.8	0.000730069
425.9	0.000669607
426	0.00060857
426.1	0.000547749
426.2	0.00048959
426.3	0.000437874
426.4	0.000389097
426.5	0.000341583
426.6	0.000296397
426.7	0.000260827
426.8	0.000238178
426.9	0.000216675
427	0.000193213
427.1	0.000165399
427.2	0.000132024
427.3	9.90254e-05
427.4	6.8978e-05
427.5	3.82253e-05
427.6	8.89334e-06
427.7	-9.32624e-06
427.8	-2.55568e-05
427.9	-3.53951e-05
428	-4.3094e-05
428.1	-5.71423e-05
428.2	-7.66629e-05
428.3	-9.55764e-05
428.4	-0.000116086
428.5	-0.000138436
428.6	-0.000160494
428.7	-0.000190144
428.8	-0.000224528
428.9	-0.000259689
429	-0.000293018
429.1	-0.000324762
429.2	-0.000354834
429.3	-0.000385416
429.4	-0.000416482
429.5	-0.000442943
429.6	-0.000464375
429.7	-0.000484052
429.8	-0.000498604
429.9	-0.000504382
430	-0.000506762
430.1	-0.000510064
430.2	-0.000514573
430.3	-0.000520259
430.4	-0.000526925
430.5	-0.000532605
430.6	-0.000536725
430.7	-0.000534923
430.8	-0.000529613
430.9	-0.00052989
431	-0.000532133
431.1	-0.000532368
431.2	-0.000530353
431.3	-0.000525769
431.4	-0.000519156
431.5	-0.000512705
431.6	-0.000501064
431.7	-0.000493157
431.8	-0.000488939
431.9	-0.000492882
432	-0.00049893
432.1	-0.000511171
432.2	-0.000529305
432.3	-0.000547782
432.4	-0.000568102
432.5	-0.000587969
432.6	-0.000608226
432.7	-0.000626467
432.8	-0.000643147
432.9	-0.000655249
433	-0.000664735
433.1	-0.000667899
433.2	-0.000668777
433.3	-0.000670135
433.4	-0.000670882
433.5	-0.000664817
433.6	-0.000653614
433.7	-0.000645272
433.8	-0.000632888
433.9	-0.000622342
434	-0.0006177
434.1	-0.000614215
434.2	-0.000610899
434.3	-0.00060565
434.4	-0.000602647
434.5	-0.000605385
434.6	-0.000611893
434.7	-0.000617857
434.8	-0.000620399
434.9	-0.000619683
435	-0.000621723
435.1	-0.0006281
435.2	-0.000638505
435.3	-0.000648328
435.4	-0.000654986
435.5	-0.000663425
435.6	-0.000668905
435.7	-0.000669702
435.8	-0.000667143
435.9	-0.000662465
436	-0.000656645
436.1	-0.000652067
436.2	-0.000648246
436.3	-0.000640492
436.4	-0.000632497
436.5	-0.000631613
436.6	-0.000633786
436.7	-0.000632391
436.8	-0.000627509
436.9	-0.000620712
437	-0.000615042
437.1	-0.000606597
437.2	-0.000595485
437.3	-0.000589279
437.4	-0.000584242
437.5	-0.000581282
437.6	-0.000583665
437.7	-0.000589013
437.8	-0.000599255
437.9	-0.000609843
438	-0.000624023
438.1	-0.000639281
438.2	-0.000656679
438.3	-0.000674401
438.4	-0.000692601
438.5	-0.000709592
438.6	-0.000725016
438.7	-0.000740241
438.8	-0.000754898
438.9	-0.000760853
439	-0.000760528
439.1	-0.000756833
439.2	-0.000751659
439.3	-0.000742991
439.4	-0.00073126
439.5	-0.000714411
439.6	-0.000690487
439.7	-0.000667215
439.8	-0.000645284
439.9	-0.00061935
440	-0.000594274
440.1	-0.000567556
440.2	-0.000542646
440.3	-0.000521938
440.4	-0.000504206
440.5	-0.000486656
440.6	-0.000466187
440.7	-0.000445328
440.8	-0.000420681
440.9	-0.000396749
441	-0.000379753
441.1	-0.000367521
441.2	-0.000359722
441.3	-0.000354314
441.4	-0.000347885
441.5	-0.000337837
441.6	-0.000325867
441.7	-0.000312996
441.8	-0.000295554
441.9	-0.000276807
442	-0.000258993
442.1	-0.000239122
442.2	-0.000215754
442.3	-0.000183369
442.4	-0.000148883
442.5	-0.000114386
442.6	-8.83815e-05
442.7	-7.37476e-05
442.8	-6.55066e-05
442.9	-5.73896e-05
443	-4.83664e-05
443.1	-3.99383e-05
443.2	-3.34073e-05
443.3	-2.55644e-05
443.4	-1.81133e-05
443.5	-8.37115e-06
443.6	-1.17499e-06
443.7	3.14394e-07
443.8	-2.16536e-06
443.9	-6.30834e-06
444	-9.52218e-06
444.1	-1.22429e-05
444.2	-9.41433e-06
444.3	-1.43637e-06
444.4	1.37157e-05
444.5	2.94514e-05
444.6	4.91626e-05
444.7	6.75702e-05
444.8	8.91772e-05
444.9	0.000110389
445	0.000136599
445.1	0.000164406
445.2	0.000194364
445.3	0.000222481
445.4	0.000254537
445.5	0.000285653
445.6	0.000316224
445.7	0.000354608
445.8	0.000403769
445.9	0.000453163
446	0.000501713
446.1	0.000550838
446.2	0.000596755
446.3	0.000634175
446.4	0.000667322
446.5	0.000701218
446.6	0.000734386
446.7	0.00076326
446.8	0.000782808
446.9	0.000798119
447	0.000812489
447.1	0.000827192
447.2	0.000839455
447.3	0.000846792
447.4	0.000851374
447.5	0.000848557
447.6	0.000846573
447.7	0.000841468
447.8	0.000838457
447.9	0.000832053
448	0.000825482
448.1	0.000813083
448.2	0.000791985
448.3	0.000774931
448.4	0.000758633
448.5	0.000742546
448.6	0.00073279
448.7	0.00072651
448.8	0.000720196
448.9	0.00071401
449	0.000706195
449.1	0.000693357
449.2	0.000679375
449.3	0.000666696
449.4	0.000655178
449.5	0.000644523
449.6	0.000637101
449.7	0.000632595
449.8	0.00063343
449.9	0.000637294
450	0.000642273
450.1	0.000646942
450.2	0.000646939
450.3	0.000645268
450.4	0.000642888
450.5	0.000635251
450.6	0.000622797
450.7	0.000605167
450.8	0.000590187
450.9	0.000574244
451	0.000555902
451.1	0.000539496
451.2	0.000524222
451.3	0.000509453
451.4	0.000495841
451.5	0.000488485
451.6	0.000482297
451.7	0.000480031
451.8	0.000477665
451.9	0.000481369
452	0.000490246
452.1	0.000501669
452.2	0.000510189
452.3	0.000520174
452.4	0.000537128
452.5	0.000559645
452.6	0.000583225
452.7	0.000604131
452.8	0.000621649
452.9	0.000639336
453	0.000654446
453.1	0.000667146
453.2	0.000677781
453.3	0.000683947
453.4	0.000682961
453.5	0.000679923
453.6	0.00067518
453.7	0.000669732
453.8	0.000662917
453.9	0.000655474
454	0.000648202
454.1	0.000641437
454.2	0.000641938
454.3	0.000644855
454.4	0.000649511
454.5	0.000652601
454.6	0.000654474
454.7	0.000654807
454.8	0.000651867
454.9	0.000646733
455	0.000641494
455.1	0.00063267
455.2	0.000619324
455.3	0.000602932
455.4	0.000584757
455.5	0.000567203
455.6	0.000551306
455.7	0.000541181
455.8	0.000528608
455.9	0.000514795
456	0.000501275
456.1	0.000486308
456.2	0.000472159
456.3	0.000453409
456.4	0.000437956
456.5	0.000424509
456.6	0.000408248
456.7	0.000390966
456.8	0.000374688
456.9	0.000361755
457	0.000346343
457.1	0.000328823
457.2	0.000311356
457.3	0.000298124
457.4	0.00028379
457.5	0.000269301
457.6	0.000254825
457.7	0.000237985
457.8	0.000217725
457.9	0.000197725
458	0.000178233
458.1	0.000163857
458.2	0.000158361
458.3	0.000162715
458.4	0.000171638
458.5	0.000183326
458.6	0.000193127
458.7	0.00020315
458.8	0.000216509
458.9	0.000230664
459	0.000245476
459.1	0.000262701
459.2	0.000276341
459.3	0.000290736
459.4	0.000305243
459.5	0.000320539
459.6	0.000335919
459.7	0.000353506
459.8	0.000376389
459.9	0.000406119
460	0.000434732
460.1	0.000463955
460.2	0.000498105
460.3	0.000529447
460.4	0.000556814
460.5	0.000580485
460.6	0.000602522
460.7	0.000627753
460.8	0.00065615
460.9	0.000681159
461	0.000703481
461.1	0.000723338
461.2	0.000745421
461.3	0.000763318
461.4	0.00078452
461.5	0.000812794
461.6	0.000841932
461.7	0.000869411
461.8	0.000896856
461.9	0.000919067
462	0.000937867
462.1	0.000954258
462.2	0.000967292
462.3	0.000976363
462.4	0.000983421
462.5	0.000992533
462.6	0.00100327
462.7	0.00101052
462.8	0.00101791
462.9	0.00103051
463	0.00104091
463.1	0.00105046
463.2	0.00106337
463.3	0.00108003
463.4	0.0010999
463.5	0.00112162
463.6	0.00113892
463.7	0.001154
463.8	0.00117349
463.9	0.00119485
464	0.00121537
464.1	0.00122907
464.2	0.00123382
464.3	0.00123297
464.4	0.00122877
464.5	0.00122116
464.6	0.00121455
464.7	0.00120593
464.8	0.00118944
464.9	0.00117341
465	0.00115925
465.1	0.00114908
465.2	0.0011408
465.3	0.00113204
465.4	0.00112148
465.5	0.00110929
465.6	0.00109179
465.7	0.00106996
465.8	0.00104593
465.9	0.00102278
466	0.00100055
466.1	0.000976514
466.2	0.0009477
466.3	0.00091903
466.4	0.000891006
466.5	0.000866892
466.6	0.000849947
466.7	0.000837705
466.8	0.000831485
466.9	0.000828379
467	0.000824008
467.1	0.000822639
467.2	0.000823485
467.3	0.000826352
467.4	0.000824595
467.5	0.000818779
467.6	0.000813313
467.7	0.000813923
467.8	0.000814616
467.9	0.000816839
468	0.000818643
468.1	0.000816722
468.2	0.000814276
468.3	0.000811055
468.4	0.000802699
468.5	0.000792218
468.6	0.000778598
468.7	0.00076155
468.8	0.000742287
468.9	0.000725194
469	0.000710156
469.1	0.000697708
469.2	0.000687906
469.3	0.000679449
469.4	0.000668727
469.5	0.000657891
469.6	0.000646372
469.7	0.000631704
469.8	0.000616133
469.9	0.000599803
470	0.000583305
470.1	0.000571926
470.2	0.000562511
470.3	0.000553481
470.4	0.000542512
470.5	0.00053187
470.6	0.000519611
470.7	0.000512924
470.8	0.000501107
470.9	0.000484536
471	0.000465367
471.1	0.000444473
471.2	0.000426853
471.3	0.000411715
471.4	0.000395538
471.5	0.000384211
471.6	0.000375181
471.7	0.000364061
471.8	0.000352399
471.9	0.00033628
472	0.000316457
472.1	0.000295112
472.2	0.000273735
472.3	0.000248693
472.4	0.000220336
472.5	0.000189559
472.6	0.000152151
472.7	0.000109668
472.8	6.64393e-05
472.9	2.53967e-05
473	-1.1604e-05
473.1	-4.5764e-05
473.2	-7.8588e-05
473.3	-0.000107075
473.4	-0.000136454
473.5	-0.000164054
473.6	-0.000193073
473.7	-0.000227989
473.8	-0.000266933
473.9	-0.000307654
474	-0.000350312
474.1	-0.000395017
474.2	-0.000443609
474.3	-0.000494393
474.4	-0.000547941
474.5	-0.000601654
474.6	-0.00065693
474.7	-0.000716889
474.8	-0.000771742
474.9	-0.000822333
475	-0.000873624
475.1	-0.000924427
475.2	-0.000978016
475.3	-0.00103337
475.4	-0.00108616
475.5	-0.00114071
475.6	-0.00119378
475.7	-0.00125139
475.8	-0.00131018
475.9	-0.00136406
476	-0.00141737
476.1	-0.00146786
476.2	-0.0015155
476.3	-0.00156306
476.4	-0.00161214
476.5	-0.00165728
476.6	-0.00169438
476.7	-0.0017308
476.8	-0.00176774
476.9	-0.0018098
477	-0.00185523
477.1	-0.00190429
477.2	-0.0019528
477.3	-0.00200264
477.4	-0.00205213
477.5	-0.00209846
477.6	-0.00213984
477.7	-0.00217821
477.8	-0.0022133
477.9	-0.00224431
478	-0.00226993
478.1	-0.0022908
478.2	-0.00231198
478.3	-0.00232966
478.4	-0.00234649
478.5	-0.00235862
478.6	-0.00236469
478.7	-0.00236362
478.8	-0.00236145
478.9	-0.00235738
479	-0.00235375
479.1	-0.00234805
479.2	-0.00234358
479.3	-0.00233855
479.4	-0.00233858
479.5	-0.00233821
479.6	-0.00233648
479.7	-0.00232888
479.8	-0.00231737
479.9	-0.00230515
480	-0.00229506
480.1	-0.00229322
480.2	-0.00229838
480.3	-0.00230054
480.4	-0.00230064
480.5	-0.00229883
480.6	-0.00229604
480.7	-0.00229125
480.8	-0.00228744
480.9	-0.00227974
481	-0.00226798
481.1	-0.00225028
481.2	-0.00223013
481.3	-0.00220952
481.4	-0.00219311
481.5	-0.0021782
481.6	-0.00216216
481.7	-0.0021475
481.8	-0.002136
481.9	-0.00212924
482	-0.00212381
482.1	-0.0021179
482.2	-0.00210434
482.3	-0.00208637
482.4	-0.00207001
482.5	-0.00205371
482.6	-0.00203524
482.7	-0.00201098
482.8	-0.00198633
482.9	-0.00196141
483	-0.00194222
483.1	-0.0019278
483.2	-0.00191481
483.3	-0.00190398
483.4	-0.0018914
483.5	-0.00187942
483.6	-0.00186898
483.7	-0.00186497
483.8	-0.00186724
483.9	-0.00187172
484	-0.00188211
484.1	-0.0018953
484.2	-0.00190505
484.3	-0.0019138
484.4	-0.00192468
484.5	-0.00193826
484.6	-0.00194941
484.7	-0.00196058
484.8	-0.00196984
484.9	-0.00197734
485	-0.00198476
485.1	-0.00198676
485.2	-0.00198428
485.3	-0.00198055
485.4	-0.0019795
485.5	-0.00198151
485.6	-0.00198303
485.7	-0.00198495
485.8	-0.00198743
485.9	-0.001993
486	-0.00199924
486.1	-0.00200659
486.2	-0.00201379
486.3	-0.0020198
486.4	-0.00201951
486.5	-0.00201628
486.6	-0.00201108
486.7	-0.00200628
486.8	-0.00200287
486.9	-0.00200008
487	-0.00200132
487.1	-0.00200849
487.2	-0.00201735
487.3	-0.00202964
487.4	-0.00204373
487.5	-0.00205841
487.6	-0.00206834
487.7	-0.00207376
487.8	-0.00207912
487.9	-0.0020862
488	-0.00209562
488.1	-0.00210669
488.2	-0.00212112
488.3	-0.00214296
488.4	-0.00217067
488.5	-0.00219765
488.6	-0.00222017
488.7	-0.00224348
488.8	-0.00226379
488.9	-0.00227505
489	-0.00228044
489.1	-0.00227857
489.2	-0.00227591
489.3	-0.0022678
489.4	-0.00225622
489.5	-0.00224732
489.6	-0.00224431
489.7	-0.00224415
489.8	-0.00224208
489.9	-0.00224264
490	-0.00224381
490.1	-0.00224592
490.2	-0.00224483
490.3	-0.00224269
490.4	-0.0022382
490.5	-0.0022318
490.6	-0.00222775
490.7	-0.00222228
490.8	-0.00221162
490.9	-0.00219225
491	-0.00217092
491.1	-0.00214618
491.2	-0.00212402
491.3	-0.00210713
491.4	-0.00209604
491.5	-0.00208796
491.6	-0.00208056
491.7	-0.00207071
491.8	-0.00205822
491.9	-0.00204105
492	-0.00202048
492.1	-0.00199778
492.2	-0.00197175
492.3	-0.00194503
492.4	-0.00191504
492.5	-0.00188501
492.6	-0.00185899
492.7	-0.00183937
492.8	-0.00182211
492.9	-0.00180513
493	-0.00178543
493.1	-0.00176214
493.2	-0.00173478
493.3	-0.00170851
493.4	-0.00168654
493.5	-0.00166354
493.6	-0.00164057
493.7	-0.00161773
493.8	-0.0015953
493.9	-0.00156885
494	-0.00153993
494.1	-0.00151131
494.2	-0.00148611
494.3	-0.00146077
494.4	-0.00143741
494.5	-0.00140987
494.6	-0.00138053
494.7	-0.00135262
494.8	-0.00132658
494.9	-0.00129772
495	-0.0012689
495.1	-0.00124067
495.2	-0.00122014
495.3	-0.00120329
495.4	-0.0011882
495.5	-0.0011747
495.6	-0.00116449
495.7	-0.00115408
495.8	-0.00114437
495.9	-0.00113828
496	-0.00113756
496.1	-0.00113677
496.2	-0.00112923
496.3	-0.00111899
496.4	-0.00110758
496.5	-0.00109691
496.6	-0.00108961
496.7	-0.00108507
496.8	-0.00107864
496.9	-0.00107489
497	-0.00107255
497.1	-0.00107029
497.2	-0.00106951
497.3	-0.0010711
497.4	-0.00107461
497.5	-0.00108083
497.6	-0.00109442
497.7	-0.00111351
497.8	-0.00113491
497.9	-0.00115465
498	-0.00117174
498.1	-0.00119153
498.2	-0.00121152
498.3	-0.00122735
498.4	-0.00124031
498.5	-0.00125106
498.6	-0.00126072
498.7	-0.00126959
498.8	-0.00128005
498.9	-0.00129097
499	-0.0013036
499.1	-0.00132209
499.2	-0.00134
499.3	-0.00136154
499.4	-0.00138827
499.5	-0.00141527
499.6	-0.00144339
499.7	-0.00147104
499.8	-0.00150015
499.9	-0.00152533
500	-0.00154954
