LagTime	Correlation

0	0.669073
0.1	0.664053
0.2	0.656574
0.3	0.648548
0.4	0.640455
0.5	0.632421
0.6	0.624476
0.7	0.616625
0.8	0.608869
0.9	0.601206
1	0.59364
1.1	0.586169
1.2	0.578795
1.3	0.571513
1.4	0.564323
1.5	0.557223
1.6	0.550213
1.7	0.543294
1.8	0.536462
1.9	0.529715
2	0.523056
2.1	0.516481
2.2	0.509988
2.3	0.503577
2.4	0.497248
2.5	0.490997
2.6	0.484822
2.7	0.478724
2.8	0.472701
2.9	0.466752
3	0.460877
3.1	0.455082
3.2	0.449373
3.3	0.443737
3.4	0.43817
3.5	0.432671
3.6	0.42724
3.7	0.421881
3.8	0.416586
3.9	0.411355
4	0.406193
4.1	0.401095
4.2	0.396059
4.3	0.391081
4.4	0.38616
4.5	0.381298
4.6	0.376491
4.7	0.371742
4.8	0.367053
4.9	0.36242
5	0.357842
5.1	0.353319
5.2	0.348852
5.3	0.344447
5.4	0.340102
5.5	0.335816
5.6	0.331587
5.7	0.327413
5.8	0.323294
5.9	0.319233
6	0.315224
6.1	0.311266
6.2	0.307361
6.3	0.303504
6.4	0.299696
6.5	0.295934
6.6	0.292216
6.7	0.28854
6.8	0.284909
6.9	0.281322
7	0.277777
7.1	0.274278
7.2	0.270825
7.3	0.267416
7.4	0.264048
7.5	0.26072
7.6	0.257434
7.7	0.25419
7.8	0.250987
7.9	0.247821
8	0.244689
8.1	0.241594
8.2	0.238543
8.3	0.235531
8.4	0.232557
8.5	0.229621
8.6	0.226726
8.7	0.223867
8.8	0.221045
8.9	0.21826
9	0.215509
9.1	0.212795
9.2	0.210119
9.3	0.207478
9.4	0.204869
9.5	0.202294
9.6	0.199746
9.7	0.197227
9.8	0.19474
9.9	0.192277
10	0.18984
10.1	0.187435
10.2	0.185057
10.3	0.182715
10.4	0.180409
10.5	0.178132
10.6	0.175881
10.7	0.173661
10.8	0.171465
10.9	0.169296
11	0.167154
11.1	0.165041
11.2	0.162961
11.3	0.160913
11.4	0.158887
11.5	0.156889
11.6	0.154917
11.7	0.152969
11.8	0.151043
11.9	0.149141
12	0.147259
12.1	0.145404
12.2	0.143577
12.3	0.141772
12.4	0.139994
12.5	0.13824
12.6	0.136504
12.7	0.13479
12.8	0.133096
12.9	0.131424
13	0.129769
13.1	0.128128
13.2	0.126508
13.3	0.124909
13.4	0.123331
13.5	0.121773
13.6	0.120234
13.7	0.118713
13.8	0.117212
13.9	0.115733
14	0.114273
14.1	0.112833
14.2	0.111416
14.3	0.110019
14.4	0.108638
14.5	0.107275
14.6	0.105932
14.7	0.104604
14.8	0.103297
14.9	0.102007
15	0.10073
15.1	0.0994737
15.2	0.0982352
15.3	0.09701
15.4	0.0957999
15.5	0.0946017
15.6	0.0934159
15.7	0.0922468
15.8	0.0910906
15.9	0.0899451
16	0.0888168
16.1	0.0877047
16.2	0.0866056
16.3	0.0855162
16.4	0.0844353
16.5	0.083371
16.6	0.0823192
16.7	0.0812835
16.8	0.08026
16.9	0.0792488
17	0.0782483
17.1	0.0772583
17.2	0.0762825
17.3	0.0753193
17.4	0.0743751
17.5	0.0734489
17.6	0.0725411
17.7	0.0716474
17.8	0.0707635
17.9	0.0698838
18	0.069012
18.1	0.0681488
18.2	0.067293
18.3	0.0664441
18.4	0.0656068
18.5	0.0647788
18.6	0.0639614
18.7	0.063154
18.8	0.0623555
18.9	0.0615703
19	0.060795
19.1	0.0600264
19.2	0.0592686
19.3	0.0585189
19.4	0.0577788
19.5	0.057049
19.6	0.056327
19.7	0.0556085
19.8	0.0549004
19.9	0.0542048
20	0.0535226
20.1	0.0528449
20.2	0.0521714
20.3	0.0515097
20.4	0.0508573
20.5	0.0502146
20.6	0.0495814
20.7	0.0489542
20.8	0.0483358
20.9	0.0477229
21	0.0471201
21.1	0.0465228
21.2	0.0459372
21.3	0.0453617
21.4	0.0447986
21.5	0.0442484
21.6	0.0437037
21.7	0.0431614
21.8	0.0426231
21.9	0.0420904
22	0.0415678
22.1	0.0410524
22.2	0.0405378
22.3	0.0400264
22.4	0.0395231
22.5	0.0390279
22.6	0.0385398
22.7	0.0380562
22.8	0.0375744
22.9	0.0370983
23	0.0366243
23.1	0.0361574
23.2	0.0356992
23.3	0.0352518
23.4	0.0348075
23.5	0.0343664
23.6	0.0339274
23.7	0.0334973
23.8	0.0330753
23.9	0.0326597
24	0.0322493
24.1	0.0318438
24.2	0.0314437
24.3	0.0310477
24.4	0.0306547
24.5	0.0302677
24.6	0.0298871
24.7	0.0295143
24.8	0.0291497
24.9	0.0287947
25	0.028448
25.1	0.0281103
25.2	0.0277768
25.3	0.0274451
25.4	0.0271146
25.5	0.0267956
25.6	0.0264864
25.7	0.026184
25.8	0.0258865
25.9	0.0255884
26	0.0252933
26.1	0.0249997
26.2	0.024709
26.3	0.0244239
26.4	0.0241402
26.5	0.023857
26.6	0.0235785
26.7	0.0233079
26.8	0.0230391
26.9	0.0227757
27	0.022519
27.1	0.0222642
27.2	0.0220063
27.3	0.0217522
27.4	0.0215008
27.5	0.0212551
27.6	0.0210122
27.7	0.0207685
27.8	0.0205222
27.9	0.0202738
28	0.0200327
28.1	0.0197916
28.2	0.0195543
28.3	0.0193182
28.4	0.0190855
28.5	0.0188557
28.6	0.0186243
28.7	0.0183983
28.8	0.0181772
28.9	0.0179573
29	0.0177388
29.1	0.0175236
29.2	0.0173077
29.3	0.0170942
29.4	0.016887
29.5	0.0166867
29.6	0.0164885
29.7	0.0162918
29.8	0.0160952
29.9	0.0159052
30	0.0157192
30.1	0.0155327
30.2	0.015352
30.3	0.015178
30.4	0.0150032
30.5	0.014832
30.6	0.014666
30.7	0.0145006
30.8	0.0143317
30.9	0.0141645
31	0.0139957
31.1	0.0138259
31.2	0.0136568
31.3	0.0134862
31.4	0.0133149
31.5	0.0131451
31.6	0.0129761
31.7	0.0128099
31.8	0.0126459
31.9	0.0124871
32	0.0123328
32.1	0.0121869
32.2	0.0120469
32.3	0.011917
32.4	0.0117889
32.5	0.0116583
32.6	0.0115249
32.7	0.0113879
32.8	0.0112474
32.9	0.0111074
33	0.0109687
33.1	0.0108285
33.2	0.0106834
33.3	0.0105352
33.4	0.010384
33.5	0.0102273
33.6	0.010073
33.7	0.0099202
33.8	0.00976722
33.9	0.00961559
34	0.00946797
34.1	0.00932422
34.2	0.00918727
34.3	0.0090563
34.4	0.00892596
34.5	0.00879401
34.6	0.00866701
34.7	0.00854559
34.8	0.00842967
34.9	0.00831998
35	0.00821231
35.1	0.00810826
35.2	0.00800793
35.3	0.00791112
35.4	0.00781996
35.5	0.00773219
35.6	0.00763974
35.7	0.0075477
35.8	0.00745866
35.9	0.00737374
36	0.00729123
36.1	0.00721283
36.2	0.00713538
36.3	0.00705764
36.4	0.00698494
36.5	0.00691689
36.6	0.00685074
36.7	0.0067904
36.8	0.00673371
36.9	0.00667212
37	0.00660231
37.1	0.00652914
37.2	0.00645207
37.3	0.00637089
37.4	0.00629094
37.5	0.00621708
37.6	0.00614582
37.7	0.00607967
37.8	0.00601631
37.9	0.00595092
38	0.00588658
38.1	0.00582615
38.2	0.00576906
38.3	0.00572076
38.4	0.00567576
38.5	0.00562871
38.6	0.00558613
38.7	0.00554849
38.8	0.00551398
38.9	0.00548174
39	0.00544847
39.1	0.00541554
39.2	0.00538471
39.3	0.00536049
39.4	0.00533931
39.5	0.00531979
39.6	0.00530242
39.7	0.00528355
39.8	0.00526458
39.9	0.00524023
40	0.00521381
40.1	0.00518354
40.2	0.00515585
40.3	0.00513073
40.4	0.00510734
40.5	0.00508782
40.6	0.0050714
40.7	0.00505565
40.8	0.00503915
40.9	0.00502635
41	0.00501479
41.1	0.00500555
41.2	0.00499503
41.3	0.00498093
41.4	0.00496211
41.5	0.00494382
41.6	0.00492407
41.7	0.00489794
41.8	0.00487069
41.9	0.00484184
42	0.0048137
42.1	0.00478859
42.2	0.00476704
42.3	0.00474499
42.4	0.00472277
42.5	0.00470501
42.6	0.00469269
42.7	0.00468207
42.8	0.00467169
42.9	0.00465767
43	0.00463967
43.1	0.0046176
43.2	0.00459426
43.3	0.00457077
43.4	0.0045465
43.5	0.00452336
43.6	0.00449581
43.7	0.00446844
43.8	0.00444211
43.9	0.00442026
44	0.00440439
44.1	0.00439182
44.2	0.00438172
44.3	0.00437629
44.4	0.00437199
44.5	0.00436933
44.6	0.00435974
44.7	0.00434961
44.8	0.00433828
44.9	0.00432718
45	0.00431212
45.1	0.00429683
45.2	0.00428283
45.3	0.00427182
45.4	0.00426302
45.5	0.00424856
45.6	0.00422775
45.7	0.00420107
45.8	0.00417411
45.9	0.00415179
46	0.00412921
46.1	0.00410524
46.2	0.00407671
46.3	0.00404805
46.4	0.0040188
46.5	0.00398774
46.6	0.00395727
46.7	0.00392324
46.8	0.00389082
46.9	0.00386071
47	0.00383012
47.1	0.00380269
47.2	0.0037766
47.3	0.00375312
47.4	0.00373389
47.5	0.00371952
47.6	0.00370527
47.7	0.00369192
47.8	0.00367861
47.9	0.00366747
48	0.00366035
48.1	0.00365746
48.2	0.00365376
48.3	0.00364597
48.4	0.00363636
48.5	0.00362784
48.6	0.00362248
48.7	0.00361748
48.8	0.00361485
48.9	0.00361812
49	0.00362365
49.1	0.00362864
49.2	0.00363333
49.3	0.00363761
49.4	0.00364376
49.5	0.00365053
49.6	0.00365352
49.7	0.00366101
49.8	0.00367022
49.9	0.00367983
50	0.00368842
50.1	0.00370284
50.2	0.00371653
50.3	0.0037256
50.4	0.00373279
50.5	0.00373429
50.6	0.0037339
50.7	0.00373836
50.8	0.00374669
50.9	0.00375706
51	0.00377074
51.1	0.00378312
51.2	0.00379231
51.3	0.00380087
51.4	0.00380972
51.5	0.00382206
51.6	0.00383304
51.7	0.00384567
51.8	0.00385873
51.9	0.00386582
52	0.00386934
52.1	0.00386951
52.2	0.00386815
52.3	0.00386311
52.4	0.00385708
52.5	0.00385354
52.6	0.00384687
52.7	0.00384456
52.8	0.00384529
52.9	0.00384624
53	0.0038463
53.1	0.00384985
53.2	0.00385304
53.3	0.00385189
53.4	0.00384367
53.5	0.0038298
53.6	0.00381622
53.7	0.00380712
53.8	0.00379903
53.9	0.00379412
54	0.00378967
54.1	0.00378857
54.2	0.00378597
54.3	0.00378337
54.4	0.00377841
54.5	0.00377352
54.6	0.00376537
54.7	0.00376136
54.8	0.00375901
54.9	0.00375449
55	0.00374638
55.1	0.00373405
55.2	0.00371535
55.3	0.00368877
55.4	0.00365664
55.5	0.00361533
55.6	0.00357155
55.7	0.00353296
55.8	0.00349518
55.9	0.00345623
56	0.00341641
56.1	0.00337699
56.2	0.00333502
56.3	0.00329116
56.4	0.00325096
56.5	0.00320968
56.6	0.00316611
56.7	0.00312078
56.8	0.00307323
56.9	0.00302773
57	0.0029834
57.1	0.00294407
57.2	0.00290746
57.3	0.00287464
57.4	0.00284014
57.5	0.00280121
57.6	0.00275981
57.7	0.00271669
57.8	0.00267322
57.9	0.00263404
58	0.00259751
58.1	0.00256527
58.2	0.00253994
58.3	0.00251717
58.4	0.00249741
58.5	0.00248118
58.6	0.00246693
58.7	0.00245384
58.8	0.00244371
58.9	0.00243159
59	0.00241894
59.1	0.00240355
59.2	0.00238932
59.3	0.0023766
59.4	0.00236653
59.5	0.0023561
59.6	0.00234265
59.7	0.00233028
59.8	0.00231727
59.9	0.00230442
60	0.00228958
60.1	0.00227276
60.2	0.00225128
60.3	0.00222849
60.4	0.00220526
60.5	0.002188
60.6	0.00216913
60.7	0.00215113
60.8	0.00213322
60.9	0.0021122
61	0.00209271
61.1	0.00207796
61.2	0.00206685
61.3	0.00205511
61.4	0.00203948
61.5	0.00202583
61.6	0.00201304
61.7	0.00200059
61.8	0.00199057
61.9	0.00198516
62	0.0019798
62.1	0.00197668
62.2	0.00197594
62.3	0.0019739
62.4	0.00197016
62.5	0.00196622
62.6	0.00196032
62.7	0.00194861
62.8	0.00193002
62.9	0.0019055
63	0.00187903
63.1	0.00184846
63.2	0.00181295
63.3	0.00177983
63.4	0.00175031
63.5	0.00172206
63.6	0.00169038
63.7	0.00165501
63.8	0.00161542
63.9	0.00157019
64	0.00152248
64.1	0.00147056
64.2	0.00141179
64.3	0.0013523
64.4	0.00129036
64.5	0.00122898
64.6	0.00117723
64.7	0.00113519
64.8	0.00109891
64.9	0.00106755
65	0.00103988
65.1	0.0010149
65.2	0.000993606
65.3	0.000976262
65.4	0.000961975
65.5	0.000952708
65.6	0.000943273
65.7	0.000928426
65.8	0.000906417
65.9	0.000882839
66	0.000854938
66.1	0.000825893
66.2	0.000796945
66.3	0.000767079
66.4	0.000739205
66.5	0.00070843
66.6	0.000677136
66.7	0.000645563
66.8	0.000612958
66.9	0.000576943
67	0.000544539
67.1	0.000515722
67.2	0.000487769
67.3	0.00045594
67.4	0.000421352
67.5	0.000384664
67.6	0.000351294
67.7	0.000320433
67.8	0.000287898
67.9	0.00025794
68	0.000231251
68.1	0.000207992
68.2	0.000186617
68.3	0.00016522
68.4	0.000144692
68.5	0.000125333
68.6	9.99395e-05
68.7	7.13576e-05
68.8	3.79123e-05
68.9	3.84773e-06
69	-3.09426e-05
69.1	-6.26812e-05
69.2	-9.0164e-05
69.3	-0.000113784
69.4	-0.000136449
69.5	-0.000158051
69.6	-0.000172314
69.7	-0.000185216
69.8	-0.000198353
69.9	-0.000212608
70	-0.000225579
70.1	-0.000239942
70.2	-0.000254855
70.3	-0.000272368
70.4	-0.00028495
70.5	-0.000295962
70.6	-0.000302517
70.7	-0.000306264
70.8	-0.000306865
70.9	-0.000309006
71	-0.000308891
71.1	-0.000314021
71.2	-0.000323495
71.3	-0.000331588
71.4	-0.000341625
71.5	-0.000351632
71.6	-0.000361307
71.7	-0.000366228
71.8	-0.000371935
71.9	-0.000375045
72	-0.000383273
72.1	-0.000391586
72.2	-0.000399163
72.3	-0.000405764
72.4	-0.000408194
72.5	-0.000407877
72.6	-0.000406858
72.7	-0.00040424
72.8	-0.000404807
72.9	-0.000411775
73	-0.00042349
73.1	-0.000436496
73.2	-0.000449938
73.3	-0.00046123
73.4	-0.000472179
73.5	-0.000488387
73.6	-0.000512288
73.7	-0.000535889
73.8	-0.000556344
73.9	-0.000583179
74	-0.000614499
74.1	-0.000644033
74.2	-0.00067217
74.3	-0.000701766
74.4	-0.000733108
74.5	-0.000769154
74.6	-0.000809725
74.7	-0.000847804
74.8	-0.000883266
74.9	-0.000916845
75	-0.000951247
75.1	-0.000989614
75.2	-0.00102285
75.3	-0.00104958
75.4	-0.0010762
75.5	-0.00110524
75.6	-0.0011382
75.7	-0.00117066
75.8	-0.00119914
75.9	-0.00122399
76	-0.00124591
76.1	-0.00126812
76.2	-0.00128905
76.3	-0.00130512
76.4	-0.00131824
76.5	-0.00133242
76.6	-0.00134714
76.7	-0.00136111
76.8	-0.00137308
76.9	-0.0013872
77	-0.00140008
77.1	-0.00141391
77.2	-0.00142946
77.3	-0.00144391
77.4	-0.00145952
77.5	-0.00147712
77.6	-0.00149634
77.7	-0.00151515
77.8	-0.00153553
77.9	-0.00155926
78	-0.00158799
78.1	-0.0016179
78.2	-0.00165354
78.3	-0.0016941
78.4	-0.00173384
78.5	-0.00177172
78.6	-0.00180917
78.7	-0.00184325
78.8	-0.00187482
78.9	-0.0019067
79	-0.00193747
79.1	-0.00197226
79.2	-0.00199953
79.3	-0.00202227
79.4	-0.00204436
79.5	-0.00206897
79.6	-0.00209496
79.7	-0.00212517
79.8	-0.00215403
79.9	-0.00218054
80	-0.00220767
80.1	-0.00222862
80.2	-0.00224789
80.3	-0.0022662
80.4	-0.0022857
80.5	-0.00230205
80.6	-0.00231641
80.7	-0.00232764
80.8	-0.00233798
80.9	-0.00234619
81	-0.00235213
81.1	-0.00235684
81.2	-0.00236212
81.3	-0.00236354
81.4	-0.00236129
81.5	-0.00235734
81.6	-0.00235265
81.7	-0.00234548
81.8	-0.00234096
81.9	-0.00234015
82	-0.00233915
82.1	-0.00234017
82.2	-0.0023411
82.3	-0.0023422
82.4	-0.00234533
82.5	-0.00235114
82.6	-0.00236173
82.7	-0.00237464
82.8	-0.00238661
82.9	-0.00239854
83	-0.00240684
83.1	-0.00241578
83.2	-0.00242905
83.3	-0.00244652
83.4	-0.00246343
83.5	-0.00248174
83.6	-0.00249819
83.7	-0.00251246
83.8	-0.00252792
83.9	-0.00254937
84	-0.00258139
84.1	-0.00262105
84.2	-0.0026668
84.3	-0.00271777
84.4	-0.00277049
84.5	-0.00282275
84.6	-0.00287151
84.7	-0.00291481
84.8	-0.0029583
84.9	-0.00299986
85	-0.00304188
85.1	-0.00307625
85.2	-0.00310544
85.3	-0.00312779
85.4	-0.00314703
85.5	-0.00316175
85.6	-0.00317517
85.7	-0.00318586
85.8	-0.00319462
85.9	-0.00320039
86	-0.00320217
86.1	-0.00320142
86.2	-0.00320469
86.3	-0.00320766
86.4	-0.00321085
86.5	-0.00321465
86.6	-0.00322249
86.7	-0.00323234
86.8	-0.00323887
86.9	-0.00324423
87	-0.00324499
87.1	-0.00323722
87.2	-0.00322401
87.3	-0.00320915
87.4	-0.00319137
87.5	-0.0031701
87.6	-0.00314792
87.7	-0.00312811
87.8	-0.00311345
87.9	-0.00309546
88	-0.00307553
88.1	-0.00305684
88.2	-0.00303891
88.3	-0.00302426
88.4	-0.0030046
88.5	-0.0029803
88.6	-0.00295659
88.7	-0.00292981
88.8	-0.00290291
88.9	-0.00287633
89	-0.00284972
89.1	-0.00282489
89.2	-0.00280335
89.3	-0.00278359
89.4	-0.00276201
89.5	-0.00273786
89.6	-0.00271083
89.7	-0.00267852
89.8	-0.00264468
89.9	-0.00260976
90	-0.00257407
90.1	-0.00254186
90.2	-0.00251336
90.3	-0.00248818
90.4	-0.00246588
90.5	-0.00244124
90.6	-0.00241548
90.7	-0.00238755
90.8	-0.00235615
90.9	-0.00233133
91	-0.00230873
91.1	-0.00228453
91.2	-0.00225932
91.3	-0.00223744
91.4	-0.00221216
91.5	-0.00218421
91.6	-0.00215767
91.7	-0.00212886
91.8	-0.00210021
91.9	-0.00207187
92	-0.00204207
92.1	-0.00201916
92.2	-0.00199807
92.3	-0.00197992
92.4	-0.00196732
92.5	-0.0019615
92.6	-0.00196308
92.7	-0.00196514
92.8	-0.00197262
92.9	-0.00198173
93	-0.00199321
93.1	-0.00200418
93.2	-0.00201623
93.3	-0.00202796
93.4	-0.00203708
93.5	-0.00204397
93.6	-0.00204674
93.7	-0.00204216
93.8	-0.00203247
93.9	-0.00202198
94	-0.00200889
94.1	-0.00198537
94.2	-0.00195449
94.3	-0.00192227
94.4	-0.00189103
94.5	-0.00185862
94.6	-0.00182099
94.7	-0.00177944
94.8	-0.00173686
94.9	-0.00169505
95	-0.00165465
95.1	-0.00161978
95.2	-0.001586
95.3	-0.00154904
95.4	-0.00150405
95.5	-0.00145764
95.6	-0.00141541
95.7	-0.00137732
95.8	-0.00134843
95.9	-0.00131669
96	-0.00127992
96.1	-0.00123673
96.2	-0.0011939
96.3	-0.00115116
96.4	-0.00111017
96.5	-0.00107488
96.6	-0.00104374
96.7	-0.00101418
96.8	-0.00098363
96.9	-0.000952091
97	-0.000923204
97.1	-0.00089992
97.2	-0.000882486
97.3	-0.00086781
97.4	-0.000855196
97.5	-0.00084685
97.6	-0.000841019
97.7	-0.000834231
97.8	-0.000828085
97.9	-0.000817005
98	-0.000799834
98.1	-0.000786505
98.2	-0.000774291
98.3	-0.000762474
98.4	-0.000750821
98.5	-0.000742478
98.6	-0.000734263
98.7	-0.000730762
98.8	-0.000726706
98.9	-0.000721385
99	-0.000718919
99.1	-0.000716663
99.2	-0.000712713
99.3	-0.000710663
99.4	-0.000709442
99.5	-0.000707788
99.6	-0.000715433
99.7	-0.000732354
99.8	-0.00074921
99.9	-0.000761158
100	-0.000771694
100.1	-0.000783953
100.2	-0.000794317
100.3	-0.000806243
100.4	-0.000817605
100.5	-0.000828148
100.6	-0.000840742
100.7	-0.000854042
100.8	-0.000869019
100.9	-0.000889123
101	-0.000912726
101.1	-0.00093735
101.2	-0.000964707
101.3	-0.0009957
101.4	-0.0010298
101.5	-0.00106332
101.6	-0.00109308
101.7	-0.00112104
101.8	-0.00114789
101.9	-0.00117348
102	-0.00120233
102.1	-0.00123116
102.2	-0.00126281
102.3	-0.00129254
102.4	-0.0013191
102.5	-0.00134246
102.6	-0.00136259
102.7	-0.00137799
102.8	-0.00138868
102.9	-0.00139719
103	-0.00140571
103.1	-0.00141389
103.2	-0.0014242
103.3	-0.00144024
103.4	-0.00145391
103.5	-0.00146805
103.6	-0.00148533
103.7	-0.00150724
103.8	-0.00152834
103.9	-0.00155151
104	-0.00157439
104.1	-0.00159706
104.2	-0.00162136
104.3	-0.00164697
104.4	-0.0016696
104.5	-0.00168704
104.6	-0.00170032
104.7	-0.00170406
104.8	-0.00170272
104.9	-0.00169802
105	-0.00169662
105.1	-0.00169793
105.2	-0.00170517
105.3	-0.00171556
105.4	-0.00172566
105.5	-0.00173339
105.6	-0.00173624
105.7	-0.00173868
105.8	-0.00173922
105.9	-0.00174075
106	-0.00174298
106.1	-0.00174393
106.2	-0.00174315
106.3	-0.00174266
106.4	-0.00174075
106.5	-0.00173687
106.6	-0.00173418
106.7	-0.00172935
106.8	-0.00172567
106.9	-0.00171534
107	-0.00170472
107.1	-0.00169617
107.2	-0.00169307
107.3	-0.0016918
107.4	-0.00169788
107.5	-0.00171103
107.6	-0.00172929
107.7	-0.00174745
107.8	-0.00175878
107.9	-0.00176102
108	-0.00175899
108.1	-0.00175567
108.2	-0.00174974
108.3	-0.00174014
108.4	-0.00172479
108.5	-0.00170843
108.6	-0.00168633
108.7	-0.00166019
108.8	-0.00163043
108.9	-0.00159762
109	-0.00156282
109.1	-0.00152372
109.2	-0.00147621
109.3	-0.00142017
109.4	-0.0013623
109.5	-0.00130485
109.6	-0.00125263
109.7	-0.00120337
109.8	-0.0011558
109.9	-0.00110355
110	-0.00105024
110.1	-0.00099871
110.2	-0.000944568
110.3	-0.000888041
110.4	-0.000836194
110.5	-0.000788215
110.6	-0.000743021
110.7	-0.000699211
110.8	-0.000656731
110.9	-0.000612965
111	-0.000563521
111.1	-0.000511509
111.2	-0.000459927
111.3	-0.000408225
111.4	-0.000356204
111.5	-0.000306477
111.6	-0.000256839
111.7	-0.000205853
111.8	-0.000155467
111.9	-0.000106533
112	-5.83094e-05
112.1	-1.1953e-05
112.2	3.36679e-05
112.3	7.56347e-05
112.4	0.000112791
112.5	0.000152663
112.6	0.00019208
112.7	0.000231151
112.8	0.000265358
112.9	0.000296263
113	0.000328802
113.1	0.000361632
113.2	0.000396922
113.3	0.000430888
113.4	0.000459446
113.5	0.000489135
113.6	0.000521755
113.7	0.000557733
113.8	0.000596811
113.9	0.000637791
114	0.000678137
114.1	0.000714787
114.2	0.000748148
114.3	0.000781588
114.4	0.000812055
114.5	0.000837252
114.6	0.000856735
114.7	0.000871351
114.8	0.000878683
114.9	0.000879607
115	0.000873551
115.1	0.000862818
115.2	0.000850012
115.3	0.000835903
115.4	0.000824255
115.5	0.000814698
115.6	0.00080758
115.7	0.000805434
115.8	0.000806048
115.9	0.000807335
116	0.000807885
116.1	0.000805889
116.2	0.000805934
116.3	0.000806539
116.4	0.00080686
116.5	0.000805098
116.6	0.000806558
116.7	0.000806631
116.8	0.000804743
116.9	0.000801493
117	0.000796676
117.1	0.000792384
117.2	0.000789953
117.3	0.000791952
117.4	0.000796733
117.5	0.000800963
117.6	0.000807859
117.7	0.000816404
117.8	0.000825525
117.9	0.000838923
118	0.000851892
118.1	0.000869324
118.2	0.000885761
118.3	0.000902027
118.4	0.000920827
118.5	0.000940262
118.6	0.000962957
118.7	0.000986346
118.8	0.001008
118.9	0.00103068
119	0.00105477
119.1	0.00108127
119.2	0.001104
119.3	0.00112313
119.4	0.00113544
119.5	0.00113816
119.6	0.0011368
119.7	0.00113701
119.8	0.0011365
119.9	0.00112885
120	0.00112105
120.1	0.00111114
120.2	0.00109942
120.3	0.00108085
120.4	0.00105569
120.5	0.00102563
120.6	0.000998475
120.7	0.000968303
120.8	0.000934702
120.9	0.000904165
121	0.00087321
121.1	0.000844399
121.2	0.000821987
121.3	0.000805354
121.4	0.000797832
121.5	0.000797178
121.6	0.000801734
121.7	0.000808182
121.8	0.000819879
121.9	0.00083433
122	0.000849577
122.1	0.000867837
122.2	0.000883868
122.3	0.000902701
122.4	0.00092053
122.5	0.000933878
122.6	0.00094493
122.7	0.000959952
122.8	0.000977647
122.9	0.00099421
123	0.00101096
123.1	0.00103059
123.2	0.00105109
123.3	0.00107381
123.4	0.00109282
123.5	0.00111081
123.6	0.00112665
123.7	0.00114158
123.8	0.00115493
123.9	0.0011677
124	0.0011829
124.1	0.00119843
124.2	0.0012113
124.3	0.00122298
124.4	0.00123382
124.5	0.00124422
124.6	0.00125654
124.7	0.0012732
124.8	0.00129058
124.9	0.00130784
125	0.00132729
125.1	0.00134483
125.2	0.00136218
125.3	0.0013818
125.4	0.0014014
125.5	0.00141924
125.6	0.00143037
125.7	0.00143591
125.8	0.0014425
125.9	0.00145043
126	0.00145822
126.1	0.0014684
126.2	0.00147803
126.3	0.00148453
126.4	0.00149101
126.5	0.00150173
126.6	0.0015142
126.7	0.00152595
126.8	0.00153001
126.9	0.00153069
127	0.00153288
127.1	0.00153425
127.2	0.00153548
127.3	0.00154187
127.4	0.00154954
127.5	0.00155406
127.6	0.00155466
127.7	0.00155474
127.8	0.00154731
127.9	0.00153415
128	0.00152182
128.1	0.00150629
128.2	0.00149134
128.3	0.00147637
128.4	0.00146577
128.5	0.0014594
128.6	0.00145077
128.7	0.00144121
128.8	0.00143004
128.9	0.00142289
129	0.00142008
129.1	0.00142078
129.2	0.00142499
129.3	0.00143456
129.4	0.0014481
129.5	0.00145856
129.6	0.00146638
129.7	0.00147243
129.8	0.00147726
129.9	0.0014865
130	0.00150355
130.1	0.0015263
130.2	0.0015484
130.3	0.00156664
130.4	0.00158422
130.5	0.00159671
130.6	0.00161022
130.7	0.00162081
130.8	0.00163245
130.9	0.0016415
131	0.00164691
131.1	0.00164982
131.2	0.00164873
131.3	0.00163817
131.4	0.00162246
131.5	0.00160511
131.6	0.00158804
131.7	0.00156949
131.8	0.00155088
131.9	0.001537
132	0.00152688
132.1	0.00151315
132.2	0.00149704
132.3	0.00148497
132.4	0.00147619
132.5	0.00146768
132.6	0.00146143
132.7	0.00145418
132.8	0.00144416
132.9	0.00143315
133	0.00142494
133.1	0.0014185
133.2	0.00141288
133.3	0.00140635
133.4	0.00139727
133.5	0.0013841
133.6	0.00136541
133.7	0.00134474
133.8	0.00132583
133.9	0.00130875
134	0.001292
134.1	0.00127563
134.2	0.00125629
134.3	0.00123505
134.4	0.00120931
134.5	0.00117925
134.6	0.00114449
134.7	0.00110814
134.8	0.00107149
134.9	0.00103314
135	0.000993077
135.1	0.000954427
135.2	0.000917565
135.3	0.000880294
135.4	0.000843871
135.5	0.000812696
135.6	0.000786146
135.7	0.000760821
135.8	0.000728486
135.9	0.00069899
136	0.000663222
136.1	0.000629317
136.2	0.000598596
136.3	0.00057364
136.4	0.000549672
136.5	0.000524169
136.6	0.000496281
136.7	0.000464215
136.8	0.000430133
136.9	0.000402698
137	0.000375086
137.1	0.000345072
137.2	0.000315716
137.3	0.000285936
137.4	0.000257889
137.5	0.000232975
137.6	0.000208463
137.7	0.000184486
137.8	0.000158845
137.9	0.000133673
138	0.00010865
138.1	8.38714e-05
138.2	5.91348e-05
138.3	3.67915e-05
138.4	1.87904e-05
138.5	3.34974e-06
138.6	-1.43789e-05
138.7	-2.64415e-05
138.8	-3.35384e-05
138.9	-3.48535e-05
139	-3.34872e-05
139.1	-2.9272e-05
139.2	-2.42269e-05
139.3	-1.60934e-05
139.4	-5.90174e-06
139.5	1.03599e-06
139.6	1.18726e-05
139.7	2.1732e-05
139.8	2.91724e-05
139.9	4.03414e-05
140	4.92653e-05
140.1	6.27873e-05
140.2	8.01979e-05
140.3	0.00010047
140.4	0.0001219
140.5	0.000140952
140.6	0.000158878
140.7	0.000169906
140.8	0.000179635
140.9	0.00018731
141	0.000191793
141.1	0.000191925
141.2	0.000193303
141.3	0.000198701
141.4	0.000204116
141.5	0.00020819
141.6	0.000216312
141.7	0.000225844
141.8	0.000235013
141.9	0.000240694
142	0.000240597
142.1	0.00023878
142.2	0.000236285
142.3	0.000235521
142.4	0.000233465
142.5	0.000237021
142.6	0.000237516
142.7	0.000237892
142.8	0.000239171
142.9	0.000241226
143	0.000240528
143.1	0.000238128
143.2	0.000236867
143.3	0.000240274
143.4	0.000246453
143.5	0.000253151
143.6	0.000260759
143.7	0.000269197
143.8	0.000277133
143.9	0.000286342
144	0.000291039
144.1	0.0002945
144.2	0.000299126
144.3	0.000303396
144.4	0.000306925
144.5	0.000310646
144.6	0.000314618
144.7	0.000319847
144.8	0.00032455
144.9	0.00032832
145	0.000339201
145.1	0.000355313
145.2	0.000372419
145.3	0.000389809
145.4	0.000403634
145.5	0.000413411
145.6	0.000419898
145.7	0.00042953
145.8	0.00044114
145.9	0.000457675
146	0.000473919
146.1	0.000493012
146.2	0.000515882
146.3	0.000544041
146.4	0.000566382
146.5	0.000583996
146.6	0.000603774
146.7	0.000625472
146.8	0.00064849
146.9	0.000670034
147	0.000693696
147.1	0.000718105
147.2	0.000742975
147.3	0.000767316
147.4	0.000793753
147.5	0.000823542
147.6	0.00085949
147.7	0.000900446
147.8	0.000939719
147.9	0.00098073
148	0.00102066
148.1	0.00106058
148.2	0.00109766
148.3	0.00112902
148.4	0.00115783
148.5	0.00118152
148.6	0.00119849
148.7	0.0012124
148.8	0.00122591
148.9	0.00123912
149	0.00125035
149.1	0.00126034
149.2	0.00126957
149.3	0.00128438
149.4	0.00130244
149.5	0.00132365
149.6	0.00134428
149.7	0.00136643
149.8	0.00138945
149.9	0.00140844
150	0.00142704
150.1	0.00144627
150.2	0.00146608
150.3	0.001488
150.4	0.00150922
150.5	0.00152988
150.6	0.00155279
150.7	0.00157697
150.8	0.00160706
150.9	0.00163836
151	0.00167215
151.1	0.00171026
151.2	0.00175108
151.3	0.00179254
151.4	0.00183248
151.5	0.0018735
151.6	0.00191666
151.7	0.00195668
151.8	0.00199492
151.9	0.00202694
152	0.00205155
152.1	0.0020731
152.2	0.00209081
152.3	0.00210827
152.4	0.00212544
152.5	0.00214284
152.6	0.00216004
152.7	0.00217765
152.8	0.00219542
152.9	0.00221591
153	0.00223793
153.1	0.00226434
153.2	0.00229446
153.3	0.00232598
153.4	0.00236149
153.5	0.00239708
153.6	0.00243372
153.7	0.00247089
153.8	0.00250526
153.9	0.0025428
154	0.00257866
154.1	0.00260614
154.2	0.00262599
154.3	0.00264064
154.4	0.00265421
154.5	0.00266916
154.6	0.002683
154.7	0.00269864
154.8	0.00271566
154.9	0.00273157
155	0.00274456
155.1	0.00275647
155.2	0.00276642
155.3	0.00278029
155.4	0.00279908
155.5	0.00281837
155.6	0.00283898
155.7	0.00285686
155.8	0.00287606
155.9	0.00289301
156	0.00290784
156.1	0.00292119
156.2	0.00292946
156.3	0.00293173
156.4	0.00293243
156.5	0.0029271
156.6	0.00292076
156.7	0.00291372
156.8	0.00290559
156.9	0.00290203
157	0.00289968
157.1	0.00290059
157.2	0.00290001
157.3	0.00290088
157.4	0.00290409
157.5	0.00290852
157.6	0.00291168
157.7	0.00291524
157.8	0.0029194
157.9	0.00292289
158	0.00292613
158.1	0.0029269
158.2	0.00292968
158.3	0.00293065
158.4	0.00293036
158.5	0.00292687
158.6	0.00291957
158.7	0.00291278
158.8	0.0029055
158.9	0.00290114
159	0.00289561
159.1	0.00288591
159.2	0.0028736
159.3	0.00285991
159.4	0.00284839
159.5	0.00284024
159.6	0.00283752
159.7	0.00283512
159.8	0.0028266
159.9	0.00281598
160	0.00280449
160.1	0.00279165
160.2	0.00277827
160.3	0.00276124
160.4	0.00274196
160.5	0.0027202
160.6	0.00269817
160.7	0.0026773
160.8	0.0026569
160.9	0.00263332
161	0.00260786
161.1	0.00258513
161.2	0.00256594
161.3	0.00255077
161.4	0.00253792
161.5	0.00253409
161.6	0.00252861
161.7	0.00252359
161.8	0.0025183
161.9	0.00251638
162	0.0025149
162.1	0.00251012
162.2	0.00249878
162.3	0.00248286
162.4	0.00246619
162.5	0.00245118
162.6	0.0024362
162.7	0.00242147
162.8	0.002404
162.9	0.00238591
163	0.00236722
163.1	0.00234584
163.2	0.00232417
163.3	0.00230396
163.4	0.00228399
163.5	0.00226385
163.6	0.0022434
163.7	0.00221848
163.8	0.00219448
163.9	0.00216419
164	0.00213593
164.1	0.00210696
164.2	0.00207589
164.3	0.00204564
164.4	0.00202142
164.5	0.00199912
164.6	0.0019726
164.7	0.00194565
164.8	0.00191715
164.9	0.00188999
165	0.00186401
165.1	0.00183901
165.2	0.00181528
165.3	0.00179312
165.4	0.00177456
165.5	0.00175694
165.6	0.00174014
165.7	0.00172181
165.8	0.00170158
165.9	0.00167913
166	0.00165303
166.1	0.00162403
166.2	0.00159727
166.3	0.00156588
166.4	0.00153023
166.5	0.00149424
166.6	0.00145974
166.7	0.0014236
166.8	0.00138648
166.9	0.00134533
167	0.00130327
167.1	0.00126035
167.2	0.00121774
167.3	0.00117489
167.4	0.00113067
167.5	0.00108928
167.6	0.0010507
167.7	0.00101292
167.8	0.000973953
167.9	0.000934972
168	0.000891873
168.1	0.000851805
168.2	0.000815325
168.3	0.000779662
168.4	0.000748226
168.5	0.000715317
168.6	0.000684505
168.7	0.000656845
168.8	0.000629717
168.9	0.000602614
169	0.000579507
169.1	0.000560513
169.2	0.000544215
169.3	0.000527601
169.4	0.000504306
169.5	0.000475226
169.6	0.000438894
169.7	0.000397829
169.8	0.000354986
169.9	0.000316575
170	0.000277684
170.1	0.000238299
170.2	0.000200381
170.3	0.000164437
170.4	0.000134783
170.5	0.000108574
170.6	8.39781e-05
170.7	5.58434e-05
170.8	2.94545e-05
170.9	2.30825e-06
171	-2.51749e-05
171.1	-4.70968e-05
171.2	-6.62014e-05
171.3	-8.60064e-05
171.4	-0.000103018
171.5	-0.000117708
171.6	-0.000130084
171.7	-0.000140372
171.8	-0.000149735
171.9	-0.000157172
172	-0.000169162
172.1	-0.000185098
172.2	-0.000200571
172.3	-0.000210239
172.4	-0.000215598
172.5	-0.00022297
172.6	-0.000231138
172.7	-0.000239564
172.8	-0.000244158
172.9	-0.000245947
173	-0.000247079
173.1	-0.000245412
173.2	-0.000241857
173.3	-0.000231618
173.4	-0.000210758
173.5	-0.000186835
173.6	-0.000164891
173.7	-0.000144829
173.8	-0.000129863
173.9	-0.000124919
174	-0.000122141
174.1	-0.000122777
174.2	-0.000122266
174.3	-0.00011821
174.4	-0.00011676
174.5	-0.000116573
174.6	-0.000119139
174.7	-0.000120276
174.8	-0.000120467
174.9	-0.00011856
175	-0.000118345
175.1	-0.000114871
175.2	-0.000111283
175.3	-0.00010405
175.4	-9.79369e-05
175.5	-9.36375e-05
175.6	-8.68963e-05
175.7	-7.93646e-05
175.8	-7.41896e-05
175.9	-6.69655e-05
176	-5.19322e-05
176.1	-3.43223e-05
176.2	-1.83602e-05
176.3	-3.01202e-06
176.4	1.59124e-05
176.5	3.32378e-05
176.6	4.88915e-05
176.7	5.89475e-05
176.8	6.40092e-05
176.9	6.38666e-05
177	6.20811e-05
177.1	5.74179e-05
177.2	4.7904e-05
177.3	3.7347e-05
177.4	3.13052e-05
177.5	2.75992e-05
177.6	2.23996e-05
177.7	1.52699e-05
177.8	3.27347e-06
177.9	-1.49496e-05
178	-3.77883e-05
178.1	-6.07286e-05
178.2	-8.46566e-05
178.3	-0.000109103
178.4	-0.00013468
178.5	-0.000162724
178.6	-0.000192029
178.7	-0.000219459
178.8	-0.000246375
178.9	-0.000273475
179	-0.00029995
179.1	-0.000323246
179.2	-0.000346142
179.3	-0.000366956
179.4	-0.000384281
179.5	-0.000401715
179.6	-0.000418273
179.7	-0.000439438
179.8	-0.000463378
179.9	-0.000489452
180	-0.00051804
180.1	-0.000550301
180.2	-0.000584603
180.3	-0.000616815
180.4	-0.000647326
180.5	-0.000677691
180.6	-0.000707668
180.7	-0.00073802
180.8	-0.000766526
180.9	-0.00079205
181	-0.000812269
181.1	-0.000827516
181.2	-0.000841129
181.3	-0.000853244
181.4	-0.000867018
181.5	-0.00088095
181.6	-0.000894225
181.7	-0.000907301
181.8	-0.000918944
181.9	-0.000930725
182	-0.000942105
182.1	-0.000950232
182.2	-0.000953889
182.3	-0.00095715
182.4	-0.000962301
182.5	-0.000968514
182.6	-0.000977525
182.7	-0.000987267
182.8	-0.000997665
182.9	-0.00100731
183	-0.00101859
183.1	-0.00102578
183.2	-0.00103133
183.3	-0.00103455
183.4	-0.00104042
183.5	-0.00105121
183.6	-0.00105777
183.7	-0.00105681
183.8	-0.0010507
183.9	-0.00104459
184	-0.00103422
184.1	-0.0010254
184.2	-0.0010184
184.3	-0.00101395
184.4	-0.00100764
184.5	-0.000999909
184.6	-0.00098832
184.7	-0.000976321
184.8	-0.000959284
184.9	-0.000936321
185	-0.000907516
185.1	-0.000874706
185.2	-0.000843681
185.3	-0.000813859
185.4	-0.000786902
185.5	-0.000762602
185.6	-0.000740102
185.7	-0.000717777
185.8	-0.00069102
185.9	-0.000663351
186	-0.000639333
186.1	-0.000619722
186.2	-0.000604215
186.3	-0.000596277
186.4	-0.000592856
186.5	-0.000587393
186.6	-0.000580723
186.7	-0.000568259
186.8	-0.000553775
186.9	-0.000541545
187	-0.000529742
187.1	-0.000524063
187.2	-0.000519992
187.3	-0.000521694
187.4	-0.000529329
187.5	-0.000537044
187.6	-0.000546267
187.7	-0.000558965
187.8	-0.000570293
187.9	-0.000581635
188	-0.000592485
188.1	-0.000600903
188.2	-0.000614567
188.3	-0.000631743
188.4	-0.000648269
188.5	-0.000664524
188.6	-0.000682066
188.7	-0.000697176
188.8	-0.000706261
188.9	-0.000714046
189	-0.00071469
189.1	-0.000708504
189.2	-0.000697277
189.3	-0.000679213
189.4	-0.000663862
189.5	-0.000650234
189.6	-0.000632353
189.7	-0.000610398
189.8	-0.000590079
189.9	-0.000568664
190	-0.000549641
190.1	-0.000535656
190.2	-0.000523784
190.3	-0.000520665
190.4	-0.000523045
190.5	-0.000528323
190.6	-0.000537258
190.7	-0.000548982
190.8	-0.000563986
190.9	-0.000576712
191	-0.000592094
191.1	-0.000608289
191.2	-0.000624292
191.3	-0.000639046
191.4	-0.000657346
191.5	-0.000677855
191.6	-0.000704138
191.7	-0.000731307
191.8	-0.000753685
191.9	-0.000777389
192	-0.000797229
192.1	-0.000812298
192.2	-0.000832322
192.3	-0.000855781
192.4	-0.000881062
192.5	-0.000909583
192.6	-0.000934327
192.7	-0.000960861
192.8	-0.000984132
192.9	-0.00100493
193	-0.00102545
193.1	-0.00104266
193.2	-0.0010572
193.3	-0.00106872
193.4	-0.00107564
193.5	-0.00108265
193.6	-0.00109294
193.7	-0.00110254
193.8	-0.00111251
193.9	-0.00112566
194	-0.00113898
194.1	-0.00114967
194.2	-0.00115822
194.3	-0.00116424
194.4	-0.00117155
194.5	-0.00117411
194.6	-0.00117571
194.7	-0.00117775
194.8	-0.00117679
194.9	-0.00117409
195	-0.00116845
195.1	-0.00116055
195.2	-0.00114855
195.3	-0.00113373
195.4	-0.00111756
195.5	-0.00110522
195.6	-0.00109217
195.7	-0.0010761
195.8	-0.0010608
195.9	-0.00104739
196	-0.0010324
196.1	-0.00101312
196.2	-0.000990164
196.3	-0.000971924
196.4	-0.000957855
196.5	-0.000949292
196.6	-0.000941374
196.7	-0.000932558
196.8	-0.000919517
196.9	-0.000905609
197	-0.000891031
197.1	-0.000875344
197.2	-0.000855268
197.3	-0.000831936
197.4	-0.000813548
197.5	-0.00079599
197.6	-0.000778128
197.7	-0.000763747
197.8	-0.000753089
197.9	-0.000739098
198	-0.000720247
198.1	-0.000699699
198.2	-0.000680075
198.3	-0.000670184
198.4	-0.000662442
198.5	-0.000659216
198.6	-0.000658262
198.7	-0.000663021
198.8	-0.000671283
198.9	-0.000676238
199	-0.000685029
199.1	-0.000689748
199.2	-0.000690677
199.3	-0.000685699
199.4	-0.000676934
199.5	-0.000668922
199.6	-0.000663612
199.7	-0.000653818
199.8	-0.000641329
199.9	-0.000622111
200	-0.000594999
200.1	-0.000563941
200.2	-0.000536586
200.3	-0.00050623
200.4	-0.000465817
200.5	-0.000425147
200.6	-0.000386002
200.7	-0.00034335
200.8	-0.000301427
200.9	-0.000261416
201	-0.000224159
201.1	-0.00019059
201.2	-0.000158751
201.3	-0.00012428
201.4	-9.1316e-05
201.5	-5.60106e-05
201.6	-2.21473e-05
201.7	1.43854e-05
201.8	5.43981e-05
201.9	9.08144e-05
202	0.000121876
202.1	0.000149014
202.2	0.000174898
202.3	0.000200549
202.4	0.000222019
202.5	0.000239964
202.6	0.000252388
202.7	0.000262325
202.8	0.000266325
202.9	0.000270045
203	0.000273326
203.1	0.000278
203.2	0.000286819
203.3	0.00030487
203.4	0.00032957
203.5	0.000352792
203.6	0.000376326
203.7	0.000401856
203.8	0.000427352
203.9	0.000458379
204	0.000488502
204.1	0.000516285
204.2	0.000542175
204.3	0.000568017
204.4	0.000589852
204.5	0.000609063
204.6	0.00062539
204.7	0.000642342
204.8	0.000662038
204.9	0.000682783
205	0.000705726
205.1	0.000727529
205.2	0.000747608
205.3	0.000764272
205.4	0.000777482
205.5	0.000781536
205.6	0.000781477
205.7	0.000778766
205.8	0.00077532
205.9	0.000773573
206	0.000770914
206.1	0.000765211
206.2	0.000756935
206.3	0.00075271
206.4	0.000749925
206.5	0.000743604
206.6	0.000737524
206.7	0.000729823
206.8	0.000720726
206.9	0.000710091
207	0.000702245
207.1	0.00070021
207.2	0.000701347
207.3	0.000701223
207.4	0.000703634
207.5	0.000710118
207.6	0.000717959
207.7	0.000725847
207.8	0.000732019
207.9	0.000737642
208	0.000745478
208.1	0.000756274
208.2	0.000767931
208.3	0.000780753
208.4	0.000791564
208.5	0.00079769
208.6	0.000803403
208.7	0.000811489
208.8	0.000825898
208.9	0.0008466
209	0.000871874
209.1	0.000901818
209.2	0.000931499
209.3	0.00096007
209.4	0.000989543
209.5	0.00101837
209.6	0.00104535
209.7	0.00106753
209.8	0.00109362
209.9	0.0011224
210	0.00115112
210.1	0.00118268
210.2	0.00121299
210.3	0.00124316
210.4	0.00127443
210.5	0.00130829
210.6	0.00134427
210.7	0.00137842
210.8	0.0014098
210.9	0.00144154
211	0.00147946
211.1	0.00151938
211.2	0.00155823
211.3	0.00159978
211.4	0.00164301
211.5	0.00168712
211.6	0.00173508
211.7	0.00178702
211.8	0.00183684
211.9	0.0018862
212	0.00193993
212.1	0.00199354
212.2	0.00204744
212.3	0.00209443
212.4	0.00213556
212.5	0.00217762
212.6	0.00221507
212.7	0.00224635
212.8	0.00227541
212.9	0.00231047
213	0.00234636
213.1	0.00238017
213.2	0.0024095
213.3	0.00244221
213.4	0.00247799
213.5	0.00251285
213.6	0.00254578
213.7	0.00257786
213.8	0.00261059
213.9	0.002647
214	0.00268888
214.1	0.00273104
214.2	0.00277442
214.3	0.00281575
214.4	0.00286201
214.5	0.00291342
214.6	0.00296867
214.7	0.00302656
214.8	0.00308317
214.9	0.00314051
215	0.0032017
215.1	0.00326176
215.2	0.00331808
215.3	0.0033742
215.4	0.00342649
215.5	0.00347135
215.6	0.00351476
215.7	0.00355758
215.8	0.00359987
215.9	0.00363766
216	0.00367129
216.1	0.00370552
216.2	0.00373544
216.3	0.00375863
216.4	0.00377768
216.5	0.00379592
216.6	0.0038108
216.7	0.00382295
216.8	0.00383154
216.9	0.0038375
217	0.00384553
217.1	0.00384919
217.2	0.00384867
217.3	0.00383953
217.4	0.00382823
217.5	0.00381706
217.6	0.00380143
217.7	0.00378432
217.8	0.00377021
217.9	0.00375902
218	0.00374251
218.1	0.00372268
218.2	0.00370281
218.3	0.00368181
218.4	0.00366221
218.5	0.00364262
218.6	0.00362141
218.7	0.00359818
218.8	0.00357244
218.9	0.00354571
219	0.00351858
219.1	0.00349224
219.2	0.00347001
219.3	0.0034488
219.4	0.00343066
219.5	0.00341434
219.6	0.00340204
219.7	0.00339202
219.8	0.0033824
219.9	0.00337351
220	0.00336248
220.1	0.00335124
220.2	0.00333684
220.3	0.00332073
220.4	0.0033003
220.5	0.00328273
220.6	0.00326374
220.7	0.0032423
220.8	0.00322149
220.9	0.00319577
221	0.00316697
221.1	0.0031397
221.2	0.00311018
221.3	0.00307447
221.4	0.00303372
221.5	0.00299225
221.6	0.00295035
221.7	0.0029114
221.8	0.00287017
221.9	0.00282798
222	0.00278517
222.1	0.00274725
222.2	0.00271495
222.3	0.00268603
222.4	0.00265774
222.5	0.00263043
222.6	0.00260537
222.7	0.00258166
222.8	0.00255349
222.9	0.00252855
223	0.00250756
223.1	0.00248567
223.2	0.00246339
223.3	0.00244059
223.4	0.00241991
223.5	0.00240646
223.6	0.00239572
223.7	0.00238215
223.8	0.00236568
223.9	0.00235128
224	0.00234229
224.1	0.00233413
224.2	0.00232735
224.3	0.00232023
224.4	0.0023074
224.5	0.00229507
224.6	0.00227912
224.7	0.00226021
224.8	0.00223694
224.9	0.00221448
225	0.00219315
225.1	0.00217501
225.2	0.00215785
225.3	0.00213776
225.4	0.00211583
225.5	0.0020946
225.6	0.00207309
225.7	0.00204826
225.8	0.00202578
225.9	0.00200474
226	0.00198275
226.1	0.00195921
226.2	0.00192964
226.3	0.00189263
226.4	0.00185068
226.5	0.00180291
226.6	0.00175071
226.7	0.00170302
226.8	0.0016633
226.9	0.0016293
227	0.0015996
227.1	0.00157632
227.2	0.00155727
227.3	0.001544
227.4	0.00153417
227.5	0.00152296
227.6	0.00150844
227.7	0.00149118
227.8	0.00147074
227.9	0.00144877
228	0.00142002
228.1	0.00138849
228.2	0.00135834
228.3	0.00133284
228.4	0.00131091
228.5	0.00129021
228.6	0.00126618
228.7	0.00123703
228.8	0.00120492
228.9	0.00116963
229	0.00113675
229.1	0.00110548
229.2	0.00107391
229.3	0.00104007
229.4	0.00100233
229.5	0.000961332
229.6	0.000920897
229.7	0.000877439
229.8	0.000833855
229.9	0.000787685
230	0.000740003
230.1	0.000692259
230.2	0.000649342
230.3	0.000606062
230.4	0.000562991
230.5	0.000519288
230.6	0.000475809
230.7	0.000434322
230.8	0.000391739
230.9	0.000352827
231	0.000316645
231.1	0.000284796
231.2	0.00025092
231.3	0.000213529
231.4	0.000174844
231.5	0.000133287
231.6	8.829e-05
231.7	4.37173e-05
231.8	1.42023e-06
231.9	-3.68061e-05
232	-7.24675e-05
232.1	-0.000110548
232.2	-0.00014926
232.3	-0.000186997
232.4	-0.000224535
232.5	-0.000257187
232.6	-0.000281068
232.7	-0.000301966
232.8	-0.000319429
232.9	-0.000340106
233	-0.000366547
233.1	-0.000399451
233.2	-0.000431863
233.3	-0.000463397
233.4	-0.000494606
233.5	-0.000524006
233.6	-0.000557212
233.7	-0.000589612
233.8	-0.000625154
233.9	-0.000658008
234	-0.000688506
234.1	-0.000714373
234.2	-0.000736593
234.3	-0.000757137
234.4	-0.000774777
234.5	-0.000790567
234.6	-0.000805956
234.7	-0.000825203
234.8	-0.000841006
234.9	-0.000853265
235	-0.000862254
235.1	-0.000865177
235.2	-0.000863724
235.3	-0.000863824
235.4	-0.000863225
235.5	-0.000868383
235.6	-0.000880904
235.7	-0.000897314
235.8	-0.000918
235.9	-0.000935959
236	-0.000951518
236.1	-0.000967585
236.2	-0.000984631
236.3	-0.00100408
236.4	-0.00101882
236.5	-0.0010269
236.6	-0.00103282
236.7	-0.00103311
236.8	-0.00102891
236.9	-0.00102075
237	-0.00100964
237.1	-0.00100201
237.2	-0.000995006
237.3	-0.000987649
237.4	-0.000983757
237.5	-0.000982077
237.6	-0.000976859
237.7	-0.00097177
237.8	-0.00096605
237.9	-0.000958638
238	-0.000948645
238.1	-0.000938919
238.2	-0.000928369
238.3	-0.000917504
238.4	-0.000905993
238.5	-0.000892014
238.6	-0.000879223
238.7	-0.00086567
238.8	-0.000853631
238.9	-0.000840451
239	-0.000819979
239.1	-0.000794579
239.2	-0.000765311
239.3	-0.000733614
239.4	-0.000697283
239.5	-0.000661503
239.6	-0.00062938
239.7	-0.000601139
239.8	-0.000574105
239.9	-0.000548963
240	-0.000523957
240.1	-0.000499633
240.2	-0.000477499
240.3	-0.000458327
240.4	-0.000441664
240.5	-0.000423204
240.6	-0.000405741
240.7	-0.000386517
240.8	-0.00036426
240.9	-0.000340388
241	-0.000315012
241.1	-0.00029087
241.2	-0.000270335
241.3	-0.000252037
241.4	-0.000236509
241.5	-0.000219156
241.6	-0.000203606
241.7	-0.000192205
241.8	-0.000183346
241.9	-0.000171033
242	-0.000158844
242.1	-0.000146547
242.2	-0.000136651
242.3	-0.000127409
242.4	-0.000119869
242.5	-0.000114366
242.6	-0.000105376
242.7	-9.11871e-05
242.8	-7.85138e-05
242.9	-6.87852e-05
243	-5.73389e-05
243.1	-4.75536e-05
243.2	-4.30738e-05
243.3	-4.11513e-05
243.4	-4.11291e-05
243.5	-4.27053e-05
243.6	-3.89407e-05
243.7	-3.4042e-05
243.8	-2.91612e-05
243.9	-2.60448e-05
244	-2.44598e-05
244.1	-2.43878e-05
244.2	-2.6581e-05
244.3	-2.60202e-05
244.4	-2.58535e-05
244.5	-2.48906e-05
244.6	-2.37766e-05
244.7	-2.02824e-05
244.8	-1.92542e-05
244.9	-1.90753e-05
245	-1.75048e-05
245.1	-1.9828e-05
245.2	-2.24255e-05
245.3	-2.62293e-05
245.4	-2.59091e-05
245.5	-2.49708e-05
245.6	-2.42936e-05
245.7	-2.64561e-05
245.8	-3.12079e-05
245.9	-4.11414e-05
246	-5.59219e-05
246.1	-7.31481e-05
246.2	-9.20726e-05
246.3	-0.000113072
246.4	-0.000133574
246.5	-0.000153104
246.6	-0.000168412
246.7	-0.000180858
246.8	-0.000191321
246.9	-0.000199526
247	-0.000209234
247.1	-0.000217723
247.2	-0.000222375
247.3	-0.000221329
247.4	-0.000216708
247.5	-0.000213008
247.6	-0.000213245
247.7	-0.000211027
247.8	-0.000205735
247.9	-0.00019438
248	-0.000180944
248.1	-0.000166458
248.2	-0.000150779
248.3	-0.000129857
248.4	-0.000114873
248.5	-0.000100437
248.6	-8.36617e-05
248.7	-6.71914e-05
248.8	-5.24966e-05
248.9	-3.49961e-05
249	-1.37135e-05
249.1	8.71527e-06
249.2	3.535e-05
249.3	5.87983e-05
249.4	8.00447e-05
249.5	0.000102772
249.6	0.000122337
249.7	0.00013903
249.8	0.000153157
249.9	0.0001631
250	0.000178111
250.1	0.000191523
250.2	0.000204668
250.3	0.000217435
250.4	0.000237605
250.5	0.000258962
250.6	0.000280694
250.7	0.000305685
250.8	0.000330481
250.9	0.000361137
251	0.000392168
251.1	0.000418131
251.2	0.000440838
251.3	0.000461157
251.4	0.00048385
251.5	0.000507407
251.6	0.000530663
251.7	0.00055561
251.8	0.000579866
251.9	0.000600027
252	0.000617733
252.1	0.000630726
252.2	0.000645186
252.3	0.000657546
252.4	0.000666066
252.5	0.00067603
252.6	0.000688521
252.7	0.000699808
252.8	0.000704578
252.9	0.000710713
253	0.000713634
253.1	0.000712905
253.2	0.000708352
253.3	0.00069863
253.4	0.000687112
253.5	0.000673009
253.6	0.000661823
253.7	0.000646465
253.8	0.000623846
253.9	0.000597176
254	0.000574255
254.1	0.000559059
254.2	0.000551371
254.3	0.000542204
254.4	0.000536848
254.5	0.000533039
254.6	0.000531088
254.7	0.000528127
254.8	0.000521613
254.9	0.000513234
255	0.000501544
255.1	0.00048814
255.2	0.000479913
255.3	0.000473224
255.4	0.000462691
255.5	0.000453537
255.6	0.000446286
255.7	0.000439835
255.8	0.000434241
255.9	0.000428383
256	0.000423469
256.1	0.000413677
256.2	0.000401605
256.3	0.000393412
256.4	0.000383652
256.5	0.000371046
256.6	0.00035845
256.7	0.000345742
256.8	0.000335123
256.9	0.000328605
257	0.000328942
257.1	0.000329638
257.2	0.000332167
257.3	0.000331246
257.4	0.000325481
257.5	0.000316787
257.6	0.000307056
257.7	0.000294847
257.8	0.000280194
257.9	0.00026431
258	0.000245063
258.1	0.000221899
258.2	0.000198534
258.3	0.000174203
258.4	0.000148941
258.5	0.000125796
258.6	0.000105671
258.7	8.77375e-05
258.8	6.9409e-05
258.9	5.04108e-05
259	3.29919e-05
259.1	1.47349e-05
259.2	-2.76192e-06
259.3	-2.01367e-05
259.4	-3.53319e-05
259.5	-4.58216e-05
259.6	-5.47479e-05
259.7	-6.30165e-05
259.8	-6.78296e-05
259.9	-7.09344e-05
260	-7.45996e-05
260.1	-7.93376e-05
260.2	-8.12373e-05
260.3	-8.28018e-05
260.4	-8.71236e-05
260.5	-9.33998e-05
260.6	-9.82354e-05
260.7	-0.000107262
260.8	-0.000118307
260.9	-0.000129442
261	-0.000141361
261.1	-0.000146589
261.2	-0.000149674
261.3	-0.000152285
261.4	-0.000151661
261.5	-0.000147544
261.6	-0.000140335
261.7	-0.000139905
261.8	-0.000142368
261.9	-0.000141301
262	-0.000134092
262.1	-0.000126417
262.2	-0.000115472
262.3	-9.91537e-05
262.4	-7.73548e-05
262.5	-5.34392e-05
262.6	-2.82965e-05
262.7	-1.34223e-06
262.8	2.5116e-05
262.9	5.27478e-05
263	8.21479e-05
263.1	0.000112878
263.2	0.000143553
263.3	0.000173282
263.4	0.000198372
263.5	0.000223408
263.6	0.000253147
263.7	0.000291895
263.8	0.000332639
263.9	0.000373551
264	0.000413019
264.1	0.000455557
264.2	0.000500758
264.3	0.000540779
264.4	0.000580144
264.5	0.000617359
264.6	0.000658181
264.7	0.000699902
264.8	0.000743565
264.9	0.00078557
265	0.000825018
265.1	0.000863241
265.2	0.000899963
265.3	0.000934587
265.4	0.00096828
265.5	0.00100007
265.6	0.00103334
265.7	0.00106458
265.8	0.00109736
265.9	0.00113071
266	0.00116111
266.1	0.00118963
266.2	0.00121775
266.3	0.00124232
266.4	0.00127122
266.5	0.0013006
266.6	0.00133019
266.7	0.00136022
266.8	0.00138863
266.9	0.00141825
267	0.00144885
267.1	0.00147759
267.2	0.00150624
267.3	0.00153322
267.4	0.00155803
267.5	0.00157955
267.6	0.0015939
267.7	0.00160517
267.8	0.00161748
267.9	0.00162802
268	0.00163779
268.1	0.00164773
268.2	0.00166319
268.3	0.00168043
268.4	0.00170221
268.5	0.00172941
268.6	0.00176136
268.7	0.00179319
268.8	0.00182626
268.9	0.00186333
269	0.00190344
269.1	0.00194166
269.2	0.00197747
269.3	0.00200806
269.4	0.00203806
269.5	0.00206358
269.6	0.00208548
269.7	0.0021065
269.8	0.00212446
269.9	0.00214137
270	0.00215638
270.1	0.00217046
270.2	0.00218735
270.3	0.00221105
270.4	0.00223996
270.5	0.00227218
270.6	0.00230912
270.7	0.00235235
270.8	0.0023986
270.9	0.0024462
271	0.00249229
271.1	0.00253221
271.2	0.00256317
271.3	0.00259028
271.4	0.00261723
271.5	0.00264584
271.6	0.00267513
271.7	0.00270176
271.8	0.00273522
271.9	0.00277111
272	0.0028086
272.1	0.00284459
272.2	0.00287682
272.3	0.0029023
272.4	0.00292152
272.5	0.00294018
272.6	0.00295817
272.7	0.00296841
272.8	0.00297315
272.9	0.00297574
273	0.00298129
273.1	0.00299085
273.2	0.00300093
273.3	0.00301117
273.4	0.00302789
273.5	0.00304367
273.6	0.00305409
273.7	0.00305744
273.8	0.0030601
273.9	0.00306587
274	0.00307289
274.1	0.0030771
274.2	0.00307676
274.3	0.00307853
274.4	0.00308165
274.5	0.00309006
274.6	0.00310433
274.7	0.003121
274.8	0.00313983
274.9	0.00315507
275	0.00317074
275.1	0.00318599
275.2	0.00319929
275.3	0.00320812
275.4	0.00321404
275.5	0.00321406
275.6	0.00320831
275.7	0.00319865
275.8	0.00318532
275.9	0.00316495
276	0.0031448
276.1	0.00312721
276.2	0.0031152
276.3	0.00310277
276.4	0.00309227
276.5	0.0030795
276.6	0.00306512
276.7	0.00304764
276.8	0.00303437
276.9	0.00302129
277	0.00300435
277.1	0.00298468
277.2	0.0029623
277.3	0.00293603
277.4	0.0029146
277.5	0.00289684
277.6	0.00287803
277.7	0.00285979
277.8	0.00285042
277.9	0.00284984
278	0.00285313
278.1	0.00285621
278.2	0.00285552
278.3	0.0028575
278.4	0.00285911
278.5	0.0028583
278.6	0.00285513
278.7	0.002852
278.8	0.00285087
278.9	0.00285121
279	0.00285956
279.1	0.00287284
279.2	0.00289103
279.3	0.00291739
279.4	0.00294553
279.5	0.00297873
279.6	0.00301072
279.7	0.00303899
279.8	0.00306684
279.9	0.00309481
280	0.00312384
280.1	0.00314994
280.2	0.00317854
280.3	0.00320611
280.4	0.00323105
280.5	0.00325413
280.6	0.00328257
280.7	0.00331372
280.8	0.00334807
280.9	0.00338505
281	0.00341923
281.1	0.00345209
281.2	0.00348508
281.3	0.00351369
281.4	0.00353974
281.5	0.00356398
281.6	0.00358147
281.7	0.00359217
281.8	0.00360046
281.9	0.00360904
282	0.00361445
282.1	0.00362207
282.2	0.003627
282.3	0.00362938
282.4	0.0036286
282.5	0.00362661
282.6	0.00362035
282.7	0.00361614
282.8	0.00361423
282.9	0.00361347
283	0.00361027
283.1	0.00360796
283.2	0.00360372
283.3	0.0035984
283.4	0.00359211
283.5	0.0035817
283.6	0.00356652
283.7	0.00354878
283.8	0.00353008
283.9	0.00351287
284	0.00350029
284.1	0.0034918
284.2	0.00348
284.3	0.00346744
284.4	0.00345374
284.5	0.00343542
284.6	0.00341617
284.7	0.00339698
284.8	0.00338037
284.9	0.00336617
285	0.00335445
285.1	0.00334953
285.2	0.00334512
285.3	0.0033394
285.4	0.00333512
285.5	0.00333424
285.6	0.0033383
285.7	0.0033434
285.8	0.00335048
285.9	0.00335701
286	0.00336401
286.1	0.00337025
286.2	0.00337561
286.3	0.00338154
286.4	0.00338924
286.5	0.00339958
286.6	0.00341106
286.7	0.00342236
286.8	0.00343049
286.9	0.00343943
287	0.0034459
287.1	0.00345539
287.2	0.00346724
287.3	0.00348149
287.4	0.00349647
287.5	0.00351087
287.6	0.00352526
287.7	0.00353425
287.8	0.00354181
287.9	0.00355124
288	0.00355919
288.1	0.00356697
288.2	0.00357359
288.3	0.00358038
288.4	0.00358876
288.5	0.00360276
288.6	0.00362215
288.7	0.00364405
288.8	0.00366627
288.9	0.00368729
289	0.00371037
289.1	0.00373022
289.2	0.00374931
289.3	0.00376678
289.4	0.00377902
289.5	0.00378627
289.6	0.00379524
289.7	0.00380375
289.8	0.00381599
289.9	0.00382467
290	0.00383099
290.1	0.00383645
290.2	0.00384527
290.3	0.003852
290.4	0.00386305
290.5	0.00387939
290.6	0.00390037
290.7	0.00391868
290.8	0.00393125
290.9	0.00394002
291	0.00394312
291.1	0.00394058
291.2	0.0039336
291.3	0.00391865
291.4	0.00390183
291.5	0.00388381
291.6	0.00387059
291.7	0.00386129
291.8	0.00385581
291.9	0.00384644
292	0.00383246
292.1	0.00381211
292.2	0.00378777
292.3	0.00376108
292.4	0.0037392
292.5	0.00371916
292.6	0.00369449
292.7	0.0036704
292.8	0.00364641
292.9	0.00362359
293	0.00360235
293.1	0.00358099
293.2	0.00356109
293.3	0.00354218
293.4	0.00352484
293.5	0.00350876
293.6	0.00349024
293.7	0.00346925
293.8	0.00344699
293.9	0.00342462
294	0.00340195
294.1	0.00337549
294.2	0.00334329
294.3	0.00330624
294.4	0.00326387
294.5	0.00322162
294.6	0.00318351
294.7	0.00314393
294.8	0.00310676
294.9	0.0030685
295	0.00303228
295.1	0.00299967
295.2	0.00297002
295.3	0.00294031
295.4	0.00290811
295.5	0.00287762
295.6	0.0028469
295.7	0.00281967
295.8	0.00279358
295.9	0.00277053
296	0.00274785
296.1	0.00272158
296.2	0.00269072
296.3	0.0026603
296.4	0.00263293
296.5	0.00260443
296.6	0.0025742
296.7	0.00254615
296.8	0.00251692
296.9	0.00248824
297	0.00246069
297.1	0.00243109
297.2	0.00240069
297.3	0.00237068
297.4	0.00233865
297.5	0.00230439
297.6	0.00226805
297.7	0.00223093
297.8	0.00219751
297.9	0.00216762
298	0.00214207
298.1	0.00211851
298.2	0.00209468
298.3	0.0020693
298.4	0.00204405
298.5	0.0020142
298.6	0.00198302
298.7	0.00194767
298.8	0.00190652
298.9	0.00186345
299	0.00181917
299.1	0.00177528
299.2	0.00173533
299.3	0.00169499
299.4	0.00165465
299.5	0.0016107
299.6	0.00157006
299.7	0.00153104
299.8	0.00149645
299.9	0.00146885
300	0.00144309
300.1	0.00141661
300.2	0.00138957
300.3	0.00136183
300.4	0.00133795
300.5	0.00131855
300.6	0.00129853
300.7	0.00127941
300.8	0.00126267
300.9	0.00124882
301	0.00123823
301.1	0.00122939
301.2	0.00122019
301.3	0.00121204
301.4	0.00120358
301.5	0.00119654
301.6	0.00119484
301.7	0.00119463
301.8	0.00119432
301.9	0.00119831
302	0.00120651
302.1	0.00121273
302.2	0.00121112
302.3	0.00120734
302.4	0.00120524
302.5	0.00120348
302.6	0.00119972
302.7	0.00119314
302.8	0.00118117
302.9	0.00116719
303	0.00114927
303.1	0.00113035
303.2	0.00110817
303.3	0.00108664
303.4	0.00107126
303.5	0.00105739
303.6	0.00104239
303.7	0.00102637
303.8	0.00100949
303.9	0.000991785
304	0.000968207
304.1	0.000939916
304.2	0.000906136
304.3	0.0008664
304.4	0.000823289
304.5	0.000781907
304.6	0.000743792
304.7	0.000702741
304.8	0.000662972
304.9	0.000623339
305	0.000581463
305.1	0.000538305
305.2	0.00049376
305.3	0.000445984
305.4	0.000397857
305.5	0.000348646
305.6	0.000301736
305.7	0.000258709
305.8	0.00021236
305.9	0.000159054
306	0.00010305
306.1	4.63301e-05
306.2	-1.283e-06
306.3	-4.58749e-05
306.4	-9.007e-05
306.5	-0.000131572
306.6	-0.000172576
306.7	-0.000209626
306.8	-0.000249698
306.9	-0.000295651
307	-0.000340324
307.1	-0.000382495
307.2	-0.000421525
307.3	-0.000456745
307.4	-0.000492496
307.5	-0.000527658
307.6	-0.000554494
307.7	-0.00058009
307.8	-0.000601026
307.9	-0.000621133
308	-0.000643174
308.1	-0.000667382
308.2	-0.000693501
308.3	-0.000714185
308.4	-0.000732009
308.5	-0.000743314
308.6	-0.00075013
308.7	-0.000756663
308.8	-0.000764311
308.9	-0.000774522
309	-0.000785139
309.1	-0.000795327
309.2	-0.000796253
309.3	-0.000791498
309.4	-0.000782576
309.5	-0.000770847
309.6	-0.000756045
309.7	-0.000741567
309.8	-0.000729665
309.9	-0.000714135
310	-0.000695925
310.1	-0.000678169
310.2	-0.000656512
310.3	-0.000632206
310.4	-0.00060836
310.5	-0.000582741
310.6	-0.000556142
310.7	-0.000532149
310.8	-0.000511519
310.9	-0.000489125
311	-0.000471207
311.1	-0.000456915
311.2	-0.000441802
311.3	-0.000426362
311.4	-0.000408474
311.5	-0.000394105
311.6	-0.000382827
311.7	-0.00037876
311.8	-0.000376189
311.9	-0.0003723
312	-0.000364667
312.1	-0.000357908
312.2	-0.000349024
312.3	-0.000338189
312.4	-0.000326688
312.5	-0.000315938
312.6	-0.000308177
312.7	-0.000300292
312.8	-0.000289901
312.9	-0.000280731
313	-0.000271005
313.1	-0.000258874
313.2	-0.000249994
313.3	-0.00024285
313.4	-0.000243164
313.5	-0.000246778
313.6	-0.000250308
313.7	-0.000250936
313.8	-0.000246455
313.9	-0.00023622
314	-0.000229802
314.1	-0.000222631
314.2	-0.000213247
314.3	-0.00020415
314.4	-0.000191444
314.5	-0.000175882
314.6	-0.00015794
314.7	-0.000135736
314.8	-0.000107938
314.9	-7.82096e-05
315	-5.27282e-05
315.1	-2.63015e-05
315.2	2.16612e-07
315.3	2.52077e-05
315.4	5.78996e-05
315.5	9.0003e-05
315.6	0.000123384
315.7	0.000160744
315.8	0.000198579
315.9	0.000228054
316	0.000250758
316.1	0.000270168
316.2	0.000286201
316.3	0.000299705
316.4	0.000315799
316.5	0.000331863
316.6	0.00034335
316.7	0.000352327
316.8	0.000357622
316.9	0.000362706
317	0.000369249
317.1	0.000376884
317.2	0.00038755
317.3	0.000405738
317.4	0.000427184
317.5	0.000450515
317.6	0.000478546
317.7	0.000506347
317.8	0.000535097
317.9	0.000563185
318	0.000593111
318.1	0.000629116
318.2	0.000663088
318.3	0.000698682
318.4	0.000734805
318.5	0.00077332
318.6	0.000815036
318.7	0.000856163
318.8	0.000896463
318.9	0.00093152
319	0.000966325
319.1	0.000999537
319.2	0.00103143
319.3	0.00105798
319.4	0.00108408
319.5	0.00111048
319.6	0.00113385
319.7	0.00115534
319.8	0.0011752
319.9	0.00119725
320	0.00122026
320.1	0.00124582
320.2	0.00127448
320.3	0.00129985
320.4	0.00132108
320.5	0.00134388
320.6	0.00136355
320.7	0.00138167
320.8	0.00139821
320.9	0.00141294
321	0.00143033
321.1	0.00144468
321.2	0.00145889
321.3	0.00147612
321.4	0.00149349
321.5	0.00151172
321.6	0.0015285
321.7	0.00154187
321.8	0.00154937
321.9	0.00155574
322	0.00156063
322.1	0.00156784
322.2	0.00157262
322.3	0.00157236
322.4	0.001567
322.5	0.00156383
322.6	0.00155896
322.7	0.00155432
322.8	0.00155312
322.9	0.00155106
323	0.00155129
323.1	0.00155881
323.2	0.00157058
323.3	0.00158429
323.4	0.00159506
323.5	0.00160431
323.6	0.00161192
323.7	0.00161788
323.8	0.00162365
323.9	0.0016337
324	0.00165042
324.1	0.00166833
324.2	0.00167735
324.3	0.00167861
324.4	0.00167617
324.5	0.00166664
324.6	0.0016546
324.7	0.00164522
324.8	0.00163732
324.9	0.00163182
325	0.00162643
325.1	0.00162195
325.2	0.00161355
325.3	0.00160177
325.4	0.00158675
325.5	0.00156859
325.6	0.00154903
325.7	0.00152981
325.8	0.00150742
325.9	0.00148869
326	0.00147786
326.1	0.00147321
326.2	0.00146938
326.3	0.00146653
326.4	0.00146471
326.5	0.00146285
326.6	0.00146113
326.7	0.00145889
326.8	0.00145794
326.9	0.00145514
327	0.00144854
327.1	0.00144203
327.2	0.00143752
327.3	0.00143599
327.4	0.00143488
327.5	0.00143279
327.6	0.00143247
327.7	0.00143755
327.8	0.00144636
327.9	0.00145716
328	0.00147118
328.1	0.00148798
328.2	0.00150226
328.3	0.00151499
328.4	0.00152579
328.5	0.00153012
328.6	0.00153033
328.7	0.00152501
328.8	0.00151463
328.9	0.00150121
329	0.00148767
329.1	0.00147478
329.2	0.00146365
329.3	0.00145264
329.4	0.00144339
329.5	0.00144196
329.6	0.00144154
329.7	0.00144256
329.8	0.00143965
329.9	0.00143408
330	0.00142231
330.1	0.00140628
330.2	0.00138414
330.3	0.00135278
330.4	0.00131637
330.5	0.00128085
330.6	0.00124671
330.7	0.00121715
330.8	0.00119306
330.9	0.00117231
331	0.00115518
331.1	0.00114574
331.2	0.0011362
331.3	0.00112474
331.4	0.00110661
331.5	0.0010881
331.6	0.00106708
331.7	0.00104529
331.8	0.0010221
331.9	0.000995992
332	0.000967122
332.1	0.00093956
332.2	0.000914208
332.3	0.000888792
332.4	0.000859763
332.5	0.000825712
332.6	0.000793697
332.7	0.000768543
332.8	0.000747971
332.9	0.00072751
333	0.000710435
333.1	0.000694623
333.2	0.000680394
333.3	0.000671297
333.4	0.000662253
333.5	0.000651674
333.6	0.000639062
333.7	0.000625731
333.8	0.000614969
333.9	0.000602222
334	0.000586896
334.1	0.000570782
334.2	0.000553083
334.3	0.00053044
334.4	0.000505679
334.5	0.000480031
334.6	0.000452016
334.7	0.000424251
334.8	0.000392078
334.9	0.00035657
335	0.000318598
335.1	0.000283806
335.2	0.000248095
335.3	0.000216675
335.4	0.000188329
335.5	0.00016153
335.6	0.000138758
335.7	0.000111096
335.8	8.06203e-05
335.9	5.17223e-05
336	2.63878e-05
336.1	-4.25666e-06
336.2	-3.17852e-05
336.3	-5.69949e-05
336.4	-8.10305e-05
336.5	-0.000101107
336.6	-0.000114454
336.7	-0.000120874
336.8	-0.000123493
336.9	-0.000126719
337	-0.000128167
337.1	-0.000129491
337.2	-0.000129506
337.3	-0.00012952
337.4	-0.000134466
337.5	-0.000141562
337.6	-0.000154891
337.7	-0.000164179
337.8	-0.000170534
337.9	-0.000176901
338	-0.00018068
338.1	-0.000179465
338.2	-0.000176167
338.3	-0.000172261
338.4	-0.000168
338.5	-0.000159866
338.6	-0.000153019
338.7	-0.000147032
338.8	-0.000138312
338.9	-0.000131029
339	-0.000120752
339.1	-0.000111534
339.2	-0.00010476
339.3	-0.000105607
339.4	-0.000111959
339.5	-0.000117545
339.6	-0.000123961
339.7	-0.000129921
339.8	-0.000135702
339.9	-0.000141599
340	-0.000143969
340.1	-0.00014342
340.2	-0.000137286
340.3	-0.000129201
340.4	-0.000120144
340.5	-0.000110596
340.6	-0.000101748
340.7	-9.05705e-05
340.8	-7.92736e-05
340.9	-6.75068e-05
341	-5.56588e-05
341.1	-4.05301e-05
341.2	-2.88672e-05
341.3	-2.57297e-05
341.4	-2.68542e-05
341.5	-3.03042e-05
341.6	-3.52018e-05
341.7	-4.18742e-05
341.8	-4.96939e-05
341.9	-5.79055e-05
342	-6.41102e-05
342.1	-6.83468e-05
342.2	-6.98694e-05
342.3	-7.26382e-05
342.4	-7.55209e-05
342.5	-7.71594e-05
342.6	-8.28657e-05
342.7	-8.84694e-05
342.8	-9.20294e-05
342.9	-8.64825e-05
343	-7.57523e-05
343.1	-6.87829e-05
343.2	-6.22602e-05
343.3	-5.22831e-05
343.4	-3.70701e-05
343.5	-2.09384e-05
343.6	-6.0425e-06
343.7	5.21538e-06
343.8	1.77301e-05
343.9	3.28208e-05
344	4.79859e-05
344.1	6.1632e-05
344.2	7.54887e-05
344.3	8.81845e-05
344.4	0.000101872
344.5	0.000115001
344.6	0.000126492
344.7	0.000136291
344.8	0.000143103
344.9	0.00015464
345	0.000163322
345.1	0.000170914
345.2	0.00018089
345.3	0.000191987
345.4	0.000206827
345.5	0.000218066
345.6	0.000227155
345.7	0.00023091
345.8	0.000228351
345.9	0.000225102
346	0.000224585
346.1	0.000229224
346.2	0.000234365
346.3	0.000235629
346.4	0.000234648
346.5	0.000233959
346.6	0.000230792
346.7	0.000229367
346.8	0.000233611
346.9	0.000240114
347	0.000248338
347.1	0.000256331
347.2	0.000261164
347.3	0.000263496
347.4	0.000261688
347.5	0.000259896
347.6	0.000260334
347.7	0.000265377
347.8	0.000272444
347.9	0.000280631
348	0.000289446
348.1	0.000297272
348.2	0.000303814
348.3	0.000305595
348.4	0.000300226
348.5	0.000284945
348.6	0.000266784
348.7	0.000242709
348.8	0.000215505
348.9	0.000182041
349	0.000144414
349.1	0.000113931
349.2	8.65857e-05
349.3	6.4042e-05
349.4	4.94069e-05
349.5	4.00853e-05
349.6	2.7726e-05
349.7	1.25734e-05
349.8	-2.88874e-06
349.9	-1.89814e-05
350	-3.01609e-05
350.1	-3.70205e-05
350.2	-4.2616e-05
350.3	-5.20552e-05
350.4	-6.53707e-05
350.5	-8.02934e-05
350.6	-9.59657e-05
350.7	-0.00011023
350.8	-0.000125127
350.9	-0.000144808
351	-0.000170011
351.1	-0.000202349
351.2	-0.000237218
351.3	-0.000274494
351.4	-0.000316012
351.5	-0.000355884
351.6	-0.000392997
351.7	-0.000427378
351.8	-0.000461225
351.9	-0.000492875
352	-0.000527897
352.1	-0.000558822
352.2	-0.00058598
352.3	-0.000607775
352.4	-0.000629239
352.5	-0.000649924
352.6	-0.000667805
352.7	-0.000681744
352.8	-0.000696301
352.9	-0.000709111
353	-0.000718229
353.1	-0.000722478
353.2	-0.000728818
353.3	-0.000734453
353.4	-0.000745466
353.5	-0.000759605
353.6	-0.00077491
353.7	-0.000782394
353.8	-0.00078441
353.9	-0.000782982
354	-0.000781448
354.1	-0.000778148
354.2	-0.000776294
354.3	-0.000777649
354.4	-0.000774622
354.5	-0.000765267
354.6	-0.000752794
354.7	-0.000736145
354.8	-0.000718206
354.9	-0.000698489
355	-0.000681104
355.1	-0.000666014
355.2	-0.000653379
355.3	-0.000644543
355.4	-0.000639444
355.5	-0.000636034
355.6	-0.000635736
355.7	-0.000635589
355.8	-0.000638515
355.9	-0.000646431
356	-0.000657618
356.1	-0.000668698
356.2	-0.000681688
356.3	-0.00069751
356.4	-0.000713161
356.5	-0.000729278
356.6	-0.000753266
356.7	-0.000785294
356.8	-0.000819161
356.9	-0.000856933
357	-0.000896799
357.1	-0.00093417
357.2	-0.00096884
357.3	-0.0010021
357.4	-0.00103136
357.5	-0.00105989
357.6	-0.00108942
357.7	-0.00111801
357.8	-0.00114474
357.9	-0.00116934
358	-0.00119406
358.1	-0.00121762
358.2	-0.00124262
358.3	-0.0012712
358.4	-0.00129816
358.5	-0.00132426
358.6	-0.00135109
358.7	-0.00137695
358.8	-0.00140533
358.9	-0.00143334
359	-0.00145457
359.1	-0.00146818
359.2	-0.00147754
359.3	-0.00148651
359.4	-0.00149482
359.5	-0.00150426
359.6	-0.00151611
359.7	-0.00152808
359.8	-0.00154398
359.9	-0.00155763
360	-0.00156886
360.1	-0.0015797
360.2	-0.00158781
360.3	-0.00159153
360.4	-0.00158985
360.5	-0.00158498
360.6	-0.00158
360.7	-0.00157348
360.8	-0.00156699
360.9	-0.00156087
361	-0.00155289
361.1	-0.00154509
361.2	-0.00153485
361.3	-0.00152361
361.4	-0.00151255
361.5	-0.00150246
361.6	-0.00149403
361.7	-0.00148433
361.8	-0.00146804
361.9	-0.00144779
362	-0.00142721
362.1	-0.00140812
362.2	-0.00139418
362.3	-0.00138779
362.4	-0.00138546
362.5	-0.00138537
362.6	-0.00138766
362.7	-0.00139634
362.8	-0.00140399
362.9	-0.00141496
363	-0.00142698
363.1	-0.00144256
363.2	-0.00145785
363.3	-0.0014701
363.4	-0.00147473
363.5	-0.00146862
363.6	-0.00146358
363.7	-0.00145895
363.8	-0.0014527
363.9	-0.00144963
364	-0.00145323
364.1	-0.00145842
364.2	-0.0014655
364.3	-0.00146875
364.4	-0.00146941
364.5	-0.00146555
364.6	-0.00145809
364.7	-0.00145354
364.8	-0.00145078
364.9	-0.00144809
365	-0.00144715
365.1	-0.00144976
365.2	-0.00145772
365.3	-0.001466
365.4	-0.00147135
365.5	-0.00147452
365.6	-0.0014768
365.7	-0.00147643
365.8	-0.00146983
365.9	-0.00146303
366	-0.00145735
366.1	-0.00144852
366.2	-0.00143615
366.3	-0.00142137
366.4	-0.00140409
366.5	-0.00138605
366.6	-0.00136618
366.7	-0.0013478
366.8	-0.00133547
366.9	-0.00132529
367	-0.00131864
367.1	-0.00131324
367.2	-0.00130871
367.3	-0.00130528
367.4	-0.00130321
367.5	-0.0013019
367.6	-0.00130308
367.7	-0.00130466
367.8	-0.00130569
367.9	-0.00130539
368	-0.00129984
368.1	-0.00129109
368.2	-0.0012795
368.3	-0.00127026
368.4	-0.00126301
368.5	-0.00125631
368.6	-0.00125262
368.7	-0.00124818
368.8	-0.00124454
368.9	-0.00124359
369	-0.00124409
369.1	-0.00124768
369.2	-0.00125379
369.3	-0.00126131
369.4	-0.00127292
369.5	-0.00128357
369.6	-0.00129008
369.7	-0.00129658
369.8	-0.0013031
369.9	-0.00131378
370	-0.00132805
370.1	-0.00134803
370.2	-0.00136888
370.3	-0.0013883
370.4	-0.00140146
370.5	-0.00141072
370.6	-0.00141423
370.7	-0.0014139
370.8	-0.00140985
370.9	-0.00140226
371	-0.00139394
371.1	-0.00138603
371.2	-0.00138208
371.3	-0.00137804
371.4	-0.00137237
371.5	-0.00136715
371.6	-0.00136011
371.7	-0.00134935
371.8	-0.00133812
371.9	-0.00133078
372	-0.0013253
372.1	-0.00131793
372.2	-0.00131118
372.3	-0.00130484
372.4	-0.00129715
372.5	-0.00128984
372.6	-0.00128268
372.7	-0.00127596
372.8	-0.00127107
372.9	-0.00126559
373	-0.00126145
373.1	-0.00125592
373.2	-0.00124676
373.3	-0.00123529
373.4	-0.00121673
373.5	-0.00119228
373.6	-0.00116246
373.7	-0.00113166
373.8	-0.00110703
373.9	-0.00108521
374	-0.00106449
374.1	-0.00104956
374.2	-0.00103378
374.3	-0.00101669
374.4	-0.000998139
374.5	-0.000981995
374.6	-0.000967439
374.7	-0.000955435
374.8	-0.000941448
374.9	-0.00092511
375	-0.000909426
375.1	-0.000888715
375.2	-0.000862453
375.3	-0.000832094
375.4	-0.000804325
375.5	-0.000773069
375.6	-0.000744109
375.7	-0.000713568
375.8	-0.000681473
375.9	-0.000647766
376	-0.000614743
376.1	-0.00058239
376.2	-0.000554895
376.3	-0.000530587
376.4	-0.000511522
376.5	-0.000496957
376.6	-0.000490157
376.7	-0.000489752
376.8	-0.000492831
376.9	-0.000493818
377	-0.000495247
377.1	-0.000496732
377.2	-0.000497569
377.3	-0.000493883
377.4	-0.00048448
377.5	-0.000471522
377.6	-0.000457642
377.7	-0.00044107
377.8	-0.000423252
377.9	-0.000407994
378	-0.000396131
378.1	-0.000383524
378.2	-0.000371643
378.3	-0.000359085
378.4	-0.000346824
378.5	-0.000330717
378.6	-0.000313033
378.7	-0.000288831
378.8	-0.000262916
378.9	-0.00023713
379	-0.000209134
379.1	-0.000178995
379.2	-0.000150087
379.3	-0.000121551
379.4	-9.18932e-05
379.5	-6.53244e-05
379.6	-3.66688e-05
379.7	-9.15835e-06
379.8	1.9584e-05
379.9	5.32253e-05
380	8.90481e-05
380.1	0.000125102
380.2	0.000163232
380.3	0.000202873
380.4	0.000245697
380.5	0.000289038
380.6	0.0003332
380.7	0.00037817
380.8	0.000424013
380.9	0.000471019
381	0.000515047
381.1	0.000563035
381.2	0.000610491
381.3	0.000658503
381.4	0.000707392
381.5	0.000754624
381.6	0.000796749
381.7	0.0008356
381.8	0.000874458
381.9	0.000913076
382	0.000948051
382.1	0.000982353
382.2	0.00101174
382.3	0.00104058
382.4	0.00106706
382.5	0.00108642
382.6	0.00110594
382.7	0.00112844
382.8	0.00115272
382.9	0.00117545
383	0.0011923
383.1	0.00120705
383.2	0.00122186
383.3	0.00123699
383.4	0.00125105
383.5	0.00126642
383.6	0.00128618
383.7	0.00130802
383.8	0.00133131
383.9	0.00135864
384	0.00138456
384.1	0.00141304
384.2	0.0014381
384.3	0.0014685
384.4	0.00150237
384.5	0.00153297
384.6	0.00156399
384.7	0.00159109
384.8	0.00161202
384.9	0.00162577
385	0.00163735
385.1	0.00164984
385.2	0.00165969
385.3	0.00165933
385.4	0.00165205
385.5	0.00164238
385.6	0.00163401
385.7	0.00162686
385.8	0.00162246
385.9	0.00161546
386	0.00160638
386.1	0.00159722
386.2	0.00158634
386.3	0.00157287
386.4	0.00155806
386.5	0.00154802
386.6	0.0015374
386.7	0.00152765
386.8	0.00151604
386.9	0.00149868
387	0.00147292
387.1	0.00144279
387.2	0.0014125
387.3	0.00138524
387.4	0.0013598
387.5	0.00133299
387.6	0.00131029
387.7	0.00129085
387.8	0.00127566
387.9	0.00126514
388	0.00125906
388.1	0.00125447
388.2	0.0012472
388.3	0.00124039
388.4	0.00123334
388.5	0.0012291
388.6	0.00121901
388.7	0.00120348
388.8	0.00119016
388.9	0.00117472
389	0.00115992
389.1	0.00114099
389.2	0.00111751
389.3	0.00109384
389.4	0.00107204
389.5	0.00104563
389.6	0.00101515
389.7	0.000979397
389.8	0.000942073
389.9	0.000910285
390	0.000884941
390.1	0.000865579
390.2	0.000849456
390.3	0.000829213
390.4	0.000807198
390.5	0.000784529
390.6	0.000761797
390.7	0.000739561
390.8	0.000714829
390.9	0.000694056
391	0.000677359
391.1	0.000664008
391.2	0.000651508
391.3	0.000642361
391.4	0.000633034
391.5	0.000624678
391.6	0.000615567
391.7	0.000604051
391.8	0.000595647
391.9	0.000587026
392	0.000575463
392.1	0.000566105
392.2	0.000555329
392.3	0.000539714
392.4	0.000526122
392.5	0.000517211
392.6	0.000509255
392.7	0.000503858
392.8	0.000496451
392.9	0.000489716
393	0.000483693
393.1	0.0004788
393.2	0.000478058
393.3	0.000477158
393.4	0.000475304
393.5	0.000469639
393.6	0.000460948
393.7	0.00045204
393.8	0.000442374
393.9	0.000436437
394	0.000436316
394.1	0.000435807
394.2	0.00043682
394.3	0.00043943
394.4	0.000445273
394.5	0.000461308
394.6	0.0004778
394.7	0.000493538
394.8	0.00050161
394.9	0.000508847
395	0.000521608
395.1	0.000534818
395.2	0.000550728
395.3	0.000568632
395.4	0.000586221
395.5	0.000604165
395.6	0.00062356
395.7	0.000643772
395.8	0.000668783
395.9	0.000698588
396	0.000733421
396.1	0.000767486
396.2	0.000795575
396.3	0.00081959
396.4	0.000841281
396.5	0.000865019
396.6	0.000890353
396.7	0.000917913
396.8	0.000943221
396.9	0.000962069
397	0.000985557
397.1	0.00100944
397.2	0.00103806
397.3	0.0010674
397.4	0.00109876
397.5	0.0011287
397.6	0.00115582
397.7	0.00118142
397.8	0.00121008
397.9	0.00124106
398	0.00127434
398.1	0.00130994
398.2	0.00134147
398.3	0.00137132
398.4	0.00139794
398.5	0.00142075
398.6	0.00143881
398.7	0.00145493
398.8	0.00147327
398.9	0.00148915
399	0.00149802
399.1	0.00150531
399.2	0.00151347
399.3	0.0015238
399.4	0.00153495
399.5	0.00154648
399.6	0.00156028
399.7	0.00157188
399.8	0.00158573
399.9	0.00159489
400	0.0016046
400.1	0.00161095
400.2	0.00161887
400.3	0.00162691
400.4	0.00163794
400.5	0.00165414
400.6	0.00167694
400.7	0.00170242
400.8	0.00172498
400.9	0.00174536
401	0.00176693
401.1	0.00178911
401.2	0.00181359
401.3	0.00183942
401.4	0.00186437
401.5	0.00188935
401.6	0.00191275
401.7	0.00193108
401.8	0.00195115
401.9	0.00196936
402	0.00198289
402.1	0.00199689
402.2	0.00201231
402.3	0.00203073
402.4	0.00205086
402.5	0.00207131
402.6	0.00209546
402.7	0.00212226
402.8	0.00214911
402.9	0.00217728
403	0.00220723
403.1	0.00223569
403.2	0.00226303
403.3	0.00229077
403.4	0.00230725
403.5	0.00231094
403.6	0.00230868
403.7	0.00230515
403.8	0.00230344
403.9	0.0023063
404	0.00231156
404.1	0.00231555
404.2	0.00231338
404.3	0.00230666
404.4	0.0023002
404.5	0.00229651
404.6	0.00229783
404.7	0.00229969
404.8	0.00230429
404.9	0.00231302
405	0.00232216
405.1	0.002328
405.2	0.00232966
405.3	0.00232517
405.4	0.0023198
405.5	0.00231617
405.6	0.00231019
405.7	0.00229999
405.8	0.00228671
405.9	0.00226932
406	0.00224799
406.1	0.00222137
406.2	0.00219304
406.3	0.0021614
406.4	0.00212742
406.5	0.00209816
406.6	0.00206689
406.7	0.00203539
406.8	0.00200637
406.9	0.00198425
407	0.00196467
407.1	0.00194302
407.2	0.00192269
407.3	0.00190617
407.4	0.00188687
407.5	0.00186953
407.6	0.00185352
407.7	0.00183807
407.8	0.00181928
407.9	0.0017984
408	0.00177723
408.1	0.00175678
408.2	0.00173756
408.3	0.00172133
408.4	0.00170088
408.5	0.00168054
408.6	0.00166298
408.7	0.00164374
408.8	0.00162286
408.9	0.00160631
409	0.00159396
409.1	0.00158532
409.2	0.00157607
409.3	0.00156444
409.4	0.00155413
409.5	0.0015447
409.6	0.00153466
409.7	0.00152112
409.8	0.00150573
409.9	0.00149234
410	0.00147892
410.1	0.00146443
410.2	0.00145072
410.3	0.00144025
410.4	0.00143327
410.5	0.00142501
410.6	0.00141595
410.7	0.00140677
410.8	0.00139727
410.9	0.00138738
411	0.00137352
411.1	0.00136414
411.2	0.00135572
411.3	0.00134786
411.4	0.00133682
411.5	0.00132566
411.6	0.00131569
411.7	0.00131204
411.8	0.00131151
411.9	0.0013143
412	0.00131973
412.1	0.00131863
412.2	0.00131142
412.3	0.00130096
412.4	0.00128935
412.5	0.00127843
412.6	0.00127052
412.7	0.00126361
412.8	0.00125809
412.9	0.00125134
413	0.00124558
413.1	0.00123591
413.2	0.00122827
413.3	0.00122878
413.4	0.00123512
413.5	0.00123785
413.6	0.00123478
413.7	0.00122734
413.8	0.00121741
413.9	0.00121141
414	0.00120553
414.1	0.00119575
414.2	0.00118197
414.3	0.00116783
414.4	0.00115044
414.5	0.00113553
414.6	0.0011213
414.7	0.00110336
414.8	0.0010855
414.9	0.00106431
415	0.00104143
415.1	0.00101819
415.2	0.000993745
415.3	0.000968974
415.4	0.000940698
415.5	0.000909707
415.6	0.00087382
415.7	0.000837438
415.8	0.000804989
415.9	0.000772989
416	0.000737221
416.1	0.000702838
416.2	0.000666565
416.3	0.000628207
416.4	0.000590237
416.5	0.000551471
416.6	0.000518031
416.7	0.000485884
416.8	0.000456835
416.9	0.000431089
417	0.000410847
417.1	0.000393877
417.2	0.000378643
417.3	0.000366194
417.4	0.000357377
417.5	0.000348586
417.6	0.000336266
417.7	0.000323815
417.8	0.000314006
417.9	0.000302668
418	0.000287215
418.1	0.000264323
418.2	0.000239784
418.3	0.000216613
418.4	0.000194798
418.5	0.000173818
418.6	0.000149045
418.7	0.000120238
418.8	9.44367e-05
418.9	7.72678e-05
419	6.46186e-05
419.1	5.32015e-05
419.2	4.41647e-05
419.3	4.08649e-05
419.4	3.75116e-05
419.5	3.19976e-05
419.6	2.74209e-05
419.7	2.60321e-05
419.8	2.67004e-05
419.9	2.97401e-05
420	3.1969e-05
420.1	3.1126e-05
420.2	2.45879e-05
420.3	1.14147e-05
420.4	-2.94021e-07
420.5	-1.40238e-05
420.6	-3.26534e-05
420.7	-5.25786e-05
420.8	-6.88396e-05
420.9	-7.83949e-05
421	-8.03274e-05
421.1	-8.18843e-05
421.2	-8.12487e-05
421.3	-8.06536e-05
421.4	-7.86323e-05
421.5	-7.49807e-05
421.6	-6.90907e-05
421.7	-5.83442e-05
421.8	-4.90162e-05
421.9	-3.73663e-05
422	-2.38708e-05
422.1	-1.29452e-05
422.2	-1.16649e-06
422.3	9.58324e-06
422.4	2.17369e-05
422.5	3.09586e-05
422.6	3.92325e-05
422.7	4.73001e-05
422.8	5.45648e-05
422.9	6.02067e-05
423	6.39127e-05
423.1	7.09001e-05
423.2	8.19757e-05
423.3	9.67685e-05
423.4	0.000111741
423.5	0.000120941
423.6	0.000128632
423.7	0.00013387
423.8	0.000137658
423.9	0.000141006
424	0.0001522
424.1	0.000164879
424.2	0.000175102
424.3	0.000186481
424.4	0.000198857
424.5	0.000210781
424.6	0.000223543
424.7	0.000236539
424.8	0.000252382
424.9	0.000265593
425	0.000277853
425.1	0.0002949
425.2	0.000310357
425.3	0.000323648
425.4	0.000342155
425.5	0.000360213
425.6	0.000378979
425.7	0.000395759
425.8	0.00041067
425.9	0.000424745
426	0.000438372
426.1	0.000451376
426.2	0.000463276
426.3	0.00047195
426.4	0.000483437
426.5	0.000493632
426.6	0.000503386
426.7	0.00050885
426.8	0.000508875
426.9	0.000503687
427	0.000500263
427.1	0.000498285
427.2	0.000500928
427.3	0.000507672
427.4	0.000515357
427.5	0.000525927
427.6	0.000538886
427.7	0.000551356
427.8	0.000560348
427.9	0.000565743
428	0.000567902
428.1	0.000568302
428.2	0.000568202
428.3	0.00056353
428.4	0.000555508
428.5	0.000548555
428.6	0.000543692
428.7	0.000542348
428.8	0.000546086
428.9	0.000545961
429	0.000546577
429.1	0.000541434
429.2	0.000534192
429.3	0.000524939
429.4	0.000518158
429.5	0.000516478
429.6	0.000516116
429.7	0.0005119
429.8	0.000503079
429.9	0.000490846
430	0.000475373
430.1	0.000457744
430.2	0.000436589
430.3	0.000416323
430.4	0.000395054
430.5	0.000376461
430.6	0.000363274
430.7	0.000356614
430.8	0.000347395
430.9	0.000336553
431	0.000325029
431.1	0.000312643
431.2	0.000305347
431.3	0.000301259
431.4	0.00030031
431.5	0.00030178
431.6	0.000306147
431.7	0.000313896
431.8	0.000322952
431.9	0.000330752
432	0.000336995
432.1	0.000345718
432.2	0.000348539
432.3	0.000350705
432.4	0.000352301
432.5	0.000350703
432.6	0.000347205
432.7	0.00034378
432.8	0.000342129
432.9	0.000342071
433	0.000341495
433.1	0.000341577
433.2	0.00034091
433.3	0.000338722
433.4	0.000333691
433.5	0.000330243
433.6	0.000332268
433.7	0.000337633
433.8	0.000342535
433.9	0.000351913
434	0.000364597
434.1	0.000374243
434.2	0.000385305
434.3	0.00039477
434.4	0.000403595
434.5	0.000416046
434.6	0.000431839
434.7	0.000444943
434.8	0.000456016
434.9	0.000461875
435	0.000466505
435.1	0.000470797
435.2	0.000475462
435.3	0.000482669
435.4	0.000487629
435.5	0.000488855
435.6	0.000491267
435.7	0.000497662
435.8	0.000504339
435.9	0.000509587
436	0.000517206
436.1	0.000524886
436.2	0.000532219
436.3	0.000541243
436.4	0.00054834
436.5	0.000557813
436.6	0.00056728
436.7	0.000575321
436.8	0.000578588
436.9	0.000581897
437	0.000581785
437.1	0.000574166
437.2	0.000566276
437.3	0.000557573
437.4	0.000546856
437.5	0.000533334
437.6	0.000516233
437.7	0.000500129
437.8	0.000482127
437.9	0.000461267
438	0.000439943
438.1	0.000419541
438.2	0.000393848
438.3	0.000365479
438.4	0.000336451
438.5	0.000303465
438.6	0.000267403
438.7	0.000221495
438.8	0.000172667
438.9	0.000121967
439	6.99621e-05
439.1	2.27714e-05
439.2	-2.29232e-05
439.3	-7.18458e-05
439.4	-0.000117727
439.5	-0.00016005
439.6	-0.000204971
439.7	-0.000245704
439.8	-0.000280537
439.9	-0.000307691
440	-0.000327791
440.1	-0.000342209
440.2	-0.000352865
440.3	-0.00035621
440.4	-0.000358363
440.5	-0.000361987
440.6	-0.000366351
440.7	-0.000367864
440.8	-0.000367542
440.9	-0.000366676
441	-0.000364947
441.1	-0.000360356
441.2	-0.000351177
441.3	-0.000342082
441.4	-0.000329663
441.5	-0.00031072
441.6	-0.000293225
441.7	-0.000279943
441.8	-0.000261783
441.9	-0.000241
442	-0.000219515
442.1	-0.00020175
442.2	-0.00018759
442.3	-0.000174815
442.4	-0.000163627
442.5	-0.000149878
442.6	-0.000132072
442.7	-0.000113906
442.8	-9.73766e-05
442.9	-7.46227e-05
443	-5.12896e-05
443.1	-3.30066e-05
443.2	-2.02976e-05
443.3	-9.36092e-06
443.4	3.19371e-06
443.5	1.88439e-05
443.6	3.69018e-05
443.7	5.75215e-05
443.8	8.59723e-05
443.9	0.000122223
444	0.000165742
444.1	0.000213431
444.2	0.000260953
444.3	0.000308749
444.4	0.00035732
444.5	0.000403698
444.6	0.000451996
444.7	0.000506559
444.8	0.00056735
444.9	0.000631102
445	0.000699469
445.1	0.000767947
445.2	0.00083167
445.3	0.000890346
445.4	0.000945174
445.5	0.000999889
445.6	0.00105122
445.7	0.00109773
445.8	0.00113981
445.9	0.00117944
446	0.00121735
446.1	0.00125428
446.2	0.0012925
446.3	0.00133137
446.4	0.00137476
446.5	0.00142123
446.6	0.00147406
446.7	0.00152784
446.8	0.00157864
446.9	0.00162496
447	0.00166892
447.1	0.00170566
447.2	0.00173626
447.3	0.00176434
447.4	0.00179198
447.5	0.00181824
447.6	0.00184556
447.7	0.00187621
447.8	0.00191229
447.9	0.00194784
448	0.00198411
448.1	0.0020194
448.2	0.00205319
448.3	0.00208684
448.4	0.0021187
448.5	0.00215184
448.6	0.00218945
448.7	0.00222904
448.8	0.0022675
448.9	0.00230358
449	0.00233804
449.1	0.00237249
449.2	0.00240653
449.3	0.00243586
449.4	0.00246014
449.5	0.00248342
449.6	0.00250574
449.7	0.00252728
449.8	0.00254942
449.9	0.00256935
450	0.00258265
450.1	0.00259543
450.2	0.00260371
450.3	0.00261296
450.4	0.00262016
450.5	0.00262692
450.6	0.00263208
450.7	0.00263718
450.8	0.0026362
450.9	0.00263185
451	0.00262374
451.1	0.00261558
451.2	0.002607
451.3	0.00260002
451.4	0.00258728
451.5	0.00257359
451.6	0.00256028
451.7	0.00254297
451.8	0.00252188
451.9	0.00249555
452	0.00246799
452.1	0.00243903
452.2	0.00240925
452.3	0.0023817
452.4	0.00235712
452.5	0.00233426
452.6	0.00230711
452.7	0.00227555
452.8	0.00224529
452.9	0.00221662
453	0.00218711
453.1	0.00215493
453.2	0.00212141
453.3	0.00208553
453.4	0.00205156
453.5	0.002027
453.6	0.0020053
453.7	0.00198392
453.8	0.00196849
453.9	0.00195733
454	0.00194076
454.1	0.00192063
454.2	0.0018987
454.3	0.00187435
454.4	0.00185505
454.5	0.00184258
454.6	0.00183462
454.7	0.00182942
454.8	0.00182341
454.9	0.00182067
455	0.00181695
455.1	0.00181246
455.2	0.00180698
455.3	0.00180122
455.4	0.00179441
455.5	0.00178567
455.6	0.00177831
455.7	0.0017707
455.8	0.00176045
455.9	0.00175356
456	0.0017493
456.1	0.0017483
456.2	0.00174947
456.3	0.00174427
456.4	0.00173765
456.5	0.00172947
456.6	0.00172229
456.7	0.00171551
456.8	0.0017094
456.9	0.00170411
457	0.00170345
457.1	0.00170223
457.2	0.00169981
457.3	0.00169618
457.4	0.00168802
457.5	0.00167628
457.6	0.00165641
457.7	0.00162878
457.8	0.00159962
457.9	0.00157386
458	0.00155012
458.1	0.00152796
458.2	0.00150845
458.3	0.0014877
458.4	0.00147119
458.5	0.00145344
458.6	0.00143941
458.7	0.00143058
458.8	0.00142481
458.9	0.0014205
459	0.00140934
459.1	0.00139408
459.2	0.00137572
459.3	0.00135414
459.4	0.00133019
459.5	0.00130274
459.6	0.00127312
459.7	0.00124343
459.8	0.00121682
459.9	0.00119564
460	0.00117952
460.1	0.00116458
460.2	0.00115276
460.3	0.00114789
460.4	0.00114307
460.5	0.00113619
460.6	0.00112984
460.7	0.00112547
460.8	0.00112562
460.9	0.00112859
461	0.00113348
461.1	0.00114072
461.2	0.00114673
461.3	0.00115
461.4	0.00115022
461.5	0.00114908
461.6	0.00114774
461.7	0.00114843
461.8	0.00114748
461.9	0.00115102
462	0.00115471
462.1	0.00115827
462.2	0.00116071
462.3	0.00116704
462.4	0.00117695
462.5	0.00119235
462.6	0.00120989
462.7	0.00123092
462.8	0.00125097
462.9	0.00127062
463	0.00129194
463.1	0.00131314
463.2	0.00133802
463.3	0.00136335
463.4	0.0013881
463.5	0.00140825
463.6	0.00142762
463.7	0.00144733
463.8	0.00146696
463.9	0.00148153
464	0.00149155
464.1	0.00149969
464.2	0.00150833
464.3	0.00151619
464.4	0.00152231
464.5	0.00152912
464.6	0.00153191
464.7	0.00153298
464.8	0.0015304
464.9	0.00153031
465	0.00153455
465.1	0.00154547
465.2	0.00156841
465.3	0.00159103
465.4	0.00161147
465.5	0.00163211
465.6	0.0016479
465.7	0.00165763
465.8	0.00166381
465.9	0.0016691
466	0.00167188
466.1	0.00167178
466.2	0.00167179
466.3	0.00167074
466.4	0.00167304
466.5	0.00167215
466.6	0.00166837
466.7	0.00165728
466.8	0.00164209
466.9	0.00161952
467	0.00159251
467.1	0.00156479
467.2	0.0015357
467.3	0.00150086
467.4	0.00146473
467.5	0.00142706
467.6	0.00138585
467.7	0.00133931
467.8	0.00129094
467.9	0.00124279
468	0.00119602
468.1	0.00114989
468.2	0.001106
468.3	0.0010632
468.4	0.00102376
468.5	0.000984989
468.6	0.000945707
468.7	0.00089962
468.8	0.00084855
468.9	0.000791692
469	0.000733274
469.1	0.000671577
469.2	0.000610922
469.3	0.000554479
469.4	0.000498883
469.5	0.000449421
469.6	0.000403104
469.7	0.000360501
469.8	0.000315999
469.9	0.000272359
470	0.000228241
470.1	0.000179978
470.2	0.000134068
470.3	9.56256e-05
470.4	6.23872e-05
470.5	3.56784e-05
470.6	1.09302e-05
470.7	-9.33896e-06
470.8	-2.63483e-05
470.9	-4.2923e-05
471	-5.9255e-05
471.1	-7.58271e-05
471.2	-9.617e-05
471.3	-0.000114269
471.4	-0.000127888
471.5	-0.000141866
471.6	-0.000156084
471.7	-0.000169073
471.8	-0.000184352
471.9	-0.000202559
472	-0.000219601
472.1	-0.000230071
472.2	-0.000234602
472.3	-0.000236119
472.4	-0.000238059
472.5	-0.000241272
472.6	-0.000246834
472.7	-0.000253626
472.8	-0.000264689
472.9	-0.000278692
473	-0.000293548
473.1	-0.000306614
473.2	-0.00031921
473.3	-0.000336812
473.4	-0.000354118
473.5	-0.000371447
473.6	-0.000383884
473.7	-0.000388632
473.8	-0.000384562
473.9	-0.000373276
474	-0.000360063
474.1	-0.000347408
474.2	-0.000332562
474.3	-0.000315663
474.4	-0.000296912
474.5	-0.000272137
474.6	-0.000240184
474.7	-0.000206308
474.8	-0.000178286
474.9	-0.000151375
475	-0.000127572
475.1	-0.000104531
475.2	-8.25047e-05
475.3	-6.0161e-05
475.4	-3.70596e-05
475.5	-1.59329e-05
475.6	8.02996e-06
475.7	3.41288e-05
475.8	6.10092e-05
475.9	8.57098e-05
476	0.000107875
476.1	0.000126059
476.2	0.000143196
476.3	0.000160102
476.4	0.000178826
476.5	0.000194114
476.6	0.000205506
476.7	0.000213618
476.8	0.000217192
476.9	0.000220125
477	0.000221412
477.1	0.000221442
477.2	0.000217262
477.3	0.000212979
477.4	0.000210618
477.5	0.000209084
477.6	0.000210732
477.7	0.000214041
477.8	0.000221094
477.9	0.000230438
478	0.000241032
478.1	0.000245964
478.2	0.000248028
478.3	0.000243779
478.4	0.000239235
478.5	0.000240912
478.6	0.000248624
478.7	0.000262216
478.8	0.000277889
478.9	0.00029248
479	0.000308179
479.1	0.000325308
479.2	0.000338853
479.3	0.000349071
479.4	0.000359239
479.5	0.000370717
479.6	0.000386759
479.7	0.000405781
479.8	0.000422498
479.9	0.000434331
480	0.000447923
480.1	0.000460778
480.2	0.000471262
480.3	0.000479103
480.4	0.00048723
480.5	0.000494374
480.6	0.000498056
480.7	0.000501282
480.8	0.000500024
480.9	0.000496551
481	0.000495385
481.1	0.000495311
481.2	0.000495696
481.3	0.000500282
481.4	0.000504731
481.5	0.000505622
481.6	0.000503395
481.7	0.000501282
481.8	0.000500707
481.9	0.000496132
482	0.000486179
482.1	0.000474221
482.2	0.000469193
482.3	0.000467126
482.4	0.000466379
482.5	0.000465943
482.6	0.000465831
482.7	0.000462226
482.8	0.000456976
482.9	0.000453063
483	0.000452162
483.1	0.000453158
483.2	0.000456663
483.3	0.00045551
483.4	0.000452458
483.5	0.000445333
483.6	0.000438386
483.7	0.000433552
483.8	0.000431011
483.9	0.000432661
484	0.000433587
484.1	0.000432371
484.2	0.000428858
484.3	0.000418361
484.4	0.000409249
484.5	0.000402188
484.6	0.000394379
484.7	0.000391059
484.8	0.000393204
484.9	0.000395085
485	0.000398315
485.1	0.000398479
485.2	0.000396297
485.3	0.000386727
485.4	0.000374753
485.5	0.000357542
485.6	0.000332376
485.7	0.000302401
485.8	0.000267366
485.9	0.000229964
486	0.000195887
486.1	0.000163068
486.2	0.000127796
486.3	9.14336e-05
486.4	5.59797e-05
486.5	2.28678e-05
486.6	-7.34454e-06
486.7	-3.71576e-05
486.8	-6.34562e-05
486.9	-8.49735e-05
487	-0.000106331
487.1	-0.000124214
487.2	-0.000139268
487.3	-0.000151924
487.4	-0.000167256
487.5	-0.000184207
487.6	-0.000201156
487.7	-0.000219038
487.8	-0.00023815
487.9	-0.000256572
488	-0.000278615
488.1	-0.000301352
488.2	-0.000322681
488.3	-0.000346031
488.4	-0.000368578
488.5	-0.000382582
488.6	-0.000394793
488.7	-0.000405089
488.8	-0.000415113
488.9	-0.000425618
489	-0.000431641
489.1	-0.000433799
489.2	-0.000436072
489.3	-0.000435974
489.4	-0.000431069
489.5	-0.000423997
489.6	-0.000419717
489.7	-0.000419379
489.8	-0.000419644
489.9	-0.000421714
490	-0.000424242
490.1	-0.000428823
490.2	-0.000437111
490.3	-0.000453307
490.4	-0.00046719
490.5	-0.000483575
490.6	-0.000499826
490.7	-0.000517662
490.8	-0.000540764
490.9	-0.000560705
491	-0.00057908
491.1	-0.000598325
491.2	-0.000617311
491.3	-0.000634762
491.4	-0.000654555
491.5	-0.000673441
491.6	-0.00069662
491.7	-0.000723543
491.8	-0.000748439
491.9	-0.000774089
492	-0.000798577
492.1	-0.000822653
492.2	-0.000845528
492.3	-0.000869759
492.4	-0.000896967
492.5	-0.00092295
492.6	-0.000948979
492.7	-0.000973582
492.8	-0.000994242
492.9	-0.0010172
493	-0.00104511
493.1	-0.00106702
493.2	-0.00108694
493.3	-0.0011023
493.4	-0.00111519
493.5	-0.00112771
493.6	-0.0011399
493.7	-0.00115648
493.8	-0.00117746
493.9	-0.00120045
494	-0.00122503
494.1	-0.00125368
494.2	-0.0012795
494.3	-0.00130111
494.4	-0.00131989
494.5	-0.00134016
494.6	-0.00135918
494.7	-0.00137671
494.8	-0.00139425
494.9	-0.00141407
495	-0.00143241
495.1	-0.00145093
495.2	-0.00147146
495.3	-0.00149415
495.4	-0.00151587
495.5	-0.00153764
495.6	-0.00155705
495.7	-0.00157849
495.8	-0.00160468
495.9	-0.00163576
496	-0.00166702
496.1	-0.00170065
496.2	-0.001739
496.3	-0.00178153
496.4	-0.00182432
496.5	-0.00186325
496.6	-0.00189782
496.7	-0.00192673
496.8	-0.00195538
496.9	-0.00197984
497	-0.0020053
497.1	-0.00203031
497.2	-0.00205425
497.3	-0.00207917
497.4	-0.00209535
497.5	-0.00210865
497.6	-0.00212303
497.7	-0.00213595
497.8	-0.00214474
497.9	-0.00215183
498	-0.00215901
498.1	-0.00216459
498.2	-0.00216651
498.3	-0.00216831
498.4	-0.00216581
498.5	-0.00215507
498.6	-0.00213759
498.7	-0.00212068
498.8	-0.00210445
498.9	-0.00208718
499	-0.00207061
499.1	-0.00205675
499.2	-0.0020441
499.3	-0.00203009
499.4	-0.00201464
499.5	-0.00200002
499.6	-0.00198388
499.7	-0.0019671
499.8	-0.00195472
499.9	-0.00194535
500	-0.00193295
