LagTime	Correlation

0	2.12809
0.1	2.12308
0.2	2.11559
0.3	2.10752
0.4	2.09936
0.5	2.09122
0.6	2.08313
0.7	2.07511
0.8	2.06716
0.9	2.05927
1	2.05144
1.1	2.04367
1.2	2.03596
1.3	2.0283
1.4	2.0207
1.5	2.01315
1.6	2.00567
1.7	1.99823
1.8	1.99086
1.9	1.98354
2	1.97629
2.1	1.96909
2.2	1.96193
2.3	1.95483
2.4	1.94779
2.5	1.94079
2.6	1.93384
2.7	1.92695
2.8	1.92011
2.9	1.91332
3	1.90658
3.1	1.89988
3.2	1.89324
3.3	1.88665
3.4	1.8801
3.5	1.87359
3.6	1.86713
3.7	1.86072
3.8	1.85435
3.9	1.84802
4	1.84173
4.1	1.83548
4.2	1.82926
4.3	1.82309
4.4	1.81695
4.5	1.81084
4.6	1.80477
4.7	1.79875
4.8	1.79276
4.9	1.78682
5	1.78092
5.1	1.77505
5.2	1.76921
5.3	1.76341
5.4	1.75764
5.5	1.75191
5.6	1.74621
5.7	1.74054
5.8	1.7349
5.9	1.72929
6	1.72372
6.1	1.71818
6.2	1.71268
6.3	1.70722
6.4	1.70179
6.5	1.69639
6.6	1.69103
6.7	1.6857
6.8	1.68041
6.9	1.67514
7	1.66991
7.1	1.6647
7.2	1.65953
7.3	1.65439
7.4	1.64927
7.5	1.64418
7.6	1.63912
7.7	1.63409
7.8	1.62909
7.9	1.62412
8	1.61917
8.1	1.61425
8.2	1.60935
8.3	1.60448
8.4	1.59964
8.5	1.59482
8.6	1.59004
8.7	1.58529
8.8	1.58056
8.9	1.57585
9	1.57116
9.1	1.56649
9.2	1.56184
9.3	1.55722
9.4	1.55262
9.5	1.54804
9.6	1.54349
9.7	1.53897
9.8	1.53447
9.9	1.52999
10	1.52554
10.1	1.52111
10.2	1.5167
10.3	1.51233
10.4	1.50797
10.5	1.50364
10.6	1.49932
10.7	1.49503
10.8	1.49077
10.9	1.48652
11	1.4823
11.1	1.4781
11.2	1.47392
11.3	1.46976
11.4	1.46562
11.5	1.4615
11.6	1.45739
11.7	1.45331
11.8	1.44925
11.9	1.44521
12	1.44118
12.1	1.43717
12.2	1.43318
12.3	1.42921
12.4	1.42527
12.5	1.42134
12.6	1.41743
12.7	1.41354
12.8	1.40966
12.9	1.40581
13	1.40198
13.1	1.39816
13.2	1.39436
13.3	1.39056
13.4	1.38678
13.5	1.38301
13.6	1.37926
13.7	1.37552
13.8	1.37179
13.9	1.36808
14	1.36438
14.1	1.3607
14.2	1.35704
14.3	1.3534
14.4	1.34978
14.5	1.34616
14.6	1.34257
14.7	1.33899
14.8	1.33543
14.9	1.33188
15	1.32835
15.1	1.32483
15.2	1.32132
15.3	1.31783
15.4	1.31436
15.5	1.31091
15.6	1.30747
15.7	1.30404
15.8	1.30063
15.9	1.29724
16	1.29386
16.1	1.29049
16.2	1.28714
16.3	1.28381
16.4	1.2805
16.5	1.2772
16.6	1.27391
16.7	1.27064
16.8	1.26738
16.9	1.26413
17	1.2609
17.1	1.25767
17.2	1.25446
17.3	1.25126
17.4	1.24807
17.5	1.24489
17.6	1.24173
17.7	1.23859
17.8	1.23546
17.9	1.23235
18	1.22925
18.1	1.22615
18.2	1.22308
18.3	1.22
18.4	1.21695
18.5	1.2139
18.6	1.21086
18.7	1.20784
18.8	1.20483
18.9	1.20183
19	1.19885
19.1	1.19587
19.2	1.19291
19.3	1.18995
19.4	1.18701
19.5	1.18409
19.6	1.18118
19.7	1.17828
19.8	1.17539
19.9	1.17251
20	1.16964
20.1	1.16678
20.2	1.16392
20.3	1.16107
20.4	1.15822
20.5	1.15539
20.6	1.15256
20.7	1.14974
20.8	1.14693
20.9	1.14414
21	1.14135
21.1	1.13858
21.2	1.13581
21.3	1.13306
21.4	1.13031
21.5	1.12758
21.6	1.12486
21.7	1.12214
21.8	1.11943
21.9	1.11674
22	1.11404
22.1	1.11136
22.2	1.10868
22.3	1.106
22.4	1.10334
22.5	1.10068
22.6	1.09803
22.7	1.09539
22.8	1.09277
22.9	1.09015
23	1.08755
23.1	1.08496
23.2	1.08237
23.3	1.0798
23.4	1.07724
23.5	1.07468
23.6	1.07213
23.7	1.06959
23.8	1.06705
23.9	1.06452
24	1.06201
24.1	1.05949
24.2	1.05699
24.3	1.05451
24.4	1.05202
24.5	1.04954
24.6	1.04707
24.7	1.0446
24.8	1.04214
24.9	1.0397
25	1.03725
25.1	1.03482
25.2	1.0324
25.3	1.02998
25.4	1.02757
25.5	1.02517
25.6	1.02277
25.7	1.02037
25.8	1.01798
25.9	1.01559
26	1.01322
26.1	1.01085
26.2	1.00848
26.3	1.00613
26.4	1.00378
26.5	1.00144
26.6	0.999118
26.7	0.996802
26.8	0.994488
26.9	0.992177
27	0.989873
27.1	0.98758
27.2	0.985295
27.3	0.983016
27.4	0.980746
27.5	0.978478
27.6	0.976217
27.7	0.973969
27.8	0.971735
27.9	0.969509
28	0.967286
28.1	0.965062
28.2	0.962841
28.3	0.960623
28.4	0.958417
28.5	0.95622
28.6	0.954034
28.7	0.951859
28.8	0.949694
28.9	0.947539
29	0.945393
29.1	0.943263
29.2	0.941144
29.3	0.939031
29.4	0.936923
29.5	0.934821
29.6	0.932725
29.7	0.930639
29.8	0.92856
29.9	0.926488
30	0.924424
30.1	0.922374
30.2	0.920336
30.3	0.918307
30.4	0.91629
30.5	0.914278
30.6	0.912274
30.7	0.910276
30.8	0.908282
30.9	0.906292
31	0.904307
31.1	0.90233
31.2	0.900361
31.3	0.898397
31.4	0.896439
31.5	0.894488
31.6	0.892539
31.7	0.890596
31.8	0.88866
31.9	0.886729
32	0.884805
32.1	0.882881
32.2	0.880959
32.3	0.879033
32.4	0.877109
32.5	0.875194
32.6	0.873286
32.7	0.871378
32.8	0.869474
32.9	0.867575
33	0.865682
33.1	0.863796
33.2	0.861914
33.3	0.860036
33.4	0.858163
33.5	0.856297
33.6	0.854434
33.7	0.85257
33.8	0.850702
33.9	0.848833
34	0.84696
34.1	0.845086
34.2	0.843214
34.3	0.841347
34.4	0.839485
34.5	0.837631
34.6	0.835786
34.7	0.833946
34.8	0.832109
34.9	0.830277
35	0.828458
35.1	0.826645
35.2	0.824838
35.3	0.823034
35.4	0.821233
35.5	0.819432
35.6	0.817636
35.7	0.815843
35.8	0.814056
35.9	0.812272
36	0.810491
36.1	0.808714
36.2	0.806942
36.3	0.805179
36.4	0.803418
36.5	0.801664
36.6	0.799911
36.7	0.798162
36.8	0.796415
36.9	0.794668
37	0.792923
37.1	0.791177
37.2	0.789434
37.3	0.787696
37.4	0.785968
37.5	0.784244
37.6	0.78252
37.7	0.780795
37.8	0.779078
37.9	0.777368
38	0.775659
38.1	0.773958
38.2	0.772261
38.3	0.77056
38.4	0.768864
38.5	0.767174
38.6	0.765492
38.7	0.763817
38.8	0.762145
38.9	0.760472
39	0.758802
39.1	0.75714
39.2	0.755486
39.3	0.753837
39.4	0.752195
39.5	0.750559
39.6	0.74893
39.7	0.747308
39.8	0.745687
39.9	0.74407
40	0.742459
40.1	0.740851
40.2	0.739243
40.3	0.737634
40.4	0.736031
40.5	0.734437
40.6	0.732851
40.7	0.731271
40.8	0.729695
40.9	0.72812
41	0.726552
41.1	0.724986
41.2	0.723422
41.3	0.721867
41.4	0.72032
41.5	0.718775
41.6	0.717233
41.7	0.715698
41.8	0.714169
41.9	0.712642
42	0.711118
42.1	0.709596
42.2	0.708083
42.3	0.706575
42.4	0.705071
42.5	0.703566
42.6	0.702062
42.7	0.700566
42.8	0.699072
42.9	0.697579
43	0.696087
43.1	0.694598
43.2	0.693113
43.3	0.69164
43.4	0.690171
43.5	0.688703
43.6	0.687234
43.7	0.685765
43.8	0.6843
43.9	0.682838
44	0.681378
44.1	0.679921
44.2	0.678468
44.3	0.677016
44.4	0.675567
44.5	0.674128
44.6	0.672699
44.7	0.671275
44.8	0.669855
44.9	0.668441
45	0.667036
45.1	0.665639
45.2	0.664252
45.3	0.662866
45.4	0.661477
45.5	0.660089
45.6	0.658705
45.7	0.657329
45.8	0.655957
45.9	0.654585
46	0.653212
46.1	0.651842
46.2	0.650473
46.3	0.649106
46.4	0.647741
46.5	0.646373
46.6	0.645002
46.7	0.643636
46.8	0.642277
46.9	0.640921
47	0.639567
47.1	0.638216
47.2	0.636864
47.3	0.635509
47.4	0.634152
47.5	0.632791
47.6	0.631428
47.7	0.630065
47.8	0.628704
47.9	0.627348
48	0.625998
48.1	0.624656
48.2	0.623319
48.3	0.621982
48.4	0.620655
48.5	0.619341
48.6	0.618034
48.7	0.616738
48.8	0.615449
48.9	0.614162
49	0.612876
49.1	0.611592
49.2	0.61031
49.3	0.609036
49.4	0.607768
49.5	0.606504
49.6	0.605244
49.7	0.603986
49.8	0.602726
49.9	0.60146
50	0.600192
50.1	0.598927
50.2	0.597663
50.3	0.596402
50.4	0.59514
50.5	0.593882
50.6	0.592632
50.7	0.591383
50.8	0.590135
50.9	0.588892
51	0.58765
51.1	0.586409
51.2	0.58517
51.3	0.583934
51.4	0.582703
51.5	0.581475
51.6	0.580242
51.7	0.579015
51.8	0.577792
51.9	0.576567
52	0.575342
52.1	0.574124
52.2	0.572905
52.3	0.571689
52.4	0.570475
52.5	0.569258
52.6	0.568046
52.7	0.566838
52.8	0.565636
52.9	0.564437
53	0.563243
53.1	0.562054
53.2	0.560869
53.3	0.559686
53.4	0.558504
53.5	0.557323
53.6	0.556138
53.7	0.554953
53.8	0.553775
53.9	0.552602
54	0.551436
54.1	0.550274
54.2	0.549111
54.3	0.547952
54.4	0.546796
54.5	0.545643
54.6	0.54449
54.7	0.543339
54.8	0.542192
54.9	0.541044
55	0.539897
55.1	0.538747
55.2	0.537591
55.3	0.536437
55.4	0.535289
55.5	0.534145
55.6	0.533004
55.7	0.531867
55.8	0.530737
55.9	0.529611
56	0.528485
56.1	0.527355
56.2	0.526231
56.3	0.525111
56.4	0.523997
56.5	0.522887
56.6	0.521779
56.7	0.520675
56.8	0.51957
56.9	0.518461
57	0.517349
57.1	0.516239
57.2	0.515134
57.3	0.514037
57.4	0.512949
57.5	0.511873
57.6	0.510805
57.7	0.509743
57.8	0.508684
57.9	0.507621
58	0.506554
58.1	0.505485
58.2	0.504417
58.3	0.503355
58.4	0.5023
58.5	0.501245
58.6	0.500193
58.7	0.499144
58.8	0.498102
58.9	0.497065
59	0.49603
59.1	0.494992
59.2	0.493958
59.3	0.492928
59.4	0.491898
59.5	0.490868
59.6	0.489839
59.7	0.488814
59.8	0.487787
59.9	0.486765
60	0.485746
60.1	0.484729
60.2	0.483715
60.3	0.482705
60.4	0.481703
60.5	0.480707
60.6	0.479714
60.7	0.478725
60.8	0.477743
60.9	0.476764
61	0.475786
61.1	0.47481
61.2	0.473838
61.3	0.472867
61.4	0.471894
61.5	0.47092
61.6	0.469945
61.7	0.468967
61.8	0.467989
61.9	0.46701
62	0.46603
62.1	0.465049
62.2	0.464072
62.3	0.463098
62.4	0.46212
62.5	0.46114
62.6	0.460161
62.7	0.459191
62.8	0.458228
62.9	0.457267
63	0.456301
63.1	0.455331
63.2	0.454359
63.3	0.453379
63.4	0.452392
63.5	0.451407
63.6	0.450425
63.7	0.449446
63.8	0.448478
63.9	0.447515
64	0.446558
64.1	0.445606
64.2	0.444661
64.3	0.443722
64.4	0.442787
64.5	0.441855
64.6	0.440924
64.7	0.439997
64.8	0.439076
64.9	0.438158
65	0.437245
65.1	0.436337
65.2	0.435432
65.3	0.43453
65.4	0.433631
65.5	0.432738
65.6	0.431846
65.7	0.430955
65.8	0.430064
65.9	0.42917
66	0.428276
66.1	0.427386
66.2	0.426503
66.3	0.425628
66.4	0.424756
66.5	0.42389
66.6	0.423024
66.7	0.42216
66.8	0.421296
66.9	0.420429
67	0.419563
67.1	0.4187
67.2	0.417841
67.3	0.416984
67.4	0.41613
67.5	0.415277
67.6	0.414428
67.7	0.413584
67.8	0.412745
67.9	0.411909
68	0.411073
68.1	0.410235
68.2	0.409399
68.3	0.408565
68.4	0.407739
68.5	0.406919
68.6	0.40611
68.7	0.405304
68.8	0.404504
68.9	0.403707
69	0.402912
69.1	0.402119
69.2	0.401328
69.3	0.400537
69.4	0.399748
69.5	0.398958
69.6	0.398173
69.7	0.397392
69.8	0.396614
69.9	0.39584
70	0.39507
70.1	0.394303
70.2	0.393541
70.3	0.392778
70.4	0.392014
70.5	0.39125
70.6	0.390486
70.7	0.389724
70.8	0.388962
70.9	0.388199
71	0.387431
71.1	0.386665
71.2	0.385901
71.3	0.385135
71.4	0.384362
71.5	0.38359
71.6	0.382824
71.7	0.382062
71.8	0.381304
71.9	0.380542
72	0.379777
72.1	0.379013
72.2	0.378254
72.3	0.377498
72.4	0.376745
72.5	0.37599
72.6	0.375235
72.7	0.374476
72.8	0.373719
72.9	0.372961
73	0.372205
73.1	0.371452
73.2	0.370702
73.3	0.369956
73.4	0.369216
73.5	0.368477
73.6	0.367741
73.7	0.367009
73.8	0.366283
73.9	0.365559
74	0.364839
74.1	0.364121
74.2	0.363403
74.3	0.36268
74.4	0.361957
74.5	0.361237
74.6	0.360522
74.7	0.359803
74.8	0.35908
74.9	0.35835
75	0.357614
75.1	0.356877
75.2	0.356137
75.3	0.355392
75.4	0.354652
75.5	0.353918
75.6	0.353189
75.7	0.352465
75.8	0.351737
75.9	0.351007
76	0.35028
76.1	0.349557
76.2	0.348837
76.3	0.34812
76.4	0.347402
76.5	0.346682
76.6	0.345963
76.7	0.345243
76.8	0.344521
76.9	0.343802
77	0.343086
77.1	0.342374
77.2	0.341663
77.3	0.340949
77.4	0.340237
77.5	0.339529
77.6	0.338819
77.7	0.338104
77.8	0.337386
77.9	0.336672
78	0.335961
78.1	0.335252
78.2	0.334547
78.3	0.333844
78.4	0.333146
78.5	0.33245
78.6	0.331755
78.7	0.331063
78.8	0.33038
78.9	0.329702
79	0.329025
79.1	0.328346
79.2	0.327666
79.3	0.326982
79.4	0.326296
79.5	0.325613
79.6	0.32493
79.7	0.324247
79.8	0.323563
79.9	0.322883
80	0.322206
80.1	0.321526
80.2	0.320848
80.3	0.320172
80.4	0.319498
80.5	0.318824
80.6	0.318155
80.7	0.317486
80.8	0.316818
80.9	0.316148
81	0.315477
81.1	0.314811
81.2	0.314145
81.3	0.313483
81.4	0.312824
81.5	0.312164
81.6	0.311504
81.7	0.310846
81.8	0.31019
81.9	0.309536
82	0.308879
82.1	0.308221
82.2	0.307567
82.3	0.306919
82.4	0.306269
82.5	0.305626
82.6	0.304984
82.7	0.304347
82.8	0.303712
82.9	0.303079
83	0.302446
83.1	0.301814
83.2	0.301187
83.3	0.300564
83.4	0.299947
83.5	0.299331
83.6	0.298719
83.7	0.298113
83.8	0.297507
83.9	0.296903
84	0.296302
84.1	0.295704
84.2	0.295099
84.3	0.29449
84.4	0.293882
84.5	0.293277
84.6	0.292674
84.7	0.292075
84.8	0.291475
84.9	0.290872
85	0.29027
85.1	0.289669
85.2	0.289069
85.3	0.288469
85.4	0.287864
85.5	0.287257
85.6	0.286647
85.7	0.286034
85.8	0.285422
85.9	0.284815
86	0.284209
86.1	0.283605
86.2	0.283003
86.3	0.282398
86.4	0.281795
86.5	0.281194
86.6	0.280595
86.7	0.279997
86.8	0.279402
86.9	0.278815
87	0.278234
87.1	0.277653
87.2	0.277073
87.3	0.276496
87.4	0.27592
87.5	0.275343
87.6	0.274763
87.7	0.274186
87.8	0.273612
87.9	0.273038
88	0.272463
88.1	0.271894
88.2	0.271327
88.3	0.270758
88.4	0.270188
88.5	0.269619
88.6	0.26905
88.7	0.268485
88.8	0.267923
88.9	0.267365
89	0.266805
89.1	0.266243
89.2	0.265686
89.3	0.265136
89.4	0.264589
89.5	0.264046
89.6	0.263505
89.7	0.262965
89.8	0.262425
89.9	0.261881
90	0.261331
90.1	0.260779
90.2	0.260226
90.3	0.259671
90.4	0.259115
90.5	0.258563
90.6	0.258011
90.7	0.257458
90.8	0.256907
90.9	0.256353
91	0.255796
91.1	0.255239
91.2	0.254687
91.3	0.254135
91.4	0.253581
91.5	0.253029
91.6	0.25248
91.7	0.251933
91.8	0.251385
91.9	0.250843
92	0.250307
92.1	0.249775
92.2	0.24925
92.3	0.248728
92.4	0.248216
92.5	0.247713
92.6	0.247216
92.7	0.246722
92.8	0.246233
92.9	0.245744
93	0.245257
93.1	0.244771
93.2	0.244287
93.3	0.243802
93.4	0.243316
93.5	0.242837
93.6	0.242362
93.7	0.241888
93.8	0.241415
93.9	0.240943
94	0.240475
94.1	0.240006
94.2	0.239539
94.3	0.239075
94.4	0.238616
94.5	0.238157
94.6	0.2377
94.7	0.23724
94.8	0.236781
94.9	0.236325
95	0.235867
95.1	0.235408
95.2	0.234946
95.3	0.234486
95.4	0.234029
95.5	0.233572
95.6	0.233114
95.7	0.232659
95.8	0.232203
95.9	0.231746
96	0.231287
96.1	0.23083
96.2	0.230371
96.3	0.22991
96.4	0.229447
96.5	0.228986
96.6	0.22853
96.7	0.228076
96.8	0.227621
96.9	0.227162
97	0.226698
97.1	0.226229
97.2	0.22576
97.3	0.225294
97.4	0.224833
97.5	0.224378
97.6	0.223927
97.7	0.223476
97.8	0.223026
97.9	0.222578
98	0.222127
98.1	0.221666
98.2	0.221201
98.3	0.220736
98.4	0.220271
98.5	0.219806
98.6	0.219342
98.7	0.218877
98.8	0.218412
98.9	0.217947
99	0.217488
99.1	0.217035
99.2	0.216585
99.3	0.216139
99.4	0.215691
99.5	0.215244
99.6	0.214797
99.7	0.214352
99.8	0.213911
99.9	0.213474
100	0.213037
100.1	0.212596
100.2	0.212153
100.3	0.211708
100.4	0.211262
100.5	0.210817
100.6	0.210375
100.7	0.209936
100.8	0.209497
100.9	0.209068
101	0.208646
101.1	0.208228
101.2	0.207809
101.3	0.207393
101.4	0.206981
101.5	0.206572
101.6	0.206166
101.7	0.205762
101.8	0.205357
101.9	0.204949
102	0.204533
102.1	0.204112
102.2	0.203689
102.3	0.203264
102.4	0.202838
102.5	0.202414
102.6	0.201992
102.7	0.20157
102.8	0.201151
102.9	0.200736
103	0.200327
103.1	0.199921
103.2	0.199518
103.3	0.199113
103.4	0.1987
103.5	0.19829
103.6	0.197881
103.7	0.19747
103.8	0.197058
103.9	0.196645
104	0.196232
104.1	0.195817
104.2	0.195396
104.3	0.194969
104.4	0.194538
104.5	0.194106
104.6	0.193674
104.7	0.193245
104.8	0.192813
104.9	0.192377
105	0.191941
105.1	0.191502
105.2	0.19106
105.3	0.190611
105.4	0.190161
105.5	0.189709
105.6	0.189261
105.7	0.188812
105.8	0.188362
105.9	0.187912
106	0.187465
106.1	0.187019
106.2	0.186574
106.3	0.186127
106.4	0.185683
106.5	0.185243
106.6	0.184807
106.7	0.184373
106.8	0.183934
106.9	0.183494
107	0.183054
107.1	0.182619
107.2	0.182188
107.3	0.181756
107.4	0.181328
107.5	0.180906
107.6	0.180492
107.7	0.180087
107.8	0.179686
107.9	0.179282
108	0.178879
108.1	0.178478
108.2	0.178077
108.3	0.177675
108.4	0.177274
108.5	0.17687
108.6	0.176465
108.7	0.176062
108.8	0.175656
108.9	0.175249
109	0.174845
109.1	0.174442
109.2	0.174037
109.3	0.173634
109.4	0.173229
109.5	0.172829
109.6	0.172428
109.7	0.172028
109.8	0.171628
109.9	0.171228
110	0.170827
110.1	0.170425
110.2	0.170022
110.3	0.16962
110.4	0.169222
110.5	0.168824
110.6	0.168423
110.7	0.168018
110.8	0.167608
110.9	0.167195
111	0.166783
111.1	0.166377
111.2	0.165971
111.3	0.165566
111.4	0.165167
111.5	0.16477
111.6	0.164373
111.7	0.163974
111.8	0.163579
111.9	0.163187
112	0.162801
112.1	0.16242
112.2	0.162045
112.3	0.161671
112.4	0.161302
112.5	0.160935
112.6	0.160571
112.7	0.16021
112.8	0.159848
112.9	0.159486
113	0.159125
113.1	0.158765
113.2	0.158406
113.3	0.158045
113.4	0.157688
113.5	0.157331
113.6	0.156975
113.7	0.156622
113.8	0.156272
113.9	0.155926
114	0.155584
114.1	0.155242
114.2	0.154899
114.3	0.154553
114.4	0.154208
114.5	0.15386
114.6	0.153513
114.7	0.15317
114.8	0.152835
114.9	0.152505
115	0.152182
115.1	0.151866
115.2	0.151552
115.3	0.151244
115.4	0.150935
115.5	0.150629
115.6	0.150327
115.7	0.150027
115.8	0.149729
115.9	0.149435
116	0.149148
116.1	0.148867
116.2	0.148594
116.3	0.14832
116.4	0.148044
116.5	0.147768
116.6	0.147495
116.7	0.147222
116.8	0.146949
116.9	0.146684
117	0.146424
117.1	0.146169
117.2	0.145917
117.3	0.145669
117.4	0.145417
117.5	0.145163
117.6	0.144913
117.7	0.144668
117.8	0.144421
117.9	0.144173
118	0.143921
118.1	0.143665
118.2	0.14341
118.3	0.143153
118.4	0.142895
118.5	0.142637
118.6	0.14238
118.7	0.142124
118.8	0.141866
118.9	0.141604
119	0.141348
119.1	0.141094
119.2	0.14084
119.3	0.140585
119.4	0.14033
119.5	0.140075
119.6	0.13982
119.7	0.139567
119.8	0.139317
119.9	0.139065
120	0.138813
120.1	0.138557
120.2	0.138302
120.3	0.138049
120.4	0.137794
120.5	0.137545
120.6	0.1373
120.7	0.137056
120.8	0.136813
120.9	0.136572
121	0.136339
121.1	0.136109
121.2	0.135876
121.3	0.13564
121.4	0.1354
121.5	0.13516
121.6	0.134917
121.7	0.134671
121.8	0.134423
121.9	0.134179
122	0.133934
122.1	0.133686
122.2	0.133435
122.3	0.133185
122.4	0.132933
122.5	0.132681
122.6	0.13243
122.7	0.132174
122.8	0.131914
122.9	0.131656
123	0.131398
123.1	0.131142
123.2	0.130884
123.3	0.130628
123.4	0.130369
123.5	0.130103
123.6	0.129839
123.7	0.129573
123.8	0.129308
123.9	0.129045
124	0.128785
124.1	0.128533
124.2	0.12829
124.3	0.128053
124.4	0.127821
124.5	0.127588
124.6	0.127352
124.7	0.127116
124.8	0.126874
124.9	0.12663
125	0.12638
125.1	0.126129
125.2	0.125881
125.3	0.125634
125.4	0.125384
125.5	0.125133
125.6	0.124876
125.7	0.124622
125.8	0.124365
125.9	0.124109
126	0.123853
126.1	0.123596
126.2	0.123337
126.3	0.123074
126.4	0.122812
126.5	0.122551
126.6	0.12229
126.7	0.122031
126.8	0.121776
126.9	0.121525
127	0.121274
127.1	0.121018
127.2	0.120759
127.3	0.120502
127.4	0.120252
127.5	0.12001
127.6	0.119766
127.7	0.11952
127.8	0.119273
127.9	0.119024
128	0.118772
128.1	0.118521
128.2	0.11827
128.3	0.118021
128.4	0.117776
128.5	0.117532
128.6	0.117294
128.7	0.117064
128.8	0.116833
128.9	0.1166
129	0.116364
129.1	0.11613
129.2	0.115897
129.3	0.115668
129.4	0.115445
129.5	0.115223
129.6	0.114999
129.7	0.114776
129.8	0.114552
129.9	0.114327
130	0.1141
130.1	0.113869
130.2	0.113638
130.3	0.11341
130.4	0.113185
130.5	0.112954
130.6	0.11272
130.7	0.112488
130.8	0.112254
130.9	0.112022
131	0.111793
131.1	0.111568
131.2	0.111349
131.3	0.111129
131.4	0.110909
131.5	0.110689
131.6	0.110472
131.7	0.110256
131.8	0.110041
131.9	0.109826
132	0.109612
132.1	0.109397
132.2	0.109179
132.3	0.108958
132.4	0.108737
132.5	0.108514
132.6	0.10829
132.7	0.108065
132.8	0.10784
132.9	0.107614
133	0.107388
133.1	0.107161
133.2	0.106935
133.3	0.106705
133.4	0.106472
133.5	0.106238
133.6	0.106006
133.7	0.105775
133.8	0.105545
133.9	0.105317
134	0.105087
134.1	0.104852
134.2	0.104616
134.3	0.104384
134.4	0.104148
134.5	0.103909
134.6	0.103668
134.7	0.10343
134.8	0.10319
134.9	0.102947
135	0.102703
135.1	0.102456
135.2	0.102209
135.3	0.101957
135.4	0.101701
135.5	0.101444
135.6	0.10119
135.7	0.100939
135.8	0.100689
135.9	0.100437
136	0.100183
136.1	0.0999272
136.2	0.0996699
136.3	0.0994122
136.4	0.0991489
136.5	0.0988812
136.6	0.0986102
136.7	0.098332
136.8	0.0980537
136.9	0.0977779
137	0.0974996
137.1	0.0972196
137.2	0.096936
137.3	0.0966451
137.4	0.0963477
137.5	0.0960514
137.6	0.0957592
137.7	0.0954722
137.8	0.0951874
137.9	0.0949032
138	0.094614
138.1	0.0943227
138.2	0.094034
138.3	0.0937468
138.4	0.093463
138.5	0.0931794
138.6	0.092893
138.7	0.0926034
138.8	0.092312
138.9	0.0920131
139	0.091709
139.1	0.0914013
139.2	0.0910928
139.3	0.0907855
139.4	0.0904806
139.5	0.0901842
139.6	0.0898929
139.7	0.0896035
139.8	0.0893174
139.9	0.0890341
140	0.0887527
140.1	0.0884695
140.2	0.0881876
140.3	0.0879094
140.4	0.0876331
140.5	0.0873574
140.6	0.0870818
140.7	0.0868048
140.8	0.0865283
140.9	0.0862536
141	0.0859781
141.1	0.0856975
141.2	0.0854166
141.3	0.085134
141.4	0.0848469
141.5	0.0845591
141.6	0.084272
141.7	0.0839887
141.8	0.0837116
141.9	0.0834415
142	0.0831729
142.1	0.0829055
142.2	0.0826476
142.3	0.0823968
142.4	0.0821571
142.5	0.081925
142.6	0.0816996
142.7	0.0814806
142.8	0.0812658
142.9	0.0810524
143	0.0808419
143.1	0.0806312
143.2	0.080421
143.3	0.0802064
143.4	0.0799909
143.5	0.0797797
143.6	0.0795717
143.7	0.0793634
143.8	0.0791576
143.9	0.0789534
144	0.0787538
144.1	0.0785572
144.2	0.0783615
144.3	0.0781645
144.4	0.0779667
144.5	0.0777696
144.6	0.077572
144.7	0.077379
144.8	0.0771888
144.9	0.0770017
145	0.0768114
145.1	0.0766211
145.2	0.0764279
145.3	0.0762305
145.4	0.0760327
145.5	0.0758346
145.6	0.0756395
145.7	0.0754436
145.8	0.075245
145.9	0.0750494
146	0.0748564
146.1	0.0746635
146.2	0.0744712
146.3	0.0742813
146.4	0.0740924
146.5	0.0739048
146.6	0.0737243
146.7	0.0735517
146.8	0.0733821
146.9	0.073213
147	0.0730439
147.1	0.0728736
147.2	0.0727026
147.3	0.0725345
147.4	0.0723706
147.5	0.072208
147.6	0.0720541
147.7	0.0719106
147.8	0.0717732
147.9	0.0716337
148	0.0714894
148.1	0.0713461
148.2	0.0712048
148.3	0.0710667
148.4	0.0709319
148.5	0.0708004
148.6	0.0706688
148.7	0.0705322
148.8	0.0703884
148.9	0.0702411
149	0.0700918
149.1	0.0699448
149.2	0.0698024
149.3	0.0696577
149.4	0.0695101
149.5	0.0693605
149.6	0.0692114
149.7	0.0690605
149.8	0.0689108
149.9	0.0687644
150	0.0686152
150.1	0.0684673
150.2	0.0683169
150.3	0.068169
150.4	0.0680226
150.5	0.0678768
150.6	0.0677318
150.7	0.0675915
150.8	0.0674536
150.9	0.067317
151	0.0671744
151.1	0.0670327
151.2	0.0668904
151.3	0.0667441
151.4	0.0665952
151.5	0.0664452
151.6	0.0662972
151.7	0.066149
151.8	0.0660036
151.9	0.0658606
152	0.0657137
152.1	0.0655544
152.2	0.0653902
152.3	0.0652242
152.4	0.06506
152.5	0.0649015
152.6	0.0647505
152.7	0.0646012
152.8	0.064451
152.9	0.0643037
153	0.064162
153.1	0.0640191
153.2	0.0638747
153.3	0.0637312
153.4	0.0635876
153.5	0.0634417
153.6	0.0632918
153.7	0.0631411
153.8	0.0629974
153.9	0.0628551
154	0.0627153
154.1	0.0625803
154.2	0.0624482
154.3	0.0623184
154.4	0.0621896
154.5	0.0620613
154.6	0.0619332
154.7	0.061805
154.8	0.0616788
154.9	0.06155
155	0.0614225
155.1	0.0612973
155.2	0.061176
155.3	0.0610592
155.4	0.0609469
155.5	0.0608348
155.6	0.060719
155.7	0.060602
155.8	0.0604857
155.9	0.0603674
156	0.0602471
156.1	0.0601281
156.2	0.0600067
156.3	0.0598839
156.4	0.0597588
156.5	0.0596364
156.6	0.0595153
156.7	0.0594001
156.8	0.0592885
156.9	0.0591712
157	0.0590487
157.1	0.0589251
157.2	0.0588001
157.3	0.0586751
157.4	0.0585487
157.5	0.0584214
157.6	0.0582914
157.7	0.0581585
157.8	0.0580259
157.9	0.0578921
158	0.0577586
158.1	0.0576292
158.2	0.0575023
158.3	0.0573791
158.4	0.0572576
158.5	0.0571336
158.6	0.0570079
158.7	0.0568788
158.8	0.0567523
158.9	0.0566274
159	0.0565021
159.1	0.0563746
159.2	0.056244
159.3	0.0561097
159.4	0.0559742
159.5	0.0558408
159.6	0.0557087
159.7	0.0555838
159.8	0.0554628
159.9	0.0553463
160	0.05523
160.1	0.0551124
160.2	0.0549921
160.3	0.0548716
160.4	0.0547537
160.5	0.0546407
160.6	0.0545282
160.7	0.0544143
160.8	0.0542976
160.9	0.0541746
161	0.0540502
161.1	0.0539299
161.2	0.0538128
161.3	0.0536938
161.4	0.0535721
161.5	0.0534453
161.6	0.053321
161.7	0.0531957
161.8	0.0530714
161.9	0.0529499
162	0.0528253
162.1	0.0526964
162.2	0.0525663
162.3	0.0524387
162.4	0.0523086
162.5	0.0521786
162.6	0.0520459
162.7	0.0519112
162.8	0.0517748
162.9	0.051639
163	0.0515072
163.1	0.0513805
163.2	0.051257
163.3	0.0511397
163.4	0.0510242
163.5	0.0509115
163.6	0.0507941
163.7	0.0506743
163.8	0.0505569
163.9	0.0504402
164	0.05032
164.1	0.0501965
164.2	0.0500723
164.3	0.0499491
164.4	0.0498295
164.5	0.0497108
164.6	0.0495936
164.7	0.0494826
164.8	0.0493711
164.9	0.0492571
165	0.0491389
165.1	0.0490186
165.2	0.0488974
165.3	0.0487806
165.4	0.0486663
165.5	0.0485539
165.6	0.048444
165.7	0.0483331
165.8	0.0482238
165.9	0.0481216
166	0.048022
166.1	0.0479231
166.2	0.0478281
166.3	0.0477316
166.4	0.047637
166.5	0.04754
166.6	0.0474414
166.7	0.0473397
166.8	0.0472352
166.9	0.0471228
167	0.0470052
167.1	0.0468848
167.2	0.0467595
167.3	0.0466309
167.4	0.046499
167.5	0.0463648
167.6	0.0462334
167.7	0.0461022
167.8	0.0459734
167.9	0.0458468
168	0.0457256
168.1	0.0456081
168.2	0.0454909
168.3	0.0453713
168.4	0.0452532
168.5	0.0451375
168.6	0.0450227
168.7	0.044913
168.8	0.0448049
168.9	0.044703
169	0.0446049
169.1	0.0445089
169.2	0.044414
169.3	0.0443137
169.4	0.044213
169.5	0.0441125
169.6	0.044009
169.7	0.0439072
169.8	0.0438124
169.9	0.0437172
170	0.043619
170.1	0.0435169
170.2	0.043414
170.3	0.0433144
170.4	0.0432151
170.5	0.0431172
170.6	0.0430171
170.7	0.0429217
170.8	0.042833
170.9	0.0427473
171	0.0426675
171.1	0.0425929
171.2	0.0425138
171.3	0.0424281
171.4	0.0423369
171.5	0.0422448
171.6	0.042152
171.7	0.0420647
171.8	0.0419831
171.9	0.0419055
172	0.0418284
172.1	0.0417541
172.2	0.0416788
172.3	0.0416013
172.4	0.0415221
172.5	0.0414464
172.6	0.0413763
172.7	0.0413124
172.8	0.0412538
172.9	0.0411908
173	0.0411246
173.1	0.0410572
173.2	0.0409922
173.3	0.0409233
173.4	0.0408536
173.5	0.0407878
173.6	0.0407249
173.7	0.0406634
173.8	0.0406054
173.9	0.0405504
174	0.0404939
174.1	0.0404365
174.2	0.0403775
174.3	0.0403141
174.4	0.0402526
174.5	0.040191
174.6	0.0401318
174.7	0.040077
174.8	0.0400199
174.9	0.0399588
175	0.0398945
175.1	0.0398226
175.2	0.0397405
175.3	0.0396538
175.4	0.0395667
175.5	0.0394864
175.6	0.039412
175.7	0.0393434
175.8	0.0392759
175.9	0.0392079
176	0.0391398
176.1	0.0390658
176.2	0.0389876
176.3	0.0389124
176.4	0.0388366
176.5	0.0387598
176.6	0.0386835
176.7	0.0386101
176.8	0.0385395
176.9	0.0384708
177	0.0384056
177.1	0.0383409
177.2	0.0382742
177.3	0.0382062
177.4	0.038139
177.5	0.038076
177.6	0.0380124
177.7	0.037948
177.8	0.0378834
177.9	0.0378173
178	0.0377515
178.1	0.0376875
178.2	0.0376258
178.3	0.0375657
178.4	0.0375073
178.5	0.0374525
178.6	0.0373953
178.7	0.037338
178.8	0.0372802
178.9	0.0372193
179	0.0371612
179.1	0.0371083
179.2	0.0370635
179.3	0.0370202
179.4	0.036975
179.5	0.0369297
179.6	0.0368799
179.7	0.0368274
179.8	0.0367753
179.9	0.036723
180	0.0366709
180.1	0.0366143
180.2	0.0365504
180.3	0.036484
180.4	0.0364167
180.5	0.036354
180.6	0.0362938
180.7	0.0362317
180.8	0.0361647
180.9	0.0360901
181	0.0360096
181.1	0.035932
181.2	0.0358538
181.3	0.0357757
181.4	0.0356974
181.5	0.035619
181.6	0.0355406
181.7	0.0354653
181.8	0.0353937
181.9	0.035327
182	0.0352631
182.1	0.035202
182.2	0.0351419
182.3	0.0350825
182.4	0.0350173
182.5	0.0349418
182.6	0.0348635
182.7	0.0347777
182.8	0.0346919
182.9	0.0346058
183	0.0345201
183.1	0.0344379
183.2	0.0343583
183.3	0.0342792
183.4	0.0341982
183.5	0.0341142
183.6	0.0340321
183.7	0.0339544
183.8	0.0338779
183.9	0.033804
184	0.0337282
184.1	0.0336587
184.2	0.0335953
184.3	0.0335308
184.4	0.0334671
184.5	0.0334018
184.6	0.0333323
184.7	0.0332629
184.8	0.0331919
184.9	0.0331229
185	0.033054
185.1	0.032988
185.2	0.0329275
185.3	0.0328691
185.4	0.0328113
185.5	0.0327557
185.6	0.032699
185.7	0.032646
185.8	0.0325903
185.9	0.0325308
186	0.0324662
186.1	0.0324004
186.2	0.0323321
186.3	0.0322613
186.4	0.0321891
186.5	0.0321127
186.6	0.0320363
186.7	0.0319574
186.8	0.0318794
186.9	0.0318012
187	0.0317183
187.1	0.031633
187.2	0.0315502
187.3	0.0314701
187.4	0.0313945
187.5	0.0313203
187.6	0.0312454
187.7	0.0311704
187.8	0.0310992
187.9	0.0310281
188	0.0309626
188.1	0.0309
188.2	0.0308387
188.3	0.0307774
188.4	0.0307179
188.5	0.0306604
188.6	0.0306022
188.7	0.0305439
188.8	0.030485
188.9	0.030432
189	0.0303827
189.1	0.0303353
189.2	0.0302884
189.3	0.0302467
189.4	0.0302031
189.5	0.0301596
189.6	0.030112
189.7	0.0300651
189.8	0.0300169
189.9	0.0299683
190	0.0299194
190.1	0.0298708
190.2	0.0298244
190.3	0.0297798
190.4	0.0297361
190.5	0.029696
190.6	0.0296605
190.7	0.0296238
190.8	0.0295872
190.9	0.0295569
191	0.0295295
191.1	0.0295014
191.2	0.0294734
191.3	0.0294466
191.4	0.029415
191.5	0.0293769
191.6	0.0293358
191.7	0.0292949
191.8	0.029259
191.9	0.0292259
192	0.029193
192.1	0.0291597
192.2	0.0291273
192.3	0.0290978
192.4	0.0290748
192.5	0.0290582
192.6	0.029049
192.7	0.029043
192.8	0.0290396
192.9	0.0290363
193	0.0290358
193.1	0.0290405
193.2	0.0290467
193.3	0.029052
193.4	0.029058
193.5	0.0290674
193.6	0.0290814
193.7	0.0290978
193.8	0.0291125
193.9	0.02913
194	0.0291503
194.1	0.0291749
194.2	0.0292017
194.3	0.029231
194.4	0.029264
194.5	0.029294
194.6	0.02932
194.7	0.0293437
194.8	0.0293631
194.9	0.0293812
195	0.0294008
195.1	0.0294204
195.2	0.0294429
195.3	0.0294711
195.4	0.0295022
195.5	0.0295347
195.6	0.0295664
195.7	0.0295945
195.8	0.0296209
195.9	0.0296476
196	0.0296763
196.1	0.0297085
196.2	0.0297441
196.3	0.0297817
196.4	0.0298198
196.5	0.029858
196.6	0.0298971
196.7	0.0299345
196.8	0.0299746
196.9	0.0300147
197	0.0300589
197.1	0.0301018
197.2	0.0301452
197.3	0.0301889
197.4	0.0302344
197.5	0.0302789
197.6	0.0303119
197.7	0.0303412
197.8	0.0303711
197.9	0.0304039
198	0.0304444
198.1	0.0304846
198.2	0.0305251
198.3	0.0305605
198.4	0.0305893
198.5	0.0306133
198.6	0.0306367
198.7	0.0306562
198.8	0.0306735
198.9	0.0306944
199	0.0307149
199.1	0.0307335
199.2	0.0307512
199.3	0.03077
199.4	0.0307927
199.5	0.0308231
199.6	0.0308618
199.7	0.0309114
199.8	0.0309696
199.9	0.0310255
200	0.0310795
200.1	0.0311295
200.2	0.0311712
200.3	0.0312072
200.4	0.0312369
200.5	0.0312629
200.6	0.0312826
200.7	0.0312996
200.8	0.0313152
200.9	0.0313314
201	0.0313489
201.1	0.0313676
201.2	0.0313907
201.3	0.0314121
201.4	0.0314353
201.5	0.0314592
201.6	0.0314843
201.7	0.0315119
201.8	0.0315435
201.9	0.0315763
202	0.0316087
202.1	0.0316376
202.2	0.0316618
202.3	0.0316876
202.4	0.0317111
202.5	0.0317335
202.6	0.0317581
202.7	0.0317794
202.8	0.0317953
202.9	0.0318061
203	0.0318119
203.1	0.031818
203.2	0.0318298
203.3	0.0318496
203.4	0.0318689
203.5	0.0318938
203.6	0.0319258
203.7	0.0319661
203.8	0.0320103
203.9	0.0320581
204	0.032109
204.1	0.0321649
204.2	0.0322251
204.3	0.0322857
204.4	0.0323442
204.5	0.032399
204.6	0.0324572
204.7	0.0325138
204.8	0.0325649
204.9	0.0326131
205	0.0326572
205.1	0.032697
205.2	0.0327323
205.3	0.0327658
205.4	0.0327929
205.5	0.0328212
205.6	0.03285
205.7	0.0328817
205.8	0.0329191
205.9	0.0329604
206	0.0329999
206.1	0.0330368
206.2	0.0330729
206.3	0.0331115
206.4	0.0331484
206.5	0.033184
206.6	0.0332259
206.7	0.0332763
206.8	0.0333343
206.9	0.0333965
207	0.0334598
207.1	0.0335233
207.2	0.0335846
207.3	0.0336431
207.4	0.0336971
207.5	0.0337437
207.6	0.0337882
207.7	0.0338308
207.8	0.0338706
207.9	0.0339097
208	0.0339405
208.1	0.0339629
208.2	0.0339785
208.3	0.0339907
208.4	0.0340007
208.5	0.0340043
208.6	0.0340045
208.7	0.0339984
208.8	0.033986
208.9	0.033965
209	0.0339407
209.1	0.0339179
209.2	0.0338906
209.3	0.0338616
209.4	0.0338256
209.5	0.0337872
209.6	0.0337439
209.7	0.0336969
209.8	0.0336518
209.9	0.0336041
210	0.033556
210.1	0.0335075
210.2	0.0334594
210.3	0.0334142
210.4	0.033369
210.5	0.0333218
210.6	0.0332701
210.7	0.0332173
210.8	0.0331613
210.9	0.0331079
211	0.033055
211.1	0.0329993
211.2	0.0329406
211.3	0.0328849
211.4	0.0328291
211.5	0.0327721
211.6	0.0327154
211.7	0.0326585
211.8	0.0326022
211.9	0.0325469
212	0.0324899
212.1	0.0324327
212.2	0.0323735
212.3	0.0323126
212.4	0.0322476
212.5	0.0321781
212.6	0.0321076
212.7	0.0320406
212.8	0.0319763
212.9	0.0319142
213	0.0318477
213.1	0.0317812
213.2	0.0317161
213.3	0.0316522
213.4	0.0315873
213.5	0.0315227
213.6	0.0314605
213.7	0.0313997
213.8	0.0313389
213.9	0.031271
214	0.0311979
214.1	0.0311222
214.2	0.0310507
214.3	0.0309818
214.4	0.0309161
214.5	0.0308546
214.6	0.0307917
214.7	0.0307272
214.8	0.0306622
214.9	0.030596
215	0.0305374
215.1	0.0304858
215.2	0.0304366
215.3	0.0303874
215.4	0.0303378
215.5	0.0302837
215.6	0.0302264
215.7	0.030173
215.8	0.0301217
215.9	0.0300664
216	0.0300081
216.1	0.0299477
216.2	0.0298858
216.3	0.0298241
216.4	0.0297611
216.5	0.0296976
216.6	0.0296411
216.7	0.0295918
216.8	0.0295464
216.9	0.0294953
217	0.0294406
217.1	0.0293876
217.2	0.0293376
217.3	0.0292864
217.4	0.029234
217.5	0.0291804
217.6	0.0291249
217.7	0.0290631
217.8	0.0290011
217.9	0.028939
218	0.0288791
218.1	0.0288185
218.2	0.0287648
218.3	0.0287145
218.4	0.028665
218.5	0.0286168
218.6	0.0285718
218.7	0.0285277
218.8	0.0284883
218.9	0.028446
219	0.0284051
219.1	0.0283665
219.2	0.0283234
219.3	0.0282777
219.4	0.0282292
219.5	0.0281793
219.6	0.0281265
219.7	0.0280737
219.8	0.0280242
219.9	0.0279717
220	0.0279198
220.1	0.0278644
220.2	0.0278047
220.3	0.0277452
220.4	0.0276821
220.5	0.0276187
220.6	0.0275574
220.7	0.0274943
220.8	0.0274326
220.9	0.0273694
221	0.0273069
221.1	0.0272397
221.2	0.0271686
221.3	0.0270964
221.4	0.0270223
221.5	0.0269445
221.6	0.0268602
221.7	0.0267705
221.8	0.0266786
221.9	0.0265867
222	0.0264964
222.1	0.0264057
222.2	0.0263181
222.3	0.0262333
222.4	0.0261527
222.5	0.0260714
222.6	0.025988
222.7	0.0259042
222.8	0.0258178
222.9	0.0257308
223	0.0256506
223.1	0.0255745
223.2	0.025502
223.3	0.0254335
223.4	0.0253692
223.5	0.025306
223.6	0.0252444
223.7	0.0251854
223.8	0.0251284
223.9	0.0250777
224	0.0250301
224.1	0.0249859
224.2	0.0249441
224.3	0.024906
224.4	0.0248664
224.5	0.0248307
224.6	0.0247894
224.7	0.0247466
224.8	0.0247028
224.9	0.0246626
225	0.024623
225.1	0.0245816
225.2	0.0245366
225.3	0.0244913
225.4	0.0244451
225.5	0.024401
225.6	0.024356
225.7	0.0243072
225.8	0.024254
225.9	0.0241969
226	0.0241358
226.1	0.0240726
226.2	0.0240102
226.3	0.023947
226.4	0.0238828
226.5	0.0238137
226.6	0.0237457
226.7	0.0236785
226.8	0.0236102
226.9	0.0235396
227	0.0234689
227.1	0.0234018
227.2	0.0233317
227.3	0.0232622
227.4	0.0231932
227.5	0.0231241
227.6	0.0230546
227.7	0.0229858
227.8	0.0229164
227.9	0.0228459
228	0.0227735
228.1	0.0226971
228.2	0.0226231
228.3	0.0225561
228.4	0.0224921
228.5	0.0224286
228.6	0.0223626
228.7	0.0222943
228.8	0.0222246
228.9	0.0221547
229	0.0220835
229.1	0.0220081
229.2	0.0219313
229.3	0.0218522
229.4	0.0217639
229.5	0.0216726
229.6	0.0215769
229.7	0.0214764
229.8	0.0213756
229.9	0.021274
230	0.0211712
230.1	0.0210705
230.2	0.0209725
230.3	0.0208792
230.4	0.0207897
230.5	0.0207043
230.6	0.020622
230.7	0.0205427
230.8	0.0204623
230.9	0.0203864
231	0.0203151
231.1	0.0202463
231.2	0.0201738
231.3	0.0201034
231.4	0.0200336
231.5	0.0199631
231.6	0.0198901
231.7	0.0198093
231.8	0.0197222
231.9	0.0196316
232	0.0195416
232.1	0.0194565
232.2	0.0193671
232.3	0.0192729
232.4	0.019177
232.5	0.0190894
232.6	0.0190052
232.7	0.0189275
232.8	0.0188491
232.9	0.0187704
233	0.0186891
233.1	0.018603
233.2	0.0185185
233.3	0.0184353
233.4	0.0183493
233.5	0.0182625
233.6	0.0181766
233.7	0.0180928
233.8	0.0180112
233.9	0.0179312
234	0.0178544
234.1	0.0177833
234.2	0.0177141
234.3	0.0176488
234.4	0.0175794
234.5	0.0175054
234.6	0.0174244
234.7	0.0173411
234.8	0.0172581
234.9	0.0171764
235	0.0170992
235.1	0.0170225
235.2	0.0169373
235.3	0.0168512
235.4	0.0167662
235.5	0.0166795
235.6	0.0165966
235.7	0.016524
235.8	0.0164523
235.9	0.0163832
236	0.0163151
236.1	0.0162465
236.2	0.0161771
236.3	0.0161054
236.4	0.0160346
236.5	0.0159668
236.6	0.0158999
236.7	0.0158365
236.8	0.0157707
236.9	0.015703
237	0.0156249
237.1	0.01554
237.2	0.0154538
237.3	0.015363
237.4	0.0152704
237.5	0.0151734
237.6	0.0150739
237.7	0.0149749
237.8	0.0148813
237.9	0.0147912
238	0.014699
238.1	0.0146033
238.2	0.0145035
238.3	0.0144034
238.4	0.0143045
238.5	0.0142068
238.6	0.0141108
238.7	0.0140147
238.8	0.0139181
238.9	0.0138247
239	0.0137302
239.1	0.013631
239.2	0.0135317
239.3	0.0134305
239.4	0.0133298
239.5	0.0132283
239.6	0.0131238
239.7	0.0130137
239.8	0.012906
239.9	0.0127973
240	0.0126886
240.1	0.0125728
240.2	0.0124587
240.3	0.0123421
240.4	0.0122245
240.5	0.0121105
240.6	0.0120004
240.7	0.01189
240.8	0.0117778
240.9	0.0116622
241	0.0115465
241.1	0.011429
241.2	0.011311
241.3	0.0111948
241.4	0.011081
241.5	0.0109691
241.6	0.0108559
241.7	0.0107395
241.8	0.0106187
241.9	0.0104944
242	0.0103698
242.1	0.0102437
242.2	0.0101226
242.3	0.0100029
242.4	0.00988553
242.5	0.00977168
242.6	0.00966295
242.7	0.00955168
242.8	0.00944026
242.9	0.0093345
243	0.00922821
243.1	0.00912426
243.2	0.0090217
243.3	0.00891945
243.4	0.00881372
243.5	0.00870522
243.6	0.00859377
243.7	0.00848084
243.8	0.00837329
243.9	0.00827664
244	0.00818889
244.1	0.00810814
244.2	0.00802827
244.3	0.00794837
244.4	0.00787611
244.5	0.0078095
244.6	0.00774883
244.7	0.00768829
244.8	0.00762734
244.9	0.00756207
245	0.00749003
245.1	0.00741416
245.2	0.00734358
245.3	0.00727637
245.4	0.00721017
245.5	0.0071443
245.6	0.00707919
245.7	0.00701465
245.8	0.00695178
245.9	0.00689129
246	0.00683334
246.1	0.00677972
246.2	0.00672797
246.3	0.0066747
246.4	0.00661739
246.5	0.00656111
246.6	0.00650549
246.7	0.00645067
246.8	0.00639654
246.9	0.00634313
247	0.00629209
247.1	0.00623644
247.2	0.0061747
247.3	0.00611008
247.4	0.00603915
247.5	0.00595854
247.6	0.00587809
247.7	0.00580169
247.8	0.00572674
247.9	0.00564941
248	0.00557181
248.1	0.00549277
248.2	0.00540983
248.3	0.00532337
248.4	0.00523469
248.5	0.00515188
248.6	0.00507509
248.7	0.00499435
248.8	0.00490911
248.9	0.00482568
249	0.0047417
249.1	0.00465204
249.2	0.00455553
249.3	0.00445771
249.4	0.00436221
249.5	0.00427078
249.6	0.00417812
249.7	0.0040884
249.8	0.00399822
249.9	0.00390905
250	0.00382166
250.1	0.00374073
250.2	0.00365712
250.3	0.0035785
250.4	0.0035017
250.5	0.00342535
250.6	0.00334679
250.7	0.00326647
250.8	0.00318557
250.9	0.00310268
251	0.00302253
251.1	0.00294986
251.2	0.00287832
251.3	0.00280806
251.4	0.00274208
251.5	0.00267849
251.6	0.00261807
251.7	0.00255221
251.8	0.0024914
251.9	0.00243228
252	0.00237512
252.1	0.00232002
252.2	0.00226794
252.3	0.00221686
252.4	0.00216693
252.5	0.00212001
252.6	0.00207316
252.7	0.00203039
252.8	0.00198864
252.9	0.00194627
253	0.00190478
253.1	0.00186379
253.2	0.00182161
253.3	0.0017764
253.4	0.00173095
253.5	0.0016848
253.6	0.0016379
253.7	0.00158992
253.8	0.0015452
253.9	0.00150306
254	0.00146501
254.1	0.00143219
254.2	0.00140166
254.3	0.00136641
254.4	0.00133002
254.5	0.00129216
254.6	0.00125197
254.7	0.00121015
254.8	0.00116803
254.9	0.00112513
255	0.00108881
255.1	0.00105953
255.2	0.00103511
255.3	0.00101111
255.4	0.000991775
255.5	0.000969205
255.6	0.000946128
255.7	0.000925436
255.8	0.000907384
255.9	0.000892951
256	0.000878883
256.1	0.000865042
256.2	0.000850863
256.3	0.000835286
256.4	0.000818209
256.5	0.000802005
256.6	0.000785543
256.7	0.000763911
256.8	0.000738187
256.9	0.000713249
257	0.000687806
257.1	0.000658643
257.2	0.000627036
257.3	0.000597622
257.4	0.000574625
257.5	0.000554553
257.6	0.000536968
257.7	0.00051619
257.8	0.000497385
257.9	0.000480177
258	0.000465286
258.1	0.000451739
258.2	0.000436115
258.3	0.000418378
258.4	0.000399386
258.5	0.000382049
258.6	0.000369041
258.7	0.000360138
258.8	0.000353568
258.9	0.000353217
259	0.000358531
259.1	0.000364048
259.2	0.000367239
259.3	0.000370143
259.4	0.000375044
259.5	0.000382085
259.6	0.000393428
259.7	0.00040812
259.8	0.000421387
259.9	0.000436157
260	0.00045399
260.1	0.000472313
260.2	0.000486719
260.3	0.000498235
260.4	0.000508806
260.5	0.000517146
260.6	0.000523083
260.7	0.000529954
260.8	0.000535837
260.9	0.000535934
261	0.000532496
261.1	0.000529845
261.2	0.000529608
261.3	0.000531931
261.4	0.000531412
261.5	0.000528489
261.6	0.000524405
261.7	0.000519257
261.8	0.000513459
261.9	0.000507111
262	0.000495767
262.1	0.000481262
262.2	0.000468251
262.3	0.000457187
262.4	0.000445859
262.5	0.000436553
262.6	0.000428378
262.7	0.000423583
262.8	0.000420479
262.9	0.00041532
263	0.000413288
263.1	0.000415534
263.2	0.000421162
263.3	0.000431084
263.4	0.0004356
263.5	0.000436228
263.6	0.000434225
263.7	0.000429308
263.8	0.000421744
263.9	0.000411563
264	0.000401064
264.1	0.000394914
264.2	0.000391685
264.3	0.000389536
264.4	0.000386944
264.5	0.000379486
264.6	0.000375855
264.7	0.000371847
264.8	0.000366728
264.9	0.00036575
265	0.000367127
265.1	0.000364795
265.2	0.000362236
265.3	0.000359648
265.4	0.000362226
265.5	0.000369293
265.6	0.000379364
265.7	0.000390431
265.8	0.000399798
265.9	0.00040641
266	0.000409309
266.1	0.000411347
266.2	0.000407618
266.3	0.000399677
266.4	0.000390624
266.5	0.00038226
266.6	0.000371874
266.7	0.000360042
266.8	0.000344102
266.9	0.000325346
267	0.000309226
267.1	0.000296461
267.2	0.000283704
267.3	0.000269477
267.4	0.000251248
267.5	0.000238426
267.6	0.000231468
267.7	0.000224984
267.8	0.000219258
267.9	0.000209093
268	0.000188676
268.1	0.000164702
268.2	0.0001402
268.3	0.000112165
268.4	8.19186e-05
268.5	4.72313e-05
268.6	1.69535e-05
268.7	-8.38516e-06
268.8	-2.90229e-05
268.9	-4.7447e-05
269	-6.25424e-05
269.1	-7.61181e-05
269.2	-9.66844e-05
269.3	-0.000117707
269.4	-0.000132491
269.5	-0.000147706
269.6	-0.00016152
269.7	-0.00016812
269.8	-0.000172437
269.9	-0.00017469
270	-0.000178425
270.1	-0.00018861
270.2	-0.000203117
270.3	-0.000218832
270.4	-0.00023457
270.5	-0.00025043
270.6	-0.000261453
270.7	-0.000269415
270.8	-0.000276771
270.9	-0.00028279
271	-0.000284499
271.1	-0.000286946
271.2	-0.000290407
271.3	-0.00029767
271.4	-0.000305506
271.5	-0.000315776
271.6	-0.000327582
271.7	-0.000339822
271.8	-0.000353949
271.9	-0.000372008
272	-0.000392512
272.1	-0.000413669
272.2	-0.000436687
272.3	-0.000462731
272.4	-0.000493517
272.5	-0.000528491
272.6	-0.000567894
272.7	-0.000614063
272.8	-0.000661988
272.9	-0.000710405
273	-0.000760697
273.1	-0.000814572
273.2	-0.000862167
273.3	-0.000905215
273.4	-0.00094551
273.5	-0.000982493
273.6	-0.0010162
273.7	-0.00104706
273.8	-0.00107847
273.9	-0.00110826
274	-0.00114095
274.1	-0.00117323
274.2	-0.00120083
274.3	-0.00122696
274.4	-0.00125029
274.5	-0.00127246
274.6	-0.00129283
274.7	-0.0013141
274.8	-0.00133588
274.9	-0.00136147
275	-0.00139487
275.1	-0.00143515
275.2	-0.00148433
275.3	-0.00154027
275.4	-0.00160279
275.5	-0.00166976
275.6	-0.00173244
275.7	-0.00179371
275.8	-0.00185042
275.9	-0.0019081
276	-0.0019651
276.1	-0.00201949
276.2	-0.00207439
276.3	-0.00212916
276.4	-0.00218257
276.5	-0.00223295
276.6	-0.00227596
276.7	-0.00231293
276.8	-0.00234716
276.9	-0.00238096
277	-0.00241516
277.1	-0.00245526
277.2	-0.00250131
277.3	-0.00254635
277.4	-0.00259034
277.5	-0.00263322
277.6	-0.00267876
277.7	-0.002724
277.8	-0.00277119
277.9	-0.00281835
278	-0.00286759
278.1	-0.0029184
278.2	-0.00296875
278.3	-0.00301814
278.4	-0.00306936
278.5	-0.00312533
278.6	-0.00318711
278.7	-0.00325196
278.8	-0.0033165
278.9	-0.00337712
279	-0.00343231
279.1	-0.00348547
279.2	-0.00354179
279.3	-0.00360081
279.4	-0.00365823
279.5	-0.00371157
279.6	-0.00376818
279.7	-0.00382822
279.8	-0.00388702
279.9	-0.00394401
280	-0.00400062
280.1	-0.00405611
280.2	-0.00410672
280.3	-0.00415298
280.4	-0.00419248
280.5	-0.00422418
280.6	-0.00425422
280.7	-0.00427994
280.8	-0.00430237
280.9	-0.00431927
281	-0.0043324
281.1	-0.0043432
281.2	-0.00435143
281.3	-0.00435822
281.4	-0.00435634
281.5	-0.00435113
281.6	-0.00434485
281.7	-0.00434342
281.8	-0.00434775
281.9	-0.00435917
282	-0.00437472
282.1	-0.00439744
282.2	-0.00442167
282.3	-0.00444688
282.4	-0.00447604
282.5	-0.00450559
282.6	-0.00453444
282.7	-0.00456486
282.8	-0.00459485
282.9	-0.00462486
283	-0.00465614
283.1	-0.00469315
283.2	-0.00473303
283.3	-0.00477429
283.4	-0.004815
283.5	-0.0048579
283.6	-0.00490431
283.7	-0.0049535
283.8	-0.005004
283.9	-0.00505668
284	-0.00511085
284.1	-0.00516732
284.2	-0.00523032
284.3	-0.00529669
284.4	-0.00536368
284.5	-0.00543057
284.6	-0.00549709
284.7	-0.005566
284.8	-0.00563554
284.9	-0.00569948
285	-0.005761
285.1	-0.00582316
285.2	-0.00588629
285.3	-0.00594523
285.4	-0.0060021
285.5	-0.00605753
285.6	-0.00611225
285.7	-0.00616267
285.8	-0.00621314
285.9	-0.00626175
286	-0.00631621
286.1	-0.00637639
286.2	-0.00643424
286.3	-0.00648641
286.4	-0.00653731
286.5	-0.0065921
286.6	-0.00664581
286.7	-0.00670055
286.8	-0.00675577
286.9	-0.00680857
287	-0.00686348
287.1	-0.00691916
287.2	-0.00697988
287.3	-0.00703878
287.4	-0.00709779
287.5	-0.0071559
287.6	-0.00721875
287.7	-0.0072811
287.8	-0.00734934
287.9	-0.00742128
288	-0.00748931
288.1	-0.00755593
288.2	-0.00762141
288.3	-0.00768559
288.4	-0.00775338
288.5	-0.00782697
288.6	-0.00790256
288.7	-0.00797858
288.8	-0.00805129
288.9	-0.00812244
289	-0.00819241
289.1	-0.00826054
289.2	-0.00832667
289.3	-0.00838853
289.4	-0.0084501
289.5	-0.00851516
289.6	-0.00858534
289.7	-0.00865486
289.8	-0.00872376
289.9	-0.00878723
290	-0.00884545
290.1	-0.00890168
290.2	-0.00895585
290.3	-0.00900786
290.4	-0.00905967
290.5	-0.00910528
290.6	-0.00914652
290.7	-0.00919023
290.8	-0.0092377
290.9	-0.00929142
291	-0.00934995
291.1	-0.0094066
291.2	-0.0094634
291.3	-0.00952185
291.4	-0.00958085
291.5	-0.00963792
291.6	-0.00969138
291.7	-0.00974347
291.8	-0.00979598
291.9	-0.00985046
292	-0.00991046
292.1	-0.00997677
292.2	-0.0100478
292.3	-0.0101166
292.4	-0.0101877
292.5	-0.0102527
292.6	-0.010311
292.7	-0.0103675
292.8	-0.0104246
292.9	-0.010481
293	-0.0105292
293.1	-0.0105695
293.2	-0.0106159
293.3	-0.0106661
293.4	-0.0107147
293.5	-0.0107646
293.6	-0.0108111
293.7	-0.0108545
293.8	-0.010898
293.9	-0.0109402
294	-0.0109812
294.1	-0.0110223
294.2	-0.0110642
294.3	-0.0111088
294.4	-0.0111523
294.5	-0.0111931
294.6	-0.0112316
294.7	-0.0112759
294.8	-0.0113242
294.9	-0.0113763
295	-0.0114272
295.1	-0.0114772
295.2	-0.0115256
295.3	-0.0115688
295.4	-0.0116124
295.5	-0.011656
295.6	-0.0117022
295.7	-0.0117477
295.8	-0.011789
295.9	-0.0118266
296	-0.0118619
296.1	-0.011896
296.2	-0.0119277
296.3	-0.0119598
296.4	-0.0119927
296.5	-0.0120286
296.6	-0.0120636
296.7	-0.0120968
296.8	-0.0121312
296.9	-0.012172
297	-0.0122131
297.1	-0.0122572
297.2	-0.012301
297.3	-0.0123475
297.4	-0.0123994
297.5	-0.0124604
297.6	-0.0125217
297.7	-0.0125827
297.8	-0.0126393
297.9	-0.0126962
298	-0.0127557
298.1	-0.0128183
298.2	-0.0128825
298.3	-0.0129452
298.4	-0.0130071
298.5	-0.0130716
298.6	-0.0131342
298.7	-0.0131965
298.8	-0.013262
298.9	-0.0133232
299	-0.0133821
299.1	-0.0134401
299.2	-0.0134963
299.3	-0.0135492
299.4	-0.0136014
299.5	-0.0136522
299.6	-0.0137003
299.7	-0.0137435
299.8	-0.0137827
299.9	-0.0138233
300	-0.0138652
300.1	-0.0139079
300.2	-0.0139535
300.3	-0.013997
300.4	-0.0140342
300.5	-0.0140612
300.6	-0.0140873
300.7	-0.0141177
300.8	-0.01415
300.9	-0.0141859
301	-0.0142242
301.1	-0.0142662
301.2	-0.0143097
301.3	-0.0143517
301.4	-0.0143926
301.5	-0.0144302
301.6	-0.0144634
301.7	-0.0144887
301.8	-0.0145085
301.9	-0.014528
302	-0.0145471
302.1	-0.0145706
302.2	-0.0145975
302.3	-0.0146244
302.4	-0.0146498
302.5	-0.0146701
302.6	-0.0146896
302.7	-0.0147084
302.8	-0.0147297
302.9	-0.0147515
303	-0.0147758
303.1	-0.0148017
303.2	-0.014831
303.3	-0.0148608
303.4	-0.0148889
303.5	-0.0149154
303.6	-0.0149424
303.7	-0.014969
303.8	-0.014999
303.9	-0.0150319
304	-0.0150605
304.1	-0.0150864
304.2	-0.0151156
304.3	-0.0151445
304.4	-0.0151679
304.5	-0.015187
304.6	-0.0152021
304.7	-0.0152163
304.8	-0.015233
304.9	-0.0152459
305	-0.0152522
305.1	-0.0152592
305.2	-0.015266
305.3	-0.0152719
305.4	-0.0152785
305.5	-0.0152825
305.6	-0.0152887
305.7	-0.0152919
305.8	-0.0153019
305.9	-0.0153167
306	-0.0153407
306.1	-0.0153655
306.2	-0.0153895
306.3	-0.0154129
306.4	-0.0154394
306.5	-0.015467
306.6	-0.0154952
306.7	-0.0155248
306.8	-0.0155574
306.9	-0.0155946
307	-0.0156338
307.1	-0.0156703
307.2	-0.0157077
307.3	-0.0157466
307.4	-0.0157913
307.5	-0.0158379
307.6	-0.0158831
307.7	-0.0159263
307.8	-0.0159641
307.9	-0.0159957
308	-0.0160274
308.1	-0.0160615
308.2	-0.0161003
308.3	-0.0161471
308.4	-0.0161984
308.5	-0.0162437
308.6	-0.0162848
308.7	-0.0163168
308.8	-0.016346
308.9	-0.0163716
309	-0.0163965
309.1	-0.0164248
309.2	-0.016455
309.3	-0.0164848
309.4	-0.0165156
309.5	-0.0165444
309.6	-0.0165728
309.7	-0.0166047
309.8	-0.0166351
309.9	-0.0166657
310	-0.0166982
310.1	-0.0167337
310.2	-0.0167751
310.3	-0.0168229
310.4	-0.0168735
310.5	-0.0169237
310.6	-0.0169744
310.7	-0.0170247
310.8	-0.0170788
310.9	-0.0171332
311	-0.0171862
311.1	-0.0172354
311.2	-0.0172819
311.3	-0.0173227
311.4	-0.0173575
311.5	-0.0173908
311.6	-0.0174294
311.7	-0.0174731
311.8	-0.0175159
311.9	-0.01756
312	-0.0176054
312.1	-0.0176508
312.2	-0.0176964
312.3	-0.0177415
312.4	-0.0177843
312.5	-0.0178274
312.6	-0.0178727
312.7	-0.0179172
312.8	-0.0179621
312.9	-0.0180053
313	-0.0180454
313.1	-0.0180772
313.2	-0.0181033
313.3	-0.0181254
313.4	-0.0181455
313.5	-0.0181639
313.6	-0.0181798
313.7	-0.0181968
313.8	-0.0182139
313.9	-0.0182342
314	-0.0182538
314.1	-0.0182699
314.2	-0.0182904
314.3	-0.0183167
314.4	-0.0183417
314.5	-0.0183667
314.6	-0.0183895
314.7	-0.0184156
314.8	-0.018442
314.9	-0.0184672
315	-0.0184862
315.1	-0.0185021
315.2	-0.018514
315.3	-0.0185309
315.4	-0.0185458
315.5	-0.0185605
315.6	-0.0185761
315.7	-0.0185877
315.8	-0.0185947
315.9	-0.0185984
316	-0.0185997
316.1	-0.0186006
316.2	-0.0186061
316.3	-0.0186144
316.4	-0.0186242
316.5	-0.0186359
316.6	-0.0186488
316.7	-0.0186615
316.8	-0.0186708
316.9	-0.0186757
317	-0.0186801
317.1	-0.0186804
317.2	-0.018674
317.3	-0.0186655
317.4	-0.0186548
317.5	-0.0186376
317.6	-0.0186159
317.7	-0.0185933
317.8	-0.0185675
317.9	-0.0185367
318	-0.0185075
318.1	-0.0184819
318.2	-0.0184603
318.3	-0.0184476
318.4	-0.0184379
318.5	-0.0184302
318.6	-0.0184244
318.7	-0.0184184
318.8	-0.0184089
318.9	-0.0183942
319	-0.0183778
319.1	-0.0183594
319.2	-0.0183393
319.3	-0.018316
319.4	-0.0182895
319.5	-0.0182622
319.6	-0.0182339
319.7	-0.0182065
319.8	-0.0181817
319.9	-0.0181559
320	-0.01813
320.1	-0.0181058
320.2	-0.0180891
320.3	-0.0180782
320.4	-0.0180741
320.5	-0.0180736
320.6	-0.018075
320.7	-0.018078
320.8	-0.0180772
320.9	-0.0180738
321	-0.018068
321.1	-0.0180638
321.2	-0.018063
321.3	-0.0180686
321.4	-0.0180741
321.5	-0.0180789
321.6	-0.0180792
321.7	-0.018079
321.8	-0.0180853
321.9	-0.018092
322	-0.0181088
322.1	-0.0181312
322.2	-0.0181573
322.3	-0.0181826
322.4	-0.0182046
322.5	-0.0182255
322.6	-0.0182434
322.7	-0.0182608
322.8	-0.0182787
322.9	-0.01829
323	-0.0182905
323.1	-0.0182888
323.2	-0.0182862
323.3	-0.0182833
323.4	-0.0182809
323.5	-0.0182788
323.6	-0.0182778
323.7	-0.0182798
323.8	-0.0182839
323.9	-0.0182908
324	-0.0182988
324.1	-0.0183085
324.2	-0.0183216
324.3	-0.018335
324.4	-0.0183471
324.5	-0.0183557
324.6	-0.0183614
324.7	-0.0183583
324.8	-0.0183495
324.9	-0.0183413
325	-0.0183324
325.1	-0.0183251
325.2	-0.0183217
325.3	-0.018317
325.4	-0.0183165
325.5	-0.0183146
325.6	-0.0183151
325.7	-0.0183192
325.8	-0.0183255
325.9	-0.0183344
326	-0.0183469
326.1	-0.0183591
326.2	-0.0183722
326.3	-0.0183872
326.4	-0.0184035
326.5	-0.0184229
326.6	-0.0184396
326.7	-0.0184572
326.8	-0.0184796
326.9	-0.0185082
327	-0.0185349
327.1	-0.0185557
327.2	-0.0185733
327.3	-0.0185863
327.4	-0.0185949
327.5	-0.0186023
327.6	-0.0186131
327.7	-0.0186257
327.8	-0.0186398
327.9	-0.0186508
328	-0.0186613
328.1	-0.0186699
328.2	-0.0186811
328.3	-0.0186901
328.4	-0.0186988
328.5	-0.0187039
328.6	-0.0187045
328.7	-0.0186996
328.8	-0.0186881
328.9	-0.0186757
329	-0.0186602
329.1	-0.0186416
329.2	-0.0186244
329.3	-0.0186043
329.4	-0.0185834
329.5	-0.018559
329.6	-0.0185317
329.7	-0.0185044
329.8	-0.0184821
329.9	-0.0184614
330	-0.0184465
330.1	-0.0184338
330.2	-0.0184209
330.3	-0.0184115
330.4	-0.0184005
330.5	-0.0183879
330.6	-0.0183749
330.7	-0.018359
330.8	-0.0183493
330.9	-0.0183423
331	-0.0183433
331.1	-0.0183457
331.2	-0.0183522
331.3	-0.0183608
331.4	-0.0183694
331.5	-0.0183814
331.6	-0.0183937
331.7	-0.0184033
331.8	-0.0184134
331.9	-0.0184224
332	-0.0184309
332.1	-0.0184376
332.2	-0.0184416
332.3	-0.0184417
332.4	-0.0184407
332.5	-0.018435
332.6	-0.0184209
332.7	-0.0184083
332.8	-0.0183959
332.9	-0.0183857
333	-0.0183759
333.1	-0.0183668
333.2	-0.0183576
333.3	-0.0183535
333.4	-0.0183509
333.5	-0.01835
333.6	-0.0183507
333.7	-0.0183494
333.8	-0.0183516
333.9	-0.0183561
334	-0.0183632
334.1	-0.018372
334.2	-0.0183782
334.3	-0.0183831
334.4	-0.01839
334.5	-0.018394
334.6	-0.0183923
334.7	-0.0183849
334.8	-0.0183744
334.9	-0.0183604
335	-0.0183444
335.1	-0.0183238
335.2	-0.0183037
335.3	-0.0182854
335.4	-0.018271
335.5	-0.0182594
335.6	-0.0182467
335.7	-0.0182319
335.8	-0.0182088
335.9	-0.0181843
336	-0.0181576
336.1	-0.0181266
336.2	-0.0180949
336.3	-0.0180593
336.4	-0.018027
336.5	-0.0179994
336.6	-0.0179712
336.7	-0.0179393
336.8	-0.0179074
336.9	-0.01788
337	-0.0178529
337.1	-0.0178282
337.2	-0.0178073
337.3	-0.017792
337.4	-0.0177787
337.5	-0.0177676
337.6	-0.0177576
337.7	-0.0177427
337.8	-0.0177287
337.9	-0.0177159
338	-0.017707
338.1	-0.0176993
338.2	-0.0176955
338.3	-0.0176911
338.4	-0.0176884
338.5	-0.0176875
338.6	-0.0176901
338.7	-0.0176959
338.8	-0.0177027
338.9	-0.0177097
339	-0.017718
339.1	-0.0177236
339.2	-0.0177279
339.3	-0.0177275
339.4	-0.0177251
339.5	-0.0177257
339.6	-0.0177281
339.7	-0.0177364
339.8	-0.0177457
339.9	-0.0177531
340	-0.0177629
340.1	-0.0177756
340.2	-0.0177872
340.3	-0.017798
340.4	-0.0178156
340.5	-0.0178377
340.6	-0.017864
340.7	-0.0178945
340.8	-0.0179243
340.9	-0.0179572
341	-0.0179894
341.1	-0.0180201
341.2	-0.0180489
341.3	-0.0180748
341.4	-0.0181007
341.5	-0.0181323
341.6	-0.0181728
341.7	-0.0182185
341.8	-0.0182666
341.9	-0.0183164
342	-0.0183679
342.1	-0.0184186
342.2	-0.0184676
342.3	-0.0185196
342.4	-0.0185737
342.5	-0.0186259
342.6	-0.0186799
342.7	-0.0187389
342.8	-0.0188049
342.9	-0.0188772
343	-0.0189598
343.1	-0.0190487
343.2	-0.0191327
343.3	-0.0192093
343.4	-0.0192856
343.5	-0.0193625
343.6	-0.0194384
343.7	-0.0195092
343.8	-0.01958
343.9	-0.019654
344	-0.0197324
344.1	-0.0198113
344.2	-0.0198858
344.3	-0.0199604
344.4	-0.0200352
344.5	-0.0201119
344.6	-0.0201887
344.7	-0.0202627
344.8	-0.0203316
344.9	-0.0204033
345	-0.0204738
345.1	-0.0205414
345.2	-0.0206059
345.3	-0.0206696
345.4	-0.0207346
345.5	-0.0208007
345.6	-0.0208689
345.7	-0.0209394
345.8	-0.0210095
345.9	-0.0210827
346	-0.0211538
346.1	-0.0212204
346.2	-0.0212807
346.3	-0.0213363
346.4	-0.0213919
346.5	-0.0214461
346.6	-0.0214992
346.7	-0.021551
346.8	-0.0216059
346.9	-0.0216642
347	-0.0217263
347.1	-0.0217857
347.2	-0.0218494
347.3	-0.0219125
347.4	-0.0219716
347.5	-0.0220256
347.6	-0.0220802
347.7	-0.0221316
347.8	-0.0221827
347.9	-0.0222314
348	-0.0222784
348.1	-0.022324
348.2	-0.0223673
348.3	-0.0224128
348.4	-0.0224582
348.5	-0.0225051
348.6	-0.0225519
348.7	-0.0225948
348.8	-0.0226326
348.9	-0.022668
349	-0.0227023
349.1	-0.0227415
349.2	-0.0227834
349.3	-0.0228234
349.4	-0.0228697
349.5	-0.0229214
349.6	-0.022973
349.7	-0.023026
349.8	-0.0230791
349.9	-0.0231317
350	-0.0231833
350.1	-0.02323
350.2	-0.0232716
350.3	-0.0233074
350.4	-0.0233403
350.5	-0.0233715
350.6	-0.0234103
350.7	-0.0234543
350.8	-0.0234981
350.9	-0.0235413
351	-0.0235853
351.1	-0.0236269
351.2	-0.0236699
351.3	-0.0237079
351.4	-0.0237475
351.5	-0.0237891
351.6	-0.0238298
351.7	-0.0238729
351.8	-0.0239162
351.9	-0.0239576
352	-0.023992
352.1	-0.0240266
352.2	-0.0240612
352.3	-0.024095
352.4	-0.0241227
352.5	-0.02415
352.6	-0.0241794
352.7	-0.0242088
352.8	-0.0242377
352.9	-0.0242728
353	-0.0243092
353.1	-0.0243509
353.2	-0.0243991
353.3	-0.0244479
353.4	-0.0244965
353.5	-0.0245482
353.6	-0.0246044
353.7	-0.0246611
353.8	-0.0247195
353.9	-0.0247764
354	-0.024833
354.1	-0.0248827
354.2	-0.0249261
354.3	-0.0249653
354.4	-0.0250063
354.5	-0.0250427
354.6	-0.0250786
354.7	-0.0251124
354.8	-0.0251429
354.9	-0.025171
355	-0.0251961
355.1	-0.025216
355.2	-0.0252374
355.3	-0.025264
355.4	-0.0252939
355.5	-0.0253212
355.6	-0.0253527
355.7	-0.0253894
355.8	-0.0254305
355.9	-0.0254696
356	-0.0255094
356.1	-0.0255514
356.2	-0.0255944
356.3	-0.0256344
356.4	-0.0256716
356.5	-0.0257011
356.6	-0.0257265
356.7	-0.0257509
356.8	-0.0257767
356.9	-0.0258025
357	-0.0258287
357.1	-0.0258552
357.2	-0.0258814
357.3	-0.0259101
357.4	-0.0259399
357.5	-0.0259716
357.6	-0.0259994
357.7	-0.026022
357.8	-0.026041
357.9	-0.0260592
358	-0.0260766
358.1	-0.0260959
358.2	-0.0261139
358.3	-0.0261313
358.4	-0.0261525
358.5	-0.0261807
358.6	-0.0262143
358.7	-0.0262463
358.8	-0.0262773
358.9	-0.0263062
359	-0.0263334
359.1	-0.026355
359.2	-0.0263725
359.3	-0.02639
359.4	-0.0264072
359.5	-0.0264196
359.6	-0.0264315
359.7	-0.0264471
359.8	-0.0264618
359.9	-0.0264774
360	-0.026486
360.1	-0.0264885
360.2	-0.0264908
360.3	-0.0264972
360.4	-0.0265062
360.5	-0.0265164
360.6	-0.0265274
360.7	-0.0265371
360.8	-0.0265437
360.9	-0.026548
361	-0.0265502
361.1	-0.0265572
361.2	-0.0265671
361.3	-0.0265859
361.4	-0.0266038
361.5	-0.0266166
361.6	-0.0266274
361.7	-0.0266388
361.8	-0.026649
361.9	-0.0266507
362	-0.0266484
362.1	-0.026645
362.2	-0.0266449
362.3	-0.0266492
362.4	-0.0266597
362.5	-0.0266709
362.6	-0.0266824
362.7	-0.0266907
362.8	-0.026694
362.9	-0.0266986
363	-0.0267017
363.1	-0.026707
363.2	-0.0267166
363.3	-0.0267308
363.4	-0.0267507
363.5	-0.0267711
363.6	-0.0267964
363.7	-0.0268268
363.8	-0.0268645
363.9	-0.0269111
364	-0.026962
364.1	-0.027015
364.2	-0.0270709
364.3	-0.027124
364.4	-0.0271754
364.5	-0.0272301
364.6	-0.0272896
364.7	-0.0273457
364.8	-0.0273954
364.9	-0.0274341
365	-0.0274616
365.1	-0.027482
365.2	-0.0275012
365.3	-0.0275248
365.4	-0.0275516
365.5	-0.0275767
365.6	-0.0276034
365.7	-0.0276216
365.8	-0.0276331
365.9	-0.0276425
366	-0.0276527
366.1	-0.0276632
366.2	-0.0276713
366.3	-0.0276758
366.4	-0.0276843
366.5	-0.0276981
366.6	-0.0277172
366.7	-0.0277381
366.8	-0.0277622
366.9	-0.0277878
367	-0.0278126
367.1	-0.0278398
367.2	-0.02787
367.3	-0.0279004
367.4	-0.027932
367.5	-0.0279667
367.6	-0.028003
367.7	-0.0280392
367.8	-0.0280784
367.9	-0.0281188
368	-0.0281563
368.1	-0.0281916
368.2	-0.0282252
368.3	-0.0282575
368.4	-0.0282869
368.5	-0.028313
368.6	-0.0283343
368.7	-0.0283519
368.8	-0.0283689
368.9	-0.0283848
369	-0.0284006
369.1	-0.028414
369.2	-0.0284245
369.3	-0.0284292
369.4	-0.028431
369.5	-0.0284334
369.6	-0.0284403
369.7	-0.0284549
369.8	-0.0284744
369.9	-0.0284978
370	-0.0285276
370.1	-0.0285634
370.2	-0.0286069
370.3	-0.0286558
370.4	-0.0287087
370.5	-0.0287665
370.6	-0.0288273
370.7	-0.0288857
370.8	-0.0289462
370.9	-0.0290076
371	-0.0290708
371.1	-0.0291322
371.2	-0.029191
371.3	-0.0292506
371.4	-0.0293073
371.5	-0.0293654
371.6	-0.0294265
371.7	-0.0294857
371.8	-0.029542
371.9	-0.0296026
372	-0.0296632
372.1	-0.0297237
372.2	-0.0297855
372.3	-0.02985
372.4	-0.0299162
372.5	-0.0299839
372.6	-0.0300515
372.7	-0.0301211
372.8	-0.0301927
372.9	-0.030263
373	-0.0303313
373.1	-0.0303914
373.2	-0.0304472
373.3	-0.0305018
373.4	-0.0305572
373.5	-0.0306124
373.6	-0.0306678
373.7	-0.0307208
373.8	-0.0307726
373.9	-0.0308219
374	-0.0308707
374.1	-0.0309157
374.2	-0.0309545
374.3	-0.0309945
374.4	-0.0310386
374.5	-0.0310887
374.6	-0.0311388
374.7	-0.0311898
374.8	-0.0312395
374.9	-0.0312864
375	-0.0313359
375.1	-0.0313872
375.2	-0.0314406
375.3	-0.0314896
375.4	-0.0315286
375.5	-0.0315581
375.6	-0.031586
375.7	-0.0316175
375.8	-0.0316557
375.9	-0.031704
376	-0.0317611
376.1	-0.0318221
376.2	-0.0318845
376.3	-0.031947
376.4	-0.0320149
376.5	-0.0320865
376.6	-0.0321583
376.7	-0.0322349
376.8	-0.0323115
376.9	-0.0323805
377	-0.0324419
377.1	-0.0325058
377.2	-0.0325714
377.3	-0.0326363
377.4	-0.0326998
377.5	-0.0327658
377.6	-0.0328327
377.7	-0.032901
377.8	-0.0329763
377.9	-0.0330516
378	-0.0331315
378.1	-0.0332128
378.2	-0.0332956
378.3	-0.0333746
378.4	-0.0334513
378.5	-0.0335267
378.6	-0.0335987
378.7	-0.033678
378.8	-0.0337569
378.9	-0.0338359
379	-0.0339126
379.1	-0.0339822
379.2	-0.0340451
379.3	-0.0341045
379.4	-0.0341615
379.5	-0.0342131
379.6	-0.034265
379.7	-0.034312
379.8	-0.0343507
379.9	-0.0343856
380	-0.0344165
380.1	-0.0344446
380.2	-0.0344689
380.3	-0.0344877
380.4	-0.034504
380.5	-0.0345211
380.6	-0.0345388
380.7	-0.0345514
380.8	-0.0345606
380.9	-0.0345668
381	-0.0345702
381.1	-0.0345742
381.2	-0.0345818
381.3	-0.0345921
381.4	-0.0346117
381.5	-0.0346391
381.6	-0.0346709
381.7	-0.0347022
381.8	-0.034737
381.9	-0.0347751
382	-0.0348137
382.1	-0.034855
382.2	-0.0348991
382.3	-0.0349461
382.4	-0.0349912
382.5	-0.0350348
382.6	-0.035078
382.7	-0.0351205
382.8	-0.0351613
382.9	-0.035204
383	-0.0352485
383.1	-0.0352923
383.2	-0.0353328
383.3	-0.0353699
383.4	-0.0354034
383.5	-0.0354301
383.6	-0.0354457
383.7	-0.0354567
383.8	-0.0354706
383.9	-0.0354832
384	-0.0354973
384.1	-0.0355091
384.2	-0.0355172
384.3	-0.0355187
384.4	-0.0355156
384.5	-0.035508
384.6	-0.0354993
384.7	-0.0354922
384.8	-0.0354854
384.9	-0.0354812
385	-0.0354781
385.1	-0.0354698
385.2	-0.0354596
385.3	-0.0354484
385.4	-0.0354365
385.5	-0.0354265
385.6	-0.0354151
385.7	-0.0354011
385.8	-0.0353904
385.9	-0.0353819
386	-0.035376
386.1	-0.035372
386.2	-0.0353699
386.3	-0.035372
386.4	-0.0353762
386.5	-0.0353784
386.6	-0.0353749
386.7	-0.0353698
386.8	-0.0353643
386.9	-0.0353615
387	-0.0353547
387.1	-0.035341
387.2	-0.0353233
387.3	-0.0353078
387.4	-0.035292
387.5	-0.0352749
387.6	-0.0352566
387.7	-0.0352387
387.8	-0.0352197
387.9	-0.035194
388	-0.0351658
388.1	-0.0351395
388.2	-0.0351136
388.3	-0.0350883
388.4	-0.0350676
388.5	-0.0350512
388.6	-0.0350335
388.7	-0.0350151
388.8	-0.0349972
388.9	-0.0349801
389	-0.034961
389.1	-0.0349384
389.2	-0.034915
389.3	-0.0348955
389.4	-0.0348826
389.5	-0.0348689
389.6	-0.0348577
389.7	-0.0348488
389.8	-0.034842
389.9	-0.0348336
390	-0.0348328
390.1	-0.0348373
390.2	-0.034848
390.3	-0.0348569
390.4	-0.0348641
390.5	-0.0348693
390.6	-0.0348751
390.7	-0.034883
390.8	-0.0348919
390.9	-0.0349051
391	-0.0349229
391.1	-0.0349429
391.2	-0.0349604
391.3	-0.0349719
391.4	-0.0349827
391.5	-0.0349928
391.6	-0.035005
391.7	-0.0350162
391.8	-0.035025
391.9	-0.0350325
392	-0.0350428
392.1	-0.0350531
392.2	-0.0350644
392.3	-0.0350738
392.4	-0.0350784
392.5	-0.0350848
392.6	-0.035091
392.7	-0.0351027
392.8	-0.0351202
392.9	-0.0351443
393	-0.035167
393.1	-0.0351913
393.2	-0.035217
393.3	-0.035243
393.4	-0.0352646
393.5	-0.0352843
393.6	-0.0353022
393.7	-0.0353196
393.8	-0.0353369
393.9	-0.0353584
394	-0.0353852
394.1	-0.0354141
394.2	-0.0354428
394.3	-0.03547
394.4	-0.0355001
394.5	-0.035529
394.6	-0.0355585
394.7	-0.0355951
394.8	-0.0356366
394.9	-0.0356766
395	-0.0357173
395.1	-0.0357593
395.2	-0.0358009
395.3	-0.0358408
395.4	-0.0358839
395.5	-0.0359256
395.6	-0.0359683
395.7	-0.0360064
395.8	-0.0360447
395.9	-0.0360873
396	-0.0361322
396.1	-0.0361767
396.2	-0.0362229
396.3	-0.0362676
396.4	-0.0363127
396.5	-0.0363606
396.6	-0.0364123
396.7	-0.0364654
396.8	-0.0365133
396.9	-0.0365591
397	-0.0366076
397.1	-0.0366557
397.2	-0.0367036
397.3	-0.0367534
397.4	-0.0368068
397.5	-0.0368598
397.6	-0.0369087
397.7	-0.0369522
397.8	-0.0369907
397.9	-0.037024
398	-0.0370546
398.1	-0.0370782
398.2	-0.0370947
398.3	-0.0371052
398.4	-0.0371172
398.5	-0.0371301
398.6	-0.0371426
398.7	-0.0371541
398.8	-0.0371695
398.9	-0.0371843
399	-0.0371999
399.1	-0.0372199
399.2	-0.0372394
399.3	-0.0372592
399.4	-0.0372795
399.5	-0.0373018
399.6	-0.0373244
399.7	-0.0373484
399.8	-0.0373769
399.9	-0.0374101
400	-0.0374455
400.1	-0.0374829
400.2	-0.0375246
400.3	-0.0375674
400.4	-0.0376125
400.5	-0.037656
400.6	-0.0377025
400.7	-0.0377574
400.8	-0.0378151
400.9	-0.0378733
401	-0.0379336
401.1	-0.037993
401.2	-0.0380473
401.3	-0.0380992
401.4	-0.0381485
401.5	-0.0381981
401.6	-0.0382431
401.7	-0.0382876
401.8	-0.0383257
401.9	-0.0383602
402	-0.0383934
402.1	-0.0384268
402.2	-0.0384632
402.3	-0.0385033
402.4	-0.0385462
402.5	-0.0385966
402.6	-0.0386475
402.7	-0.0386993
402.8	-0.0387496
402.9	-0.0387958
403	-0.0388393
403.1	-0.0388809
403.2	-0.0389192
403.3	-0.0389562
403.4	-0.038998
403.5	-0.0390418
403.6	-0.0390877
403.7	-0.0391353
403.8	-0.0391824
403.9	-0.0392228
404	-0.0392592
404.1	-0.0392889
404.2	-0.0393141
404.3	-0.0393357
404.4	-0.0393578
404.5	-0.0393814
404.6	-0.0394033
404.7	-0.0394214
404.8	-0.0394386
404.9	-0.0394537
405	-0.0394662
405.1	-0.0394767
405.2	-0.0394915
405.3	-0.039514
405.4	-0.0395383
405.5	-0.0395659
405.6	-0.0395942
405.7	-0.0396192
405.8	-0.0396402
405.9	-0.0396619
406	-0.0396822
406.1	-0.0397035
406.2	-0.0397246
406.3	-0.0397484
406.4	-0.0397727
406.5	-0.0397935
406.6	-0.0398114
406.7	-0.0398319
406.8	-0.0398478
406.9	-0.0398633
407	-0.0398789
407.1	-0.0398941
407.2	-0.0399106
407.3	-0.0399261
407.4	-0.0399447
407.5	-0.0399609
407.6	-0.0399802
407.7	-0.0400031
407.8	-0.0400272
407.9	-0.0400493
408	-0.0400666
408.1	-0.0400871
408.2	-0.0401117
408.3	-0.0401408
408.4	-0.040166
408.5	-0.0401867
408.6	-0.0402029
408.7	-0.040217
408.8	-0.0402324
408.9	-0.0402459
409	-0.0402592
409.1	-0.0402672
409.2	-0.0402747
409.3	-0.0402839
409.4	-0.0402963
409.5	-0.040306
409.6	-0.0403123
409.7	-0.0403171
409.8	-0.0403156
409.9	-0.0403093
410	-0.0403003
410.1	-0.0402912
410.2	-0.0402865
410.3	-0.0402867
410.4	-0.0402881
410.5	-0.0402953
410.6	-0.0403078
410.7	-0.0403228
410.8	-0.0403381
410.9	-0.0403517
411	-0.0403658
411.1	-0.0403773
411.2	-0.0403857
411.3	-0.0403909
411.4	-0.0403949
411.5	-0.0403948
411.6	-0.0403916
411.7	-0.0403869
411.8	-0.0403842
411.9	-0.0403822
412	-0.0403784
412.1	-0.0403774
412.2	-0.0403793
412.3	-0.0403821
412.4	-0.0403847
412.5	-0.040383
412.6	-0.0403777
412.7	-0.0403717
412.8	-0.0403677
412.9	-0.0403669
413	-0.0403631
413.1	-0.0403559
413.2	-0.0403463
413.3	-0.0403401
413.4	-0.0403401
413.5	-0.0403482
413.6	-0.0403591
413.7	-0.0403713
413.8	-0.0403791
413.9	-0.0403872
414	-0.040394
414.1	-0.0404008
414.2	-0.0404065
414.3	-0.04041
414.4	-0.0404147
414.5	-0.0404193
414.6	-0.0404244
414.7	-0.040425
414.8	-0.0404268
414.9	-0.0404275
415	-0.0404263
415.1	-0.0404231
415.2	-0.0404127
415.3	-0.0403919
415.4	-0.040371
415.5	-0.0403545
415.6	-0.0403415
415.7	-0.0403344
415.8	-0.0403284
415.9	-0.0403223
416	-0.0403119
416.1	-0.0403004
416.2	-0.0402905
416.3	-0.0402833
416.4	-0.0402763
416.5	-0.0402648
416.6	-0.0402514
416.7	-0.0402363
416.8	-0.0402159
416.9	-0.0401954
417	-0.0401706
417.1	-0.0401429
417.2	-0.0401099
417.3	-0.0400709
417.4	-0.0400297
417.5	-0.0399921
417.6	-0.0399573
417.7	-0.0399191
417.8	-0.0398774
417.9	-0.039838
418	-0.0398041
418.1	-0.0397697
418.2	-0.0397392
418.3	-0.0397072
418.4	-0.0396681
418.5	-0.0396289
418.6	-0.0395855
418.7	-0.0395386
418.8	-0.0394937
418.9	-0.0394539
419	-0.0394151
419.1	-0.039379
419.2	-0.0393503
419.3	-0.0393264
419.4	-0.0393039
419.5	-0.0392819
419.6	-0.0392659
419.7	-0.0392499
419.8	-0.0392366
419.9	-0.0392244
420	-0.0392128
420.1	-0.0392044
420.2	-0.0391936
420.3	-0.0391868
420.4	-0.0391795
420.5	-0.0391686
420.6	-0.0391551
420.7	-0.0391385
420.8	-0.0391197
420.9	-0.0390961
421	-0.0390673
421.1	-0.0390355
421.2	-0.0390061
421.3	-0.0389796
421.4	-0.038958
421.5	-0.0389373
421.6	-0.0389208
421.7	-0.0389057
421.8	-0.0388944
421.9	-0.0388879
422	-0.0388793
422.1	-0.0388682
422.2	-0.0388555
422.3	-0.0388417
422.4	-0.0388254
422.5	-0.0388077
422.6	-0.0387888
422.7	-0.0387724
422.8	-0.0387555
422.9	-0.0387425
423	-0.0387337
423.1	-0.0387301
423.2	-0.0387289
423.3	-0.0387257
423.4	-0.0387208
423.5	-0.0387151
423.6	-0.0387105
423.7	-0.0387061
423.8	-0.0386989
423.9	-0.0386912
424	-0.0386832
424.1	-0.0386759
424.2	-0.0386708
424.3	-0.0386641
424.4	-0.0386529
424.5	-0.0386422
424.6	-0.0386339
424.7	-0.0386309
424.8	-0.0386248
424.9	-0.0386147
425	-0.0385989
425.1	-0.0385791
425.2	-0.0385537
425.3	-0.0385255
425.4	-0.0384991
425.5	-0.0384783
425.6	-0.0384624
425.7	-0.0384491
425.8	-0.0384386
425.9	-0.0384242
426	-0.0384108
426.1	-0.0383985
426.2	-0.0383832
426.3	-0.0383662
426.4	-0.0383469
426.5	-0.0383274
426.6	-0.0383077
426.7	-0.0382905
426.8	-0.0382709
426.9	-0.0382503
427	-0.0382299
427.1	-0.0382111
427.2	-0.0381975
427.3	-0.0381827
427.4	-0.0381656
427.5	-0.0381463
427.6	-0.0381208
427.7	-0.038091
427.8	-0.0380603
427.9	-0.0380297
428	-0.0379965
428.1	-0.0379644
428.2	-0.0379333
428.3	-0.0379023
428.4	-0.0378676
428.5	-0.037833
428.6	-0.0377958
428.7	-0.0377601
428.8	-0.0377173
428.9	-0.0376689
429	-0.0376155
429.1	-0.0375628
429.2	-0.0375142
429.3	-0.0374656
429.4	-0.0374203
429.5	-0.0373795
429.6	-0.0373382
429.7	-0.0372982
429.8	-0.0372628
429.9	-0.0372267
430	-0.0371842
430.1	-0.0371383
430.2	-0.0370912
430.3	-0.0370467
430.4	-0.0370057
430.5	-0.0369696
430.6	-0.0369377
430.7	-0.0369055
430.8	-0.0368732
430.9	-0.0368383
431	-0.0368049
431.1	-0.036775
431.2	-0.0367424
431.3	-0.0367088
431.4	-0.0366758
431.5	-0.0366473
431.6	-0.0366186
431.7	-0.0365904
431.8	-0.0365641
431.9	-0.0365407
432	-0.0365169
432.1	-0.0364962
432.2	-0.0364803
432.3	-0.0364682
432.4	-0.0364614
432.5	-0.0364557
432.6	-0.0364494
432.7	-0.0364349
432.8	-0.0364164
432.9	-0.036398
433	-0.0363801
433.1	-0.0363609
433.2	-0.0363374
433.3	-0.0363157
433.4	-0.0362962
433.5	-0.0362769
433.6	-0.0362538
433.7	-0.0362282
433.8	-0.0362027
433.9	-0.0361771
434	-0.0361536
434.1	-0.0361347
434.2	-0.0361209
434.3	-0.0361111
434.4	-0.0361063
434.5	-0.0361075
434.6	-0.036115
434.7	-0.03613
434.8	-0.0361457
434.9	-0.0361602
435	-0.0361684
435.1	-0.0361673
435.2	-0.0361594
435.3	-0.0361542
435.4	-0.0361466
435.5	-0.0361348
435.6	-0.0361268
435.7	-0.0361192
435.8	-0.0361118
435.9	-0.0361055
436	-0.0360955
436.1	-0.0360853
436.2	-0.0360751
436.3	-0.0360623
436.4	-0.0360491
436.5	-0.0360345
436.6	-0.0360191
436.7	-0.0360088
436.8	-0.0360033
436.9	-0.0360026
437	-0.0360026
437.1	-0.0360038
437.2	-0.0360051
437.3	-0.0360111
437.4	-0.0360214
437.5	-0.0360324
437.6	-0.0360399
437.7	-0.0360474
437.8	-0.0360581
437.9	-0.0360718
438	-0.0360889
438.1	-0.0361028
438.2	-0.0361162
438.3	-0.036134
438.4	-0.0361512
438.5	-0.0361628
438.6	-0.0361731
438.7	-0.0361824
438.8	-0.0361931
438.9	-0.0362083
439	-0.0362281
439.1	-0.0362513
439.2	-0.0362794
439.3	-0.0363128
439.4	-0.0363471
439.5	-0.0363817
439.6	-0.0364158
439.7	-0.0364521
439.8	-0.0364889
439.9	-0.0365288
440	-0.0365709
440.1	-0.0366136
440.2	-0.0366536
440.3	-0.0366919
440.4	-0.0367312
440.5	-0.0367688
440.6	-0.0368039
440.7	-0.0368378
440.8	-0.0368718
440.9	-0.0369085
441	-0.0369487
441.1	-0.0369925
441.2	-0.037039
441.3	-0.0370881
441.4	-0.0371359
441.5	-0.0371824
441.6	-0.0372299
441.7	-0.0372831
441.8	-0.0373423
441.9	-0.0374056
442	-0.037475
442.1	-0.0375431
442.2	-0.0376076
442.3	-0.0376745
442.4	-0.0377406
442.5	-0.0378028
442.6	-0.0378592
442.7	-0.0379125
442.8	-0.0379595
442.9	-0.0380032
443	-0.0380433
443.1	-0.0380812
443.2	-0.0381202
443.3	-0.0381547
443.4	-0.0381889
443.5	-0.0382267
443.6	-0.0382667
443.7	-0.0383041
443.8	-0.038342
443.9	-0.038383
444	-0.0384257
444.1	-0.0384686
444.2	-0.0385082
444.3	-0.0385484
444.4	-0.0385881
444.5	-0.0386281
444.6	-0.0386677
444.7	-0.0387054
444.8	-0.0387408
444.9	-0.0387765
445	-0.038811
445.1	-0.0388471
445.2	-0.0388837
445.3	-0.0389202
445.4	-0.0389567
445.5	-0.0389943
445.6	-0.0390295
445.7	-0.0390691
445.8	-0.039104
445.9	-0.0391411
446	-0.0391789
446.1	-0.0392126
446.2	-0.0392407
446.3	-0.039265
446.4	-0.0392903
446.5	-0.039312
446.6	-0.0393337
446.7	-0.0393585
446.8	-0.0393868
446.9	-0.0394119
447	-0.0394356
447.1	-0.039457
447.2	-0.0394776
447.3	-0.0394974
447.4	-0.0395174
447.5	-0.0395356
447.6	-0.0395551
447.7	-0.0395719
447.8	-0.0395874
447.9	-0.0396017
448	-0.039615
448.1	-0.0396258
448.2	-0.0396339
448.3	-0.0396392
448.4	-0.0396468
448.5	-0.039654
448.6	-0.03966
448.7	-0.0396684
448.8	-0.0396801
448.9	-0.0396904
449	-0.0396969
449.1	-0.039707
449.2	-0.0397161
449.3	-0.0397206
449.4	-0.0397201
449.5	-0.0397152
449.6	-0.039707
449.7	-0.0396959
449.8	-0.0396856
449.9	-0.0396775
450	-0.0396707
450.1	-0.0396649
450.2	-0.0396565
450.3	-0.0396466
450.4	-0.0396415
450.5	-0.0396373
450.6	-0.0396324
450.7	-0.0396274
450.8	-0.0396261
450.9	-0.0396234
451	-0.0396184
451.1	-0.0396036
451.2	-0.0395837
451.3	-0.0395624
451.4	-0.0395491
451.5	-0.0395387
451.6	-0.0395245
451.7	-0.0395066
451.8	-0.0394842
451.9	-0.0394601
452	-0.039434
452.1	-0.039403
452.2	-0.039368
452.3	-0.0393281
452.4	-0.0392902
452.5	-0.0392525
452.6	-0.0392084
452.7	-0.0391654
452.8	-0.0391271
452.9	-0.039088
453	-0.0390539
453.1	-0.0390189
453.2	-0.0389861
453.3	-0.0389536
453.4	-0.0389208
453.5	-0.03889
453.6	-0.03886
453.7	-0.0388243
453.8	-0.0387907
453.9	-0.0387619
454	-0.0387331
454.1	-0.0386978
454.2	-0.0386606
454.3	-0.0386245
454.4	-0.0385841
454.5	-0.0385387
454.6	-0.0384895
454.7	-0.0384304
454.8	-0.0383685
454.9	-0.0383033
455	-0.0382358
455.1	-0.0381692
455.2	-0.0381
455.3	-0.0380298
455.4	-0.0379645
455.5	-0.0379047
455.6	-0.0378511
455.7	-0.0378023
455.8	-0.0377549
455.9	-0.0377073
456	-0.037656
456.1	-0.0376014
456.2	-0.0375467
456.3	-0.0374903
456.4	-0.0374315
456.5	-0.0373681
456.6	-0.037306
456.7	-0.0372415
456.8	-0.0371774
456.9	-0.0371163
457	-0.0370553
457.1	-0.0369996
457.2	-0.0369528
457.3	-0.0369108
457.4	-0.0368741
457.5	-0.0368396
457.6	-0.0368077
457.7	-0.0367743
457.8	-0.0367411
457.9	-0.036707
458	-0.036675
458.1	-0.036645
458.2	-0.0366139
458.3	-0.0365839
458.4	-0.0365562
458.5	-0.0365352
458.6	-0.0365155
458.7	-0.0364969
458.8	-0.0364807
458.9	-0.0364649
459	-0.0364462
459.1	-0.0364222
459.2	-0.0363953
459.3	-0.0363708
459.4	-0.0363464
459.5	-0.0363219
459.6	-0.0362998
459.7	-0.0362831
459.8	-0.0362693
459.9	-0.0362529
460	-0.0362386
460.1	-0.0362266
460.2	-0.0362139
460.3	-0.0362049
460.4	-0.0361957
460.5	-0.0361849
460.6	-0.0361708
460.7	-0.0361537
460.8	-0.0361367
460.9	-0.036119
461	-0.0360985
461.1	-0.0360756
461.2	-0.0360483
461.3	-0.0360153
461.4	-0.0359855
461.5	-0.0359622
461.6	-0.0359444
461.7	-0.0359258
461.8	-0.0359049
461.9	-0.0358864
462	-0.0358651
462.1	-0.0358456
462.2	-0.035823
462.3	-0.0357983
462.4	-0.0357691
462.5	-0.0357419
462.6	-0.0357165
462.7	-0.03569
462.8	-0.0356651
462.9	-0.0356456
463	-0.0356341
463.1	-0.03563
463.2	-0.0356281
463.3	-0.0356304
463.4	-0.0356282
463.5	-0.0356239
463.6	-0.035612
463.7	-0.0355953
463.8	-0.0355802
463.9	-0.0355607
464	-0.0355369
464.1	-0.0355104
464.2	-0.03548
464.3	-0.03545
464.4	-0.0354177
464.5	-0.0353888
464.6	-0.0353629
464.7	-0.035339
464.8	-0.0353141
464.9	-0.0352922
465	-0.0352732
465.1	-0.0352499
465.2	-0.0352205
465.3	-0.0351878
465.4	-0.0351543
465.5	-0.0351205
465.6	-0.0350904
465.7	-0.0350647
465.8	-0.0350432
465.9	-0.0350208
466	-0.0349936
466.1	-0.0349662
466.2	-0.0349409
466.3	-0.0349231
466.4	-0.0349104
466.5	-0.0349019
466.6	-0.0348961
466.7	-0.0348903
466.8	-0.0348869
466.9	-0.0348816
467	-0.03488
467.1	-0.0348818
467.2	-0.034887
467.3	-0.0348924
467.4	-0.0348935
467.5	-0.0348905
467.6	-0.0348827
467.7	-0.0348711
467.8	-0.0348552
467.9	-0.0348355
468	-0.0348164
468.1	-0.0347968
468.2	-0.034782
468.3	-0.0347736
468.4	-0.03477
468.5	-0.0347692
468.6	-0.0347702
468.7	-0.0347705
468.8	-0.0347697
468.9	-0.0347681
469	-0.034763
469.1	-0.0347557
469.2	-0.0347433
469.3	-0.0347291
469.4	-0.0347122
469.5	-0.0346949
469.6	-0.034681
469.7	-0.0346658
469.8	-0.0346471
469.9	-0.0346314
470	-0.0346195
470.1	-0.0346051
470.2	-0.0345896
470.3	-0.034567
470.4	-0.034542
470.5	-0.0345114
470.6	-0.0344742
470.7	-0.0344369
470.8	-0.0344026
470.9	-0.0343699
471	-0.0343348
471.1	-0.0342974
471.2	-0.034258
471.3	-0.034211
471.4	-0.0341521
471.5	-0.0340872
471.6	-0.0340184
471.7	-0.0339446
471.8	-0.0338701
471.9	-0.0337967
472	-0.0337277
472.1	-0.0336593
472.2	-0.0335875
472.3	-0.0335154
472.4	-0.0334419
472.5	-0.0333646
472.6	-0.0332861
472.7	-0.0332109
472.8	-0.0331353
472.9	-0.0330632
473	-0.0329936
473.1	-0.0329246
473.2	-0.0328593
473.3	-0.0327974
473.4	-0.0327334
473.5	-0.0326663
473.6	-0.0326022
473.7	-0.0325344
473.8	-0.032468
473.9	-0.0324006
474	-0.0323329
474.1	-0.0322637
474.2	-0.0321954
474.3	-0.0321247
474.4	-0.0320474
474.5	-0.0319654
474.6	-0.0318852
474.7	-0.031815
474.8	-0.0317536
474.9	-0.0316978
475	-0.0316415
475.1	-0.0315848
475.2	-0.0315238
475.3	-0.0314606
475.4	-0.0313981
475.5	-0.0313337
475.6	-0.0312709
475.7	-0.0312155
475.8	-0.03117
475.9	-0.0311311
476	-0.0310924
476.1	-0.0310569
476.2	-0.0310214
476.3	-0.0309843
476.4	-0.03095
476.5	-0.0309166
476.6	-0.0308887
476.7	-0.0308584
476.8	-0.0308279
476.9	-0.0308026
477	-0.0307797
477.1	-0.0307597
477.2	-0.0307394
477.3	-0.0307158
477.4	-0.0306905
477.5	-0.0306696
477.6	-0.0306492
477.7	-0.0306286
477.8	-0.030607
477.9	-0.0305847
478	-0.0305615
478.1	-0.0305364
478.2	-0.0305107
478.3	-0.0304917
478.4	-0.0304733
478.5	-0.0304561
478.6	-0.0304405
478.7	-0.0304226
478.8	-0.0304006
478.9	-0.0303758
479	-0.0303583
479.1	-0.030343
479.2	-0.0303277
479.3	-0.0303112
479.4	-0.0302941
479.5	-0.0302737
479.6	-0.0302513
479.7	-0.0302274
479.8	-0.0302062
479.9	-0.0301871
480	-0.0301684
480.1	-0.0301525
480.2	-0.0301397
480.3	-0.0301312
480.4	-0.0301253
480.5	-0.0301196
480.6	-0.0301106
480.7	-0.0301038
480.8	-0.0300979
480.9	-0.0300936
481	-0.0300893
481.1	-0.0300892
481.2	-0.0300938
481.3	-0.0301015
481.4	-0.0301103
481.5	-0.0301196
481.6	-0.0301272
481.7	-0.030134
481.8	-0.0301388
481.9	-0.0301435
482	-0.0301545
482.1	-0.030173
482.2	-0.0301951
482.3	-0.0302121
482.4	-0.0302303
482.5	-0.030245
482.6	-0.0302543
482.7	-0.030266
482.8	-0.0302796
482.9	-0.0302914
483	-0.0303012
483.1	-0.030309
483.2	-0.030314
483.3	-0.0303161
483.4	-0.0303159
483.5	-0.0303124
483.6	-0.0303067
483.7	-0.0303007
483.8	-0.0302935
483.9	-0.0302887
484	-0.0302829
484.1	-0.0302756
484.2	-0.0302671
484.3	-0.0302563
484.4	-0.0302448
484.5	-0.030236
484.6	-0.0302298
484.7	-0.030224
484.8	-0.0302165
484.9	-0.0302106
485	-0.030213
485.1	-0.0302206
485.2	-0.0302282
485.3	-0.0302345
485.4	-0.0302398
485.5	-0.0302446
485.6	-0.030246
485.7	-0.030242
485.8	-0.0302354
485.9	-0.030226
486	-0.0302152
486.1	-0.0302029
486.2	-0.0301929
486.3	-0.0301848
486.4	-0.0301758
486.5	-0.0301652
486.6	-0.0301507
486.7	-0.0301347
486.8	-0.0301217
486.9	-0.0301124
487	-0.030106
487.1	-0.030102
487.2	-0.0300936
487.3	-0.0300794
487.4	-0.0300612
487.5	-0.0300428
487.6	-0.030021
487.7	-0.0299977
487.8	-0.0299783
487.9	-0.0299588
488	-0.0299397
488.1	-0.0299217
488.2	-0.0299023
488.3	-0.0298856
488.4	-0.0298682
488.5	-0.0298503
488.6	-0.029827
488.7	-0.0298036
488.8	-0.0297734
488.9	-0.0297406
489	-0.0297102
489.1	-0.029677
489.2	-0.0296383
489.3	-0.0295996
489.4	-0.0295581
489.5	-0.0295168
489.6	-0.0294729
489.7	-0.0294267
489.8	-0.0293843
489.9	-0.0293456
490	-0.0293132
490.1	-0.029284
490.2	-0.0292524
490.3	-0.0292211
490.4	-0.0291919
490.5	-0.0291598
490.6	-0.0291262
490.7	-0.0290914
490.8	-0.0290552
490.9	-0.0290216
491	-0.0289925
491.1	-0.0289685
491.2	-0.0289456
491.3	-0.0289213
491.4	-0.0288953
491.5	-0.0288708
491.6	-0.0288474
491.7	-0.0288277
491.8	-0.0288051
491.9	-0.0287795
492	-0.0287497
492.1	-0.0287133
492.2	-0.0286784
492.3	-0.0286457
492.4	-0.0286149
492.5	-0.028585
492.6	-0.0285542
492.7	-0.0285278
492.8	-0.0285016
492.9	-0.0284768
493	-0.0284532
493.1	-0.0284275
493.2	-0.028398
493.3	-0.0283661
493.4	-0.0283369
493.5	-0.028307
493.6	-0.0282739
493.7	-0.0282456
493.8	-0.0282172
493.9	-0.0281905
494	-0.0281649
494.1	-0.0281405
494.2	-0.028108
494.3	-0.0280703
494.4	-0.0280337
494.5	-0.0279921
494.6	-0.0279466
494.7	-0.0278999
494.8	-0.0278554
494.9	-0.0278115
495	-0.0277647
495.1	-0.0277153
495.2	-0.0276578
495.3	-0.0275938
495.4	-0.0275279
495.5	-0.027463
495.6	-0.027399
495.7	-0.0273359
495.8	-0.0272788
495.9	-0.0272224
496	-0.027167
496.1	-0.0271109
496.2	-0.0270537
496.3	-0.0269978
496.4	-0.0269442
496.5	-0.0268982
496.6	-0.026862
496.7	-0.0268316
496.8	-0.0268027
496.9	-0.0267738
497	-0.0267476
497.1	-0.0267232
497.2	-0.0266965
497.3	-0.0266639
497.4	-0.026626
497.5	-0.0265848
497.6	-0.0265391
497.7	-0.0264908
497.8	-0.026445
497.9	-0.0263991
498	-0.0263503
498.1	-0.0262989
498.2	-0.0262498
498.3	-0.0262039
498.4	-0.0261627
498.5	-0.0261234
498.6	-0.0260843
498.7	-0.0260441
498.8	-0.0260041
498.9	-0.0259653
499	-0.025931
499.1	-0.0258953
499.2	-0.0258574
499.3	-0.0258189
499.4	-0.0257835
499.5	-0.0257459
499.6	-0.0257063
499.7	-0.0256694
499.8	-0.0256359
499.9	-0.0256038
500	-0.0255755
