LagTime	Correlation

0	3.59203
0.1	3.58702
0.2	3.57954
0.3	3.57147
0.4	3.5633
0.5	3.55514
0.6	3.54702
0.7	3.53895
0.8	3.53094
0.9	3.52298
1	3.51507
1.1	3.50721
1.2	3.4994
1.3	3.49164
1.4	3.48393
1.5	3.47627
1.6	3.46865
1.7	3.46107
1.8	3.45353
1.9	3.44605
2	3.4386
2.1	3.43119
2.2	3.42383
2.3	3.41651
2.4	3.40923
2.5	3.40199
2.6	3.39479
2.7	3.38763
2.8	3.38051
2.9	3.37342
3	3.36637
3.1	3.35936
3.2	3.35239
3.3	3.34546
3.4	3.33857
3.5	3.3317
3.6	3.32487
3.7	3.31808
3.8	3.31132
3.9	3.3046
4	3.29791
4.1	3.29126
4.2	3.28464
4.3	3.27806
4.4	3.2715
4.5	3.26499
4.6	3.2585
4.7	3.25206
4.8	3.24564
4.9	3.23926
5	3.23291
5.1	3.22659
5.2	3.2203
5.3	3.21405
5.4	3.20783
5.5	3.20164
5.6	3.19547
5.7	3.18934
5.8	3.18322
5.9	3.17713
6	3.17107
6.1	3.16504
6.2	3.15903
6.3	3.15305
6.4	3.1471
6.5	3.14118
6.6	3.13529
6.7	3.12942
6.8	3.12359
6.9	3.11779
7	3.11201
7.1	3.10625
7.2	3.10052
7.3	3.09482
7.4	3.08913
7.5	3.08346
7.6	3.07781
7.7	3.07218
7.8	3.06658
7.9	3.06099
8	3.05542
8.1	3.04987
8.2	3.04434
8.3	3.03883
8.4	3.03334
8.5	3.02787
8.6	3.02242
8.7	3.01698
8.8	3.01156
8.9	3.00615
9	3.00076
9.1	2.99538
9.2	2.99002
9.3	2.98469
9.4	2.97938
9.5	2.97408
9.6	2.9688
9.7	2.96354
9.8	2.9583
9.9	2.95307
10	2.94785
10.1	2.94264
10.2	2.93746
10.3	2.93229
10.4	2.92714
10.5	2.922
10.6	2.91688
10.7	2.91177
10.8	2.90669
10.9	2.90161
11	2.89655
11.1	2.8915
11.2	2.88648
11.3	2.88147
11.4	2.87648
11.5	2.87151
11.6	2.86656
11.7	2.86162
11.8	2.85669
11.9	2.85179
12	2.8469
12.1	2.84203
12.2	2.83717
12.3	2.83233
12.4	2.8275
12.5	2.82268
12.6	2.81786
12.7	2.81304
12.8	2.80825
12.9	2.80347
13	2.79871
13.1	2.79396
13.2	2.78923
13.3	2.78453
13.4	2.77984
13.5	2.77517
13.6	2.77051
13.7	2.76587
13.8	2.76124
13.9	2.75661
14	2.75199
14.1	2.74738
14.2	2.74279
14.3	2.73821
14.4	2.73364
14.5	2.72909
14.6	2.72455
14.7	2.72002
14.8	2.71551
14.9	2.71101
15	2.70652
15.1	2.70205
15.2	2.6976
15.3	2.69316
15.4	2.68874
15.5	2.68431
15.6	2.6799
15.7	2.67548
15.8	2.67108
15.9	2.66667
16	2.66228
16.1	2.65789
16.2	2.65351
16.3	2.64914
16.4	2.64477
16.5	2.64041
16.6	2.63606
16.7	2.63171
16.8	2.62738
16.9	2.62307
17	2.61876
17.1	2.61447
17.2	2.6102
17.3	2.60593
17.4	2.60168
17.5	2.59743
17.6	2.5932
17.7	2.58899
17.8	2.58478
17.9	2.58059
18	2.57642
18.1	2.57225
18.2	2.56808
18.3	2.56392
18.4	2.55978
18.5	2.55564
18.6	2.55152
18.7	2.5474
18.8	2.54329
18.9	2.53919
19	2.53509
19.1	2.53101
19.2	2.52693
19.3	2.52287
19.4	2.5188
19.5	2.51475
19.6	2.51069
19.7	2.50664
19.8	2.5026
19.9	2.49855
20	2.49451
20.1	2.49049
20.2	2.48647
20.3	2.48246
20.4	2.47846
20.5	2.47448
20.6	2.4705
20.7	2.46653
20.8	2.46258
20.9	2.45863
21	2.4547
21.1	2.45076
21.2	2.44684
21.3	2.44292
21.4	2.43901
21.5	2.43511
21.6	2.43122
21.7	2.42732
21.8	2.42345
21.9	2.41958
22	2.41571
22.1	2.41184
22.2	2.40799
22.3	2.40415
22.4	2.40031
22.5	2.39649
22.6	2.39267
22.7	2.38886
22.8	2.38506
22.9	2.38126
23	2.37747
23.1	2.37368
23.2	2.3699
23.3	2.36613
23.4	2.36235
23.5	2.35858
23.6	2.35481
23.7	2.35104
23.8	2.34729
23.9	2.34354
24	2.3398
24.1	2.33606
24.2	2.33233
24.3	2.3286
24.4	2.32489
24.5	2.32118
24.6	2.31748
24.7	2.31379
24.8	2.3101
24.9	2.30642
25	2.30274
25.1	2.29907
25.2	2.29541
25.3	2.29176
25.4	2.28812
25.5	2.2845
25.6	2.28088
25.7	2.27726
25.8	2.27365
25.9	2.27004
26	2.26643
26.1	2.26283
26.2	2.25924
26.3	2.25565
26.4	2.25206
26.5	2.24847
26.6	2.2449
26.7	2.24133
26.8	2.23777
26.9	2.23422
27	2.23067
27.1	2.22714
27.2	2.2236
27.3	2.22008
27.4	2.21657
27.5	2.21307
27.6	2.20956
27.7	2.20607
27.8	2.20258
27.9	2.1991
28	2.19562
28.1	2.19215
28.2	2.18869
28.3	2.18523
28.4	2.18178
28.5	2.17834
28.6	2.1749
28.7	2.17146
28.8	2.16803
28.9	2.16459
29	2.16116
29.1	2.15773
29.2	2.15431
29.3	2.1509
29.4	2.14749
29.5	2.14409
29.6	2.1407
29.7	2.13733
29.8	2.13396
29.9	2.1306
30	2.12724
30.1	2.12389
30.2	2.12055
30.3	2.11722
30.4	2.11389
30.5	2.11057
30.6	2.10726
30.7	2.10395
30.8	2.10064
30.9	2.09734
31	2.09405
31.1	2.09076
31.2	2.08748
31.3	2.0842
31.4	2.08093
31.5	2.07767
31.6	2.07441
31.7	2.07116
31.8	2.06792
31.9	2.06468
32	2.06143
32.1	2.05819
32.2	2.05495
32.3	2.0517
32.4	2.04847
32.5	2.04523
32.6	2.042
32.7	2.03877
32.8	2.03555
32.9	2.03234
33	2.02913
33.1	2.02592
33.2	2.02272
33.3	2.01952
33.4	2.01634
33.5	2.01317
33.6	2.00999
33.7	2.00682
33.8	2.00365
33.9	2.00049
34	1.99732
34.1	1.99417
34.2	1.99102
34.3	1.98788
34.4	1.98475
34.5	1.98163
34.6	1.97851
34.7	1.97538
34.8	1.97226
34.9	1.96914
35	1.96603
35.1	1.96291
35.2	1.95979
35.3	1.95668
35.4	1.95356
35.5	1.95044
35.6	1.94733
35.7	1.94422
35.8	1.94111
35.9	1.93802
36	1.93493
36.1	1.93185
36.2	1.92877
36.3	1.92569
36.4	1.92262
36.5	1.91955
36.6	1.91648
36.7	1.91343
36.8	1.91038
36.9	1.90733
37	1.90429
37.1	1.90126
37.2	1.89823
37.3	1.89521
37.4	1.8922
37.5	1.8892
37.6	1.8862
37.7	1.88321
37.8	1.88022
37.9	1.87724
38	1.87425
38.1	1.87126
38.2	1.86827
38.3	1.8653
38.4	1.86233
38.5	1.85937
38.6	1.85643
38.7	1.85349
38.8	1.85056
38.9	1.84763
39	1.84472
39.1	1.84181
39.2	1.8389
39.3	1.836
39.4	1.8331
39.5	1.83022
39.6	1.82733
39.7	1.82445
39.8	1.82157
39.9	1.8187
40	1.81584
40.1	1.81298
40.2	1.81012
40.3	1.80726
40.4	1.80441
40.5	1.80155
40.6	1.79871
40.7	1.79586
40.8	1.79301
40.9	1.79017
41	1.78734
41.1	1.78451
41.2	1.78169
41.3	1.77888
41.4	1.77608
41.5	1.77328
41.6	1.77048
41.7	1.76769
41.8	1.7649
41.9	1.76213
42	1.75936
42.1	1.75659
42.2	1.75384
42.3	1.75109
42.4	1.74835
42.5	1.74561
42.6	1.74288
42.7	1.74014
42.8	1.73741
42.9	1.73469
43	1.73197
43.1	1.72926
43.2	1.72654
43.3	1.72384
43.4	1.72113
43.5	1.71844
43.6	1.71575
43.7	1.71306
43.8	1.71038
43.9	1.70771
44	1.70504
44.1	1.70238
44.2	1.69972
44.3	1.69707
44.4	1.69442
44.5	1.69178
44.6	1.68914
44.7	1.68651
44.8	1.68388
44.9	1.68126
45	1.67865
45.1	1.67604
45.2	1.67343
45.3	1.67082
45.4	1.66821
45.5	1.66561
45.6	1.66302
45.7	1.66043
45.8	1.65785
45.9	1.65527
46	1.6527
46.1	1.65013
46.2	1.64758
46.3	1.64503
46.4	1.6425
46.5	1.63996
46.6	1.63742
46.7	1.63488
46.8	1.63235
46.9	1.62983
47	1.62731
47.1	1.6248
47.2	1.6223
47.3	1.61981
47.4	1.61731
47.5	1.61482
47.6	1.61232
47.7	1.60983
47.8	1.60733
47.9	1.60485
48	1.60237
48.1	1.5999
48.2	1.59743
48.3	1.59496
48.4	1.59249
48.5	1.59003
48.6	1.58756
48.7	1.5851
48.8	1.58266
48.9	1.58021
49	1.57778
49.1	1.57535
49.2	1.57291
49.3	1.57048
49.4	1.56805
49.5	1.56562
49.6	1.56319
49.7	1.56076
49.8	1.55834
49.9	1.55592
50	1.5535
50.1	1.55109
50.2	1.54869
50.3	1.54629
50.4	1.5439
50.5	1.54151
50.6	1.53912
50.7	1.53674
50.8	1.53436
50.9	1.53199
51	1.52962
51.1	1.52725
51.2	1.5249
51.3	1.52254
51.4	1.52019
51.5	1.51784
51.6	1.51549
51.7	1.51314
51.8	1.51079
51.9	1.50844
52	1.50609
52.1	1.50375
52.2	1.50141
52.3	1.49908
52.4	1.49675
52.5	1.49441
52.6	1.49208
52.7	1.48975
52.8	1.48743
52.9	1.48511
53	1.48279
53.1	1.48048
53.2	1.47818
53.3	1.47588
53.4	1.47359
53.5	1.4713
53.6	1.469
53.7	1.4667
53.8	1.46441
53.9	1.46213
54	1.45984
54.1	1.45756
54.2	1.45528
54.3	1.45301
54.4	1.45074
54.5	1.44847
54.6	1.4462
54.7	1.44394
54.8	1.44169
54.9	1.43943
55	1.43718
55.1	1.43493
55.2	1.43269
55.3	1.43046
55.4	1.42823
55.5	1.42601
55.6	1.42379
55.7	1.42158
55.8	1.41936
55.9	1.41716
56	1.41496
56.1	1.41276
56.2	1.41057
56.3	1.40839
56.4	1.4062
56.5	1.40402
56.6	1.40185
56.7	1.39967
56.8	1.3975
56.9	1.39533
57	1.39317
57.1	1.391
57.2	1.38884
57.3	1.38668
57.4	1.38453
57.5	1.38237
57.6	1.38022
57.7	1.37807
57.8	1.37593
57.9	1.3738
58	1.37166
58.1	1.36954
58.2	1.3674
58.3	1.36527
58.4	1.36313
58.5	1.36099
58.6	1.35886
58.7	1.35674
58.8	1.35462
58.9	1.35249
59	1.35037
59.1	1.34825
59.2	1.34613
59.3	1.344
59.4	1.34187
59.5	1.33974
59.6	1.33762
59.7	1.33551
59.8	1.3334
59.9	1.3313
60	1.3292
60.1	1.32711
60.2	1.32503
60.3	1.32295
60.4	1.32087
60.5	1.31881
60.6	1.31674
60.7	1.31467
60.8	1.31261
60.9	1.31055
61	1.3085
61.1	1.30646
61.2	1.30442
61.3	1.30239
61.4	1.30036
61.5	1.29834
61.6	1.29632
61.7	1.29431
61.8	1.2923
61.9	1.29029
62	1.28828
62.1	1.28627
62.2	1.28426
62.3	1.28225
62.4	1.28025
62.5	1.27825
62.6	1.27625
62.7	1.27426
62.8	1.27227
62.9	1.27029
63	1.26831
63.1	1.26633
63.2	1.26436
63.3	1.26239
63.4	1.26042
63.5	1.25846
63.6	1.2565
63.7	1.25456
63.8	1.25261
63.9	1.25068
64	1.24875
64.1	1.24681
64.2	1.24488
64.3	1.24296
64.4	1.24104
64.5	1.23912
64.6	1.23721
64.7	1.23529
64.8	1.23337
64.9	1.23145
65	1.22953
65.1	1.22762
65.2	1.22571
65.3	1.2238
65.4	1.22189
65.5	1.21999
65.6	1.21809
65.7	1.21618
65.8	1.21428
65.9	1.21238
66	1.21048
66.1	1.20859
66.2	1.2067
66.3	1.20481
66.4	1.20293
66.5	1.20104
66.6	1.19916
66.7	1.19729
66.8	1.19541
66.9	1.19353
67	1.19165
67.1	1.18977
67.2	1.1879
67.3	1.18604
67.4	1.18419
67.5	1.18234
67.6	1.18049
67.7	1.17865
67.8	1.17681
67.9	1.17498
68	1.17316
68.1	1.17134
68.2	1.16952
68.3	1.16771
68.4	1.16589
68.5	1.16408
68.6	1.16227
68.7	1.16045
68.8	1.15864
68.9	1.15682
69	1.15501
69.1	1.1532
69.2	1.15139
69.3	1.14959
69.4	1.14779
69.5	1.14599
69.6	1.1442
69.7	1.14241
69.8	1.14063
69.9	1.13885
70	1.13708
70.1	1.13531
70.2	1.13355
70.3	1.13179
70.4	1.13003
70.5	1.12827
70.6	1.12652
70.7	1.12476
70.8	1.12301
70.9	1.12126
71	1.11951
71.1	1.11777
71.2	1.11602
71.3	1.11427
71.4	1.11252
71.5	1.11077
71.6	1.10903
71.7	1.10728
71.8	1.10554
71.9	1.10381
72	1.10209
72.1	1.10037
72.2	1.09866
72.3	1.09695
72.4	1.09525
72.5	1.09354
72.6	1.09183
72.7	1.09013
72.8	1.08842
72.9	1.08671
73	1.085
73.1	1.08328
73.2	1.08157
73.3	1.07986
73.4	1.07815
73.5	1.07644
73.6	1.07473
73.7	1.07302
73.8	1.07132
73.9	1.06962
74	1.06792
74.1	1.06623
74.2	1.06453
74.3	1.06284
74.4	1.06115
74.5	1.05946
74.6	1.05778
74.7	1.0561
74.8	1.05442
74.9	1.05274
75	1.05106
75.1	1.04938
75.2	1.04771
75.3	1.04604
75.4	1.04438
75.5	1.04272
75.6	1.04108
75.7	1.03943
75.8	1.03779
75.9	1.03614
76	1.0345
76.1	1.03286
76.2	1.03123
76.3	1.02961
76.4	1.02799
76.5	1.02637
76.6	1.02475
76.7	1.02314
76.8	1.02153
76.9	1.01991
77	1.01831
77.1	1.0167
77.2	1.0151
77.3	1.0135
77.4	1.0119
77.5	1.0103
77.6	1.0087
77.7	1.0071
77.8	1.00551
77.9	1.00392
78	1.00234
78.1	1.00076
78.2	0.999183
78.3	0.997609
78.4	0.996041
78.5	0.99448
78.6	0.992925
78.7	0.991372
78.8	0.989822
78.9	0.98827
79	0.986718
79.1	0.985163
79.2	0.983608
79.3	0.982055
79.4	0.980506
79.5	0.978959
79.6	0.977416
79.7	0.975871
79.8	0.974328
79.9	0.972782
80	0.971236
80.1	0.969689
80.2	0.968151
80.3	0.966617
80.4	0.965082
80.5	0.963551
80.6	0.962026
80.7	0.960504
80.8	0.958988
80.9	0.957477
81	0.955974
81.1	0.954476
81.2	0.952981
81.3	0.951487
81.4	0.949993
81.5	0.948502
81.6	0.947014
81.7	0.94553
81.8	0.944051
81.9	0.942572
82	0.941091
82.1	0.939614
82.2	0.938136
82.3	0.936658
82.4	0.935182
82.5	0.933708
82.6	0.932235
82.7	0.930762
82.8	0.929293
82.9	0.927829
83	0.926372
83.1	0.924915
83.2	0.923459
83.3	0.922009
83.4	0.920561
83.5	0.919116
83.6	0.917673
83.7	0.91623
83.8	0.91479
83.9	0.913351
84	0.911915
84.1	0.910481
84.2	0.909049
84.3	0.907623
84.4	0.906203
84.5	0.904782
84.6	0.903355
84.7	0.901926
84.8	0.900494
84.9	0.899065
85	0.897641
85.1	0.896214
85.2	0.894791
85.3	0.893372
85.4	0.891955
85.5	0.890542
85.6	0.889128
85.7	0.887718
85.8	0.88631
85.9	0.884906
86	0.883502
86.1	0.882103
86.2	0.880704
86.3	0.879308
86.4	0.877913
86.5	0.876523
86.6	0.875135
86.7	0.873747
86.8	0.87236
86.9	0.870973
87	0.869586
87.1	0.868204
87.2	0.866827
87.3	0.865453
87.4	0.864082
87.5	0.862716
87.6	0.861357
87.7	0.860001
87.8	0.858643
87.9	0.857284
88	0.855929
88.1	0.854572
88.2	0.853216
88.3	0.851859
88.4	0.850502
88.5	0.849148
88.6	0.847795
88.7	0.846443
88.8	0.845097
88.9	0.843756
89	0.842412
89.1	0.841066
89.2	0.839719
89.3	0.838372
89.4	0.837029
89.5	0.835688
89.6	0.834347
89.7	0.833007
89.8	0.831665
89.9	0.830328
90	0.828992
90.1	0.827655
90.2	0.82632
90.3	0.824984
90.4	0.823652
90.5	0.822326
90.6	0.820997
90.7	0.819672
90.8	0.818343
90.9	0.817017
91	0.815695
91.1	0.814373
91.2	0.813052
91.3	0.811739
91.4	0.810433
91.5	0.809132
91.6	0.807831
91.7	0.806532
91.8	0.805239
91.9	0.803952
92	0.802663
92.1	0.801375
92.2	0.800092
92.3	0.798814
92.4	0.797534
92.5	0.79625
92.6	0.794964
92.7	0.793681
92.8	0.792402
92.9	0.791128
93	0.789857
93.1	0.788592
93.2	0.787328
93.3	0.786059
93.4	0.78478
93.5	0.783498
93.6	0.782217
93.7	0.780936
93.8	0.779654
93.9	0.778376
94	0.777105
94.1	0.775835
94.2	0.774565
94.3	0.773298
94.4	0.77203
94.5	0.770764
94.6	0.769498
94.7	0.768233
94.8	0.766965
94.9	0.765699
95	0.764438
95.1	0.763182
95.2	0.761932
95.3	0.760686
95.4	0.759445
95.5	0.758208
95.6	0.756973
95.7	0.755739
95.8	0.754503
95.9	0.753271
96	0.752041
96.1	0.750812
96.2	0.749587
96.3	0.748363
96.4	0.747144
96.5	0.74593
96.6	0.744719
96.7	0.743506
96.8	0.742291
96.9	0.741078
97	0.739864
97.1	0.738648
97.2	0.737429
97.3	0.736213
97.4	0.735003
97.5	0.733792
97.6	0.732575
97.7	0.731355
97.8	0.730136
97.9	0.728915
98	0.727693
98.1	0.726469
98.2	0.725245
98.3	0.724022
98.4	0.722804
98.5	0.721584
98.6	0.720359
98.7	0.71913
98.8	0.717903
98.9	0.716682
99	0.715462
99.1	0.714246
99.2	0.713032
99.3	0.711817
99.4	0.710596
99.5	0.709378
99.6	0.70816
99.7	0.706943
99.8	0.705729
99.9	0.704517
100	0.703312
100.1	0.702112
100.2	0.700914
100.3	0.699715
100.4	0.698514
100.5	0.697318
100.6	0.696129
100.7	0.694941
100.8	0.69375
100.9	0.69256
101	0.691372
101.1	0.690185
101.2	0.689005
101.3	0.687829
101.4	0.686657
101.5	0.685485
101.6	0.684312
101.7	0.683144
101.8	0.681984
101.9	0.68083
102	0.679679
102.1	0.678529
102.2	0.677379
102.3	0.676234
102.4	0.675094
102.5	0.67396
102.6	0.672829
102.7	0.6717
102.8	0.670573
102.9	0.66945
103	0.668332
103.1	0.667219
103.2	0.666107
103.3	0.664993
103.4	0.663884
103.5	0.662776
103.6	0.661678
103.7	0.660584
103.8	0.659494
103.9	0.658408
104	0.657328
104.1	0.656255
104.2	0.655185
104.3	0.654118
104.4	0.653052
104.5	0.651982
104.6	0.650912
104.7	0.649846
104.8	0.648782
104.9	0.647715
105	0.646648
105.1	0.645586
105.2	0.644528
105.3	0.643476
105.4	0.642426
105.5	0.64138
105.6	0.640342
105.7	0.639305
105.8	0.638275
105.9	0.637252
106	0.636235
106.1	0.635224
106.2	0.634216
106.3	0.633209
106.4	0.632204
106.5	0.631202
106.6	0.630202
106.7	0.629206
106.8	0.628215
106.9	0.627228
107	0.626247
107.1	0.625266
107.2	0.62429
107.3	0.623324
107.4	0.622363
107.5	0.621403
107.6	0.620449
107.7	0.619499
107.8	0.618554
107.9	0.617614
108	0.616675
108.1	0.615732
108.2	0.614789
108.3	0.613846
108.4	0.612907
108.5	0.611974
108.6	0.611041
108.7	0.610111
108.8	0.609186
108.9	0.608269
109	0.607358
109.1	0.606449
109.2	0.605541
109.3	0.604638
109.4	0.603738
109.5	0.602841
109.6	0.601943
109.7	0.601049
109.8	0.600161
109.9	0.599283
110	0.598409
110.1	0.597536
110.2	0.596671
110.3	0.595806
110.4	0.594938
110.5	0.594069
110.6	0.5932
110.7	0.592341
110.8	0.591484
110.9	0.590632
111	0.589788
111.1	0.588946
111.2	0.588105
111.3	0.587257
111.4	0.586404
111.5	0.585542
111.6	0.58468
111.7	0.583813
111.8	0.582942
111.9	0.58207
112	0.581203
112.1	0.580343
112.2	0.579487
112.3	0.578636
112.4	0.577793
112.5	0.576953
112.6	0.576115
112.7	0.575279
112.8	0.574449
112.9	0.573621
113	0.572795
113.1	0.571971
113.2	0.571152
113.3	0.570336
113.4	0.569521
113.5	0.56871
113.6	0.567902
113.7	0.567095
113.8	0.566289
113.9	0.565485
114	0.56468
114.1	0.563881
114.2	0.56308
114.3	0.562285
114.4	0.56149
114.5	0.560693
114.6	0.559892
114.7	0.559085
114.8	0.558275
114.9	0.55746
115	0.556639
115.1	0.555819
115.2	0.554998
115.3	0.554177
115.4	0.553361
115.5	0.55255
115.6	0.55174
115.7	0.550938
115.8	0.550144
115.9	0.549359
116	0.548579
116.1	0.547802
116.2	0.547028
116.3	0.546251
116.4	0.545472
116.5	0.544694
116.6	0.543918
116.7	0.543144
116.8	0.542367
116.9	0.541587
117	0.540803
117.1	0.540017
117.2	0.53923
117.3	0.538442
117.4	0.537653
117.5	0.536857
117.6	0.536059
117.7	0.535265
117.8	0.534472
117.9	0.533681
118	0.532886
118.1	0.532091
118.2	0.531297
118.3	0.530509
118.4	0.529721
118.5	0.528935
118.6	0.528154
118.7	0.527375
118.8	0.526595
118.9	0.525818
119	0.525038
119.1	0.524252
119.2	0.523467
119.3	0.522686
119.4	0.521906
119.5	0.521127
119.6	0.520347
119.7	0.519565
119.8	0.518781
119.9	0.517992
120	0.517201
120.1	0.51641
120.2	0.515616
120.3	0.514818
120.4	0.514019
120.5	0.513222
120.6	0.51243
120.7	0.51164
120.8	0.510855
120.9	0.51008
121	0.509308
121.1	0.508534
121.2	0.507755
121.3	0.506977
121.4	0.506204
121.5	0.505432
121.6	0.504658
121.7	0.50389
121.8	0.503123
121.9	0.50235
122	0.501575
122.1	0.500802
122.2	0.500032
122.3	0.499263
122.4	0.498488
122.5	0.49771
122.6	0.496928
122.7	0.496147
122.8	0.495369
122.9	0.494591
123	0.493815
123.1	0.493041
123.2	0.492271
123.3	0.491506
123.4	0.49074
123.5	0.489974
123.6	0.489208
123.7	0.488444
123.8	0.487682
123.9	0.486928
124	0.486185
124.1	0.485446
124.2	0.484711
124.3	0.483981
124.4	0.483252
124.5	0.482521
124.6	0.481789
124.7	0.481061
124.8	0.480335
124.9	0.479611
125	0.478891
125.1	0.478174
125.2	0.477465
125.3	0.476762
125.4	0.476061
125.5	0.47536
125.6	0.474658
125.7	0.473952
125.8	0.473253
125.9	0.472557
126	0.471857
126.1	0.471154
126.2	0.470451
126.3	0.469749
126.4	0.469049
126.5	0.468352
126.6	0.467656
126.7	0.466959
126.8	0.466261
126.9	0.46556
127	0.464856
127.1	0.464148
127.2	0.46344
127.3	0.462732
127.4	0.462026
127.5	0.461319
127.6	0.460617
127.7	0.459916
127.8	0.459216
127.9	0.458514
128	0.457815
128.1	0.45712
128.2	0.456429
128.3	0.455741
128.4	0.455053
128.5	0.454368
128.6	0.453684
128.7	0.453003
128.8	0.452326
128.9	0.451652
129	0.450979
129.1	0.450302
129.2	0.449622
129.3	0.448935
129.4	0.448245
129.5	0.447554
129.6	0.44686
129.7	0.446162
129.8	0.445464
129.9	0.444764
130	0.444066
130.1	0.44337
130.2	0.442676
130.3	0.441981
130.4	0.441284
130.5	0.440589
130.6	0.439893
130.7	0.439195
130.8	0.438502
130.9	0.437813
131	0.43713
131.1	0.436451
131.2	0.435774
131.3	0.435093
131.4	0.434411
131.5	0.433725
131.6	0.43304
131.7	0.432361
131.8	0.431683
131.9	0.431003
132	0.430322
132.1	0.429639
132.2	0.428953
132.3	0.428268
132.4	0.427583
132.5	0.426902
132.6	0.426223
132.7	0.425546
132.8	0.424872
132.9	0.424204
133	0.423537
133.1	0.422873
133.2	0.422212
133.3	0.42155
133.4	0.420883
133.5	0.42021
133.6	0.419531
133.7	0.418849
133.8	0.418172
133.9	0.417498
134	0.416829
134.1	0.41616
134.2	0.415489
134.3	0.414818
134.4	0.414148
134.5	0.413484
134.6	0.412826
134.7	0.41217
134.8	0.411513
134.9	0.410859
135	0.410208
135.1	0.409557
135.2	0.40891
135.3	0.408263
135.4	0.407613
135.5	0.406963
135.6	0.406314
135.7	0.405668
135.8	0.405024
135.9	0.404379
136	0.403729
136.1	0.403077
136.2	0.402427
136.3	0.401783
136.4	0.401145
136.5	0.400514
136.6	0.399885
136.7	0.399263
136.8	0.398643
136.9	0.398026
137	0.397412
137.1	0.396802
137.2	0.396189
137.3	0.395571
137.4	0.39495
137.5	0.39433
137.6	0.39371
137.7	0.393097
137.8	0.392487
137.9	0.39188
138	0.391271
138.1	0.390663
138.2	0.390054
138.3	0.389446
138.4	0.388845
138.5	0.388247
138.6	0.38765
138.7	0.387054
138.8	0.386461
138.9	0.385869
139	0.385282
139.1	0.384699
139.2	0.38412
139.3	0.383538
139.4	0.382951
139.5	0.382356
139.6	0.38176
139.7	0.381166
139.8	0.380577
139.9	0.379991
140	0.379403
140.1	0.378812
140.2	0.378219
140.3	0.377624
140.4	0.377029
140.5	0.376433
140.6	0.375831
140.7	0.375229
140.8	0.374624
140.9	0.374022
141	0.373425
141.1	0.372828
141.2	0.372224
141.3	0.371616
141.4	0.371006
141.5	0.370392
141.6	0.369774
141.7	0.369152
141.8	0.36853
141.9	0.36791
142	0.36729
142.1	0.366668
142.2	0.366045
142.3	0.365421
142.4	0.364799
142.5	0.364178
142.6	0.363559
142.7	0.362939
142.8	0.362324
142.9	0.361714
143	0.361109
143.1	0.360506
143.2	0.359904
143.3	0.359301
143.4	0.358696
143.5	0.358088
143.6	0.357478
143.7	0.356867
143.8	0.356258
143.9	0.355651
144	0.355039
144.1	0.354425
144.2	0.353812
144.3	0.353203
144.4	0.352602
144.5	0.352003
144.6	0.351405
144.7	0.350806
144.8	0.350208
144.9	0.349614
145	0.349025
145.1	0.348436
145.2	0.347849
145.3	0.34726
145.4	0.346676
145.5	0.346095
145.6	0.345517
145.7	0.344942
145.8	0.34437
145.9	0.343795
146	0.343222
146.1	0.342651
146.2	0.342079
146.3	0.341508
146.4	0.340938
146.5	0.340373
146.6	0.339813
146.7	0.339259
146.8	0.338708
146.9	0.338166
147	0.337631
147.1	0.337101
147.2	0.336572
147.3	0.336041
147.4	0.33551
147.5	0.334975
147.6	0.33444
147.7	0.333904
147.8	0.33337
147.9	0.332841
148	0.332318
148.1	0.331802
148.2	0.331291
148.3	0.330785
148.4	0.330277
148.5	0.329772
148.6	0.329274
148.7	0.328787
148.8	0.328303
148.9	0.327821
149	0.327338
149.1	0.326853
149.2	0.326365
149.3	0.32588
149.4	0.325396
149.5	0.324913
149.6	0.324431
149.7	0.323949
149.8	0.323468
149.9	0.322985
150	0.322503
150.1	0.32202
150.2	0.321543
150.3	0.321073
150.4	0.320612
150.5	0.320159
150.6	0.319716
150.7	0.319279
150.8	0.318846
150.9	0.31841
151	0.317974
151.1	0.317539
151.2	0.317104
151.3	0.316664
151.4	0.316223
151.5	0.315781
151.6	0.315345
151.7	0.314914
151.8	0.314492
151.9	0.314075
152	0.31366
152.1	0.313247
152.2	0.312837
152.3	0.312421
152.4	0.312003
152.5	0.311585
152.6	0.311168
152.7	0.310756
152.8	0.310348
152.9	0.309938
153	0.309533
153.1	0.309131
153.2	0.308728
153.3	0.30833
153.4	0.307928
153.5	0.307523
153.6	0.307119
153.7	0.306712
153.8	0.306304
153.9	0.305892
154	0.30548
154.1	0.305062
154.2	0.304639
154.3	0.304215
154.4	0.303792
154.5	0.30337
154.6	0.302949
154.7	0.302532
154.8	0.302112
154.9	0.301692
155	0.301274
155.1	0.300854
155.2	0.300435
155.3	0.300013
155.4	0.29959
155.5	0.299168
155.6	0.298743
155.7	0.298312
155.8	0.297879
155.9	0.297446
156	0.297014
156.1	0.296586
156.2	0.296158
156.3	0.295735
156.4	0.295313
156.5	0.294887
156.6	0.294459
156.7	0.294032
156.8	0.293611
156.9	0.293196
157	0.292781
157.1	0.292368
157.2	0.29196
157.3	0.29155
157.4	0.291139
157.5	0.290726
157.6	0.290319
157.7	0.289918
157.8	0.289519
157.9	0.289118
158	0.288716
158.1	0.288313
158.2	0.287905
158.3	0.287491
158.4	0.287076
158.5	0.28666
158.6	0.286245
158.7	0.285835
158.8	0.285425
158.9	0.285007
159	0.284586
159.1	0.284166
159.2	0.283754
159.3	0.283342
159.4	0.282933
159.5	0.282533
159.6	0.282135
159.7	0.281742
159.8	0.281347
159.9	0.280948
160	0.280537
160.1	0.280127
160.2	0.279721
160.3	0.279317
160.4	0.278919
160.5	0.278526
160.6	0.278138
160.7	0.277752
160.8	0.277366
160.9	0.27698
161	0.276593
161.1	0.276205
161.2	0.275813
161.3	0.275419
161.4	0.275029
161.5	0.274645
161.6	0.274267
161.7	0.273897
161.8	0.273525
161.9	0.273156
162	0.272792
162.1	0.272431
162.2	0.272068
162.3	0.271709
162.4	0.271349
162.5	0.27099
162.6	0.270636
162.7	0.270289
162.8	0.269946
162.9	0.269601
163	0.269248
163.1	0.268891
163.2	0.26853
163.3	0.268174
163.4	0.267817
163.5	0.267462
163.6	0.267108
163.7	0.266755
163.8	0.266403
163.9	0.266048
164	0.265693
164.1	0.26534
164.2	0.264989
164.3	0.26464
164.4	0.264296
164.5	0.263957
164.6	0.26362
164.7	0.263289
164.8	0.262958
164.9	0.262628
165	0.2623
165.1	0.261971
165.2	0.26164
165.3	0.261312
165.4	0.260981
165.5	0.26065
165.6	0.260317
165.7	0.259985
165.8	0.259654
165.9	0.25932
166	0.258983
166.1	0.258642
166.2	0.258298
166.3	0.257954
166.4	0.25761
166.5	0.257265
166.6	0.256924
166.7	0.256582
166.8	0.256237
166.9	0.255889
167	0.255541
167.1	0.255195
167.2	0.254851
167.3	0.254505
167.4	0.254156
167.5	0.253811
167.6	0.253469
167.7	0.253133
167.8	0.252796
167.9	0.252459
168	0.252121
168.1	0.251777
168.2	0.25143
168.3	0.251081
168.4	0.250732
168.5	0.25038
168.6	0.250025
168.7	0.249664
168.8	0.249304
168.9	0.248948
169	0.248603
169.1	0.248267
169.2	0.247929
169.3	0.247589
169.4	0.247258
169.5	0.246926
169.6	0.246594
169.7	0.246265
169.8	0.24594
169.9	0.245619
170	0.2453
170.1	0.244985
170.2	0.244675
170.3	0.244365
170.4	0.244061
170.5	0.243763
170.6	0.243473
170.7	0.243186
170.8	0.242899
170.9	0.242611
171	0.242325
171.1	0.242036
171.2	0.241748
171.3	0.241463
171.4	0.241182
171.5	0.240901
171.6	0.240622
171.7	0.24034
171.8	0.240052
171.9	0.239762
172	0.239468
172.1	0.239172
172.2	0.238876
172.3	0.238584
172.4	0.238292
172.5	0.238002
172.6	0.237716
172.7	0.237427
172.8	0.237142
172.9	0.236862
173	0.236582
173.1	0.236298
173.2	0.236015
173.3	0.235728
173.4	0.235442
173.5	0.235157
173.6	0.234875
173.7	0.234591
173.8	0.234306
173.9	0.23402
174	0.23373
174.1	0.233442
174.2	0.233153
174.3	0.232865
174.4	0.232581
174.5	0.232292
174.6	0.232
174.7	0.231701
174.8	0.231398
174.9	0.231095
175	0.23079
175.1	0.230483
175.2	0.230173
175.3	0.229864
175.4	0.229557
175.5	0.229256
175.6	0.228956
175.7	0.228659
175.8	0.228363
175.9	0.228063
176	0.227757
176.1	0.227445
176.2	0.227133
176.3	0.226821
176.4	0.226508
176.5	0.226198
176.6	0.225892
176.7	0.225588
176.8	0.22529
176.9	0.224996
177	0.224704
177.1	0.224411
177.2	0.224121
177.3	0.223831
177.4	0.223543
177.5	0.223259
177.6	0.222979
177.7	0.222702
177.8	0.222426
177.9	0.22215
178	0.221878
178.1	0.221605
178.2	0.22133
178.3	0.221055
178.4	0.22078
178.5	0.220504
178.6	0.22023
178.7	0.219961
178.8	0.219697
178.9	0.219435
179	0.219175
179.1	0.218917
179.2	0.21866
179.3	0.218405
179.4	0.218149
179.5	0.217899
179.6	0.217654
179.7	0.217408
179.8	0.217162
179.9	0.216917
180	0.216668
180.1	0.216418
180.2	0.216164
180.3	0.215912
180.4	0.215663
180.5	0.215415
180.6	0.215163
180.7	0.214913
180.8	0.21466
180.9	0.214407
181	0.214152
181.1	0.213898
181.2	0.213643
181.3	0.213391
181.4	0.213144
181.5	0.212902
181.6	0.212664
181.7	0.212425
181.8	0.212182
181.9	0.211934
182	0.211685
182.1	0.211437
182.2	0.211186
182.3	0.210929
182.4	0.21067
182.5	0.210408
182.6	0.210145
182.7	0.209885
182.8	0.209628
182.9	0.209369
183	0.209106
183.1	0.208835
183.2	0.208563
183.3	0.208287
183.4	0.208011
183.5	0.207736
183.6	0.207466
183.7	0.207203
183.8	0.206945
183.9	0.206693
184	0.20644
184.1	0.206184
184.2	0.205928
184.3	0.205673
184.4	0.205416
184.5	0.205159
184.6	0.204902
184.7	0.20464
184.8	0.204379
184.9	0.204121
185	0.203859
185.1	0.203601
185.2	0.203345
185.3	0.203092
185.4	0.20284
185.5	0.202587
185.6	0.202326
185.7	0.20206
185.8	0.201791
185.9	0.201524
186	0.20126
186.1	0.200992
186.2	0.200725
186.3	0.200455
186.4	0.20018
186.5	0.199907
186.6	0.199643
186.7	0.199382
186.8	0.199127
186.9	0.198876
187	0.198627
187.1	0.198378
187.2	0.198131
187.3	0.197892
187.4	0.197658
187.5	0.197426
187.6	0.197194
187.7	0.196963
187.8	0.19673
187.9	0.196492
188	0.196252
188.1	0.196007
188.2	0.195761
188.3	0.195508
188.4	0.195251
188.5	0.194994
188.6	0.194737
188.7	0.19448
188.8	0.194227
188.9	0.193975
189	0.193725
189.1	0.193475
189.2	0.19323
189.3	0.192992
189.4	0.19276
189.5	0.192532
189.6	0.192307
189.7	0.192081
189.8	0.191854
189.9	0.191626
190	0.191398
190.1	0.191168
190.2	0.190937
190.3	0.19071
190.4	0.190483
190.5	0.190253
190.6	0.190023
190.7	0.189793
190.8	0.189562
190.9	0.18933
191	0.189098
191.1	0.188866
191.2	0.188633
191.3	0.188398
191.4	0.188161
191.5	0.187923
191.6	0.187686
191.7	0.187453
191.8	0.187221
191.9	0.186988
192	0.186755
192.1	0.186523
192.2	0.186289
192.3	0.186061
192.4	0.185832
192.5	0.1856
192.6	0.185364
192.7	0.185129
192.8	0.1849
192.9	0.184674
193	0.184448
193.1	0.184222
193.2	0.183996
193.3	0.183773
193.4	0.183549
193.5	0.183328
193.6	0.18311
193.7	0.182894
193.8	0.182674
193.9	0.18245
194	0.18222
194.1	0.181987
194.2	0.181751
194.3	0.181515
194.4	0.18128
194.5	0.181041
194.6	0.180802
194.7	0.180567
194.8	0.180344
194.9	0.18012
195	0.179899
195.1	0.179681
195.2	0.179461
195.3	0.179242
195.4	0.179023
195.5	0.1788
195.6	0.178578
195.7	0.17836
195.8	0.178143
195.9	0.177934
196	0.177728
196.1	0.177524
196.2	0.177325
196.3	0.17713
196.4	0.17694
196.5	0.176753
196.6	0.176569
196.7	0.176384
196.8	0.176194
196.9	0.176001
197	0.175809
197.1	0.175619
197.2	0.175433
197.3	0.17525
197.4	0.175068
197.5	0.174886
197.6	0.174704
197.7	0.174522
197.8	0.174345
197.9	0.174167
198	0.173991
198.1	0.173814
198.2	0.173634
198.3	0.173457
198.4	0.173281
198.5	0.173103
198.6	0.172915
198.7	0.172723
198.8	0.17253
198.9	0.172342
199	0.172153
199.1	0.171968
199.2	0.171786
199.3	0.171603
199.4	0.171422
199.5	0.171245
199.6	0.171071
199.7	0.170893
199.8	0.170712
199.9	0.170529
200	0.170342
200.1	0.170152
200.2	0.169961
200.3	0.169773
200.4	0.169585
200.5	0.169394
200.6	0.169201
200.7	0.169014
200.8	0.168837
200.9	0.168664
201	0.168491
201.1	0.168317
201.2	0.168143
201.3	0.167965
201.4	0.167792
201.5	0.167616
201.6	0.167439
201.7	0.167262
201.8	0.167093
201.9	0.166928
202	0.166761
202.1	0.166596
202.2	0.16643
202.3	0.166263
202.4	0.166094
202.5	0.165925
202.6	0.165758
202.7	0.165593
202.8	0.165427
202.9	0.165259
203	0.165095
203.1	0.164935
203.2	0.164773
203.3	0.164611
203.4	0.16445
203.5	0.164294
203.6	0.164143
203.7	0.16399
203.8	0.16384
203.9	0.163692
204	0.163543
204.1	0.163397
204.2	0.16325
204.3	0.1631
204.4	0.162951
204.5	0.162806
204.6	0.162661
204.7	0.162515
204.8	0.162368
204.9	0.162222
205	0.162076
205.1	0.161929
205.2	0.16178
205.3	0.161635
205.4	0.161486
205.5	0.161339
205.6	0.161195
205.7	0.161048
205.8	0.1609
205.9	0.160751
206	0.160601
206.1	0.160453
206.2	0.1603
206.3	0.160139
206.4	0.15997
206.5	0.159796
206.6	0.159626
206.7	0.159461
206.8	0.159294
206.9	0.159121
207	0.158944
207.1	0.158761
207.2	0.158578
207.3	0.1584
207.4	0.158228
207.5	0.158055
207.6	0.157881
207.7	0.157709
207.8	0.157539
207.9	0.157373
208	0.15721
208.1	0.157051
208.2	0.156889
208.3	0.156724
208.4	0.156566
208.5	0.156409
208.6	0.156252
208.7	0.156089
208.8	0.155926
208.9	0.155761
209	0.155596
209.1	0.155429
209.2	0.155261
209.3	0.155088
209.4	0.154913
209.5	0.154742
209.6	0.154573
209.7	0.154405
209.8	0.154236
209.9	0.15407
210	0.153909
210.1	0.153754
210.2	0.153606
210.3	0.153458
210.4	0.153311
210.5	0.153164
210.6	0.153018
210.7	0.152873
210.8	0.152731
210.9	0.152588
211	0.152448
211.1	0.152307
211.2	0.152166
211.3	0.152027
211.4	0.151889
211.5	0.151749
211.6	0.15161
211.7	0.151471
211.8	0.151334
211.9	0.151196
212	0.15106
212.1	0.15092
212.2	0.150771
212.3	0.150616
212.4	0.150457
212.5	0.150297
212.6	0.150139
212.7	0.149981
212.8	0.149819
212.9	0.149653
213	0.149483
213.1	0.149303
213.2	0.149118
213.3	0.148931
213.4	0.148745
213.5	0.148561
213.6	0.148379
213.7	0.148201
213.8	0.148018
213.9	0.147837
214	0.147655
214.1	0.147468
214.2	0.147281
214.3	0.147094
214.4	0.146905
214.5	0.146717
214.6	0.146528
214.7	0.146344
214.8	0.146157
214.9	0.14597
215	0.145789
215.1	0.145612
215.2	0.145436
215.3	0.145259
215.4	0.14508
215.5	0.1449
215.6	0.144722
215.7	0.144546
215.8	0.144373
215.9	0.144198
216	0.144028
216.1	0.14386
216.2	0.143695
216.3	0.143533
216.4	0.143374
216.5	0.143213
216.6	0.14305
216.7	0.142886
216.8	0.142725
216.9	0.142566
217	0.142408
217.1	0.142249
217.2	0.142085
217.3	0.141914
217.4	0.141739
217.5	0.141568
217.6	0.141399
217.7	0.141225
217.8	0.141042
217.9	0.140854
218	0.140664
218.1	0.140474
218.2	0.140286
218.3	0.140102
218.4	0.139922
218.5	0.139743
218.6	0.13956
218.7	0.139376
218.8	0.139192
218.9	0.139012
219	0.138832
219.1	0.138647
219.2	0.138457
219.3	0.138266
219.4	0.138078
219.5	0.137888
219.6	0.137698
219.7	0.137504
219.8	0.137307
219.9	0.137101
220	0.136891
220.1	0.136687
220.2	0.136487
220.3	0.136283
220.4	0.136074
220.5	0.135864
220.6	0.135654
220.7	0.135449
220.8	0.135245
220.9	0.13504
221	0.134833
221.1	0.134629
221.2	0.134422
221.3	0.134214
221.4	0.134004
221.5	0.13379
221.6	0.133574
221.7	0.133359
221.8	0.133143
221.9	0.13293
222	0.132719
222.1	0.132511
222.2	0.132304
222.3	0.132099
222.4	0.131894
222.5	0.131691
222.6	0.131491
222.7	0.131293
222.8	0.131096
222.9	0.130901
223	0.130707
223.1	0.130514
223.2	0.130318
223.3	0.130119
223.4	0.12992
223.5	0.129716
223.6	0.129502
223.7	0.129283
223.8	0.129064
223.9	0.128846
224	0.128629
224.1	0.128411
224.2	0.128195
224.3	0.127977
224.4	0.127761
224.5	0.127547
224.6	0.127332
224.7	0.127117
224.8	0.126898
224.9	0.126681
225	0.126466
225.1	0.126249
225.2	0.126031
225.3	0.125813
225.4	0.125596
225.5	0.125383
225.6	0.125176
225.7	0.124971
225.8	0.124768
225.9	0.124565
226	0.124362
226.1	0.124158
226.2	0.123958
226.3	0.123761
226.4	0.123569
226.5	0.123375
226.6	0.123181
226.7	0.122986
226.8	0.122791
226.9	0.122596
227	0.122405
227.1	0.122218
227.2	0.122035
227.3	0.121857
227.4	0.121679
227.5	0.121506
227.6	0.121339
227.7	0.121173
227.8	0.121005
227.9	0.120835
228	0.120664
228.1	0.120495
228.2	0.120328
228.3	0.120157
228.4	0.119984
228.5	0.119803
228.6	0.119618
228.7	0.119438
228.8	0.119255
228.9	0.119071
229	0.118883
229.1	0.118698
229.2	0.118512
229.3	0.118324
229.4	0.118136
229.5	0.117949
229.6	0.11777
229.7	0.117594
229.8	0.117423
229.9	0.117252
230	0.117086
230.1	0.116925
230.2	0.116771
230.3	0.116618
230.4	0.116463
230.5	0.116308
230.6	0.116148
230.7	0.115987
230.8	0.115828
230.9	0.115667
231	0.115512
231.1	0.115361
231.2	0.115219
231.3	0.115084
231.4	0.114952
231.5	0.114823
231.6	0.114693
231.7	0.114564
231.8	0.114439
231.9	0.11432
232	0.114201
232.1	0.114088
232.2	0.113974
232.3	0.113859
232.4	0.113744
232.5	0.113636
232.6	0.113536
232.7	0.113443
232.8	0.113353
232.9	0.113268
233	0.11319
233.1	0.113111
233.2	0.113028
233.3	0.112945
233.4	0.112856
233.5	0.112769
233.6	0.11268
233.7	0.112593
233.8	0.112504
233.9	0.112414
234	0.112325
234.1	0.112237
234.2	0.112149
234.3	0.112069
234.4	0.111991
234.5	0.111913
234.6	0.111837
234.7	0.111757
234.8	0.111674
234.9	0.11159
235	0.111509
235.1	0.111429
235.2	0.111348
235.3	0.111266
235.4	0.111184
235.5	0.111102
235.6	0.111017
235.7	0.110933
235.8	0.110854
235.9	0.110774
236	0.110689
236.1	0.110598
236.2	0.110507
236.3	0.110415
236.4	0.110324
236.5	0.110231
236.6	0.110135
236.7	0.110034
236.8	0.109926
236.9	0.109812
237	0.1097
237.1	0.109587
237.2	0.10948
237.3	0.109382
237.4	0.109289
237.5	0.109203
237.6	0.109121
237.7	0.109044
237.8	0.108973
237.9	0.1089
238	0.108825
238.1	0.108745
238.2	0.108664
238.3	0.108587
238.4	0.108509
238.5	0.108438
238.6	0.108366
238.7	0.108293
238.8	0.108217
238.9	0.108146
239	0.108083
239.1	0.108025
239.2	0.107968
239.3	0.107912
239.4	0.107855
239.5	0.107792
239.6	0.107727
239.7	0.107661
239.8	0.107595
239.9	0.107533
240	0.107475
240.1	0.10742
240.2	0.107363
240.3	0.107304
240.4	0.107247
240.5	0.107186
240.6	0.107123
240.7	0.107058
240.8	0.106992
240.9	0.106926
241	0.10686
241.1	0.106792
241.2	0.106723
241.3	0.106658
241.4	0.106595
241.5	0.106538
241.6	0.106487
241.7	0.10644
241.8	0.106398
241.9	0.106362
242	0.106328
242.1	0.106295
242.2	0.106263
242.3	0.106233
242.4	0.106202
242.5	0.106169
242.6	0.106136
242.7	0.106105
242.8	0.106072
242.9	0.106039
243	0.106011
243.1	0.105985
243.2	0.105959
243.3	0.105927
243.4	0.105889
243.5	0.105846
243.6	0.105793
243.7	0.105737
243.8	0.105683
243.9	0.10562
244	0.105548
244.1	0.105467
244.2	0.105386
244.3	0.105308
244.4	0.10523
244.5	0.105159
244.6	0.105095
244.7	0.105032
244.8	0.104968
244.9	0.104903
245	0.104833
245.1	0.104758
245.2	0.10469
245.3	0.104626
245.4	0.104565
245.5	0.104507
245.6	0.104454
245.7	0.104402
245.8	0.104353
245.9	0.104308
246	0.104263
246.1	0.104218
246.2	0.104172
246.3	0.104128
246.4	0.104085
246.5	0.104046
246.6	0.104006
246.7	0.103964
246.8	0.103924
246.9	0.103883
247	0.103844
247.1	0.103805
247.2	0.103765
247.3	0.103725
247.4	0.103684
247.5	0.103639
247.6	0.103585
247.7	0.10353
247.8	0.103473
247.9	0.103418
248	0.103362
248.1	0.103305
248.2	0.103248
248.3	0.103193
248.4	0.103137
248.5	0.103076
248.6	0.103013
248.7	0.102944
248.8	0.102873
248.9	0.102804
249	0.102733
249.1	0.102666
249.2	0.102604
249.3	0.102545
249.4	0.102485
249.5	0.102419
249.6	0.102349
249.7	0.102277
249.8	0.102201
249.9	0.102122
250	0.102047
250.1	0.101976
250.2	0.101907
250.3	0.101835
250.4	0.101758
250.5	0.101679
250.6	0.101604
250.7	0.101532
250.8	0.101463
250.9	0.101393
251	0.101322
251.1	0.101246
251.2	0.101171
251.3	0.101096
251.4	0.10102
251.5	0.100944
251.6	0.100865
251.7	0.100781
251.8	0.100695
251.9	0.100609
252	0.100527
252.1	0.100438
252.2	0.100346
252.3	0.100254
252.4	0.100162
252.5	0.100074
252.6	0.0999885
252.7	0.0999049
252.8	0.0998264
252.9	0.0997528
253	0.0996827
253.1	0.0996173
253.2	0.0995537
253.3	0.0994884
253.4	0.0994238
253.5	0.0993551
253.6	0.0992887
253.7	0.0992177
253.8	0.0991454
253.9	0.0990749
254	0.0990074
254.1	0.0989387
254.2	0.0988697
254.3	0.0988015
254.4	0.0987348
254.5	0.0986662
254.6	0.0985936
254.7	0.0985191
254.8	0.0984424
254.9	0.0983649
255	0.0982857
255.1	0.0982029
255.2	0.0981222
255.3	0.0980422
255.4	0.097963
255.5	0.0978852
255.6	0.0978055
255.7	0.0977293
255.8	0.0976514
255.9	0.0975719
256	0.0974932
256.1	0.0974105
256.2	0.097321
256.3	0.0972242
256.4	0.0971194
256.5	0.0970119
256.6	0.0969022
256.7	0.096793
256.8	0.096682
256.9	0.096574
257	0.0964672
257.1	0.0963592
257.2	0.0962471
257.3	0.0961387
257.4	0.0960337
257.5	0.0959319
257.6	0.0958296
257.7	0.0957306
257.8	0.0956316
257.9	0.095531
258	0.0954264
258.1	0.0953214
258.2	0.0952177
258.3	0.0951084
258.4	0.0949982
258.5	0.0948903
258.6	0.0947837
258.7	0.0946819
258.8	0.0945859
258.9	0.0944949
259	0.0944087
259.1	0.0943173
259.2	0.0942215
259.3	0.0941206
259.4	0.0940132
259.5	0.0938996
259.6	0.0937834
259.7	0.0936633
259.8	0.0935446
259.9	0.0934268
260	0.093307
260.1	0.0931826
260.2	0.0930584
260.3	0.0929369
260.4	0.092817
260.5	0.0926908
260.6	0.0925667
260.7	0.0924474
260.8	0.0923328
260.9	0.0922214
261	0.092114
261.1	0.0920032
261.2	0.0918958
261.3	0.0917889
261.4	0.0916788
261.5	0.0915684
261.6	0.0914549
261.7	0.0913361
261.8	0.0912138
261.9	0.091085
262	0.0909601
262.1	0.0908401
262.2	0.0907198
262.3	0.0906029
262.4	0.0904866
262.5	0.0903675
262.6	0.0902489
262.7	0.0901309
262.8	0.0900116
262.9	0.0898879
263	0.0897612
263.1	0.0896351
263.2	0.0895067
263.3	0.0893738
263.4	0.0892359
263.5	0.0890987
263.6	0.0889644
263.7	0.0888279
263.8	0.0886895
263.9	0.0885489
264	0.0884093
264.1	0.088273
264.2	0.0881395
264.3	0.0880089
264.4	0.0878771
264.5	0.0877401
264.6	0.087596
264.7	0.0874465
264.8	0.0872953
264.9	0.0871414
265	0.0869871
265.1	0.0868325
265.2	0.0866757
265.3	0.0865177
265.4	0.0863645
265.5	0.0862137
265.6	0.0860607
265.7	0.085907
265.8	0.0857568
265.9	0.0856165
266	0.085479
266.1	0.0853434
266.2	0.0852129
266.3	0.0850822
266.4	0.084954
266.5	0.0848274
266.6	0.0847036
266.7	0.0845887
266.8	0.0844798
266.9	0.0843753
267	0.0842713
267.1	0.0841723
267.2	0.0840772
267.3	0.0839834
267.4	0.0838901
267.5	0.0837986
267.6	0.0837086
267.7	0.0836227
267.8	0.083534
267.9	0.0834462
268	0.0833561
268.1	0.0832615
268.2	0.0831669
268.3	0.0830771
268.4	0.0829899
268.5	0.0829067
268.6	0.082826
268.7	0.0827466
268.8	0.0826721
268.9	0.0826024
269	0.0825355
269.1	0.0824704
269.2	0.0824029
269.3	0.0823327
269.4	0.0822633
269.5	0.082194
269.6	0.0821224
269.7	0.0820517
269.8	0.0819832
269.9	0.0819089
270	0.0818273
270.1	0.081746
270.2	0.0816706
270.3	0.0815976
270.4	0.0815242
270.5	0.0814521
270.6	0.08138
270.7	0.0813121
270.8	0.0812456
270.9	0.0811794
271	0.0811132
271.1	0.0810435
271.2	0.0809704
271.3	0.0808949
271.4	0.0808185
271.5	0.0807414
271.6	0.0806697
271.7	0.0806007
271.8	0.0805305
271.9	0.0804593
272	0.0803858
272.1	0.0803107
272.2	0.0802338
272.3	0.080157
272.4	0.0800794
272.5	0.0799969
272.6	0.0799125
272.7	0.0798273
272.8	0.0797409
272.9	0.0796493
273	0.07956
273.1	0.0794717
273.2	0.0793876
273.3	0.0793092
273.4	0.0792324
273.5	0.0791584
273.6	0.0790916
273.7	0.0790257
273.8	0.0789567
273.9	0.0788893
274	0.078827
274.1	0.078769
274.2	0.0787135
274.3	0.0786597
274.4	0.0786072
274.5	0.0785522
274.6	0.0784949
274.7	0.0784342
274.8	0.0783685
274.9	0.0782981
275	0.0782262
275.1	0.0781574
275.2	0.0780923
275.3	0.0780292
275.4	0.0779685
275.5	0.0779071
275.6	0.0778472
275.7	0.0777863
275.8	0.0777218
275.9	0.0776547
276	0.0775885
276.1	0.0775268
276.2	0.0774645
276.3	0.0774042
276.4	0.0773436
276.5	0.0772849
276.6	0.0772297
276.7	0.0771758
276.8	0.0771239
276.9	0.0770763
277	0.0770314
277.1	0.0769904
277.2	0.0769545
277.3	0.0769183
277.4	0.0768823
277.5	0.0768428
277.6	0.0768002
277.7	0.0767556
277.8	0.0767095
277.9	0.0766622
278	0.0766126
278.1	0.0765626
278.2	0.0765103
278.3	0.0764542
278.4	0.0764023
278.5	0.0763516
278.6	0.0763025
278.7	0.0762501
278.8	0.0761938
278.9	0.0761328
279	0.0760711
279.1	0.0760075
279.2	0.0759403
279.3	0.0758705
279.4	0.0757978
279.5	0.0757221
279.6	0.0756439
279.7	0.075563
279.8	0.0754806
279.9	0.075394
280	0.0753056
280.1	0.0752195
280.2	0.0751311
280.3	0.0750457
280.4	0.0749623
280.5	0.0748773
280.6	0.074791
280.7	0.0747051
280.8	0.0746189
280.9	0.0745302
281	0.0744375
281.1	0.0743404
281.2	0.0742366
281.3	0.074128
281.4	0.0740211
281.5	0.0739146
281.6	0.0738054
281.7	0.0737016
281.8	0.0735961
281.9	0.0734828
282	0.0733637
282.1	0.0732396
282.2	0.0731146
282.3	0.0729915
282.4	0.072871
282.5	0.0727462
282.6	0.0726269
282.7	0.0725053
282.8	0.0723791
282.9	0.0722513
283	0.0721279
283.1	0.0720059
283.2	0.0718823
283.3	0.0717542
283.4	0.0716276
283.5	0.0715072
283.6	0.0713917
283.7	0.071276
283.8	0.0711585
283.9	0.0710452
284	0.0709331
284.1	0.0708242
284.2	0.0707188
284.3	0.07061
284.4	0.070498
284.5	0.0703862
284.6	0.0702761
284.7	0.0701633
284.8	0.0700509
284.9	0.0699388
285	0.0698269
285.1	0.0697187
285.2	0.0696126
285.3	0.069505
285.4	0.0693969
285.5	0.0692889
285.6	0.0691795
285.7	0.0690674
285.8	0.0689507
285.9	0.0688366
286	0.0687191
286.1	0.0685994
286.2	0.0684806
286.3	0.0683618
286.4	0.0682429
286.5	0.0681194
286.6	0.0679956
286.7	0.0678722
286.8	0.0677542
286.9	0.0676357
287	0.0675206
287.1	0.0674064
287.2	0.0672947
287.3	0.067186
287.4	0.0670785
287.5	0.066969
287.6	0.0668611
287.7	0.0667601
287.8	0.066663
287.9	0.0665659
288	0.0664666
288.1	0.0663609
288.2	0.0662523
288.3	0.0661426
288.4	0.066041
288.5	0.065943
288.6	0.0658505
288.7	0.0657572
288.8	0.0656679
288.9	0.0655803
289	0.0654901
289.1	0.0653967
289.2	0.0652989
289.3	0.0652001
289.4	0.0650993
289.5	0.0649965
289.6	0.0648903
289.7	0.0647797
289.8	0.0646681
289.9	0.064552
290	0.0644411
290.1	0.0643308
290.2	0.0642215
290.3	0.0641113
290.4	0.0639986
290.5	0.0638786
290.6	0.0637582
290.7	0.0636383
290.8	0.0635222
290.9	0.0634131
291	0.0633044
291.1	0.0632038
291.2	0.0631058
291.3	0.0630082
291.4	0.0629067
291.5	0.0628034
291.6	0.0626967
291.7	0.0625836
291.8	0.0624693
291.9	0.0623578
292	0.0622443
292.1	0.0621303
292.2	0.0620219
292.3	0.061908
292.4	0.0617893
292.5	0.0616656
292.6	0.0615415
292.7	0.0614105
292.8	0.0612779
292.9	0.0611436
293	0.0610086
293.1	0.060869
293.2	0.0607244
293.3	0.0605748
293.4	0.0604247
293.5	0.0602778
293.6	0.0601341
293.7	0.0599883
293.8	0.0598491
293.9	0.0597157
294	0.0595867
294.1	0.0594555
294.2	0.0593233
294.3	0.0591911
294.4	0.0590658
294.5	0.0589429
294.6	0.0588166
294.7	0.0586923
294.8	0.05857
294.9	0.0584457
295	0.0583234
295.1	0.0581999
295.2	0.0580758
295.3	0.0579524
295.4	0.0578334
295.5	0.0577166
295.6	0.0576016
295.7	0.0574875
295.8	0.0573723
295.9	0.0572551
296	0.0571383
296.1	0.0570215
296.2	0.0569003
296.3	0.0567841
296.4	0.0566687
296.5	0.0565535
296.6	0.0564364
296.7	0.0563176
296.8	0.0561916
296.9	0.0560606
297	0.0559244
297.1	0.0557838
297.2	0.0556437
297.3	0.0555061
297.4	0.0553623
297.5	0.0552152
297.6	0.0550703
297.7	0.0549237
297.8	0.0547793
297.9	0.0546418
298	0.0545037
298.1	0.0543655
298.2	0.0542273
298.3	0.054088
298.4	0.0539426
298.5	0.0537932
298.6	0.05364
298.7	0.0534864
298.8	0.0533341
298.9	0.053185
299	0.0530376
299.1	0.0528867
299.2	0.0527353
299.3	0.0525814
299.4	0.0524292
299.5	0.0522781
299.6	0.0521315
299.7	0.0519878
299.8	0.0518421
299.9	0.051697
300	0.0515519
300.1	0.0514108
300.2	0.051271
300.3	0.051136
300.4	0.0510065
300.5	0.0508782
300.6	0.0507492
300.7	0.0506199
300.8	0.0504966
300.9	0.0503759
301	0.0502557
301.1	0.0501349
301.2	0.0500122
301.3	0.0498901
301.4	0.0497718
301.5	0.0496605
301.6	0.0495499
301.7	0.0494357
301.8	0.0493166
301.9	0.049194
302	0.0490701
302.1	0.0489422
302.2	0.0488127
302.3	0.048678
302.4	0.0485419
302.5	0.0484061
302.6	0.0482701
302.7	0.0481311
302.8	0.0479905
302.9	0.0478522
303	0.0477137
303.1	0.0475746
303.2	0.0474405
303.3	0.0473095
303.4	0.0471798
303.5	0.0470455
303.6	0.0469075
303.7	0.0467731
303.8	0.0466412
303.9	0.0465138
304	0.0463858
304.1	0.0462632
304.2	0.0461452
304.3	0.0460268
304.4	0.0459045
304.5	0.0457766
304.6	0.0456472
304.7	0.0455153
304.8	0.0453806
304.9	0.0452457
305	0.0451121
305.1	0.0449797
305.2	0.0448459
305.3	0.0447142
305.4	0.0445861
305.5	0.04446
305.6	0.0443318
305.7	0.0442013
305.8	0.0440728
305.9	0.0439413
306	0.0438083
306.1	0.0436786
306.2	0.0435518
306.3	0.0434279
306.4	0.0433058
306.5	0.0431811
306.6	0.0430549
306.7	0.04293
306.8	0.0428095
306.9	0.0426935
307	0.0425776
307.1	0.0424606
307.2	0.0423436
307.3	0.0422277
307.4	0.0421118
307.5	0.0419915
307.6	0.0418689
307.7	0.0417467
307.8	0.0416248
307.9	0.0415063
308	0.0413883
308.1	0.041273
308.2	0.0411576
308.3	0.0410429
308.4	0.0409271
308.5	0.0408067
308.6	0.040681
308.7	0.0405513
308.8	0.0404186
308.9	0.0402852
309	0.0401497
309.1	0.0400104
309.2	0.0398646
309.3	0.0397181
309.4	0.0395697
309.5	0.0394156
309.6	0.0392612
309.7	0.0391077
309.8	0.0389522
309.9	0.0387935
310	0.038635
310.1	0.0384782
310.2	0.038318
310.3	0.0381541
310.4	0.0379901
310.5	0.0378265
310.6	0.0376615
310.7	0.037496
310.8	0.037327
310.9	0.0371597
311	0.0369875
311.1	0.036811
311.2	0.0366332
311.3	0.0364569
311.4	0.0362798
311.5	0.0360999
311.6	0.0359136
311.7	0.0357202
311.8	0.0355293
311.9	0.0353388
312	0.0351496
312.1	0.0349605
312.2	0.0347726
312.3	0.0345877
312.4	0.0343965
312.5	0.034202
312.6	0.0340073
312.7	0.0338128
312.8	0.0336168
312.9	0.0334161
313	0.0332131
313.1	0.0330118
313.2	0.0328095
313.3	0.0326042
313.4	0.0323992
313.5	0.0321973
313.6	0.0319958
313.7	0.0317885
313.8	0.03158
313.9	0.0313777
314	0.0311842
314.1	0.0309934
314.2	0.0308015
314.3	0.0306129
314.4	0.0304229
314.5	0.0302316
314.6	0.0300457
314.7	0.0298692
314.8	0.0297031
314.9	0.029545
315	0.0293913
315.1	0.0292435
315.2	0.0290978
315.3	0.0289474
315.4	0.0287942
315.5	0.0286424
315.6	0.0284903
315.7	0.0283439
315.8	0.0282009
315.9	0.0280637
316	0.0279325
316.1	0.0278046
316.2	0.0276859
316.3	0.027569
316.4	0.0274511
316.5	0.0273317
316.6	0.0272155
316.7	0.0271048
316.8	0.0269982
316.9	0.0268933
317	0.026792
317.1	0.0266869
317.2	0.0265841
317.3	0.0264801
317.4	0.0263728
317.5	0.0262695
317.6	0.0261655
317.7	0.0260645
317.8	0.0259619
317.9	0.0258579
318	0.025752
318.1	0.0256432
318.2	0.0255274
318.3	0.0254093
318.4	0.0252906
318.5	0.025171
318.6	0.0250494
318.7	0.0249257
318.8	0.0247985
318.9	0.0246719
319	0.0245437
319.1	0.0244137
319.2	0.0242848
319.3	0.0241598
319.4	0.0240381
319.5	0.0239208
319.6	0.0238076
319.7	0.0236943
319.8	0.0235791
319.9	0.0234645
320	0.0233502
320.1	0.0232415
320.2	0.0231325
320.3	0.0230248
320.4	0.0229181
320.5	0.0228116
320.6	0.0227096
320.7	0.0226074
320.8	0.0225036
320.9	0.0223939
321	0.022278
321.1	0.0221584
321.2	0.0220395
321.3	0.0219212
321.4	0.0218028
321.5	0.0216854
321.6	0.0215637
321.7	0.0214387
321.8	0.0213089
321.9	0.0211776
322	0.0210548
322.1	0.0209319
322.2	0.0208098
322.3	0.020684
322.4	0.0205596
322.5	0.0204442
322.6	0.0203282
322.7	0.0202092
322.8	0.0200872
322.9	0.0199612
323	0.0198365
323.1	0.0197124
323.2	0.0195922
323.3	0.0194751
323.4	0.0193645
323.5	0.0192555
323.6	0.019154
323.7	0.019054
323.8	0.0189507
323.9	0.0188484
324	0.0187489
324.1	0.0186432
324.2	0.0185363
324.3	0.0184283
324.4	0.0183156
324.5	0.0182004
324.6	0.0180867
324.7	0.0179712
324.8	0.0178584
324.9	0.017744
325	0.01763
325.1	0.0175185
325.2	0.0174021
325.3	0.0172868
325.4	0.0171778
325.5	0.017075
325.6	0.0169769
325.7	0.016881
325.8	0.0167838
325.9	0.0166851
326	0.0165909
326.1	0.0164967
326.2	0.0164005
326.3	0.0162992
326.4	0.0161957
326.5	0.0160939
326.6	0.0159919
326.7	0.0158889
326.8	0.0157861
326.9	0.0156857
327	0.0155811
327.1	0.0154791
327.2	0.015382
327.3	0.0152879
327.4	0.0151929
327.5	0.0151006
327.6	0.015007
327.7	0.014911
327.8	0.0148121
327.9	0.0147099
328	0.0146022
328.1	0.0144905
328.2	0.014377
328.3	0.0142637
328.4	0.0141474
328.5	0.0140319
328.6	0.013918
328.7	0.0138068
328.8	0.0136939
328.9	0.0135802
329	0.0134608
329.1	0.0133424
329.2	0.0132219
329.3	0.0130967
329.4	0.0129729
329.5	0.0128487
329.6	0.0127235
329.7	0.0126014
329.8	0.0124826
329.9	0.0123699
330	0.0122582
330.1	0.0121451
330.2	0.0120266
330.3	0.0119052
330.4	0.0117833
330.5	0.0116594
330.6	0.0115333
330.7	0.011404
330.8	0.0112738
330.9	0.0111439
331	0.0110216
331.1	0.0109022
331.2	0.0107862
331.3	0.0106747
331.4	0.0105644
331.5	0.0104568
331.6	0.010345
331.7	0.010226
331.8	0.0101079
331.9	0.00999021
332	0.00987292
332.1	0.00975709
332.2	0.00964331
332.3	0.00953086
332.4	0.00942107
332.5	0.00931498
332.6	0.00921166
332.7	0.00910747
332.8	0.00900071
332.9	0.0088925
333	0.0087847
333.1	0.00867934
333.2	0.0085778
333.3	0.00847915
333.4	0.00838282
333.5	0.00829271
333.6	0.00820406
333.7	0.00811628
333.8	0.00802598
333.9	0.00793314
334	0.00784678
334.1	0.00776053
334.2	0.00767803
334.3	0.00759523
334.4	0.00751026
334.5	0.00742742
334.6	0.00734588
334.7	0.0072634
334.8	0.00717727
334.9	0.00708398
335	0.00698921
335.1	0.00689306
335.2	0.00679659
335.3	0.00669879
335.4	0.00660068
335.5	0.00649986
335.6	0.00639299
335.7	0.00628462
335.8	0.00617591
335.9	0.00606669
336	0.00595644
336.1	0.0058444
336.2	0.00573367
336.3	0.00562145
336.4	0.00550807
336.5	0.00539644
336.6	0.00528625
336.7	0.00517679
336.8	0.00507069
336.9	0.0049625
337	0.00485014
337.1	0.00473081
337.2	0.00460538
337.3	0.00447711
337.4	0.00434514
337.5	0.00420829
337.6	0.0040698
337.7	0.00392481
337.8	0.0037749
337.9	0.0036225
338	0.00347391
338.1	0.00332256
338.2	0.00317204
338.3	0.0030266
338.4	0.0028854
338.5	0.00274851
338.6	0.00261542
338.7	0.0024851
338.8	0.0023552
338.9	0.0022216
339	0.00208756
339.1	0.00195231
339.2	0.00181745
339.3	0.00168614
339.4	0.00155507
339.5	0.00141976
339.6	0.00128616
339.7	0.00115668
339.8	0.0010311
339.9	0.000907152
340	0.00078269
340.1	0.000658832
340.2	0.000533238
340.3	0.000412442
340.4	0.000297849
340.5	0.000183552
340.6	6.79012e-05
340.7	-4.97618e-05
340.8	-0.000164451
340.9	-0.000279289
341	-0.000392273
341.1	-0.000500111
341.2	-0.000606536
341.3	-0.000711085
341.4	-0.000811897
341.5	-0.000908067
341.6	-0.00100326
341.7	-0.00109625
341.8	-0.00118699
341.9	-0.00127321
342	-0.0013591
342.1	-0.00144699
342.2	-0.0015362
342.3	-0.00162787
342.4	-0.00171743
342.5	-0.00179902
342.6	-0.00187754
342.7	-0.00195665
342.8	-0.00203962
342.9	-0.00211928
343	-0.00219885
343.1	-0.00228204
343.2	-0.00236647
343.3	-0.0024492
343.4	-0.0025305
343.5	-0.00261207
343.6	-0.00269663
343.7	-0.00278243
343.8	-0.00286877
343.9	-0.002957
344	-0.00304413
344.1	-0.00312966
344.2	-0.00321856
344.3	-0.00330899
344.4	-0.00339821
344.5	-0.00349285
344.6	-0.00359249
344.7	-0.00368737
344.8	-0.00378128
344.9	-0.00387252
345	-0.00396717
345.1	-0.00405754
345.2	-0.00414551
345.3	-0.00423567
345.4	-0.00432418
345.5	-0.00441135
345.6	-0.00449905
345.7	-0.0045858
345.8	-0.00466892
345.9	-0.00474744
346	-0.00482196
346.1	-0.00488907
346.2	-0.00495521
346.3	-0.00502065
346.4	-0.0050857
346.5	-0.00515145
346.6	-0.00521961
346.7	-0.00529082
346.8	-0.00536556
346.9	-0.00544596
347	-0.00553055
347.1	-0.00561678
347.2	-0.00570383
347.3	-0.0057931
347.4	-0.00588426
347.5	-0.00597702
347.6	-0.00606898
347.7	-0.00616102
347.8	-0.00625044
347.9	-0.00633686
348	-0.00641818
348.1	-0.00649996
348.2	-0.00658646
348.3	-0.00667511
348.4	-0.00676008
348.5	-0.00684309
348.6	-0.00692621
348.7	-0.0070057
348.8	-0.00709026
348.9	-0.00718009
349	-0.007271
349.1	-0.00736285
349.2	-0.00745285
349.3	-0.00754374
349.4	-0.00763618
349.5	-0.00772769
349.6	-0.00782198
349.7	-0.0079136
349.8	-0.00800673
349.9	-0.00809898
350	-0.00819285
350.1	-0.00828845
350.2	-0.00838435
350.3	-0.00847674
350.4	-0.00856375
350.5	-0.00865098
350.6	-0.0087413
350.7	-0.00883163
350.8	-0.00892313
350.9	-0.00901443
351	-0.00910413
351.1	-0.00918944
351.2	-0.00927397
351.3	-0.00935762
351.4	-0.00944065
351.5	-0.00952036
351.6	-0.00960026
351.7	-0.00968629
351.8	-0.00978021
351.9	-0.00987552
352	-0.00997204
352.1	-0.0100662
352.2	-0.0101551
352.3	-0.0102456
352.4	-0.0103324
352.5	-0.0104192
352.6	-0.0105058
352.7	-0.0105938
352.8	-0.0106797
352.9	-0.0107687
353	-0.0108595
353.1	-0.0109511
353.2	-0.0110455
353.3	-0.0111373
353.4	-0.011226
353.5	-0.0113195
353.6	-0.0114149
353.7	-0.011512
353.8	-0.0116055
353.9	-0.0117011
354	-0.0117979
354.1	-0.0118933
354.2	-0.0119854
354.3	-0.0120709
354.4	-0.0121547
354.5	-0.0122331
354.6	-0.0123061
354.7	-0.0123751
354.8	-0.0124456
354.9	-0.012518
355	-0.0125925
355.1	-0.0126679
355.2	-0.0127473
355.3	-0.0128328
355.4	-0.0129194
355.5	-0.0130078
355.6	-0.0130979
355.7	-0.0131867
355.8	-0.0132732
355.9	-0.0133581
356	-0.0134446
356.1	-0.013529
356.2	-0.0136137
356.3	-0.0136973
356.4	-0.0137832
356.5	-0.0138678
356.6	-0.0139518
356.7	-0.0140303
356.8	-0.0141069
356.9	-0.014183
357	-0.0142573
357.1	-0.0143317
357.2	-0.0144067
357.3	-0.0144784
357.4	-0.0145542
357.5	-0.0146339
357.6	-0.0147161
357.7	-0.0147976
357.8	-0.0148822
357.9	-0.0149696
358	-0.0150548
358.1	-0.0151419
358.2	-0.0152325
358.3	-0.0153259
358.4	-0.0154239
358.5	-0.0155224
358.6	-0.0156163
358.7	-0.0157058
358.8	-0.0157895
358.9	-0.0158715
359	-0.0159531
359.1	-0.0160333
359.2	-0.0161149
359.3	-0.016198
359.4	-0.0162836
359.5	-0.0163687
359.6	-0.0164503
359.7	-0.0165309
359.8	-0.0166094
359.9	-0.0166885
360	-0.0167688
360.1	-0.0168403
360.2	-0.0169047
360.3	-0.0169689
360.4	-0.0170348
360.5	-0.0170971
360.6	-0.0171508
360.7	-0.0172022
360.8	-0.0172468
360.9	-0.0172896
361	-0.0173274
361.1	-0.0173618
361.2	-0.0173967
361.3	-0.0174291
361.4	-0.0174573
361.5	-0.0174865
361.6	-0.0175097
361.7	-0.0175298
361.8	-0.0175521
361.9	-0.0175776
362	-0.0176043
362.1	-0.0176297
362.2	-0.0176549
362.3	-0.0176797
362.4	-0.0177076
362.5	-0.0177379
362.6	-0.0177694
362.7	-0.0177982
362.8	-0.0178237
362.9	-0.0178506
363	-0.0178784
363.1	-0.0179072
363.2	-0.0179389
363.3	-0.0179761
363.4	-0.0180174
363.5	-0.0180654
363.6	-0.0181181
363.7	-0.0181705
363.8	-0.0182196
363.9	-0.0182715
364	-0.0183258
364.1	-0.0183809
364.2	-0.0184345
364.3	-0.018485
364.4	-0.0185347
364.5	-0.0185886
364.6	-0.01865
364.7	-0.0187154
364.8	-0.0187824
364.9	-0.0188445
365	-0.0189069
365.1	-0.0189693
365.2	-0.0190284
365.3	-0.0190874
365.4	-0.0191426
365.5	-0.0191969
365.6	-0.0192521
365.7	-0.0193102
365.8	-0.0193699
365.9	-0.0194255
366	-0.0194813
366.1	-0.0195339
366.2	-0.0195877
366.3	-0.0196409
366.4	-0.0196926
366.5	-0.0197398
366.6	-0.0197837
366.7	-0.0198206
366.8	-0.0198527
366.9	-0.0198794
367	-0.0199058
367.1	-0.0199328
367.2	-0.0199561
367.3	-0.0199748
367.4	-0.0199872
367.5	-0.0200022
367.6	-0.020017
367.7	-0.0200329
367.8	-0.0200482
367.9	-0.0200587
368	-0.0200648
368.1	-0.0200711
368.2	-0.0200789
368.3	-0.0200903
368.4	-0.020105
368.5	-0.0201249
368.6	-0.0201495
368.7	-0.0201788
368.8	-0.0202156
368.9	-0.020253
369	-0.0202926
369.1	-0.0203361
369.2	-0.0203781
369.3	-0.0204158
369.4	-0.0204511
369.5	-0.0204853
369.6	-0.020516
369.7	-0.0205487
369.8	-0.0205801
369.9	-0.0206136
370	-0.0206489
370.1	-0.0206867
370.2	-0.0207272
370.3	-0.0207718
370.4	-0.0208169
370.5	-0.0208626
370.6	-0.0209028
370.7	-0.020937
370.8	-0.020966
370.9	-0.0209904
371	-0.0210143
371.1	-0.0210333
371.2	-0.0210503
371.3	-0.0210663
371.4	-0.0210829
371.5	-0.0211035
371.6	-0.0211281
371.7	-0.0211536
371.8	-0.0211874
371.9	-0.0212285
372	-0.0212745
372.1	-0.0213267
372.2	-0.0213801
372.3	-0.0214293
372.4	-0.021475
372.5	-0.0215206
372.6	-0.0215666
372.7	-0.0216115
372.8	-0.0216547
372.9	-0.0216991
373	-0.0217445
373.1	-0.0217881
373.2	-0.021829
373.3	-0.0218669
373.4	-0.0219044
373.5	-0.0219455
373.6	-0.0219922
373.7	-0.0220413
373.8	-0.0220916
373.9	-0.0221457
374	-0.0222025
374.1	-0.0222611
374.2	-0.022322
374.3	-0.0223878
374.4	-0.0224601
374.5	-0.0225312
374.6	-0.0226016
374.7	-0.0226756
374.8	-0.0227531
374.9	-0.0228296
375	-0.0229061
375.1	-0.0229783
375.2	-0.0230483
375.3	-0.0231185
375.4	-0.0231915
375.5	-0.0232637
375.6	-0.0233305
375.7	-0.0233953
375.8	-0.0234533
375.9	-0.0235051
376	-0.0235487
376.1	-0.0235914
376.2	-0.0236314
376.3	-0.0236734
376.4	-0.0237187
376.5	-0.0237688
376.6	-0.0238165
376.7	-0.0238713
376.8	-0.0239313
376.9	-0.0239916
377	-0.024056
377.1	-0.0241243
377.2	-0.0241953
377.3	-0.0242647
377.4	-0.0243364
377.5	-0.0244064
377.6	-0.0244764
377.7	-0.0245438
377.8	-0.0246079
377.9	-0.0246692
378	-0.024731
378.1	-0.0247952
378.2	-0.024863
378.3	-0.0249333
378.4	-0.0250027
378.5	-0.0250702
378.6	-0.0251427
378.7	-0.0252166
378.8	-0.0252943
378.9	-0.025371
379	-0.0254454
379.1	-0.0255164
379.2	-0.0255859
379.3	-0.0256511
379.4	-0.0257123
379.5	-0.0257712
379.6	-0.0258277
379.7	-0.0258803
379.8	-0.0259316
379.9	-0.0259863
380	-0.026043
380.1	-0.0260981
380.2	-0.0261554
380.3	-0.0262152
380.4	-0.0262733
380.5	-0.0263291
380.6	-0.0263852
380.7	-0.0264414
380.8	-0.0265003
380.9	-0.0265581
381	-0.0266165
381.1	-0.0266776
381.2	-0.0267449
381.3	-0.026815
381.4	-0.0268855
381.5	-0.0269557
381.6	-0.0270339
381.7	-0.0271163
381.8	-0.0271996
381.9	-0.0272789
382	-0.0273591
382.1	-0.02744
382.2	-0.0275185
382.3	-0.0275929
382.4	-0.0276606
382.5	-0.0277239
382.6	-0.0277822
382.7	-0.0278424
382.8	-0.0279064
382.9	-0.0279667
383	-0.0280286
383.1	-0.0280918
383.2	-0.0281571
383.3	-0.0282215
383.4	-0.0282816
383.5	-0.0283411
383.6	-0.0284041
383.7	-0.0284651
383.8	-0.0285259
383.9	-0.028593
384	-0.0286612
384.1	-0.0287299
384.2	-0.0288014
384.3	-0.0288782
384.4	-0.0289556
384.5	-0.0290276
384.6	-0.0291005
384.7	-0.0291764
384.8	-0.0292575
384.9	-0.029342
385	-0.0294282
385.1	-0.0295096
385.2	-0.0295874
385.3	-0.0296569
385.4	-0.0297205
385.5	-0.0297846
385.6	-0.0298491
385.7	-0.029915
385.8	-0.0299802
385.9	-0.0300403
386	-0.0300982
386.1	-0.0301558
386.2	-0.0302062
386.3	-0.030254
386.4	-0.0303018
386.5	-0.0303511
386.6	-0.0303999
386.7	-0.0304539
386.8	-0.0305074
386.9	-0.0305639
387	-0.030621
387.1	-0.0306754
387.2	-0.0307243
387.3	-0.0307679
387.4	-0.0308104
387.5	-0.0308527
387.6	-0.0308933
387.7	-0.0309354
387.8	-0.0309799
387.9	-0.031021
388	-0.0310573
388.1	-0.0310893
388.2	-0.0311199
388.3	-0.0311503
388.4	-0.0311769
388.5	-0.0311964
388.6	-0.0312146
388.7	-0.0312252
388.8	-0.0312335
388.9	-0.0312403
389	-0.0312454
389.1	-0.0312475
389.2	-0.0312489
389.3	-0.0312489
389.4	-0.0312511
389.5	-0.0312532
389.6	-0.0312541
389.7	-0.0312561
389.8	-0.0312576
389.9	-0.0312589
390	-0.0312582
390.1	-0.0312593
390.2	-0.0312682
390.3	-0.0312836
390.4	-0.0312981
390.5	-0.0313089
390.6	-0.0313188
390.7	-0.0313282
390.8	-0.0313391
390.9	-0.031352
391	-0.0313637
391.1	-0.0313738
391.2	-0.0313864
391.3	-0.0313984
391.4	-0.0314062
391.5	-0.0314102
391.6	-0.0314127
391.7	-0.0314191
391.8	-0.0314243
391.9	-0.0314256
392	-0.0314281
392.1	-0.0314275
392.2	-0.0314201
392.3	-0.0314089
392.4	-0.0313999
392.5	-0.0313973
392.6	-0.031397
392.7	-0.0313982
392.8	-0.0313998
392.9	-0.031397
393	-0.0313986
393.1	-0.0314089
393.2	-0.0314236
393.3	-0.0314399
393.4	-0.0314599
393.5	-0.0314805
393.6	-0.0315048
393.7	-0.0315349
393.8	-0.0315708
393.9	-0.0316101
394	-0.0316512
394.1	-0.0316912
394.2	-0.0317267
394.3	-0.0317621
394.4	-0.0317981
394.5	-0.0318393
394.6	-0.0318817
394.7	-0.031924
394.8	-0.0319621
394.9	-0.0319977
395	-0.0320364
395.1	-0.0320784
395.2	-0.0321218
395.3	-0.0321614
395.4	-0.0321999
395.5	-0.0322393
395.6	-0.0322737
395.7	-0.032307
395.8	-0.0323448
395.9	-0.0323866
396	-0.0324314
396.1	-0.0324786
396.2	-0.0325228
396.3	-0.0325637
396.4	-0.0326034
396.5	-0.0326397
396.6	-0.0326782
396.7	-0.0327155
396.8	-0.0327521
396.9	-0.0327936
397	-0.0328395
397.1	-0.032884
397.2	-0.0329321
397.3	-0.0329792
397.4	-0.0330282
397.5	-0.0330789
397.6	-0.0331296
397.7	-0.0331815
397.8	-0.0332371
397.9	-0.0332899
398	-0.0333404
398.1	-0.0333853
398.2	-0.0334298
398.3	-0.0334729
398.4	-0.0335179
398.5	-0.0335627
398.6	-0.033604
398.7	-0.0336426
398.8	-0.0336816
398.9	-0.0337204
399	-0.0337616
399.1	-0.0338026
399.2	-0.0338352
399.3	-0.0338664
399.4	-0.0338981
399.5	-0.033932
399.6	-0.0339616
399.7	-0.0339859
399.8	-0.0340125
399.9	-0.034037
400	-0.0340629
400.1	-0.0340894
400.2	-0.0341177
400.3	-0.0341478
400.4	-0.034176
400.5	-0.0342001
400.6	-0.034222
400.7	-0.0342428
400.8	-0.0342652
400.9	-0.0342916
401	-0.0343122
401.1	-0.0343258
401.2	-0.0343376
401.3	-0.0343517
401.4	-0.0343664
401.5	-0.034378
401.6	-0.0343857
401.7	-0.0343944
401.8	-0.0344058
401.9	-0.0344127
402	-0.0344123
402.1	-0.034403
402.2	-0.0343911
402.3	-0.0343811
402.4	-0.0343712
402.5	-0.0343618
402.6	-0.0343506
402.7	-0.034338
402.8	-0.0343263
402.9	-0.0343208
403	-0.0343215
403.1	-0.0343219
403.2	-0.0343233
403.3	-0.0343276
403.4	-0.0343291
403.5	-0.0343281
403.6	-0.0343265
403.7	-0.0343245
403.8	-0.0343233
403.9	-0.0343188
404	-0.0343148
404.1	-0.0343129
404.2	-0.0343114
404.3	-0.0343104
404.4	-0.0343095
404.5	-0.0343098
404.6	-0.0343079
404.7	-0.0343063
404.8	-0.034304
404.9	-0.0343009
405	-0.0342981
405.1	-0.0342918
405.2	-0.0342784
405.3	-0.0342623
405.4	-0.034244
405.5	-0.0342229
405.6	-0.0342005
405.7	-0.0341755
405.8	-0.0341545
405.9	-0.0341312
406	-0.0341079
406.1	-0.0340839
406.2	-0.0340587
406.3	-0.034036
406.4	-0.0340133
406.5	-0.0339885
406.6	-0.033965
406.7	-0.0339379
406.8	-0.0339064
406.9	-0.0338772
407	-0.0338477
407.1	-0.0338157
407.2	-0.0337779
407.3	-0.0337388
407.4	-0.0336977
407.5	-0.0336543
407.6	-0.0336067
407.7	-0.0335555
407.8	-0.0335027
407.9	-0.0334553
408	-0.0334132
408.1	-0.033376
408.2	-0.0333357
408.3	-0.0332934
408.4	-0.0332479
408.5	-0.0331965
408.6	-0.0331456
408.7	-0.0330992
408.8	-0.0330504
408.9	-0.0329991
409	-0.0329534
409.1	-0.0329045
409.2	-0.0328547
409.3	-0.0328039
409.4	-0.0327544
409.5	-0.0327119
409.6	-0.0326701
409.7	-0.0326294
409.8	-0.0325883
409.9	-0.0325436
410	-0.0324964
410.1	-0.0324476
410.2	-0.0323953
410.3	-0.0323443
410.4	-0.0322905
410.5	-0.0322344
410.6	-0.0321709
410.7	-0.0321021
410.8	-0.0320374
410.9	-0.031971
411	-0.0319071
411.1	-0.0318433
411.2	-0.0317766
411.3	-0.0317031
411.4	-0.0316249
411.5	-0.0315489
411.6	-0.0314712
411.7	-0.0313932
411.8	-0.031313
411.9	-0.0312296
412	-0.0311434
412.1	-0.0310543
412.2	-0.0309648
412.3	-0.0308768
412.4	-0.0307941
412.5	-0.0307116
412.6	-0.0306288
412.7	-0.0305429
412.8	-0.0304546
412.9	-0.0303642
413	-0.0302692
413.1	-0.0301706
413.2	-0.0300695
413.3	-0.0299719
413.4	-0.0298826
413.5	-0.0297975
413.6	-0.0297187
413.7	-0.0296396
413.8	-0.0295634
413.9	-0.0294941
414	-0.0294263
414.1	-0.0293603
414.2	-0.0292908
414.3	-0.0292214
414.4	-0.0291535
414.5	-0.0290883
414.6	-0.0290275
414.7	-0.0289665
414.8	-0.0289048
414.9	-0.0288441
415	-0.0287785
415.1	-0.0287108
415.2	-0.0286478
415.3	-0.0285844
415.4	-0.0285192
415.5	-0.0284554
415.6	-0.0283895
415.7	-0.028325
415.8	-0.0282627
415.9	-0.0281992
416	-0.0281426
416.1	-0.0280885
416.2	-0.0280375
416.3	-0.0279862
416.4	-0.0279305
416.5	-0.0278755
416.6	-0.0278215
416.7	-0.0277708
416.8	-0.0277186
416.9	-0.0276665
417	-0.0276171
417.1	-0.0275675
417.2	-0.0275199
417.3	-0.0274754
417.4	-0.0274305
417.5	-0.0273826
417.6	-0.0273304
417.7	-0.0272785
417.8	-0.0272216
417.9	-0.0271642
418	-0.0271111
418.1	-0.0270615
418.2	-0.0270132
418.3	-0.0269643
418.4	-0.0269145
418.5	-0.026869
418.6	-0.0268265
418.7	-0.0267883
418.8	-0.0267484
418.9	-0.0267149
419	-0.0266848
419.1	-0.0266497
419.2	-0.0266099
419.3	-0.0265664
419.4	-0.0265221
419.5	-0.0264715
419.6	-0.0264202
419.7	-0.0263726
419.8	-0.0263273
419.9	-0.0262816
420	-0.026231
420.1	-0.0261849
420.2	-0.026145
420.3	-0.0261098
420.4	-0.0260748
420.5	-0.0260416
420.6	-0.0260157
420.7	-0.0259877
420.8	-0.0259556
420.9	-0.025922
421	-0.0258924
421.1	-0.0258629
421.2	-0.0258284
421.3	-0.0257933
421.4	-0.0257616
421.5	-0.0257307
421.6	-0.0256957
421.7	-0.0256605
421.8	-0.0256279
421.9	-0.0255949
422	-0.0255607
422.1	-0.025525
422.2	-0.0254895
422.3	-0.025448
422.4	-0.0254002
422.5	-0.025358
422.6	-0.0253155
422.7	-0.02527
422.8	-0.0252238
422.9	-0.0251812
423	-0.0251415
423.1	-0.0251021
423.2	-0.0250597
423.3	-0.0250177
423.4	-0.02498
423.5	-0.0249425
423.6	-0.0249027
423.7	-0.024865
423.8	-0.024832
423.9	-0.024802
424	-0.0247724
424.1	-0.0247449
424.2	-0.0247146
424.3	-0.0246806
424.4	-0.0246436
424.5	-0.0246055
424.6	-0.0245703
424.7	-0.024538
424.8	-0.0245066
424.9	-0.0244763
425	-0.0244396
425.1	-0.0243998
425.2	-0.0243585
425.3	-0.0243165
425.4	-0.0242741
425.5	-0.0242373
425.6	-0.0241998
425.7	-0.0241598
425.8	-0.024121
425.9	-0.024084
426	-0.0240461
426.1	-0.0240087
426.2	-0.0239669
426.3	-0.0239213
426.4	-0.0238717
426.5	-0.0238238
426.6	-0.0237747
426.7	-0.0237271
426.8	-0.0236821
426.9	-0.0236351
427	-0.0235885
427.1	-0.0235484
427.2	-0.0235152
427.3	-0.023484
427.4	-0.0234531
427.5	-0.0234211
427.6	-0.0233885
427.7	-0.0233525
427.8	-0.0233145
427.9	-0.0232734
428	-0.0232335
428.1	-0.0231989
428.2	-0.023171
428.3	-0.0231461
428.4	-0.0231227
428.5	-0.0230996
428.6	-0.02308
428.7	-0.0230596
428.8	-0.023042
428.9	-0.0230259
429	-0.0230129
429.1	-0.023002
429.2	-0.0229913
429.3	-0.0229803
429.4	-0.0229622
429.5	-0.0229417
429.6	-0.0229158
429.7	-0.022883
429.8	-0.0228482
429.9	-0.022811
430	-0.0227776
430.1	-0.0227457
430.2	-0.0227153
430.3	-0.0226888
430.4	-0.022665
430.5	-0.0226469
430.6	-0.0226305
430.7	-0.022616
430.8	-0.0225975
430.9	-0.0225765
431	-0.022554
431.1	-0.0225263
431.2	-0.0224988
431.3	-0.0224708
431.4	-0.0224408
431.5	-0.0224094
431.6	-0.0223764
431.7	-0.0223413
431.8	-0.0223033
431.9	-0.0222566
432	-0.0222076
432.1	-0.0221597
432.2	-0.0221141
432.3	-0.0220697
432.4	-0.0220219
432.5	-0.0219725
432.6	-0.0219284
432.7	-0.0218845
432.8	-0.0218378
432.9	-0.0217884
433	-0.0217363
433.1	-0.0216834
433.2	-0.0216295
433.3	-0.021574
433.4	-0.0215145
433.5	-0.0214567
433.6	-0.0213998
433.7	-0.0213387
433.8	-0.0212713
433.9	-0.0212062
434	-0.0211412
434.1	-0.0210757
434.2	-0.0210135
434.3	-0.0209499
434.4	-0.0208857
434.5	-0.0208183
434.6	-0.0207504
434.7	-0.020678
434.8	-0.0206009
434.9	-0.0205222
435	-0.0204431
435.1	-0.020359
435.2	-0.0202739
435.3	-0.0201904
435.4	-0.0201051
435.5	-0.0200178
435.6	-0.019936
435.7	-0.0198546
435.8	-0.0197732
435.9	-0.0196927
436	-0.0196133
436.1	-0.0195329
436.2	-0.0194516
436.3	-0.019369
436.4	-0.0192875
436.5	-0.0192085
436.6	-0.0191284
436.7	-0.019047
436.8	-0.0189608
436.9	-0.0188716
437	-0.0187834
437.1	-0.0186957
437.2	-0.0186085
437.3	-0.0185182
437.4	-0.0184256
437.5	-0.0183348
437.6	-0.0182477
437.7	-0.018158
437.8	-0.0180635
437.9	-0.0179649
438	-0.0178614
438.1	-0.0177557
438.2	-0.0176491
438.3	-0.0175443
438.4	-0.0174407
438.5	-0.0173347
438.6	-0.0172252
438.7	-0.0171144
438.8	-0.0170044
438.9	-0.016897
439	-0.0167951
439.1	-0.0166966
439.2	-0.016595
439.3	-0.016491
439.4	-0.0163866
439.5	-0.0162841
439.6	-0.0161796
439.7	-0.0160749
439.8	-0.0159712
439.9	-0.0158693
440	-0.0157702
440.1	-0.0156767
440.2	-0.0155889
440.3	-0.0155009
440.4	-0.0154167
440.5	-0.0153335
440.6	-0.0152447
440.7	-0.0151607
440.8	-0.0150796
440.9	-0.015002
441	-0.0149213
441.1	-0.0148389
441.2	-0.0147552
441.3	-0.0146732
441.4	-0.014586
441.5	-0.014496
441.6	-0.0144068
441.7	-0.0143197
441.8	-0.0142397
441.9	-0.0141632
442	-0.0140876
442.1	-0.014012
442.2	-0.013938
442.3	-0.0138641
442.4	-0.01379
442.5	-0.013723
442.6	-0.0136536
442.7	-0.0135834
442.8	-0.0135128
442.9	-0.0134401
443	-0.0133668
443.1	-0.0132949
443.2	-0.0132239
443.3	-0.0131503
443.4	-0.013077
443.5	-0.013002
443.6	-0.0129216
443.7	-0.0128363
443.8	-0.012746
443.9	-0.012653
444	-0.0125593
444.1	-0.0124641
444.2	-0.0123669
444.3	-0.0122676
444.4	-0.0121708
444.5	-0.0120765
444.6	-0.0119825
444.7	-0.0118904
444.8	-0.0117919
444.9	-0.0116915
445	-0.0115924
445.1	-0.0114927
445.2	-0.0113905
445.3	-0.0112852
445.4	-0.0111762
445.5	-0.0110619
445.6	-0.0109463
445.7	-0.010834
445.8	-0.01072
445.9	-0.0106055
446	-0.0104942
446.1	-0.0103864
446.2	-0.0102763
446.3	-0.0101651
446.4	-0.0100556
446.5	-0.00994528
446.6	-0.0098301
446.7	-0.0097145
446.8	-0.00959742
446.9	-0.00948026
447	-0.00936282
447.1	-0.00923966
447.2	-0.00910945
447.3	-0.00897406
447.4	-0.00883985
447.5	-0.00871612
447.6	-0.0085988
447.7	-0.00848962
447.8	-0.00838738
447.9	-0.0082835
448	-0.00817261
448.1	-0.00805812
448.2	-0.0079415
448.3	-0.00782558
448.4	-0.00770982
448.5	-0.00759123
448.6	-0.00746894
448.7	-0.00734364
448.8	-0.0072213
448.9	-0.00710221
449	-0.00697863
449.1	-0.00684836
449.2	-0.00671342
449.3	-0.0065798
449.4	-0.00644598
449.5	-0.00630859
449.6	-0.00617595
449.7	-0.00604676
449.8	-0.00592057
449.9	-0.00579173
450	-0.00565995
450.1	-0.00552286
450.2	-0.00538522
450.3	-0.00524648
450.4	-0.00510826
450.5	-0.00497075
450.6	-0.00483418
450.7	-0.00469613
450.8	-0.00455473
450.9	-0.00441479
451	-0.00427537
451.1	-0.00413536
451.2	-0.00399622
451.3	-0.00385882
451.4	-0.00372273
451.5	-0.00358425
451.6	-0.00344201
451.7	-0.00329828
451.8	-0.00315238
451.9	-0.00300614
452	-0.00286092
452.1	-0.00271579
452.2	-0.00257932
452.3	-0.00244426
452.4	-0.00230971
452.5	-0.00217864
452.6	-0.00204671
452.7	-0.00191211
452.8	-0.00177901
452.9	-0.00164888
453	-0.00151705
453.1	-0.00138757
453.2	-0.00125848
453.3	-0.00112947
453.4	-0.0010018
453.5	-0.000874069
453.6	-0.000745606
453.7	-0.000615064
453.8	-0.000487617
453.9	-0.000361386
454	-0.000231725
454.1	-9.71536e-05
454.2	4.33448e-05
454.3	0.000191747
454.4	0.000340982
454.5	0.000490707
454.6	0.000637391
454.7	0.000781624
454.8	0.000920371
454.9	0.00105996
455	0.00119617
455.1	0.00133057
455.2	0.00146684
455.3	0.00160382
455.4	0.00173873
455.5	0.00187311
455.6	0.00200445
455.7	0.00213691
455.8	0.00226804
455.9	0.00240098
456	0.00253888
456.1	0.00267547
456.2	0.00280851
456.3	0.00294148
456.4	0.00307419
456.5	0.00320696
456.6	0.00334505
456.7	0.00348621
456.8	0.00363377
456.9	0.00378726
457	0.00394302
457.1	0.00410353
457.2	0.00426679
457.3	0.00443638
457.4	0.00460866
457.5	0.00478112
457.6	0.00495304
457.7	0.00512797
457.8	0.00530055
457.9	0.0054648
458	0.00562401
458.1	0.00578208
458.2	0.00593627
458.3	0.00608332
458.4	0.00622205
458.5	0.00635183
458.6	0.00647851
458.7	0.00660604
458.8	0.00673719
458.9	0.00686344
459	0.00699015
459.1	0.00711572
459.2	0.00724106
459.3	0.00737086
459.4	0.00750736
459.5	0.00765216
459.6	0.0078029
459.7	0.00795118
459.8	0.00809879
459.9	0.00824464
460	0.00838967
460.1	0.00853491
460.2	0.00868271
460.3	0.00883452
460.4	0.00898586
460.5	0.00914107
460.6	0.00929612
460.7	0.00945098
460.8	0.00960437
460.9	0.00976044
461	0.00991948
461.1	0.0100788
461.2	0.0102322
461.3	0.0103826
461.4	0.0105299
461.5	0.0106729
461.6	0.0108146
461.7	0.0109603
461.8	0.0111073
461.9	0.0112572
462	0.0114047
462.1	0.0115526
462.2	0.0117032
462.3	0.0118537
462.4	0.0119984
462.5	0.0121418
462.6	0.0122866
462.7	0.0124282
462.8	0.0125675
462.9	0.0127083
463	0.0128491
463.1	0.0129879
463.2	0.0131251
463.3	0.0132627
463.4	0.0134002
463.5	0.0135348
463.6	0.0136693
463.7	0.0138009
463.8	0.0139333
463.9	0.0140628
464	0.014192
464.1	0.0143209
464.2	0.014456
464.3	0.0145962
464.4	0.0147379
464.5	0.0148819
464.6	0.015025
464.7	0.0151654
464.8	0.0152993
464.9	0.0154295
465	0.0155611
465.1	0.0156949
465.2	0.0158339
465.3	0.0159695
465.4	0.0160985
465.5	0.016227
465.6	0.0163563
465.7	0.0164828
465.8	0.0166058
465.9	0.0167294
466	0.0168503
466.1	0.0169689
466.2	0.0170893
466.3	0.017215
466.4	0.017346
466.5	0.017476
466.6	0.0176075
466.7	0.0177435
466.8	0.0178795
466.9	0.01801
467	0.0181379
467.1	0.0182725
467.2	0.018412
467.3	0.0185595
467.4	0.0187055
467.5	0.0188522
467.6	0.0189956
467.7	0.0191326
467.8	0.0192688
467.9	0.0194032
468	0.0195359
468.1	0.0196663
468.2	0.0197978
468.3	0.0199312
468.4	0.0200636
468.5	0.0201985
468.6	0.0203278
468.7	0.0204517
468.8	0.0205794
468.9	0.0207138
469	0.0208476
469.1	0.0209818
469.2	0.0211174
469.3	0.0212549
469.4	0.0213995
469.5	0.0215489
469.6	0.0217048
469.7	0.0218634
469.8	0.0220186
469.9	0.0221684
470	0.022319
470.1	0.0224644
470.2	0.0226082
470.3	0.0227543
470.4	0.0228973
470.5	0.023036
470.6	0.0231797
470.7	0.0233228
470.8	0.0234632
470.9	0.0235996
471	0.0237354
471.1	0.0238669
471.2	0.0239996
471.3	0.0241346
471.4	0.0242691
471.5	0.02441
471.6	0.0245588
471.7	0.0247117
471.8	0.0248683
471.9	0.025027
472	0.0251861
472.1	0.0253455
472.2	0.0255039
472.3	0.0256653
472.4	0.0258253
472.5	0.0259847
472.6	0.0261473
472.7	0.0263159
472.8	0.0264936
472.9	0.0266761
473	0.0268613
473.1	0.0270465
473.2	0.0272335
473.3	0.0274152
473.4	0.0275917
473.5	0.027761
473.6	0.0279266
473.7	0.0280937
473.8	0.0282595
473.9	0.0284248
474	0.0285908
474.1	0.028758
474.2	0.0289288
474.3	0.0290975
474.4	0.0292705
474.5	0.0294441
474.6	0.029615
474.7	0.0297879
474.8	0.0299593
474.9	0.0301279
475	0.0302921
475.1	0.0304524
475.2	0.030614
475.3	0.0307725
475.4	0.0309317
475.5	0.0310913
475.6	0.0312503
475.7	0.0314038
475.8	0.0315584
475.9	0.0317123
476	0.0318658
476.1	0.0320193
476.2	0.0321743
476.3	0.0323296
476.4	0.0324837
476.5	0.0326348
476.6	0.0327854
476.7	0.0329341
476.8	0.0330835
476.9	0.0332321
477	0.0333805
477.1	0.0335281
477.2	0.0336796
477.3	0.0338326
477.4	0.033987
477.5	0.0341425
477.6	0.0342921
477.7	0.0344341
477.8	0.0345676
477.9	0.0346987
478	0.0348335
478.1	0.034976
478.2	0.0351225
478.3	0.0352728
478.4	0.0354256
478.5	0.0355754
478.6	0.0357223
478.7	0.0358724
478.8	0.0360231
478.9	0.0361782
479	0.0363388
479.1	0.036502
479.2	0.0366641
479.3	0.036824
479.4	0.0369814
479.5	0.0371367
479.6	0.0372904
479.7	0.0374408
479.8	0.0375916
479.9	0.0377431
480	0.0378947
480.1	0.0380446
480.2	0.0381922
480.3	0.0383332
480.4	0.03847
480.5	0.0386056
480.6	0.0387404
480.7	0.0388738
480.8	0.039011
480.9	0.0391468
481	0.0392845
481.1	0.0394293
481.2	0.039574
481.3	0.0397158
481.4	0.039855
481.5	0.0399944
481.6	0.0401327
481.7	0.0402695
481.8	0.0403993
481.9	0.0405252
482	0.0406444
482.1	0.0407619
482.2	0.0408726
482.3	0.0409764
482.4	0.0410755
482.5	0.0411767
482.6	0.0412763
482.7	0.0413763
482.8	0.0414767
482.9	0.0415791
483	0.0416788
483.1	0.0417741
483.2	0.041865
483.3	0.0419543
483.4	0.0420425
483.5	0.0421297
483.6	0.0422176
483.7	0.0423007
483.8	0.0423791
483.9	0.0424607
484	0.0425482
484.1	0.0426413
484.2	0.0427343
484.3	0.0428302
484.4	0.0429319
484.5	0.0430343
484.6	0.0431343
484.7	0.0432347
484.8	0.0433316
484.9	0.0434248
485	0.0435171
485.1	0.0436074
485.2	0.0436964
485.3	0.0437815
485.4	0.0438571
485.5	0.0439287
485.6	0.0440001
485.7	0.0440703
485.8	0.0441417
485.9	0.0442118
486	0.044285
486.1	0.0443569
486.2	0.0444323
486.3	0.0445096
486.4	0.0445878
486.5	0.0446667
486.6	0.0447429
486.7	0.0448192
486.8	0.0448955
486.9	0.0449689
487	0.0450435
487.1	0.0451229
487.2	0.0452022
487.3	0.0452816
487.4	0.0453613
487.5	0.0454373
487.6	0.0455123
487.7	0.0455807
487.8	0.045645
487.9	0.0457065
488	0.0457651
488.1	0.045827
488.2	0.0458957
488.3	0.0459704
488.4	0.0460447
488.5	0.0461162
488.6	0.046187
488.7	0.0462611
488.8	0.04634
488.9	0.0464152
489	0.046486
489.1	0.0465535
489.2	0.0466232
489.3	0.046694
489.4	0.0467641
489.5	0.0468377
489.6	0.0469123
489.7	0.0469817
489.8	0.0470516
489.9	0.0471203
490	0.0471906
490.1	0.047261
490.2	0.0473287
490.3	0.0473973
490.4	0.0474675
490.5	0.0475382
490.6	0.0476121
490.7	0.0476851
490.8	0.0477598
490.9	0.0478348
491	0.0479078
491.1	0.0479791
491.2	0.0480483
491.3	0.0481193
491.4	0.048193
491.5	0.048262
491.6	0.0483315
491.7	0.0484024
491.8	0.048475
491.9	0.0485448
492	0.0486173
492.1	0.0486889
492.2	0.0487562
492.3	0.0488239
492.4	0.0488931
492.5	0.0489576
492.6	0.0490188
492.7	0.0490776
492.8	0.049136
492.9	0.0491996
493	0.0492689
493.1	0.049336
493.2	0.0493991
493.3	0.0494586
493.4	0.0495181
493.5	0.0495768
493.6	0.049635
493.7	0.0496913
493.8	0.0497517
493.9	0.0498105
494	0.0498661
494.1	0.0499212
494.2	0.0499771
494.3	0.0500337
494.4	0.0500897
494.5	0.0501442
494.6	0.0502026
494.7	0.0502638
494.8	0.0503317
494.9	0.0504032
495	0.0504769
495.1	0.0505521
495.2	0.0506318
495.3	0.0507121
495.4	0.0507911
495.5	0.0508673
495.6	0.050939
495.7	0.0510094
495.8	0.0510767
495.9	0.0511362
496	0.0511961
496.1	0.0512597
496.2	0.0513226
496.3	0.0513869
496.4	0.0514588
496.5	0.0515356
496.6	0.0516089
496.7	0.0516877
496.8	0.0517679
496.9	0.0518478
497	0.0519241
497.1	0.051991
497.2	0.0520602
497.3	0.0521263
497.4	0.0521904
497.5	0.0522515
497.6	0.0523154
497.7	0.0523872
497.8	0.0524637
497.9	0.0525445
498	0.0526256
498.1	0.0527094
498.2	0.0527955
498.3	0.0528773
498.4	0.0529547
498.5	0.0530267
498.6	0.053092
498.7	0.0531592
498.8	0.0532202
498.9	0.0532757
499	0.0533301
499.1	0.053375
499.2	0.0534121
499.3	0.0534444
499.4	0.0534771
499.5	0.0535132
499.6	0.0535512
499.7	0.0535875
499.8	0.05362
499.9	0.0536539
500	0.0536887
