LagTime	Correlation

0	0.672346
0.1	0.667332
0.2	0.659865
0.3	0.651855
0.4	0.643788
0.5	0.635779
0.6	0.627862
0.7	0.620039
0.8	0.612317
0.9	0.60469
1	0.597158
1.1	0.58972
1.2	0.582378
1.3	0.575129
1.4	0.567969
1.5	0.560896
1.6	0.553912
1.7	0.547017
1.8	0.540209
1.9	0.533488
2	0.526848
2.1	0.520291
2.2	0.513809
2.3	0.507405
2.4	0.501083
2.5	0.494833
2.6	0.488659
2.7	0.482564
2.8	0.476546
2.9	0.470604
3	0.46474
3.1	0.458947
3.2	0.453225
3.3	0.447572
3.4	0.441995
3.5	0.436492
3.6	0.431059
3.7	0.425693
3.8	0.420397
3.9	0.415166
4	0.409995
4.1	0.404883
4.2	0.399832
4.3	0.394845
4.4	0.38992
4.5	0.38506
4.6	0.380263
4.7	0.375522
4.8	0.370835
4.9	0.366206
5	0.361638
5.1	0.357128
5.2	0.352679
5.3	0.34829
5.4	0.343964
5.5	0.3397
5.6	0.335492
5.7	0.331337
5.8	0.327232
5.9	0.323177
6	0.319177
6.1	0.315229
6.2	0.311331
6.3	0.307485
6.4	0.30369
6.5	0.299943
6.6	0.29624
6.7	0.292579
6.8	0.288963
6.9	0.285392
7	0.281867
7.1	0.278387
7.2	0.274947
7.3	0.271547
7.4	0.268188
7.5	0.264875
7.6	0.26161
7.7	0.258386
7.8	0.255205
7.9	0.252063
8	0.248963
8.1	0.245902
8.2	0.242886
8.3	0.239906
8.4	0.236967
8.5	0.234072
8.6	0.23122
8.7	0.228405
8.8	0.225628
8.9	0.222888
9	0.220185
9.1	0.217511
9.2	0.214865
9.3	0.212251
9.4	0.209672
9.5	0.207125
9.6	0.20461
9.7	0.202128
9.8	0.199679
9.9	0.197257
10	0.194859
10.1	0.192489
10.2	0.190149
10.3	0.187837
10.4	0.185553
10.5	0.183296
10.6	0.181068
10.7	0.178866
10.8	0.17669
10.9	0.17454
11	0.172416
11.1	0.17032
11.2	0.168246
11.3	0.166194
11.4	0.164169
11.5	0.162167
11.6	0.160192
11.7	0.158247
11.8	0.156327
11.9	0.154434
12	0.152567
12.1	0.150723
12.2	0.148899
12.3	0.147099
12.4	0.145324
12.5	0.143567
12.6	0.141825
12.7	0.140099
12.8	0.138388
12.9	0.136699
13	0.13503
13.1	0.133375
13.2	0.131733
13.3	0.130106
13.4	0.128496
13.5	0.126903
13.6	0.125331
13.7	0.123777
13.8	0.122238
13.9	0.120723
14	0.119233
14.1	0.117763
14.2	0.116312
14.3	0.114877
14.4	0.113459
14.5	0.112059
14.6	0.110673
14.7	0.109303
14.8	0.107949
14.9	0.106615
15	0.105293
15.1	0.103995
15.2	0.102719
15.3	0.101459
15.4	0.100212
15.5	0.0989761
15.6	0.0977536
15.7	0.0965438
15.8	0.0953493
15.9	0.0941712
16	0.093011
16.1	0.0918725
16.2	0.0907528
16.3	0.0896472
16.4	0.088556
16.5	0.0874832
16.6	0.0864205
16.7	0.08537
16.8	0.0843318
16.9	0.0833101
17	0.0823015
17.1	0.0813044
17.2	0.0803207
17.3	0.0793494
17.4	0.078391
17.5	0.0774465
17.6	0.0765155
17.7	0.0755967
17.8	0.0746879
17.9	0.07379
18	0.0729068
18.1	0.0720362
18.2	0.0711756
18.3	0.0703258
18.4	0.0694883
18.5	0.0686609
18.6	0.0678431
18.7	0.0670329
18.8	0.0662344
18.9	0.0654486
19	0.0646769
19.1	0.0639122
19.2	0.0631554
19.3	0.062407
19.4	0.0616647
19.5	0.060926
19.6	0.0601949
19.7	0.0594732
19.8	0.0587665
19.9	0.0580751
20	0.0573897
20.1	0.0567107
20.2	0.0560384
20.3	0.055376
20.4	0.054723
20.5	0.0540783
20.6	0.0534439
20.7	0.0528241
20.8	0.0522104
20.9	0.0516004
21	0.0509927
21.1	0.0503922
21.2	0.0498042
21.3	0.0492266
21.4	0.0486548
21.5	0.0480927
21.6	0.0475382
21.7	0.046994
21.8	0.0464606
21.9	0.0459397
22	0.0454276
22.1	0.0449188
22.2	0.0444126
22.3	0.0439114
22.4	0.0434195
22.5	0.0429296
22.6	0.0424406
22.7	0.0419553
22.8	0.0414745
22.9	0.0410031
23	0.0405382
23.1	0.0400792
23.2	0.0396305
23.3	0.0391844
23.4	0.03875
23.5	0.038326
23.6	0.0379082
23.7	0.0374937
23.8	0.0370868
23.9	0.0366877
24	0.0362986
24.1	0.0359153
24.2	0.0355336
24.3	0.035154
24.4	0.0347801
24.5	0.0344056
24.6	0.0340351
24.7	0.03367
24.8	0.0333091
24.9	0.0329513
25	0.0325979
25.1	0.0322476
25.2	0.031898
25.3	0.0315503
25.4	0.0312071
25.5	0.0308694
25.6	0.0305337
25.7	0.0301981
25.8	0.0298701
25.9	0.0295451
26	0.029228
26.1	0.0289155
26.2	0.0286129
26.3	0.0283143
26.4	0.0280211
26.5	0.0277317
26.6	0.0274455
26.7	0.0271608
26.8	0.0268716
26.9	0.026583
27	0.026291
27.1	0.0259987
27.2	0.0257075
27.3	0.0254208
27.4	0.0251414
27.5	0.0248685
27.6	0.0246007
27.7	0.0243354
27.8	0.0240724
27.9	0.0238134
28	0.0235575
28.1	0.0233054
28.2	0.0230587
28.3	0.0228134
28.4	0.0225671
28.5	0.0223277
28.6	0.0220958
28.7	0.0218707
28.8	0.0216509
28.9	0.0214326
29	0.0212183
29.1	0.0210073
29.2	0.020802
29.3	0.0206025
29.4	0.0204005
29.5	0.0202014
29.6	0.0200025
29.7	0.0198047
29.8	0.0196045
29.9	0.0194061
30	0.0192144
30.1	0.0190291
30.2	0.018849
30.3	0.0186707
30.4	0.0184954
30.5	0.0183199
30.6	0.0181427
30.7	0.0179655
30.8	0.0177877
30.9	0.0176109
31	0.0174367
31.1	0.0172654
31.2	0.0170909
31.3	0.016914
31.4	0.0167337
31.5	0.0165474
31.6	0.0163584
31.7	0.0161735
31.8	0.0159909
31.9	0.0158109
32	0.0156307
32.1	0.0154537
32.2	0.0152807
32.3	0.0151106
32.4	0.0149439
32.5	0.014781
32.6	0.0146217
32.7	0.0144655
32.8	0.0143071
32.9	0.0141443
33	0.0139807
33.1	0.013814
33.2	0.0136492
33.3	0.0134866
33.4	0.0133322
33.5	0.0131795
33.6	0.0130295
33.7	0.0128883
33.8	0.0127508
33.9	0.0126094
34	0.0124651
34.1	0.0123263
34.2	0.0121905
34.3	0.012055
34.4	0.0119226
34.5	0.0117903
34.6	0.0116541
34.7	0.0115141
34.8	0.0113714
34.9	0.0112284
35	0.0110831
35.1	0.0109347
35.2	0.010783
35.3	0.0106347
35.4	0.0104874
35.5	0.0103456
35.6	0.0102115
35.7	0.0100873
35.8	0.00996817
35.9	0.00985254
36	0.00973908
36.1	0.00962658
36.2	0.00951794
36.3	0.0094165
36.4	0.0093168
36.5	0.00921659
36.6	0.00911608
36.7	0.00901965
36.8	0.00892707
36.9	0.00883013
37	0.00873057
37.1	0.00863128
37.2	0.00853351
37.3	0.00843301
37.4	0.00833246
37.5	0.00823343
37.6	0.00813409
37.7	0.00803139
37.8	0.00792759
37.9	0.00782434
38	0.00772117
38.1	0.00762099
38.2	0.00752852
38.3	0.00744121
38.4	0.00735517
38.5	0.00727226
38.6	0.00718944
38.7	0.00710817
38.8	0.00703112
38.9	0.00695864
39	0.00688766
39.1	0.00681605
39.2	0.00674107
39.3	0.00666458
39.4	0.00658649
39.5	0.00650902
39.6	0.00643562
39.7	0.0063673
39.8	0.00630232
39.9	0.00624412
40	0.00619013
40.1	0.00614182
40.2	0.00609435
40.3	0.00604123
40.4	0.00598129
40.5	0.00591307
40.6	0.00583953
40.7	0.00576578
40.8	0.00569419
40.9	0.00561743
41	0.00553394
41.1	0.00545404
41.2	0.00538223
41.3	0.00530802
41.4	0.00522854
41.5	0.00515057
41.6	0.00507415
41.7	0.00500094
41.8	0.00493034
41.9	0.00486086
42	0.00479023
42.1	0.0047151
42.2	0.00463981
42.3	0.00456788
42.4	0.00449952
42.5	0.00442986
42.6	0.00435859
42.7	0.00428355
42.8	0.00420568
42.9	0.00412474
43	0.00404618
43.1	0.00397013
43.2	0.00389746
43.3	0.0038278
43.4	0.00375969
43.5	0.00369191
43.6	0.00361939
43.7	0.00354443
43.8	0.0034699
43.9	0.00339626
44	0.00332287
44.1	0.00325278
44.2	0.00318574
44.3	0.0031248
44.4	0.00306177
44.5	0.00300213
44.6	0.00294643
44.7	0.00289202
44.8	0.00283627
44.9	0.00277795
45	0.00271386
45.1	0.00264447
45.2	0.00257281
45.3	0.00249828
45.4	0.00241734
45.5	0.00233539
45.6	0.00225579
45.7	0.0021755
45.8	0.00209479
45.9	0.00200898
46	0.00191949
46.1	0.00183135
46.2	0.00175112
46.3	0.00167234
46.4	0.00159186
46.5	0.00150867
46.6	0.00142612
46.7	0.00134573
46.8	0.00126522
46.9	0.00118635
47	0.00110858
47.1	0.0010281
47.2	0.000947178
47.3	0.000865594
47.4	0.000782614
47.5	0.00070495
47.6	0.000629808
47.7	0.00055466
47.8	0.00047808
47.9	0.000401927
48	0.000332194
48.1	0.00026568
48.2	0.000200306
48.3	0.000135967
48.4	7.60343e-05
48.5	2.23649e-05
48.6	-2.79254e-05
48.7	-7.89094e-05
48.8	-0.000130013
48.9	-0.000183151
49	-0.000235696
49.1	-0.000285403
49.2	-0.000333458
49.3	-0.000376701
49.4	-0.000413956
49.5	-0.000447106
49.6	-0.000480285
49.7	-0.000515827
49.8	-0.000549103
49.9	-0.000582152
50	-0.000613151
50.1	-0.000644738
50.2	-0.000674281
50.3	-0.000700376
50.4	-0.000719887
50.5	-0.000734965
50.6	-0.000750718
50.7	-0.000764368
50.8	-0.000776478
50.9	-0.000786363
51	-0.000796627
51.1	-0.000805343
51.2	-0.00081256
51.3	-0.000818535
51.4	-0.000821397
51.5	-0.00082291
51.6	-0.00082425
51.7	-0.000820923
51.8	-0.000814258
51.9	-0.000806664
52	-0.000806071
52.1	-0.000807779
52.2	-0.000813721
52.3	-0.00082195
52.4	-0.000831813
52.5	-0.000842346
52.6	-0.000856548
52.7	-0.000870099
52.8	-0.000883589
52.9	-0.000896303
53	-0.000907921
53.1	-0.000919553
53.2	-0.000934758
53.3	-0.000947331
53.4	-0.000956016
53.5	-0.000959508
53.6	-0.000962753
53.7	-0.000958826
53.8	-0.000950947
53.9	-0.00094131
54	-0.000927975
54.1	-0.000911464
54.2	-0.000895746
54.3	-0.000879068
54.4	-0.000859856
54.5	-0.000828268
54.6	-0.00079147
54.7	-0.000753783
54.8	-0.000715653
54.9	-0.000676365
55	-0.000634779
55.1	-0.000595863
55.2	-0.000561173
55.3	-0.000533781
55.4	-0.000508552
55.5	-0.000479603
55.6	-0.000451612
55.7	-0.000424515
55.8	-0.000397655
55.9	-0.000366825
56	-0.00033794
56.1	-0.000313995
56.2	-0.000289174
56.3	-0.000266003
56.4	-0.00024291
56.5	-0.000216498
56.6	-0.000189635
56.7	-0.000163061
56.8	-0.000139096
56.9	-0.000112852
57	-8.29704e-05
57.1	-5.216e-05
57.2	-1.77872e-05
57.3	2.36018e-05
57.4	7.22664e-05
57.5	0.00012422
57.6	0.000172823
57.7	0.000220374
57.8	0.000260128
57.9	0.000294016
58	0.00032405
58.1	0.000351359
58.2	0.000380642
58.3	0.000408677
58.4	0.000432772
58.5	0.00045582
58.6	0.000478141
58.7	0.000499798
58.8	0.00052008
58.9	0.000536619
59	0.000551446
59.1	0.000567116
59.2	0.000583485
59.3	0.000599264
59.4	0.000615619
59.5	0.000635485
59.6	0.000655787
59.7	0.000681055
59.8	0.000706848
59.9	0.000732172
60	0.000759461
60.1	0.000792211
60.2	0.00083349
60.3	0.000880405
60.4	0.000929407
60.5	0.000975721
60.6	0.00101929
60.7	0.00106363
60.8	0.00110618
60.9	0.00114745
61	0.00118402
61.1	0.0012192
61.2	0.00125545
61.3	0.00129229
61.4	0.00133348
61.5	0.00137892
61.6	0.001424
61.7	0.00147328
61.8	0.00152346
61.9	0.00157246
62	0.00161889
62.1	0.00165688
62.2	0.00168936
62.3	0.00172083
62.4	0.00174989
62.5	0.00177197
62.6	0.00178985
62.7	0.00180242
62.8	0.00180838
62.9	0.00181368
63	0.00182336
63.1	0.00183122
63.2	0.00183716
63.3	0.00184554
63.4	0.00185507
63.5	0.00186306
63.6	0.00186941
63.7	0.0018732
63.8	0.00187343
63.9	0.00187188
64	0.00186474
64.1	0.00185529
64.2	0.00184522
64.3	0.00183799
64.4	0.00182991
64.5	0.00182736
64.6	0.00182019
64.7	0.00181207
64.8	0.00180204
64.9	0.00179047
65	0.00177416
65.1	0.00175886
65.2	0.0017427
65.3	0.0017215
65.4	0.00169634
65.5	0.00167188
65.6	0.00164604
65.7	0.00161923
65.8	0.0015919
65.9	0.00156571
66	0.00154103
66.1	0.00151925
66.2	0.00149715
66.3	0.00147748
66.4	0.00146565
66.5	0.00145625
66.6	0.00144456
66.7	0.00143457
66.8	0.00142791
66.9	0.00142585
67	0.00142231
67.1	0.0014147
67.2	0.00141029
67.3	0.00140871
67.4	0.00141537
67.5	0.00142172
67.6	0.00142776
67.7	0.00143383
67.8	0.00144141
67.9	0.00145006
68	0.00145634
68.1	0.00146321
68.2	0.00147037
68.3	0.00147926
68.4	0.00149114
68.5	0.00150191
68.6	0.00151161
68.7	0.00151821
68.8	0.00152259
68.9	0.00152605
69	0.00152681
69.1	0.00153016
69.2	0.00153416
69.3	0.00154112
69.4	0.0015454
69.5	0.00155125
69.6	0.00155707
69.7	0.00156368
69.8	0.00157153
69.9	0.00158247
70	0.001589
70.1	0.0015958
70.2	0.00160117
70.3	0.00160694
70.4	0.00161375
70.5	0.0016221
70.6	0.0016302
70.7	0.00163698
70.8	0.00163938
70.9	0.001636
71	0.0016288
71.1	0.00161949
71.2	0.00161026
71.3	0.00159893
71.4	0.00158593
71.5	0.00157385
71.6	0.00155776
71.7	0.00154147
71.8	0.0015245
71.9	0.00150316
72	0.0014822
72.1	0.00145845
72.2	0.00143666
72.3	0.00141868
72.4	0.00140348
72.5	0.00139038
72.6	0.00137692
72.7	0.00136343
72.8	0.00135304
72.9	0.00134686
73	0.00134164
73.1	0.00133938
73.2	0.00133431
73.3	0.00132562
73.4	0.00131072
73.5	0.0012919
73.6	0.001277
73.7	0.00126698
73.8	0.00126068
73.9	0.00126073
74	0.00126543
74.1	0.00127594
74.2	0.00128831
74.3	0.0012961
74.4	0.00129811
74.5	0.00129545
74.6	0.00129
74.7	0.00127986
74.8	0.00126426
74.9	0.00125057
75	0.00123813
75.1	0.00121975
75.2	0.00120367
75.3	0.00118308
75.4	0.00115693
75.5	0.00112838
75.6	0.00109899
75.7	0.00107084
75.8	0.00104782
75.9	0.00102882
76	0.0010092
76.1	0.000990733
76.2	0.000972193
76.3	0.000950802
76.4	0.000933038
76.5	0.00091596
76.6	0.000900606
76.7	0.000883038
76.8	0.000867223
76.9	0.000852877
77	0.000836936
77.1	0.00081773
77.2	0.000793097
77.3	0.000768632
77.4	0.000746586
77.5	0.000729497
77.6	0.000715239
77.7	0.000705713
77.8	0.0006977
77.9	0.000688526
78	0.000679632
78.1	0.000668249
78.2	0.0006556
78.3	0.000647425
78.4	0.000644217
78.5	0.000638927
78.6	0.000628841
78.7	0.000615728
78.8	0.000605494
78.9	0.000598296
79	0.000590158
79.1	0.000581303
79.2	0.000567333
79.3	0.000553853
79.4	0.000543596
79.5	0.000531225
79.6	0.000519135
79.7	0.000505759
79.8	0.00049497
79.9	0.000486032
80	0.000480605
80.1	0.000474293
80.2	0.000470179
80.3	0.000468596
80.4	0.000470678
80.5	0.000472985
80.6	0.000471492
80.7	0.000463763
80.8	0.000453713
80.9	0.000445873
81	0.000439259
81.1	0.000437784
81.2	0.000439681
81.3	0.000440789
81.4	0.000442098
81.5	0.000445655
81.6	0.000450362
81.7	0.000451593
81.8	0.000452009
81.9	0.000446534
82	0.000442142
82.1	0.000434904
82.2	0.000434297
82.3	0.000437512
82.4	0.000442407
82.5	0.00044778
82.6	0.000452486
82.7	0.000461702
82.8	0.000474311
82.9	0.000485422
83	0.000498402
83.1	0.000507942
83.2	0.000515385
83.3	0.000522459
83.4	0.000530122
83.5	0.000534727
83.6	0.000539198
83.7	0.000537774
83.8	0.000530507
83.9	0.000524449
84	0.000514437
84.1	0.000507651
84.2	0.000501465
84.3	0.000493453
84.4	0.000485554
84.5	0.000476231
84.6	0.000464895
84.7	0.000453917
84.8	0.000442228
84.9	0.000422546
85	0.000398031
85.1	0.000369792
85.2	0.000341843
85.3	0.000312475
85.4	0.000282803
85.5	0.0002521
85.6	0.000220523
85.7	0.000187317
85.8	0.000150814
85.9	0.000114877
86	7.97649e-05
86.1	4.58628e-05
86.2	1.19533e-05
86.3	-2.57341e-05
86.4	-6.64698e-05
86.5	-0.00010865
86.6	-0.000149233
86.7	-0.000189732
86.8	-0.000231267
86.9	-0.00027279
87	-0.000313437
87.1	-0.000351555
87.2	-0.000387165
87.3	-0.000418425
87.4	-0.000448158
87.5	-0.00047773
87.6	-0.000502596
87.7	-0.000526664
87.8	-0.00054501
87.9	-0.00055828
88	-0.00056483
88.1	-0.000569927
88.2	-0.000575303
88.3	-0.00058524
88.4	-0.000597376
88.5	-0.000608608
88.6	-0.000619485
88.7	-0.000631042
88.8	-0.000643282
88.9	-0.000658172
89	-0.000674309
89.1	-0.000688588
89.2	-0.000704192
89.3	-0.000717024
89.4	-0.000725382
89.5	-0.000730934
89.6	-0.000735485
89.7	-0.000737704
89.8	-0.000745821
89.9	-0.000755937
90	-0.000769025
90.1	-0.000785373
90.2	-0.000796828
90.3	-0.000807869
90.4	-0.000821365
90.5	-0.000833671
90.6	-0.000846471
90.7	-0.000863558
90.8	-0.000882238
90.9	-0.000896498
91	-0.000910693
91.1	-0.000924419
91.2	-0.000935356
91.3	-0.000945935
91.4	-0.000960039
91.5	-0.000969777
91.6	-0.000975989
91.7	-0.00098293
91.8	-0.000992134
91.9	-0.00100277
92	-0.00101557
92.1	-0.00102798
92.2	-0.00103796
92.3	-0.00104408
92.4	-0.00104946
92.5	-0.00105261
92.6	-0.00106144
92.7	-0.00107434
92.8	-0.00109432
92.9	-0.00111857
93	-0.00114256
93.1	-0.00116295
93.2	-0.00117681
93.3	-0.00118424
93.4	-0.00118537
93.5	-0.00118304
93.6	-0.00117814
93.7	-0.00117029
93.8	-0.00116209
93.9	-0.00115466
94	-0.00114602
94.1	-0.0011356
94.2	-0.00112261
94.3	-0.00110656
94.4	-0.00108838
94.5	-0.00107344
94.6	-0.00105998
94.7	-0.00104577
94.8	-0.00103188
94.9	-0.00102158
95	-0.00101953
95.1	-0.00101772
95.2	-0.00101902
95.3	-0.00102384
95.4	-0.0010246
95.5	-0.00102108
95.6	-0.00101128
95.7	-0.00100107
95.8	-0.00099054
95.9	-0.000979986
96	-0.000968892
96.1	-0.000964476
96.2	-0.000967103
96.3	-0.000968357
96.4	-0.000970614
96.5	-0.00097508
96.6	-0.000980119
96.7	-0.000985606
96.8	-0.000983094
96.9	-0.000975523
97	-0.000963659
97.1	-0.000952171
97.2	-0.000936066
97.3	-0.000920456
97.4	-0.000901356
97.5	-0.000880827
97.6	-0.000860646
97.7	-0.00083763
97.8	-0.000815924
97.9	-0.000792883
98	-0.000773995
98.1	-0.000758197
98.2	-0.000738927
98.3	-0.000718238
98.4	-0.000693101
98.5	-0.000669045
98.6	-0.000645619
98.7	-0.000620787
98.8	-0.000597535
98.9	-0.000575366
99	-0.000550635
99.1	-0.000528139
99.2	-0.000508592
99.3	-0.000491865
99.4	-0.00047927
99.5	-0.000467058
99.6	-0.00045531
99.7	-0.000449492
99.8	-0.000449206
99.9	-0.000449936
100	-0.000450946
100.1	-0.000448835
100.2	-0.000451793
100.3	-0.000458357
100.4	-0.000465592
100.5	-0.000471397
100.6	-0.000472784
100.7	-0.000466771
100.8	-0.000458849
100.9	-0.000444695
101	-0.000426014
101.1	-0.000405068
101.2	-0.000383449
101.3	-0.000364565
101.4	-0.000343754
101.5	-0.000320358
101.6	-0.000296795
101.7	-0.000275786
101.8	-0.000257967
101.9	-0.000246516
102	-0.000241494
102.1	-0.000244201
102.2	-0.000246445
102.3	-0.000246897
102.4	-0.00024736
102.5	-0.000248595
102.6	-0.000250042
102.7	-0.000248142
102.8	-0.000248313
102.9	-0.000245962
103	-0.000245862
103.1	-0.000248865
103.2	-0.000250319
103.3	-0.000249898
103.4	-0.000246803
103.5	-0.000242224
103.6	-0.000235864
103.7	-0.000231654
103.8	-0.00022894
103.9	-0.000226076
104	-0.000217649
104.1	-0.000204098
104.2	-0.000186251
104.3	-0.000166114
104.4	-0.000143245
104.5	-0.000120329
104.6	-0.00010183
104.7	-8.63312e-05
104.8	-7.2972e-05
104.9	-6.01454e-05
105	-4.98729e-05
105.1	-4.62429e-05
105.2	-4.8793e-05
105.3	-5.20045e-05
105.4	-5.95889e-05
105.5	-6.67641e-05
105.6	-7.12894e-05
105.7	-7.16522e-05
105.8	-6.94269e-05
105.9	-6.59551e-05
106	-5.97635e-05
106.1	-5.39245e-05
106.2	-4.49013e-05
106.3	-3.16084e-05
106.4	-1.46307e-05
106.5	4.81828e-06
106.6	2.27416e-05
106.7	3.83293e-05
106.8	5.30483e-05
106.9	6.3615e-05
107	7.55662e-05
107.1	9.09723e-05
107.2	0.000112859
107.3	0.00013282
107.4	0.000155566
107.5	0.000179966
107.6	0.000203342
107.7	0.00022533
107.8	0.000245913
107.9	0.000265569
108	0.000286591
108.1	0.000307071
108.2	0.000326602
108.3	0.000340063
108.4	0.000349056
108.5	0.000359704
108.6	0.000371688
108.7	0.000381387
108.8	0.000386635
108.9	0.000390446
109	0.000399188
109.1	0.000407808
109.2	0.000414469
109.3	0.000418527
109.4	0.000421154
109.5	0.000421801
109.6	0.000419954
109.7	0.000415976
109.8	0.000414174
109.9	0.000416037
110	0.000418818
110.1	0.000424362
110.2	0.000430526
110.3	0.000438146
110.4	0.000443116
110.5	0.000446351
110.6	0.000453454
110.7	0.000465205
110.8	0.000480983
110.9	0.000494039
111	0.000505175
111.1	0.000518508
111.2	0.000531506
111.3	0.000540769
111.4	0.000545517
111.5	0.000548638
111.6	0.000550791
111.7	0.000553631
111.8	0.000559738
111.9	0.000569351
112	0.000580608
112.1	0.000596443
112.2	0.000620426
112.3	0.00064789
112.4	0.000680663
112.5	0.000712203
112.6	0.000742594
112.7	0.000777973
112.8	0.000817852
112.9	0.000861312
113	0.000899585
113.1	0.000937145
113.2	0.000978993
113.3	0.00102137
113.4	0.00106276
113.5	0.00110642
113.6	0.00114956
113.7	0.00118718
113.8	0.00122637
113.9	0.00126785
114	0.00131195
114.1	0.00135771
114.2	0.00140621
114.3	0.00145127
114.4	0.00149394
114.5	0.00153124
114.6	0.00156824
114.7	0.00160389
114.8	0.00163659
114.9	0.00166575
115	0.00169165
115.1	0.00171582
115.2	0.0017383
115.3	0.00176489
115.4	0.00179414
115.5	0.00182666
115.6	0.00186093
115.7	0.00189189
115.8	0.00191645
115.9	0.00194029
116	0.00196425
116.1	0.00198505
116.2	0.00200421
116.3	0.00202025
116.4	0.00203462
116.5	0.00204685
116.6	0.00205609
116.7	0.00205896
116.8	0.00205901
116.9	0.0020583
117	0.00205788
117.1	0.00205903
117.2	0.00206126
117.3	0.00206515
117.4	0.0020683
117.5	0.00207106
117.6	0.00207551
117.7	0.00208421
117.8	0.00209255
117.9	0.00210556
118	0.00211603
118.1	0.00212217
118.2	0.00212269
118.3	0.00212057
118.4	0.00212094
118.5	0.00212132
118.6	0.00212147
118.7	0.00212603
118.8	0.00213476
118.9	0.00214856
119	0.002165
119.1	0.00218472
119.2	0.00220246
119.3	0.0022184
119.4	0.00223533
119.5	0.00224937
119.6	0.00226033
119.7	0.00227317
119.8	0.00228637
119.9	0.00229743
120	0.00230733
120.1	0.00231396
120.2	0.0023151
120.3	0.00231451
120.4	0.00231411
120.5	0.00231496
120.6	0.0023192
120.7	0.00232364
120.8	0.00232693
120.9	0.00232488
121	0.00232758
121.1	0.00233403
121.2	0.00235012
121.3	0.00237067
121.4	0.00239363
121.5	0.00241754
121.6	0.00244397
121.7	0.00246927
121.8	0.00249449
121.9	0.00251689
122	0.00253915
122.1	0.00255801
122.2	0.00258064
122.3	0.00260325
122.4	0.00262679
122.5	0.00264782
122.6	0.00266952
122.7	0.00269128
122.8	0.00271701
122.9	0.00274934
123	0.00278193
123.1	0.0028078
123.2	0.00283194
123.3	0.0028536
123.4	0.00286761
123.5	0.00287892
123.6	0.00289038
123.7	0.00290268
123.8	0.00291386
123.9	0.00292079
124	0.00292127
124.1	0.0029215
124.2	0.00292479
124.3	0.00292983
124.4	0.00293614
124.5	0.00294687
124.6	0.00296023
124.7	0.00297057
124.8	0.00297747
124.9	0.00298512
125	0.00299263
125.1	0.00299574
125.2	0.00299331
125.3	0.0029886
125.4	0.00298814
125.5	0.00298518
125.6	0.00298132
125.7	0.0029763
125.8	0.00297446
125.9	0.00297678
126	0.0029728
126.1	0.00296151
126.2	0.00294342
126.3	0.00292526
126.4	0.00290641
126.5	0.00289075
126.6	0.00287683
126.7	0.00286492
126.8	0.00285034
126.9	0.00283905
127	0.00283144
127.1	0.00282411
127.2	0.00281722
127.3	0.00281245
127.4	0.00280712
127.5	0.00279649
127.6	0.00277634
127.7	0.00274751
127.8	0.00271588
127.9	0.00268549
128	0.00265616
128.1	0.00262576
128.2	0.00259525
128.3	0.00256479
128.4	0.0025363
128.5	0.00250867
128.6	0.00248276
128.7	0.00246115
128.8	0.00244665
128.9	0.00243881
129	0.00243206
129.1	0.00242638
129.2	0.00241658
129.3	0.00240438
129.4	0.00239166
129.5	0.00237914
129.6	0.00236538
129.7	0.00234578
129.8	0.00232219
129.9	0.00230011
130	0.00228494
130.1	0.00227377
130.2	0.00226166
130.3	0.0022473
130.4	0.00223165
130.5	0.00221602
130.6	0.00220028
130.7	0.00218483
130.8	0.00216793
130.9	0.00214914
131	0.0021301
131.1	0.00211495
131.2	0.00209572
131.3	0.00207508
131.4	0.00205132
131.5	0.00203126
131.6	0.00201224
131.7	0.00199505
131.8	0.00198169
131.9	0.00196415
132	0.00194449
132.1	0.0019246
132.2	0.00190519
132.3	0.00188897
132.4	0.0018744
132.5	0.00186291
132.6	0.00185272
132.7	0.00184094
132.8	0.00182852
132.9	0.00181709
133	0.00180385
133.1	0.00179103
133.2	0.00177872
133.3	0.00176602
133.4	0.00175243
133.5	0.00173888
133.6	0.00172149
133.7	0.00170336
133.8	0.00168207
133.9	0.00165938
134	0.00164199
134.1	0.00162895
134.2	0.00162039
134.3	0.00161312
134.4	0.00160478
134.5	0.0015904
134.6	0.00157237
134.7	0.00155482
134.8	0.00154016
134.9	0.00152489
135	0.00150729
135.1	0.00148919
135.2	0.00147921
135.3	0.00147544
135.4	0.00147635
135.5	0.00148253
135.6	0.00148873
135.7	0.00149299
135.8	0.00149876
135.9	0.00150436
136	0.00150741
136.1	0.00151167
136.2	0.00151634
136.3	0.00152621
136.4	0.00153912
136.5	0.00155247
136.6	0.00156804
136.7	0.0015849
136.8	0.00160125
136.9	0.00161933
137	0.00163089
137.1	0.00163587
137.2	0.00163384
137.3	0.00163023
137.4	0.00162523
137.5	0.00161705
137.6	0.00160561
137.7	0.00159261
137.8	0.00158049
137.9	0.00156827
138	0.00155378
138.1	0.0015343
138.2	0.00151221
138.3	0.00149331
138.4	0.00147192
138.5	0.00145417
138.6	0.00143481
138.7	0.00141827
138.8	0.00140199
138.9	0.00138342
139	0.00136172
139.1	0.0013435
139.2	0.00132895
139.3	0.00131981
139.4	0.00131964
139.5	0.00132338
139.6	0.00133066
139.7	0.0013344
139.8	0.0013331
139.9	0.00132929
140	0.00132647
140.1	0.00132303
140.2	0.00132028
140.3	0.0013142
140.4	0.00130262
140.5	0.00128841
140.6	0.001277
140.7	0.00127052
140.8	0.00126872
140.9	0.00126267
141	0.00125313
141.1	0.00123557
141.2	0.00121505
141.3	0.00119423
141.4	0.00117449
141.5	0.00115049
141.6	0.00112333
141.7	0.00109936
141.8	0.00107695
141.9	0.00105274
142	0.00102939
142.1	0.00100921
142.2	0.000988452
142.3	0.000966636
142.4	0.000945423
142.5	0.000928333
142.6	0.000913538
142.7	0.000897219
142.8	0.0008856
142.9	0.000875819
143	0.00087197
143.1	0.000873842
143.2	0.000882423
143.3	0.000894558
143.4	0.000908957
143.5	0.00092226
143.6	0.000937886
143.7	0.000957358
143.8	0.000980265
143.9	0.00100307
144	0.00102815
144.1	0.00105555
144.2	0.00108315
144.3	0.00110743
144.4	0.0011364
144.5	0.00116641
144.6	0.00120106
144.7	0.00124174
144.8	0.00128706
144.9	0.00132809
145	0.00136343
145.1	0.00139707
145.2	0.00143308
145.3	0.00147446
145.4	0.00151759
145.5	0.00155682
145.6	0.0015954
145.7	0.00163489
145.8	0.00167963
145.9	0.00172403
146	0.00177019
146.1	0.00181456
146.2	0.00185473
146.3	0.00189114
146.4	0.00192732
146.5	0.00196004
146.6	0.00198865
146.7	0.00201149
146.8	0.00203368
146.9	0.00205033
147	0.00207004
147.1	0.0020882
147.2	0.00210868
147.3	0.00212516
147.4	0.00213681
147.5	0.00214495
147.6	0.00214984
147.7	0.00215327
147.8	0.00215646
147.9	0.0021592
148	0.00216119
148.1	0.00216486
148.2	0.0021721
148.3	0.00218575
148.4	0.00219584
148.5	0.00220785
148.6	0.00221691
148.7	0.00222217
148.8	0.00222499
148.9	0.00222508
149	0.00222432
149.1	0.0022244
149.2	0.00222668
149.3	0.00222728
149.4	0.00222008
149.5	0.00220864
149.6	0.00219326
149.7	0.00217395
149.8	0.00215416
149.9	0.00213491
150	0.00211966
150.1	0.00210509
150.2	0.00209274
150.3	0.00208186
150.4	0.00206947
150.5	0.00205557
150.6	0.00204161
150.7	0.00202491
150.8	0.00200876
150.9	0.00199477
151	0.00198381
151.1	0.00197369
151.2	0.00196613
151.3	0.00195825
151.4	0.00195183
151.5	0.00195291
151.6	0.00195552
151.7	0.00196161
151.8	0.00196922
151.9	0.00196896
152	0.00196731
152.1	0.00196348
152.2	0.00195579
152.3	0.00194681
152.4	0.00193893
152.5	0.00193046
152.6	0.00192457
152.7	0.00191927
152.8	0.00191557
152.9	0.0019146
153	0.00191268
153.1	0.00191194
153.2	0.0019129
153.3	0.00191775
153.4	0.00192431
153.5	0.00193054
153.6	0.00193539
153.7	0.00194512
153.8	0.00196019
153.9	0.00198261
154	0.0020069
154.1	0.00202936
154.2	0.00205345
154.3	0.0020798
154.4	0.00211004
154.5	0.00214194
154.6	0.00217182
154.7	0.00219917
154.8	0.0022249
154.9	0.00225076
155	0.00227543
155.1	0.00230036
155.2	0.00232815
155.3	0.00235814
155.4	0.00239147
155.5	0.00242847
155.6	0.00247048
155.7	0.00251517
155.8	0.0025615
155.9	0.00260307
156	0.00264062
156.1	0.00267972
156.2	0.00271548
156.3	0.00275128
156.4	0.00279106
156.5	0.00283073
156.6	0.00286833
156.7	0.00290501
156.8	0.00294489
156.9	0.0029792
157	0.00300677
157.1	0.00302763
157.2	0.00304545
157.3	0.00306413
157.4	0.00308406
157.5	0.0030964
157.6	0.003105
157.7	0.0031138
157.8	0.00311719
157.9	0.00312073
158	0.00312328
158.1	0.00312726
158.2	0.00313562
158.3	0.0031458
158.4	0.00315359
158.5	0.00316172
158.6	0.00316571
158.7	0.00316342
158.8	0.00315206
158.9	0.00313842
159	0.00311946
159.1	0.00309849
159.2	0.00307532
159.3	0.00304806
159.4	0.00302253
159.5	0.00299385
159.6	0.00296599
159.7	0.00293775
159.8	0.00291123
159.9	0.00288484
160	0.00285529
160.1	0.00282476
160.2	0.00279787
160.3	0.00277728
160.4	0.00275659
160.5	0.00273641
160.6	0.00272169
160.7	0.00270724
160.8	0.00269276
160.9	0.00267312
161	0.00265135
161.1	0.00262727
161.2	0.00260461
161.3	0.00257901
161.4	0.00255731
161.5	0.00253933
161.6	0.00252165
161.7	0.00250148
161.8	0.00247987
161.9	0.00245831
162	0.00244201
162.1	0.00243361
162.2	0.00243035
162.3	0.00242608
162.4	0.00241919
162.5	0.00241345
162.6	0.00240976
162.7	0.00240905
162.8	0.00240846
162.9	0.00240407
163	0.00239768
163.1	0.00238517
163.2	0.00236475
163.3	0.00233786
163.4	0.0023039
163.5	0.00226268
163.6	0.00222167
163.7	0.00218308
163.8	0.00214706
163.9	0.00211471
164	0.00208515
164.1	0.00205834
164.2	0.00203073
164.3	0.00200473
164.4	0.00198
164.5	0.00195375
164.6	0.0019222
164.7	0.0018888
164.8	0.00185692
164.9	0.00182415
165	0.0017924
165.1	0.00176564
165.2	0.00174712
165.3	0.00173701
165.4	0.00173439
165.5	0.00173624
165.6	0.00173943
165.7	0.0017421
165.8	0.00174768
165.9	0.00175722
166	0.00177281
166.1	0.00179618
166.2	0.00182031
166.3	0.00184568
166.4	0.00187683
166.5	0.00191287
166.6	0.00195356
166.7	0.00199234
166.8	0.00202966
166.9	0.00206514
167	0.00210262
167.1	0.00214223
167.2	0.00218221
167.3	0.00221977
167.4	0.00225422
167.5	0.00228042
167.6	0.00230322
167.7	0.00232912
167.8	0.00235664
167.9	0.00238384
168	0.00241274
168.1	0.00244275
168.2	0.00247094
168.3	0.00249683
168.4	0.00251835
168.5	0.00253946
168.6	0.00255578
168.7	0.00256809
168.8	0.00257682
168.9	0.0025799
169	0.00258206
169.1	0.0025887
169.2	0.00260142
169.3	0.00261908
169.4	0.00263546
169.5	0.00265299
169.6	0.00267116
169.7	0.00268835
169.8	0.00270467
169.9	0.00272669
170	0.00275016
170.1	0.00276938
170.2	0.0027872
170.3	0.00280354
170.4	0.00281556
170.5	0.00282452
170.6	0.00282203
170.7	0.00281887
170.8	0.00281923
170.9	0.00282107
171	0.00282059
171.1	0.00282265
171.2	0.00282539
171.3	0.00282708
171.4	0.00282957
171.5	0.00283218
171.6	0.00282966
171.7	0.00282751
171.8	0.00282967
171.9	0.00282863
172	0.00282771
172.1	0.00282717
172.2	0.00282811
172.3	0.00282676
172.4	0.00282492
172.5	0.00282125
172.6	0.00281224
172.7	0.00279899
172.8	0.00278017
172.9	0.00275866
173	0.00273435
173.1	0.00270722
173.2	0.00268146
173.3	0.00265882
173.4	0.00263749
173.5	0.00261727
173.6	0.00259854
173.7	0.00257628
173.8	0.0025548
173.9	0.00253889
174	0.00253117
174.1	0.00252418
174.2	0.00251095
174.3	0.00249433
174.4	0.00247578
174.5	0.00246025
174.6	0.00244247
174.7	0.00242289
174.8	0.00240178
174.9	0.00237502
175	0.00234844
175.1	0.00232373
175.2	0.00229962
175.3	0.00227751
175.4	0.00225202
175.5	0.00222775
175.6	0.00220231
175.7	0.00216981
175.8	0.00213717
175.9	0.00210631
176	0.00207276
176.1	0.00203796
176.2	0.00200279
176.3	0.00196999
176.4	0.00193517
176.5	0.00189812
176.6	0.00185869
176.7	0.00181863
176.8	0.00178357
176.9	0.00175338
177	0.00172557
177.1	0.00169548
177.2	0.00166867
177.3	0.00164867
177.4	0.00163689
177.5	0.0016365
177.6	0.001642
177.7	0.00165756
177.8	0.00167516
177.9	0.00169222
178	0.0017091
178.1	0.0017266
178.2	0.00174324
178.3	0.00175974
178.4	0.00177889
178.5	0.0017999
178.6	0.00181894
178.7	0.00183604
178.8	0.00185049
178.9	0.00186726
179	0.00188747
179.1	0.00191076
179.2	0.0019344
179.3	0.00195894
179.4	0.00198101
179.5	0.00199595
179.6	0.00200517
179.7	0.0020123
179.8	0.00201805
179.9	0.00201933
180	0.00201672
180.1	0.00200566
180.2	0.00199216
180.3	0.00198054
180.4	0.00197199
180.5	0.00196671
180.6	0.00196423
180.7	0.00196553
180.8	0.00197025
180.9	0.00197299
181	0.00197451
181.1	0.00197357
181.2	0.00197006
181.3	0.00196518
181.4	0.00196038
181.5	0.00195702
181.6	0.00195161
181.7	0.00194394
181.8	0.00193527
181.9	0.0019233
182	0.00191346
182.1	0.0019056
182.2	0.00189652
182.3	0.0018832
182.4	0.00186855
182.5	0.00185374
182.6	0.00184221
182.7	0.00183677
182.8	0.00183842
182.9	0.0018417
183	0.00184543
183.1	0.00184667
183.2	0.00184589
183.3	0.0018407
183.4	0.00183761
183.5	0.00183825
183.6	0.00184083
183.7	0.00184382
183.8	0.00183936
183.9	0.00183199
184	0.00182637
184.1	0.00182091
184.2	0.00181499
184.3	0.00180952
184.4	0.00180858
184.5	0.00181268
184.6	0.00181893
184.7	0.00182567
184.8	0.00183224
184.9	0.00184041
185	0.00184747
185.1	0.00185787
185.2	0.00187339
185.3	0.00189038
185.4	0.00190403
185.5	0.00191096
185.6	0.00191029
185.7	0.00190724
185.8	0.00190506
185.9	0.00190029
186	0.00189869
186.1	0.00190014
186.2	0.00190345
186.3	0.0019134
186.4	0.00192077
186.5	0.00192576
186.6	0.00193244
186.7	0.00194236
186.8	0.00195547
186.9	0.00196626
187	0.00197398
187.1	0.0019811
187.2	0.00199047
187.3	0.00199946
187.4	0.00200159
187.5	0.00200297
187.6	0.00200248
187.7	0.00200506
187.8	0.00200982
187.9	0.00201844
188	0.00203155
188.1	0.00204928
188.2	0.00206591
188.3	0.00208219
188.4	0.0020972
188.5	0.00210688
188.6	0.0021126
188.7	0.00212023
188.8	0.00212809
188.9	0.00213373
189	0.0021438
189.1	0.00215365
189.2	0.00216543
189.3	0.00217647
189.4	0.00218625
189.5	0.00219037
189.6	0.00219599
189.7	0.00219893
189.8	0.00220321
189.9	0.00221349
190	0.00222438
190.1	0.00223636
190.2	0.00225047
190.3	0.00226212
190.4	0.00227269
190.5	0.00228028
190.6	0.00229042
190.7	0.0023044
190.8	0.00232461
190.9	0.00234623
191	0.00237208
191.1	0.00240099
191.2	0.00242814
191.3	0.00245254
191.4	0.00247378
191.5	0.00248958
191.6	0.00250301
191.7	0.00251527
191.8	0.00251976
191.9	0.0025249
192	0.00252668
192.1	0.00252732
192.2	0.00252597
192.3	0.00252829
192.4	0.00252586
192.5	0.00251832
192.6	0.00250276
192.7	0.00248419
192.8	0.00246418
192.9	0.00244296
193	0.00241842
193.1	0.00239698
193.2	0.00237864
193.3	0.0023607
193.4	0.00233973
193.5	0.00231174
193.6	0.00227883
193.7	0.00224501
193.8	0.00221421
193.9	0.00218818
194	0.00216606
194.1	0.0021552
194.2	0.00214664
194.3	0.0021401
194.4	0.00213467
194.5	0.00212404
194.6	0.00210662
194.7	0.00208957
194.8	0.00207574
194.9	0.00206773
195	0.00206443
195.1	0.00206449
195.2	0.00206716
195.3	0.00207278
195.4	0.00208187
195.5	0.00209312
195.6	0.00210197
195.7	0.00210455
195.8	0.00210406
195.9	0.00210269
196	0.00209937
196.1	0.00209837
196.2	0.00210128
196.3	0.00210741
196.4	0.0021147
196.5	0.00212159
196.6	0.00212824
196.7	0.00213534
196.8	0.00213706
196.9	0.00213826
197	0.00214149
197.1	0.00214869
197.2	0.00215851
197.3	0.00216975
197.4	0.00217601
197.5	0.00217908
197.6	0.00218371
197.7	0.00218452
197.8	0.00218144
197.9	0.00217577
198	0.00216701
198.1	0.00215336
198.2	0.00214319
198.3	0.00213963
198.4	0.0021401
198.5	0.00214113
198.6	0.00214363
198.7	0.00214474
198.8	0.00214961
198.9	0.0021538
199	0.00215336
199.1	0.00215172
199.2	0.00214311
199.3	0.00213031
199.4	0.00211513
199.5	0.00209803
199.6	0.00208489
199.7	0.00207538
199.8	0.00206432
199.9	0.00205032
200	0.00203333
200.1	0.00201091
200.2	0.00198933
200.3	0.00196615
200.4	0.00193891
200.5	0.00190736
200.6	0.00187472
200.7	0.00184637
200.8	0.00181182
200.9	0.00176622
201	0.00171336
201.1	0.00165892
201.2	0.00160117
201.3	0.0015423
201.4	0.00148111
201.5	0.00142322
201.6	0.00136852
201.7	0.00131335
201.8	0.00125461
201.9	0.00118969
202	0.00111873
202.1	0.00104515
202.2	0.000972762
202.3	0.000899133
202.4	0.00082012
202.5	0.000745544
202.6	0.000670429
202.7	0.000595663
202.8	0.000522533
202.9	0.000450257
203	0.000377048
203.1	0.000301383
203.2	0.000227844
203.3	0.000152905
203.4	7.89695e-05
203.5	4.254e-06
203.6	-7.26876e-05
203.7	-0.000149668
203.8	-0.000221781
203.9	-0.000296989
204	-0.000369301
204.1	-0.00043685
204.2	-0.000501048
204.3	-0.000566011
204.4	-0.000631077
204.5	-0.000700021
204.6	-0.000774437
204.7	-0.000855541
204.8	-0.000935057
204.9	-0.0010167
205	-0.00109538
205.1	-0.00117296
205.2	-0.00124883
205.3	-0.00132443
205.4	-0.00140008
205.5	-0.00147641
205.6	-0.0015523
205.7	-0.00162687
205.8	-0.00169665
205.9	-0.00175957
206	-0.00182436
206.1	-0.00188738
206.2	-0.00194858
206.3	-0.00200839
206.4	-0.0020627
206.5	-0.00211044
206.6	-0.00215636
206.7	-0.00219608
206.8	-0.00223097
206.9	-0.00225933
207	-0.00228872
207.1	-0.00231821
207.2	-0.00234784
207.3	-0.00237808
207.4	-0.00240807
207.5	-0.0024364
207.6	-0.00246239
207.7	-0.0024864
207.8	-0.0025116
207.9	-0.00253601
208	-0.00255577
208.1	-0.00257025
208.2	-0.00258223
208.3	-0.00259774
208.4	-0.0026158
208.5	-0.00263587
208.6	-0.0026492
208.7	-0.00265858
208.8	-0.00266583
208.9	-0.00267082
209	-0.00267673
209.1	-0.00268328
209.2	-0.00269181
209.3	-0.00270306
209.4	-0.00271295
209.5	-0.00272053
209.6	-0.00273026
209.7	-0.00274315
209.8	-0.00276164
209.9	-0.00277911
210	-0.00279227
210.1	-0.00280567
210.2	-0.00282268
210.3	-0.00284328
210.4	-0.00286894
210.5	-0.00289399
210.6	-0.00291495
210.7	-0.00293276
210.8	-0.0029447
210.9	-0.00295107
211	-0.00295232
211.1	-0.00294953
211.2	-0.00294632
211.3	-0.00294205
211.4	-0.00293603
211.5	-0.00292978
211.6	-0.00292467
211.7	-0.0029177
211.8	-0.00290819
211.9	-0.00289888
212	-0.00289185
212.1	-0.00288828
212.2	-0.00288411
212.3	-0.00287389
212.4	-0.00286214
212.5	-0.00284655
212.6	-0.00283293
212.7	-0.00282376
212.8	-0.00281386
212.9	-0.00280324
213	-0.00278896
213.1	-0.00276895
213.2	-0.00274528
213.3	-0.00272072
213.4	-0.00269236
213.5	-0.0026591
213.6	-0.00262245
213.7	-0.00258819
213.8	-0.00255488
213.9	-0.00252359
214	-0.0024929
214.1	-0.00246458
214.2	-0.00243741
214.3	-0.00240721
214.4	-0.00238064
214.5	-0.00235539
214.6	-0.00233145
214.7	-0.00230788
214.8	-0.00229196
214.9	-0.0022794
215	-0.00227236
215.1	-0.00226772
215.2	-0.0022636
215.3	-0.00226486
215.4	-0.00226544
215.5	-0.00226435
215.6	-0.0022657
215.7	-0.00226277
215.8	-0.00225871
215.9	-0.00225361
216	-0.00224703
216.1	-0.00224203
216.2	-0.00223361
216.3	-0.00222804
216.4	-0.00222098
216.5	-0.00221942
216.6	-0.00221413
216.7	-0.00220829
216.8	-0.00220101
216.9	-0.00218788
217	-0.00217158
217.1	-0.00215599
217.2	-0.0021428
217.3	-0.00213521
217.4	-0.00213157
217.5	-0.00212758
217.6	-0.00212498
217.7	-0.00211644
217.8	-0.0021047
217.9	-0.00209536
218	-0.00209019
218.1	-0.00208745
218.2	-0.00207887
218.3	-0.00206204
218.4	-0.00204174
218.5	-0.00201933
218.6	-0.00198975
218.7	-0.00195838
218.8	-0.00192146
218.9	-0.00188103
219	-0.00183916
219.1	-0.00179748
219.2	-0.00175199
219.3	-0.00170605
219.4	-0.00165688
219.5	-0.0016047
219.6	-0.00155617
219.7	-0.00150819
219.8	-0.00146324
219.9	-0.00142065
220	-0.00138065
220.1	-0.00134573
220.2	-0.00131582
220.3	-0.00128557
220.4	-0.00125362
220.5	-0.00122527
220.6	-0.00120206
220.7	-0.00118319
220.8	-0.00116943
220.9	-0.00115376
221	-0.00113301
221.1	-0.00110795
221.2	-0.00107647
221.3	-0.00104547
221.4	-0.00101624
221.5	-0.000986013
221.6	-0.000954572
221.7	-0.000923299
221.8	-0.000887699
221.9	-0.000848204
222	-0.000807734
222.1	-0.000767387
222.2	-0.000727904
222.3	-0.000688613
222.4	-0.000647951
222.5	-0.00060631
222.6	-0.000564523
222.7	-0.000527599
222.8	-0.00049198
222.9	-0.000460754
223	-0.000428665
223.1	-0.000393014
223.2	-0.000354201
223.3	-0.000320434
223.4	-0.000287114
223.5	-0.000260863
223.6	-0.000241178
223.7	-0.000234001
223.8	-0.000233098
223.9	-0.000232961
224	-0.000229574
224.1	-0.000221654
224.2	-0.000211298
224.3	-0.000203303
224.4	-0.000192048
224.5	-0.000184094
224.6	-0.000178536
224.7	-0.000176125
224.8	-0.000175173
224.9	-0.000176618
225	-0.000177307
225.1	-0.000180418
225.2	-0.000184264
225.3	-0.00018696
225.4	-0.000186293
225.5	-0.000182449
225.6	-0.000174937
225.7	-0.000162599
225.8	-0.000144363
225.9	-0.000129728
226	-0.000117461
226.1	-0.000112292
226.2	-0.000109286
226.3	-0.000111041
226.4	-0.000120505
226.5	-0.000132135
226.6	-0.000141093
226.7	-0.000149162
226.8	-0.000152304
226.9	-0.00015668
227	-0.000163629
227.1	-0.00017235
227.2	-0.000178946
227.3	-0.00018519
227.4	-0.000189626
227.5	-0.0001924
227.6	-0.000196125
227.7	-0.000203307
227.8	-0.000212794
227.9	-0.000224105
228	-0.000237027
228.1	-0.000248531
228.2	-0.00026288
228.3	-0.000278576
228.4	-0.000293388
228.5	-0.00030185
228.6	-0.00030929
228.7	-0.000317025
228.8	-0.000321849
228.9	-0.000330676
229	-0.000339638
229.1	-0.00034677
229.2	-0.000355961
229.3	-0.000363222
229.4	-0.000367352
229.5	-0.00036849
229.6	-0.000371943
229.7	-0.000376838
229.8	-0.000385689
229.9	-0.000397654
230	-0.000408589
230.1	-0.000416356
230.2	-0.000415818
230.3	-0.0004125
230.4	-0.00040473
230.5	-0.000393885
230.6	-0.000380329
230.7	-0.000362389
230.8	-0.000340146
230.9	-0.000317987
231	-0.000296226
231.1	-0.000272288
231.2	-0.000243242
231.3	-0.000209313
231.4	-0.000175776
231.5	-0.00013924
231.6	-0.000106979
231.7	-8.00633e-05
231.8	-5.6741e-05
231.9	-3.48474e-05
232	-1.63367e-05
232.1	-3.1175e-07
232.2	8.78867e-06
232.3	1.47309e-05
232.4	1.96383e-05
232.5	3.08897e-05
232.6	4.42595e-05
232.7	5.69538e-05
232.8	6.55685e-05
232.9	7.02846e-05
233	7.34337e-05
233.1	7.52608e-05
233.2	7.61567e-05
233.3	7.89994e-05
233.4	8.46586e-05
233.5	8.83818e-05
233.6	8.73781e-05
233.7	8.27768e-05
233.8	7.55268e-05
233.9	6.73364e-05
234	5.50028e-05
234.1	4.02883e-05
234.2	2.52597e-05
234.3	1.3515e-05
234.4	-8.99085e-07
234.5	-1.35448e-05
234.6	-2.87139e-05
234.7	-4.56552e-05
234.8	-6.48571e-05
234.9	-8.66122e-05
235	-0.000108307
235.1	-0.0001305
235.2	-0.000152894
235.3	-0.000175608
235.4	-0.000197516
235.5	-0.000226505
235.6	-0.000256947
235.7	-0.000284087
235.8	-0.000307681
235.9	-0.000330294
236	-0.000350556
236.1	-0.000364731
236.2	-0.000381239
236.3	-0.000393736
236.4	-0.000404242
236.5	-0.00041756
236.6	-0.00042944
236.7	-0.000441316
236.8	-0.000447867
236.9	-0.000448548
237	-0.000444879
237.1	-0.000440512
237.2	-0.000435978
237.3	-0.00043434
237.4	-0.00043443
237.5	-0.000439166
237.6	-0.000447952
237.7	-0.000456666
237.8	-0.000468584
237.9	-0.000484706
238	-0.000502013
238.1	-0.000520112
238.2	-0.000540212
238.3	-0.000566973
238.4	-0.000602808
238.5	-0.000645868
238.6	-0.000690769
238.7	-0.00073142
238.8	-0.000769114
238.9	-0.000805284
239	-0.000840551
239.1	-0.000872294
239.2	-0.000903727
239.3	-0.000937073
239.4	-0.000970865
239.5	-0.0010008
239.6	-0.00102657
239.7	-0.00105033
239.8	-0.00107157
239.9	-0.00108794
240	-0.00110396
240.1	-0.00112231
240.2	-0.00113974
240.3	-0.00115989
240.4	-0.00117776
240.5	-0.00119089
240.6	-0.00120196
240.7	-0.00121083
240.8	-0.00121864
240.9	-0.00122673
241	-0.00123636
241.1	-0.00124753
241.2	-0.0012638
241.3	-0.00128463
241.4	-0.0013048
241.5	-0.00132393
241.6	-0.00133354
241.7	-0.00133565
241.8	-0.0013328
241.9	-0.00133163
242	-0.0013294
242.1	-0.00133238
242.2	-0.00132895
242.3	-0.00132103
242.4	-0.00130656
242.5	-0.00128712
242.6	-0.00126841
242.7	-0.00124785
242.8	-0.00123218
242.9	-0.0012177
243	-0.00120057
243.1	-0.0011813
243.2	-0.00115663
243.3	-0.00112996
243.4	-0.0011014
243.5	-0.00107673
243.6	-0.00105715
243.7	-0.00103557
243.8	-0.001012
243.9	-0.000988638
244	-0.000971286
244.1	-0.000958798
244.2	-0.000949956
244.3	-0.000943435
244.4	-0.000934965
244.5	-0.000918292
244.6	-0.000903377
244.7	-0.000886688
244.8	-0.000870711
244.9	-0.000857061
245	-0.000840743
245.1	-0.000821795
245.2	-0.000808378
245.3	-0.00080077
245.4	-0.000793279
245.5	-0.000788527
245.6	-0.000780523
245.7	-0.000772697
245.8	-0.000763152
245.9	-0.000754618
246	-0.000742231
246.1	-0.000729537
246.2	-0.000719035
246.3	-0.000716497
246.4	-0.000719337
246.5	-0.000722672
246.6	-0.000720519
246.7	-0.000723541
246.8	-0.000726934
246.9	-0.000729681
247	-0.000726476
247.1	-0.000720203
247.2	-0.000717933
247.3	-0.000713632
247.4	-0.000712917
247.5	-0.000713904
247.6	-0.000719998
247.7	-0.000726473
247.8	-0.000730867
247.9	-0.000736524
248	-0.000748134
248.1	-0.000765517
248.2	-0.000780356
248.3	-0.000788611
248.4	-0.000793791
248.5	-0.000794685
248.6	-0.000791054
248.7	-0.000783931
248.8	-0.000772104
248.9	-0.000758814
249	-0.000745098
249.1	-0.000733081
249.2	-0.000722239
249.3	-0.00071473
249.4	-0.000710624
249.5	-0.000712772
249.6	-0.000718026
249.7	-0.000724846
249.8	-0.000729458
249.9	-0.000732553
250	-0.000730829
250.1	-0.0007232
250.2	-0.000712536
250.3	-0.000699599
250.4	-0.000684812
250.5	-0.000671126
250.6	-0.000660115
250.7	-0.000655002
250.8	-0.000654656
250.9	-0.000657041
251	-0.000658548
251.1	-0.000661502
251.2	-0.00066726
251.3	-0.000678316
251.4	-0.000690531
251.5	-0.000702937
251.6	-0.000713703
251.7	-0.000720642
251.8	-0.000726275
251.9	-0.000730747
252	-0.000728828
252.1	-0.000726755
252.2	-0.000723938
252.3	-0.000723693
252.4	-0.000722754
252.5	-0.000724013
252.6	-0.000728475
252.7	-0.000736941
252.8	-0.000749122
252.9	-0.000765315
253	-0.000779597
253.1	-0.000792514
253.2	-0.000800546
253.3	-0.000802099
253.4	-0.000802687
253.5	-0.000801576
253.6	-0.000797152
253.7	-0.000791566
253.8	-0.000784388
253.9	-0.000772728
254	-0.000762302
254.1	-0.000754047
254.2	-0.000742849
254.3	-0.000731802
254.4	-0.000721076
254.5	-0.000713527
254.6	-0.000708909
254.7	-0.000706304
254.8	-0.000710505
254.9	-0.000717336
255	-0.000725533
255.1	-0.000731919
255.2	-0.000737989
255.3	-0.000741175
255.4	-0.000742248
255.5	-0.000743896
255.6	-0.000748072
255.7	-0.000749113
255.8	-0.000750403
255.9	-0.000754304
256	-0.000756151
256.1	-0.000761979
256.2	-0.000773302
256.3	-0.000789007
256.4	-0.000808613
256.5	-0.000828764
256.6	-0.000849095
256.7	-0.000869021
256.8	-0.000890397
256.9	-0.000915491
257	-0.000942686
257.1	-0.000979626
257.2	-0.0010238
257.3	-0.00107278
257.4	-0.00111956
257.5	-0.00115827
257.6	-0.00118793
257.7	-0.00121415
257.8	-0.00123736
257.9	-0.00126573
258	-0.00129362
258.1	-0.00132348
258.2	-0.00135009
258.3	-0.0013725
258.4	-0.00139101
258.5	-0.0014093
258.6	-0.00143057
258.7	-0.00145539
258.8	-0.00148055
258.9	-0.00151077
259	-0.00154554
259.1	-0.00157579
259.2	-0.00160113
259.3	-0.00162371
259.4	-0.00164578
259.5	-0.00166643
259.6	-0.00168397
259.7	-0.00169821
259.8	-0.00171827
259.9	-0.00174466
260	-0.00177336
260.1	-0.00180314
260.2	-0.00183794
260.3	-0.00187585
260.4	-0.0019179
260.5	-0.00196553
260.6	-0.00201576
260.7	-0.00206119
260.8	-0.00210287
260.9	-0.00214524
261	-0.00218322
261.1	-0.00221908
261.2	-0.00225379
261.3	-0.00229063
261.4	-0.00233203
261.5	-0.00237351
261.6	-0.00241041
261.7	-0.00244993
261.8	-0.00249281
261.9	-0.00253466
262	-0.00257413
262.1	-0.00260826
262.2	-0.00263818
262.3	-0.00266574
262.4	-0.00269201
262.5	-0.00271468
262.6	-0.00273051
262.7	-0.00274088
262.8	-0.00274943
262.9	-0.00275552
263	-0.00275733
263.1	-0.00275914
263.2	-0.00276153
263.3	-0.00276131
263.4	-0.00275861
263.5	-0.00275479
263.6	-0.00275339
263.7	-0.00275316
263.8	-0.00275429
263.9	-0.0027587
264	-0.00276453
264.1	-0.00276733
264.2	-0.00276882
264.3	-0.00276653
264.4	-0.00276607
264.5	-0.00276745
264.6	-0.0027678
264.7	-0.00276625
264.8	-0.00276171
264.9	-0.00275869
265	-0.00275741
265.1	-0.00275405
265.2	-0.00275063
265.3	-0.0027464
265.4	-0.002737
265.5	-0.00272399
265.6	-0.00271148
265.7	-0.00269887
265.8	-0.00268516
265.9	-0.0026728
266	-0.00265645
266.1	-0.00263734
266.2	-0.00261703
266.3	-0.00259333
266.4	-0.00257033
266.5	-0.00255608
266.6	-0.00253921
266.7	-0.0025166
266.8	-0.00249027
266.9	-0.00246772
267	-0.00244698
267.1	-0.00242571
267.2	-0.00239885
267.3	-0.00236731
267.4	-0.00232727
267.5	-0.002283
267.6	-0.002233
267.7	-0.00217582
267.8	-0.00211717
267.9	-0.00206311
268	-0.00200408
268.1	-0.00194914
268.2	-0.0018895
268.3	-0.00182772
268.4	-0.00176473
268.5	-0.00170206
268.6	-0.00164283
268.7	-0.00158788
268.8	-0.00153077
268.9	-0.00147438
269	-0.00141792
269.1	-0.00136472
269.2	-0.00131436
269.3	-0.00126818
269.4	-0.00122053
269.5	-0.00116988
269.6	-0.00111818
269.7	-0.00106882
269.8	-0.00102514
269.9	-0.00098585
270	-0.000949473
270.1	-0.000914158
270.2	-0.00088579
270.3	-0.000860724
270.4	-0.000834571
270.5	-0.000811828
270.6	-0.000788343
270.7	-0.000767396
270.8	-0.00074645
270.9	-0.000724004
271	-0.00069892
271.1	-0.000673685
271.2	-0.000649265
271.3	-0.000630537
271.4	-0.000612935
271.5	-0.000590727
271.6	-0.000568014
271.7	-0.000543683
271.8	-0.000520676
271.9	-0.000496804
272	-0.00047
272.1	-0.000436246
272.2	-0.000397914
272.3	-0.000361949
272.4	-0.000334129
272.5	-0.000306007
272.6	-0.000277596
272.7	-0.000246623
272.8	-0.000213762
272.9	-0.000179662
273	-0.000146088
273.1	-0.000112742
273.2	-7.89744e-05
273.3	-4.91608e-05
273.4	-2.65777e-05
273.5	-4.36688e-06
273.6	1.41788e-05
273.7	3.42666e-05
273.8	5.15623e-05
273.9	6.53031e-05
274	8.31274e-05
274.1	9.80401e-05
274.2	0.000109882
274.3	0.000121838
274.4	0.000131771
274.5	0.000136984
274.6	0.000136827
274.7	0.000133061
274.8	0.000125092
274.9	0.000119195
275	0.000111158
275.1	0.000103026
275.2	8.93407e-05
275.3	7.26807e-05
275.4	5.43898e-05
275.5	3.21249e-05
275.6	5.48207e-06
275.7	-2.01075e-05
275.8	-4.06061e-05
275.9	-6.06731e-05
276	-7.92517e-05
276.1	-9.87016e-05
276.2	-0.000115551
276.3	-0.000135948
276.4	-0.000154333
276.5	-0.000170696
276.6	-0.000190112
276.7	-0.000209043
276.8	-0.00022351
276.9	-0.000233015
277	-0.000235296
277.1	-0.000232827
277.2	-0.000232342
277.3	-0.000234381
277.4	-0.000237664
277.5	-0.000245184
277.6	-0.000249287
277.7	-0.000254033
277.8	-0.000260355
277.9	-0.00026511
278	-0.000271026
278.1	-0.000278624
278.2	-0.000283137
278.3	-0.000280094
278.4	-0.00027357
278.5	-0.000265962
278.6	-0.000259702
278.7	-0.000252584
278.8	-0.000249775
278.9	-0.000250558
279	-0.000248641
279.1	-0.000238637
279.2	-0.000222884
279.3	-0.000210891
279.4	-0.000208287
279.5	-0.000213077
279.6	-0.00021918
279.7	-0.000223916
279.8	-0.000222557
279.9	-0.000216096
280	-0.000207166
280.1	-0.000196158
280.2	-0.000187322
280.3	-0.000178776
280.4	-0.000169339
280.5	-0.00015484
280.6	-0.0001396
280.7	-0.000117955
280.8	-8.87326e-05
280.9	-5.67727e-05
281	-2.81236e-05
281.1	-4.66368e-08
281.2	3.03413e-05
281.3	5.42099e-05
281.4	7.33965e-05
281.5	8.98098e-05
281.6	0.000106946
281.7	0.000124804
281.8	0.000140208
281.9	0.000153738
282	0.000162062
282.1	0.000169424
282.2	0.000174589
282.3	0.000175941
282.4	0.000170003
282.5	0.000158762
282.6	0.000144443
282.7	0.000125037
282.8	0.000100008
282.9	7.45081e-05
283	5.15772e-05
283.1	2.8178e-05
283.2	7.61086e-07
283.3	-3.37749e-05
283.4	-6.7167e-05
283.5	-0.000100555
283.6	-0.000133706
283.7	-0.000167704
283.8	-0.00020398
283.9	-0.000239074
284	-0.000279267
284.1	-0.000321273
284.2	-0.000368797
284.3	-0.000415405
284.4	-0.000463829
284.5	-0.00051266
284.6	-0.000562983
284.7	-0.00061536
284.8	-0.000671768
284.9	-0.000728948
285	-0.000790605
285.1	-0.000851011
285.2	-0.00091319
285.3	-0.000972674
285.4	-0.0010291
285.5	-0.00108109
285.6	-0.0011339
285.7	-0.00118872
285.8	-0.00124191
285.9	-0.00128788
286	-0.00132956
286.1	-0.00136518
286.2	-0.00139625
286.3	-0.00142873
286.4	-0.00145951
286.5	-0.00148821
286.6	-0.00151406
286.7	-0.00153668
286.8	-0.00156192
286.9	-0.00158309
287	-0.00160212
287.1	-0.00162128
287.2	-0.00164436
287.3	-0.0016631
287.4	-0.00168069
287.5	-0.00170218
287.6	-0.001722
287.7	-0.00173812
287.8	-0.00174869
287.9	-0.00175426
288	-0.00175731
288.1	-0.00175839
288.2	-0.00175952
288.3	-0.00176075
288.4	-0.00176662
288.5	-0.00176947
288.6	-0.00176783
288.7	-0.00176053
288.8	-0.00175347
288.9	-0.00174726
289	-0.00174369
289.1	-0.00173891
289.2	-0.00173404
289.3	-0.00172834
289.4	-0.00172591
289.5	-0.00172523
289.6	-0.00172375
289.7	-0.00171896
289.8	-0.00171558
289.9	-0.00171094
290	-0.00170412
290.1	-0.00169258
290.2	-0.00167793
290.3	-0.00166284
290.4	-0.00164137
290.5	-0.00161418
290.6	-0.00158241
290.7	-0.00154833
290.8	-0.00151547
290.9	-0.00148614
291	-0.00145878
291.1	-0.00143136
291.2	-0.00140308
291.3	-0.00137488
291.4	-0.0013445
291.5	-0.00131397
291.6	-0.00128931
291.7	-0.00126546
291.8	-0.00124212
291.9	-0.00121851
292	-0.00119672
292.1	-0.00117573
292.2	-0.00115784
292.3	-0.00114022
292.4	-0.001127
292.5	-0.0011186
292.6	-0.00111286
292.7	-0.00110602
292.8	-0.00109649
292.9	-0.00109077
293	-0.00108611
293.1	-0.00107624
293.2	-0.00106714
293.3	-0.00105919
293.4	-0.00105122
293.5	-0.00104177
293.6	-0.00103782
293.7	-0.001041
293.8	-0.00104434
293.9	-0.00104727
294	-0.00104932
294.1	-0.00104956
294.2	-0.0010533
294.3	-0.00105207
294.4	-0.00104569
294.5	-0.00103287
294.6	-0.00101598
294.7	-0.000996536
294.8	-0.000977891
294.9	-0.000957182
295	-0.000933501
295.1	-0.000906768
295.2	-0.000880987
295.3	-0.00085843
295.4	-0.000832675
295.5	-0.000801257
295.6	-0.000765017
295.7	-0.000728676
295.8	-0.000694267
295.9	-0.000661398
296	-0.00062619
296.1	-0.000590718
296.2	-0.000557389
296.3	-0.000526398
296.4	-0.000494275
296.5	-0.000462808
296.6	-0.000427609
296.7	-0.000389509
296.8	-0.000353582
296.9	-0.000321335
297	-0.000295107
297.1	-0.000274321
297.2	-0.000255962
297.3	-0.000239556
297.4	-0.00022419
297.5	-0.000204482
297.6	-0.000184006
297.7	-0.00016457
297.8	-0.000142869
297.9	-0.000124564
298	-0.000106278
298.1	-8.56354e-05
298.2	-6.89978e-05
298.3	-5.98026e-05
298.4	-5.3304e-05
298.5	-4.8363e-05
298.6	-4.96192e-05
298.7	-4.917e-05
298.8	-5.03465e-05
298.9	-5.08574e-05
299	-5.03914e-05
299.1	-5.24825e-05
299.2	-6.19008e-05
299.3	-8.13472e-05
299.4	-0.000104817
299.5	-0.000131843
299.6	-0.000159275
299.7	-0.000188997
299.8	-0.000222904
299.9	-0.000250118
300	-0.000274297
300.1	-0.000295809
300.2	-0.000318261
300.3	-0.000343144
300.4	-0.000369402
300.5	-0.000390912
300.6	-0.000410104
300.7	-0.000430055
300.8	-0.000450966
300.9	-0.000473616
301	-0.00049612
301.1	-0.000510885
301.2	-0.000526417
301.3	-0.000543
301.4	-0.000558906
301.5	-0.000577285
301.6	-0.000592365
301.7	-0.000605086
301.8	-0.000620839
301.9	-0.000635723
302	-0.00065101
302.1	-0.000667974
302.2	-0.000685134
302.3	-0.00070281
302.4	-0.000722057
302.5	-0.000742718
302.6	-0.000764925
302.7	-0.000789362
302.8	-0.000816461
302.9	-0.000844013
303	-0.00086612
303.1	-0.000890189
303.2	-0.000912229
303.3	-0.000934204
303.4	-0.000951372
303.5	-0.000969525
303.6	-0.000990763
303.7	-0.00101391
303.8	-0.00104284
303.9	-0.00107544
304	-0.00110883
304.1	-0.00114075
304.2	-0.00116942
304.3	-0.00119512
304.4	-0.00121383
304.5	-0.00123282
304.6	-0.0012571
304.7	-0.00128386
304.8	-0.00130883
304.9	-0.00133137
305	-0.00135595
305.1	-0.00138013
305.2	-0.00140503
305.3	-0.0014283
305.4	-0.00144888
305.5	-0.00147126
305.6	-0.00149611
305.7	-0.00152528
305.8	-0.00155616
305.9	-0.00158379
306	-0.00160793
306.1	-0.00162549
306.2	-0.0016422
306.3	-0.0016603
306.4	-0.0016799
306.5	-0.00169728
306.6	-0.0017085
306.7	-0.00171359
306.8	-0.0017172
306.9	-0.00172142
307	-0.00172917
307.1	-0.00173562
307.2	-0.00174352
307.3	-0.00175232
307.4	-0.00176081
307.5	-0.00176742
307.6	-0.00177515
307.7	-0.00178353
307.8	-0.00179002
307.9	-0.00179609
308	-0.00179921
308.1	-0.00179621
308.2	-0.00179301
308.3	-0.00178829
308.4	-0.00178251
308.5	-0.00177949
308.6	-0.00177822
308.7	-0.00177328
308.8	-0.00176769
308.9	-0.00176611
309	-0.00176392
309.1	-0.00176389
309.2	-0.00176406
309.3	-0.00176265
309.4	-0.00175783
309.5	-0.00174617
309.6	-0.00173483
309.7	-0.00172696
309.8	-0.00171816
309.9	-0.00171218
310	-0.00170453
310.1	-0.00170326
310.2	-0.00170458
310.3	-0.00171003
310.4	-0.00171975
310.5	-0.00173217
310.6	-0.00175017
310.7	-0.0017778
310.8	-0.00180885
310.9	-0.00184012
311	-0.00187308
311.1	-0.00191107
311.2	-0.00195289
311.3	-0.00200025
311.4	-0.00204927
311.5	-0.00209492
311.6	-0.00213698
311.7	-0.00217685
311.8	-0.00221694
311.9	-0.00225989
312	-0.00230338
312.1	-0.00234393
312.2	-0.00238512
312.3	-0.00242867
312.4	-0.00246826
312.5	-0.00250634
312.6	-0.00254021
312.7	-0.00257546
312.8	-0.00261111
312.9	-0.00265262
313	-0.00269146
313.1	-0.0027295
313.2	-0.00276576
313.3	-0.00279397
313.4	-0.00281955
313.5	-0.00284822
313.6	-0.00287801
313.7	-0.00290802
313.8	-0.00293757
313.9	-0.00296527
314	-0.00298744
314.1	-0.00301113
314.2	-0.00303605
314.3	-0.00306176
314.4	-0.00308007
314.5	-0.00309779
314.6	-0.00311034
314.7	-0.00311921
314.8	-0.00312705
314.9	-0.00313606
315	-0.00314601
315.1	-0.00315649
315.2	-0.00316725
315.3	-0.00317514
315.4	-0.0031819
315.5	-0.00319256
315.6	-0.00320785
315.7	-0.00322289
315.8	-0.00323946
315.9	-0.00325232
316	-0.0032627
316.1	-0.00326883
316.2	-0.00327523
316.3	-0.00327835
316.4	-0.00327822
316.5	-0.00327677
316.6	-0.00327391
316.7	-0.00326751
316.8	-0.00326042
316.9	-0.00325484
317	-0.00325135
317.1	-0.00325093
317.2	-0.00325285
317.3	-0.00325495
317.4	-0.00325582
317.5	-0.00325415
317.6	-0.00325047
317.7	-0.00323738
317.8	-0.00322637
317.9	-0.00321872
318	-0.00321157
318.1	-0.00321181
318.2	-0.00321025
318.3	-0.00321064
318.4	-0.00321377
318.5	-0.00321817
318.6	-0.00321626
318.7	-0.00321841
318.8	-0.0032183
318.9	-0.00321561
319	-0.00321442
319.1	-0.00321502
319.2	-0.00321875
319.3	-0.00322181
319.4	-0.00322733
319.5	-0.0032341
319.6	-0.00324211
319.7	-0.00325596
319.8	-0.00327338
319.9	-0.00329096
320	-0.00329749
320.1	-0.00330254
320.2	-0.0033048
320.3	-0.00331096
320.4	-0.00331897
320.5	-0.00332408
320.6	-0.00332857
320.7	-0.00333145
320.8	-0.00333108
320.9	-0.00332787
321	-0.00332343
321.1	-0.00332184
321.2	-0.00332205
321.3	-0.00332807
321.4	-0.00333633
321.5	-0.00334521
321.6	-0.00335345
321.7	-0.00336047
321.8	-0.003367
321.9	-0.00337082
322	-0.00337494
322.1	-0.00338009
322.2	-0.00338881
322.3	-0.0033969
322.4	-0.00340749
322.5	-0.00341701
322.6	-0.0034301
322.7	-0.0034458
322.8	-0.0034576
322.9	-0.0034663
323	-0.00347661
323.1	-0.00348904
323.2	-0.00350102
323.3	-0.00351
323.4	-0.00351954
323.5	-0.00352862
323.6	-0.0035351
323.7	-0.00354061
323.8	-0.00354828
323.9	-0.00355794
324	-0.00356684
324.1	-0.00357269
324.2	-0.00357201
324.3	-0.00357112
324.4	-0.00357438
324.5	-0.00358862
324.6	-0.00360285
324.7	-0.00361869
324.8	-0.00363615
324.9	-0.00365276
325	-0.00366453
325.1	-0.00367103
325.2	-0.00367227
325.3	-0.00367609
325.4	-0.0036829
325.5	-0.00369362
325.6	-0.00370349
325.7	-0.00371366
325.8	-0.00372079
325.9	-0.00373135
326	-0.00374398
326.1	-0.00375611
326.2	-0.00376917
326.3	-0.00378289
326.4	-0.00380019
326.5	-0.00382416
326.6	-0.00385429
326.7	-0.00389037
326.8	-0.00393002
326.9	-0.00396525
327	-0.00399884
327.1	-0.00403286
327.2	-0.00405994
327.3	-0.00408001
327.4	-0.0040988
327.5	-0.00411756
327.6	-0.00413199
327.7	-0.00414661
327.8	-0.00415917
327.9	-0.00417234
328	-0.00418771
328.1	-0.0042024
328.2	-0.00421648
328.3	-0.00423405
328.4	-0.00425246
328.5	-0.00427234
328.6	-0.00429254
328.7	-0.00430779
328.8	-0.00432458
328.9	-0.00433953
329	-0.0043477
329.1	-0.00435146
329.2	-0.00434898
329.3	-0.0043414
329.4	-0.00433095
329.5	-0.004323
329.6	-0.00432124
329.7	-0.00432675
329.8	-0.0043309
329.9	-0.00433114
330	-0.0043313
330.1	-0.00432323
330.2	-0.00431652
330.3	-0.00430895
330.4	-0.00429825
330.5	-0.00428048
330.6	-0.00425594
330.7	-0.00423089
330.8	-0.00419553
330.9	-0.00415336
331	-0.0041108
331.1	-0.00406652
331.2	-0.00401957
331.3	-0.00397063
331.4	-0.00392084
331.5	-0.00387086
331.6	-0.00381981
331.7	-0.00376825
331.8	-0.00371863
331.9	-0.00367037
332	-0.00362069
332.1	-0.0035705
332.2	-0.0035201
332.3	-0.0034629
332.4	-0.00340078
332.5	-0.00334036
332.6	-0.00328195
332.7	-0.00322564
332.8	-0.00317094
332.9	-0.00311586
333	-0.0030587
333.1	-0.00300499
333.2	-0.00295479
333.3	-0.00290815
333.4	-0.00286414
333.5	-0.00282051
333.6	-0.00278033
333.7	-0.00274301
333.8	-0.00270097
333.9	-0.00266028
334	-0.00261455
334.1	-0.00256435
334.2	-0.00251458
334.3	-0.00246469
334.4	-0.00242163
334.5	-0.00238131
334.6	-0.00234369
334.7	-0.0023079
334.8	-0.00227675
334.9	-0.00224852
335	-0.00222278
335.1	-0.0021942
335.2	-0.0021708
335.3	-0.00215278
335.4	-0.00213296
335.5	-0.00210999
335.6	-0.00208613
335.7	-0.00205885
335.8	-0.00203102
335.9	-0.00200624
336	-0.0019805
336.1	-0.00195298
336.2	-0.001922
336.3	-0.00188586
336.4	-0.00184853
336.5	-0.00180912
336.6	-0.00176422
336.7	-0.00171161
336.8	-0.00165568
336.9	-0.00159801
337	-0.00153883
337.1	-0.00147499
337.2	-0.00141285
337.3	-0.001356
337.4	-0.00130789
337.5	-0.00126646
337.6	-0.00123013
337.7	-0.00119585
337.8	-0.00116413
337.9	-0.00113045
338	-0.00109639
338.1	-0.00106238
338.2	-0.00103655
338.3	-0.00101867
338.4	-0.00100012
338.5	-0.000976128
338.6	-0.000944232
338.7	-0.00090806
338.8	-0.000869846
338.9	-0.000828728
339	-0.00078818
339.1	-0.000751131
339.2	-0.000716377
339.3	-0.000683349
339.4	-0.000650132
339.5	-0.000615804
339.6	-0.000582731
339.7	-0.000549803
339.8	-0.000515387
339.9	-0.000483198
340	-0.000450198
340.1	-0.00041847
340.2	-0.000388132
340.3	-0.000356931
340.4	-0.000326272
340.5	-0.000299333
340.6	-0.000277725
340.7	-0.000258022
340.8	-0.000237927
340.9	-0.000217756
341	-0.000197179
341.1	-0.0001737
341.2	-0.000147163
341.3	-0.000127917
341.4	-0.000115322
341.5	-0.000107581
341.6	-9.71721e-05
341.7	-8.43221e-05
341.8	-6.94459e-05
341.9	-5.3658e-05
342	-3.93071e-05
342.1	-2.76301e-05
342.2	-2.03169e-05
342.3	-1.57779e-05
342.4	-1.11796e-05
342.5	-4.57628e-06
342.6	1.89402e-06
342.7	3.56064e-06
342.8	2.21074e-06
342.9	2.15361e-06
343	1.13647e-06
343.1	-6.43768e-07
343.2	-1.04575e-06
343.3	-1.93685e-06
343.4	5.65628e-06
343.5	2.13728e-05
343.6	4.0082e-05
343.7	6.29828e-05
343.8	8.23793e-05
343.9	9.94192e-05
344	0.000113919
344.1	0.000124931
344.2	0.000134043
344.3	0.000143285
344.4	0.000153045
344.5	0.000161904
344.6	0.00017125
344.7	0.000175631
344.8	0.000174171
344.9	0.000162492
345	0.000145038
345.1	0.000124813
345.2	0.000105158
345.3	9.02058e-05
345.4	7.65324e-05
345.5	5.98282e-05
345.6	4.00276e-05
345.7	1.35949e-05
345.8	-1.54609e-05
345.9	-4.48082e-05
346	-7.49487e-05
346.1	-0.0001072
346.2	-0.000143488
346.3	-0.0001834
346.4	-0.000223221
346.5	-0.000260543
346.6	-0.000296647
346.7	-0.000331552
346.8	-0.000360991
346.9	-0.000387141
347	-0.000412816
347.1	-0.00043347
347.2	-0.000456111
347.3	-0.000483955
347.4	-0.000513883
347.5	-0.000541751
347.6	-0.00056719
347.7	-0.000590934
347.8	-0.000615633
347.9	-0.000640422
348	-0.000661755
348.1	-0.000679741
348.2	-0.000696911
348.3	-0.000713166
348.4	-0.000727363
348.5	-0.000735268
348.6	-0.000740306
348.7	-0.000747018
348.8	-0.000752502
348.9	-0.000754519
349	-0.000755409
349.1	-0.000754174
349.2	-0.000749895
349.3	-0.000743487
349.4	-0.000738849
349.5	-0.00073178
349.6	-0.000727969
349.7	-0.000724691
349.8	-0.00072194
349.9	-0.000719639
350	-0.000716226
350.1	-0.000718664
350.2	-0.000723144
350.3	-0.000726224
350.4	-0.000725684
350.5	-0.000723977
350.6	-0.000721326
350.7	-0.000712997
350.8	-0.000702323
350.9	-0.000690422
351	-0.00067637
351.1	-0.000664098
351.2	-0.000655667
351.3	-0.000651698
351.4	-0.000645298
351.5	-0.000639509
351.6	-0.000639086
351.7	-0.000640439
351.8	-0.00064855
351.9	-0.000661861
352	-0.000683863
352.1	-0.000711659
352.2	-0.000744401
352.3	-0.000774994
352.4	-0.000800362
352.5	-0.000822268
352.6	-0.000840028
352.7	-0.000860941
352.8	-0.000882433
352.9	-0.000900241
353	-0.000914041
353.1	-0.000925784
353.2	-0.000938871
353.3	-0.000950056
353.4	-0.000963128
353.5	-0.000974638
353.6	-0.000985486
353.7	-0.000998841
353.8	-0.00101426
353.9	-0.00102718
354	-0.00104169
354.1	-0.00105537
354.2	-0.00106736
354.3	-0.00107927
354.4	-0.00109536
354.5	-0.00111234
354.6	-0.00112676
354.7	-0.0011387
354.8	-0.0011512
354.9	-0.00116852
355	-0.00119191
355.1	-0.00121633
355.2	-0.00124295
355.3	-0.00126999
355.4	-0.00129939
355.5	-0.00132853
355.6	-0.00135484
355.7	-0.0013733
355.8	-0.00138187
355.9	-0.00138714
356	-0.00139222
356.1	-0.00139445
356.2	-0.00139717
356.3	-0.00139694
356.4	-0.00139808
356.5	-0.00140687
356.6	-0.00141905
356.7	-0.00143089
356.8	-0.00144425
356.9	-0.00146015
357	-0.00147544
357.1	-0.00148622
357.2	-0.00148831
357.3	-0.00148517
357.4	-0.00147619
357.5	-0.00146872
357.6	-0.00146127
357.7	-0.00145119
357.8	-0.00144176
357.9	-0.00143479
358	-0.00142857
358.1	-0.00142208
358.2	-0.00141392
358.3	-0.00140685
358.4	-0.00140106
358.5	-0.00139546
358.6	-0.00138755
358.7	-0.00137597
358.8	-0.00136535
358.9	-0.00135369
359	-0.001343
359.1	-0.00133169
359.2	-0.00131641
359.3	-0.00129437
359.4	-0.00127039
359.5	-0.00124469
359.6	-0.00121525
359.7	-0.00118205
359.8	-0.00114686
359.9	-0.00111005
360	-0.00107913
360.1	-0.00105411
360.2	-0.00103
360.3	-0.00100445
360.4	-0.000978852
360.5	-0.000952527
360.6	-0.000933744
360.7	-0.000912874
360.8	-0.000887304
360.9	-0.000860871
361	-0.000844566
361.1	-0.000838027
361.2	-0.000833554
361.3	-0.000828399
361.4	-0.00082331
361.5	-0.000818439
361.6	-0.000816172
361.7	-0.000818429
361.8	-0.000821284
361.9	-0.000827126
362	-0.000832158
362.1	-0.00083771
362.2	-0.000845809
362.3	-0.000854819
362.4	-0.00086002
362.5	-0.000865087
362.6	-0.000869436
362.7	-0.000874517
362.8	-0.000878602
362.9	-0.000883809
363	-0.000884036
363.1	-0.000882952
363.2	-0.000878192
363.3	-0.000872693
363.4	-0.000867119
363.5	-0.000860864
363.6	-0.000854449
363.7	-0.000846125
363.8	-0.0008406
363.9	-0.000835883
364	-0.000832529
364.1	-0.000831811
364.2	-0.000837504
364.3	-0.000845956
364.4	-0.000854012
364.5	-0.000862864
364.6	-0.000869522
364.7	-0.000876984
364.8	-0.000888032
364.9	-0.00089924
365	-0.000913931
365.1	-0.000929389
365.2	-0.000944947
365.3	-0.000956302
365.4	-0.000964622
365.5	-0.000967801
365.6	-0.000970207
365.7	-0.000971832
365.8	-0.000977468
365.9	-0.000988941
366	-0.0009991
366.1	-0.00101304
366.2	-0.00103554
366.3	-0.00106185
366.4	-0.00108659
366.5	-0.00111276
366.6	-0.00113364
366.7	-0.00115612
366.8	-0.00118013
366.9	-0.00120131
367	-0.00122302
367.1	-0.00124826
367.2	-0.00127801
367.3	-0.00130599
367.4	-0.00132946
367.5	-0.00135474
367.6	-0.00138029
367.7	-0.00140617
367.8	-0.00142959
367.9	-0.00144678
368	-0.00146845
368.1	-0.00149276
368.2	-0.00151857
368.3	-0.00154728
368.4	-0.00158017
368.5	-0.00161116
368.6	-0.00164228
368.7	-0.00167041
368.8	-0.00169641
368.9	-0.0017235
369	-0.00175002
369.1	-0.00177999
369.2	-0.00180715
369.3	-0.0018295
369.4	-0.00185237
369.5	-0.00187519
369.6	-0.00189466
369.7	-0.00191198
369.8	-0.00192507
369.9	-0.00193405
370	-0.00194673
370.1	-0.00195732
370.2	-0.00196582
370.3	-0.00196956
370.4	-0.00197218
370.5	-0.0019776
370.6	-0.00198287
370.7	-0.00198768
370.8	-0.00199404
370.9	-0.00199677
371	-0.00199177
371.1	-0.00198252
371.2	-0.00196886
371.3	-0.00195489
371.4	-0.0019399
371.5	-0.0019227
371.6	-0.00190793
371.7	-0.00189008
371.8	-0.00186792
371.9	-0.00184316
372	-0.00181351
372.1	-0.00178312
372.2	-0.00175045
372.3	-0.0017174
372.4	-0.00168412
372.5	-0.00164729
372.6	-0.00161206
372.7	-0.00157758
372.8	-0.0015477
372.9	-0.00151855
373	-0.00148926
373.1	-0.00146711
373.2	-0.00144934
373.3	-0.00143643
373.4	-0.0014227
373.5	-0.00141189
373.6	-0.00140289
373.7	-0.00139487
373.8	-0.00138712
373.9	-0.00137894
374	-0.00137099
374.1	-0.00136527
374.2	-0.00135907
374.3	-0.00134913
374.4	-0.00133607
374.5	-0.00131933
374.6	-0.00130566
374.7	-0.00129395
374.8	-0.00128121
374.9	-0.00126601
375	-0.00124767
375.1	-0.00122218
375.2	-0.00119229
375.3	-0.00115549
375.4	-0.00111912
375.5	-0.00107987
375.6	-0.00103593
375.7	-0.000992404
375.8	-0.00094865
375.9	-0.000903512
376	-0.000858896
376.1	-0.00081151
376.2	-0.000761394
376.3	-0.000709437
376.4	-0.000659887
376.5	-0.000611726
376.6	-0.000565125
376.7	-0.000524618
376.8	-0.000486366
376.9	-0.000449643
377	-0.000415808
377.1	-0.000382578
377.2	-0.000353615
377.3	-0.000330566
377.4	-0.000302307
377.5	-0.000267553
377.6	-0.000230548
377.7	-0.000195318
377.8	-0.000161802
377.9	-0.000129956
378	-0.000101437
378.1	-7.76814e-05
378.2	-5.97836e-05
378.3	-4.44096e-05
378.4	-2.8862e-05
378.5	-1.22624e-05
378.6	5.02653e-06
378.7	2.5338e-05
378.8	4.90621e-05
378.9	7.7521e-05
379	0.000110161
379.1	0.00014648
379.2	0.000178182
379.3	0.000200862
379.4	0.000221285
379.5	0.000237745
379.6	0.000254388
379.7	0.000275349
379.8	0.000291787
379.9	0.000305064
380	0.000314908
380.1	0.000322066
380.2	0.000327721
380.3	0.000331218
380.4	0.000333593
380.5	0.000332616
380.6	0.000333313
380.7	0.000333699
380.8	0.000329635
380.9	0.000327667
381	0.000326061
381.1	0.00032288
381.2	0.000317912
381.3	0.000314317
381.4	0.000307556
381.5	0.000301343
381.6	0.000298153
381.7	0.000293494
381.8	0.000288951
381.9	0.000282419
382	0.000279858
382.1	0.000278378
382.2	0.000278374
382.3	0.00027808
382.4	0.00027862
382.5	0.000280064
382.6	0.000279064
382.7	0.000276462
382.8	0.000274698
382.9	0.000275792
383	0.00027638
383.1	0.000274202
383.2	0.00027068
383.3	0.00027141
383.4	0.000270011
383.5	0.000270193
383.6	0.00027121
383.7	0.000278041
383.8	0.000285113
383.9	0.000290891
384	0.000292154
384.1	0.000293041
384.2	0.000295472
384.3	0.000300609
384.4	0.000305663
384.5	0.000307304
384.6	0.000306345
384.7	0.000306033
384.8	0.000304862
384.9	0.000301021
385	0.000291835
385.1	0.000281031
385.2	0.00026558
385.3	0.000243165
385.4	0.000216825
385.5	0.000192686
385.6	0.00016777
385.7	0.000141898
385.8	0.000116568
385.9	8.99089e-05
386	6.19499e-05
386.1	3.47641e-05
386.2	8.23153e-06
386.3	-2.00838e-05
386.4	-4.91712e-05
386.5	-7.64028e-05
386.6	-0.000102746
386.7	-0.000130447
386.8	-0.00015663
386.9	-0.000183292
387	-0.000213936
387.1	-0.000241875
387.2	-0.0002653
387.3	-0.000286405
387.4	-0.00031019
387.5	-0.000334959
387.6	-0.000361744
387.7	-0.000391815
387.8	-0.000424295
387.9	-0.000460483
388	-0.000503288
388.1	-0.00054956
388.2	-0.00059345
388.3	-0.000634548
388.4	-0.00067078
388.5	-0.000706744
388.6	-0.000745116
388.7	-0.000782258
388.8	-0.000816621
388.9	-0.000851918
389	-0.000889209
389.1	-0.00092296
389.2	-0.000959141
389.3	-0.00100232
389.4	-0.00105122
389.5	-0.00109694
389.6	-0.00114204
389.7	-0.00119047
389.8	-0.00124234
389.9	-0.00129384
390	-0.00133897
390.1	-0.0013793
390.2	-0.00141924
390.3	-0.00146116
390.4	-0.001503
390.5	-0.00154025
390.6	-0.0015746
390.7	-0.00160635
390.8	-0.00163701
390.9	-0.00166109
391	-0.00168586
391.1	-0.00170652
391.2	-0.00172212
391.3	-0.001739
391.4	-0.00175362
391.5	-0.00177126
391.6	-0.00178741
391.7	-0.0018059
391.8	-0.00182356
391.9	-0.00183807
392	-0.00185113
392.1	-0.00186258
392.2	-0.00187248
392.3	-0.00188276
392.4	-0.00189706
392.5	-0.00191164
392.6	-0.00192519
392.7	-0.00193408
392.8	-0.00193843
392.9	-0.0019432
393	-0.00194739
393.1	-0.00194635
393.2	-0.00194385
393.3	-0.00193795
393.4	-0.00192577
393.5	-0.00190696
393.6	-0.00188402
393.7	-0.00186707
393.8	-0.00185105
393.9	-0.00183133
394	-0.00181413
394.1	-0.00179766
394.2	-0.00178072
394.3	-0.00176408
394.4	-0.00174671
394.5	-0.00172756
394.6	-0.00171
394.7	-0.00168999
394.8	-0.0016687
394.9	-0.0016421
395	-0.00161331
395.1	-0.0015823
395.2	-0.0015464
395.3	-0.00150543
395.4	-0.00146973
395.5	-0.00144294
395.6	-0.00141805
395.7	-0.00139177
395.8	-0.00136224
395.9	-0.0013362
396	-0.00131412
396.1	-0.00129154
396.2	-0.00126106
396.3	-0.00122842
396.4	-0.00119387
396.5	-0.00116227
396.6	-0.00113239
396.7	-0.00110278
396.8	-0.00107034
396.9	-0.00103831
397	-0.00100483
397.1	-0.000968423
397.2	-0.000933415
397.3	-0.000898459
397.4	-0.000861098
397.5	-0.000828506
397.6	-0.000799186
397.7	-0.000771988
397.8	-0.000744219
397.9	-0.000718489
398	-0.000693808
398.1	-0.000667358
398.2	-0.000640862
398.3	-0.000612085
398.4	-0.000578498
398.5	-0.000545331
398.6	-0.00051152
398.7	-0.000477902
398.8	-0.000446367
398.9	-0.000414645
399	-0.000383116
399.1	-0.000351152
399.2	-0.000317464
399.3	-0.000284178
399.4	-0.000253321
399.5	-0.000223476
399.6	-0.000193101
399.7	-0.000159922
399.8	-0.000128355
399.9	-0.000100179
400	-7.59079e-05
400.1	-5.86241e-05
400.2	-4.6037e-05
400.3	-3.88729e-05
400.4	-3.30042e-05
400.5	-2.63068e-05
400.6	-1.8589e-05
400.7	-9.26527e-06
400.8	7.97485e-07
400.9	1.55488e-05
401	3.52034e-05
401.1	6.20126e-05
401.2	8.65802e-05
401.3	0.000108087
401.4	0.000123927
401.5	0.000137739
401.6	0.000152208
401.7	0.000170926
401.8	0.000190498
401.9	0.000211595
402	0.000232594
402.1	0.000254168
402.2	0.000278249
402.3	0.000304076
402.4	0.00032913
402.5	0.000351545
402.6	0.000369068
402.7	0.000380722
402.8	0.000385141
402.9	0.000384679
403	0.000383202
403.1	0.000381834
403.2	0.00038496
403.3	0.000394794
403.4	0.00040934
403.5	0.000426906
403.6	0.000445397
403.7	0.000462756
403.8	0.000473782
403.9	0.00047757
404	0.000476597
404.1	0.000476913
404.2	0.00047766
404.3	0.000476367
404.4	0.000471504
404.5	0.000465232
404.6	0.000461721
404.7	0.000457374
404.8	0.000451524
404.9	0.000449686
405	0.000449538
405.1	0.000447156
405.2	0.00044615
405.3	0.000442146
405.4	0.000433811
405.5	0.000425487
405.6	0.000419043
405.7	0.000416223
405.8	0.000408245
405.9	0.0003932
406	0.000372299
406.1	0.000345612
406.2	0.000322258
406.3	0.00030325
406.4	0.000289415
406.5	0.000278584
406.6	0.000266649
406.7	0.000259651
406.8	0.000252882
406.9	0.00024997
407	0.000248995
407.1	0.000250422
407.2	0.000253454
407.3	0.000251895
407.4	0.000249304
407.5	0.000250701
407.6	0.000252409
407.7	0.00025522
407.8	0.000263319
407.9	0.000271969
408	0.000278169
408.1	0.00027767
408.2	0.000269839
408.3	0.00026547
408.4	0.000264959
408.5	0.000267566
408.6	0.000275999
408.7	0.000287158
408.8	0.000297288
408.9	0.000303694
409	0.000304779
409.1	0.000306302
409.2	0.000307366
409.3	0.000309064
409.4	0.00030968
409.5	0.000305453
409.6	0.000301825
409.7	0.000303267
409.8	0.000307152
409.9	0.000314174
410	0.000323425
410.1	0.000328066
410.2	0.000329152
410.3	0.000330581
410.4	0.000327378
410.5	0.000314958
410.6	0.000298143
410.7	0.000286773
410.8	0.000280622
410.9	0.000278024
411	0.000273083
411.1	0.000261232
411.2	0.00024488
411.3	0.000225446
411.4	0.000205158
411.5	0.000183045
411.6	0.000154778
411.7	0.000123606
411.8	9.40146e-05
411.9	5.90297e-05
412	1.44077e-05
412.1	-3.93311e-05
412.2	-9.83542e-05
412.3	-0.000159291
412.4	-0.000220721
412.5	-0.000282161
412.6	-0.000340737
412.7	-0.000397204
412.8	-0.000457866
412.9	-0.000514998
413	-0.000569932
413.1	-0.000622407
413.2	-0.000669974
413.3	-0.000712326
413.4	-0.000749309
413.5	-0.000787015
413.6	-0.000821391
413.7	-0.000856618
413.8	-0.000896648
413.9	-0.000935929
414	-0.00097623
414.1	-0.00101972
414.2	-0.00106758
414.3	-0.00111246
414.4	-0.00115409
414.5	-0.00119774
414.6	-0.0012323
414.7	-0.00126238
414.8	-0.00129511
414.9	-0.00133266
415	-0.00137315
415.1	-0.00140489
415.2	-0.00143137
415.3	-0.00145608
415.4	-0.00147878
415.5	-0.00149556
415.6	-0.00151001
415.7	-0.00152202
415.8	-0.00153408
415.9	-0.00154551
416	-0.00155253
416.1	-0.00156014
416.2	-0.00156585
416.3	-0.00157048
416.4	-0.00156913
416.5	-0.00156602
416.6	-0.00155987
416.7	-0.00155419
416.8	-0.00154864
416.9	-0.00153979
417	-0.0015311
417.1	-0.00152411
417.2	-0.00152009
417.3	-0.00151976
417.4	-0.00152167
417.5	-0.00152576
417.6	-0.00153187
417.7	-0.00153833
417.8	-0.00154686
417.9	-0.00155423
418	-0.00156553
418.1	-0.00157759
418.2	-0.00158551
418.3	-0.00158836
418.4	-0.00158793
418.5	-0.00158316
418.6	-0.00157856
418.7	-0.00157318
418.8	-0.0015702
418.9	-0.00156763
419	-0.00156771
419.1	-0.00156819
419.2	-0.00157162
419.3	-0.0015778
419.4	-0.00157887
419.5	-0.00157893
419.6	-0.00157603
419.7	-0.00156952
419.8	-0.00156027
419.9	-0.0015464
420	-0.00153313
420.1	-0.00151601
420.2	-0.0014996
420.3	-0.00147883
420.4	-0.00145562
420.5	-0.00143584
420.6	-0.00141924
420.7	-0.00140454
420.8	-0.00139345
420.9	-0.00138367
421	-0.00137438
421.1	-0.0013709
421.2	-0.00136514
421.3	-0.00136187
421.4	-0.0013618
421.5	-0.00135925
421.6	-0.00135814
421.7	-0.00135469
421.8	-0.00134682
421.9	-0.00133535
422	-0.0013204
422.1	-0.00130911
422.2	-0.00130132
422.3	-0.00129296
422.4	-0.00128336
422.5	-0.00127498
422.6	-0.0012688
422.7	-0.00126379
422.8	-0.00126027
422.9	-0.00125861
423	-0.00125634
423.1	-0.00125403
423.2	-0.00125495
423.3	-0.00125792
423.4	-0.00126294
423.5	-0.00127273
423.6	-0.00128281
423.7	-0.00129558
423.8	-0.00131068
423.9	-0.00132451
424	-0.00133834
424.1	-0.00134902
424.2	-0.00135427
424.3	-0.00135448
424.4	-0.00135504
424.5	-0.00135817
424.6	-0.00136105
424.7	-0.00136949
424.8	-0.00137689
424.9	-0.0013825
425	-0.00138673
425.1	-0.00138672
425.2	-0.00138487
425.3	-0.00138133
425.4	-0.00137361
425.5	-0.00136653
425.6	-0.0013582
425.7	-0.00134927
425.8	-0.0013435
425.9	-0.00133868
426	-0.00132831
426.1	-0.00131369
426.2	-0.00129327
426.3	-0.00126632
426.4	-0.00123482
426.5	-0.00120182
426.6	-0.00117154
426.7	-0.00114486
426.8	-0.00111813
426.9	-0.00109352
427	-0.00107237
427.1	-0.00105645
427.2	-0.00104504
427.3	-0.00103793
427.4	-0.00103062
427.5	-0.00102298
427.6	-0.0010191
427.7	-0.00101792
427.8	-0.00100686
427.9	-0.000986849
428	-0.000963752
428.1	-0.000942912
428.2	-0.000924917
428.3	-0.000910912
428.4	-0.000904775
428.5	-0.000894942
428.6	-0.000884296
428.7	-0.00087378
428.8	-0.000859566
428.9	-0.00084807
429	-0.000837852
429.1	-0.000834273
429.2	-0.000831773
429.3	-0.000830912
429.4	-0.000827441
429.5	-0.000823426
429.6	-0.000815482
429.7	-0.000810392
429.8	-0.000809946
429.9	-0.000815958
430	-0.000824884
430.1	-0.000830232
430.2	-0.000833041
430.3	-0.000832952
430.4	-0.000830752
430.5	-0.000831827
430.6	-0.000836314
430.7	-0.000837587
430.8	-0.000836916
430.9	-0.000836396
431	-0.000836194
431.1	-0.000837145
431.2	-0.000838557
431.3	-0.000838582
431.4	-0.000834906
431.5	-0.000832224
431.6	-0.000834183
431.7	-0.000838432
431.8	-0.000838107
431.9	-0.000830254
432	-0.000819149
432.1	-0.000809861
432.2	-0.000802806
432.3	-0.000795529
432.4	-0.000788057
432.5	-0.000782175
432.6	-0.000776764
432.7	-0.000768322
432.8	-0.000755492
432.9	-0.000740378
433	-0.000722524
433.1	-0.000703142
433.2	-0.000681706
433.3	-0.00065332
433.4	-0.000623708
433.5	-0.000589374
433.6	-0.000547115
433.7	-0.000505601
433.8	-0.000465273
433.9	-0.000422375
434	-0.000386219
434.1	-0.000355283
434.2	-0.000328787
434.3	-0.000309369
434.4	-0.000297296
434.5	-0.000284938
434.6	-0.000276221
434.7	-0.000268857
434.8	-0.000263406
434.9	-0.000256803
435	-0.00025293
435.1	-0.000248102
435.2	-0.000247332
435.3	-0.000246837
435.4	-0.000242701
435.5	-0.000233783
435.6	-0.000221235
435.7	-0.000206087
435.8	-0.00018642
435.9	-0.00016033
436	-0.000131737
436.1	-0.000103032
436.2	-7.56437e-05
436.3	-4.53575e-05
436.4	-1.44568e-05
436.5	1.4365e-05
436.6	3.53569e-05
436.7	5.0911e-05
436.8	6.51975e-05
436.9	8.14319e-05
437	0.000100756
437.1	0.000116066
437.2	0.000129471
437.3	0.000144639
437.4	0.000158021
437.5	0.000168235
437.6	0.000179427
437.7	0.000195045
437.8	0.000216986
437.9	0.000241401
438	0.000262402
438.1	0.000282961
438.2	0.000304769
438.3	0.000326267
438.4	0.000343875
438.5	0.000360948
438.6	0.000380128
438.7	0.000399229
438.8	0.000414241
438.9	0.000427519
439	0.00043668
439.1	0.000447883
439.2	0.000466913
439.3	0.000487809
439.4	0.000505471
439.5	0.000519851
439.6	0.000530961
439.7	0.000538016
439.8	0.00054543
439.9	0.000550411
440	0.000550608
440.1	0.000548495
440.2	0.000546206
440.3	0.000543233
440.4	0.00053495
440.5	0.000521103
440.6	0.000507481
440.7	0.000495117
440.8	0.000484082
440.9	0.000476737
441	0.000470003
441.1	0.000464621
441.2	0.000462817
441.3	0.000465052
441.4	0.00047089
441.5	0.000483639
441.6	0.000502569
441.7	0.000521503
441.8	0.000541016
441.9	0.000564779
442	0.000589299
442.1	0.000610813
442.2	0.000633992
442.3	0.000656909
442.4	0.000678691
442.5	0.000694784
442.6	0.000709933
442.7	0.000718739
442.8	0.000721502
442.9	0.000721466
443	0.000718562
443.1	0.000710993
443.2	0.000701541
443.3	0.000689011
443.4	0.000674955
443.5	0.000658826
443.6	0.000642021
443.7	0.000623333
443.8	0.000601721
443.9	0.000578454
444	0.000549992
444.1	0.000517585
444.2	0.000483903
444.3	0.000450539
444.4	0.000418276
444.5	0.000389947
444.6	0.000366747
444.7	0.000341654
444.8	0.000314989
444.9	0.000288994
445	0.000262064
445.1	0.00023506
445.2	0.000207335
445.3	0.000180701
445.4	0.000152036
445.5	0.000122677
445.6	9.33727e-05
445.7	6.63691e-05
445.8	4.34048e-05
445.9	2.34611e-05
446	7.24085e-07
446.1	-2.00069e-05
446.2	-4.16259e-05
446.3	-6.45419e-05
446.4	-9.08982e-05
446.5	-0.000117866
446.6	-0.000148107
446.7	-0.000177742
446.8	-0.000208773
446.9	-0.000242314
447	-0.000273007
447.1	-0.000296616
447.2	-0.000318288
447.3	-0.000336505
447.4	-0.000351077
447.5	-0.000364055
447.6	-0.000372505
447.7	-0.00037984
447.8	-0.000382554
447.9	-0.000379681
448	-0.000372457
448.1	-0.00036206
448.2	-0.00035039
448.3	-0.000337289
448.4	-0.000323264
448.5	-0.00030865
448.6	-0.000292638
448.7	-0.000273673
448.8	-0.000258354
448.9	-0.000243599
449	-0.000229968
449.1	-0.000217635
449.2	-0.000206566
449.3	-0.000199065
449.4	-0.000194038
449.5	-0.000193916
449.6	-0.000193679
449.7	-0.000191467
449.8	-0.000189726
449.9	-0.00018866
450	-0.000189366
450.1	-0.000192103
450.2	-0.000190338
450.3	-0.000185427
450.4	-0.000183499
450.5	-0.000183641
450.6	-0.000189258
450.7	-0.000196687
450.8	-0.000205056
450.9	-0.000214087
451	-0.000225053
451.1	-0.000239846
451.2	-0.000259298
451.3	-0.000282517
451.4	-0.000308143
451.5	-0.000335826
451.6	-0.000370431
451.7	-0.000409775
451.8	-0.000453946
451.9	-0.000499663
452	-0.00054179
452.1	-0.000580345
452.2	-0.000613196
452.3	-0.00063519
452.4	-0.000655836
452.5	-0.000673821
452.6	-0.000686426
452.7	-0.000689751
452.8	-0.000689224
452.9	-0.000682609
453	-0.000676868
453.1	-0.000673755
453.2	-0.000672776
453.3	-0.000666042
453.4	-0.000655189
453.5	-0.000646027
453.6	-0.000639606
453.7	-0.000633347
453.8	-0.000625935
453.9	-0.000621897
454	-0.000620049
454.1	-0.000621749
454.2	-0.000624497
454.3	-0.000622432
454.4	-0.000611713
454.5	-0.000597441
454.6	-0.000582391
454.7	-0.00056496
454.8	-0.000545668
454.9	-0.000525355
455	-0.000505821
455.1	-0.000487703
455.2	-0.000467837
455.3	-0.000444837
455.4	-0.000422006
455.5	-0.000397903
455.6	-0.000380595
455.7	-0.000363998
455.8	-0.000346228
455.9	-0.000324192
456	-0.000302628
456.1	-0.00027998
456.2	-0.000258994
456.3	-0.000237853
456.4	-0.000216711
456.5	-0.00019374
456.6	-0.00017071
456.7	-0.000144518
456.8	-0.000121549
456.9	-0.000103818
457	-9.16569e-05
457.1	-8.15751e-05
457.2	-7.23106e-05
457.3	-6.15552e-05
457.4	-4.66558e-05
457.5	-3.53899e-05
457.6	-2.57785e-05
457.7	-1.22782e-05
457.8	1.76463e-06
457.9	1.64183e-05
458	2.38406e-05
458.1	2.52498e-05
458.2	2.83532e-05
458.3	3.06051e-05
458.4	2.65936e-05
458.5	1.51503e-05
458.6	1.49044e-06
458.7	-1.02494e-05
458.8	-2.30633e-05
458.9	-3.80005e-05
459	-5.81886e-05
459.1	-8.39142e-05
459.2	-0.000111361
459.3	-0.000137663
459.4	-0.000158792
459.5	-0.000183726
459.6	-0.000210505
459.7	-0.000239931
459.8	-0.000266023
459.9	-0.000285481
460	-0.000299736
460.1	-0.000314285
460.2	-0.000325372
460.3	-0.000333996
460.4	-0.000341213
460.5	-0.000349659
460.6	-0.00035488
460.7	-0.000358301
460.8	-0.000363406
460.9	-0.000366026
461	-0.000365525
461.1	-0.000364811
461.2	-0.00036143
461.3	-0.000354638
461.4	-0.000349273
461.5	-0.000341778
461.6	-0.000328639
461.7	-0.00031408
461.8	-0.000299702
461.9	-0.000284837
462	-0.000269269
462.1	-0.000253316
462.2	-0.000237908
462.3	-0.00022241
462.4	-0.000208391
462.5	-0.000195522
462.6	-0.00018091
462.7	-0.000163068
462.8	-0.000149409
462.9	-0.000138495
463	-0.000125508
463.1	-0.000111256
463.2	-9.51965e-05
463.3	-7.89232e-05
463.4	-6.91023e-05
463.5	-6.17991e-05
463.6	-5.56488e-05
463.7	-4.77229e-05
463.8	-4.1198e-05
463.9	-3.26931e-05
464	-2.02117e-05
464.1	-3.16338e-06
464.2	2.21493e-05
464.3	4.86358e-05
464.4	7.2967e-05
464.5	9.33282e-05
464.6	0.00011376
464.7	0.000134582
464.8	0.000150205
464.9	0.000163022
465	0.000176565
465.1	0.000189576
465.2	0.000201601
465.3	0.000220884
465.4	0.000246953
465.5	0.000275174
465.6	0.000304729
465.7	0.000337571
465.8	0.000371507
465.9	0.000404494
466	0.000434372
466.1	0.000463155
466.2	0.000489301
466.3	0.000513411
466.4	0.000537014
466.5	0.000566041
466.6	0.000604976
466.7	0.000645395
466.8	0.000683057
466.9	0.000720516
467	0.000757671
467.1	0.000795495
467.2	0.00082764
467.3	0.00085747
467.4	0.000885761
467.5	0.000919555
467.6	0.000959494
467.7	0.00100529
467.8	0.00104907
467.9	0.00109021
468	0.00113011
468.1	0.00117037
468.2	0.00120931
468.3	0.00124411
468.4	0.00127547
468.5	0.00130622
468.6	0.0013388
468.7	0.0013712
468.8	0.00140127
468.9	0.00143207
469	0.0014701
469.1	0.00150635
469.2	0.00153772
469.3	0.00157012
469.4	0.00160255
469.5	0.00163592
469.6	0.00166968
469.7	0.00170633
469.8	0.00174304
469.9	0.00177472
470	0.00180514
470.1	0.00182937
470.2	0.00185268
470.3	0.00188432
470.4	0.00191464
470.5	0.00193981
470.6	0.00196033
470.7	0.00198621
470.8	0.00201537
470.9	0.00204825
471	0.00208288
471.1	0.00211551
471.2	0.00214121
471.3	0.0021676
471.4	0.002195
471.5	0.0022174
471.6	0.00224044
471.7	0.00226382
471.8	0.00228266
471.9	0.00229761
472	0.00230936
472.1	0.00232508
472.2	0.00234097
472.3	0.00235496
472.4	0.00236646
472.5	0.00237279
472.6	0.00237317
472.7	0.0023714
472.8	0.00236862
472.9	0.00236326
473	0.00235303
473.1	0.00233586
473.2	0.00231714
473.3	0.00230009
473.4	0.00228065
473.5	0.00225722
473.6	0.00223545
473.7	0.00221793
473.8	0.00220207
473.9	0.0021838
474	0.002164
474.1	0.0021473
474.2	0.00213133
474.3	0.00211253
474.4	0.0020902
474.5	0.00206525
474.6	0.00203498
474.7	0.00200396
474.8	0.00196872
474.9	0.00193139
475	0.00189752
475.1	0.00187075
475.2	0.00185063
475.3	0.00183024
475.4	0.00181033
475.5	0.00179113
475.6	0.00176963
475.7	0.00174474
475.8	0.0017237
475.9	0.00170822
476	0.00169647
476.1	0.0016844
476.2	0.00167031
476.3	0.00165226
476.4	0.00163417
476.5	0.00161549
476.6	0.00159459
476.7	0.00157908
476.8	0.00156283
476.9	0.00154337
477	0.00152419
477.1	0.00149961
477.2	0.00147191
477.3	0.00144175
477.4	0.00141488
477.5	0.0013903
477.6	0.00136506
477.7	0.00133664
477.8	0.00130645
477.9	0.00127712
478	0.00125118
478.1	0.00122929
478.2	0.00121032
478.3	0.00119275
478.4	0.00118119
478.5	0.0011711
478.6	0.00116216
478.7	0.00115261
478.8	0.00114336
478.9	0.00113968
479	0.00114318
479.1	0.00114575
479.2	0.0011421
479.3	0.00113373
479.4	0.00111849
479.5	0.00110226
479.6	0.00108289
479.7	0.00106567
479.8	0.00105067
479.9	0.00103634
480	0.00102097
480.1	0.0010066
480.2	0.000994632
480.3	0.000982875
480.4	0.000970991
480.5	0.000960998
480.6	0.000953838
480.7	0.00094225
480.8	0.000936574
480.9	0.000932465
481	0.000930532
481.1	0.000926947
481.2	0.00092225
481.3	0.000916312
481.4	0.000912782
481.5	0.000908356
481.6	0.000903928
481.7	0.000899602
481.8	0.000896535
481.9	0.000891654
482	0.000890184
482.1	0.000892551
482.2	0.000897793
482.3	0.000901112
482.4	0.000899597
482.5	0.000895395
482.6	0.000890851
482.7	0.000889477
482.8	0.000891982
482.9	0.000898526
483	0.000908627
483.1	0.000918478
483.2	0.000929168
483.3	0.000938509
483.4	0.000946019
483.5	0.000954673
483.6	0.000962066
483.7	0.000969006
483.8	0.000975375
483.9	0.000979922
484	0.000983971
484.1	0.000987966
484.2	0.000994913
484.3	0.00100064
484.4	0.00100831
484.5	0.00101274
484.6	0.00101357
484.7	0.00101653
484.8	0.00101884
484.9	0.00101904
485	0.00101953
485.1	0.00101905
485.2	0.00101692
485.3	0.00101183
485.4	0.00100843
485.5	0.00100944
485.6	0.0010108
485.7	0.00101234
485.8	0.00101416
485.9	0.00101627
486	0.00102049
486.1	0.0010254
486.2	0.00102881
486.3	0.00103636
486.4	0.00104166
486.5	0.00105005
486.6	0.0010583
486.7	0.0010681
486.8	0.00107961
486.9	0.00109181
487	0.00110528
487.1	0.00111679
487.2	0.00112646
487.3	0.00113704
487.4	0.00115307
487.5	0.00117248
487.6	0.00119586
487.7	0.00122337
487.8	0.00125468
487.9	0.00128806
488	0.00132527
488.1	0.00136626
488.2	0.00140413
488.3	0.00144183
488.4	0.00148083
488.5	0.001519
488.6	0.00155765
488.7	0.00159821
488.8	0.00164377
488.9	0.00169599
489	0.00175007
489.1	0.00180316
489.2	0.00185734
489.3	0.00191071
489.4	0.00196362
489.5	0.00201668
489.6	0.00206375
489.7	0.00211237
489.8	0.00216272
489.9	0.00221175
490	0.00225539
490.1	0.00229721
490.2	0.00234024
490.3	0.0023849
490.4	0.00243343
490.5	0.00247996
490.6	0.00252547
490.7	0.00256585
490.8	0.00260705
490.9	0.00264829
491	0.00268863
491.1	0.00272635
491.2	0.00275888
491.3	0.00279289
491.4	0.00282788
491.5	0.0028615
491.6	0.00289109
491.7	0.00292269
491.8	0.00295864
491.9	0.00299456
492	0.00302636
492.1	0.00305586
492.2	0.00308826
492.3	0.00311709
492.4	0.00314474
492.5	0.00317549
492.6	0.00320226
492.7	0.00323203
492.8	0.00325914
492.9	0.00328406
493	0.00331055
493.1	0.00333767
493.2	0.00336297
493.3	0.00339508
493.4	0.00343123
493.5	0.00346758
493.6	0.00349869
493.7	0.0035225
493.8	0.00354247
493.9	0.00355926
494	0.00357209
494.1	0.00358487
494.2	0.00359215
494.3	0.00359601
494.4	0.00359553
494.5	0.00359159
494.6	0.00358599
494.7	0.00358146
494.8	0.00357639
494.9	0.0035718
495	0.00356226
495.1	0.0035511
495.2	0.00353919
495.3	0.00352775
495.4	0.00351349
495.5	0.00349749
495.6	0.00347751
495.7	0.00345006
495.8	0.00341814
495.9	0.00338538
496	0.00335666
496.1	0.0033332
496.2	0.00330918
496.3	0.00328041
496.4	0.0032457
496.5	0.00321428
496.6	0.00318548
496.7	0.00316189
496.8	0.00314063
496.9	0.00312274
497	0.00310981
497.1	0.00309621
497.2	0.00307838
497.3	0.00305881
497.4	0.00303995
497.5	0.00302246
497.6	0.00301078
497.7	0.00300017
497.8	0.00298659
497.9	0.00297496
498	0.0029651
498.1	0.00295131
498.2	0.0029336
498.3	0.00291138
498.4	0.00288868
498.5	0.0028648
498.6	0.00284454
498.7	0.00282822
498.8	0.00281149
498.9	0.00279438
499	0.00277569
499.1	0.00275298
499.2	0.00272695
499.3	0.00269607
499.4	0.0026666
499.5	0.00263696
499.6	0.00260523
499.7	0.0025676
499.8	0.00252383
499.9	0.0024746
500	0.00242384
