LagTime	Correlation

0	2.23513
0.1	2.23012
0.2	2.22263
0.3	2.21457
0.4	2.2064
0.5	2.19825
0.6	2.19015
0.7	2.18212
0.8	2.17415
0.9	2.16623
1	2.15837
1.1	2.15057
1.2	2.14282
1.3	2.13514
1.4	2.12751
1.5	2.11994
1.6	2.11244
1.7	2.10499
1.8	2.0976
1.9	2.09026
2	2.08299
2.1	2.07578
2.2	2.06862
2.3	2.06151
2.4	2.05444
2.5	2.04742
2.6	2.04045
2.7	2.03353
2.8	2.02666
2.9	2.01983
3	2.01305
3.1	2.00632
3.2	1.99962
3.3	1.99297
3.4	1.98636
3.5	1.97978
3.6	1.97325
3.7	1.96677
3.8	1.96032
3.9	1.95391
4	1.94754
4.1	1.94121
4.2	1.93492
4.3	1.92867
4.4	1.92245
4.5	1.91627
4.6	1.91013
4.7	1.90402
4.8	1.89794
4.9	1.8919
5	1.8859
5.1	1.87993
5.2	1.874
5.3	1.8681
5.4	1.86225
5.5	1.85643
5.6	1.85065
5.7	1.84491
5.8	1.8392
5.9	1.83353
6	1.82789
6.1	1.82228
6.2	1.8167
6.3	1.81116
6.4	1.80565
6.5	1.80018
6.6	1.79474
6.7	1.78933
6.8	1.78395
6.9	1.7786
7	1.77327
7.1	1.76798
7.2	1.76272
7.3	1.75749
7.4	1.75229
7.5	1.74713
7.6	1.74201
7.7	1.73691
7.8	1.73184
7.9	1.7268
8	1.72179
8.1	1.7168
8.2	1.71184
8.3	1.70691
8.4	1.70201
8.5	1.69713
8.6	1.69229
8.7	1.68746
8.8	1.68266
8.9	1.67788
9	1.67312
9.1	1.66839
9.2	1.66368
9.3	1.65898
9.4	1.6543
9.5	1.64964
9.6	1.645
9.7	1.64037
9.8	1.63576
9.9	1.63118
10	1.62662
10.1	1.62209
10.2	1.61758
10.3	1.6131
10.4	1.60864
10.5	1.6042
10.6	1.59979
10.7	1.5954
10.8	1.59103
10.9	1.58668
11	1.58235
11.1	1.57805
11.2	1.57376
11.3	1.5695
11.4	1.56526
11.5	1.56104
11.6	1.55684
11.7	1.55267
11.8	1.54851
11.9	1.54437
12	1.54025
12.1	1.53615
12.2	1.53206
12.3	1.52799
12.4	1.52393
12.5	1.5199
12.6	1.51589
12.7	1.5119
12.8	1.50792
12.9	1.50397
13	1.50002
13.1	1.4961
13.2	1.49219
13.3	1.4883
13.4	1.48442
13.5	1.48056
13.6	1.47672
13.7	1.47289
13.8	1.46907
13.9	1.46527
14	1.46147
14.1	1.4577
14.2	1.45394
14.3	1.4502
14.4	1.44648
14.5	1.44277
14.6	1.43909
14.7	1.43542
14.8	1.43176
14.9	1.42813
15	1.42452
15.1	1.42091
15.2	1.41733
15.3	1.41377
15.4	1.41021
15.5	1.40667
15.6	1.40314
15.7	1.39963
15.8	1.39613
15.9	1.39265
16	1.38918
16.1	1.38573
16.2	1.38229
16.3	1.37887
16.4	1.37548
16.5	1.37209
16.6	1.36872
16.7	1.36536
16.8	1.36201
16.9	1.35867
17	1.35534
17.1	1.35203
17.2	1.34873
17.3	1.34545
17.4	1.34218
17.5	1.33892
17.6	1.33568
17.7	1.33245
17.8	1.32923
17.9	1.32602
18	1.32283
18.1	1.31964
18.2	1.31646
18.3	1.31328
18.4	1.31012
18.5	1.30697
18.6	1.30383
18.7	1.30069
18.8	1.29757
18.9	1.29446
19	1.29135
19.1	1.28825
19.2	1.28517
19.3	1.28209
19.4	1.27902
19.5	1.27596
19.6	1.27291
19.7	1.26987
19.8	1.26684
19.9	1.26382
20	1.2608
20.1	1.2578
20.2	1.25481
20.3	1.25183
20.4	1.24886
20.5	1.24591
20.6	1.24296
20.7	1.24003
20.8	1.2371
20.9	1.23419
21	1.2313
21.1	1.22841
21.2	1.22553
21.3	1.22265
21.4	1.21979
21.5	1.21693
21.6	1.21409
21.7	1.21125
21.8	1.20842
21.9	1.20559
22	1.20277
22.1	1.19996
22.2	1.19716
22.3	1.19436
22.4	1.19158
22.5	1.18881
22.6	1.18604
22.7	1.18328
22.8	1.18054
22.9	1.1778
23	1.17507
23.1	1.17236
23.2	1.16965
23.3	1.16695
23.4	1.16425
23.5	1.16156
23.6	1.15888
23.7	1.15621
23.8	1.15355
23.9	1.1509
24	1.14826
24.1	1.14563
24.2	1.14301
24.3	1.1404
24.4	1.13778
24.5	1.13517
24.6	1.13257
24.7	1.12997
24.8	1.12739
24.9	1.12481
25	1.12224
25.1	1.11968
25.2	1.11713
25.3	1.11459
25.4	1.11206
25.5	1.10954
25.6	1.10702
25.7	1.10451
25.8	1.102
25.9	1.09949
26	1.09699
26.1	1.0945
26.2	1.09201
26.3	1.08953
26.4	1.08705
26.5	1.08459
26.6	1.08214
26.7	1.0797
26.8	1.07727
26.9	1.07484
27	1.07243
27.1	1.07002
27.2	1.06763
27.3	1.06524
27.4	1.06285
27.5	1.06048
27.6	1.05811
27.7	1.05574
27.8	1.05338
27.9	1.05102
28	1.04867
28.1	1.04632
28.2	1.04398
28.3	1.04165
28.4	1.03933
28.5	1.037
28.6	1.03467
28.7	1.03236
28.8	1.03005
28.9	1.02774
29	1.02545
29.1	1.02318
29.2	1.0209
29.3	1.01864
29.4	1.01638
29.5	1.01412
29.6	1.01187
29.7	1.00962
29.8	1.00738
29.9	1.00514
30	1.00291
30.1	1.00067
30.2	0.998444
30.3	0.996221
30.4	0.994004
30.5	0.991792
30.6	0.989586
30.7	0.987383
30.8	0.985189
30.9	0.983004
31	0.980829
31.1	0.978658
31.2	0.976491
31.3	0.974328
31.4	0.972168
31.5	0.970011
31.6	0.967858
31.7	0.965709
31.8	0.963568
31.9	0.961438
32	0.959317
32.1	0.957207
32.2	0.955102
32.3	0.953001
32.4	0.950904
32.5	0.948809
32.6	0.946725
32.7	0.944649
32.8	0.942584
32.9	0.940525
33	0.938479
33.1	0.936434
33.2	0.93439
33.3	0.932349
33.4	0.930315
33.5	0.928291
33.6	0.926278
33.7	0.92427
33.8	0.922265
33.9	0.920262
34	0.918261
34.1	0.916265
34.2	0.914271
34.3	0.912279
34.4	0.910293
34.5	0.908311
34.6	0.906339
34.7	0.904377
34.8	0.902422
34.9	0.900474
35	0.898527
35.1	0.896582
35.2	0.894637
35.3	0.892687
35.4	0.890739
35.5	0.888796
35.6	0.886865
35.7	0.884939
35.8	0.88302
35.9	0.881112
36	0.879212
36.1	0.877317
36.2	0.87543
36.3	0.87355
36.4	0.871674
36.5	0.869803
36.6	0.867938
36.7	0.866077
36.8	0.864221
36.9	0.862371
37	0.860529
37.1	0.85869
37.2	0.856855
37.3	0.855023
37.4	0.853196
37.5	0.851375
37.6	0.84956
37.7	0.847747
37.8	0.845938
37.9	0.844134
38	0.84234
38.1	0.840552
38.2	0.838768
38.3	0.836986
38.4	0.835209
38.5	0.833433
38.6	0.831656
38.7	0.82988
38.8	0.828102
38.9	0.826323
39	0.824541
39.1	0.822763
39.2	0.820985
39.3	0.819212
39.4	0.817446
39.5	0.815684
39.6	0.813924
39.7	0.812163
39.8	0.810404
39.9	0.808649
40	0.806901
40.1	0.805162
40.2	0.803421
40.3	0.801682
40.4	0.799947
40.5	0.798215
40.6	0.796489
40.7	0.794757
40.8	0.793026
40.9	0.791298
41	0.789576
41.1	0.787854
41.2	0.786137
41.3	0.784425
41.4	0.782714
41.5	0.781014
41.6	0.779326
41.7	0.777654
41.8	0.775995
41.9	0.774349
42	0.77271
42.1	0.771072
42.2	0.769431
42.3	0.767791
42.4	0.76616
42.5	0.764538
42.6	0.762922
42.7	0.761313
42.8	0.759711
42.9	0.75812
43	0.756536
43.1	0.754956
43.2	0.753378
43.3	0.751799
43.4	0.750223
43.5	0.748652
43.6	0.747086
43.7	0.745521
43.8	0.743953
43.9	0.742383
44	0.740815
44.1	0.739251
44.2	0.737689
44.3	0.736125
44.4	0.734557
44.5	0.732996
44.6	0.731433
44.7	0.729874
44.8	0.728316
44.9	0.726758
45	0.725201
45.1	0.723647
45.2	0.722093
45.3	0.720537
45.4	0.718984
45.5	0.717434
45.6	0.71588
45.7	0.714326
45.8	0.712774
45.9	0.711221
46	0.709665
46.1	0.708111
46.2	0.706559
46.3	0.705011
46.4	0.703468
46.5	0.701932
46.6	0.700399
46.7	0.698864
46.8	0.697331
46.9	0.695802
47	0.694278
47.1	0.692758
47.2	0.691242
47.3	0.689729
47.4	0.688215
47.5	0.686704
47.6	0.685195
47.7	0.683687
47.8	0.682182
47.9	0.680682
48	0.679185
48.1	0.677696
48.2	0.676215
48.3	0.674737
48.4	0.673264
48.5	0.671794
48.6	0.670331
48.7	0.668874
48.8	0.667419
48.9	0.665963
49	0.66451
49.1	0.663061
49.2	0.661618
49.3	0.660183
49.4	0.658752
49.5	0.657326
49.6	0.655906
49.7	0.654493
49.8	0.653085
49.9	0.651685
50	0.650289
50.1	0.648894
50.2	0.647504
50.3	0.646115
50.4	0.644726
50.5	0.643338
50.6	0.641957
50.7	0.64058
50.8	0.639215
50.9	0.637858
51	0.636505
51.1	0.635158
51.2	0.63382
51.3	0.632489
51.4	0.631166
51.5	0.629846
51.6	0.628532
51.7	0.627222
51.8	0.625914
51.9	0.624613
52	0.623318
52.1	0.622024
52.2	0.620732
52.3	0.61944
52.4	0.61815
52.5	0.616861
52.6	0.61558
52.7	0.614306
52.8	0.61304
52.9	0.611778
53	0.610521
53.1	0.609267
53.2	0.608015
53.3	0.60676
53.4	0.605506
53.5	0.604255
53.6	0.603007
53.7	0.601759
53.8	0.600515
53.9	0.599273
54	0.59803
54.1	0.59679
54.2	0.595554
54.3	0.594327
54.4	0.593107
54.5	0.591887
54.6	0.590669
54.7	0.589452
54.8	0.588238
54.9	0.587024
55	0.585809
55.1	0.584591
55.2	0.583373
55.3	0.582156
55.4	0.58094
55.5	0.57973
55.6	0.578521
55.7	0.577309
55.8	0.576096
55.9	0.57488
56	0.573664
56.1	0.572447
56.2	0.571232
56.3	0.570026
56.4	0.56883
56.5	0.567639
56.6	0.566454
56.7	0.565272
56.8	0.564092
56.9	0.562912
57	0.561729
57.1	0.560548
57.2	0.559369
57.3	0.558189
57.4	0.557012
57.5	0.555841
57.6	0.554677
57.7	0.553512
57.8	0.552352
57.9	0.551196
58	0.550043
58.1	0.54889
58.2	0.547737
58.3	0.546586
58.4	0.54544
58.5	0.544293
58.6	0.543147
58.7	0.542
58.8	0.540857
58.9	0.539719
59	0.538588
59.1	0.537459
59.2	0.536334
59.3	0.535211
59.4	0.534087
59.5	0.532966
59.6	0.531848
59.7	0.530737
59.8	0.529628
59.9	0.528523
60	0.527426
60.1	0.526337
60.2	0.525251
60.3	0.524167
60.4	0.523084
60.5	0.522006
60.6	0.52093
60.7	0.519856
60.8	0.51879
60.9	0.517728
61	0.516671
61.1	0.515624
61.2	0.514586
61.3	0.513555
61.4	0.51253
61.5	0.511508
61.6	0.510483
61.7	0.509457
61.8	0.508435
61.9	0.507415
62	0.506397
62.1	0.50538
62.2	0.504366
62.3	0.503355
62.4	0.502348
62.5	0.50134
62.6	0.50033
62.7	0.499319
62.8	0.498307
62.9	0.497291
63	0.496272
63.1	0.495252
63.2	0.494237
63.3	0.493224
63.4	0.49221
63.5	0.491195
63.6	0.490184
63.7	0.489176
63.8	0.488171
63.9	0.487165
64	0.486162
64.1	0.485164
64.2	0.484169
64.3	0.483175
64.4	0.482181
64.5	0.481185
64.6	0.480193
64.7	0.479209
64.8	0.478231
64.9	0.47725
65	0.476269
65.1	0.475284
65.2	0.474296
65.3	0.473313
65.4	0.472331
65.5	0.471353
65.6	0.47038
65.7	0.469413
65.8	0.468448
65.9	0.467489
66	0.466536
66.1	0.465584
66.2	0.464629
66.3	0.463671
66.4	0.462714
66.5	0.461756
66.6	0.460796
66.7	0.459842
66.8	0.458891
66.9	0.457944
67	0.456997
67.1	0.456048
67.2	0.455098
67.3	0.454149
67.4	0.453202
67.5	0.452257
67.6	0.451312
67.7	0.450371
67.8	0.449433
67.9	0.448497
68	0.447562
68.1	0.446623
68.2	0.445682
68.3	0.444742
68.4	0.443806
68.5	0.442874
68.6	0.441943
68.7	0.441013
68.8	0.440085
68.9	0.439165
69	0.438245
69.1	0.437328
69.2	0.436415
69.3	0.435512
69.4	0.434615
69.5	0.433724
69.6	0.432844
69.7	0.431967
69.8	0.431093
69.9	0.430222
70	0.429355
70.1	0.428493
70.2	0.427637
70.3	0.426784
70.4	0.425934
70.5	0.425089
70.6	0.42425
70.7	0.423415
70.8	0.422584
70.9	0.421754
71	0.420928
71.1	0.420103
71.2	0.41928
71.3	0.418458
71.4	0.417641
71.5	0.416824
71.6	0.416013
71.7	0.415203
71.8	0.414394
71.9	0.413591
72	0.412792
72.1	0.411996
72.2	0.411207
72.3	0.410415
72.4	0.409619
72.5	0.408818
72.6	0.408014
72.7	0.407208
72.8	0.406407
72.9	0.405607
73	0.404804
73.1	0.403998
73.2	0.403194
73.3	0.402388
73.4	0.401586
73.5	0.40078
73.6	0.399977
73.7	0.399171
73.8	0.398367
73.9	0.397571
74	0.39678
74.1	0.395994
74.2	0.395214
74.3	0.394436
74.4	0.393664
74.5	0.392894
74.6	0.392123
74.7	0.391353
74.8	0.390584
74.9	0.389819
75	0.389056
75.1	0.388294
75.2	0.387539
75.3	0.386785
75.4	0.386031
75.5	0.385277
75.6	0.384521
75.7	0.383762
75.8	0.383
75.9	0.382232
76	0.381462
76.1	0.380697
76.2	0.379933
76.3	0.379166
76.4	0.378399
76.5	0.377631
76.6	0.376864
76.7	0.376097
76.8	0.375334
76.9	0.374572
77	0.373808
77.1	0.373046
77.2	0.372288
77.3	0.371533
77.4	0.370786
77.5	0.370036
77.6	0.369286
77.7	0.368533
77.8	0.367783
77.9	0.36703
78	0.366274
78.1	0.365516
78.2	0.36476
78.3	0.364002
78.4	0.363244
78.5	0.362487
78.6	0.361729
78.7	0.360974
78.8	0.360223
78.9	0.359476
79	0.358734
79.1	0.357993
79.2	0.357248
79.3	0.356507
79.4	0.355772
79.5	0.355042
79.6	0.354311
79.7	0.353575
79.8	0.352841
79.9	0.352113
80	0.351381
80.1	0.350649
80.2	0.349917
80.3	0.349181
80.4	0.348449
80.5	0.347717
80.6	0.346987
80.7	0.346261
80.8	0.34554
80.9	0.344825
81	0.344118
81.1	0.343409
81.2	0.342708
81.3	0.342013
81.4	0.34132
81.5	0.340628
81.6	0.339941
81.7	0.339255
81.8	0.33857
81.9	0.33788
82	0.337184
82.1	0.336491
82.2	0.335797
82.3	0.3351
82.4	0.334402
82.5	0.333703
82.6	0.333005
82.7	0.332303
82.8	0.331598
82.9	0.330894
83	0.330189
83.1	0.329485
83.2	0.328782
83.3	0.328079
83.4	0.32738
83.5	0.326687
83.6	0.325998
83.7	0.325311
83.8	0.324626
83.9	0.323947
84	0.323272
84.1	0.322601
84.2	0.321932
84.3	0.321262
84.4	0.320595
84.5	0.319926
84.6	0.319254
84.7	0.318586
84.8	0.317923
84.9	0.317262
85	0.316605
85.1	0.315949
85.2	0.315301
85.3	0.314658
85.4	0.314015
85.5	0.313372
85.6	0.312729
85.7	0.312082
85.8	0.311435
85.9	0.310791
86	0.310154
86.1	0.309521
86.2	0.308885
86.3	0.308248
86.4	0.30761
86.5	0.306967
86.6	0.306322
86.7	0.305674
86.8	0.305023
86.9	0.304368
87	0.303716
87.1	0.30306
87.2	0.3024
87.3	0.30174
87.4	0.301081
87.5	0.300425
87.6	0.299772
87.7	0.29912
87.8	0.298464
87.9	0.297811
88	0.297161
88.1	0.296514
88.2	0.295869
88.3	0.295235
88.4	0.294606
88.5	0.293979
88.6	0.293352
88.7	0.292731
88.8	0.292118
88.9	0.291507
89	0.290902
89.1	0.290299
89.2	0.289695
89.3	0.289087
89.4	0.288473
89.5	0.287858
89.6	0.287242
89.7	0.286619
89.8	0.285994
89.9	0.285373
90	0.284759
90.1	0.284147
90.2	0.283532
90.3	0.282914
90.4	0.282292
90.5	0.281668
90.6	0.281043
90.7	0.28042
90.8	0.279795
90.9	0.279168
91	0.278541
91.1	0.277921
91.2	0.277302
91.3	0.27668
91.4	0.276057
91.5	0.27543
91.6	0.274798
91.7	0.274168
91.8	0.273541
91.9	0.272917
92	0.272293
92.1	0.271673
92.2	0.271048
92.3	0.270427
92.4	0.26981
92.5	0.269198
92.6	0.268586
92.7	0.267973
92.8	0.267358
92.9	0.266745
93	0.266135
93.1	0.265529
93.2	0.264933
93.3	0.264344
93.4	0.263756
93.5	0.263167
93.6	0.262578
93.7	0.261992
93.8	0.261412
93.9	0.260838
94	0.26027
94.1	0.259707
94.2	0.25914
94.3	0.258574
94.4	0.25801
94.5	0.257446
94.6	0.25688
94.7	0.256312
94.8	0.255743
94.9	0.255171
95	0.254599
95.1	0.254028
95.2	0.253459
95.3	0.25289
95.4	0.252323
95.5	0.251759
95.6	0.251201
95.7	0.250646
95.8	0.250094
95.9	0.249549
96	0.24901
96.1	0.248476
96.2	0.247956
96.3	0.247443
96.4	0.246929
96.5	0.246413
96.6	0.2459
96.7	0.245385
96.8	0.244874
96.9	0.244367
97	0.243863
97.1	0.243359
97.2	0.242859
97.3	0.242359
97.4	0.241862
97.5	0.241363
97.6	0.240869
97.7	0.240378
97.8	0.239891
97.9	0.239406
98	0.238917
98.1	0.238428
98.2	0.23794
98.3	0.237455
98.4	0.236975
98.5	0.236499
98.6	0.236025
98.7	0.235551
98.8	0.235072
98.9	0.23459
99	0.23411
99.1	0.233627
99.2	0.233141
99.3	0.232654
99.4	0.232172
99.5	0.231699
99.6	0.231233
99.7	0.230769
99.8	0.230303
99.9	0.229832
100	0.229366
100.1	0.228898
100.2	0.228432
100.3	0.227966
100.4	0.227498
100.5	0.227031
100.6	0.226562
100.7	0.226094
100.8	0.225626
100.9	0.22516
101	0.224697
101.1	0.224235
101.2	0.223771
101.3	0.223304
101.4	0.222837
101.5	0.22237
101.6	0.221909
101.7	0.221453
101.8	0.220998
101.9	0.220547
102	0.220097
102.1	0.219642
102.2	0.219179
102.3	0.218715
102.4	0.218254
102.5	0.217795
102.6	0.21734
102.7	0.216893
102.8	0.216446
102.9	0.216005
103	0.215567
103.1	0.215131
103.2	0.214701
103.3	0.21427
103.4	0.213837
103.5	0.2134
103.6	0.212965
103.7	0.212531
103.8	0.212094
103.9	0.211659
104	0.211225
104.1	0.210796
104.2	0.210374
104.3	0.209956
104.4	0.209541
104.5	0.209126
104.6	0.208709
104.7	0.208291
104.8	0.207868
104.9	0.207452
105	0.207037
105.1	0.206624
105.2	0.206208
105.3	0.205793
105.4	0.205376
105.5	0.204958
105.6	0.204535
105.7	0.204114
105.8	0.203693
105.9	0.203268
106	0.202849
106.1	0.20243
106.2	0.202012
106.3	0.201595
106.4	0.201184
106.5	0.200778
106.6	0.200368
106.7	0.19995
106.8	0.199531
106.9	0.199109
107	0.198688
107.1	0.198267
107.2	0.197849
107.3	0.197429
107.4	0.197007
107.5	0.196578
107.6	0.19615
107.7	0.195725
107.8	0.195303
107.9	0.19488
108	0.194461
108.1	0.194051
108.2	0.193641
108.3	0.193229
108.4	0.192817
108.5	0.192406
108.6	0.191998
108.7	0.191592
108.8	0.191196
108.9	0.190804
109	0.190414
109.1	0.190028
109.2	0.189648
109.3	0.189272
109.4	0.188903
109.5	0.188536
109.6	0.188168
109.7	0.187803
109.8	0.187439
109.9	0.18708
110	0.186725
110.1	0.186373
110.2	0.186026
110.3	0.185681
110.4	0.185335
110.5	0.184986
110.6	0.184636
110.7	0.184294
110.8	0.183954
110.9	0.183619
111	0.183289
111.1	0.182958
111.2	0.182626
111.3	0.18229
111.4	0.181958
111.5	0.181623
111.6	0.181286
111.7	0.180943
111.8	0.180596
111.9	0.180248
112	0.179898
112.1	0.17954
112.2	0.179175
112.3	0.17881
112.4	0.178443
112.5	0.17808
112.6	0.177714
112.7	0.177346
112.8	0.176984
112.9	0.176625
113	0.176267
113.1	0.17591
113.2	0.175561
113.3	0.175218
113.4	0.174877
113.5	0.174535
113.6	0.174193
113.7	0.173855
113.8	0.173522
113.9	0.173198
114	0.172881
114.1	0.172567
114.2	0.172255
114.3	0.171948
114.4	0.171644
114.5	0.171335
114.6	0.171025
114.7	0.170714
114.8	0.170398
114.9	0.170076
115	0.169756
115.1	0.169437
115.2	0.169123
115.3	0.168808
115.4	0.168494
115.5	0.168182
115.6	0.167871
115.7	0.167562
115.8	0.167252
115.9	0.166943
116	0.166632
116.1	0.16632
116.2	0.166006
116.3	0.165693
116.4	0.165383
116.5	0.165078
116.6	0.164777
116.7	0.164479
116.8	0.164185
116.9	0.163895
117	0.163607
117.1	0.163319
117.2	0.163035
117.3	0.162749
117.4	0.162461
117.5	0.162175
117.6	0.161887
117.7	0.161605
117.8	0.161323
117.9	0.16104
118	0.160757
118.1	0.160478
118.2	0.160199
118.3	0.159921
118.4	0.159643
118.5	0.159366
118.6	0.159087
118.7	0.158807
118.8	0.158527
118.9	0.158242
119	0.157953
119.1	0.157664
119.2	0.157375
119.3	0.157088
119.4	0.156805
119.5	0.156523
119.6	0.156239
119.7	0.155957
119.8	0.155674
119.9	0.155395
120	0.155117
120.1	0.154836
120.2	0.154553
120.3	0.15427
120.4	0.15398
120.5	0.153689
120.6	0.153396
120.7	0.153109
120.8	0.152827
120.9	0.152548
121	0.152272
121.1	0.152001
121.2	0.151729
121.3	0.151453
121.4	0.151179
121.5	0.150902
121.6	0.150624
121.7	0.15034
121.8	0.150054
121.9	0.149768
122	0.149481
122.1	0.149201
122.2	0.148921
122.3	0.148636
122.4	0.148344
122.5	0.148042
122.6	0.147738
122.7	0.147437
122.8	0.147137
122.9	0.146836
123	0.146536
123.1	0.146233
123.2	0.145927
123.3	0.145619
123.4	0.14531
123.5	0.144997
123.6	0.144682
123.7	0.144373
123.8	0.144069
123.9	0.143762
124	0.143453
124.1	0.143139
124.2	0.142824
124.3	0.142513
124.4	0.1422
124.5	0.141887
124.6	0.141571
124.7	0.14125
124.8	0.140926
124.9	0.140608
125	0.140289
125.1	0.13997
125.2	0.139653
125.3	0.139333
125.4	0.139013
125.5	0.138698
125.6	0.138386
125.7	0.13807
125.8	0.137751
125.9	0.137434
126	0.137116
126.1	0.136806
126.2	0.136499
126.3	0.136194
126.4	0.135888
126.5	0.135578
126.6	0.135272
126.7	0.134966
126.8	0.134657
126.9	0.134343
127	0.134029
127.1	0.13372
127.2	0.133413
127.3	0.133109
127.4	0.132807
127.5	0.132508
127.6	0.132209
127.7	0.13191
127.8	0.131613
127.9	0.131313
128	0.131013
128.1	0.130719
128.2	0.130428
128.3	0.130142
128.4	0.129857
128.5	0.129572
128.6	0.129285
128.7	0.128998
128.8	0.128709
128.9	0.128422
129	0.128137
129.1	0.127858
129.2	0.127585
129.3	0.127316
129.4	0.127052
129.5	0.126787
129.6	0.126519
129.7	0.126249
129.8	0.125983
129.9	0.12572
130	0.125455
130.1	0.125187
130.2	0.124916
130.3	0.124636
130.4	0.124352
130.5	0.124069
130.6	0.123789
130.7	0.123508
130.8	0.123223
130.9	0.12294
131	0.122656
131.1	0.122379
131.2	0.122108
131.3	0.121841
131.4	0.121572
131.5	0.121301
131.6	0.121027
131.7	0.120751
131.8	0.120477
131.9	0.120206
132	0.119935
132.1	0.119666
132.2	0.119397
132.3	0.119127
132.4	0.118851
132.5	0.11857
132.6	0.118284
132.7	0.117996
132.8	0.117709
132.9	0.117421
133	0.117131
133.1	0.116837
133.2	0.116541
133.3	0.116242
133.4	0.115938
133.5	0.115634
133.6	0.115329
133.7	0.115017
133.8	0.1147
133.9	0.114388
134	0.114079
134.1	0.11377
134.2	0.113463
134.3	0.113165
134.4	0.112875
134.5	0.112587
134.6	0.112299
134.7	0.112013
134.8	0.11173
134.9	0.111451
135	0.111176
135.1	0.110903
135.2	0.110629
135.3	0.110352
135.4	0.110078
135.5	0.109806
135.6	0.109542
135.7	0.109278
135.8	0.109009
135.9	0.108741
136	0.108475
136.1	0.108212
136.2	0.107949
136.3	0.107684
136.4	0.107421
136.5	0.107155
136.6	0.106891
136.7	0.106633
136.8	0.10638
136.9	0.106134
137	0.105891
137.1	0.105649
137.2	0.10541
137.3	0.105172
137.4	0.10493
137.5	0.104684
137.6	0.104437
137.7	0.104189
137.8	0.10394
137.9	0.103694
138	0.103446
138.1	0.103192
138.2	0.102937
138.3	0.102688
138.4	0.102443
138.5	0.102199
138.6	0.101952
138.7	0.101699
138.8	0.101446
138.9	0.101197
139	0.100949
139.1	0.100698
139.2	0.100439
139.3	0.100177
139.4	0.0999143
139.5	0.0996579
139.6	0.0994043
139.7	0.099152
139.8	0.0989008
139.9	0.0986548
140	0.0984141
140.1	0.0981788
140.2	0.0979463
140.3	0.0977139
140.4	0.0974822
140.5	0.0972489
140.6	0.0970186
140.7	0.0967897
140.8	0.0965635
140.9	0.0963375
141	0.0961123
141.1	0.0958872
141.2	0.0956616
141.3	0.0954407
141.4	0.0952231
141.5	0.0950122
141.6	0.0948023
141.7	0.0945905
141.8	0.0943769
141.9	0.0941587
142	0.0939403
142.1	0.0937232
142.2	0.0935083
142.3	0.0932943
142.4	0.0930835
142.5	0.0928745
142.6	0.0926639
142.7	0.0924542
142.8	0.0922469
142.9	0.0920363
143	0.0918208
143.1	0.091604
143.2	0.0913884
143.3	0.091172
143.4	0.090961
143.5	0.0907506
143.6	0.0905397
143.7	0.0903291
143.8	0.0901192
143.9	0.0899088
144	0.0896984
144.1	0.0894884
144.2	0.089279
144.3	0.0890725
144.4	0.0888658
144.5	0.0886542
144.6	0.0884419
144.7	0.0882303
144.8	0.0880174
144.9	0.0878063
145	0.087598
145.1	0.0873883
145.2	0.087181
145.3	0.086975
145.4	0.0867718
145.5	0.0865707
145.6	0.0863659
145.7	0.0861677
145.8	0.0859722
145.9	0.0857762
146	0.0855839
146.1	0.0853963
146.2	0.0852147
146.3	0.0850367
146.4	0.0848608
146.5	0.0846872
146.6	0.0845138
146.7	0.0843387
146.8	0.0841636
146.9	0.0839889
147	0.0838119
147.1	0.083635
147.2	0.0834582
147.3	0.0832817
147.4	0.0831043
147.5	0.0829247
147.6	0.0827408
147.7	0.0825513
147.8	0.0823594
147.9	0.0821638
148	0.0819684
148.1	0.081774
148.2	0.081581
148.3	0.0813861
148.4	0.08119
148.5	0.0809961
148.6	0.0808037
148.7	0.0806128
148.8	0.0804215
148.9	0.0802289
149	0.0800356
149.1	0.0798426
149.2	0.079653
149.3	0.0794669
149.4	0.0792851
149.5	0.0791078
149.6	0.0789316
149.7	0.0787559
149.8	0.0785781
149.9	0.0784005
150	0.0782232
150.1	0.0780436
150.2	0.0778634
150.3	0.0776861
150.4	0.0775063
150.5	0.0773253
150.6	0.0771481
150.7	0.0769736
150.8	0.0768003
150.9	0.0766283
151	0.0764566
151.1	0.076287
151.2	0.0761197
151.3	0.0759484
151.4	0.0757784
151.5	0.075612
151.6	0.0754471
151.7	0.0752858
151.8	0.0751285
151.9	0.0749755
152	0.0748263
152.1	0.0746779
152.2	0.074529
152.3	0.0743774
152.4	0.0742278
152.5	0.0740833
152.6	0.0739346
152.7	0.0737871
152.8	0.0736379
152.9	0.0734885
153	0.0733408
153.1	0.0731991
153.2	0.0730614
153.3	0.0729256
153.4	0.0727886
153.5	0.0726469
153.6	0.0724983
153.7	0.0723492
153.8	0.0721978
153.9	0.0720406
154	0.0718814
154.1	0.0717163
154.2	0.0715483
154.3	0.0713798
154.4	0.0712066
154.5	0.0710346
154.6	0.070868
154.7	0.0707039
154.8	0.0705401
154.9	0.0703741
155	0.0702072
155.1	0.0700361
155.2	0.0698627
155.3	0.0696832
155.4	0.0694984
155.5	0.0693173
155.6	0.0691427
155.7	0.0689636
155.8	0.0687821
155.9	0.0685988
156	0.0684125
156.1	0.0682275
156.2	0.0680422
156.3	0.0678581
156.4	0.0676756
156.5	0.0674969
156.6	0.0673191
156.7	0.0671447
156.8	0.0669751
156.9	0.0668029
157	0.0666232
157.1	0.0664425
157.2	0.0662628
157.3	0.0660821
157.4	0.0659001
157.5	0.0657176
157.6	0.0655401
157.7	0.0653627
157.8	0.0651849
157.9	0.0650094
158	0.0648312
158.1	0.0646498
158.2	0.0644675
158.3	0.0642862
158.4	0.0641059
158.5	0.063924
158.6	0.0637437
158.7	0.0635662
158.8	0.0633933
158.9	0.0632202
159	0.0630524
159.1	0.0628804
159.2	0.0627053
159.3	0.0625305
159.4	0.0623532
159.5	0.0621724
159.6	0.0619886
159.7	0.0618053
159.8	0.0616234
159.9	0.0614381
160	0.061254
160.1	0.0610713
160.2	0.0608902
160.3	0.0607129
160.4	0.0605406
160.5	0.0603668
160.6	0.0601865
160.7	0.0600016
160.8	0.059816
160.9	0.0596297
161	0.0594431
161.1	0.0592559
161.2	0.059068
161.3	0.0588818
161.4	0.058697
161.5	0.0585123
161.6	0.0583337
161.7	0.058158
161.8	0.0579861
161.9	0.057817
162	0.0576477
162.1	0.0574769
162.2	0.0573066
162.3	0.057134
162.4	0.0569618
162.5	0.0567911
162.6	0.0566223
162.7	0.0564516
162.8	0.0562813
162.9	0.0561178
163	0.0559619
163.1	0.0558094
163.2	0.0556595
163.3	0.0555171
163.4	0.0553771
163.5	0.0552356
163.6	0.0550946
163.7	0.0549498
163.8	0.0548008
163.9	0.0546501
164	0.0545006
164.1	0.0543512
164.2	0.0541994
164.3	0.0540493
164.4	0.053896
164.5	0.0537428
164.6	0.0535938
164.7	0.0534505
164.8	0.0533063
164.9	0.0531631
165	0.0530214
165.1	0.0528837
165.2	0.0527478
165.3	0.0526153
165.4	0.0524821
165.5	0.0523484
165.6	0.0522093
165.7	0.0520698
165.8	0.0519338
165.9	0.0517971
166	0.0516606
166.1	0.0515203
166.2	0.051381
166.3	0.0512401
166.4	0.0511003
166.5	0.0509634
166.6	0.0508271
166.7	0.0506928
166.8	0.0505609
166.9	0.0504307
167	0.0503009
167.1	0.0501721
167.2	0.050043
167.3	0.0499101
167.4	0.0497769
167.5	0.0496452
167.6	0.0495125
167.7	0.0493778
167.8	0.0492431
167.9	0.0491117
168	0.0489822
168.1	0.0488537
168.2	0.0487246
168.3	0.0485966
168.4	0.048468
168.5	0.0483375
168.6	0.0482046
168.7	0.0480743
168.8	0.0479471
168.9	0.0478205
169	0.0476976
169.1	0.0475772
169.2	0.0474551
169.3	0.04733
169.4	0.0472066
169.5	0.0470859
169.6	0.0469696
169.7	0.0468497
169.8	0.0467329
169.9	0.0466216
170	0.0465179
170.1	0.0464218
170.2	0.0463279
170.3	0.0462358
170.4	0.0461444
170.5	0.0460525
170.6	0.0459569
170.7	0.0458616
170.8	0.0457682
170.9	0.0456783
171	0.0455935
171.1	0.0455151
171.2	0.0454378
171.3	0.0453628
171.4	0.0452934
171.5	0.0452271
171.6	0.0451626
171.7	0.0450985
171.8	0.0450311
171.9	0.0449589
172	0.0448851
172.1	0.0448093
172.2	0.0447387
172.3	0.0446716
172.4	0.0446072
172.5	0.0445474
172.6	0.0444908
172.7	0.0444373
172.8	0.0443817
172.9	0.0443215
173	0.0442588
173.1	0.0442004
173.2	0.0441488
173.3	0.0441012
173.4	0.0440587
173.5	0.0440153
173.6	0.0439645
173.7	0.0439176
173.8	0.0438727
173.9	0.0438295
174	0.0437835
174.1	0.043732
174.2	0.0436737
174.3	0.0436095
174.4	0.0435438
174.5	0.0434745
174.6	0.0434053
174.7	0.0433304
174.8	0.0432524
174.9	0.043175
175	0.0430947
175.1	0.0430175
175.2	0.042941
175.3	0.0428592
175.4	0.0427731
175.5	0.0426852
175.6	0.0425963
175.7	0.0425074
175.8	0.0424171
175.9	0.0423274
176	0.0422352
176.1	0.0421428
176.2	0.0420506
176.3	0.0419575
176.4	0.0418675
176.5	0.0417788
176.6	0.041692
176.7	0.0416043
176.8	0.0415103
176.9	0.041414
177	0.0413187
177.1	0.0412218
177.2	0.0411242
177.3	0.0410236
177.4	0.0409241
177.5	0.0408287
177.6	0.0407304
177.7	0.0406346
177.8	0.0405404
177.9	0.040446
178	0.0403503
178.1	0.0402498
178.2	0.0401512
178.3	0.0400606
178.4	0.0399734
178.5	0.0398874
178.6	0.0398004
178.7	0.0397069
178.8	0.0396023
178.9	0.0394936
179	0.0393831
179.1	0.039269
179.2	0.0391518
179.3	0.0390319
179.4	0.0389168
179.5	0.0388083
179.6	0.0387025
179.7	0.0386013
179.8	0.038506
179.9	0.0384097
180	0.0383099
180.1	0.0382091
180.2	0.0381117
180.3	0.0380144
180.4	0.0379181
180.5	0.0378161
180.6	0.0377084
180.7	0.0375968
180.8	0.0374834
180.9	0.0373719
181	0.0372675
181.1	0.0371661
181.2	0.0370709
181.3	0.0369821
181.4	0.0368923
181.5	0.036804
181.6	0.0367257
181.7	0.0366568
181.8	0.0365908
181.9	0.0365214
182	0.0364456
182.1	0.0363651
182.2	0.0362826
182.3	0.0362012
182.4	0.0361208
182.5	0.0360394
182.6	0.0359626
182.7	0.0358886
182.8	0.0358117
182.9	0.0357338
183	0.035654
183.1	0.0355703
183.2	0.0354808
183.3	0.0353892
183.4	0.0352992
183.5	0.0352091
183.6	0.0351182
183.7	0.0350226
183.8	0.0349214
183.9	0.0348186
184	0.0347201
184.1	0.0346273
184.2	0.0345411
184.3	0.0344572
184.4	0.0343741
184.5	0.0342828
184.6	0.0341861
184.7	0.0340896
184.8	0.0339911
184.9	0.0338894
185	0.0337957
185.1	0.0337048
185.2	0.0336108
185.3	0.0335114
185.4	0.0334119
185.5	0.0333161
185.6	0.0332201
185.7	0.0331211
185.8	0.033014
185.9	0.032906
186	0.0327997
186.1	0.0326896
186.2	0.0325805
186.3	0.0324703
186.4	0.0323608
186.5	0.0322554
186.6	0.0321499
186.7	0.0320482
186.8	0.0319531
186.9	0.0318658
187	0.0317789
187.1	0.0316966
187.2	0.0316129
187.3	0.0315272
187.4	0.0314372
187.5	0.0313434
187.6	0.031249
187.7	0.0311504
187.8	0.0310487
187.9	0.0309432
188	0.0308337
188.1	0.0307239
188.2	0.0306148
188.3	0.0305084
188.4	0.0304004
188.5	0.0302946
188.6	0.0301973
188.7	0.030106
188.8	0.0300182
188.9	0.0299334
189	0.0298483
189.1	0.0297616
189.2	0.0296795
189.3	0.0296009
189.4	0.0295248
189.5	0.0294501
189.6	0.0293815
189.7	0.0293124
189.8	0.0292414
189.9	0.0291704
190	0.0291001
190.1	0.0290322
190.2	0.0289678
190.3	0.0289044
190.4	0.028841
190.5	0.0287768
190.6	0.0287146
190.7	0.0286498
190.8	0.0285839
190.9	0.0285167
191	0.028447
191.1	0.0283741
191.2	0.0282981
191.3	0.0282209
191.4	0.0281511
191.5	0.0280879
191.6	0.0280271
191.7	0.0279664
191.8	0.0279009
191.9	0.027829
192	0.0277545
192.1	0.0276802
192.2	0.0276039
192.3	0.0275233
192.4	0.0274419
192.5	0.0273607
192.6	0.0272815
192.7	0.0272064
192.8	0.0271351
192.9	0.0270651
193	0.0269974
193.1	0.0269311
193.2	0.0268632
193.3	0.0267977
193.4	0.0267334
193.5	0.0266623
193.6	0.0265888
193.7	0.0265129
193.8	0.0264393
193.9	0.0263698
194	0.0263057
194.1	0.0262479
194.2	0.0261878
194.3	0.0261313
194.4	0.0260825
194.5	0.0260392
194.6	0.0259955
194.7	0.0259541
194.8	0.0259146
194.9	0.0258738
195	0.0258351
195.1	0.0257956
195.2	0.0257585
195.3	0.0257209
195.4	0.0256821
195.5	0.0256434
195.6	0.0256035
195.7	0.0255642
195.8	0.0255266
195.9	0.0254907
196	0.0254556
196.1	0.0254166
196.2	0.0253742
196.3	0.0253336
196.4	0.0252928
196.5	0.0252526
196.6	0.0252102
196.7	0.0251647
196.8	0.0251143
196.9	0.025065
197	0.0250173
197.1	0.0249668
197.2	0.0249159
197.3	0.0248652
197.4	0.0248159
197.5	0.024773
197.6	0.024739
197.7	0.0247126
197.8	0.024689
197.9	0.0246673
198	0.024645
198.1	0.0246302
198.2	0.0246206
198.3	0.0246139
198.4	0.024603
198.5	0.0245894
198.6	0.0245726
198.7	0.0245518
198.8	0.0245255
198.9	0.0244947
199	0.0244606
199.1	0.0244249
199.2	0.0243878
199.3	0.0243522
199.4	0.0243226
199.5	0.0242975
199.6	0.0242761
199.7	0.0242557
199.8	0.0242391
199.9	0.0242263
200	0.024216
200.1	0.0242094
200.2	0.0242051
200.3	0.0242018
200.4	0.0242006
200.5	0.0241986
200.6	0.0241986
200.7	0.0242031
200.8	0.0242082
200.9	0.0242162
201	0.0242252
201.1	0.0242351
201.2	0.0242481
201.3	0.0242642
201.4	0.0242818
201.5	0.0242921
201.6	0.0242942
201.7	0.0242884
201.8	0.0242762
201.9	0.0242575
202	0.0242363
202.1	0.0242171
202.2	0.0241942
202.3	0.0241692
202.4	0.0241447
202.5	0.0241264
202.6	0.0241147
202.7	0.0241034
202.8	0.0240957
202.9	0.0240867
203	0.0240801
203.1	0.0240759
203.2	0.0240687
203.3	0.0240607
203.4	0.0240512
203.5	0.0240411
203.6	0.0240332
203.7	0.0240264
203.8	0.0240166
203.9	0.0240073
204	0.0240002
204.1	0.0239927
204.2	0.023984
204.3	0.0239701
204.4	0.0239515
204.5	0.0239285
204.6	0.0239055
204.7	0.0238835
204.8	0.0238612
204.9	0.0238342
205	0.0238042
205.1	0.0237681
205.2	0.023726
205.3	0.0236803
205.4	0.0236299
205.5	0.0235822
205.6	0.0235361
205.7	0.0234878
205.8	0.0234409
205.9	0.023395
206	0.0233487
206.1	0.0233021
206.2	0.023254
206.3	0.0232121
206.4	0.0231715
206.5	0.0231333
206.6	0.0230976
206.7	0.0230678
206.8	0.0230397
206.9	0.0230096
207	0.0229795
207.1	0.0229464
207.2	0.022914
207.3	0.0228807
207.4	0.0228487
207.5	0.022816
207.6	0.0227814
207.7	0.0227471
207.8	0.0227128
207.9	0.0226736
208	0.0226292
208.1	0.022581
208.2	0.0225339
208.3	0.0224878
208.4	0.0224426
208.5	0.0223992
208.6	0.0223558
208.7	0.0223086
208.8	0.0222552
208.9	0.0222033
209	0.0221529
209.1	0.0221057
209.2	0.0220545
209.3	0.0219961
209.4	0.0219342
209.5	0.0218722
209.6	0.0218138
209.7	0.0217577
209.8	0.0217031
209.9	0.0216495
210	0.0215994
210.1	0.0215492
210.2	0.0214989
210.3	0.0214458
210.4	0.0213939
210.5	0.0213434
210.6	0.0212966
210.7	0.0212549
210.8	0.0212173
210.9	0.0211835
211	0.0211513
211.1	0.0211151
211.2	0.0210764
211.3	0.0210405
211.4	0.0210087
211.5	0.0209747
211.6	0.0209392
211.7	0.0209052
211.8	0.0208681
211.9	0.0208286
212	0.0207866
212.1	0.0207447
212.2	0.0207042
212.3	0.0206634
212.4	0.0206232
212.5	0.0205864
212.6	0.0205513
212.7	0.0205188
212.8	0.020488
212.9	0.0204565
213	0.0204245
213.1	0.0203937
213.2	0.020365
213.3	0.0203398
213.4	0.020316
213.5	0.0202928
213.6	0.0202711
213.7	0.0202491
213.8	0.0202266
213.9	0.0202048
214	0.0201852
214.1	0.0201604
214.2	0.0201325
214.3	0.0201029
214.4	0.020071
214.5	0.0200352
214.6	0.0199957
214.7	0.0199507
214.8	0.0199015
214.9	0.019846
215	0.0197889
215.1	0.0197275
215.2	0.0196669
215.3	0.0196118
215.4	0.0195619
215.5	0.0195203
215.6	0.0194825
215.7	0.0194398
215.8	0.0193961
215.9	0.019349
216	0.0193012
216.1	0.0192503
216.2	0.0192007
216.3	0.0191499
216.4	0.0190894
216.5	0.0190312
216.6	0.018975
216.7	0.0189155
216.8	0.0188511
216.9	0.0187847
217	0.0187172
217.1	0.0186495
217.2	0.0185846
217.3	0.0185225
217.4	0.0184665
217.5	0.0184157
217.6	0.0183685
217.7	0.0183238
217.8	0.0182836
217.9	0.018247
218	0.0182099
218.1	0.0181704
218.2	0.0181292
218.3	0.0180917
218.4	0.0180551
218.5	0.0180188
218.6	0.0179804
218.7	0.0179361
218.8	0.017884
218.9	0.0178287
219	0.0177713
219.1	0.0177144
219.2	0.0176548
219.3	0.0176006
219.4	0.0175476
219.5	0.0174952
219.6	0.0174442
219.7	0.0173941
219.8	0.0173446
219.9	0.0172913
220	0.0172396
220.1	0.0171928
220.2	0.0171506
220.3	0.0171047
220.4	0.0170586
220.5	0.0170095
220.6	0.0169601
220.7	0.0169103
220.8	0.016868
220.9	0.0168351
221	0.0168013
221.1	0.0167641
221.2	0.016726
221.3	0.0166899
221.4	0.0166573
221.5	0.0166232
221.6	0.0165869
221.7	0.0165491
221.8	0.0165125
221.9	0.0164781
222	0.0164423
222.1	0.0164036
222.2	0.0163665
222.3	0.0163315
222.4	0.0162955
222.5	0.0162559
222.6	0.0162211
222.7	0.0161882
222.8	0.0161561
222.9	0.0161264
223	0.0160957
223.1	0.0160651
223.2	0.0160313
223.3	0.015991
223.4	0.0159496
223.5	0.0159097
223.6	0.0158685
223.7	0.0158257
223.8	0.0157839
223.9	0.0157481
224	0.0157191
224.1	0.0156974
224.2	0.0156743
224.3	0.0156526
224.4	0.0156329
224.5	0.0156112
224.6	0.0155921
224.7	0.0155738
224.8	0.0155555
224.9	0.0155387
225	0.0155234
225.1	0.0155061
225.2	0.0154885
225.3	0.0154718
225.4	0.0154556
225.5	0.0154376
225.6	0.0154253
225.7	0.0154144
225.8	0.0154043
225.9	0.0153921
226	0.0153796
226.1	0.0153657
226.2	0.0153543
226.3	0.0153453
226.4	0.0153341
226.5	0.015317
226.6	0.0152985
226.7	0.0152786
226.8	0.0152556
226.9	0.0152317
227	0.0152085
227.1	0.0151848
227.2	0.0151629
227.3	0.0151437
227.4	0.0151284
227.5	0.0151216
227.6	0.0151188
227.7	0.0151165
227.8	0.0151157
227.9	0.0151158
228	0.0151239
228.1	0.0151311
228.2	0.015136
228.3	0.0151419
228.4	0.0151511
228.5	0.015159
228.6	0.0151702
228.7	0.0151814
228.8	0.0151949
228.9	0.0152054
229	0.0152132
229.1	0.0152202
229.2	0.0152282
229.3	0.0152348
229.4	0.0152376
229.5	0.0152356
229.6	0.0152296
229.7	0.0152191
229.8	0.0152115
229.9	0.0152086
230	0.0152122
230.1	0.0152173
230.2	0.0152213
230.3	0.0152234
230.4	0.0152288
230.5	0.0152375
230.6	0.0152427
230.7	0.0152461
230.8	0.0152478
230.9	0.0152468
231	0.015247
231.1	0.0152454
231.2	0.0152388
231.3	0.0152251
231.4	0.0152107
231.5	0.0151997
231.6	0.0151898
231.7	0.0151777
231.8	0.0151631
231.9	0.0151504
232	0.0151365
232.1	0.0151247
232.2	0.0151181
232.3	0.0151125
232.4	0.0151038
232.5	0.0150969
232.6	0.0150872
232.7	0.0150768
232.8	0.0150702
232.9	0.0150675
233	0.0150654
233.1	0.015064
233.2	0.0150659
233.3	0.0150695
233.4	0.0150677
233.5	0.0150602
233.6	0.0150472
233.7	0.015037
233.8	0.0150296
233.9	0.015026
234	0.0150189
234.1	0.0150085
234.2	0.0150008
234.3	0.0149931
234.4	0.0149855
234.5	0.0149817
234.6	0.0149804
234.7	0.0149831
234.8	0.0149857
234.9	0.0149886
235	0.0149905
235.1	0.0149907
235.2	0.0149919
235.3	0.0149911
235.4	0.0149864
235.5	0.0149767
235.6	0.0149644
235.7	0.0149547
235.8	0.0149413
235.9	0.0149294
236	0.0149165
236.1	0.0149051
236.2	0.0148936
236.3	0.0148839
236.4	0.0148723
236.5	0.0148632
236.6	0.0148598
236.7	0.0148568
236.8	0.0148552
236.9	0.0148519
237	0.0148472
237.1	0.014849
237.2	0.0148545
237.3	0.0148636
237.4	0.0148697
237.5	0.0148721
237.6	0.0148707
237.7	0.0148729
237.8	0.0148812
237.9	0.0148883
238	0.0148921
238.1	0.0148928
238.2	0.0148888
238.3	0.0148819
238.4	0.0148721
238.5	0.0148579
238.6	0.014843
238.7	0.0148274
238.8	0.0148074
238.9	0.0147919
239	0.0147774
239.1	0.0147641
239.2	0.0147526
239.3	0.0147412
239.4	0.0147276
239.5	0.0147138
239.6	0.0147026
239.7	0.0146937
239.8	0.0146818
239.9	0.0146676
240	0.0146529
240.1	0.0146366
240.2	0.0146153
240.3	0.0145899
240.4	0.0145649
240.5	0.0145426
240.6	0.0145258
240.7	0.0145102
240.8	0.0144894
240.9	0.0144664
241	0.014439
241.1	0.0144159
241.2	0.0143985
241.3	0.0143785
241.4	0.0143567
241.5	0.0143318
241.6	0.0143075
241.7	0.0142799
241.8	0.0142496
241.9	0.0142186
242	0.0141853
242.1	0.0141517
242.2	0.0141166
242.3	0.0140848
242.4	0.0140514
242.5	0.014013
242.6	0.0139709
242.7	0.0139289
242.8	0.0138919
242.9	0.0138584
243	0.0138262
243.1	0.0137939
243.2	0.0137615
243.3	0.0137332
243.4	0.0137026
243.5	0.0136762
243.6	0.0136536
243.7	0.0136328
243.8	0.0136137
243.9	0.0135927
244	0.0135667
244.1	0.0135308
244.2	0.0134902
244.3	0.0134477
244.4	0.0134066
244.5	0.0133636
244.6	0.013318
244.7	0.0132691
244.8	0.0132193
244.9	0.0131701
245	0.0131179
245.1	0.0130681
245.2	0.0130158
245.3	0.012965
245.4	0.0129218
245.5	0.0128841
245.6	0.0128463
245.7	0.0128073
245.8	0.0127707
245.9	0.0127401
246	0.0127133
246.1	0.0126819
246.2	0.0126473
246.3	0.0126102
246.4	0.0125758
246.5	0.0125487
246.6	0.0125213
246.7	0.0124928
246.8	0.0124593
246.9	0.0124254
247	0.0123923
247.1	0.0123571
247.2	0.012325
247.3	0.0122905
247.4	0.0122555
247.5	0.0122198
247.6	0.01218
247.7	0.0121347
247.8	0.0120893
247.9	0.0120429
248	0.0119968
248.1	0.011952
248.2	0.0119096
248.3	0.0118674
248.4	0.0118233
248.5	0.0117835
248.6	0.0117395
248.7	0.0116923
248.8	0.0116431
248.9	0.0115918
249	0.0115385
249.1	0.0114895
249.2	0.0114423
249.3	0.011402
249.4	0.0113678
249.5	0.0113332
249.6	0.0112968
249.7	0.0112685
249.8	0.0112459
249.9	0.0112251
250	0.011205
250.1	0.0111813
250.2	0.0111567
250.3	0.0111343
250.4	0.0111178
250.5	0.0111029
250.6	0.0110913
250.7	0.0110786
250.8	0.0110685
250.9	0.0110561
251	0.0110352
251.1	0.0110091
251.2	0.0109822
251.3	0.0109514
251.4	0.0109215
251.5	0.0108945
251.6	0.0108696
251.7	0.0108465
251.8	0.0108225
251.9	0.010795
252	0.0107713
252.1	0.010754
252.2	0.0107374
252.3	0.0107203
252.4	0.0107036
252.5	0.0106887
252.6	0.0106719
252.7	0.0106468
252.8	0.0106164
252.9	0.0105845
253	0.0105503
253.1	0.010517
253.2	0.0104829
253.3	0.0104497
253.4	0.0104114
253.5	0.0103718
253.6	0.0103287
253.7	0.0102842
253.8	0.0102375
253.9	0.0101938
254	0.0101546
254.1	0.0101166
254.2	0.0100793
254.3	0.0100392
254.4	0.00999909
254.5	0.00995575
254.6	0.00990941
254.7	0.00986372
254.8	0.00981855
254.9	0.00977595
255	0.00973034
255.1	0.00968753
255.2	0.00964721
255.3	0.00961141
255.4	0.00958108
255.5	0.00955217
255.6	0.0095225
255.7	0.00949192
255.8	0.00946841
255.9	0.00944803
256	0.00942609
256.1	0.00940123
256.2	0.00937587
256.3	0.00935143
256.4	0.00932443
256.5	0.00929831
256.6	0.00927584
256.7	0.00925761
256.8	0.00923965
256.9	0.00922312
257	0.00921105
257.1	0.00919827
257.2	0.0091902
257.3	0.00918709
257.4	0.00918402
257.5	0.00918345
257.6	0.00918703
257.7	0.00919041
257.8	0.00919866
257.9	0.00921067
258	0.0092219
258.1	0.00923678
258.2	0.00925044
258.3	0.00926501
258.4	0.00928165
258.5	0.00929802
258.6	0.00931625
258.7	0.00933829
258.8	0.00936473
258.9	0.00938879
259	0.00941301
259.1	0.00943704
259.2	0.00945922
259.3	0.00947967
259.4	0.00949833
259.5	0.00951393
259.6	0.00952879
259.7	0.00954152
259.8	0.00955585
259.9	0.00956496
260	0.00956835
260.1	0.00956452
260.2	0.00955524
260.3	0.00954283
260.4	0.00952565
260.5	0.00950454
260.6	0.00948454
260.7	0.00946701
260.8	0.00945562
260.9	0.00944781
261	0.00944214
261.1	0.00943609
261.2	0.00942962
261.3	0.00942109
261.4	0.0094086
261.5	0.00939446
261.6	0.00938054
261.7	0.00936703
261.8	0.00935565
261.9	0.00934314
262	0.00932925
262.1	0.00931466
262.2	0.00929883
262.3	0.00928365
262.4	0.0092741
262.5	0.00926645
262.6	0.00925992
262.7	0.00925012
262.8	0.00923342
262.9	0.00921092
263	0.00918235
263.1	0.00915305
263.2	0.00912137
263.3	0.00908868
263.4	0.00905975
263.5	0.00902884
263.6	0.00899645
263.7	0.00896051
263.8	0.00892622
263.9	0.00889394
264	0.00886575
264.1	0.00884129
264.2	0.00881412
264.3	0.00878439
264.4	0.0087548
264.5	0.00872503
264.6	0.00869745
264.7	0.0086704
264.8	0.00864113
264.9	0.0086097
265	0.00857722
265.1	0.00854534
265.2	0.00851702
265.3	0.00848729
265.4	0.00845807
265.5	0.00843156
265.6	0.00840437
265.7	0.00837741
265.8	0.00834856
265.9	0.00831901
266	0.00829188
266.1	0.00826703
266.2	0.0082446
266.3	0.00822555
266.4	0.00820362
266.5	0.00817959
266.6	0.00815858
266.7	0.00814059
266.8	0.00812891
266.9	0.00811759
267	0.00810823
267.1	0.00810429
267.2	0.0081046
267.3	0.00810678
267.4	0.00810798
267.5	0.00810483
267.6	0.00809919
267.7	0.00809546
267.8	0.0080882
267.9	0.00807755
268	0.00806325
268.1	0.00804297
268.2	0.00802427
268.3	0.00800467
268.4	0.00798999
268.5	0.00797662
268.6	0.00796158
268.7	0.0079435
268.8	0.00792192
268.9	0.00790589
269	0.00788988
269.1	0.00787336
269.2	0.0078539
269.3	0.00783668
269.4	0.00781951
269.5	0.00780083
269.6	0.00778274
269.7	0.00776471
269.8	0.00774261
269.9	0.00772087
270	0.00770355
270.1	0.00769109
270.2	0.00768001
270.3	0.00767203
270.4	0.00766699
270.5	0.00766097
270.6	0.00765715
270.7	0.00764844
270.8	0.00763982
270.9	0.00763027
271	0.00761561
271.1	0.00759841
271.2	0.00758081
271.3	0.00756107
271.4	0.00754042
271.5	0.00751829
271.6	0.00749262
271.7	0.00746362
271.8	0.00743404
271.9	0.00739903
272	0.00736252
272.1	0.00732555
272.2	0.00729135
272.3	0.00725881
272.4	0.00722443
272.5	0.00718872
272.6	0.00715496
272.7	0.00712411
272.8	0.0070976
272.9	0.00706967
273	0.00704333
273.1	0.00701763
273.2	0.0069952
273.3	0.00697281
273.4	0.00695053
273.5	0.00692573
273.6	0.00689781
273.7	0.00687113
273.8	0.00684296
273.9	0.00681533
274	0.00678954
274.1	0.00676609
274.2	0.00674291
274.3	0.00672199
274.4	0.00670294
274.5	0.00668325
274.6	0.00666011
274.7	0.00663771
274.8	0.00661239
274.9	0.00657967
275	0.00654457
275.1	0.00650895
275.2	0.00647595
275.3	0.00644252
275.4	0.006404
275.5	0.00636301
275.6	0.00632376
275.7	0.0062892
275.8	0.00625362
275.9	0.00621473
276	0.0061774
276.1	0.00614061
276.2	0.00609869
276.3	0.00604829
276.4	0.00599075
276.5	0.0059254
276.6	0.00585991
276.7	0.00579746
276.8	0.00572895
276.9	0.00565449
277	0.00557823
277.1	0.00550181
277.2	0.00543111
277.3	0.00536611
277.4	0.00530489
277.5	0.00524376
277.6	0.00518406
277.7	0.00512654
277.8	0.00506842
277.9	0.00500724
278	0.00494418
278.1	0.00487781
278.2	0.00481264
278.3	0.0047492
278.4	0.00468707
278.5	0.00462805
278.6	0.00457169
278.7	0.00451316
278.8	0.0044563
278.9	0.00439847
279	0.00433562
279.1	0.00427388
279.2	0.00421402
279.3	0.00415532
279.4	0.00409809
279.5	0.00404598
279.6	0.00399556
279.7	0.00395294
279.8	0.00391235
279.9	0.0038748
280	0.00383543
280.1	0.00379471
280.2	0.00375357
280.3	0.00371181
280.4	0.00366805
280.5	0.00362237
280.6	0.00357993
280.7	0.00354227
280.8	0.00350962
280.9	0.00348158
281	0.00345712
281.1	0.00343422
281.2	0.0034129
281.3	0.003393
281.4	0.00337179
281.5	0.00334688
281.6	0.00331911
281.7	0.0032919
281.8	0.00326575
281.9	0.00324019
282	0.00321473
282.1	0.00318812
282.2	0.00315451
282.3	0.00311981
282.4	0.00308228
282.5	0.00304687
282.6	0.00300511
282.7	0.00296412
282.8	0.00291617
282.9	0.00286988
283	0.00282044
283.1	0.00276867
283.2	0.00271272
283.3	0.00265931
283.4	0.00260496
283.5	0.00255152
283.6	0.00249025
283.7	0.00241973
283.8	0.0023415
283.9	0.00225826
284	0.00216788
284.1	0.0020772
284.2	0.00199174
284.3	0.00191384
284.4	0.00183521
284.5	0.0017518
284.6	0.00167034
284.7	0.00158851
284.8	0.00150812
284.9	0.00143062
285	0.00135
285.1	0.00126515
285.2	0.00117462
285.3	0.00107748
285.4	0.000980079
285.5	0.000887441
285.6	0.000800153
285.7	0.000714412
285.8	0.000628393
285.9	0.000542681
286	0.000455071
286.1	0.000375143
286.2	0.000300148
286.3	0.000229321
286.4	0.000158578
286.5	8.91166e-05
286.6	1.97935e-05
286.7	-5.05024e-05
286.8	-0.000126717
286.9	-0.000206416
287	-0.000288142
287.1	-0.000364678
287.2	-0.000438305
287.3	-0.000504884
287.4	-0.00057
287.5	-0.000638275
287.6	-0.000709654
287.7	-0.000776
287.8	-0.000838632
287.9	-0.000899378
288	-0.000957698
288.1	-0.00101498
288.2	-0.00106853
288.3	-0.00111704
288.4	-0.00115937
288.5	-0.00119719
288.6	-0.00123185
288.7	-0.00126074
288.8	-0.00128498
288.9	-0.00130363
289	-0.00132036
289.1	-0.00133512
289.2	-0.00135442
289.3	-0.0013772
289.4	-0.00140277
289.5	-0.00143125
289.6	-0.00146175
289.7	-0.00149045
289.8	-0.00151814
289.9	-0.00154755
290	-0.0015774
290.1	-0.00160481
290.2	-0.00162454
290.3	-0.00164233
290.4	-0.00165921
290.5	-0.00167297
290.6	-0.00168337
290.7	-0.00169579
290.8	-0.0017131
290.9	-0.00172992
291	-0.00174601
291.1	-0.00176418
291.2	-0.00177775
291.3	-0.00178958
291.4	-0.00179734
291.5	-0.00180586
291.6	-0.00181217
291.7	-0.00181317
291.8	-0.00180848
291.9	-0.00180789
292	-0.00180773
292.1	-0.00180745
292.2	-0.00180857
292.3	-0.00181212
292.4	-0.00181548
292.5	-0.00181647
292.6	-0.00181485
292.7	-0.00180635
292.8	-0.00179513
292.9	-0.00178148
293	-0.00177043
293.1	-0.00176302
293.2	-0.00175849
293.3	-0.0017589
293.4	-0.00175645
293.5	-0.00175272
293.6	-0.00174228
293.7	-0.00173482
293.8	-0.00173129
293.9	-0.00173203
294	-0.00173617
294.1	-0.00174193
294.2	-0.0017472
294.3	-0.00175792
294.4	-0.00176912
294.5	-0.00177355
294.6	-0.00177734
294.7	-0.00178143
294.8	-0.00178851
294.9	-0.00179455
295	-0.00180044
295.1	-0.00180984
295.2	-0.00181686
295.3	-0.00182288
295.4	-0.00183054
295.5	-0.0018418
295.6	-0.0018588
295.7	-0.00187355
295.8	-0.00188646
295.9	-0.00189761
296	-0.00190768
296.1	-0.0019172
296.2	-0.00192593
296.3	-0.00193848
296.4	-0.00195827
296.5	-0.00198408
296.6	-0.00201501
296.7	-0.0020394
296.8	-0.00206278
296.9	-0.00208703
297	-0.00211704
297.1	-0.00215375
297.2	-0.00219316
297.3	-0.00223029
297.4	-0.00226053
297.5	-0.00228357
297.6	-0.0023033
297.7	-0.00232178
297.8	-0.00234028
297.9	-0.00236015
298	-0.00237982
298.1	-0.00240104
298.2	-0.00241995
298.3	-0.00243388
298.4	-0.00244664
298.5	-0.00245859
298.6	-0.00246999
298.7	-0.00247904
298.8	-0.00248834
298.9	-0.00249873
299	-0.00250172
299.1	-0.00249798
299.2	-0.0024901
299.3	-0.00247855
299.4	-0.00246384
299.5	-0.00244105
299.6	-0.00241567
299.7	-0.00239086
299.8	-0.00236585
299.9	-0.00234291
300	-0.00232419
300.1	-0.00230715
300.2	-0.00229024
300.3	-0.00227107
300.4	-0.00224837
300.5	-0.00222353
300.6	-0.00219495
300.7	-0.00216543
300.8	-0.00213904
300.9	-0.00211294
301	-0.00208815
301.1	-0.00206112
301.2	-0.00203247
301.3	-0.00200202
301.4	-0.00197193
301.5	-0.00193988
301.6	-0.00190435
301.7	-0.00186634
301.8	-0.00182856
301.9	-0.00178871
302	-0.00174912
302.1	-0.00171425
302.2	-0.0016852
302.3	-0.00165994
302.4	-0.00163738
302.5	-0.00161991
302.6	-0.00161079
302.7	-0.00160473
302.8	-0.00159664
302.9	-0.00158983
303	-0.00157999
303.1	-0.00156676
303.2	-0.00155269
303.3	-0.00153969
303.4	-0.00152705
303.5	-0.00151607
303.6	-0.00150836
303.7	-0.00150282
303.8	-0.00149825
303.9	-0.00149156
304	-0.00148118
304.1	-0.00146755
304.2	-0.00145741
304.3	-0.00145
304.4	-0.00144701
304.5	-0.00144544
304.6	-0.00144231
304.7	-0.00143511
304.8	-0.00142652
304.9	-0.00141992
305	-0.00140976
305.1	-0.00139918
305.2	-0.00138302
305.3	-0.00136088
305.4	-0.00133929
305.5	-0.00131903
305.6	-0.00129769
305.7	-0.00127829
305.8	-0.00126033
305.9	-0.00124305
306	-0.00122674
306.1	-0.0012056
306.2	-0.00117867
306.3	-0.00115083
306.4	-0.00112565
306.5	-0.00109969
306.6	-0.00107702
306.7	-0.00105655
306.8	-0.00104124
306.9	-0.00102744
307	-0.00101509
307.1	-0.00100445
307.2	-0.000992701
307.3	-0.000980717
307.4	-0.000970068
307.5	-0.00096583
307.6	-0.000965696
307.7	-0.000971845
307.8	-0.000978092
307.9	-0.000987852
308	-0.000995796
308.1	-0.00100086
308.2	-0.00100475
308.3	-0.00101654
308.4	-0.00103485
308.5	-0.00105341
308.6	-0.00107493
308.7	-0.00109552
308.8	-0.00111123
308.9	-0.00112592
309	-0.00114449
309.1	-0.00116079
309.2	-0.00117512
309.3	-0.00119328
309.4	-0.00121603
309.5	-0.00124518
309.6	-0.0012741
309.7	-0.0013055
309.8	-0.00133655
309.9	-0.00136604
310	-0.00140185
310.1	-0.00143748
310.2	-0.00147001
310.3	-0.00149998
310.4	-0.0015267
310.5	-0.00155652
310.6	-0.00158374
310.7	-0.00161251
310.8	-0.00163958
310.9	-0.00166385
311	-0.00168711
311.1	-0.00171409
311.2	-0.00174148
311.3	-0.00177198
311.4	-0.00180444
311.5	-0.00183836
311.6	-0.00187283
311.7	-0.00190922
311.8	-0.00194357
311.9	-0.00197248
312	-0.00199528
312.1	-0.00201492
312.2	-0.00203631
312.3	-0.00206285
312.4	-0.00209375
312.5	-0.00212468
312.6	-0.00215632
312.7	-0.00218689
312.8	-0.00221744
312.9	-0.00225428
313	-0.00229105
313.1	-0.00232548
313.2	-0.00236165
313.3	-0.00239775
313.4	-0.00243658
313.5	-0.00247656
313.6	-0.00251383
313.7	-0.00255343
313.8	-0.00259961
313.9	-0.00264558
314	-0.00269157
314.1	-0.00273751
314.2	-0.00278244
314.3	-0.00282826
314.4	-0.00287514
314.5	-0.00291906
314.6	-0.00296089
314.7	-0.0030062
314.8	-0.00305327
314.9	-0.00310021
315	-0.00314939
315.1	-0.0031997
315.2	-0.00324914
315.3	-0.00329616
315.4	-0.00334099
315.5	-0.00338552
315.6	-0.003427
315.7	-0.00346876
315.8	-0.00351727
315.9	-0.00356682
316	-0.00361903
316.1	-0.00367282
316.2	-0.00372731
316.3	-0.00377796
316.4	-0.0038237
316.5	-0.00386854
316.6	-0.00391371
316.7	-0.00396386
316.8	-0.00401364
316.9	-0.00406254
317	-0.00411511
317.1	-0.0041659
317.2	-0.00421342
317.3	-0.00425796
317.4	-0.0043001
317.5	-0.00434422
317.6	-0.00439223
317.7	-0.00444403
317.8	-0.00449883
317.9	-0.00455596
318	-0.00461543
318.1	-0.00467977
318.2	-0.00475022
318.3	-0.00481536
318.4	-0.0048793
318.5	-0.00493855
318.6	-0.00499446
318.7	-0.00504855
318.8	-0.00510526
318.9	-0.00516318
319	-0.00521964
319.1	-0.0052739
319.2	-0.00532808
319.3	-0.0053829
319.4	-0.00543642
319.5	-0.00549525
319.6	-0.00555529
319.7	-0.00561224
319.8	-0.00567081
319.9	-0.00572668
320	-0.00578001
320.1	-0.00582903
320.2	-0.00587288
320.3	-0.00591104
320.4	-0.00594797
320.5	-0.00598153
320.6	-0.00601724
320.7	-0.00605331
320.8	-0.00609319
320.9	-0.00614185
321	-0.00619461
321.1	-0.00625183
321.2	-0.00630888
321.3	-0.006366
321.4	-0.0064198
321.5	-0.00646928
321.6	-0.00651217
321.7	-0.00654896
321.8	-0.00658113
321.9	-0.00660762
322	-0.00662721
322.1	-0.00664148
322.2	-0.00665441
322.3	-0.0066605
322.4	-0.00666195
322.5	-0.00666166
322.6	-0.00666223
322.7	-0.00665931
322.8	-0.00665623
322.9	-0.00665197
323	-0.00664662
323.1	-0.00664412
323.2	-0.0066439
323.3	-0.00664343
323.4	-0.00664426
323.5	-0.00664737
323.6	-0.0066479
323.7	-0.00664829
323.8	-0.00664909
323.9	-0.00664774
324	-0.00664752
324.1	-0.00664925
324.2	-0.00665683
324.3	-0.00665854
324.4	-0.00665671
324.5	-0.00665475
324.6	-0.0066548
324.7	-0.00666452
324.8	-0.00667277
324.9	-0.00667817
325	-0.00668468
325.1	-0.00668775
325.2	-0.00669316
325.3	-0.00669865
325.4	-0.00670501
325.5	-0.00670984
325.6	-0.00671398
325.7	-0.00671991
325.8	-0.0067286
325.9	-0.00673644
326	-0.006745
326.1	-0.00675618
326.2	-0.00676982
326.3	-0.00678681
326.4	-0.00680797
326.5	-0.00682834
326.6	-0.00684811
326.7	-0.0068631
326.8	-0.00687646
326.9	-0.00688925
327	-0.00690595
327.1	-0.00692646
327.2	-0.00694934
327.3	-0.0069745
327.4	-0.00700348
327.5	-0.00703638
327.6	-0.00707158
327.7	-0.00710798
327.8	-0.00714234
327.9	-0.00717483
328	-0.00720519
328.1	-0.0072335
328.2	-0.00725861
328.3	-0.00728239
328.4	-0.00730965
328.5	-0.00733411
328.6	-0.00735584
328.7	-0.00737541
328.8	-0.00739404
328.9	-0.00741609
329	-0.00743544
329.1	-0.00745362
329.2	-0.00746869
329.3	-0.0074804
329.4	-0.00748982
329.5	-0.00749944
329.6	-0.00751009
329.7	-0.00752179
329.8	-0.00753542
329.9	-0.00754833
330	-0.00755733
330.1	-0.00756533
330.2	-0.00757424
330.3	-0.00758466
330.4	-0.0075964
330.5	-0.007605
330.6	-0.00761079
330.7	-0.00761352
330.8	-0.00761407
330.9	-0.00761646
331	-0.00762532
331.1	-0.00763808
331.2	-0.0076553
331.3	-0.00767185
331.4	-0.00768603
331.5	-0.00769641
331.6	-0.00770403
331.7	-0.007709
331.8	-0.00771112
331.9	-0.00770749
332	-0.00770458
332.1	-0.00770572
332.2	-0.00771314
332.3	-0.00772357
332.4	-0.00774467
332.5	-0.00776705
332.6	-0.00779765
332.7	-0.007831
332.8	-0.00786645
332.9	-0.0079027
333	-0.00793999
333.1	-0.00797737
333.2	-0.008013
333.3	-0.00804805
333.4	-0.00808689
333.5	-0.00812495
333.6	-0.00816702
333.7	-0.0082097
333.8	-0.00825835
333.9	-0.00831019
334	-0.00836138
334.1	-0.00840691
334.2	-0.00845127
334.3	-0.00849682
334.4	-0.00854444
334.5	-0.00859447
334.6	-0.0086477
334.7	-0.00870381
334.8	-0.00876109
334.9	-0.00881671
335	-0.00887492
335.1	-0.00893313
335.2	-0.00899155
335.3	-0.00904631
335.4	-0.00910115
335.5	-0.00915929
335.6	-0.0092184
335.7	-0.00927838
335.8	-0.0093341
335.9	-0.00939072
336	-0.00944258
336.1	-0.00949152
336.2	-0.00954208
336.3	-0.00959329
336.4	-0.00964446
336.5	-0.00969169
336.6	-0.00973584
336.7	-0.00977899
336.8	-0.00982269
336.9	-0.0098651
337	-0.00990255
337.1	-0.00994004
337.2	-0.00997912
337.3	-0.0100164
337.4	-0.0100534
337.5	-0.0100935
337.6	-0.0101361
337.7	-0.010183
337.8	-0.0102323
337.9	-0.0102823
338	-0.0103323
338.1	-0.0103844
338.2	-0.0104368
338.3	-0.0104821
338.4	-0.010521
338.5	-0.0105642
338.6	-0.0106101
338.7	-0.010651
338.8	-0.0106914
338.9	-0.0107273
339	-0.0107661
339.1	-0.0108047
339.2	-0.010842
339.3	-0.0108777
339.4	-0.0109102
339.5	-0.0109394
339.6	-0.0109662
339.7	-0.0109952
339.8	-0.0110214
339.9	-0.0110398
340	-0.0110518
340.1	-0.0110631
340.2	-0.0110774
340.3	-0.0110975
340.4	-0.0111237
340.5	-0.0111525
340.6	-0.0111811
340.7	-0.0112038
340.8	-0.0112207
340.9	-0.0112374
341	-0.0112573
341.1	-0.0112824
341.2	-0.0113083
341.3	-0.0113292
341.4	-0.0113469
341.5	-0.0113688
341.6	-0.0113914
341.7	-0.0114105
341.8	-0.0114342
341.9	-0.011458
342	-0.0114842
342.1	-0.0115092
342.2	-0.0115307
342.3	-0.0115517
342.4	-0.0115725
342.5	-0.0115924
342.6	-0.0116018
342.7	-0.011606
342.8	-0.0116082
342.9	-0.011606
343	-0.0116013
343.1	-0.0116001
343.2	-0.0115984
343.3	-0.0115949
343.4	-0.0115951
343.5	-0.0115979
343.6	-0.0115983
343.7	-0.0116002
343.8	-0.0116
343.9	-0.0115958
344	-0.0115891
344.1	-0.0115846
344.2	-0.0115785
344.3	-0.0115748
344.4	-0.0115733
344.5	-0.0115691
344.6	-0.0115583
344.7	-0.0115435
344.8	-0.0115229
344.9	-0.0114977
345	-0.0114675
345.1	-0.0114291
345.2	-0.011388
345.3	-0.0113421
345.4	-0.0112936
345.5	-0.0112458
345.6	-0.0111988
345.7	-0.011154
345.8	-0.0111115
345.9	-0.0110672
346	-0.0110266
346.1	-0.01099
346.2	-0.0109577
346.3	-0.010932
346.4	-0.0109058
346.5	-0.0108786
346.6	-0.0108468
346.7	-0.0108115
346.8	-0.0107746
346.9	-0.0107392
347	-0.0107109
347.1	-0.0106852
347.2	-0.0106605
347.3	-0.0106378
347.4	-0.0106151
347.5	-0.0105943
347.6	-0.0105724
347.7	-0.0105484
347.8	-0.0105246
347.9	-0.0105044
348	-0.0104846
348.1	-0.010467
348.2	-0.0104555
348.3	-0.010445
348.4	-0.010432
348.5	-0.01042
348.6	-0.0104047
348.7	-0.0103847
348.8	-0.0103648
348.9	-0.0103428
349	-0.0103195
349.1	-0.0102945
349.2	-0.0102708
349.3	-0.0102454
349.4	-0.0102165
349.5	-0.0101907
349.6	-0.0101724
349.7	-0.0101571
349.8	-0.010139
349.9	-0.0101256
350	-0.0101136
350.1	-0.0101064
350.2	-0.0101002
350.3	-0.010096
350.4	-0.0100976
350.5	-0.0101052
350.6	-0.0101197
350.7	-0.0101345
350.8	-0.0101504
350.9	-0.0101638
351	-0.0101724
351.1	-0.0101857
351.2	-0.0102014
351.3	-0.010217
351.4	-0.0102312
351.5	-0.0102424
351.6	-0.0102517
351.7	-0.0102613
351.8	-0.0102706
351.9	-0.0102819
352	-0.0102924
352.1	-0.0102998
352.2	-0.0103053
352.3	-0.01031
352.4	-0.0103135
352.5	-0.0103165
352.6	-0.0103172
352.7	-0.0103196
352.8	-0.010322
352.9	-0.0103249
353	-0.0103302
353.1	-0.0103378
353.2	-0.0103455
353.3	-0.0103519
353.4	-0.0103606
353.5	-0.0103729
353.6	-0.0103835
353.7	-0.0103945
353.8	-0.0104063
353.9	-0.0104276
354	-0.0104498
354.1	-0.0104736
354.2	-0.010497
354.3	-0.0105156
354.4	-0.0105277
354.5	-0.0105373
354.6	-0.0105425
354.7	-0.0105458
354.8	-0.0105446
354.9	-0.0105457
355	-0.0105522
355.1	-0.0105585
355.2	-0.0105652
355.3	-0.0105716
355.4	-0.010575
355.5	-0.010583
355.6	-0.0105949
355.7	-0.0106095
355.8	-0.010626
355.9	-0.0106457
356	-0.0106638
356.1	-0.0106819
356.2	-0.0107027
356.3	-0.0107213
356.4	-0.0107429
356.5	-0.0107615
356.6	-0.010777
356.7	-0.0107898
356.8	-0.0108036
356.9	-0.0108178
357	-0.0108263
357.1	-0.0108322
357.2	-0.0108371
357.3	-0.0108405
357.4	-0.010838
357.5	-0.0108366
357.6	-0.010832
357.7	-0.0108219
357.8	-0.0108112
357.9	-0.0107961
358	-0.0107787
358.1	-0.0107619
358.2	-0.0107437
358.3	-0.0107265
358.4	-0.0107117
358.5	-0.0106991
358.6	-0.0106857
358.7	-0.0106773
358.8	-0.0106745
358.9	-0.010679
359	-0.0106848
359.1	-0.0106927
359.2	-0.0106981
359.3	-0.0107018
359.4	-0.0107048
359.5	-0.0107097
359.6	-0.0107104
359.7	-0.0107136
359.8	-0.0107247
359.9	-0.0107447
360	-0.0107701
360.1	-0.0107964
360.2	-0.0108221
360.3	-0.0108486
360.4	-0.0108756
360.5	-0.0109059
360.6	-0.010934
360.7	-0.0109579
360.8	-0.0109783
360.9	-0.0109924
361	-0.0110011
361.1	-0.0110088
361.2	-0.0110194
361.3	-0.0110373
361.4	-0.01106
361.5	-0.0110869
361.6	-0.011114
361.7	-0.0111434
361.8	-0.0111705
361.9	-0.0111916
362	-0.0112131
362.1	-0.0112351
362.2	-0.0112546
362.3	-0.0112692
362.4	-0.0112823
362.5	-0.0112985
362.6	-0.0113192
362.7	-0.0113414
362.8	-0.0113678
362.9	-0.0113969
363	-0.0114271
363.1	-0.0114532
363.2	-0.0114716
363.3	-0.0114843
363.4	-0.0114958
363.5	-0.0115114
363.6	-0.0115299
363.7	-0.0115474
363.8	-0.0115648
363.9	-0.0115765
364	-0.0115882
364.1	-0.0116021
364.2	-0.0116171
364.3	-0.0116282
364.4	-0.0116372
364.5	-0.0116431
364.6	-0.0116502
364.7	-0.0116586
364.8	-0.0116682
364.9	-0.0116829
365	-0.0116987
365.1	-0.0117139
365.2	-0.0117302
365.3	-0.0117449
365.4	-0.0117552
365.5	-0.0117627
365.6	-0.0117664
365.7	-0.0117675
365.8	-0.0117672
365.9	-0.0117651
366	-0.0117607
366.1	-0.0117564
366.2	-0.0117507
366.3	-0.0117445
366.4	-0.0117359
366.5	-0.0117306
366.6	-0.0117289
366.7	-0.0117296
366.8	-0.0117359
366.9	-0.0117468
367	-0.0117615
367.1	-0.01178
367.2	-0.011804
367.3	-0.0118261
367.4	-0.011851
367.5	-0.0118826
367.6	-0.0119202
367.7	-0.0119581
367.8	-0.0119995
367.9	-0.0120472
368	-0.0120933
368.1	-0.0121375
368.2	-0.0121758
368.3	-0.0122123
368.4	-0.0122509
368.5	-0.0122884
368.6	-0.0123254
368.7	-0.0123642
368.8	-0.0124044
368.9	-0.012443
369	-0.0124813
369.1	-0.0125228
369.2	-0.0125658
369.3	-0.012609
369.4	-0.0126517
369.5	-0.012693
369.6	-0.0127302
369.7	-0.0127684
369.8	-0.0128088
369.9	-0.0128504
370	-0.0128869
370.1	-0.0129206
370.2	-0.0129541
370.3	-0.012986
370.4	-0.0130178
370.5	-0.0130493
370.6	-0.0130786
370.7	-0.0131149
370.8	-0.0131514
370.9	-0.0131907
371	-0.0132362
371.1	-0.0132843
371.2	-0.0133329
371.3	-0.0133787
371.4	-0.0134297
371.5	-0.0134838
371.6	-0.0135393
371.7	-0.0135959
371.8	-0.0136522
371.9	-0.0137071
372	-0.0137582
372.1	-0.0138125
372.2	-0.013865
372.3	-0.0139155
372.4	-0.0139656
372.5	-0.0140152
372.6	-0.014061
372.7	-0.0141043
372.8	-0.0141491
372.9	-0.0141962
373	-0.0142439
373.1	-0.0142902
373.2	-0.0143344
373.3	-0.0143838
373.4	-0.0144363
373.5	-0.0144881
373.6	-0.0145353
373.7	-0.0145812
373.8	-0.0146321
373.9	-0.0146817
374	-0.0147269
374.1	-0.0147683
374.2	-0.0148081
374.3	-0.0148481
374.4	-0.014884
374.5	-0.0149225
374.6	-0.014957
374.7	-0.0149853
374.8	-0.0150078
374.9	-0.0150291
375	-0.015048
375.1	-0.0150653
375.2	-0.0150871
375.3	-0.0151112
375.4	-0.015131
375.5	-0.0151501
375.6	-0.0151706
375.7	-0.0151906
375.8	-0.0152143
375.9	-0.015238
376	-0.0152618
376.1	-0.015285
376.2	-0.0153073
376.3	-0.0153293
376.4	-0.0153534
376.5	-0.0153783
376.6	-0.0153987
376.7	-0.0154204
376.8	-0.0154415
376.9	-0.0154601
377	-0.0154789
377.1	-0.0155004
377.2	-0.0155235
377.3	-0.0155483
377.4	-0.0155774
377.5	-0.0156071
377.6	-0.0156422
377.7	-0.0156742
377.8	-0.0156998
377.9	-0.0157199
378	-0.0157418
378.1	-0.0157657
378.2	-0.0157899
378.3	-0.0158164
378.4	-0.0158378
378.5	-0.0158588
378.6	-0.0158761
378.7	-0.0158957
378.8	-0.0159149
378.9	-0.0159343
379	-0.0159548
379.1	-0.015979
379.2	-0.016003
379.3	-0.0160292
379.4	-0.0160595
379.5	-0.0160903
379.6	-0.0161212
379.7	-0.0161546
379.8	-0.0161801
379.9	-0.0162037
380	-0.0162295
380.1	-0.0162546
380.2	-0.0162776
380.3	-0.0162999
380.4	-0.0163263
380.5	-0.016358
380.6	-0.0163945
380.7	-0.0164335
380.8	-0.0164751
380.9	-0.0165147
381	-0.0165483
381.1	-0.0165791
381.2	-0.0166046
381.3	-0.0166231
381.4	-0.01664
381.5	-0.0166565
381.6	-0.0166752
381.7	-0.0166975
381.8	-0.0167207
381.9	-0.0167381
382	-0.0167515
382.1	-0.0167623
382.2	-0.016772
382.3	-0.0167787
382.4	-0.0167822
382.5	-0.0167792
382.6	-0.0167688
382.7	-0.0167581
382.8	-0.0167418
382.9	-0.0167237
383	-0.0167064
383.1	-0.0166921
383.2	-0.0166811
383.3	-0.0166665
383.4	-0.0166474
383.5	-0.0166256
383.6	-0.0166086
383.7	-0.0165905
383.8	-0.0165655
383.9	-0.0165377
384	-0.0165134
384.1	-0.0164901
384.2	-0.0164607
384.3	-0.0164347
384.4	-0.0164067
384.5	-0.0163764
384.6	-0.0163469
384.7	-0.0163194
384.8	-0.0162955
384.9	-0.016276
385	-0.01626
385.1	-0.0162496
385.2	-0.016243
385.3	-0.0162436
385.4	-0.0162444
385.5	-0.0162459
385.6	-0.0162527
385.7	-0.0162641
385.8	-0.0162774
385.9	-0.0162887
386	-0.0162964
386.1	-0.0163071
386.2	-0.0163169
386.3	-0.0163269
386.4	-0.016336
386.5	-0.0163469
386.6	-0.01636
386.7	-0.0163723
386.8	-0.0163831
386.9	-0.0163974
387	-0.0164142
387.1	-0.0164281
387.2	-0.0164396
387.3	-0.0164495
387.4	-0.0164595
387.5	-0.0164704
387.6	-0.0164884
387.7	-0.0165086
387.8	-0.0165257
387.9	-0.0165401
388	-0.0165502
388.1	-0.0165576
388.2	-0.0165584
388.3	-0.0165527
388.4	-0.0165432
388.5	-0.0165298
388.6	-0.0165135
388.7	-0.0164956
388.8	-0.0164755
388.9	-0.0164552
389	-0.0164338
389.1	-0.0164083
389.2	-0.0163816
389.3	-0.0163575
389.4	-0.0163387
389.5	-0.0163194
389.6	-0.0163025
389.7	-0.0162885
389.8	-0.016276
389.9	-0.0162597
390	-0.0162417
390.1	-0.0162178
390.2	-0.0161863
390.3	-0.016152
390.4	-0.0161185
390.5	-0.0160837
390.6	-0.0160494
390.7	-0.0160197
390.8	-0.0159929
390.9	-0.0159709
391	-0.0159475
391.1	-0.0159233
391.2	-0.0158934
391.3	-0.015858
391.4	-0.0158198
391.5	-0.0157802
391.6	-0.0157403
391.7	-0.015702
391.8	-0.0156695
391.9	-0.0156366
392	-0.015602
392.1	-0.0155669
392.2	-0.0155327
392.3	-0.0154988
392.4	-0.0154629
392.5	-0.0154263
392.6	-0.0153855
392.7	-0.0153458
392.8	-0.0153039
392.9	-0.0152621
393	-0.0152192
393.1	-0.015169
393.2	-0.0151139
393.3	-0.0150506
393.4	-0.0149823
393.5	-0.0149104
393.6	-0.0148391
393.7	-0.0147692
393.8	-0.0147004
393.9	-0.0146302
394	-0.0145649
394.1	-0.0145009
394.2	-0.014439
394.3	-0.0143741
394.4	-0.0143059
394.5	-0.0142373
394.6	-0.0141679
394.7	-0.0140979
394.8	-0.0140328
394.9	-0.0139682
395	-0.0139035
395.1	-0.013838
395.2	-0.013769
395.3	-0.0136933
395.4	-0.0136179
395.5	-0.0135415
395.6	-0.0134604
395.7	-0.0133788
395.8	-0.0132965
395.9	-0.0132154
396	-0.0131346
396.1	-0.0130533
396.2	-0.0129716
396.3	-0.0128909
396.4	-0.0128161
396.5	-0.0127478
396.6	-0.0126858
396.7	-0.0126237
396.8	-0.0125562
396.9	-0.0124853
397	-0.0124115
397.1	-0.0123337
397.2	-0.0122554
397.3	-0.0121789
397.4	-0.0121009
397.5	-0.0120205
397.6	-0.0119463
397.7	-0.0118767
397.8	-0.0118151
397.9	-0.0117578
398	-0.0117011
398.1	-0.0116449
398.2	-0.0115863
398.3	-0.0115232
398.4	-0.0114558
398.5	-0.0113917
398.6	-0.0113322
398.7	-0.0112744
398.8	-0.0112178
398.9	-0.0111604
399	-0.0111018
399.1	-0.011047
399.2	-0.0109959
399.3	-0.0109444
399.4	-0.0108858
399.5	-0.01082
399.6	-0.0107571
399.7	-0.0106958
399.8	-0.0106393
399.9	-0.0105818
400	-0.0105243
400.1	-0.0104666
400.2	-0.0104046
400.3	-0.0103454
400.4	-0.0102848
400.5	-0.0102274
400.6	-0.0101721
400.7	-0.0101132
400.8	-0.0100556
400.9	-0.0100034
401	-0.00995174
401.1	-0.0098968
401.2	-0.00984032
401.3	-0.00978543
401.4	-0.0097313
401.5	-0.00967669
401.6	-0.00962272
401.7	-0.00957246
401.8	-0.00952436
401.9	-0.00948099
402	-0.00943903
402.1	-0.00939954
402.2	-0.0093622
402.3	-0.00932993
402.4	-0.00929979
402.5	-0.00926822
402.6	-0.00923449
402.7	-0.0092039
402.8	-0.00918116
402.9	-0.00915943
403	-0.00913744
403.1	-0.00911165
403.2	-0.0090796
403.3	-0.00904577
403.4	-0.00900696
403.5	-0.00896208
403.6	-0.00891724
403.7	-0.00887017
403.8	-0.00882338
403.9	-0.0087759
404	-0.00872466
404.1	-0.00867654
404.2	-0.00863438
404.3	-0.00859977
404.4	-0.008571
404.5	-0.00854601
404.6	-0.00852425
404.7	-0.00850872
404.8	-0.00849607
404.9	-0.00848428
405	-0.0084749
405.1	-0.00846269
405.2	-0.00845163
405.3	-0.00844173
405.4	-0.00842773
405.5	-0.00840994
405.6	-0.00838986
405.7	-0.008377
405.8	-0.00836297
405.9	-0.00834609
406	-0.0083186
406.1	-0.0082883
406.2	-0.0082568
406.3	-0.00822663
406.4	-0.0082
406.5	-0.00817605
406.6	-0.00815281
406.7	-0.00813032
406.8	-0.00811053
406.9	-0.00809215
407	-0.00808093
407.1	-0.0080699
407.2	-0.00805308
407.3	-0.00802973
407.4	-0.00800249
407.5	-0.00796709
407.6	-0.00792776
407.7	-0.00788698
407.8	-0.00785045
407.9	-0.00781544
408	-0.00777918
408.1	-0.0077474
408.2	-0.00772097
408.3	-0.00770211
408.4	-0.00769007
408.5	-0.0076823
408.6	-0.00767608
408.7	-0.0076709
408.8	-0.00766844
408.9	-0.00766645
409	-0.00766511
409.1	-0.00766659
409.2	-0.00767278
409.3	-0.00768212
409.4	-0.00769545
409.5	-0.00770765
409.6	-0.00771845
409.7	-0.00772828
409.8	-0.00773647
409.9	-0.0077403
410	-0.00773442
410.1	-0.00772714
410.2	-0.00772203
410.3	-0.00771935
410.4	-0.00771779
410.5	-0.00772181
410.6	-0.00772824
410.7	-0.00772806
410.8	-0.00772091
410.9	-0.00771273
411	-0.00770779
411.1	-0.00770571
411.2	-0.00770144
411.3	-0.0076985
411.4	-0.0076946
411.5	-0.00769452
411.6	-0.00769882
411.7	-0.00770647
411.8	-0.00772086
411.9	-0.00773756
412	-0.00775898
412.1	-0.00778456
412.2	-0.0078131
412.3	-0.00784279
412.4	-0.00787303
412.5	-0.0079042
412.6	-0.00793643
412.7	-0.00796904
412.8	-0.00800203
412.9	-0.00802867
413	-0.00805388
413.1	-0.00807681
413.2	-0.00810093
413.3	-0.00812556
413.4	-0.00815055
413.5	-0.00817261
413.6	-0.00819361
413.7	-0.0082121
413.8	-0.00822521
413.9	-0.00823326
414	-0.00823784
414.1	-0.00824006
414.2	-0.00824402
414.3	-0.00824909
414.4	-0.00825593
414.5	-0.00825953
414.6	-0.00825897
414.7	-0.00825617
414.8	-0.00824531
414.9	-0.00823367
415	-0.00822261
415.1	-0.00820941
415.2	-0.00819824
415.3	-0.008185
415.4	-0.00817212
415.5	-0.00815955
415.6	-0.00814363
415.7	-0.00812983
415.8	-0.00811745
415.9	-0.00810139
416	-0.00808002
416.1	-0.00805565
416.2	-0.00802577
416.3	-0.00799393
416.4	-0.00795942
416.5	-0.00792356
416.6	-0.00788992
416.7	-0.00785706
416.8	-0.00782113
416.9	-0.00778856
417	-0.00776216
417.1	-0.00773807
417.2	-0.00771072
417.3	-0.00767818
417.4	-0.00763995
417.5	-0.0075949
417.6	-0.00754755
417.7	-0.00749804
417.8	-0.00745317
417.9	-0.00741372
418	-0.00737493
418.1	-0.00733646
418.2	-0.00729989
418.3	-0.00726376
418.4	-0.00723154
418.5	-0.00719834
418.6	-0.00716123
418.7	-0.00712157
418.8	-0.00708449
418.9	-0.00704993
419	-0.00701654
419.1	-0.00698426
419.2	-0.00695478
419.3	-0.00692415
419.4	-0.00689413
419.5	-0.0068675
419.6	-0.00684659
419.7	-0.00683239
419.8	-0.00682101
419.9	-0.00681295
420	-0.00680837
420.1	-0.00680726
420.2	-0.00680641
420.3	-0.0068138
420.4	-0.00682208
420.5	-0.00682663
420.6	-0.00683295
420.7	-0.00684074
420.8	-0.00684384
420.9	-0.00684745
421	-0.0068509
421.1	-0.00685565
421.2	-0.00685662
421.3	-0.00685565
421.4	-0.0068553
421.5	-0.00685061
421.6	-0.00684438
421.7	-0.00683364
421.8	-0.00681808
421.9	-0.00680359
422	-0.00679544
422.1	-0.00679159
422.2	-0.00678984
422.3	-0.00678698
422.4	-0.0067803
422.5	-0.00677604
422.6	-0.00677824
422.7	-0.0067781
422.8	-0.00678012
422.9	-0.00677954
423	-0.00678251
423.1	-0.00679179
423.2	-0.00680785
423.3	-0.00682421
423.4	-0.00684093
423.5	-0.00685699
423.6	-0.00687057
423.7	-0.00688217
423.8	-0.00689321
423.9	-0.00691163
424	-0.00693647
424.1	-0.00695691
424.2	-0.00697485
424.3	-0.00699079
424.4	-0.00700808
424.5	-0.00702367
424.6	-0.00703898
424.7	-0.00705118
424.8	-0.00705921
424.9	-0.00706323
425	-0.0070614
425.1	-0.00705556
425.2	-0.00704452
425.3	-0.0070288
425.4	-0.00700747
425.5	-0.00698342
425.6	-0.00695658
425.7	-0.0069271
425.8	-0.00689536
425.9	-0.00686293
426	-0.00683164
426.1	-0.00679929
426.2	-0.00676706
426.3	-0.00673628
426.4	-0.00670538
426.5	-0.00667804
426.6	-0.00665443
426.7	-0.00663101
426.8	-0.00660725
426.9	-0.0065838
427	-0.00656599
427.1	-0.00655198
427.2	-0.00653937
427.3	-0.00652704
427.4	-0.00651498
427.5	-0.00650521
427.6	-0.00649889
427.7	-0.00649048
427.8	-0.00647963
427.9	-0.00646985
428	-0.00646155
428.1	-0.00645315
428.2	-0.00644022
428.3	-0.00642279
428.4	-0.00640117
428.5	-0.00637818
428.6	-0.00635745
428.7	-0.00633725
428.8	-0.00631732
428.9	-0.00629817
429	-0.00628036
429.1	-0.00625794
429.2	-0.00623121
429.3	-0.00619778
429.4	-0.00616364
429.5	-0.00613485
429.6	-0.00610871
429.7	-0.00608427
429.8	-0.00606391
429.9	-0.00604546
430	-0.00602859
430.1	-0.00601228
430.2	-0.00599722
430.3	-0.00597933
430.4	-0.00595662
430.5	-0.00592861
430.6	-0.00589488
430.7	-0.00586333
430.8	-0.00583753
430.9	-0.00581269
431	-0.00579075
431.1	-0.00576938
431.2	-0.00575084
431.3	-0.00573172
431.4	-0.00571164
431.5	-0.00568913
431.6	-0.00566055
431.7	-0.0056279
431.8	-0.00559489
431.9	-0.00556054
432	-0.00552185
432.1	-0.00548543
432.2	-0.00545103
432.3	-0.00541725
432.4	-0.00538496
432.5	-0.00535298
432.6	-0.005322
432.7	-0.00528748
432.8	-0.00524998
432.9	-0.00521164
433	-0.00517349
433.1	-0.00513875
433.2	-0.00510933
433.3	-0.00508262
433.4	-0.00505777
433.5	-0.00503301
433.6	-0.00501239
433.7	-0.0049981
433.8	-0.0049812
433.9	-0.00496256
434	-0.00494696
434.1	-0.00493822
434.2	-0.00493152
434.3	-0.00492595
434.4	-0.00492093
434.5	-0.00491743
434.6	-0.00491396
434.7	-0.00490645
434.8	-0.00489447
434.9	-0.00487937
435	-0.00486021
435.1	-0.00483729
435.2	-0.00481123
435.3	-0.00478692
435.4	-0.0047638
435.5	-0.00473898
435.6	-0.00471837
435.7	-0.00470055
435.8	-0.00468329
435.9	-0.00466967
436	-0.00465723
436.1	-0.00464141
436.2	-0.00462569
436.3	-0.00460887
436.4	-0.00459084
436.5	-0.00457163
436.6	-0.00454776
436.7	-0.00451904
436.8	-0.00449246
436.9	-0.00446452
437	-0.00443624
437.1	-0.00440631
437.2	-0.00437557
437.3	-0.00434199
437.4	-0.00430815
437.5	-0.00427559
437.6	-0.00424537
437.7	-0.00421886
437.8	-0.00419654
437.9	-0.00417793
438	-0.00416255
438.1	-0.00414578
438.2	-0.00412724
438.3	-0.00410881
438.4	-0.00408763
438.5	-0.00406844
438.6	-0.00404804
438.7	-0.00403073
438.8	-0.00401295
438.9	-0.00399372
439	-0.00397667
439.1	-0.00395991
439.2	-0.00394626
439.3	-0.00393047
439.4	-0.00390845
439.5	-0.00388206
439.6	-0.00385521
439.7	-0.00382928
439.8	-0.00380815
439.9	-0.00378769
440	-0.00377142
440.1	-0.00375524
440.2	-0.00373747
440.3	-0.00371971
440.4	-0.00369979
440.5	-0.00367328
440.6	-0.00364084
440.7	-0.00360561
440.8	-0.00356997
440.9	-0.00353883
441	-0.00350557
441.1	-0.00346555
441.2	-0.00342275
441.3	-0.00338149
441.4	-0.00333562
441.5	-0.00328668
441.6	-0.00323585
441.7	-0.00318843
441.8	-0.00314501
441.9	-0.00310328
442	-0.00306801
442.1	-0.00302856
442.2	-0.00298674
442.3	-0.00294044
442.4	-0.00289177
442.5	-0.00284188
442.6	-0.00280001
442.7	-0.00276392
442.8	-0.0027261
442.9	-0.0026853
443	-0.00264821
443.1	-0.00261169
443.2	-0.00257695
443.3	-0.00254246
443.4	-0.00251143
443.5	-0.00248248
443.6	-0.00245442
443.7	-0.00242707
443.8	-0.00239984
443.9	-0.00236972
444	-0.00234013
444.1	-0.0023107
444.2	-0.00228026
444.3	-0.00224636
444.4	-0.0022124
444.5	-0.00217318
444.6	-0.00213312
444.7	-0.00209227
444.8	-0.00205469
444.9	-0.00202124
445	-0.0019934
445.1	-0.00196299
445.2	-0.0019284
445.3	-0.00189227
445.4	-0.00185698
445.5	-0.00182546
445.6	-0.00180079
445.7	-0.00178054
445.8	-0.00176341
445.9	-0.00174685
446	-0.00173629
446.1	-0.00172763
446.2	-0.00172345
446.3	-0.00172152
446.4	-0.00172308
446.5	-0.00172792
446.6	-0.00173423
446.7	-0.00174064
446.8	-0.00175016
446.9	-0.00175956
447	-0.0017677
447.1	-0.00177342
447.2	-0.00177989
447.3	-0.00178643
447.4	-0.00179396
447.5	-0.00179946
447.6	-0.00180493
447.7	-0.00180838
447.8	-0.0018133
447.9	-0.00181515
448	-0.00181447
448.1	-0.0018179
448.2	-0.00181837
448.3	-0.0018168
448.4	-0.00181765
448.5	-0.00182384
448.6	-0.00183626
448.7	-0.00184934
448.8	-0.00186271
448.9	-0.00188097
449	-0.00190485
449.1	-0.00193142
449.2	-0.00195569
449.3	-0.00197608
449.4	-0.00199881
449.5	-0.00202385
449.6	-0.00205244
449.7	-0.00208497
449.8	-0.00211556
449.9	-0.00214786
450	-0.00218117
450.1	-0.00221413
450.2	-0.00224808
450.3	-0.00228415
450.4	-0.00232138
450.5	-0.00235907
450.6	-0.00239752
450.7	-0.00243636
450.8	-0.00247439
450.9	-0.00250928
451	-0.00253819
451.1	-0.00256335
451.2	-0.00258328
451.3	-0.00259788
451.4	-0.00261249
451.5	-0.00262995
451.6	-0.00265026
451.7	-0.00267252
451.8	-0.00269783
451.9	-0.00272489
452	-0.0027509
452.1	-0.00277515
452.2	-0.00279899
452.3	-0.00282213
452.4	-0.00284465
452.5	-0.00287132
452.6	-0.00289733
452.7	-0.00292198
452.8	-0.00294392
452.9	-0.00296403
453	-0.00298244
453.1	-0.00300073
453.2	-0.00302044
453.3	-0.00304362
453.4	-0.00307193
453.5	-0.00310003
453.6	-0.00312935
453.7	-0.00316532
453.8	-0.00320451
453.9	-0.00324818
454	-0.00329697
454.1	-0.0033449
454.2	-0.00339397
454.3	-0.00344206
454.4	-0.00348643
454.5	-0.00352649
454.6	-0.00356595
454.7	-0.00359956
454.8	-0.00363035
454.9	-0.00365341
455	-0.00367288
455.1	-0.00369028
455.2	-0.00370949
455.3	-0.00372445
455.4	-0.00373757
455.5	-0.00374466
455.6	-0.00374374
455.7	-0.00374109
455.8	-0.00373855
455.9	-0.00373289
456	-0.00372273
456.1	-0.00370882
456.2	-0.00369326
456.3	-0.00367775
456.4	-0.00366597
456.5	-0.00365712
456.6	-0.00365245
456.7	-0.00365699
456.8	-0.00367329
456.9	-0.00369484
457	-0.00371373
457.1	-0.0037253
457.2	-0.00373212
457.3	-0.00373325
457.4	-0.00373318
457.5	-0.00372676
457.6	-0.00371707
457.7	-0.00370266
457.8	-0.00368696
457.9	-0.00367222
458	-0.00365633
458.1	-0.00363308
458.2	-0.00360818
458.3	-0.0035839
458.4	-0.00355599
458.5	-0.00352785
458.6	-0.00350264
458.7	-0.00347777
458.8	-0.00344519
458.9	-0.0034085
459	-0.00337215
459.1	-0.00333797
459.2	-0.00330592
459.3	-0.00327574
459.4	-0.00324512
459.5	-0.00321505
459.6	-0.00318278
459.7	-0.00315322
459.8	-0.00312832
459.9	-0.00310462
460	-0.00308288
460.1	-0.00306329
460.2	-0.00304207
460.3	-0.0030218
460.4	-0.00300561
460.5	-0.00299045
460.6	-0.00297619
460.7	-0.00296298
460.8	-0.00295453
460.9	-0.00294741
461	-0.00294635
461.1	-0.00294473
461.2	-0.00293731
461.3	-0.00292355
461.4	-0.00290771
461.5	-0.00289019
461.6	-0.00287122
461.7	-0.00285006
461.8	-0.00283022
461.9	-0.00280807
462	-0.00278509
462.1	-0.00275854
462.2	-0.00273037
462.3	-0.00270607
462.4	-0.00267982
462.5	-0.00265802
462.6	-0.00263451
462.7	-0.00260887
462.8	-0.00258051
462.9	-0.00254792
463	-0.00251213
463.1	-0.00247534
463.2	-0.00243504
463.3	-0.00239693
463.4	-0.00235882
463.5	-0.00232258
463.6	-0.00228938
463.7	-0.0022532
463.8	-0.00221696
463.9	-0.00218274
464	-0.00214758
464.1	-0.00210807
464.2	-0.00206616
464.3	-0.00202224
464.4	-0.00198045
464.5	-0.00193887
464.6	-0.00190077
464.7	-0.00186262
464.8	-0.00182385
464.9	-0.00178467
465	-0.00174585
465.1	-0.00170824
465.2	-0.00167587
465.3	-0.00164503
465.4	-0.00161501
465.5	-0.00157973
465.6	-0.00154246
465.7	-0.0015052
465.8	-0.00146601
465.9	-0.00142089
466	-0.0013709
466.1	-0.00131672
466.2	-0.00126461
466.3	-0.00121777
466.4	-0.00117785
466.5	-0.00113779
466.6	-0.00110146
466.7	-0.00106604
466.8	-0.00102631
466.9	-0.000987657
467	-0.000955638
467.1	-0.0009241
467.2	-0.000893579
467.3	-0.000864701
467.4	-0.000838845
467.5	-0.000809508
467.6	-0.000776459
467.7	-0.00074109
467.8	-0.000702429
467.9	-0.00066779
468	-0.000638797
468.1	-0.000618683
468.2	-0.000606049
468.3	-0.000598431
468.4	-0.000593452
468.5	-0.000594399
468.6	-0.000597482
468.7	-0.000599372
468.8	-0.00060272
468.9	-0.000603709
469	-0.00060439
469.1	-0.000608394
469.2	-0.000616575
469.3	-0.000624496
469.4	-0.000633176
469.5	-0.000644017
469.6	-0.000653991
469.7	-0.000668445
469.8	-0.000679714
469.9	-0.000693216
470	-0.00070366
470.1	-0.000718116
470.2	-0.000734882
470.3	-0.000751489
470.4	-0.000758958
470.5	-0.000760785
470.6	-0.000761047
470.7	-0.000763988
470.8	-0.000767263
470.9	-0.000768643
471	-0.000771064
471.1	-0.000768195
471.2	-0.000758943
471.3	-0.000748379
471.4	-0.000732414
471.5	-0.000714047
471.6	-0.000695709
471.7	-0.000679603
471.8	-0.000663114
471.9	-0.000647354
472	-0.000633439
472.1	-0.000619562
472.2	-0.000601706
472.3	-0.00058009
472.4	-0.000554469
472.5	-0.000524421
472.6	-0.000491212
472.7	-0.000456381
472.8	-0.0004197
472.9	-0.000379273
473	-0.00033885
473.1	-0.000296187
473.2	-0.000250848
473.3	-0.00020726
473.4	-0.000168891
473.5	-0.00013243
473.6	-9.71936e-05
473.7	-6.94226e-05
473.8	-4.10536e-05
473.9	-1.45774e-05
474	1.36073e-05
474.1	4.43822e-05
474.2	7.51354e-05
474.3	0.000109277
474.4	0.000145211
474.5	0.000177531
474.6	0.000206481
474.7	0.000231158
474.8	0.00024819
474.9	0.000256982
475	0.000258465
475.1	0.000259659
475.2	0.000263363
475.3	0.000267445
475.4	0.000271516
475.5	0.000269214
475.6	0.000271348
475.7	0.000279704
475.8	0.000295541
475.9	0.000318359
476	0.000343528
476.1	0.000374014
476.2	0.000405279
476.3	0.000436996
476.4	0.000469852
476.5	0.000498754
476.6	0.000525792
476.7	0.000555535
476.8	0.000584982
476.9	0.000613898
477	0.000642708
477.1	0.000671433
477.2	0.000694828
477.3	0.000710143
477.4	0.000722029
477.5	0.000732448
477.6	0.000746496
477.7	0.000762797
477.8	0.000775369
477.9	0.000778846
478	0.000776292
478.1	0.000778255
478.2	0.000784742
478.3	0.000792903
478.4	0.000799998
478.5	0.00080154
478.6	0.000803869
478.7	0.000805622
478.8	0.000808406
478.9	0.000811132
479	0.00081628
479.1	0.000822544
479.2	0.000827033
479.3	0.000830898
479.4	0.000832139
479.5	0.000829319
479.6	0.000828253
479.7	0.000825671
479.8	0.00081801
479.9	0.000806783
480	0.000794609
480.1	0.000786012
480.2	0.000777287
480.3	0.000764216
480.4	0.000747817
480.5	0.000725797
480.6	0.000699972
480.7	0.000674341
480.8	0.000649416
480.9	0.000631701
481	0.000619716
481.1	0.000608318
481.2	0.000600272
481.3	0.000595242
481.4	0.000587675
481.5	0.000575396
481.6	0.000565527
481.7	0.000556233
481.8	0.000547242
481.9	0.000535087
482	0.000518346
482.1	0.000502787
482.2	0.000488303
482.3	0.000476665
482.4	0.000473391
482.5	0.000477307
482.6	0.000487431
482.7	0.00050388
482.8	0.00052751
482.9	0.000551208
483	0.000568896
483.1	0.000584909
483.2	0.000599912
483.3	0.00061464
483.4	0.000630725
483.5	0.000642713
483.6	0.000651576
483.7	0.00065963
483.8	0.000670846
483.9	0.000678104
484	0.000682471
484.1	0.000686872
484.2	0.000689393
484.3	0.000691674
484.4	0.000694083
484.5	0.000702275
484.6	0.000716124
484.7	0.000738347
484.8	0.000761215
484.9	0.000782308
485	0.000801715
485.1	0.000826585
485.2	0.000856274
485.3	0.000889583
485.4	0.000928912
485.5	0.000974664
485.6	0.00102575
485.7	0.00107721
485.8	0.00112483
485.9	0.00117407
486	0.00122871
486.1	0.00129168
486.2	0.00136313
486.3	0.00143459
486.4	0.00150167
486.5	0.00156397
486.6	0.00162852
486.7	0.00169383
486.8	0.00175747
486.9	0.00181751
487	0.00187781
487.1	0.00194124
487.2	0.00200458
487.3	0.00206861
487.4	0.00213158
487.5	0.00219402
487.6	0.00225271
487.7	0.00231271
487.8	0.00237921
487.9	0.00244521
488	0.00251037
488.1	0.00257924
488.2	0.00265155
488.3	0.00272597
488.4	0.00279956
488.5	0.002871
488.6	0.00294314
488.7	0.00301991
488.8	0.00310012
488.9	0.00317742
489	0.00325042
489.1	0.0033192
489.2	0.00338247
489.3	0.00344522
489.4	0.00350954
489.5	0.00357482
489.6	0.00364122
489.7	0.00370758
489.8	0.00377121
489.9	0.00383174
490	0.00388616
490.1	0.00393436
490.2	0.0039768
490.3	0.00401458
490.4	0.00405179
490.5	0.00409038
490.6	0.00412617
490.7	0.00416116
490.8	0.00419018
490.9	0.00421939
491	0.00424774
491.1	0.00427211
491.2	0.00429494
491.3	0.00432173
491.4	0.00435013
491.5	0.00437016
491.6	0.00439151
491.7	0.00441809
491.8	0.00444373
491.9	0.00447199
492	0.00449739
492.1	0.00452294
492.2	0.00454748
492.3	0.00457469
492.4	0.00460284
492.5	0.00463328
492.6	0.00466269
492.7	0.00469213
492.8	0.00471608
492.9	0.00473638
493	0.0047496
493.1	0.00475704
493.2	0.00476185
493.3	0.00477064
493.4	0.00478461
493.5	0.00480443
493.6	0.00482663
493.7	0.0048516
493.8	0.00487641
493.9	0.00490288
494	0.00493284
494.1	0.00496329
494.2	0.00499008
494.3	0.00501409
494.4	0.00503369
494.5	0.00505109
494.6	0.00506803
494.7	0.00508579
494.8	0.00510302
494.9	0.00512535
495	0.00514943
495.1	0.00517086
495.2	0.00519061
495.3	0.00521286
495.4	0.00524045
495.5	0.00527255
495.6	0.00530451
495.7	0.00533542
495.8	0.00536208
495.9	0.0053905
496	0.00542008
496.1	0.00544511
496.2	0.00546256
496.3	0.00547292
496.4	0.00547708
496.5	0.00547626
496.6	0.00547492
496.7	0.00547316
496.8	0.00546466
496.9	0.00544693
497	0.00542317
497.1	0.00539445
497.2	0.00536212
497.3	0.00533049
497.4	0.00530089
497.5	0.00526923
497.6	0.00523788
497.7	0.0052112
497.8	0.00518768
497.9	0.00515765
498	0.00512517
498.1	0.00509843
498.2	0.00507722
498.3	0.00506051
498.4	0.00504485
498.5	0.00503125
498.6	0.00501624
498.7	0.00500319
498.8	0.00498911
498.9	0.00497665
499	0.00496815
499.1	0.00495615
499.2	0.00494175
499.3	0.00492881
499.4	0.00491601
499.5	0.00490224
499.6	0.00488621
499.7	0.00487121
499.8	0.00485457
499.9	0.00483673
500	0.00482346
