LagTime	Correlation

0	0.669058
0.1	0.664042
0.2	0.656569
0.3	0.648551
0.4	0.64047
0.5	0.632448
0.6	0.624509
0.7	0.616664
0.8	0.608916
0.9	0.601265
1	0.593711
1.1	0.58625
1.2	0.578883
1.3	0.57161
1.4	0.564433
1.5	0.557344
1.6	0.550341
1.7	0.543429
1.8	0.536607
1.9	0.529867
2	0.523208
2.1	0.516635
2.2	0.510149
2.3	0.503748
2.4	0.497432
2.5	0.491199
2.6	0.485048
2.7	0.478978
2.8	0.472983
2.9	0.467066
3	0.461227
3.1	0.455464
3.2	0.449773
3.3	0.44415
3.4	0.438595
3.5	0.433107
3.6	0.427689
3.7	0.422337
3.8	0.417052
3.9	0.41183
4	0.406673
4.1	0.401584
4.2	0.396555
4.3	0.391589
4.4	0.386692
4.5	0.381862
4.6	0.377097
4.7	0.372391
4.8	0.367741
4.9	0.363152
5	0.358621
5.1	0.35415
5.2	0.349735
5.3	0.345379
5.4	0.341081
5.5	0.336836
5.6	0.332642
5.7	0.328499
5.8	0.324405
5.9	0.320364
6	0.316371
6.1	0.312431
6.2	0.308542
6.3	0.304702
6.4	0.300908
6.5	0.297165
6.6	0.293467
6.7	0.289812
6.8	0.286195
6.9	0.282619
7	0.279089
7.1	0.275602
7.2	0.272163
7.3	0.268766
7.4	0.265414
7.5	0.262103
7.6	0.258834
7.7	0.255604
7.8	0.252411
7.9	0.249251
8	0.246128
8.1	0.24304
8.2	0.239989
8.3	0.236974
8.4	0.233992
8.5	0.231044
8.6	0.228131
8.7	0.225247
8.8	0.222397
8.9	0.219582
9	0.2168
9.1	0.214054
9.2	0.211339
9.3	0.208662
9.4	0.206015
9.5	0.203403
9.6	0.200822
9.7	0.198275
9.8	0.19576
9.9	0.193278
10	0.190823
10.1	0.188398
10.2	0.186002
10.3	0.183633
10.4	0.181287
10.5	0.178965
10.6	0.176665
10.7	0.174394
10.8	0.172156
10.9	0.169946
11	0.167764
11.1	0.165604
11.2	0.163466
11.3	0.161351
11.4	0.159263
11.5	0.1572
11.6	0.155168
11.7	0.153165
11.8	0.151187
11.9	0.149235
12	0.147308
12.1	0.145407
12.2	0.14353
12.3	0.141675
12.4	0.139845
12.5	0.138035
12.6	0.136249
12.7	0.134484
12.8	0.132737
12.9	0.131006
13	0.12929
13.1	0.127592
13.2	0.125913
13.3	0.124253
13.4	0.122614
13.5	0.120995
13.6	0.119396
13.7	0.117819
13.8	0.116262
13.9	0.114728
14	0.113215
14.1	0.111718
14.2	0.11024
14.3	0.108776
14.4	0.107335
14.5	0.105914
14.6	0.10451
14.7	0.10312
14.8	0.101744
14.9	0.100384
15	0.0990411
15.1	0.0977131
15.2	0.0963971
15.3	0.0950985
15.4	0.0938167
15.5	0.0925488
15.6	0.0912884
15.7	0.0900415
15.8	0.0888022
15.9	0.0875792
16	0.0863728
16.1	0.0851803
16.2	0.0840038
16.3	0.0828409
16.4	0.0816891
16.5	0.0805524
16.6	0.0794305
16.7	0.0783253
16.8	0.0772347
16.9	0.0761573
17	0.0750933
17.1	0.0740454
17.2	0.0730188
17.3	0.0720108
17.4	0.0710148
17.5	0.0700354
17.6	0.069075
17.7	0.0681309
17.8	0.0672029
17.9	0.0662909
18	0.0653897
18.1	0.0645049
18.2	0.0636347
18.3	0.062777
18.4	0.0619301
18.5	0.0610916
18.6	0.060264
18.7	0.0594476
18.8	0.0586436
18.9	0.0578547
19	0.0570697
19.1	0.0562948
19.2	0.0555271
19.3	0.054767
19.4	0.0540166
19.5	0.053276
19.6	0.0525412
19.7	0.0518152
19.8	0.0510957
19.9	0.0503836
20	0.0496826
20.1	0.0489948
20.2	0.0483202
20.3	0.0476541
20.4	0.046996
20.5	0.0463483
20.6	0.0457108
20.7	0.0450764
20.8	0.044446
20.9	0.0438223
21	0.0432053
21.1	0.042596
21.2	0.0419935
21.3	0.0413969
21.4	0.0408043
21.5	0.0402223
21.6	0.0396474
21.7	0.0390809
21.8	0.0385271
21.9	0.0379798
22	0.0374396
22.1	0.0369086
22.2	0.0363865
22.3	0.0358717
22.4	0.0353597
22.5	0.0348534
22.6	0.0343505
22.7	0.0338545
22.8	0.0333663
22.9	0.0328843
23	0.0324066
23.1	0.031937
23.2	0.0314777
23.3	0.0310269
23.4	0.0305795
23.5	0.0301365
23.6	0.029702
23.7	0.029276
23.8	0.0288561
23.9	0.0284398
24	0.0280292
24.1	0.027626
24.2	0.0272335
24.3	0.0268407
24.4	0.0264498
24.5	0.0260595
24.6	0.0256728
24.7	0.0252888
24.8	0.0249077
24.9	0.0245303
25	0.0241568
25.1	0.0237869
25.2	0.0234254
25.3	0.0230711
25.4	0.0227211
25.5	0.0223732
25.6	0.022028
25.7	0.0216857
25.8	0.0213451
25.9	0.0210106
26	0.0206802
26.1	0.0203597
26.2	0.0200501
26.3	0.0197456
26.4	0.0194436
26.5	0.0191384
26.6	0.0188357
26.7	0.0185382
26.8	0.0182446
26.9	0.0179541
27	0.0176686
27.1	0.0173933
27.2	0.0171296
27.3	0.0168725
27.4	0.0166222
27.5	0.0163799
27.6	0.0161455
27.7	0.0159167
27.8	0.0156929
27.9	0.0154772
28	0.0152706
28.1	0.0150717
28.2	0.0148748
28.3	0.0146771
28.4	0.0144795
28.5	0.0142831
28.6	0.0140915
28.7	0.0139012
28.8	0.0137115
28.9	0.0135202
29	0.0133276
29.1	0.0131363
29.2	0.0129474
29.3	0.0127598
29.4	0.0125727
29.5	0.0123866
29.6	0.0122011
29.7	0.0120215
29.8	0.0118502
29.9	0.011684
30	0.011518
30.1	0.0113527
30.2	0.0111861
30.3	0.0110155
30.4	0.0108464
30.5	0.0106827
30.6	0.0105278
30.7	0.0103814
30.8	0.0102371
30.9	0.0100957
31	0.0099552
31.1	0.0098172
31.2	0.0096825
31.3	0.00954843
31.4	0.00941095
31.5	0.00928085
31.6	0.0091561
31.7	0.00903849
31.8	0.00892267
31.9	0.00880198
32	0.00868061
32.1	0.00856217
32.2	0.00844452
32.3	0.00832998
32.4	0.00822088
32.5	0.00811624
32.6	0.00801544
32.7	0.0079185
32.8	0.00782288
32.9	0.00772962
33	0.00763916
33.1	0.00754749
33.2	0.00745637
33.3	0.0073632
33.4	0.00726726
33.5	0.00717196
33.6	0.0070782
33.7	0.00698184
33.8	0.00688251
33.9	0.00678731
34	0.00669405
34.1	0.0066031
34.2	0.00651323
34.3	0.00641991
34.4	0.00632726
34.5	0.00624336
34.6	0.00616212
34.7	0.00607894
34.8	0.00599691
34.9	0.00591611
35	0.00584028
35.1	0.00576687
35.2	0.00568914
35.3	0.00560969
35.4	0.00553439
35.5	0.00546595
35.6	0.00539787
35.7	0.00533241
35.8	0.0052699
35.9	0.00521029
36	0.00515404
36.1	0.00509803
36.2	0.00504165
36.3	0.00498409
36.4	0.00492324
36.5	0.00486068
36.6	0.00479975
36.7	0.00473926
36.8	0.0046779
36.9	0.00461271
37	0.00454764
37.1	0.00448608
37.2	0.00442262
37.3	0.00435341
37.4	0.00428712
37.5	0.00422048
37.6	0.00415414
37.7	0.00408467
37.8	0.00401686
37.9	0.00395147
38	0.00388885
38.1	0.00383322
38.2	0.00378425
38.3	0.00373566
38.4	0.0036905
38.5	0.00364654
38.6	0.00360657
38.7	0.00357269
38.8	0.00354148
38.9	0.00351118
39	0.00348337
39.1	0.00346203
39.2	0.00343699
39.3	0.00340742
39.4	0.00337525
39.5	0.00334039
39.6	0.00330228
39.7	0.00326903
39.8	0.00323556
39.9	0.00320185
40	0.00317119
40.1	0.00314182
40.2	0.00311075
40.3	0.00307968
40.4	0.00304404
40.5	0.00300717
40.6	0.00297312
40.7	0.00294006
40.8	0.00290179
40.9	0.00285883
41	0.00281329
41.1	0.00276258
41.2	0.00270873
41.3	0.00265134
41.4	0.00259022
41.5	0.0025262
41.6	0.00245948
41.7	0.00238852
41.8	0.00231621
41.9	0.00224841
42	0.00218442
42.1	0.00212384
42.2	0.00206993
42.3	0.00201507
42.4	0.00195668
42.5	0.00189955
42.6	0.00184042
42.7	0.00178061
42.8	0.00172571
42.9	0.00167346
43	0.00162157
43.1	0.00157094
43.2	0.00152752
43.3	0.00148865
43.4	0.00145416
43.5	0.00142156
43.6	0.00139002
43.7	0.0013604
43.8	0.00133437
43.9	0.00131186
44	0.00129472
44.1	0.00128725
44.2	0.00127977
44.3	0.00127627
44.4	0.00127119
44.5	0.00126568
44.6	0.00125981
44.7	0.00124765
44.8	0.00123209
44.9	0.00121282
45	0.00119042
45.1	0.00116267
45.2	0.00113043
45.3	0.00110009
45.4	0.00106906
45.5	0.00103778
45.6	0.00100718
45.7	0.000983625
45.8	0.000960922
45.9	0.000939091
46	0.000919471
46.1	0.000900605
46.2	0.000885192
46.3	0.000868836
46.4	0.000849943
46.5	0.000830532
46.6	0.000811201
46.7	0.000793038
46.8	0.00077911
46.9	0.000764285
47	0.000747728
47.1	0.000728437
47.2	0.000706887
47.3	0.000682767
47.4	0.000656911
47.5	0.000629484
47.6	0.000602498
47.7	0.000577505
47.8	0.000558052
47.9	0.000539517
48	0.000526868
48.1	0.00051683
48.2	0.000504529
48.3	0.000493557
48.4	0.000486235
48.5	0.00047962
48.6	0.000471839
48.7	0.000465835
48.8	0.000458353
48.9	0.000447557
49	0.000445199
49.1	0.000445492
49.2	0.00044759
49.3	0.0004519
49.4	0.000460086
49.5	0.000469865
49.6	0.000481979
49.7	0.000494911
49.8	0.000507829
49.9	0.000514865
50	0.000517555
50.1	0.000522969
50.2	0.000526031
50.3	0.000528551
50.4	0.000528106
50.5	0.000527811
50.6	0.00052555
50.7	0.00052269
50.8	0.000523047
50.9	0.00053051
51	0.000541709
51.1	0.000553644
51.2	0.000564886
51.3	0.000575746
51.4	0.000586401
51.5	0.0005972
51.6	0.000605364
51.7	0.000608983
51.8	0.000608335
51.9	0.000602245
52	0.000593837
52.1	0.000580827
52.2	0.000566328
52.3	0.00055509
52.4	0.000549544
52.5	0.000546879
52.6	0.000549849
52.7	0.000553175
52.8	0.000552563
52.9	0.000547192
53	0.000537004
53.1	0.000526247
53.2	0.000518144
53.3	0.000509327
53.4	0.000496471
53.5	0.000477976
53.6	0.000460457
53.7	0.000443585
53.8	0.000426721
53.9	0.000412016
54	0.000397017
54.1	0.000381867
54.2	0.000364892
54.3	0.000347843
54.4	0.000326414
54.5	0.000303997
54.6	0.000281602
54.7	0.000262944
54.8	0.000247245
54.9	0.000238564
55	0.000234651
55.1	0.000230093
55.2	0.000222197
55.3	0.000212835
55.4	0.000201798
55.5	0.000187016
55.6	0.000168157
55.7	0.00014926
55.8	0.000129966
55.9	0.000105798
56	7.76888e-05
56.1	4.98863e-05
56.2	2.43766e-05
56.3	1.79901e-06
56.4	-1.706e-05
56.5	-3.85104e-05
56.6	-5.98979e-05
56.7	-8.04988e-05
56.8	-0.000100883
56.9	-0.000117832
57	-0.000131746
57.1	-0.000139887
57.2	-0.00014747
57.3	-0.000153799
57.4	-0.000157096
57.5	-0.000159353
57.6	-0.000157555
57.7	-0.000151347
57.8	-0.000144646
57.9	-0.000144221
58	-0.000149951
58.1	-0.000156865
58.2	-0.000155658
58.3	-0.000153089
58.4	-0.00015029
58.5	-0.000148483
58.6	-0.000142239
58.7	-0.000132302
58.8	-0.000114727
58.9	-9.42357e-05
59	-7.33007e-05
59.1	-5.37972e-05
59.2	-3.66146e-05
59.3	-2.2197e-05
59.4	-1.27168e-05
59.5	-2.26956e-06
59.6	7.29102e-06
59.7	1.17354e-05
59.8	7.28408e-06
59.9	2.31987e-06
60	3.25235e-06
60.1	2.5573e-06
60.2	-1.16969e-06
60.3	-3.41784e-06
60.4	-8.62382e-06
60.5	-1.86791e-05
60.6	-3.23604e-05
60.7	-4.73338e-05
60.8	-6.56982e-05
60.9	-8.44008e-05
61	-9.83308e-05
61.1	-0.000107362
61.2	-0.000113901
61.3	-0.000114184
61.4	-0.000109755
61.5	-0.000103868
61.6	-9.27576e-05
61.7	-8.25224e-05
61.8	-7.76094e-05
61.9	-7.80774e-05
62	-8.28095e-05
62.1	-8.62032e-05
62.2	-8.69351e-05
62.3	-8.3105e-05
62.4	-7.67567e-05
62.5	-6.9707e-05
62.6	-6.24787e-05
62.7	-5.48072e-05
62.8	-4.90558e-05
62.9	-4.50981e-05
63	-3.64264e-05
63.1	-2.72697e-05
63.2	-1.90494e-05
63.3	-7.92718e-06
63.4	7.72314e-07
63.5	8.31367e-06
63.6	1.57395e-05
63.7	2.37208e-05
63.8	3.58286e-05
63.9	5.37313e-05
64	8.0756e-05
64.1	0.000111752
64.2	0.000146631
64.3	0.000180593
64.4	0.000210968
64.5	0.000237074
64.6	0.000256034
64.7	0.000264743
64.8	0.000270529
64.9	0.000269183
65	0.000260364
65.1	0.000245636
65.2	0.000227804
65.3	0.000214288
65.4	0.000197478
65.5	0.00017891
65.6	0.000160972
65.7	0.000142861
65.8	0.000125826
65.9	0.000105694
66	8.32174e-05
66.1	5.83323e-05
66.2	3.20415e-05
66.3	4.90031e-06
66.4	-2.05342e-05
66.5	-4.66444e-05
66.6	-7.6879e-05
66.7	-0.000105427
66.8	-0.000134399
66.9	-0.000161182
67	-0.000182639
67.1	-0.000207685
67.2	-0.000233842
67.3	-0.000267419
67.4	-0.00030249
67.5	-0.0003389
67.6	-0.000373394
67.7	-0.000409548
67.8	-0.000444034
67.9	-0.000473772
68	-0.000496051
68.1	-0.000519622
68.2	-0.000542238
68.3	-0.000564822
68.4	-0.000585558
68.5	-0.000609605
68.6	-0.000631179
68.7	-0.000651665
68.8	-0.00067174
68.9	-0.000688452
69	-0.000701793
69.1	-0.000715577
69.2	-0.000732259
69.3	-0.000754952
69.4	-0.000777533
69.5	-0.000801878
69.6	-0.000825845
69.7	-0.000844559
69.8	-0.000858386
69.9	-0.000874237
70	-0.000888257
70.1	-0.000900392
70.2	-0.000912824
70.3	-0.000924905
70.4	-0.000933114
70.5	-0.000936314
70.6	-0.000936018
70.7	-0.000930919
70.8	-0.000922306
70.9	-0.000913401
71	-0.000902646
71.1	-0.00089285
71.2	-0.000884652
71.3	-0.000875546
71.4	-0.000865406
71.5	-0.000854979
71.6	-0.000841998
71.7	-0.000830465
71.8	-0.000819041
71.9	-0.000807859
72	-0.000799921
72.1	-0.000795313
72.2	-0.000791501
72.3	-0.000791201
72.4	-0.000788824
72.5	-0.000782237
72.6	-0.000776819
72.7	-0.000769974
72.8	-0.000761407
72.9	-0.000756993
73	-0.000756547
73.1	-0.000762644
73.2	-0.000776143
73.3	-0.00079247
73.4	-0.000813449
73.5	-0.000836778
73.6	-0.000862183
73.7	-0.000885301
73.8	-0.000909913
73.9	-0.000932682
74	-0.000955387
74.1	-0.000975081
74.2	-0.000994377
74.3	-0.0010151
74.4	-0.0010347
74.5	-0.00105648
74.6	-0.00108152
74.7	-0.00110727
74.8	-0.00112935
74.9	-0.00115227
75	-0.00117442
75.1	-0.00119385
75.2	-0.00121426
75.3	-0.00123041
75.4	-0.00124129
75.5	-0.00125201
75.6	-0.00126048
75.7	-0.00126829
75.8	-0.00127459
75.9	-0.00128564
76	-0.00129729
76.1	-0.00130486
76.2	-0.0013093
76.3	-0.0013126
76.4	-0.0013136
76.5	-0.0013115
76.6	-0.0013093
76.7	-0.00130314
76.8	-0.0012925
76.9	-0.00128557
77	-0.00128109
77.1	-0.00127485
77.2	-0.00126859
77.3	-0.00126073
77.4	-0.00125243
77.5	-0.00124041
77.6	-0.00122153
77.7	-0.00119776
77.8	-0.00117226
77.9	-0.00115033
78	-0.00113503
78.1	-0.00112836
78.2	-0.00112466
78.3	-0.00111655
78.4	-0.00110477
78.5	-0.00108855
78.6	-0.00107002
78.7	-0.00104895
78.8	-0.00102905
78.9	-0.00100096
79	-0.000966646
79.1	-0.000926148
79.2	-0.000885422
79.3	-0.000843875
79.4	-0.000796941
79.5	-0.000748
79.6	-0.000700894
79.7	-0.000660819
79.8	-0.000625132
79.9	-0.000591668
80	-0.000563913
80.1	-0.000536104
80.2	-0.000506195
80.3	-0.000475712
80.4	-0.00044441
80.5	-0.00041217
80.6	-0.000376517
80.7	-0.000340903
80.8	-0.000304794
80.9	-0.000266086
81	-0.000226715
81.1	-0.000188777
81.2	-0.000146194
81.3	-9.83259e-05
81.4	-4.50327e-05
81.5	1.07766e-05
81.6	6.70174e-05
81.7	0.000122424
81.8	0.000176481
81.9	0.000233059
82	0.000293918
82.1	0.000352912
82.2	0.000411466
82.3	0.000468505
82.4	0.000521705
82.5	0.000572992
82.6	0.000624732
82.7	0.000678507
82.8	0.000733494
82.9	0.000790902
83	0.000847613
83.1	0.000909391
83.2	0.000973549
83.3	0.00103587
83.4	0.00109752
83.5	0.00115961
83.6	0.00122379
83.7	0.00128657
83.8	0.00134334
83.9	0.00139254
84	0.00144104
84.1	0.0014895
84.2	0.00153838
84.3	0.00158108
84.4	0.00162079
84.5	0.00166232
84.6	0.00170344
84.7	0.00174838
84.8	0.00179379
84.9	0.00184195
85	0.00189067
85.1	0.00194042
85.2	0.00199771
85.3	0.0020565
85.4	0.00211666
85.5	0.00218074
85.6	0.00224379
85.7	0.00230874
85.8	0.00237552
85.9	0.00243819
86	0.00249635
86.1	0.00254907
86.2	0.00260229
86.3	0.00265844
86.4	0.00271742
86.5	0.0027767
86.6	0.00283455
86.7	0.00289236
86.8	0.00294669
86.9	0.00300097
87	0.00305195
87.1	0.00309857
87.2	0.00314744
87.3	0.00319269
87.4	0.00323634
87.5	0.00327733
87.6	0.00331836
87.7	0.0033612
87.8	0.00340093
87.9	0.00343767
88	0.00347343
88.1	0.00350973
88.2	0.00354989
88.3	0.00359229
88.4	0.00363326
88.5	0.00366743
88.6	0.003696
88.7	0.00372317
88.8	0.00374378
88.9	0.0037601
89	0.00377074
89.1	0.00378172
89.2	0.00378798
89.3	0.00379151
89.4	0.00379424
89.5	0.00379699
89.6	0.00380533
89.7	0.00381913
89.8	0.00384013
89.9	0.00386572
90	0.00389184
90.1	0.0039188
90.2	0.00394219
90.3	0.00396284
90.4	0.00398264
90.5	0.00399713
90.6	0.00401221
90.7	0.00402653
90.8	0.00404194
90.9	0.00405791
91	0.00407344
91.1	0.00408606
91.2	0.00409696
91.3	0.0041094
91.4	0.00412476
91.5	0.00414111
91.6	0.00416202
91.7	0.00419271
91.8	0.00422469
91.9	0.00425533
92	0.00428608
92.1	0.00432127
92.2	0.00435575
92.3	0.00438249
92.4	0.00440102
92.5	0.00441249
92.6	0.00442207
92.7	0.00442411
92.8	0.0044231
92.9	0.00441733
93	0.00441525
93.1	0.00441291
93.2	0.0044115
93.3	0.00441094
93.4	0.00440846
93.5	0.00440784
93.6	0.0044086
93.7	0.00440414
93.8	0.00439101
93.9	0.00437439
94	0.00435631
94.1	0.00434215
94.2	0.0043333
94.3	0.00432823
94.4	0.00432487
94.5	0.00432028
94.6	0.00431488
94.7	0.0043066
94.8	0.00429107
94.9	0.00427412
95	0.00425771
95.1	0.004246
95.2	0.00423613
95.3	0.00422517
95.4	0.00421173
95.5	0.00419788
95.6	0.0041825
95.7	0.00416843
95.8	0.00415512
95.9	0.00414004
96	0.00411747
96.1	0.00409024
96.2	0.0040582
96.3	0.00402296
96.4	0.00398857
96.5	0.00395127
96.6	0.00391189
96.7	0.00387537
96.8	0.00384432
96.9	0.0038195
97	0.00379182
97.1	0.00375896
97.2	0.00372538
97.3	0.00369057
97.4	0.00365477
97.5	0.00362249
97.6	0.00359248
97.7	0.00356533
97.8	0.003535
97.9	0.00350481
98	0.0034769
98.1	0.00345112
98.2	0.0034325
98.3	0.00341601
98.4	0.00340262
98.5	0.00338768
98.6	0.00337045
98.7	0.00335916
98.8	0.00334524
98.9	0.00332744
99	0.00330856
99.1	0.00328694
99.2	0.003268
99.3	0.00324638
99.4	0.0032207
99.5	0.00319722
99.6	0.00317098
99.7	0.00314205
99.8	0.00311352
99.9	0.00308222
100	0.00304795
100.1	0.00301057
100.2	0.00296917
100.3	0.0029273
100.4	0.00288483
100.5	0.00284199
100.6	0.00279589
100.7	0.00274449
100.8	0.00269038
100.9	0.00263228
101	0.00256821
101.1	0.00250513
101.2	0.00244518
101.3	0.00238592
101.4	0.00233279
101.5	0.0022827
101.6	0.00223571
101.7	0.00219038
101.8	0.00215099
101.9	0.00211638
102	0.00208603
102.1	0.00205713
102.2	0.00203285
102.3	0.00201297
102.4	0.00199664
102.5	0.00197652
102.6	0.00195409
102.7	0.0019319
102.8	0.0019119
102.9	0.00189059
103	0.00186699
103.1	0.00184397
103.2	0.00182072
103.3	0.00179484
103.4	0.00177316
103.5	0.00175406
103.6	0.00173806
103.7	0.00172107
103.8	0.0017089
103.9	0.00170056
104	0.00170084
104.1	0.00170728
104.2	0.00171509
104.3	0.00172726
104.4	0.00173936
104.5	0.00174813
104.6	0.00175358
104.7	0.0017571
104.8	0.00176251
104.9	0.001773
105	0.00178788
105.1	0.00180353
105.2	0.00181604
105.3	0.00182271
105.4	0.00182626
105.5	0.00182446
105.6	0.00181933
105.7	0.00181154
105.8	0.00179953
105.9	0.00178975
106	0.00178044
106.1	0.00177195
106.2	0.00176072
106.3	0.00174893
106.4	0.00173026
106.5	0.00170373
106.6	0.00167359
106.7	0.00164222
106.8	0.00161078
106.9	0.00157955
107	0.0015491
107.1	0.00152213
107.2	0.00149393
107.3	0.00146549
107.4	0.00143345
107.5	0.00140624
107.6	0.00138445
107.7	0.00136186
107.8	0.00134023
107.9	0.00131926
108	0.0012955
108.1	0.00127108
108.2	0.00125114
108.3	0.00123547
108.4	0.00122108
108.5	0.00120671
108.6	0.00118833
108.7	0.00116706
108.8	0.00114577
108.9	0.0011244
109	0.00110473
109.1	0.00109564
109.2	0.00109115
109.3	0.00109181
109.4	0.00109965
109.5	0.00110658
109.6	0.00110779
109.7	0.0011073
109.8	0.00110246
109.9	0.00109651
110	0.00108651
110.1	0.00107641
110.2	0.00106629
110.3	0.00105397
110.4	0.00103871
110.5	0.00102352
110.6	0.0010059
110.7	0.000985163
110.8	0.000966364
110.9	0.000951223
111	0.000940346
111.1	0.000930714
111.2	0.00092338
111.3	0.000918517
111.4	0.000916409
111.5	0.000921569
111.6	0.000931852
111.7	0.000938103
111.8	0.000938203
111.9	0.000932734
112	0.000926763
112.1	0.000919389
112.2	0.000914549
112.3	0.0009113
112.4	0.000906786
112.5	0.000902022
112.6	0.000896511
112.7	0.000892782
112.8	0.000895951
112.9	0.000900321
113	0.000904196
113.1	0.00091071
113.2	0.000917894
113.3	0.000928476
113.4	0.000945711
113.5	0.000963504
113.6	0.000980445
113.7	0.000995252
113.8	0.00100887
113.9	0.00101927
114	0.00103338
114.1	0.00105132
114.2	0.00107315
114.3	0.00109596
114.4	0.00111733
114.5	0.00114112
114.6	0.00116744
114.7	0.00119771
114.8	0.00122896
114.9	0.00125874
115	0.00128623
115.1	0.00131188
115.2	0.00133719
115.3	0.00136357
115.4	0.00138914
115.5	0.00141441
115.6	0.00143721
115.7	0.00146438
115.8	0.00148915
115.9	0.00151538
116	0.00154549
116.1	0.00157888
116.2	0.00161467
116.3	0.00165441
116.4	0.00169242
116.5	0.0017282
116.6	0.00175924
116.7	0.00178674
116.8	0.00181536
116.9	0.00184316
117	0.00187075
117.1	0.00190368
117.2	0.00193468
117.3	0.00196491
117.4	0.00199158
117.5	0.00201679
117.6	0.00204342
117.7	0.00206763
117.8	0.00208931
117.9	0.00210902
118	0.00213126
118.1	0.00215118
118.2	0.00216802
118.3	0.00218208
118.4	0.00219246
118.5	0.00220062
118.6	0.00220761
118.7	0.00221495
118.8	0.00222199
118.9	0.00222516
119	0.0022266
119.1	0.00223233
119.2	0.00224199
119.3	0.00225335
119.4	0.00226719
119.5	0.0022848
119.6	0.00230228
119.7	0.00231756
119.8	0.00233118
119.9	0.00234718
120	0.00236077
120.1	0.00236933
120.2	0.00236885
120.3	0.0023653
120.4	0.00235741
120.5	0.00234826
120.6	0.00234221
120.7	0.00233375
120.8	0.00231983
120.9	0.00230192
121	0.00228132
121.1	0.00226247
121.2	0.00224578
121.3	0.00222739
121.4	0.00220952
121.5	0.00219392
121.6	0.00217572
121.7	0.00215386
121.8	0.0021325
121.9	0.0021104
122	0.00208645
122.1	0.00205562
122.2	0.00202155
122.3	0.00197999
122.4	0.0019313
122.5	0.00188217
122.6	0.00183448
122.7	0.00178731
122.8	0.00174407
122.9	0.00170141
123	0.0016593
123.1	0.00162193
123.2	0.00158953
123.3	0.00156
123.4	0.00153087
123.5	0.001498
123.6	0.00146107
123.7	0.00142728
123.8	0.00138996
123.9	0.0013512
124	0.00131876
124.1	0.0012916
124.2	0.00126408
124.3	0.00123142
124.4	0.00120001
124.5	0.00116634
124.6	0.00113195
124.7	0.00110191
124.8	0.00107112
124.9	0.00103895
125	0.00100697
125.1	0.000969722
125.2	0.000931647
125.3	0.00089539
125.4	0.000857554
125.5	0.000818966
125.6	0.000786005
125.7	0.000755752
125.8	0.000727689
125.9	0.000704901
126	0.000682032
126.1	0.000663394
126.2	0.000647059
126.3	0.000634956
126.4	0.000627545
126.5	0.000619896
126.6	0.00061266
126.7	0.000604786
126.8	0.000600137
126.9	0.000599631
127	0.000602653
127.1	0.000613844
127.2	0.000633536
127.3	0.000659335
127.4	0.000686578
127.5	0.000717334
127.6	0.000749649
127.7	0.000778179
127.8	0.000803001
127.9	0.000826698
128	0.0008468
128.1	0.000868382
128.2	0.000884544
128.3	0.000901606
128.4	0.000918342
128.5	0.000936489
128.6	0.000956884
128.7	0.000978897
128.8	0.00100383
128.9	0.00102668
129	0.00104564
129.1	0.00106578
129.2	0.00108518
129.3	0.0011019
129.4	0.00111981
129.5	0.00113801
129.6	0.00115796
129.7	0.00117752
129.8	0.00120052
129.9	0.00122172
130	0.00123911
130.1	0.00125775
130.2	0.00127746
130.3	0.00129445
130.4	0.00131067
130.5	0.00133012
130.6	0.00135375
130.7	0.00137653
130.8	0.00139747
130.9	0.00141912
131	0.0014389
131.1	0.0014563
131.2	0.0014717
131.3	0.00149013
131.4	0.00150711
131.5	0.0015202
131.6	0.00153246
131.7	0.00154355
131.8	0.00155419
131.9	0.00156681
132	0.00157734
132.1	0.00158518
132.2	0.00159284
132.3	0.00160166
132.4	0.0016137
132.5	0.00162277
132.6	0.00162951
132.7	0.00163332
132.8	0.00163661
132.9	0.00164324
133	0.00165369
133.1	0.00166079
133.2	0.00166916
133.3	0.00167278
133.4	0.00167809
133.5	0.0016859
133.6	0.00169581
133.7	0.00170476
133.8	0.00171468
133.9	0.00172381
134	0.00173773
134.1	0.00175239
134.2	0.00176551
134.3	0.00177705
134.4	0.00179227
134.5	0.0018115
134.6	0.00182964
134.7	0.00185043
134.8	0.00187274
134.9	0.00189668
135	0.00192148
135.1	0.00194687
135.2	0.00197214
135.3	0.00199803
135.4	0.00202403
135.5	0.00204686
135.6	0.00206905
135.7	0.00208593
135.8	0.00209989
135.9	0.00210778
136	0.00211791
136.1	0.00212711
136.2	0.0021363
136.3	0.00214421
136.4	0.00215205
136.5	0.00216345
136.6	0.00218028
136.7	0.00219956
136.8	0.00221527
136.9	0.00222695
137	0.00224122
137.1	0.00225689
137.2	0.00227069
137.3	0.00227684
137.4	0.00227708
137.5	0.00226751
137.6	0.00225214
137.7	0.00224069
137.8	0.00222957
137.9	0.00221591
138	0.00219955
138.1	0.00218549
138.2	0.00217171
138.3	0.00215717
138.4	0.00214174
138.5	0.00212356
138.6	0.00210075
138.7	0.00207415
138.8	0.00204315
138.9	0.00201427
139	0.00198879
139.1	0.00196278
139.2	0.00193986
139.3	0.00192067
139.4	0.00190573
139.5	0.00189294
139.6	0.00188224
139.7	0.00187689
139.8	0.00187913
139.9	0.00188644
140	0.00189162
140.1	0.00189338
140.2	0.0018915
140.3	0.00188842
140.4	0.0018845
140.5	0.00187572
140.6	0.00186665
140.7	0.00186049
140.8	0.00185654
140.9	0.00185217
141	0.00184456
141.1	0.00183849
141.2	0.00183565
141.3	0.00183199
141.4	0.00183265
141.5	0.0018299
141.6	0.00182554
141.7	0.00182207
141.8	0.00181794
141.9	0.00181376
142	0.00181221
142.1	0.00181332
142.2	0.00181554
142.3	0.00181807
142.4	0.00181948
142.5	0.00181806
142.6	0.00181388
142.7	0.00180717
142.8	0.00179624
142.9	0.00178389
143	0.00176545
143.1	0.00174292
143.2	0.00171613
143.3	0.00168783
143.4	0.00165898
143.5	0.00163146
143.6	0.00160814
143.7	0.00158718
143.8	0.00156481
143.9	0.0015426
144	0.00152015
144.1	0.00149487
144.2	0.00146846
144.3	0.00144966
144.4	0.00144175
144.5	0.00143537
144.6	0.00142793
144.7	0.00141935
144.8	0.00140452
144.9	0.00139396
145	0.001382
145.1	0.00136846
145.2	0.00134763
145.3	0.00132133
145.4	0.00129711
145.5	0.00127607
145.6	0.00125279
145.7	0.00122462
145.8	0.00119636
145.9	0.00117178
146	0.0011515
146.1	0.00113708
146.2	0.00112867
146.3	0.00112585
146.4	0.00112197
146.5	0.00111782
146.6	0.00110913
146.7	0.00110021
146.8	0.0010902
146.9	0.00108048
147	0.00106869
147.1	0.00105578
147.2	0.00104078
147.3	0.00102337
147.4	0.00100346
147.5	0.000983825
147.6	0.000965561
147.7	0.000946696
147.8	0.000927279
147.9	0.000904369
148	0.000879138
148.1	0.000853701
148.2	0.000829342
148.3	0.000808739
148.4	0.000785091
148.5	0.0007595
148.6	0.000733473
148.7	0.000707307
148.8	0.000688767
148.9	0.000674992
149	0.000661743
149.1	0.000648425
149.2	0.000639295
149.3	0.000635569
149.4	0.000635147
149.5	0.000631272
149.6	0.000626755
149.7	0.000617823
149.8	0.000601676
149.9	0.000579539
150	0.000552683
150.1	0.000527154
150.2	0.000504211
150.3	0.000484337
150.4	0.000470977
150.5	0.000460039
150.6	0.000455765
150.7	0.000452986
150.8	0.000449395
150.9	0.000447397
151	0.000446261
151.1	0.000449158
151.2	0.000452019
151.3	0.000456347
151.4	0.000463243
151.5	0.000474608
151.6	0.000490104
151.7	0.000501831
151.8	0.000510097
151.9	0.000519657
152	0.000534266
152.1	0.000553831
152.2	0.00057599
152.3	0.000601537
152.4	0.000633632
152.5	0.000666115
152.6	0.000701874
152.7	0.000735566
152.8	0.000765372
152.9	0.000796476
153	0.000828523
153.1	0.000855829
153.2	0.000879876
153.3	0.000903286
153.4	0.000925817
153.5	0.000948969
153.6	0.000971763
153.7	0.000993854
153.8	0.0010175
153.9	0.00104124
154	0.0010664
154.1	0.00109451
154.2	0.00112753
154.3	0.00116383
154.4	0.00120417
154.5	0.00124414
154.6	0.00128263
154.7	0.00132195
154.8	0.00136024
154.9	0.00140102
155	0.00144185
155.1	0.00147583
155.2	0.00150835
155.3	0.00153987
155.4	0.0015714
155.5	0.00160684
155.6	0.00164658
155.7	0.00168311
155.8	0.00172156
155.9	0.00176347
156	0.00181238
156.1	0.00186546
156.2	0.00191712
156.3	0.00196392
156.4	0.00200547
156.5	0.0020433
156.6	0.00207746
156.7	0.00210733
156.8	0.00213038
156.9	0.00215034
157	0.00216859
157.1	0.00218047
157.2	0.00219205
157.3	0.00220682
157.4	0.00222572
157.5	0.00224573
157.6	0.00226926
157.7	0.0022961
157.8	0.00232655
157.9	0.00235534
158	0.00238114
158.1	0.00240214
158.2	0.00242312
158.3	0.00244526
158.4	0.00246772
158.5	0.00249167
158.6	0.00251891
158.7	0.00254663
158.8	0.0025733
158.9	0.00259698
159	0.00262167
159.1	0.00264498
159.2	0.00266517
159.3	0.00268335
159.4	0.00270081
159.5	0.00272082
159.6	0.00274334
159.7	0.00276773
159.8	0.0027938
159.9	0.00282554
160	0.00286275
160.1	0.00290551
160.2	0.0029438
160.3	0.00297757
160.4	0.00300965
160.5	0.00303851
160.6	0.00306658
160.7	0.00308951
160.8	0.00310242
160.9	0.00310891
161	0.00311397
161.1	0.00311617
161.2	0.00311828
161.3	0.00312096
161.4	0.00312253
161.5	0.00311987
161.6	0.00311229
161.7	0.00310711
161.8	0.00310389
161.9	0.00309967
162	0.0030967
162.1	0.00309353
162.2	0.00308911
162.3	0.00308776
162.4	0.0030839
162.5	0.00308302
162.6	0.00307973
162.7	0.00307576
162.8	0.00306909
162.9	0.003062
163	0.0030551
163.1	0.003053
163.2	0.00305364
163.3	0.00305551
163.4	0.00305284
163.5	0.00304729
163.6	0.0030375
163.7	0.00302321
163.8	0.00300544
163.9	0.0029874
164	0.00297213
164.1	0.00295543
164.2	0.00293784
164.3	0.00291791
164.4	0.00290147
164.5	0.00288505
164.6	0.00287371
164.7	0.00286284
164.8	0.00284983
164.9	0.00283862
165	0.00282905
165.1	0.00281666
165.2	0.00279687
165.3	0.00277644
165.4	0.00275438
165.5	0.00273228
165.6	0.00271148
165.7	0.00269021
165.8	0.00266975
165.9	0.00264949
166	0.00263015
166.1	0.0026113
166.2	0.00259083
166.3	0.0025699
166.4	0.0025546
166.5	0.00254106
166.6	0.00253218
166.7	0.00251788
166.8	0.00250069
166.9	0.0024792
167	0.00245644
167.1	0.00243135
167.2	0.00240248
167.3	0.00236782
167.4	0.00233561
167.5	0.00230524
167.6	0.00227719
167.7	0.0022502
167.8	0.00223041
167.9	0.00221431
168	0.00220178
168.1	0.00218544
168.2	0.00216714
168.3	0.00214751
168.4	0.00212421
168.5	0.00209995
168.6	0.00208147
168.7	0.00206657
168.8	0.00205613
168.9	0.00204942
169	0.00204986
169.1	0.00205896
169.2	0.00207411
169.3	0.00209153
169.4	0.00210828
169.5	0.0021203
169.6	0.00213124
169.7	0.00214607
169.8	0.00216345
169.9	0.00218443
170	0.00221099
170.1	0.00224504
170.2	0.00227936
170.3	0.00231247
170.4	0.00234338
170.5	0.00237712
170.6	0.00241766
170.7	0.00245928
170.8	0.00249904
170.9	0.00254037
171	0.00258151
171.1	0.00262071
171.2	0.0026637
171.3	0.0026986
171.4	0.00272541
171.5	0.00274867
171.6	0.00276997
171.7	0.00278657
171.8	0.00280049
171.9	0.00281429
172	0.00283301
172.1	0.0028547
172.2	0.00287597
172.3	0.00289455
172.4	0.00290394
172.5	0.00290236
172.6	0.00289576
172.7	0.00288709
172.8	0.00287881
172.9	0.00286715
173	0.00285137
173.1	0.00283461
173.2	0.00281294
173.3	0.00278694
173.4	0.0027536
173.5	0.0027134
173.6	0.00266999
173.7	0.00262573
173.8	0.00258364
173.9	0.00253995
174	0.00249297
174.1	0.00244886
174.2	0.0024025
174.3	0.00235092
174.4	0.00230167
174.5	0.00225733
174.6	0.00221403
174.7	0.00216767
174.8	0.00212442
174.9	0.0020834
175	0.0020396
175.1	0.00199483
175.2	0.00194859
175.3	0.00190524
175.4	0.0018708
175.5	0.0018402
175.6	0.00181229
175.7	0.00178464
175.8	0.00175599
175.9	0.00172508
176	0.00169616
176.1	0.00167141
176.2	0.00164694
176.3	0.0016239
176.4	0.00160068
176.5	0.00157747
176.6	0.00155374
176.7	0.0015267
176.8	0.00149817
176.9	0.00146926
177	0.00144151
177.1	0.00141122
177.2	0.00138307
177.3	0.00135763
177.4	0.00133965
177.5	0.00132753
177.6	0.00132043
177.7	0.00131177
177.8	0.00129665
177.9	0.00127807
178	0.00126121
178.1	0.00124709
178.2	0.00123619
178.3	0.00123092
178.4	0.0012293
178.5	0.0012318
178.6	0.00123372
178.7	0.00123306
178.8	0.00123106
178.9	0.00122531
179	0.00121403
179.1	0.00120305
179.2	0.00119299
179.3	0.00118488
179.4	0.00118266
179.5	0.0011872
179.6	0.00118937
179.7	0.00118862
179.8	0.00118503
179.9	0.00117914
180	0.0011734
180.1	0.00116797
180.2	0.00116151
180.3	0.00115465
180.4	0.0011482
180.5	0.00114389
180.6	0.00114422
180.7	0.00114325
180.8	0.00114172
180.9	0.0011422
181	0.00114308
181.1	0.00114473
181.2	0.00114801
181.3	0.00115621
181.4	0.0011622
181.5	0.00116472
181.6	0.00116541
181.7	0.00117076
181.8	0.00117847
181.9	0.00118893
182	0.00119765
182.1	0.00120984
182.2	0.00121638
182.3	0.00121823
182.4	0.00121294
182.5	0.00120369
182.6	0.00119092
182.7	0.00118043
182.8	0.00117119
182.9	0.00116548
183	0.00115922
183.1	0.00114964
183.2	0.00113604
183.3	0.00112189
183.4	0.00110542
183.5	0.00108147
183.6	0.00105349
183.7	0.00102306
183.8	0.000986626
183.9	0.000953767
184	0.000922963
184.1	0.000892129
184.2	0.000862708
184.3	0.000830221
184.4	0.000797938
184.5	0.00076529
184.6	0.000729761
184.7	0.000697992
184.8	0.000666347
184.9	0.000635896
185	0.000606129
185.1	0.00057829
185.2	0.000556418
185.3	0.000531182
185.4	0.00050459
185.5	0.000476279
185.6	0.000449491
185.7	0.000425715
185.8	0.000398276
185.9	0.000366653
186	0.000337848
186.1	0.000309865
186.2	0.000285184
186.3	0.00025995
186.4	0.000237739
186.5	0.000215765
186.6	0.000194571
186.7	0.000171361
186.8	0.00014947
186.9	0.000131362
187	0.000111853
187.1	8.95765e-05
187.2	6.38464e-05
187.3	4.83852e-05
187.4	3.43253e-05
187.5	3.07451e-05
187.6	3.52525e-05
187.7	4.52978e-05
187.8	5.6527e-05
187.9	6.7874e-05
188	7.91371e-05
188.1	9.10595e-05
188.2	0.000101754
188.3	0.000111964
188.4	0.000120593
188.5	0.000136802
188.6	0.000161664
188.7	0.000192585
188.8	0.000222879
188.9	0.000247438
189	0.000274827
189.1	0.000301709
189.2	0.000327074
189.3	0.000350585
189.4	0.000371089
189.5	0.000391455
189.6	0.000410208
189.7	0.000423509
189.8	0.000433489
189.9	0.000441157
190	0.000446091
190.1	0.000448705
190.2	0.00044884
190.3	0.000450924
190.4	0.000452492
190.5	0.000456006
190.6	0.00046195
190.7	0.000470114
190.8	0.000477965
190.9	0.000480966
191	0.00048354
191.1	0.000481538
191.2	0.000478368
191.3	0.000473683
191.4	0.000466387
191.5	0.000457336
191.6	0.000444074
191.7	0.000425409
191.8	0.000405256
191.9	0.000388991
192	0.000376426
192.1	0.000366429
192.2	0.000358462
192.3	0.000346739
192.4	0.00033118
192.5	0.000315318
192.6	0.000294161
192.7	0.000267179
192.8	0.000236917
192.9	0.000209676
193	0.000184927
193.1	0.000163294
193.2	0.000143671
193.3	0.000121284
193.4	9.66971e-05
193.5	7.16395e-05
193.6	4.75885e-05
193.7	2.42353e-05
193.8	5.57739e-06
193.9	-1.07132e-05
194	-2.82068e-05
194.1	-4.65521e-05
194.2	-6.35393e-05
194.3	-7.78531e-05
194.4	-8.9763e-05
194.5	-0.000102599
194.6	-0.000115522
194.7	-0.000129869
194.8	-0.00014712
194.9	-0.000160243
195	-0.000163587
195.1	-0.000165166
195.2	-0.000165095
195.3	-0.000170508
195.4	-0.000181711
195.5	-0.000198991
195.6	-0.000220204
195.7	-0.000244976
195.8	-0.000272613
195.9	-0.000304562
196	-0.000337476
196.1	-0.000367182
196.2	-0.000395173
196.3	-0.000421984
196.4	-0.00044912
196.5	-0.00047156
196.6	-0.000495595
196.7	-0.000524018
196.8	-0.000551715
196.9	-0.000573094
197	-0.000587602
197.1	-0.000598071
197.2	-0.000607267
197.3	-0.000618858
197.4	-0.000633814
197.5	-0.00065276
197.6	-0.000670577
197.7	-0.000686536
197.8	-0.00069772
197.9	-0.000707996
198	-0.000720919
198.1	-0.000732724
198.2	-0.000743792
198.3	-0.000755958
198.4	-0.000765518
198.5	-0.000775462
198.6	-0.000784736
198.7	-0.000795041
198.8	-0.000801721
198.9	-0.00080743
199	-0.000809258
199.1	-0.000808193
199.2	-0.000804381
199.3	-0.000800574
199.4	-0.00080041
199.5	-0.000799639
199.6	-0.000798975
199.7	-0.000796484
199.8	-0.000791625
199.9	-0.000783713
200	-0.000773633
200.1	-0.000755929
200.2	-0.00073306
200.3	-0.000708683
200.4	-0.000682414
200.5	-0.000652156
200.6	-0.000622302
200.7	-0.000589951
200.8	-0.000554563
200.9	-0.000522058
201	-0.000487034
201.1	-0.000457098
201.2	-0.000425963
201.3	-0.000393796
201.4	-0.000363004
201.5	-0.000332785
201.6	-0.000302711
201.7	-0.000275875
201.8	-0.000250462
201.9	-0.000228928
202	-0.000209247
202.1	-0.00019363
202.2	-0.000183323
202.3	-0.000177384
202.4	-0.000176266
202.5	-0.00017989
202.6	-0.000178034
202.7	-0.000167572
202.8	-0.00015187
202.9	-0.000132583
203	-0.000110462
203.1	-8.83109e-05
203.2	-6.49184e-05
203.3	-3.64564e-05
203.4	-5.83284e-06
203.5	2.37182e-05
203.6	5.80873e-05
203.7	9.36759e-05
203.8	0.000126162
203.9	0.000154896
204	0.000181766
204.1	0.000207479
204.2	0.000230093
204.3	0.000252651
204.4	0.000268734
204.5	0.000277509
204.6	0.000286838
204.7	0.000292189
204.8	0.00029665
204.9	0.000306105
205	0.00031668
205.1	0.000329385
205.2	0.00034345
205.3	0.000357087
205.4	0.000367787
205.5	0.000374855
205.6	0.000380604
205.7	0.000389994
205.8	0.000400205
205.9	0.000409709
206	0.000416307
206.1	0.000417507
206.2	0.000417409
206.3	0.000415262
206.4	0.000412679
206.5	0.000409753
206.6	0.000405624
206.7	0.00040164
206.8	0.000403128
206.9	0.000405645
207	0.000412066
207.1	0.000423867
207.2	0.000442047
207.3	0.000459648
207.4	0.000478973
207.5	0.000499046
207.6	0.000515712
207.7	0.000526665
207.8	0.000533217
207.9	0.000541176
208	0.000548887
208.1	0.000560457
208.2	0.000573919
208.3	0.00058993
208.4	0.000602232
208.5	0.000609982
208.6	0.000614925
208.7	0.000619098
208.8	0.000627617
208.9	0.000641454
209	0.000661276
209.1	0.000681793
209.2	0.000699834
209.3	0.000720157
209.4	0.000742893
209.5	0.000768284
209.6	0.00079032
209.7	0.000807057
209.8	0.000815486
209.9	0.000824192
210	0.000831637
210.1	0.000839577
210.2	0.000849571
210.3	0.000859352
210.4	0.000865128
210.5	0.000864973
210.6	0.00086332
210.7	0.000864212
210.8	0.000871352
210.9	0.000879691
211	0.000887819
211.1	0.000898714
211.2	0.000909197
211.3	0.000917373
211.4	0.000925641
211.5	0.000929668
211.6	0.000932023
211.7	0.00093471
211.8	0.000934212
211.9	0.000932998
212	0.000928702
212.1	0.000922264
212.2	0.000914965
212.3	0.00090406
212.4	0.000894109
212.5	0.000891902
212.6	0.000887323
212.7	0.000884725
212.8	0.00088726
212.9	0.000892481
213	0.000898754
213.1	0.000906393
213.2	0.000911501
213.3	0.000913461
213.4	0.000915444
213.5	0.000918101
213.6	0.00092448
213.7	0.000929731
213.8	0.00093382
213.9	0.000935781
214	0.000936964
214.1	0.000937914
214.2	0.00093658
214.3	0.000934784
214.4	0.000936305
214.5	0.000941293
214.6	0.000946106
214.7	0.00095421
214.8	0.000963466
214.9	0.000975634
215	0.000991731
215.1	0.00101052
215.2	0.00102904
215.3	0.00104784
215.4	0.00106854
215.5	0.00109595
215.6	0.00112433
215.7	0.00115666
215.8	0.00119219
215.9	0.0012262
216	0.00125513
216.1	0.00127899
216.2	0.0012972
216.3	0.00131289
216.4	0.00132564
216.5	0.00133691
216.6	0.00134644
216.7	0.00135326
216.8	0.00135781
216.9	0.00136134
217	0.00136628
217.1	0.001375
217.2	0.00138712
217.3	0.00139438
217.4	0.00139641
217.5	0.00139986
217.6	0.00140129
217.7	0.00140083
217.8	0.00139848
217.9	0.001389
218	0.00137736
218.1	0.00136631
218.2	0.00135631
218.3	0.00134659
218.4	0.00133392
218.5	0.00132037
218.6	0.00130926
218.7	0.00129848
218.8	0.00129239
218.9	0.00128934
219	0.00128896
219.1	0.00128433
219.2	0.00127861
219.3	0.00126851
219.4	0.00125734
219.5	0.00124894
219.6	0.0012471
219.7	0.00124772
219.8	0.00125467
219.9	0.00126586
220	0.00127947
220.1	0.00128724
220.2	0.00129164
220.3	0.00129548
220.4	0.00130513
220.5	0.00131727
220.6	0.00132989
220.7	0.00134561
220.8	0.00136428
220.9	0.00137902
221	0.00139298
221.1	0.00140552
221.2	0.00141553
221.3	0.00142649
221.4	0.00143612
221.5	0.00144731
221.6	0.00145939
221.7	0.00147551
221.8	0.00149763
221.9	0.0015155
222	0.00152896
222.1	0.00154177
222.2	0.00155543
222.3	0.0015708
222.4	0.00159491
222.5	0.00162566
222.6	0.00165327
222.7	0.00167983
222.8	0.00170919
222.9	0.00174329
223	0.00177805
223.1	0.00181478
223.2	0.00185394
223.3	0.00189466
223.4	0.00193608
223.5	0.00198022
223.6	0.00202154
223.7	0.002063
223.8	0.00210369
223.9	0.00214216
224	0.00218014
224.1	0.00221713
224.2	0.00224963
224.3	0.00227506
224.4	0.00229617
224.5	0.00231404
224.6	0.00232348
224.7	0.00232422
224.8	0.00232302
224.9	0.00231915
225	0.00231244
225.1	0.00230286
225.2	0.00229373
225.3	0.00228356
225.4	0.00227632
225.5	0.00226967
225.6	0.00226829
225.7	0.00226885
225.8	0.00227231
225.9	0.0022759
226	0.00227937
226.1	0.00227825
226.2	0.00227736
226.3	0.00227699
226.4	0.00227082
226.5	0.00225783
226.6	0.00224207
226.7	0.00222483
226.8	0.00220358
226.9	0.00218182
227	0.00216331
227.1	0.00214839
227.2	0.00213684
227.3	0.00212767
227.4	0.00212026
227.5	0.00211251
227.6	0.00210194
227.7	0.00209227
227.8	0.00208112
227.9	0.00206701
228	0.00205149
228.1	0.00203764
228.2	0.00202883
228.3	0.00202225
228.4	0.00202165
228.5	0.00202586
228.6	0.00203378
228.7	0.00204353
228.8	0.00205034
228.9	0.00205315
229	0.00205286
229.1	0.00204716
229.2	0.00204025
229.3	0.00203147
229.4	0.00201993
229.5	0.00200709
229.6	0.00199552
229.7	0.00198197
229.8	0.00197076
229.9	0.00196065
230	0.00194879
230.1	0.00194434
230.2	0.00194157
230.3	0.00194246
230.4	0.00194091
230.5	0.00193907
230.6	0.00193371
230.7	0.00192542
230.8	0.00191125
230.9	0.00189841
231	0.0018871
231.1	0.00187766
231.2	0.00186253
231.3	0.00184791
231.4	0.00183348
231.5	0.0018184
231.6	0.00180683
231.7	0.00179899
231.8	0.00179249
231.9	0.00178938
232	0.00178886
232.1	0.00179182
232.2	0.00179864
232.3	0.00180636
232.4	0.00181215
232.5	0.00181506
232.6	0.00181521
232.7	0.00181557
232.8	0.00181117
232.9	0.00180244
233	0.00179012
233.1	0.00177322
233.2	0.00175221
233.3	0.00172828
233.4	0.001699
233.5	0.0016659
233.6	0.00163402
233.7	0.00160371
233.8	0.00157692
233.9	0.00155511
234	0.00153806
234.1	0.00152447
234.2	0.00150949
234.3	0.00148595
234.4	0.00145562
234.5	0.00141921
234.6	0.00137758
234.7	0.00133726
234.8	0.00129619
234.9	0.0012566
235	0.00121886
235.1	0.00118146
235.2	0.00114416
235.3	0.00110671
235.4	0.00106795
235.5	0.00103155
235.6	0.000996579
235.7	0.000966022
235.8	0.000936017
235.9	0.000906962
236	0.000882373
236.1	0.000854972
236.2	0.0008235
236.3	0.000791235
236.4	0.000758345
236.5	0.000723439
236.6	0.000691901
236.7	0.00065978
236.8	0.000626481
236.9	0.000590139
237	0.0005546
237.1	0.000520167
237.2	0.000490012
237.3	0.000461273
237.4	0.000430953
237.5	0.000407357
237.6	0.000386153
237.7	0.000367225
237.8	0.000346986
237.9	0.000326606
238	0.000305247
238.1	0.000284975
238.2	0.000264489
238.3	0.000236593
238.4	0.000207167
238.5	0.000179437
238.6	0.000154344
238.7	0.000129494
238.8	0.00010376
238.9	7.94878e-05
239	5.64548e-05
239.1	3.7874e-05
239.2	2.09435e-05
239.3	6.19073e-06
239.4	-5.93966e-06
239.5	-1.10562e-05
239.6	-1.84771e-05
239.7	-2.36393e-05
239.8	-3.26342e-05
239.9	-4.13728e-05
240	-4.37586e-05
240.1	-4.12687e-05
240.2	-3.64303e-05
240.3	-3.17956e-05
240.4	-2.38882e-05
240.5	-2.0947e-05
240.6	-2.16678e-05
240.7	-2.26596e-05
240.8	-2.36743e-05
240.9	-2.38807e-05
241	-2.32767e-05
241.1	-2.3433e-05
241.2	-2.19818e-05
241.3	-1.97131e-05
241.4	-1.64438e-05
241.5	-1.38365e-05
241.6	-1.54492e-05
241.7	-1.35612e-05
241.8	-8.94371e-06
241.9	-4.1627e-06
242	-1.01372e-06
242.1	-2.95918e-06
242.2	-4.7647e-06
242.3	-2.50457e-06
242.4	-1.00697e-06
242.5	-1.8304e-06
242.6	-1.03223e-05
242.7	-2.05655e-05
242.8	-2.70108e-05
242.9	-3.60777e-05
243	-5.21642e-05
243.1	-7.2758e-05
243.2	-0.000101963
243.3	-0.000133953
243.4	-0.000161366
243.5	-0.000186197
243.6	-0.000210052
243.7	-0.000236278
243.8	-0.000263784
243.9	-0.00028943
244	-0.00030961
244.1	-0.000330133
244.2	-0.000351225
244.3	-0.000372544
244.4	-0.000391059
244.5	-0.000410611
244.6	-0.00042717
244.7	-0.000440912
244.8	-0.000449932
244.9	-0.000458115
245	-0.000463606
245.1	-0.000467635
245.2	-0.000474684
245.3	-0.000479696
245.4	-0.000485374
245.5	-0.000488208
245.6	-0.000488793
245.7	-0.000486231
245.8	-0.00048249
245.9	-0.000477665
246	-0.000468097
246.1	-0.000454025
246.2	-0.000440778
246.3	-0.000431345
246.4	-0.000425521
246.5	-0.000424213
246.6	-0.000426973
246.7	-0.000430485
246.8	-0.000437469
246.9	-0.000446685
247	-0.000454266
247.1	-0.000464513
247.2	-0.000470153
247.3	-0.000473656
247.4	-0.000472532
247.5	-0.000470881
247.6	-0.000470715
247.7	-0.0004674
247.8	-0.000463048
247.9	-0.00045791
248	-0.000453398
248.1	-0.000450964
248.2	-0.000454004
248.3	-0.000462217
248.4	-0.000470653
248.5	-0.000477403
248.6	-0.000486459
248.7	-0.000501623
248.8	-0.000520155
248.9	-0.000537788
249	-0.000553
249.1	-0.000569165
249.2	-0.000582768
249.3	-0.000593813
249.4	-0.000605922
249.5	-0.000621698
249.6	-0.000638757
249.7	-0.0006539
249.8	-0.000669055
249.9	-0.000684284
250	-0.000703319
250.1	-0.000719756
250.2	-0.000730738
250.3	-0.000737641
250.4	-0.00073717
250.5	-0.000730617
250.6	-0.000720129
250.7	-0.000705717
250.8	-0.000691993
250.9	-0.000677569
251	-0.000664618
251.1	-0.000649494
251.2	-0.000636135
251.3	-0.000616886
251.4	-0.000594251
251.5	-0.000571422
251.6	-0.00054957
251.7	-0.000527576
251.8	-0.000509618
251.9	-0.00049562
252	-0.000488245
252.1	-0.000483442
252.2	-0.000479062
252.3	-0.000473349
252.4	-0.000463555
252.5	-0.000453463
252.6	-0.000442791
252.7	-0.000434463
252.8	-0.000429272
252.9	-0.000420611
253	-0.000413123
253.1	-0.000410769
253.2	-0.000406799
253.3	-0.000401745
253.4	-0.000399419
253.5	-0.00039839
253.6	-0.00039397
253.7	-0.000392767
253.8	-0.000394071
253.9	-0.000395375
254	-0.000396024
254.1	-0.000396786
254.2	-0.000401197
254.3	-0.000409867
254.4	-0.000418938
254.5	-0.000427657
254.6	-0.000434525
254.7	-0.000440192
254.8	-0.000442522
254.9	-0.000444097
255	-0.000446233
255.1	-0.000448043
255.2	-0.000450126
255.3	-0.000452918
255.4	-0.000455935
255.5	-0.000462468
255.6	-0.000468321
255.7	-0.000475149
255.8	-0.000485796
255.9	-0.000492927
256	-0.000497717
256.1	-0.000504311
256.2	-0.000511427
256.3	-0.000520142
256.4	-0.000528646
256.5	-0.000540144
256.6	-0.000548907
256.7	-0.00055678
256.8	-0.000568534
256.9	-0.000581656
257	-0.000594451
257.1	-0.00060886
257.2	-0.000624097
257.3	-0.000636893
257.4	-0.00064743
257.5	-0.000653544
257.6	-0.000659083
257.7	-0.000667464
257.8	-0.000674906
257.9	-0.000683758
258	-0.000690555
258.1	-0.000693979
258.2	-0.000695881
258.3	-0.000698091
258.4	-0.000701046
258.5	-0.000708169
258.6	-0.00071518
258.7	-0.000719601
258.8	-0.000718193
258.9	-0.000713692
259	-0.000709406
259.1	-0.000705054
259.2	-0.000695892
259.3	-0.000681249
259.4	-0.000664138
259.5	-0.000644385
259.6	-0.000627863
259.7	-0.000615302
259.8	-0.000605259
259.9	-0.000594271
260	-0.000585248
260.1	-0.000578314
260.2	-0.000572835
260.3	-0.000568713
260.4	-0.000564099
260.5	-0.000554284
260.6	-0.000539777
260.7	-0.000520962
260.8	-0.000502822
260.9	-0.000486103
261	-0.000472822
261.1	-0.000461422
261.2	-0.000458523
261.3	-0.000461616
261.4	-0.000465217
261.5	-0.000472339
261.6	-0.000479604
261.7	-0.000488618
261.8	-0.000498082
261.9	-0.000499436
262	-0.00049541
262.1	-0.000484196
262.2	-0.000470553
262.3	-0.000453645
262.4	-0.000436113
262.5	-0.000422913
262.6	-0.000411429
262.7	-0.000398738
262.8	-0.000379185
262.9	-0.00035657
263	-0.000330585
263.1	-0.000306986
263.2	-0.000285613
263.3	-0.000264854
263.4	-0.000244156
263.5	-0.000220567
263.6	-0.000197667
263.7	-0.000176586
263.8	-0.00015864
263.9	-0.000146711
264	-0.000131667
264.1	-0.000113408
264.2	-0.000101468
264.3	-9.33064e-05
264.4	-8.18514e-05
264.5	-6.66137e-05
264.6	-4.40557e-05
264.7	-1.8332e-05
264.8	1.17726e-05
264.9	3.89934e-05
265	5.99421e-05
265.1	7.73638e-05
265.2	8.52992e-05
265.3	8.81633e-05
265.4	8.53198e-05
265.5	7.94936e-05
265.6	7.18548e-05
265.7	6.32715e-05
265.8	5.86183e-05
265.9	5.75262e-05
266	6.11336e-05
266.1	7.2129e-05
266.2	8.35205e-05
266.3	9.29492e-05
266.4	0.000102462
266.5	0.000108548
266.6	0.000112137
266.7	0.000112493
266.8	0.000115603
266.9	0.000119545
267	0.000124439
267.1	0.000128895
267.2	0.0001375
267.3	0.000151865
267.4	0.000163533
267.5	0.000171064
267.6	0.000175199
267.7	0.000180447
267.8	0.000183892
267.9	0.000190894
268	0.000200445
268.1	0.000211478
268.2	0.000218632
268.3	0.000224464
268.4	0.00023208
268.5	0.000240782
268.6	0.000244612
268.7	0.000247068
268.8	0.000250032
268.9	0.000251339
269	0.000250115
269.1	0.000249512
269.2	0.000251381
269.3	0.000256308
269.4	0.00026199
269.5	0.000267046
269.6	0.000274174
269.7	0.000280984
269.8	0.000287984
269.9	0.00029169
270	0.000294451
270.1	0.000297734
270.2	0.000302938
270.3	0.000304721
270.4	0.000308666
270.5	0.000313505
270.6	0.000321079
270.7	0.000332463
270.8	0.000341633
270.9	0.000349241
271	0.000351712
271.1	0.000350696
271.2	0.000346378
271.3	0.000339618
271.4	0.000337964
271.5	0.000338924
271.6	0.000345703
271.7	0.000349134
271.8	0.000351779
271.9	0.000351412
272	0.000353742
272.1	0.000355485
272.2	0.000361497
272.3	0.000377468
272.4	0.000399429
272.5	0.000423305
272.6	0.000447179
272.7	0.000467713
272.8	0.000486722
272.9	0.00050603
273	0.000520665
273.1	0.000531896
273.2	0.00054197
273.3	0.00055123
273.4	0.000562443
273.5	0.000581781
273.6	0.000600463
273.7	0.000617615
273.8	0.000635662
273.9	0.000657118
274	0.000679931
274.1	0.00070105
274.2	0.00071733
274.3	0.000731421
274.4	0.000748345
274.5	0.000763528
274.6	0.000774153
274.7	0.000782618
274.8	0.000792853
274.9	0.000804886
275	0.000820317
275.1	0.000833652
275.2	0.000847087
275.3	0.000859916
275.4	0.000867524
275.5	0.000878629
275.6	0.00088994
275.7	0.00090381
275.8	0.000922349
275.9	0.000945119
276	0.00096892
276.1	0.000989507
276.2	0.00100792
276.3	0.00102583
276.4	0.00104188
276.5	0.00105873
276.6	0.00107344
276.7	0.00109079
276.8	0.0011111
276.9	0.00113113
277	0.00115393
277.1	0.00118273
277.2	0.00121727
277.3	0.00125669
277.4	0.00129712
277.5	0.00133966
277.6	0.0013795
277.7	0.00141718
277.8	0.00145824
277.9	0.00150142
278	0.00154433
278.1	0.00158932
278.2	0.00163225
278.3	0.00167234
278.4	0.00171271
278.5	0.00174947
278.6	0.00178068
278.7	0.00181125
278.8	0.00183876
278.9	0.00185898
279	0.00187194
279.1	0.00188346
279.2	0.0018961
279.3	0.00190887
279.4	0.00192101
279.5	0.00193011
279.6	0.00193222
279.7	0.00193179
279.8	0.00192695
279.9	0.00191791
280	0.00190197
280.1	0.00188165
280.2	0.00186389
280.3	0.00184439
280.4	0.00182239
280.5	0.00180116
280.6	0.00178393
280.7	0.00177282
280.8	0.0017686
280.9	0.00177905
281	0.00179533
281.1	0.00181163
281.2	0.00182816
281.3	0.00184493
281.4	0.00186266
281.5	0.00187686
281.6	0.00188577
281.7	0.00189263
281.8	0.00189915
281.9	0.0019109
282	0.00192139
282.1	0.00192413
282.2	0.0019228
282.3	0.00191908
282.4	0.00191546
282.5	0.00191624
282.6	0.00191527
282.7	0.00191265
282.8	0.00190623
282.9	0.00189478
283	0.00187451
283.1	0.00184779
283.2	0.00181856
283.3	0.00178782
283.4	0.00175597
283.5	0.00172182
283.6	0.00168849
283.7	0.0016565
283.8	0.00162452
283.9	0.00159738
284	0.00157312
284.1	0.00154965
284.2	0.0015242
284.3	0.00149614
284.4	0.0014696
284.5	0.00144319
284.6	0.00142288
284.7	0.00140637
284.8	0.00139234
284.9	0.00137908
285	0.00136587
285.1	0.0013517
285.2	0.00134107
285.3	0.00133221
285.4	0.00132609
285.5	0.00132293
285.6	0.00131958
285.7	0.00131607
285.8	0.00131368
285.9	0.00131296
286	0.00131332
286.1	0.001312
286.2	0.00131376
286.3	0.00131217
286.4	0.00130715
286.5	0.001304
286.6	0.00130348
286.7	0.00130583
286.8	0.00130731
286.9	0.00130277
287	0.00129231
287.1	0.00127546
287.2	0.00124531
287.3	0.00121014
287.4	0.00118078
287.5	0.00115383
287.6	0.00113338
287.7	0.00111302
287.8	0.00109446
287.9	0.00107613
288	0.00105864
288.1	0.0010387
288.2	0.00101716
288.3	0.000997974
288.4	0.00098162
288.5	0.000960294
288.6	0.000937437
288.7	0.000917706
288.8	0.000899502
288.9	0.00088174
289	0.000863007
289.1	0.000848099
289.2	0.000839341
289.3	0.000837995
289.4	0.000840433
289.5	0.000839944
289.6	0.000841362
289.7	0.000838961
289.8	0.000833108
289.9	0.000824753
290	0.000814292
290.1	0.000802998
290.2	0.000787597
290.3	0.000772612
290.4	0.000759378
290.5	0.00074784
290.6	0.000733924
290.7	0.000716285
290.8	0.000701133
290.9	0.000686
291	0.000667957
291.1	0.000650591
291.2	0.000627971
291.3	0.000599448
291.4	0.000575759
291.5	0.000552668
291.6	0.000526275
291.7	0.000499977
291.8	0.000477195
291.9	0.000459297
292	0.000444433
292.1	0.000433351
292.2	0.000424656
292.3	0.000418919
292.4	0.000416596
292.5	0.000413774
292.6	0.000413136
292.7	0.000414385
292.8	0.000418305
292.9	0.000422864
293	0.000427882
293.1	0.000434738
293.2	0.000446558
293.3	0.000464442
293.4	0.000483436
293.5	0.00050551
293.6	0.000534408
293.7	0.000565589
293.8	0.000593579
293.9	0.000620157
294	0.000645423
294.1	0.000671039
294.2	0.000695907
294.3	0.000725025
294.4	0.000760312
294.5	0.000795263
294.6	0.000832035
294.7	0.000866596
294.8	0.000903235
294.9	0.000939914
295	0.000980855
295.1	0.00102997
295.2	0.00108352
295.3	0.00113958
295.4	0.00119414
295.5	0.00124955
295.6	0.00130544
295.7	0.00135552
295.8	0.00139881
295.9	0.00144032
296	0.00148304
296.1	0.00152476
296.2	0.00156156
296.3	0.0015932
296.4	0.00162205
296.5	0.00165226
296.6	0.00168331
296.7	0.00171933
296.8	0.0017592
296.9	0.00179654
297	0.00183539
297.1	0.00187408
297.2	0.00191422
297.3	0.00195813
297.4	0.00200355
297.5	0.00204563
297.6	0.0020847
297.7	0.00212331
297.8	0.00216092
297.9	0.00219598
298	0.00223134
298.1	0.0022665
298.2	0.00229993
298.3	0.00232515
298.4	0.00235029
298.5	0.00237319
298.6	0.00239489
298.7	0.00241469
298.8	0.00243362
298.9	0.00245779
299	0.00248009
299.1	0.00250482
299.2	0.002531
299.3	0.00255471
299.4	0.00258014
299.5	0.00260614
299.6	0.00263262
299.7	0.00265975
299.8	0.00268651
299.9	0.00270869
300	0.00273014
300.1	0.00275159
300.2	0.00277438
300.3	0.00280173
300.4	0.00282651
300.5	0.00284803
300.6	0.00286671
300.7	0.00288554
300.8	0.00291006
300.9	0.00293562
301	0.00296339
301.1	0.00299412
301.2	0.0030248
301.3	0.00305523
301.4	0.00308315
301.5	0.00311378
301.6	0.00314788
301.7	0.00317857
301.8	0.00321187
301.9	0.00325037
302	0.00328905
302.1	0.00332832
302.2	0.00336374
302.3	0.00339696
302.4	0.00342866
302.5	0.00346343
302.6	0.00349688
302.7	0.00352663
302.8	0.00355214
302.9	0.00357444
303	0.00359259
303.1	0.00360891
303.2	0.00362047
303.3	0.00362453
303.4	0.00362651
303.5	0.00362436
303.6	0.00362255
303.7	0.00362133
303.8	0.00361956
303.9	0.0036235
304	0.00362682
304.1	0.00362746
304.2	0.00362592
304.3	0.0036248
304.4	0.00362881
304.5	0.00362989
304.6	0.00362393
304.7	0.00361352
304.8	0.00360473
304.9	0.00359421
305	0.00358399
305.1	0.00357428
305.2	0.00356871
305.3	0.00356968
305.4	0.00357132
305.5	0.00357069
305.6	0.00356814
305.7	0.00356488
305.8	0.00355121
305.9	0.00353175
306	0.00350867
306.1	0.00348616
306.2	0.00346512
306.3	0.00344763
306.4	0.00342711
306.5	0.00340523
306.6	0.00337899
306.7	0.00335265
306.8	0.00332609
306.9	0.00329861
307	0.00326993
307.1	0.00323976
307.2	0.00321264
307.3	0.00318988
307.4	0.00316852
307.5	0.00314737
307.6	0.00312656
307.7	0.0031059
307.8	0.00308586
307.9	0.00306679
308	0.00304472
308.1	0.00302646
308.2	0.00301089
308.3	0.00299015
308.4	0.00296312
308.5	0.00293149
308.6	0.00289402
308.7	0.00285326
308.8	0.00280987
308.9	0.00276603
309	0.00271926
309.1	0.00266978
309.2	0.00262282
309.3	0.00257928
309.4	0.00253634
309.5	0.0024912
309.6	0.00244193
309.7	0.00238951
309.8	0.00233854
309.9	0.00229213
310	0.00224934
310.1	0.00221234
310.2	0.00217621
310.3	0.00214074
310.4	0.00210746
310.5	0.00207902
310.6	0.00205465
310.7	0.00202943
310.8	0.00200302
310.9	0.00197369
311	0.00194542
311.1	0.00191516
311.2	0.00189063
311.3	0.00186845
311.4	0.00184548
311.5	0.00181747
311.6	0.00179175
311.7	0.0017659
311.8	0.00174043
311.9	0.00172364
312	0.00171325
312.1	0.00170927
312.2	0.00170723
312.3	0.00170658
312.4	0.00170832
312.5	0.00171283
312.6	0.00171469
312.7	0.00171513
312.8	0.00171165
312.9	0.00170554
313	0.00170014
313.1	0.00169551
313.2	0.00169406
313.3	0.00169453
313.4	0.00169732
313.5	0.00169826
313.6	0.00168944
313.7	0.00167397
313.8	0.00165378
313.9	0.00163143
314	0.00160803
314.1	0.00158764
314.2	0.00157584
314.3	0.00156619
314.4	0.00155731
314.5	0.00154634
314.6	0.00153507
314.7	0.00152187
314.8	0.00150702
314.9	0.0014909
315	0.00147633
315.1	0.00146297
315.2	0.00144843
315.3	0.00143074
315.4	0.00140994
315.5	0.00138704
315.6	0.00136142
315.7	0.00133897
315.8	0.00131855
315.9	0.00129465
316	0.00126945
316.1	0.00124185
316.2	0.00121354
316.3	0.00118915
316.4	0.00117091
316.5	0.00115441
316.6	0.0011411
316.7	0.00112759
316.8	0.00111253
316.9	0.00109743
317	0.0010829
317.1	0.00106858
317.2	0.00105102
317.3	0.00103336
317.4	0.00101696
317.5	0.00100405
317.6	0.000987385
317.7	0.000970184
317.8	0.000953158
317.9	0.000937297
318	0.00092477
318.1	0.000916676
318.2	0.000906213
318.3	0.000895786
318.4	0.000887481
318.5	0.000877857
318.6	0.000873721
318.7	0.000869884
318.8	0.000862621
318.9	0.000856003
319	0.000846846
319.1	0.00084182
319.2	0.000839674
319.3	0.000833747
319.4	0.000826194
319.5	0.000816246
319.6	0.000812631
319.7	0.000813156
319.8	0.00081354
319.9	0.000816366
320	0.000819403
320.1	0.000821049
320.2	0.000818425
320.3	0.00081199
320.4	0.000798026
320.5	0.000786288
320.6	0.000775659
320.7	0.000771569
320.8	0.000765621
320.9	0.000754787
321	0.000742521
321.1	0.000728289
321.2	0.000716828
321.3	0.00071402
321.4	0.000714436
321.5	0.000715742
321.6	0.00071668
321.7	0.000715369
321.8	0.000711073
321.9	0.000704141
322	0.000693643
322.1	0.000683692
322.2	0.000678233
322.3	0.000674451
322.4	0.000676822
322.5	0.000683691
322.6	0.000692192
322.7	0.000700745
322.8	0.000712156
322.9	0.00072798
323	0.000749397
323.1	0.000774591
323.2	0.000801564
323.3	0.000826316
323.4	0.000843537
323.5	0.000858688
323.6	0.000875391
323.7	0.000889091
323.8	0.000900746
323.9	0.000906939
324	0.000910762
324.1	0.000910542
324.2	0.000911563
324.3	0.000914372
324.4	0.000915352
324.5	0.000909072
324.6	0.000901508
324.7	0.000890434
324.8	0.000873297
324.9	0.000854804
325	0.000833478
325.1	0.000811351
325.2	0.000790778
325.3	0.000772914
325.4	0.000758772
325.5	0.000743519
325.6	0.000733687
325.7	0.000727016
325.8	0.000720547
325.9	0.000713008
326	0.000701064
326.1	0.00069207
326.2	0.00068243
326.3	0.000671703
326.4	0.000661299
326.5	0.000648948
326.6	0.000631227
326.7	0.000612229
326.8	0.00059927
326.9	0.000591088
327	0.000583999
327.1	0.000578754
327.2	0.000572235
327.3	0.000568861
327.4	0.00056786
327.5	0.000567619
327.6	0.000569975
327.7	0.000574494
327.8	0.000576806
327.9	0.000576899
328	0.000575955
328.1	0.000573299
328.2	0.000565822
328.3	0.000560396
328.4	0.00055609
328.5	0.000551483
328.6	0.000543352
328.7	0.000528196
328.8	0.000513812
328.9	0.000500739
329	0.000487137
329.1	0.000476236
329.2	0.000466217
329.3	0.000460224
329.4	0.000455483
329.5	0.000446998
329.6	0.000437432
329.7	0.000418794
329.8	0.000396922
329.9	0.000368254
330	0.000338051
330.1	0.000310612
330.2	0.000283768
330.3	0.000254674
330.4	0.000223768
330.5	0.000191577
330.6	0.000155036
330.7	0.000115265
330.8	7.53365e-05
330.9	3.5718e-05
331	-1.27744e-06
331.1	-4.09655e-05
331.2	-8.14541e-05
331.3	-0.000126934
331.4	-0.000173627
331.5	-0.000216904
331.6	-0.000259444
331.7	-0.000303985
331.8	-0.000350538
331.9	-0.000396458
332	-0.000437957
332.1	-0.00047934
332.2	-0.000520863
332.3	-0.000561917
332.4	-0.000604096
332.5	-0.000646388
332.6	-0.000680557
332.7	-0.00071173
332.8	-0.000742248
332.9	-0.000769256
333	-0.000792258
333.1	-0.00081641
333.2	-0.000842128
333.3	-0.000870873
333.4	-0.000897611
333.5	-0.000927391
333.6	-0.000951892
333.7	-0.000967876
333.8	-0.000983878
333.9	-0.00100001
334	-0.00101806
334.1	-0.00103965
334.2	-0.00106822
334.3	-0.00109693
334.4	-0.00113348
334.5	-0.00117096
334.6	-0.00121451
334.7	-0.00125354
334.8	-0.00128964
334.9	-0.0013184
335	-0.00133743
335.1	-0.00135365
335.2	-0.00136546
335.3	-0.00137367
335.4	-0.00138084
335.5	-0.00138138
335.6	-0.00137709
335.7	-0.00136795
335.8	-0.00135455
335.9	-0.00133714
336	-0.00131919
336.1	-0.00130195
336.2	-0.00128685
336.3	-0.00126713
336.4	-0.00124287
336.5	-0.00121602
336.6	-0.00119217
336.7	-0.00116662
336.8	-0.001145
336.9	-0.00112819
337	-0.00111674
337.1	-0.00110378
337.2	-0.00109415
337.3	-0.00109162
337.4	-0.0010959
337.5	-0.00110284
337.6	-0.00110836
337.7	-0.00110997
337.8	-0.0011146
337.9	-0.00112111
338	-0.00112876
338.1	-0.00113205
338.2	-0.00113256
338.3	-0.00113062
338.4	-0.00113059
338.5	-0.00112603
338.6	-0.00111796
338.7	-0.00111077
338.8	-0.00110443
338.9	-0.0011015
339	-0.00110438
339.1	-0.00110533
339.2	-0.00110658
339.3	-0.00111129
339.4	-0.00111537
339.5	-0.00111597
339.6	-0.00111467
339.7	-0.00110885
339.8	-0.00110453
339.9	-0.00110788
340	-0.00111585
340.1	-0.0011256
340.2	-0.00113405
340.3	-0.00113851
340.4	-0.0011367
340.5	-0.00113046
340.6	-0.00111957
340.7	-0.00110715
340.8	-0.00109074
340.9	-0.00107469
341	-0.00106051
341.1	-0.00104772
341.2	-0.00103472
341.3	-0.00102509
341.4	-0.00101474
341.5	-0.00100415
341.6	-0.000997969
341.7	-0.000995423
341.8	-0.000996538
341.9	-0.0010027
342	-0.00100839
342.1	-0.00100937
342.2	-0.00101071
342.3	-0.0010161
342.4	-0.00102052
342.5	-0.00102149
342.6	-0.00101762
342.7	-0.00101402
342.8	-0.00100875
342.9	-0.00100042
343	-0.000989727
343.1	-0.000980754
343.2	-0.000971189
343.3	-0.000960249
343.4	-0.000949936
343.5	-0.000939968
343.6	-0.000929523
343.7	-0.000917985
343.8	-0.000905736
343.9	-0.000897477
344	-0.00089037
344.1	-0.000886475
344.2	-0.000881799
344.3	-0.000876332
344.4	-0.000869447
344.5	-0.000865191
344.6	-0.000859744
344.7	-0.000857206
344.8	-0.000855617
344.9	-0.000855426
345	-0.000856794
345.1	-0.000861095
345.2	-0.000865019
345.3	-0.000865199
345.4	-0.000864574
345.5	-0.000865205
345.6	-0.000863795
345.7	-0.000860787
345.8	-0.000854344
345.9	-0.000847806
346	-0.000839797
346.1	-0.000835457
346.2	-0.00083279
346.3	-0.000835748
346.4	-0.000842132
346.5	-0.00085615
346.6	-0.000871556
346.7	-0.000884744
346.8	-0.000896869
346.9	-0.000902923
347	-0.000903592
347.1	-0.000903632
347.2	-0.000905054
347.3	-0.000906662
347.4	-0.000908681
347.5	-0.000906384
347.6	-0.000902018
347.7	-0.000898153
347.8	-0.000895206
347.9	-0.000891987
348	-0.000882829
348.1	-0.000872084
348.2	-0.000862863
348.3	-0.000853909
348.4	-0.000847273
348.5	-0.000845138
348.6	-0.000851116
348.7	-0.000861489
348.8	-0.000872619
348.9	-0.000881841
349	-0.000891831
349.1	-0.000902361
349.2	-0.000918209
349.3	-0.000937716
349.4	-0.000959269
349.5	-0.000977886
349.6	-0.000992916
349.7	-0.00100033
349.8	-0.00100557
349.9	-0.00100874
350	-0.00101506
350.1	-0.00102263
350.2	-0.00102973
350.3	-0.00103223
350.4	-0.00102792
350.5	-0.0010202
350.6	-0.00101183
350.7	-0.00100197
350.8	-0.000990697
350.9	-0.000980522
351	-0.000976068
351.1	-0.000973354
351.2	-0.000971377
351.3	-0.000974086
351.4	-0.000980083
351.5	-0.000985307
351.6	-0.000986789
351.7	-0.000987605
351.8	-0.000988584
351.9	-0.00098749
352	-0.000984657
352.1	-0.000980001
352.2	-0.000978452
352.3	-0.000976336
352.4	-0.00097252
352.5	-0.000965023
352.6	-0.000955344
352.7	-0.000947402
352.8	-0.000944649
352.9	-0.000947714
353	-0.000948002
353.1	-0.00094453
353.2	-0.000940654
353.3	-0.000938848
353.4	-0.000936894
353.5	-0.00092838
353.6	-0.000914778
353.7	-0.000899108
353.8	-0.000880099
353.9	-0.000864296
354	-0.00084966
354.1	-0.000834079
354.2	-0.000823917
354.3	-0.000817586
354.4	-0.000811603
354.5	-0.000800894
354.6	-0.000785795
354.7	-0.000770161
354.8	-0.000754143
354.9	-0.00073579
355	-0.000713856
355.1	-0.000690264
355.2	-0.000668437
355.3	-0.000641491
355.4	-0.000607561
355.5	-0.000568158
355.6	-0.00052618
355.7	-0.000481515
355.8	-0.000432647
355.9	-0.000386264
356	-0.000340306
356.1	-0.000293093
356.2	-0.000244602
356.3	-0.000194658
356.4	-0.000142896
356.5	-8.91599e-05
356.6	-3.83645e-05
356.7	1.2091e-05
356.8	6.26786e-05
356.9	0.000112624
357	0.000164501
357.1	0.000215829
357.2	0.000263674
357.3	0.000306461
357.4	0.000344271
357.5	0.000378785
357.6	0.000414236
357.7	0.000449004
357.8	0.000479557
357.9	0.000508469
358	0.000542167
358.1	0.000575506
358.2	0.000603038
358.3	0.000624773
358.4	0.000645389
358.5	0.000662689
358.6	0.000679242
358.7	0.000693755
358.8	0.000710461
358.9	0.000731748
359	0.000755577
359.1	0.000778364
359.2	0.000800176
359.3	0.000819339
359.4	0.000839524
359.5	0.000856395
359.6	0.000875797
359.7	0.000901523
359.8	0.000927837
359.9	0.000953324
360	0.000975651
360.1	0.000995551
360.2	0.00101834
360.3	0.0010382
360.4	0.00105257
360.5	0.00106167
360.6	0.00106922
360.7	0.00108108
360.8	0.00109183
360.9	0.00110364
361	0.00111455
361.1	0.00112477
361.2	0.00113346
361.3	0.00113899
361.4	0.00113723
361.5	0.00113615
361.6	0.00113915
361.7	0.00114463
361.8	0.00115408
361.9	0.00116662
362	0.00117773
362.1	0.00118899
362.2	0.00120076
362.3	0.00121365
362.4	0.00122333
362.5	0.00122827
362.6	0.00122552
362.7	0.00121668
362.8	0.00120921
362.9	0.00120557
363	0.00120604
363.1	0.00121216
363.2	0.00122396
363.3	0.0012354
363.4	0.00124729
363.5	0.00125808
363.6	0.00127149
363.7	0.00128418
363.8	0.00129483
363.9	0.00130649
364	0.00131593
364.1	0.00132738
364.2	0.00133728
364.3	0.00134479
364.4	0.00135259
364.5	0.00135807
364.6	0.00136095
364.7	0.00136051
364.8	0.00136237
364.9	0.00136803
365	0.00137569
365.1	0.0013836
365.2	0.00139116
365.3	0.00140173
365.4	0.00141448
365.5	0.00143037
365.6	0.00144904
365.7	0.00146939
365.8	0.00149104
365.9	0.00150488
366	0.0015128
366.1	0.00152416
366.2	0.00153668
366.3	0.0015515
366.4	0.00156395
366.5	0.00157497
366.6	0.00158283
366.7	0.00159042
366.8	0.00159957
366.9	0.00160541
367	0.00161164
367.1	0.00161861
367.2	0.00162129
367.3	0.00161689
367.4	0.00160953
367.5	0.00160564
367.6	0.00160253
367.7	0.00159927
367.8	0.00159648
367.9	0.00159432
368	0.00159948
368.1	0.00160914
368.2	0.00162218
368.3	0.00163302
368.4	0.00164179
368.5	0.00165162
368.6	0.00165791
368.7	0.00165783
368.8	0.00165694
368.9	0.00165455
369	0.00164318
369.1	0.00163071
369.2	0.00162076
369.3	0.00161121
369.4	0.0016017
369.5	0.00159518
369.6	0.00158865
369.7	0.00158264
369.8	0.00157825
369.9	0.0015696
370	0.00156039
370.1	0.00154981
370.2	0.00153726
370.3	0.00152353
370.4	0.00151372
370.5	0.00150611
370.6	0.00149769
370.7	0.00149161
370.8	0.00148759
370.9	0.00148608
371	0.00148538
371.1	0.001487
371.2	0.00148814
371.3	0.00149106
371.4	0.00149248
371.5	0.00149898
371.6	0.00150479
371.7	0.00150932
371.8	0.0015158
371.9	0.00151779
372	0.00151678
372.1	0.00151663
372.2	0.00152009
372.3	0.00153021
372.4	0.0015441
372.5	0.00156021
372.6	0.00157601
372.7	0.00159559
372.8	0.00162007
372.9	0.00164253
373	0.00166242
373.1	0.00167828
373.2	0.00169044
373.3	0.00170331
373.4	0.00171295
373.5	0.0017205
373.6	0.00173269
373.7	0.00174961
373.8	0.00176185
373.9	0.00177151
374	0.00177684
374.1	0.00178746
374.2	0.00180126
374.3	0.00181693
374.4	0.00183611
374.5	0.00185821
374.6	0.00188397
374.7	0.0019099
374.8	0.00193137
374.9	0.00195001
375	0.00197349
375.1	0.0019941
375.2	0.00201128
375.3	0.00202519
375.4	0.00203583
375.5	0.00204321
375.6	0.00204878
375.7	0.00205412
375.8	0.00205319
375.9	0.002052
376	0.00205159
376.1	0.00205036
376.2	0.00205317
376.3	0.00205717
376.4	0.00206797
376.5	0.00208337
376.6	0.00210022
376.7	0.0021148
376.8	0.00212463
376.9	0.0021304
377	0.00212485
377.1	0.00211288
377.2	0.00210146
377.3	0.00209336
377.4	0.00208594
377.5	0.00208116
377.6	0.00208055
377.7	0.00208925
377.8	0.00210478
377.9	0.00212175
378	0.00214658
378.1	0.00217215
378.2	0.00219643
378.3	0.00221817
378.4	0.00224054
378.5	0.00226593
378.6	0.00229634
378.7	0.00232589
378.8	0.00235478
378.9	0.00238323
379	0.00241301
379.1	0.00243889
379.2	0.00246556
379.3	0.00249036
379.4	0.00251097
379.5	0.00252394
379.6	0.00253478
379.7	0.00254439
379.8	0.00254373
379.9	0.00254038
380	0.00253833
380.1	0.00253537
380.2	0.00253208
380.3	0.00252398
380.4	0.00251161
380.5	0.00249778
380.6	0.00247815
380.7	0.00245703
380.8	0.00242979
380.9	0.00239595
381	0.0023532
381.1	0.00230856
381.2	0.00225843
381.3	0.00220623
381.4	0.00215014
381.5	0.00209554
381.6	0.00204315
381.7	0.00199268
381.8	0.00194285
381.9	0.0018956
382	0.00184999
382.1	0.00180209
382.2	0.00175562
382.3	0.00170974
382.4	0.0016627
382.5	0.00161817
382.6	0.00157052
382.7	0.00152074
382.8	0.00147062
382.9	0.00142345
383	0.00137707
383.1	0.00133209
383.2	0.00128559
383.3	0.00123754
383.4	0.00118475
383.5	0.00112763
383.6	0.00106876
383.7	0.00100964
383.8	0.000953101
383.9	0.00089881
384	0.00084122
384.1	0.000780216
384.2	0.000717545
384.3	0.000658227
384.4	0.000600909
384.5	0.000547963
384.6	0.000501753
384.7	0.000461197
384.8	0.000421278
384.9	0.000381143
385	0.000335748
385.1	0.000288759
385.2	0.000242496
385.3	0.000204252
385.4	0.000169085
385.5	0.000130741
385.6	8.92693e-05
385.7	4.37822e-05
385.8	-1.25456e-06
385.9	-4.14896e-05
386	-7.18322e-05
386.1	-9.9489e-05
386.2	-0.000128479
386.3	-0.000158559
386.4	-0.00019158
386.5	-0.000225245
386.6	-0.000260961
386.7	-0.000298639
386.8	-0.000338095
386.9	-0.000378498
387	-0.000422784
387.1	-0.000469127
387.2	-0.000518766
387.3	-0.000575482
387.4	-0.00063723
387.5	-0.000700107
387.6	-0.00075742
387.7	-0.000812281
387.8	-0.000869583
387.9	-0.000930189
388	-0.000990526
388.1	-0.00105009
388.2	-0.00110738
388.3	-0.00116238
388.4	-0.00121553
388.5	-0.00126677
388.6	-0.00131684
388.7	-0.00136617
388.8	-0.00141404
388.9	-0.001463
389	-0.00151658
389.1	-0.00156656
389.2	-0.00161385
389.3	-0.00166159
389.4	-0.00171298
389.5	-0.00176516
389.6	-0.0018189
389.7	-0.00187122
389.8	-0.00192249
389.9	-0.00197244
390	-0.00202301
390.1	-0.0020689
390.2	-0.00210884
390.3	-0.00214639
390.4	-0.00219091
390.5	-0.00223576
390.6	-0.00228034
390.7	-0.00232196
390.8	-0.00235794
390.9	-0.00239168
391	-0.00241945
391.1	-0.00244472
391.2	-0.00247657
391.3	-0.00251597
391.4	-0.00255382
391.5	-0.00258609
391.6	-0.00261647
391.7	-0.00264475
391.8	-0.00267533
391.9	-0.00270499
392	-0.00272768
392.1	-0.00274872
392.2	-0.00276979
392.3	-0.00278958
392.4	-0.00280991
392.5	-0.00283368
392.6	-0.00285779
392.7	-0.00288389
392.8	-0.0029064
392.9	-0.0029269
393	-0.0029454
393.1	-0.00295786
393.2	-0.00296679
393.3	-0.00297578
393.4	-0.00298392
393.5	-0.00299394
393.6	-0.00300551
393.7	-0.0030196
393.8	-0.00303451
393.9	-0.00304478
394	-0.00305032
394.1	-0.00305901
394.2	-0.00307177
394.3	-0.00308248
394.4	-0.00309205
394.5	-0.00310262
394.6	-0.00311764
394.7	-0.00313421
394.8	-0.0031465
394.9	-0.00315937
395	-0.00316778
395.1	-0.00317284
395.2	-0.00317683
395.3	-0.00318196
395.4	-0.00318712
395.5	-0.00319196
395.6	-0.00319646
395.7	-0.00320349
395.8	-0.00321303
395.9	-0.00322282
396	-0.00323478
396.1	-0.0032471
396.2	-0.00326172
396.3	-0.00327508
396.4	-0.0032802
396.5	-0.00328017
396.6	-0.0032767
396.7	-0.00326965
396.8	-0.00326094
396.9	-0.00325335
397	-0.00324824
397.1	-0.00324679
397.2	-0.00325333
397.3	-0.00326446
397.4	-0.00327698
397.5	-0.00329061
397.6	-0.00329895
397.7	-0.00330173
397.8	-0.00330112
397.9	-0.00329261
398	-0.0032818
398.1	-0.00326856
398.2	-0.00325905
398.3	-0.00325529
398.4	-0.00326071
398.5	-0.00327505
398.6	-0.00329331
398.7	-0.00331316
398.8	-0.0033327
398.9	-0.0033487
399	-0.00335743
399.1	-0.00336457
399.2	-0.0033741
399.3	-0.00338613
399.4	-0.0033953
399.5	-0.00340099
399.6	-0.00340509
399.7	-0.00340737
399.8	-0.00341059
399.9	-0.00340943
400	-0.00340721
400.1	-0.00340639
400.2	-0.00340286
400.3	-0.00339439
400.4	-0.00338518
400.5	-0.00337362
400.6	-0.00336315
400.7	-0.00335254
400.8	-0.00334036
400.9	-0.00332761
401	-0.00332102
401.1	-0.00331761
401.2	-0.00331292
401.3	-0.00331174
401.4	-0.00331301
401.5	-0.00331754
401.6	-0.00332572
401.7	-0.00333234
401.8	-0.00333643
401.9	-0.00334406
402	-0.00334761
402.1	-0.00334471
402.2	-0.00333897
402.3	-0.0033367
402.4	-0.00333785
402.5	-0.00333899
402.6	-0.00333547
402.7	-0.00332674
402.8	-0.00330888
402.9	-0.00328437
403	-0.00325842
403.1	-0.0032337
403.2	-0.00321125
403.3	-0.00318664
403.4	-0.00315413
403.5	-0.00311927
403.6	-0.00308661
403.7	-0.003056
403.8	-0.00302714
403.9	-0.00299864
404	-0.00296841
404.1	-0.00293928
404.2	-0.00290861
404.3	-0.00287777
404.4	-0.00284518
404.5	-0.00281265
404.6	-0.00278112
404.7	-0.00274778
404.8	-0.00271614
404.9	-0.00268448
405	-0.00265
405.1	-0.00261369
405.2	-0.00257514
405.3	-0.00253488
405.4	-0.00249636
405.5	-0.00245905
405.6	-0.00242069
405.7	-0.00238142
405.8	-0.00234355
405.9	-0.00230658
406	-0.0022685
406.1	-0.00223036
406.2	-0.00219085
406.3	-0.00215411
406.4	-0.00211882
406.5	-0.00208644
406.6	-0.00205446
406.7	-0.00201724
406.8	-0.00197649
406.9	-0.00193446
407	-0.00189021
407.1	-0.00184552
407.2	-0.00179633
407.3	-0.00174758
407.4	-0.00170254
407.5	-0.00165636
407.6	-0.00160967
407.7	-0.00156506
407.8	-0.00151922
407.9	-0.00147269
408	-0.00142521
408.1	-0.00138095
408.2	-0.00133212
408.3	-0.00127663
408.4	-0.00122192
408.5	-0.00117017
408.6	-0.00112329
408.7	-0.00107909
408.8	-0.00104113
408.9	-0.0010015
409	-0.000963725
409.1	-0.0009256
409.2	-0.000889594
409.3	-0.000847337
409.4	-0.000799177
409.5	-0.000752587
409.6	-0.000712064
409.7	-0.000670722
409.8	-0.000625415
409.9	-0.000579508
410	-0.000532841
410.1	-0.000484457
410.2	-0.000428683
410.3	-0.000369177
410.4	-0.000309761
410.5	-0.000251772
410.6	-0.000198603
410.7	-0.000147278
410.8	-9.79186e-05
410.9	-5.11614e-05
411	-5.96523e-06
411.1	3.71114e-05
411.2	7.83165e-05
411.3	0.000117499
411.4	0.000153851
411.5	0.000189466
411.6	0.000222668
411.7	0.000254838
411.8	0.000289847
411.9	0.000319915
412	0.000345928
412.1	0.000371391
412.2	0.000397025
412.3	0.000422439
412.4	0.000450765
412.5	0.000481334
412.6	0.000511991
412.7	0.000544189
412.8	0.00057708
412.9	0.000611734
413	0.00064252
413.1	0.00067368
413.2	0.000704891
413.3	0.000735981
413.4	0.00076947
413.5	0.000803857
413.6	0.000839531
413.7	0.000876105
413.8	0.000918429
413.9	0.000964509
414	0.00101299
414.1	0.00107151
414.2	0.00112992
414.3	0.00118819
414.4	0.00124062
414.5	0.00129208
414.6	0.00134582
414.7	0.0013988
414.8	0.00144583
414.9	0.0014882
415	0.00152782
415.1	0.00156998
415.2	0.00161402
415.3	0.00166106
415.4	0.00170564
415.5	0.00174672
415.6	0.00178705
415.7	0.00182628
415.8	0.00187181
415.9	0.00192453
416	0.00197226
416.1	0.00201691
416.2	0.00205831
416.3	0.00209767
416.4	0.00213573
416.5	0.00217379
416.6	0.00221212
416.7	0.0022478
416.8	0.00228553
416.9	0.00232251
417	0.00235608
417.1	0.00238841
417.2	0.00241827
417.3	0.00244542
417.4	0.0024727
417.5	0.00249917
417.6	0.00252919
417.7	0.00256126
417.8	0.00259561
417.9	0.00262967
418	0.00266932
418.1	0.00271011
418.2	0.00274977
418.3	0.00278514
418.4	0.00281831
418.5	0.00284738
418.6	0.00287168
418.7	0.00289671
418.8	0.00292852
418.9	0.0029612
419	0.00299837
419.1	0.0030333
419.2	0.00306715
419.3	0.00309973
419.4	0.0031323
419.5	0.00316604
419.6	0.00319907
419.7	0.00324087
419.8	0.00328204
419.9	0.00332483
420	0.00336444
420.1	0.00339742
420.2	0.00342839
420.3	0.00346443
420.4	0.00350438
420.5	0.00354489
420.6	0.00358469
420.7	0.00361739
420.8	0.00364469
420.9	0.00367102
421	0.00369384
421.1	0.00370931
421.2	0.00371702
421.3	0.00372251
421.4	0.00372753
421.5	0.00373315
421.6	0.00373724
421.7	0.00374083
421.8	0.00375079
421.9	0.00375838
422	0.00376565
422.1	0.00377817
422.2	0.00379562
422.3	0.00381527
422.4	0.00383361
422.5	0.00384605
422.6	0.00385564
422.7	0.00385643
422.8	0.00384783
422.9	0.00383342
423	0.00381907
423.1	0.00380701
423.2	0.0038016
423.3	0.00379857
423.4	0.00379449
423.5	0.00378677
423.6	0.00378178
423.7	0.0037797
423.8	0.00377714
423.9	0.00377842
424	0.00378194
424.1	0.00378543
424.2	0.00379067
424.3	0.00379874
424.4	0.00379993
424.5	0.00379754
424.6	0.003793
424.7	0.00378919
424.8	0.00378656
424.9	0.00378385
425	0.0037784
425.1	0.0037698
425.2	0.0037563
425.3	0.00374043
425.4	0.00372632
425.5	0.00371269
425.6	0.00369917
425.7	0.00369008
425.8	0.00368394
425.9	0.00367561
426	0.00366357
426.1	0.003647
426.2	0.00362927
426.3	0.00361533
426.4	0.00359918
426.5	0.00358265
426.6	0.0035647
426.7	0.0035416
426.8	0.00351506
426.9	0.00348669
427	0.00345527
427.1	0.00342109
427.2	0.00338731
427.3	0.00335158
427.4	0.00331289
427.5	0.00327472
427.6	0.00324
427.7	0.00320667
427.8	0.0031755
427.9	0.00314577
428	0.00310991
428.1	0.00307128
428.2	0.00303115
428.3	0.00299066
428.4	0.00294676
428.5	0.00290224
428.6	0.00285353
428.7	0.00280173
428.8	0.00275646
428.9	0.00271638
429	0.00268009
429.1	0.0026469
429.2	0.0026168
429.3	0.00258445
429.4	0.00255471
429.5	0.00252956
429.6	0.0025086
429.7	0.00248825
429.8	0.00247125
429.9	0.00245807
430	0.0024498
430.1	0.00244448
430.2	0.00243764
430.3	0.00243127
430.4	0.00242356
430.5	0.00241891
430.6	0.00241627
430.7	0.00240585
430.8	0.00239005
430.9	0.00237341
431	0.00235632
431.1	0.00233648
431.2	0.00231226
431.3	0.00228833
431.4	0.00226609
431.5	0.0022431
431.6	0.00222213
431.7	0.00220025
431.8	0.00218504
431.9	0.00217198
432	0.002157
432.1	0.00213714
432.2	0.00211941
432.3	0.00209987
432.4	0.0020789
432.5	0.00205686
432.6	0.00203807
432.7	0.00202152
432.8	0.00200836
432.9	0.00199336
433	0.0019729
433.1	0.00194935
433.2	0.00192383
433.3	0.00189755
433.4	0.00186545
433.5	0.00183481
433.6	0.00180067
433.7	0.00176072
433.8	0.00171639
433.9	0.00167468
434	0.00163681
434.1	0.00160149
434.2	0.00156835
434.3	0.00153703
434.4	0.00150244
434.5	0.00146583
434.6	0.00142669
434.7	0.00138252
434.8	0.00133715
434.9	0.00129039
435	0.00124964
435.1	0.0012014
435.2	0.00114961
435.3	0.00109242
435.4	0.00103808
435.5	0.000985957
435.6	0.000936602
435.7	0.000889004
435.8	0.000840886
435.9	0.000795724
436	0.000755427
436.1	0.000716465
436.2	0.000679902
436.3	0.000644357
436.4	0.000610933
436.5	0.00057725
436.6	0.000547272
436.7	0.000516117
436.8	0.000483006
436.9	0.000451796
437	0.000422315
437.1	0.000393473
437.2	0.000362513
437.3	0.00033521
437.4	0.000313528
437.5	0.000296784
437.6	0.000283491
437.7	0.000273969
437.8	0.000266882
437.9	0.000263427
438	0.000260131
438.1	0.000259818
438.2	0.000259971
438.3	0.000261012
438.4	0.000259721
438.5	0.00025852
438.6	0.000260104
438.7	0.0002648
438.8	0.000269493
438.9	0.000274077
439	0.000276952
439.1	0.000279108
439.2	0.000277808
439.3	0.000275488
439.4	0.000269975
439.5	0.000265395
439.6	0.00026271
439.7	0.000257665
439.8	0.00024978
439.9	0.000241651
440	0.000234832
440.1	0.000228275
440.2	0.000218925
440.3	0.000213234
440.4	0.000215259
440.5	0.000215479
440.6	0.000216855
440.7	0.000217808
440.8	0.000217998
440.9	0.000220059
441	0.000225777
441.1	0.000236864
441.2	0.000249885
441.3	0.000260278
441.4	0.000268171
441.5	0.000271243
441.6	0.000274926
441.7	0.000281306
441.8	0.00028677
441.9	0.000290244
442	0.000292365
442.1	0.00029097
442.2	0.000290866
442.3	0.000290932
442.4	0.000290496
442.5	0.000281757
442.6	0.000268828
442.7	0.000254395
442.8	0.000239421
442.9	0.000224128
443	0.000209559
443.1	0.000195261
443.2	0.000181503
443.3	0.000167946
443.4	0.000152157
443.5	0.000131392
443.6	0.000107925
443.7	8.37412e-05
443.8	6.36686e-05
443.9	4.44485e-05
444	2.24544e-05
444.1	1.18384e-06
444.2	-2.06953e-05
444.3	-3.85678e-05
444.4	-5.54022e-05
444.5	-7.66445e-05
444.6	-9.54031e-05
444.7	-0.000125106
444.8	-0.000161001
444.9	-0.000200164
445	-0.000232907
445.1	-0.00026094
445.2	-0.00028688
445.3	-0.000310737
445.4	-0.000336011
445.5	-0.000358248
445.6	-0.000383045
445.7	-0.000408274
445.8	-0.00043024
445.9	-0.000449874
446	-0.000469681
446.1	-0.000489954
446.2	-0.000512709
446.3	-0.000534575
446.4	-0.000553824
446.5	-0.000566721
446.6	-0.000572235
446.7	-0.00058013
446.8	-0.00058756
446.9	-0.0005924
447	-0.000592289
447.1	-0.000589409
447.2	-0.000587678
447.3	-0.000586065
447.4	-0.000584708
447.5	-0.000582391
447.6	-0.000580075
447.7	-0.00057582
447.8	-0.000568415
447.9	-0.000556763
448	-0.00054446
448.1	-0.000538199
448.2	-0.000538178
448.3	-0.000542639
448.4	-0.000548193
448.5	-0.000554613
448.6	-0.00056279
448.7	-0.000572493
448.8	-0.000580716
448.9	-0.000588197
449	-0.000596117
449.1	-0.000603995
449.2	-0.00060346
449.3	-0.00059877
449.4	-0.000596348
449.5	-0.00059734
449.6	-0.000597209
449.7	-0.000594182
449.8	-0.000585943
449.9	-0.000575264
450	-0.000565083
450.1	-0.000554629
450.2	-0.000544945
450.3	-0.00054212
450.4	-0.000539863
450.5	-0.000535393
450.6	-0.000530727
450.7	-0.000526142
450.8	-0.000522197
450.9	-0.000519816
451	-0.000514627
451.1	-0.00050167
451.2	-0.000490271
451.3	-0.000479937
451.4	-0.000463858
451.5	-0.000451466
451.6	-0.000437763
451.7	-0.000422361
451.8	-0.000402025
451.9	-0.000376303
452	-0.000348489
452.1	-0.000319455
452.2	-0.000288295
452.3	-0.00025346
452.4	-0.00021665
452.5	-0.000185471
452.6	-0.000154505
452.7	-0.000121361
452.8	-8.87338e-05
452.9	-5.56078e-05
453	-2.92124e-05
453.1	-3.0157e-06
453.2	2.69514e-05
453.3	6.01149e-05
453.4	9.06614e-05
453.5	0.000123415
453.6	0.00015303
453.7	0.000179845
453.8	0.000203079
453.9	0.000228392
454	0.000255166
454.1	0.000279653
454.2	0.000303269
454.3	0.000331837
454.4	0.000361187
454.5	0.000388983
454.6	0.000411763
454.7	0.000432375
454.8	0.000450065
454.9	0.000469115
455	0.000489961
455.1	0.000510773
455.2	0.000531085
455.3	0.000552008
455.4	0.000571112
455.5	0.000588448
455.6	0.000606832
455.7	0.000628629
455.8	0.000647266
455.9	0.000661547
456	0.000670294
456.1	0.000678192
456.2	0.000683499
456.3	0.000686635
456.4	0.000690256
456.5	0.000694727
456.6	0.000699611
456.7	0.000707264
456.8	0.000717084
456.9	0.000725986
457	0.000734105
457.1	0.000749681
457.2	0.000766189
457.3	0.000778801
457.4	0.000782681
457.5	0.000781496
457.6	0.000774521
457.7	0.000765629
457.8	0.000747983
457.9	0.00072615
458	0.000701311
458.1	0.000677584
458.2	0.000652941
458.3	0.000630846
458.4	0.000615628
458.5	0.000602394
458.6	0.000591734
458.7	0.000585112
458.8	0.00058748
458.9	0.000590875
459	0.000589279
459.1	0.00059007
459.2	0.000597633
459.3	0.000608859
459.4	0.000621178
459.5	0.000636508
459.6	0.000659191
459.7	0.000688374
459.8	0.000721461
459.9	0.000758374
460	0.000796989
460.1	0.000831476
460.2	0.000860862
460.3	0.000885504
460.4	0.000908437
460.5	0.000928492
460.6	0.00094577
460.7	0.000963964
460.8	0.000974272
460.9	0.000983308
461	0.000994075
461.1	0.00100341
461.2	0.00101337
461.3	0.00102363
461.4	0.001033
461.5	0.00104095
461.6	0.00104644
461.7	0.00105412
461.8	0.00106075
461.9	0.00106533
462	0.00107321
462.1	0.00107725
462.2	0.00108278
462.3	0.00109387
462.4	0.00110777
462.5	0.00112702
462.6	0.001148
462.7	0.00117049
462.8	0.00119402
462.9	0.00121229
463	0.00122539
463.1	0.00123345
463.2	0.00124052
463.3	0.00124102
463.4	0.00123959
463.5	0.00123458
463.6	0.00122988
463.7	0.00122486
463.8	0.00121922
463.9	0.0012091
464	0.00119724
464.1	0.00118581
464.2	0.00117277
464.3	0.00115515
464.4	0.00113519
464.5	0.00111036
464.6	0.00108393
464.7	0.00106145
464.8	0.00104073
464.9	0.00101565
465	0.000993954
465.1	0.00097322
465.2	0.000952845
465.3	0.000933554
465.4	0.000911458
465.5	0.000892559
465.6	0.000874755
465.7	0.000859474
465.8	0.000843426
465.9	0.000826312
466	0.000804732
466.1	0.000779658
466.2	0.00075337
466.3	0.000731573
466.4	0.000713094
466.5	0.000695413
466.6	0.000676338
466.7	0.000657516
466.8	0.000634738
466.9	0.000611127
467	0.000587728
467.1	0.000564681
467.2	0.000539752
467.3	0.000514901
467.4	0.000491536
467.5	0.000473029
467.6	0.000456338
467.7	0.000444237
467.8	0.000432005
467.9	0.000420775
468	0.000408396
468.1	0.000397559
468.2	0.000383762
468.3	0.00036219
468.4	0.000331357
468.5	0.000295757
468.6	0.000261053
468.7	0.000229296
468.8	0.000201184
468.9	0.000177773
469	0.000160577
469.1	0.000143888
469.2	0.000122704
469.3	9.90079e-05
469.4	7.91484e-05
469.5	6.74249e-05
469.6	5.6354e-05
469.7	4.65794e-05
469.8	4.21319e-05
469.9	4.69056e-05
470	5.3587e-05
470.1	5.7112e-05
470.2	5.86196e-05
470.3	5.82026e-05
470.4	5.31574e-05
470.5	4.25625e-05
470.6	3.03537e-05
470.7	2.44521e-05
470.8	2.11463e-05
470.9	2.0579e-05
471	2.29316e-05
471.1	2.50392e-05
471.2	2.48459e-05
471.3	2.16871e-05
471.4	1.80106e-05
471.5	1.6122e-05
471.6	1.12557e-05
471.7	3.19237e-06
471.8	-6.77066e-06
471.9	-1.7301e-05
472	-2.8278e-05
472.1	-4.19338e-05
472.2	-6.14147e-05
472.3	-8.35338e-05
472.4	-0.000109624
472.5	-0.000138202
472.6	-0.000171301
472.7	-0.000202734
472.8	-0.000235233
472.9	-0.000267556
473	-0.000298743
473.1	-0.000329087
473.2	-0.000358997
473.3	-0.000394099
473.4	-0.00043168
473.5	-0.000467831
473.6	-0.000504535
473.7	-0.000542919
473.8	-0.000582062
473.9	-0.000624715
474	-0.000674691
474.1	-0.000727943
474.2	-0.000777867
474.3	-0.000824245
474.4	-0.000872559
474.5	-0.000926059
474.6	-0.0009849
474.7	-0.00105058
474.8	-0.00111946
474.9	-0.00119176
475	-0.00126687
475.1	-0.00133963
475.2	-0.00141346
475.3	-0.00148346
475.4	-0.00155335
475.5	-0.00162065
475.6	-0.00168435
475.7	-0.00174179
475.8	-0.00179595
475.9	-0.00184546
476	-0.00189374
476.1	-0.00194337
476.2	-0.00199275
476.3	-0.00204273
476.4	-0.00209126
476.5	-0.00213911
476.6	-0.00218626
476.7	-0.00223001
476.8	-0.00227072
476.9	-0.00231421
477	-0.00235807
477.1	-0.00240245
477.2	-0.00244419
477.3	-0.00248308
477.4	-0.00252263
477.5	-0.00256286
477.6	-0.00260832
477.7	-0.00265555
477.8	-0.00270405
477.9	-0.00275401
478	-0.00280615
478.1	-0.00285863
478.2	-0.00290976
478.3	-0.00295777
478.4	-0.00299978
478.5	-0.00303574
478.6	-0.00307008
478.7	-0.00310246
478.8	-0.00313693
478.9	-0.00317023
479	-0.00319912
479.1	-0.00322894
479.2	-0.00326229
479.3	-0.00329443
479.4	-0.00332584
479.5	-0.00335442
479.6	-0.00338091
479.7	-0.00341062
479.8	-0.00343529
479.9	-0.0034557
480	-0.00347493
480.1	-0.00349218
480.2	-0.00350745
480.3	-0.00351704
480.4	-0.00352247
480.5	-0.00352275
480.6	-0.00353029
480.7	-0.00354311
480.8	-0.00356053
480.9	-0.00357965
481	-0.00359388
481.1	-0.00360023
481.2	-0.00360233
481.3	-0.00360387
481.4	-0.00360596
481.5	-0.00360768
481.6	-0.00360721
481.7	-0.00360921
481.8	-0.00360789
481.9	-0.00360429
482	-0.00360301
482.1	-0.00360556
482.2	-0.00360764
482.3	-0.00361361
482.4	-0.00362121
482.5	-0.00363083
482.6	-0.00363999
482.7	-0.00364871
482.8	-0.00365959
482.9	-0.00367047
483	-0.00368073
483.1	-0.00369014
483.2	-0.00369739
483.3	-0.00370651
483.4	-0.00371668
483.5	-0.00372856
483.6	-0.00374206
483.7	-0.00375092
483.8	-0.00375752
483.9	-0.00376391
484	-0.00377077
484.1	-0.00377596
484.2	-0.00378419
484.3	-0.00379592
484.4	-0.0038103
484.5	-0.00382077
484.6	-0.00382803
484.7	-0.00383041
484.8	-0.0038271
484.9	-0.00382193
485	-0.00381509
485.1	-0.00381167
485.2	-0.00381695
485.3	-0.00382455
485.4	-0.00382949
485.5	-0.00383254
485.6	-0.00384055
485.7	-0.00384657
485.8	-0.00384389
485.9	-0.00383715
486	-0.00383062
486.1	-0.00382684
486.2	-0.00382626
486.3	-0.00382977
486.4	-0.0038331
486.5	-0.0038329
486.6	-0.00382995
486.7	-0.00382604
486.8	-0.00381764
486.9	-0.0038032
487	-0.00378284
487.1	-0.00376056
487.2	-0.00374218
487.3	-0.00372259
487.4	-0.00370124
487.5	-0.00367846
487.6	-0.00364853
487.7	-0.00361891
487.8	-0.00359389
487.9	-0.00356888
488	-0.00354297
488.1	-0.00351435
488.2	-0.00348879
488.3	-0.00346826
488.4	-0.00344934
488.5	-0.00343051
488.6	-0.00341121
488.7	-0.00339111
488.8	-0.00337401
488.9	-0.00335929
489	-0.00334486
489.1	-0.0033261
489.2	-0.00330583
489.3	-0.00328574
489.4	-0.00326757
489.5	-0.00325486
489.6	-0.00324781
489.7	-0.00324382
489.8	-0.00324297
489.9	-0.00324456
490	-0.00324758
490.1	-0.00325396
490.2	-0.00326421
490.3	-0.00327263
490.4	-0.00328261
490.5	-0.0032903
490.6	-0.00330085
490.7	-0.00331601
490.8	-0.00332801
490.9	-0.00333713
491	-0.00334058
491.1	-0.00333882
491.2	-0.00333578
491.3	-0.00333363
491.4	-0.00333446
491.5	-0.00333215
491.6	-0.00332895
491.7	-0.0033286
491.8	-0.00332994
491.9	-0.00333272
492	-0.00333625
492.1	-0.00333863
492.2	-0.00333761
492.3	-0.00333565
492.4	-0.00333514
492.5	-0.0033348
492.6	-0.00333607
492.7	-0.00333871
492.8	-0.00333834
492.9	-0.00333771
493	-0.00333477
493.1	-0.00333083
493.2	-0.00332855
493.3	-0.00332509
493.4	-0.00331613
493.5	-0.00330994
493.6	-0.00330761
493.7	-0.00330444
493.8	-0.00329999
493.9	-0.00329803
494	-0.00329494
494.1	-0.00328704
494.2	-0.00327817
494.3	-0.00326455
494.4	-0.00324838
494.5	-0.00323305
494.6	-0.00321759
494.7	-0.00320205
494.8	-0.00318933
494.9	-0.00317502
495	-0.00315758
495.1	-0.00313821
495.2	-0.00311289
495.3	-0.00308755
495.4	-0.00306428
495.5	-0.00304156
495.6	-0.00301931
495.7	-0.00299967
495.8	-0.00298227
495.9	-0.00296447
496	-0.00294139
496.1	-0.00292096
496.2	-0.00290517
496.3	-0.00288946
496.4	-0.00287139
496.5	-0.00285566
496.6	-0.00283632
496.7	-0.0028156
496.8	-0.00279649
496.9	-0.00278103
497	-0.00276731
497.1	-0.0027573
497.2	-0.00275028
497.3	-0.00274057
497.4	-0.00272978
497.5	-0.00271798
497.6	-0.00270462
497.7	-0.00268934
497.8	-0.00267429
497.9	-0.00266416
498	-0.00265718
498.1	-0.00265358
498.2	-0.00264826
498.3	-0.00264062
498.4	-0.00263186
498.5	-0.00262033
498.6	-0.00260682
498.7	-0.00259529
498.8	-0.00258366
498.9	-0.00257037
499	-0.00255862
499.1	-0.00255311
499.2	-0.00254758
499.3	-0.00253822
499.4	-0.00252608
499.5	-0.00251132
499.6	-0.00249235
499.7	-0.00247307
499.8	-0.0024523
499.9	-0.00243055
500	-0.00240395
