LagTime	Correlation

0	3.2157
0.1	3.21069
0.2	3.20319
0.3	3.19512
0.4	3.18694
0.5	3.17879
0.6	3.17067
0.7	3.16262
0.8	3.15462
0.9	3.14668
1	3.1388
1.1	3.13097
1.2	3.1232
1.3	3.11548
1.4	3.10781
1.5	3.10019
1.6	3.09262
1.7	3.0851
1.8	3.07762
1.9	3.07018
2	3.06279
2.1	3.05544
2.2	3.04814
2.3	3.04089
2.4	3.03367
2.5	3.0265
2.6	3.01938
2.7	3.01229
2.8	3.00525
2.9	2.99825
3	2.99129
3.1	2.98436
3.2	2.97747
3.3	2.97061
3.4	2.96379
3.5	2.95701
3.6	2.95027
3.7	2.94355
3.8	2.93686
3.9	2.93022
4	2.92361
4.1	2.91704
4.2	2.91049
4.3	2.90399
4.4	2.89752
4.5	2.89109
4.6	2.88469
4.7	2.87832
4.8	2.87198
4.9	2.86567
5	2.8594
5.1	2.85315
5.2	2.84694
5.3	2.84076
5.4	2.83462
5.5	2.8285
5.6	2.82242
5.7	2.81636
5.8	2.81032
5.9	2.80431
6	2.79833
6.1	2.79238
6.2	2.78645
6.3	2.78055
6.4	2.77469
6.5	2.76885
6.6	2.76304
6.7	2.75726
6.8	2.75149
6.9	2.74574
7	2.74001
7.1	2.73431
7.2	2.72862
7.3	2.72296
7.4	2.71731
7.5	2.71169
7.6	2.7061
7.7	2.70054
7.8	2.695
7.9	2.68948
8	2.68399
8.1	2.67852
8.2	2.67308
8.3	2.66766
8.4	2.66226
8.5	2.65689
8.6	2.65154
8.7	2.64621
8.8	2.64091
8.9	2.63564
9	2.63039
9.1	2.62517
9.2	2.61996
9.3	2.61478
9.4	2.60961
9.5	2.60446
9.6	2.59933
9.7	2.59421
9.8	2.58911
9.9	2.58404
10	2.57898
10.1	2.57395
10.2	2.56894
10.3	2.56396
10.4	2.55899
10.5	2.55404
10.6	2.54911
10.7	2.54419
10.8	2.53929
10.9	2.53441
11	2.52956
11.1	2.52472
11.2	2.5199
11.3	2.51509
11.4	2.51029
11.5	2.5055
11.6	2.50071
11.7	2.49594
11.8	2.49118
11.9	2.48644
12	2.4817
12.1	2.47697
12.2	2.47226
12.3	2.46757
12.4	2.46288
12.5	2.45822
12.6	2.45356
12.7	2.44892
12.8	2.4443
12.9	2.43968
13	2.43507
13.1	2.43047
13.2	2.4259
13.3	2.42134
13.4	2.4168
13.5	2.41229
13.6	2.40778
13.7	2.40329
13.8	2.39881
13.9	2.39435
14	2.3899
14.1	2.38547
14.2	2.38105
14.3	2.37664
14.4	2.37225
14.5	2.36788
14.6	2.36352
14.7	2.35917
14.8	2.35484
14.9	2.35052
15	2.34621
15.1	2.34191
15.2	2.3376
15.3	2.33331
15.4	2.32901
15.5	2.32473
15.6	2.32045
15.7	2.31619
15.8	2.31194
15.9	2.30769
16	2.30345
16.1	2.29922
16.2	2.295
16.3	2.29078
16.4	2.28658
16.5	2.28238
16.6	2.2782
16.7	2.27403
16.8	2.26987
16.9	2.26573
17	2.26161
17.1	2.25749
17.2	2.25338
17.3	2.24928
17.4	2.24519
17.5	2.24112
17.6	2.23706
17.7	2.23301
17.8	2.22897
17.9	2.22494
18	2.22093
18.1	2.21692
18.2	2.21293
18.3	2.20894
18.4	2.20496
18.5	2.20098
18.6	2.197
18.7	2.19303
18.8	2.18907
18.9	2.18512
19	2.18118
19.1	2.17724
19.2	2.17331
19.3	2.16939
19.4	2.16548
19.5	2.16158
19.6	2.15768
19.7	2.15379
19.8	2.14991
19.9	2.14605
20	2.14221
20.1	2.13838
20.2	2.13457
20.3	2.13078
20.4	2.12699
20.5	2.12321
20.6	2.11944
20.7	2.11569
20.8	2.11194
20.9	2.10821
21	2.1045
21.1	2.10079
21.2	2.09709
21.3	2.0934
21.4	2.08972
21.5	2.08605
21.6	2.08239
21.7	2.07873
21.8	2.07508
21.9	2.07145
22	2.06783
22.1	2.06421
22.2	2.0606
22.3	2.057
22.4	2.0534
22.5	2.04981
22.6	2.04623
22.7	2.04265
22.8	2.03909
22.9	2.03554
23	2.032
23.1	2.02847
23.2	2.02494
23.3	2.02142
23.4	2.01792
23.5	2.01442
23.6	2.01093
23.7	2.00745
23.8	2.00398
23.9	2.00052
24	1.99708
24.1	1.99364
24.2	1.9902
24.3	1.98677
24.4	1.98335
24.5	1.97994
24.6	1.97654
24.7	1.97314
24.8	1.96975
24.9	1.96637
25	1.963
25.1	1.95962
25.2	1.95626
25.3	1.9529
25.4	1.94955
25.5	1.9462
25.6	1.94287
25.7	1.93954
25.8	1.93622
25.9	1.9329
26	1.9296
26.1	1.92629
26.2	1.92298
26.3	1.91967
26.4	1.91637
26.5	1.91308
26.6	1.90978
26.7	1.90649
26.8	1.90322
26.9	1.89995
27	1.89669
27.1	1.89344
27.2	1.89019
27.3	1.88695
27.4	1.88371
27.5	1.88048
27.6	1.87725
27.7	1.87402
27.8	1.8708
27.9	1.86759
28	1.86438
28.1	1.86118
28.2	1.85799
28.3	1.85479
28.4	1.8516
28.5	1.84842
28.6	1.84525
28.7	1.84209
28.8	1.83893
28.9	1.83578
29	1.83263
29.1	1.82949
29.2	1.82636
29.3	1.82324
29.4	1.82013
29.5	1.81702
29.6	1.81392
29.7	1.81083
29.8	1.80775
29.9	1.80468
30	1.80161
30.1	1.79854
30.2	1.79548
30.3	1.79242
30.4	1.78936
30.5	1.78631
30.6	1.78326
30.7	1.78022
30.8	1.77717
30.9	1.77413
31	1.7711
31.1	1.76807
31.2	1.76504
31.3	1.76203
31.4	1.75901
31.5	1.756
31.6	1.75298
31.7	1.74998
31.8	1.74698
31.9	1.74399
32	1.74101
32.1	1.73804
32.2	1.73508
32.3	1.73211
32.4	1.72915
32.5	1.72619
32.6	1.72323
32.7	1.72029
32.8	1.71735
32.9	1.71443
33	1.71151
33.1	1.7086
33.2	1.70569
33.3	1.70279
33.4	1.69989
33.5	1.69698
33.6	1.69409
33.7	1.6912
33.8	1.68831
33.9	1.68543
34	1.68255
34.1	1.67967
34.2	1.6768
34.3	1.67394
34.4	1.67109
34.5	1.66824
34.6	1.66541
34.7	1.66257
34.8	1.65974
34.9	1.65691
35	1.65408
35.1	1.65125
35.2	1.64843
35.3	1.64561
35.4	1.64279
35.5	1.63998
35.6	1.63718
35.7	1.63438
35.8	1.63159
35.9	1.6288
36	1.62602
36.1	1.62324
36.2	1.62047
36.3	1.61771
36.4	1.61496
36.5	1.61221
36.6	1.60947
36.7	1.60673
36.8	1.60401
36.9	1.60129
37	1.59858
37.1	1.59588
37.2	1.59319
37.3	1.5905
37.4	1.58781
37.5	1.58512
37.6	1.58244
37.7	1.57976
37.8	1.57709
37.9	1.57442
38	1.57176
38.1	1.56909
38.2	1.56643
38.3	1.56377
38.4	1.56113
38.5	1.5585
38.6	1.55587
38.7	1.55324
38.8	1.55061
38.9	1.54799
39	1.54538
39.1	1.54277
39.2	1.54016
39.3	1.53755
39.4	1.53495
39.5	1.53235
39.6	1.52975
39.7	1.52715
39.8	1.52456
39.9	1.52197
40	1.51939
40.1	1.51681
40.2	1.51424
40.3	1.51168
40.4	1.50912
40.5	1.50657
40.6	1.50402
40.7	1.50147
40.8	1.49892
40.9	1.49638
41	1.49385
41.1	1.49133
41.2	1.48881
41.3	1.48629
41.4	1.48378
41.5	1.48128
41.6	1.47878
41.7	1.47629
41.8	1.4738
41.9	1.47132
42	1.46883
42.1	1.46636
42.2	1.46388
42.3	1.46142
42.4	1.45895
42.5	1.45649
42.6	1.45404
42.7	1.45159
42.8	1.44915
42.9	1.44671
43	1.44428
43.1	1.44185
43.2	1.43942
43.3	1.43699
43.4	1.43457
43.5	1.43215
43.6	1.42973
43.7	1.42731
43.8	1.4249
43.9	1.42249
44	1.42008
44.1	1.41768
44.2	1.41529
44.3	1.4129
44.4	1.41052
44.5	1.40814
44.6	1.40577
44.7	1.4034
44.8	1.40104
44.9	1.39867
45	1.39631
45.1	1.39395
45.2	1.3916
45.3	1.38925
45.4	1.38691
45.5	1.38457
45.6	1.38225
45.7	1.37992
45.8	1.3776
45.9	1.37529
46	1.37297
46.1	1.37066
46.2	1.36834
46.3	1.36603
46.4	1.36371
46.5	1.36139
46.6	1.35908
46.7	1.35677
46.8	1.35446
46.9	1.35215
47	1.34985
47.1	1.34754
47.2	1.34524
47.3	1.34295
47.4	1.34065
47.5	1.33835
47.6	1.33606
47.7	1.33377
47.8	1.33148
47.9	1.32919
48	1.3269
48.1	1.32462
48.2	1.32233
48.3	1.32004
48.4	1.31776
48.5	1.31548
48.6	1.31321
48.7	1.31094
48.8	1.30869
48.9	1.30644
49	1.30418
49.1	1.30194
49.2	1.2997
49.3	1.29746
49.4	1.29522
49.5	1.29298
49.6	1.29074
49.7	1.2885
49.8	1.28627
49.9	1.28404
50	1.28181
50.1	1.27958
50.2	1.27736
50.3	1.27513
50.4	1.27292
50.5	1.27071
50.6	1.26851
50.7	1.2663
50.8	1.26411
50.9	1.26191
51	1.25973
51.1	1.25754
51.2	1.25537
51.3	1.25321
51.4	1.25105
51.5	1.24889
51.6	1.24674
51.7	1.24459
51.8	1.24244
51.9	1.2403
52	1.23816
52.1	1.23602
52.2	1.23388
52.3	1.23175
52.4	1.22963
52.5	1.22751
52.6	1.2254
52.7	1.2233
52.8	1.22121
52.9	1.21913
53	1.21704
53.1	1.21496
53.2	1.21288
53.3	1.21081
53.4	1.20875
53.5	1.2067
53.6	1.20465
53.7	1.2026
53.8	1.20056
53.9	1.19853
54	1.1965
54.1	1.19448
54.2	1.19247
54.3	1.19046
54.4	1.18845
54.5	1.18645
54.6	1.18445
54.7	1.18245
54.8	1.18045
54.9	1.17845
55	1.17646
55.1	1.17447
55.2	1.17249
55.3	1.17052
55.4	1.16856
55.5	1.1666
55.6	1.16465
55.7	1.1627
55.8	1.16074
55.9	1.1588
56	1.15686
56.1	1.15492
56.2	1.15298
56.3	1.15104
56.4	1.1491
56.5	1.14716
56.6	1.14524
56.7	1.14331
56.8	1.14138
56.9	1.13946
57	1.13755
57.1	1.13564
57.2	1.13374
57.3	1.13183
57.4	1.12993
57.5	1.12802
57.6	1.12612
57.7	1.12422
57.8	1.12233
57.9	1.12043
58	1.11854
58.1	1.11666
58.2	1.11479
58.3	1.11292
58.4	1.11106
58.5	1.10919
58.6	1.10733
58.7	1.10546
58.8	1.10361
58.9	1.10176
59	1.09992
59.1	1.09808
59.2	1.09625
59.3	1.09443
59.4	1.09261
59.5	1.0908
59.6	1.08899
59.7	1.08717
59.8	1.08536
59.9	1.08355
60	1.08174
60.1	1.07994
60.2	1.07813
60.3	1.07633
60.4	1.07452
60.5	1.0727
60.6	1.07089
60.7	1.06907
60.8	1.06725
60.9	1.06544
61	1.06361
61.1	1.06179
61.2	1.05997
61.3	1.05815
61.4	1.05633
61.5	1.05452
61.6	1.05271
61.7	1.0509
61.8	1.04909
61.9	1.04728
62	1.04548
62.1	1.04368
62.2	1.04188
62.3	1.04009
62.4	1.03829
62.5	1.0365
62.6	1.03471
62.7	1.03291
62.8	1.03113
62.9	1.02933
63	1.02755
63.1	1.02577
63.2	1.02399
63.3	1.02222
63.4	1.02046
63.5	1.0187
63.6	1.01696
63.7	1.01522
63.8	1.01348
63.9	1.01174
64	1.01001
64.1	1.00828
64.2	1.00656
64.3	1.00484
64.4	1.00312
64.5	1.00141
64.6	0.999709
64.7	0.998009
64.8	0.996312
64.9	0.994618
65	0.992932
65.1	0.991254
65.2	0.989582
65.3	0.987909
65.4	0.986237
65.5	0.984571
65.6	0.982914
65.7	0.981268
65.8	0.979627
65.9	0.977988
66	0.976351
66.1	0.974712
66.2	0.973077
66.3	0.971446
66.4	0.969817
66.5	0.968192
66.6	0.966564
66.7	0.964932
66.8	0.963298
66.9	0.961663
67	0.960033
67.1	0.958406
67.2	0.956778
67.3	0.955151
67.4	0.953521
67.5	0.951886
67.6	0.950254
67.7	0.948625
67.8	0.946999
67.9	0.945378
68	0.94376
68.1	0.942145
68.2	0.940531
68.3	0.938913
68.4	0.937295
68.5	0.935678
68.6	0.934064
68.7	0.932453
68.8	0.930841
68.9	0.929229
69	0.927617
69.1	0.926012
69.2	0.924407
69.3	0.922803
69.4	0.921201
69.5	0.919605
69.6	0.918015
69.7	0.916427
69.8	0.914845
69.9	0.913263
70	0.911682
70.1	0.910103
70.2	0.908536
70.3	0.906984
70.4	0.905438
70.5	0.903899
70.6	0.902363
70.7	0.900831
70.8	0.899304
70.9	0.897782
71	0.896262
71.1	0.894742
71.2	0.893223
71.3	0.891704
71.4	0.890182
71.5	0.888669
71.6	0.887162
71.7	0.885656
71.8	0.884152
71.9	0.882647
72	0.881143
72.1	0.879637
72.2	0.878139
72.3	0.876647
72.4	0.875159
72.5	0.873672
72.6	0.872188
72.7	0.870714
72.8	0.869248
72.9	0.867786
73	0.866325
73.1	0.864865
73.2	0.863406
73.3	0.861947
73.4	0.860486
73.5	0.859026
73.6	0.857571
73.7	0.856119
73.8	0.854667
73.9	0.853215
74	0.851764
74.1	0.850308
74.2	0.848851
74.3	0.847393
74.4	0.845932
74.5	0.844467
74.6	0.843001
74.7	0.841534
74.8	0.840069
74.9	0.838607
75	0.837148
75.1	0.835695
75.2	0.834246
75.3	0.832801
75.4	0.831361
75.5	0.829927
75.6	0.828503
75.7	0.827084
75.8	0.825664
75.9	0.824247
76	0.822834
76.1	0.821424
76.2	0.820022
76.3	0.818624
76.4	0.817232
76.5	0.815836
76.6	0.814434
76.7	0.813028
76.8	0.811622
76.9	0.810219
77	0.808822
77.1	0.807433
77.2	0.806044
77.3	0.804659
77.4	0.803276
77.5	0.801897
77.6	0.80052
77.7	0.799145
77.8	0.797769
77.9	0.796396
78	0.795023
78.1	0.793652
78.2	0.792285
78.3	0.790923
78.4	0.789565
78.5	0.788213
78.6	0.786859
78.7	0.785499
78.8	0.784135
78.9	0.78277
79	0.781402
79.1	0.780035
79.2	0.778666
79.3	0.777292
79.4	0.775918
79.5	0.774543
79.6	0.773174
79.7	0.771804
79.8	0.770432
79.9	0.76906
80	0.76769
80.1	0.766328
80.2	0.76497
80.3	0.763615
80.4	0.762263
80.5	0.76091
80.6	0.759557
80.7	0.758203
80.8	0.756848
80.9	0.755495
81	0.754143
81.1	0.752793
81.2	0.751442
81.3	0.750092
81.4	0.748743
81.5	0.747397
81.6	0.746055
81.7	0.74472
81.8	0.743392
81.9	0.742062
82	0.740731
82.1	0.739403
82.2	0.738084
82.3	0.736769
82.4	0.735453
82.5	0.734142
82.6	0.732831
82.7	0.731524
82.8	0.730217
82.9	0.728914
83	0.727613
83.1	0.726314
83.2	0.725012
83.3	0.723714
83.4	0.722416
83.5	0.721117
83.6	0.719819
83.7	0.718522
83.8	0.717232
83.9	0.715947
84	0.714664
84.1	0.713385
84.2	0.712106
84.3	0.710824
84.4	0.709541
84.5	0.708259
84.6	0.706978
84.7	0.705699
84.8	0.704424
84.9	0.70315
85	0.701882
85.1	0.700615
85.2	0.699351
85.3	0.698089
85.4	0.696832
85.5	0.695578
85.6	0.694324
85.7	0.693072
85.8	0.691822
85.9	0.690575
86	0.689333
86.1	0.688093
86.2	0.686857
86.3	0.685617
86.4	0.684379
86.5	0.683145
86.6	0.681916
86.7	0.680696
86.8	0.679484
86.9	0.678274
87	0.677068
87.1	0.675867
87.2	0.674668
87.3	0.673471
87.4	0.672279
87.5	0.67109
87.6	0.669902
87.7	0.668715
87.8	0.667525
87.9	0.666335
88	0.665152
88.1	0.663973
88.2	0.662797
88.3	0.661624
88.4	0.660458
88.5	0.659299
88.6	0.658147
88.7	0.657
88.8	0.655851
88.9	0.654703
89	0.653557
89.1	0.652416
89.2	0.651279
89.3	0.650147
89.4	0.649016
89.5	0.647885
89.6	0.646758
89.7	0.645637
89.8	0.644524
89.9	0.643421
90	0.642326
90.1	0.641228
90.2	0.640128
90.3	0.639025
90.4	0.637923
90.5	0.636823
90.6	0.635727
90.7	0.63463
90.8	0.633537
90.9	0.632446
91	0.631358
91.1	0.630273
91.2	0.629192
91.3	0.628111
91.4	0.627034
91.5	0.625961
91.6	0.62489
91.7	0.623821
91.8	0.622751
91.9	0.621686
92	0.62062
92.1	0.619549
92.2	0.618476
92.3	0.617405
92.4	0.616331
92.5	0.615259
92.6	0.614194
92.7	0.613128
92.8	0.612058
92.9	0.610986
93	0.609912
93.1	0.608837
93.2	0.607763
93.3	0.60669
93.4	0.605614
93.5	0.604537
93.6	0.603463
93.7	0.602387
93.8	0.60131
93.9	0.600243
94	0.599176
94.1	0.598114
94.2	0.597057
94.3	0.596006
94.4	0.594958
94.5	0.59391
94.6	0.592862
94.7	0.59181
94.8	0.590756
94.9	0.589702
95	0.588648
95.1	0.587597
95.2	0.586551
95.3	0.585507
95.4	0.584466
95.5	0.58343
95.6	0.582398
95.7	0.581369
95.8	0.580344
95.9	0.579322
96	0.578305
96.1	0.577289
96.2	0.576272
96.3	0.575253
96.4	0.574238
96.5	0.573226
96.6	0.572217
96.7	0.571211
96.8	0.570202
96.9	0.569196
97	0.568195
97.1	0.567195
97.2	0.566199
97.3	0.565206
97.4	0.564209
97.5	0.56321
97.6	0.562215
97.7	0.561227
97.8	0.560244
97.9	0.559266
98	0.558289
98.1	0.557318
98.2	0.556348
98.3	0.555382
98.4	0.554417
98.5	0.553457
98.6	0.5525
98.7	0.551544
98.8	0.55059
98.9	0.549638
99	0.548687
99.1	0.547734
99.2	0.546777
99.3	0.545821
99.4	0.544863
99.5	0.543905
99.6	0.542954
99.7	0.542005
99.8	0.541061
99.9	0.540122
100	0.539184
100.1	0.538251
100.2	0.537317
100.3	0.53638
100.4	0.535442
100.5	0.5345
100.6	0.533555
100.7	0.53261
100.8	0.531667
100.9	0.530724
101	0.529783
101.1	0.528845
101.2	0.52791
101.3	0.526981
101.4	0.526048
101.5	0.525114
101.6	0.524181
101.7	0.52325
101.8	0.522317
101.9	0.521376
102	0.520433
102.1	0.519492
102.2	0.51855
102.3	0.517604
102.4	0.516661
102.5	0.51572
102.6	0.514785
102.7	0.513855
102.8	0.512927
102.9	0.512002
103	0.511081
103.1	0.510163
103.2	0.509251
103.3	0.508346
103.4	0.507444
103.5	0.506548
103.6	0.505653
103.7	0.504763
103.8	0.503877
103.9	0.502991
104	0.502105
104.1	0.501226
104.2	0.500354
104.3	0.49949
104.4	0.498634
104.5	0.497788
104.6	0.496953
104.7	0.496122
104.8	0.495295
104.9	0.494471
105	0.493647
105.1	0.492824
105.2	0.492006
105.3	0.491192
105.4	0.490377
105.5	0.489561
105.6	0.488748
105.7	0.48794
105.8	0.487138
105.9	0.486338
106	0.485541
106.1	0.484743
106.2	0.483947
106.3	0.48315
106.4	0.482351
106.5	0.481547
106.6	0.480743
106.7	0.479937
106.8	0.479128
106.9	0.478315
107	0.477499
107.1	0.476681
107.2	0.475865
107.3	0.47505
107.4	0.474235
107.5	0.473422
107.6	0.472608
107.7	0.471802
107.8	0.470995
107.9	0.470191
108	0.469388
108.1	0.468583
108.2	0.467778
108.3	0.466972
108.4	0.466169
108.5	0.465368
108.6	0.46457
108.7	0.463779
108.8	0.46299
108.9	0.462196
109	0.461402
109.1	0.460608
109.2	0.459812
109.3	0.459015
109.4	0.458214
109.5	0.457415
109.6	0.456627
109.7	0.455843
109.8	0.455064
109.9	0.454282
110	0.453503
110.1	0.452721
110.2	0.451937
110.3	0.451154
110.4	0.450369
110.5	0.449581
110.6	0.44879
110.7	0.448001
110.8	0.447215
110.9	0.446427
111	0.445638
111.1	0.444849
111.2	0.444062
111.3	0.443278
111.4	0.442496
111.5	0.441716
111.6	0.440935
111.7	0.440155
111.8	0.439375
111.9	0.438595
112	0.437814
112.1	0.437029
112.2	0.436245
112.3	0.435472
112.4	0.434709
112.5	0.433951
112.6	0.433196
112.7	0.432441
112.8	0.431685
112.9	0.430932
113	0.430177
113.1	0.429427
113.2	0.428682
113.3	0.42794
113.4	0.42721
113.5	0.426486
113.6	0.425769
113.7	0.425054
113.8	0.424344
113.9	0.423639
114	0.422938
114.1	0.422238
114.2	0.421539
114.3	0.420843
114.4	0.420151
114.5	0.419462
114.6	0.418779
114.7	0.418097
114.8	0.417418
114.9	0.416741
115	0.416063
115.1	0.415385
115.2	0.414712
115.3	0.414041
115.4	0.413372
115.5	0.412706
115.6	0.412042
115.7	0.411379
115.8	0.410715
115.9	0.410053
116	0.409389
116.1	0.408729
116.2	0.408077
116.3	0.407428
116.4	0.406783
116.5	0.406143
116.6	0.405504
116.7	0.404867
116.8	0.40423
116.9	0.403593
117	0.402958
117.1	0.402324
117.2	0.401693
117.3	0.40106
117.4	0.400428
117.5	0.3998
117.6	0.399174
117.7	0.398552
117.8	0.397927
117.9	0.397297
118	0.396666
118.1	0.396037
118.2	0.395404
118.3	0.39477
118.4	0.394136
118.5	0.393508
118.6	0.392885
118.7	0.392262
118.8	0.391638
118.9	0.391012
119	0.390388
119.1	0.38976
119.2	0.389125
119.3	0.388485
119.4	0.38784
119.5	0.387186
119.6	0.386526
119.7	0.385869
119.8	0.38522
119.9	0.384573
120	0.383925
120.1	0.383277
120.2	0.382624
120.3	0.381969
120.4	0.381314
120.5	0.380663
120.6	0.380017
120.7	0.379371
120.8	0.378721
120.9	0.378072
121	0.377424
121.1	0.376778
121.2	0.376129
121.3	0.375483
121.4	0.374835
121.5	0.374185
121.6	0.373533
121.7	0.372879
121.8	0.37223
121.9	0.371581
122	0.370935
122.1	0.370289
122.2	0.369641
122.3	0.368992
122.4	0.368344
122.5	0.367698
122.6	0.36705
122.7	0.366404
122.8	0.365763
122.9	0.365121
123	0.364479
123.1	0.363831
123.2	0.363177
123.3	0.362518
123.4	0.361853
123.5	0.361186
123.6	0.360526
123.7	0.359868
123.8	0.359209
123.9	0.358553
124	0.357899
124.1	0.357242
124.2	0.35658
124.3	0.355911
124.4	0.355241
124.5	0.354574
124.6	0.353912
124.7	0.353251
124.8	0.35259
124.9	0.351933
125	0.351278
125.1	0.35062
125.2	0.34996
125.3	0.349303
125.4	0.348644
125.5	0.347988
125.6	0.347334
125.7	0.34668
125.8	0.346025
125.9	0.345376
126	0.344735
126.1	0.344102
126.2	0.343473
126.3	0.342846
126.4	0.342224
126.5	0.341607
126.6	0.340991
126.7	0.340385
126.8	0.339785
126.9	0.339185
127	0.338584
127.1	0.33799
127.2	0.337405
127.3	0.336826
127.4	0.33625
127.5	0.335681
127.6	0.335115
127.7	0.334548
127.8	0.333982
127.9	0.333415
128	0.332846
128.1	0.332268
128.2	0.331689
128.3	0.331112
128.4	0.330533
128.5	0.329957
128.6	0.329383
128.7	0.328815
128.8	0.328251
128.9	0.32769
129	0.327127
129.1	0.326569
129.2	0.326019
129.3	0.325472
129.4	0.324928
129.5	0.324386
129.6	0.323841
129.7	0.323298
129.8	0.322757
129.9	0.322219
130	0.321686
130.1	0.321159
130.2	0.320637
130.3	0.320121
130.4	0.319605
130.5	0.319093
130.6	0.318587
130.7	0.318084
130.8	0.317574
130.9	0.317057
131	0.316537
131.1	0.316021
131.2	0.315512
131.3	0.315006
131.4	0.314502
131.5	0.314002
131.6	0.313509
131.7	0.313023
131.8	0.312536
131.9	0.312049
132	0.311561
132.1	0.311073
132.2	0.310586
132.3	0.310106
132.4	0.309627
132.5	0.309144
132.6	0.308657
132.7	0.308171
132.8	0.307691
132.9	0.307214
133	0.30674
133.1	0.306265
133.2	0.30579
133.3	0.305313
133.4	0.304841
133.5	0.304371
133.6	0.303907
133.7	0.303448
133.8	0.302994
133.9	0.302546
134	0.302098
134.1	0.301642
134.2	0.301181
134.3	0.300717
134.4	0.300254
134.5	0.299794
134.6	0.299337
134.7	0.298883
134.8	0.298428
134.9	0.297973
135	0.297517
135.1	0.297057
135.2	0.296595
135.3	0.29613
135.4	0.295664
135.5	0.295202
135.6	0.294741
135.7	0.294281
135.8	0.293822
135.9	0.293363
136	0.292902
136.1	0.292442
136.2	0.291985
136.3	0.291526
136.4	0.291067
136.5	0.290604
136.6	0.290142
136.7	0.289678
136.8	0.289211
136.9	0.288744
137	0.28828
137.1	0.287816
137.2	0.287354
137.3	0.286891
137.4	0.286429
137.5	0.285967
137.6	0.285508
137.7	0.285053
137.8	0.284596
137.9	0.284136
138	0.283673
138.1	0.283207
138.2	0.28274
138.3	0.282274
138.4	0.281812
138.5	0.281351
138.6	0.280888
138.7	0.280425
138.8	0.279964
138.9	0.279499
139	0.279033
139.1	0.278571
139.2	0.278115
139.3	0.277664
139.4	0.277213
139.5	0.276759
139.6	0.276303
139.7	0.275848
139.8	0.275396
139.9	0.274947
140	0.274497
140.1	0.27404
140.2	0.273576
140.3	0.273107
140.4	0.272641
140.5	0.272172
140.6	0.271702
140.7	0.271233
140.8	0.270764
140.9	0.270294
141	0.269822
141.1	0.269347
141.2	0.26887
141.3	0.268396
141.4	0.267924
141.5	0.26745
141.6	0.266967
141.7	0.266483
141.8	0.265998
141.9	0.265514
142	0.265033
142.1	0.264553
142.2	0.264071
142.3	0.263594
142.4	0.263125
142.5	0.262657
142.6	0.262192
142.7	0.261727
142.8	0.261264
142.9	0.260803
143	0.26034
143.1	0.259876
143.2	0.259408
143.3	0.258931
143.4	0.258451
143.5	0.257972
143.6	0.257497
143.7	0.257024
143.8	0.256555
143.9	0.256086
144	0.255615
144.1	0.255145
144.2	0.254677
144.3	0.254213
144.4	0.25375
144.5	0.253284
144.6	0.252819
144.7	0.25235
144.8	0.251879
144.9	0.251406
145	0.250929
145.1	0.250452
145.2	0.249975
145.3	0.249499
145.4	0.249025
145.5	0.248546
145.6	0.248067
145.7	0.247589
145.8	0.247112
145.9	0.246636
146	0.24616
146.1	0.245681
146.2	0.245203
146.3	0.244725
146.4	0.244244
146.5	0.243756
146.6	0.243266
146.7	0.242773
146.8	0.242279
146.9	0.241793
147	0.241311
147.1	0.240831
147.2	0.240354
147.3	0.239876
147.4	0.239399
147.5	0.238929
147.6	0.238464
147.7	0.238001
147.8	0.237537
147.9	0.237073
148	0.236612
148.1	0.23615
148.2	0.235685
148.3	0.235215
148.4	0.234747
148.5	0.234273
148.6	0.2338
148.7	0.233331
148.8	0.232866
148.9	0.232406
149	0.231952
149.1	0.231501
149.2	0.231048
149.3	0.230591
149.4	0.230132
149.5	0.229673
149.6	0.229215
149.7	0.228764
149.8	0.228319
149.9	0.227876
150	0.227437
150.1	0.226998
150.2	0.22656
150.3	0.226124
150.4	0.22569
150.5	0.225254
150.6	0.224813
150.7	0.224368
150.8	0.223923
150.9	0.223481
151	0.223041
151.1	0.222605
151.2	0.222171
151.3	0.221743
151.4	0.221315
151.5	0.220885
151.6	0.220457
151.7	0.220023
151.8	0.219588
151.9	0.219155
152	0.218724
152.1	0.218297
152.2	0.217869
152.3	0.217443
152.4	0.217022
152.5	0.216603
152.6	0.216185
152.7	0.215774
152.8	0.215365
152.9	0.214958
153	0.214557
153.1	0.214154
153.2	0.213747
153.3	0.213347
153.4	0.212947
153.5	0.212548
153.6	0.212149
153.7	0.211747
153.8	0.211339
153.9	0.210933
154	0.21053
154.1	0.210129
154.2	0.209723
154.3	0.209308
154.4	0.208889
154.5	0.208466
154.6	0.208044
154.7	0.207624
154.8	0.207205
154.9	0.206785
155	0.206366
155.1	0.205942
155.2	0.205514
155.3	0.205082
155.4	0.204657
155.5	0.204241
155.6	0.203832
155.7	0.203426
155.8	0.203025
155.9	0.202626
156	0.202232
156.1	0.20184
156.2	0.201449
156.3	0.201062
156.4	0.200682
156.5	0.200305
156.6	0.199929
156.7	0.199553
156.8	0.199182
156.9	0.19881
157	0.198435
157.1	0.198058
157.2	0.197681
157.3	0.197309
157.4	0.19694
157.5	0.196572
157.6	0.196206
157.7	0.195841
157.8	0.19548
157.9	0.195123
158	0.194772
158.1	0.194424
158.2	0.19408
158.3	0.193739
158.4	0.193397
158.5	0.193056
158.6	0.192717
158.7	0.192379
158.8	0.192045
158.9	0.191713
159	0.19138
159.1	0.191045
159.2	0.190708
159.3	0.190372
159.4	0.190032
159.5	0.189692
159.6	0.18935
159.7	0.189002
159.8	0.188652
159.9	0.188295
160	0.187935
160.1	0.187577
160.2	0.187225
160.3	0.186883
160.4	0.186546
160.5	0.186217
160.6	0.185897
160.7	0.185578
160.8	0.185266
160.9	0.184958
161	0.184648
161.1	0.184336
161.2	0.184027
161.3	0.18372
161.4	0.183412
161.5	0.183102
161.6	0.182791
161.7	0.182476
161.8	0.182162
161.9	0.181847
162	0.181527
162.1	0.181206
162.2	0.180883
162.3	0.180559
162.4	0.180235
162.5	0.179911
162.6	0.179585
162.7	0.179261
162.8	0.178939
162.9	0.178618
163	0.178296
163.1	0.177976
163.2	0.177659
163.3	0.17735
163.4	0.177046
163.5	0.176744
163.6	0.176441
163.7	0.176139
163.8	0.175836
163.9	0.175535
164	0.175239
164.1	0.174946
164.2	0.174657
164.3	0.174367
164.4	0.174075
164.5	0.173784
164.6	0.173493
164.7	0.173201
164.8	0.172906
164.9	0.172614
165	0.172323
165.1	0.172029
165.2	0.171733
165.3	0.171434
165.4	0.171134
165.5	0.170833
165.6	0.170531
165.7	0.170233
165.8	0.169935
165.9	0.16964
166	0.169348
166.1	0.169064
166.2	0.168781
166.3	0.168502
166.4	0.168224
166.5	0.167951
166.6	0.167686
166.7	0.16742
166.8	0.167154
166.9	0.166887
167	0.166617
167.1	0.166349
167.2	0.166079
167.3	0.165811
167.4	0.165542
167.5	0.165269
167.6	0.164998
167.7	0.164725
167.8	0.164447
167.9	0.164166
168	0.163884
168.1	0.163604
168.2	0.163327
168.3	0.163051
168.4	0.162778
168.5	0.162504
168.6	0.162228
168.7	0.161954
168.8	0.161682
168.9	0.161414
169	0.161147
169.1	0.160878
169.2	0.16061
169.3	0.160343
169.4	0.160077
169.5	0.159814
169.6	0.159556
169.7	0.1593
169.8	0.159051
169.9	0.158808
170	0.158566
170.1	0.158322
170.2	0.158074
170.3	0.157819
170.4	0.157558
170.5	0.157297
170.6	0.157038
170.7	0.156777
170.8	0.156512
170.9	0.156248
171	0.155984
171.1	0.155717
171.2	0.155454
171.3	0.155189
171.4	0.154917
171.5	0.154646
171.6	0.154372
171.7	0.154098
171.8	0.153826
171.9	0.153551
172	0.153272
172.1	0.152993
172.2	0.152711
172.3	0.152427
172.4	0.152146
172.5	0.151872
172.6	0.151597
172.7	0.151325
172.8	0.151054
172.9	0.150784
173	0.150515
173.1	0.150245
173.2	0.149978
173.3	0.149709
173.4	0.14944
173.5	0.149171
173.6	0.148897
173.7	0.14862
173.8	0.148347
173.9	0.148081
174	0.147812
174.1	0.147544
174.2	0.14728
174.3	0.147016
174.4	0.146754
174.5	0.146496
174.6	0.146235
174.7	0.145974
174.8	0.145714
174.9	0.145455
175	0.145196
175.1	0.144938
175.2	0.144676
175.3	0.144411
175.4	0.144145
175.5	0.143883
175.6	0.143624
175.7	0.143364
175.8	0.143098
175.9	0.142833
176	0.142567
176.1	0.142299
176.2	0.142022
176.3	0.14174
176.4	0.141455
176.5	0.141168
176.6	0.140881
176.7	0.140597
176.8	0.140313
176.9	0.140029
177	0.139749
177.1	0.139471
177.2	0.139197
177.3	0.138924
177.4	0.138654
177.5	0.138388
177.6	0.138123
177.7	0.137861
177.8	0.137602
177.9	0.13735
178	0.137101
178.1	0.136855
178.2	0.13661
178.3	0.136364
178.4	0.136117
178.5	0.135867
178.6	0.135617
178.7	0.13537
178.8	0.135131
178.9	0.134899
179	0.134674
179.1	0.134451
179.2	0.13423
179.3	0.134011
179.4	0.133793
179.5	0.133577
179.6	0.133357
179.7	0.133138
179.8	0.132911
179.9	0.13268
180	0.132452
180.1	0.132223
180.2	0.131992
180.3	0.131762
180.4	0.131537
180.5	0.131313
180.6	0.131089
180.7	0.130866
180.8	0.130647
180.9	0.130432
181	0.130219
181.1	0.130008
181.2	0.129801
181.3	0.129596
181.4	0.129395
181.5	0.129197
181.6	0.128996
181.7	0.128796
181.8	0.128599
181.9	0.128399
182	0.128201
182.1	0.128003
182.2	0.127805
182.3	0.127606
182.4	0.127405
182.5	0.127206
182.6	0.127008
182.7	0.12681
182.8	0.126611
182.9	0.126414
183	0.126219
183.1	0.126022
183.2	0.125823
183.3	0.125633
183.4	0.125439
183.5	0.125239
183.6	0.125032
183.7	0.124823
183.8	0.124612
183.9	0.124403
184	0.124196
184.1	0.123992
184.2	0.123787
184.3	0.123583
184.4	0.123377
184.5	0.123168
184.6	0.122959
184.7	0.122749
184.8	0.122542
184.9	0.122336
185	0.122131
185.1	0.121924
185.2	0.121717
185.3	0.121509
185.4	0.121296
185.5	0.121083
185.6	0.120874
185.7	0.120662
185.8	0.120446
185.9	0.12023
186	0.120014
186.1	0.119798
186.2	0.119579
186.3	0.119361
186.4	0.119144
186.5	0.118931
186.6	0.118721
186.7	0.118516
186.8	0.118311
186.9	0.118106
187	0.117898
187.1	0.117683
187.2	0.117464
187.3	0.117242
187.4	0.117022
187.5	0.116809
187.6	0.116596
187.7	0.11638
187.8	0.116164
187.9	0.115944
188	0.115719
188.1	0.115498
188.2	0.115283
188.3	0.115071
188.4	0.114866
188.5	0.114669
188.6	0.114473
188.7	0.114281
188.8	0.114085
188.9	0.113887
189	0.113689
189.1	0.113487
189.2	0.113282
189.3	0.113074
189.4	0.112866
189.5	0.112659
189.6	0.112454
189.7	0.112248
189.8	0.112043
189.9	0.111833
190	0.111624
190.1	0.111414
190.2	0.111207
190.3	0.110999
190.4	0.110788
190.5	0.110576
190.6	0.110361
190.7	0.110143
190.8	0.109925
190.9	0.109709
191	0.109498
191.1	0.109291
191.2	0.109083
191.3	0.108875
191.4	0.108665
191.5	0.108453
191.6	0.108237
191.7	0.108017
191.8	0.107792
191.9	0.107566
192	0.107343
192.1	0.107119
192.2	0.106894
192.3	0.106669
192.4	0.106442
192.5	0.106216
192.6	0.105991
192.7	0.105763
192.8	0.105537
192.9	0.105318
193	0.105101
193.1	0.104887
193.2	0.104677
193.3	0.104469
193.4	0.104262
193.5	0.104062
193.6	0.103868
193.7	0.103678
193.8	0.103487
193.9	0.103299
194	0.103112
194.1	0.102927
194.2	0.102744
194.3	0.102556
194.4	0.102366
194.5	0.102179
194.6	0.101996
194.7	0.101814
194.8	0.101631
194.9	0.101451
195	0.10127
195.1	0.101093
195.2	0.100918
195.3	0.100741
195.4	0.100574
195.5	0.10041
195.6	0.100245
195.7	0.100077
195.8	0.0999119
195.9	0.0997453
196	0.0995771
196.1	0.0994058
196.2	0.0992367
196.3	0.0990671
196.4	0.0988991
196.5	0.0987344
196.6	0.0985789
196.7	0.0984296
196.8	0.0982782
196.9	0.0981295
197	0.097982
197.1	0.0978358
197.2	0.0976871
197.3	0.0975352
197.4	0.0973798
197.5	0.0972243
197.6	0.0970728
197.7	0.0969221
197.8	0.0967735
197.9	0.0966313
198	0.0964889
198.1	0.0963458
198.2	0.0962064
198.3	0.0960718
198.4	0.0959398
198.5	0.0958164
198.6	0.095696
198.7	0.0955749
198.8	0.0954545
198.9	0.0953379
199	0.095225
199.1	0.0951179
199.2	0.0950182
199.3	0.0949225
199.4	0.0948241
199.5	0.0947267
199.6	0.0946287
199.7	0.0945303
199.8	0.0944267
199.9	0.0943249
200	0.094228
200.1	0.0941301
200.2	0.0940274
200.3	0.0939233
200.4	0.0938199
200.5	0.0937145
200.6	0.0936099
200.7	0.0935096
200.8	0.0934126
200.9	0.0933156
201	0.0932191
201.1	0.093121
201.2	0.0930235
201.3	0.0929242
201.4	0.092821
201.5	0.0927132
201.6	0.0926037
201.7	0.0924932
201.8	0.0923796
201.9	0.0922679
202	0.0921503
202.1	0.0920281
202.2	0.0919027
202.3	0.0917801
202.4	0.0916616
202.5	0.0915459
202.6	0.0914293
202.7	0.0913106
202.8	0.0911912
202.9	0.0910695
203	0.0909458
203.1	0.0908254
203.2	0.0907048
203.3	0.0905824
203.4	0.0904617
203.5	0.0903375
203.6	0.0902146
203.7	0.0900932
203.8	0.0899752
203.9	0.0898597
204	0.0897433
204.1	0.0896257
204.2	0.0894986
204.3	0.0893685
204.4	0.0892384
204.5	0.0891092
204.6	0.0889771
204.7	0.0888382
204.8	0.0886947
204.9	0.088543
205	0.0883895
205.1	0.0882378
205.2	0.0880844
205.3	0.087925
205.4	0.0877627
205.5	0.0876042
205.6	0.0874486
205.7	0.0872955
205.8	0.087142
205.9	0.0869878
206	0.0868322
206.1	0.0866753
206.2	0.0865144
206.3	0.086355
206.4	0.086201
206.5	0.0860483
206.6	0.0858904
206.7	0.0857303
206.8	0.0855752
206.9	0.0854298
207	0.0852897
207.1	0.085151
207.2	0.0850155
207.3	0.084882
207.4	0.0847508
207.5	0.0846248
207.6	0.0845026
207.7	0.084379
207.8	0.0842534
207.9	0.0841292
208	0.0840083
208.1	0.083885
208.2	0.083762
208.3	0.0836328
208.4	0.0835036
208.5	0.0833701
208.6	0.083235
208.7	0.0830929
208.8	0.0829452
208.9	0.0827958
209	0.082644
209.1	0.0824875
209.2	0.0823271
209.3	0.0821616
209.4	0.0819965
209.5	0.0818258
209.6	0.0816527
209.7	0.0814818
209.8	0.0813137
209.9	0.08114
210	0.0809619
210.1	0.0807807
210.2	0.0806039
210.3	0.0804283
210.4	0.0802529
210.5	0.080085
210.6	0.0799184
210.7	0.079754
210.8	0.0795938
210.9	0.0794364
211	0.0792766
211.1	0.0791158
211.2	0.078955
211.3	0.0787927
211.4	0.0786253
211.5	0.0784509
211.6	0.0782834
211.7	0.078121
211.8	0.0779638
211.9	0.0778149
212	0.0776685
212.1	0.0775242
212.2	0.0773805
212.3	0.0772393
212.4	0.0770991
212.5	0.0769666
212.6	0.0768352
212.7	0.076701
212.8	0.0765729
212.9	0.0764509
213	0.0763369
213.1	0.0762281
213.2	0.0761237
213.3	0.076022
213.4	0.0759176
213.5	0.0758085
213.6	0.075698
213.7	0.0755888
213.8	0.0754811
213.9	0.0753731
214	0.0752664
214.1	0.075161
214.2	0.0750544
214.3	0.0749439
214.4	0.0748267
214.5	0.0747079
214.6	0.074586
214.7	0.0744632
214.8	0.0743421
214.9	0.0742196
215	0.0741016
215.1	0.0739871
215.2	0.0738771
215.3	0.0737701
215.4	0.0736645
215.5	0.073561
215.6	0.0734605
215.7	0.0733673
215.8	0.0732696
215.9	0.0731714
216	0.0730777
216.1	0.0729905
216.2	0.0729062
216.3	0.0728209
216.4	0.0727347
216.5	0.0726426
216.6	0.0725454
216.7	0.0724432
216.8	0.0723388
216.9	0.0722334
217	0.0721215
217.1	0.0720076
217.2	0.071894
217.3	0.0717826
217.4	0.0716725
217.5	0.0715607
217.6	0.071448
217.7	0.0713344
217.8	0.0712179
217.9	0.0710946
218	0.0709702
218.1	0.070844
218.2	0.0707142
218.3	0.0705784
218.4	0.0704387
218.5	0.070303
218.6	0.0701662
218.7	0.0700276
218.8	0.0698842
218.9	0.0697483
219	0.0696184
219.1	0.0694902
219.2	0.0693622
219.3	0.0692352
219.4	0.0691109
219.5	0.0689848
219.6	0.0688594
219.7	0.0687343
219.8	0.0686116
219.9	0.0684906
220	0.0683692
220.1	0.0682465
220.2	0.0681221
220.3	0.0679957
220.4	0.0678613
220.5	0.0677213
220.6	0.0675808
220.7	0.0674389
220.8	0.0672943
220.9	0.0671477
221	0.067003
221.1	0.0668609
221.2	0.0667213
221.3	0.0665823
221.4	0.0664413
221.5	0.0662965
221.6	0.0661503
221.7	0.0659966
221.8	0.0658438
221.9	0.0656886
222	0.065532
222.1	0.0653767
222.2	0.0652288
222.3	0.065087
222.4	0.064949
222.5	0.0648098
222.6	0.0646702
222.7	0.0645337
222.8	0.0643979
222.9	0.0642646
223	0.0641338
223.1	0.0640058
223.2	0.0638855
223.3	0.0637662
223.4	0.0636456
223.5	0.0635227
223.6	0.0633974
223.7	0.0632712
223.8	0.0631419
223.9	0.0630103
224	0.0628797
224.1	0.0627515
224.2	0.0626241
224.3	0.0624936
224.4	0.0623587
224.5	0.0622212
224.6	0.0620826
224.7	0.0619447
224.8	0.0618096
224.9	0.0616737
225	0.0615366
225.1	0.0613983
225.2	0.0612581
225.3	0.0611199
225.4	0.06098
225.5	0.0608399
225.6	0.0607005
225.7	0.0605593
225.8	0.0604249
225.9	0.0602984
226	0.0601833
226.1	0.0600747
226.2	0.0599635
226.3	0.0598503
226.4	0.059737
226.5	0.0596294
226.6	0.0595272
226.7	0.0594238
226.8	0.0593213
226.9	0.0592207
227	0.0591234
227.1	0.0590324
227.2	0.0589426
227.3	0.0588544
227.4	0.0587697
227.5	0.0586839
227.6	0.0585977
227.7	0.0585074
227.8	0.0584139
227.9	0.0583193
228	0.0582303
228.1	0.0581438
228.2	0.0580602
228.3	0.057978
228.4	0.0578924
228.5	0.0578005
228.6	0.0577046
228.7	0.057608
228.8	0.0575088
228.9	0.057409
229	0.0573074
229.1	0.0572005
229.2	0.0570859
229.3	0.0569678
229.4	0.0568441
229.5	0.0567207
229.6	0.0565981
229.7	0.0564763
229.8	0.0563569
229.9	0.0562395
230	0.0561242
230.1	0.0560102
230.2	0.055896
230.3	0.0557803
230.4	0.0556695
230.5	0.0555595
230.6	0.0554456
230.7	0.055334
230.8	0.0552253
230.9	0.0551119
231	0.0549995
231.1	0.0548902
231.2	0.0547846
231.3	0.0546867
231.4	0.0545895
231.5	0.0544912
231.6	0.054388
231.7	0.0542871
231.8	0.054185
231.9	0.0540845
232	0.0539868
232.1	0.053891
232.2	0.0537918
232.3	0.0536922
232.4	0.0535921
232.5	0.053494
232.6	0.0534015
232.7	0.0533102
232.8	0.0532188
232.9	0.0531277
233	0.0530377
233.1	0.0529444
233.2	0.052847
233.3	0.0527444
233.4	0.0526406
233.5	0.0525368
233.6	0.0524282
233.7	0.0523194
233.8	0.0522148
233.9	0.0521097
234	0.0520048
234.1	0.0518966
234.2	0.0517885
234.3	0.0516771
234.4	0.0515638
234.5	0.0514505
234.6	0.0513365
234.7	0.0512185
234.8	0.0511002
234.9	0.0509837
235	0.0508688
235.1	0.0507558
235.2	0.0506397
235.3	0.0505212
235.4	0.0504015
235.5	0.0502824
235.6	0.0501606
235.7	0.0500348
235.8	0.049908
235.9	0.0497792
236	0.0496463
236.1	0.0495169
236.2	0.0493925
236.3	0.0492673
236.4	0.0491411
236.5	0.0490145
236.6	0.0488901
236.7	0.0487646
236.8	0.0486388
236.9	0.048512
237	0.0483838
237.1	0.0482582
237.2	0.0481342
237.3	0.0480152
237.4	0.0478972
237.5	0.0477822
237.6	0.0476675
237.7	0.0475543
237.8	0.0474427
237.9	0.0473413
238	0.0472472
238.1	0.0471525
238.2	0.0470531
238.3	0.0469555
238.4	0.0468612
238.5	0.0467703
238.6	0.0466847
238.7	0.0466034
238.8	0.0465253
238.9	0.0464423
239	0.0463518
239.1	0.0462631
239.2	0.0461732
239.3	0.0460783
239.4	0.0459824
239.5	0.0458906
239.6	0.0458005
239.7	0.0457048
239.8	0.0456004
239.9	0.0454916
240	0.0453856
240.1	0.045284
240.2	0.0451836
240.3	0.0450823
240.4	0.0449843
240.5	0.044887
240.6	0.0447897
240.7	0.0446974
240.8	0.0446077
240.9	0.0445145
241	0.0444204
241.1	0.044325
241.2	0.0442317
241.3	0.0441406
241.4	0.0440493
241.5	0.0439601
241.6	0.0438755
241.7	0.0437865
241.8	0.0436967
241.9	0.0436042
242	0.0435139
242.1	0.0434229
242.2	0.0433312
242.3	0.0432361
242.4	0.0431447
242.5	0.0430573
242.6	0.0429715
242.7	0.042889
242.8	0.0428109
242.9	0.0427315
243	0.0426528
243.1	0.0425768
243.2	0.0425029
243.3	0.0424306
243.4	0.0423551
243.5	0.0422755
243.6	0.0421906
243.7	0.0421007
243.8	0.0420123
243.9	0.0419245
244	0.0418414
244.1	0.0417571
244.2	0.0416746
244.3	0.0415909
244.4	0.0415082
244.5	0.0414299
244.6	0.0413531
244.7	0.0412764
244.8	0.0412031
244.9	0.0411326
245	0.0410652
245.1	0.0409992
245.2	0.0409338
245.3	0.0408699
245.4	0.0408025
245.5	0.0407328
245.6	0.040662
245.7	0.0405911
245.8	0.0405203
245.9	0.0404466
246	0.0403695
246.1	0.0402921
246.2	0.0402158
246.3	0.0401399
246.4	0.040067
246.5	0.0399952
246.6	0.0399238
246.7	0.0398598
246.8	0.0397984
246.9	0.0397362
247	0.0396753
247.1	0.0396065
247.2	0.0395286
247.3	0.0394454
247.4	0.0393617
247.5	0.0392743
247.6	0.03919
247.7	0.0391036
247.8	0.0390169
247.9	0.0389247
248	0.0388248
248.1	0.0387199
248.2	0.0386122
248.3	0.0384966
248.4	0.0383798
248.5	0.0382604
248.6	0.0381432
248.7	0.0380251
248.8	0.0379075
248.9	0.0377895
249	0.0376796
249.1	0.037577
249.2	0.0374747
249.3	0.0373751
249.4	0.0372724
249.5	0.0371678
249.6	0.0370616
249.7	0.0369532
249.8	0.0368457
249.9	0.0367405
250	0.036631
250.1	0.0365175
250.2	0.0364034
250.3	0.0362944
250.4	0.0361872
250.5	0.0360797
250.6	0.0359709
250.7	0.0358601
250.8	0.0357457
250.9	0.035633
251	0.0355205
251.1	0.0354186
251.2	0.0353221
251.3	0.0352242
251.4	0.0351179
251.5	0.035008
251.6	0.0348922
251.7	0.0347702
251.8	0.0346452
251.9	0.0345141
252	0.0343765
252.1	0.0342357
252.2	0.0340917
252.3	0.0339474
252.4	0.0338036
252.5	0.0336611
252.6	0.0335204
252.7	0.0333817
252.8	0.0332495
252.9	0.0331258
253	0.0330052
253.1	0.0328843
253.2	0.0327613
253.3	0.0326355
253.4	0.032511
253.5	0.0323865
253.6	0.0322628
253.7	0.0321405
253.8	0.0320233
253.9	0.0319073
254	0.0317998
254.1	0.0316912
254.2	0.0315813
254.3	0.03147
254.4	0.0313617
254.5	0.0312551
254.6	0.0311451
254.7	0.0310345
254.8	0.030926
254.9	0.0308188
255	0.0307046
255.1	0.0305876
255.2	0.0304743
255.3	0.0303578
255.4	0.0302379
255.5	0.0301185
255.6	0.0299952
255.7	0.0298705
255.8	0.0297441
255.9	0.0296142
256	0.0294908
256.1	0.0293719
256.2	0.0292539
256.3	0.0291349
256.4	0.0290139
256.5	0.0288922
256.6	0.0287703
256.7	0.0286452
256.8	0.0285198
256.9	0.0283915
257	0.0282669
257.1	0.0281429
257.2	0.0280194
257.3	0.0278958
257.4	0.0277709
257.5	0.0276429
257.6	0.0275155
257.7	0.0273916
257.8	0.0272719
257.9	0.0271586
258	0.0270513
258.1	0.0269451
258.2	0.0268415
258.3	0.0267413
258.4	0.0266447
258.5	0.0265476
258.6	0.0264485
258.7	0.0263395
258.8	0.0262292
258.9	0.0261202
259	0.0260158
259.1	0.0259117
259.2	0.025805
259.3	0.0256977
259.4	0.0255911
259.5	0.0254838
259.6	0.0253791
259.7	0.0252751
259.8	0.0251751
259.9	0.0250775
260	0.024976
260.1	0.0248708
260.2	0.024764
260.3	0.0246526
260.4	0.0245393
260.5	0.0244277
260.6	0.0243245
260.7	0.0242312
260.8	0.0241439
260.9	0.0240572
261	0.0239683
261.1	0.0238787
261.2	0.0237908
261.3	0.0237041
261.4	0.0236175
261.5	0.0235291
261.6	0.023441
261.7	0.0233571
261.8	0.0232755
261.9	0.0232001
262	0.0231295
262.1	0.0230613
262.2	0.0229933
262.3	0.0229293
262.4	0.0228655
262.5	0.0228021
262.6	0.0227436
262.7	0.0226843
262.8	0.0226247
262.9	0.0225675
263	0.0225069
263.1	0.0224419
263.2	0.0223786
263.3	0.022316
263.4	0.0222535
263.5	0.0221951
263.6	0.0221351
263.7	0.0220743
263.8	0.0220178
263.9	0.0219587
264	0.0218962
264.1	0.0218389
264.2	0.0217892
264.3	0.0217433
264.4	0.0216935
264.5	0.0216386
264.6	0.0215784
264.7	0.0215152
264.8	0.0214537
264.9	0.0213897
265	0.0213252
265.1	0.0212621
265.2	0.0212023
265.3	0.0211435
265.4	0.0210881
265.5	0.0210304
265.6	0.0209711
265.7	0.0209059
265.8	0.0208372
265.9	0.020768
266	0.0207046
266.1	0.0206514
266.2	0.0205987
266.3	0.0205409
266.4	0.0204799
266.5	0.0204167
266.6	0.0203552
266.7	0.0203001
266.8	0.020248
266.9	0.0201961
267	0.0201411
267.1	0.0200859
267.2	0.0200245
267.3	0.0199627
267.4	0.0199011
267.5	0.0198386
267.6	0.0197791
267.7	0.0197147
267.8	0.0196555
267.9	0.0195971
268	0.0195396
268.1	0.0194841
268.2	0.0194265
268.3	0.0193663
268.4	0.0193067
268.5	0.0192475
268.6	0.0191902
268.7	0.0191387
268.8	0.0190952
268.9	0.0190577
269	0.0190229
269.1	0.0189861
269.2	0.0189461
269.3	0.0189042
269.4	0.0188604
269.5	0.0188128
269.6	0.0187678
269.7	0.0187254
269.8	0.0186832
269.9	0.0186375
270	0.0185888
270.1	0.0185425
270.2	0.0184999
270.3	0.0184595
270.4	0.0184162
270.5	0.0183728
270.6	0.0183268
270.7	0.0182777
270.8	0.0182255
270.9	0.018176
271	0.0181266
271.1	0.0180742
271.2	0.0180215
271.3	0.0179692
271.4	0.017916
271.5	0.017861
271.6	0.0178084
271.7	0.017758
271.8	0.0177092
271.9	0.0176597
272	0.0176095
272.1	0.0175607
272.2	0.0175124
272.3	0.0174686
272.4	0.0174239
272.5	0.0173823
272.6	0.0173426
272.7	0.0173026
272.8	0.0172615
272.9	0.0172205
273	0.0171774
273.1	0.0171303
273.2	0.0170845
273.3	0.0170395
273.4	0.0169944
273.5	0.0169508
273.6	0.0169086
273.7	0.0168667
273.8	0.0168239
273.9	0.0167839
274	0.0167425
274.1	0.0166974
274.2	0.0166505
274.3	0.0166026
274.4	0.0165571
274.5	0.0165128
274.6	0.01647
274.7	0.016428
274.8	0.0163922
274.9	0.0163585
275	0.0163258
275.1	0.0162992
275.2	0.0162744
275.3	0.0162558
275.4	0.0162374
275.5	0.0162207
275.6	0.0162021
275.7	0.0161875
275.8	0.0161764
275.9	0.0161692
276	0.0161659
276.1	0.0161626
276.2	0.0161562
276.3	0.0161485
276.4	0.0161385
276.5	0.0161247
276.6	0.0161128
276.7	0.0160993
276.8	0.0160825
276.9	0.0160623
277	0.0160405
277.1	0.0160198
277.2	0.0159951
277.3	0.0159656
277.4	0.0159338
277.5	0.0159034
277.6	0.0158717
277.7	0.01584
277.8	0.0158081
277.9	0.0157766
278	0.0157425
278.1	0.0157059
278.2	0.0156675
278.3	0.0156281
278.4	0.0155868
278.5	0.0155402
278.6	0.0154895
278.7	0.015438
278.8	0.015386
278.9	0.0153311
279	0.0152716
279.1	0.0152115
279.2	0.0151476
279.3	0.0150837
279.4	0.0150215
279.5	0.0149602
279.6	0.0149016
279.7	0.0148461
279.8	0.0147887
279.9	0.0147308
280	0.014671
280.1	0.0146102
280.2	0.0145485
280.3	0.0144826
280.4	0.0144179
280.5	0.0143559
280.6	0.0142883
280.7	0.0142176
280.8	0.0141463
280.9	0.0140721
281	0.0139933
281.1	0.013913
281.2	0.013832
281.3	0.0137507
281.4	0.0136721
281.5	0.0135943
281.6	0.0135216
281.7	0.0134495
281.8	0.0133774
281.9	0.0133076
282	0.0132322
282.1	0.0131541
282.2	0.0130758
282.3	0.0129978
282.4	0.0129201
282.5	0.0128402
282.6	0.0127629
282.7	0.0126814
282.8	0.0125951
282.9	0.0125065
283	0.0124192
283.1	0.0123304
283.2	0.0122409
283.3	0.0121549
283.4	0.0120688
283.5	0.011981
283.6	0.0118971
283.7	0.0118211
283.8	0.0117456
283.9	0.011669
284	0.011599
284.1	0.0115366
284.2	0.011481
284.3	0.0114266
284.4	0.0113651
284.5	0.0113016
284.6	0.0112367
284.7	0.0111792
284.8	0.0111253
284.9	0.0110744
285	0.0110206
285.1	0.0109628
285.2	0.0109041
285.3	0.0108504
285.4	0.010801
285.5	0.0107532
285.6	0.010702
285.7	0.0106489
285.8	0.0105975
285.9	0.0105488
286	0.0105004
286.1	0.0104479
286.2	0.0103903
286.3	0.0103331
286.4	0.0102821
286.5	0.0102393
286.6	0.0102027
286.7	0.0101645
286.8	0.0101296
286.9	0.0100985
287	0.010069
287.1	0.0100375
287.2	0.0100032
287.3	0.00996255
287.4	0.00991988
287.5	0.0098699
287.6	0.00981544
287.7	0.00975952
287.8	0.00970208
287.9	0.00964458
288	0.00958509
288.1	0.00952811
288.2	0.00947389
288.3	0.00941492
288.4	0.00935245
288.5	0.00928614
288.6	0.0092179
288.7	0.00915134
288.8	0.00908387
288.9	0.00901511
289	0.00894956
289.1	0.00888802
289.2	0.00883097
289.3	0.00877709
289.4	0.00872758
289.5	0.00868149
289.6	0.00863521
289.7	0.00858923
289.8	0.00854458
289.9	0.00849677
290	0.0084496
290.1	0.00839727
290.2	0.00835005
290.3	0.00830756
290.4	0.00827075
290.5	0.00823745
290.6	0.00820378
290.7	0.00817713
290.8	0.0081549
290.9	0.0081369
291	0.00812364
291.1	0.00811277
291.2	0.00810619
291.3	0.00809896
291.4	0.00808965
291.5	0.00807516
291.6	0.00806147
291.7	0.00804773
291.8	0.00802946
291.9	0.00800892
292	0.0079878
292.1	0.00796136
292.2	0.00793282
292.3	0.00790039
292.4	0.00786072
292.5	0.00781921
292.6	0.00777952
292.7	0.00774106
292.8	0.00770645
292.9	0.00767442
293	0.00764487
293.1	0.00761882
293.2	0.00759454
293.3	0.00757348
293.4	0.0075515
293.5	0.00752892
293.6	0.00750765
293.7	0.00748654
293.8	0.0074713
293.9	0.00745944
294	0.00745161
294.1	0.00744461
294.2	0.00743696
294.3	0.00742295
294.4	0.00740647
294.5	0.00738435
294.6	0.00736334
294.7	0.00735192
294.8	0.00733922
294.9	0.00732118
295	0.00730424
295.1	0.00728546
295.2	0.00726546
295.3	0.00724666
295.4	0.007228
295.5	0.00720891
295.6	0.00718873
295.7	0.00716485
295.8	0.0071404
295.9	0.00711468
296	0.00708519
296.1	0.0070581
296.2	0.00703427
296.3	0.00700903
296.4	0.00699014
296.5	0.00697106
296.6	0.00695441
296.7	0.0069407
296.8	0.00692908
296.9	0.00692394
297	0.00692149
297.1	0.00691849
297.2	0.00691315
297.3	0.00690827
297.4	0.00690253
297.5	0.00689443
297.6	0.00688219
297.7	0.00687209
297.8	0.00686353
297.9	0.0068532
298	0.00684084
298.1	0.00682526
298.2	0.0068054
298.3	0.00678481
298.4	0.00676565
298.5	0.00674661
298.6	0.00672557
298.7	0.0067044
298.8	0.00668458
298.9	0.00666613
299	0.00664681
299.1	0.00662982
299.2	0.00660774
299.3	0.0065847
299.4	0.00656346
299.5	0.00654228
299.6	0.00651868
299.7	0.00649455
299.8	0.0064677
299.9	0.0064412
300	0.00641269
300.1	0.00637987
300.2	0.00634326
300.3	0.00630929
300.4	0.00627161
300.5	0.0062325
300.6	0.00619506
300.7	0.00615781
300.8	0.00612387
300.9	0.00609342
301	0.00606538
301.1	0.00603948
301.2	0.00601397
301.3	0.00599216
301.4	0.00596778
301.5	0.00594181
301.6	0.00591139
301.7	0.00587684
301.8	0.00584112
301.9	0.00581142
302	0.00578414
302.1	0.00575765
302.2	0.00572294
302.3	0.00568602
302.4	0.00564778
302.5	0.00560981
302.6	0.00556936
302.7	0.00553049
302.8	0.00549485
302.9	0.00546142
303	0.00543028
303.1	0.00540211
303.2	0.00537344
303.3	0.00534896
303.4	0.00532462
303.5	0.00530127
303.6	0.00527639
303.7	0.00525079
303.8	0.00522702
303.9	0.00520274
304	0.00517643
304.1	0.00514699
304.2	0.00512183
304.3	0.00509733
304.4	0.00507808
304.5	0.00506602
304.6	0.00506292
304.7	0.00506177
304.8	0.00506454
304.9	0.00506268
305	0.00505446
305.1	0.0050402
305.2	0.00502511
305.3	0.00501105
305.4	0.00500345
305.5	0.00499791
305.6	0.00499391
305.7	0.00498771
305.8	0.00498365
305.9	0.00498119
306	0.00498362
306.1	0.0049923
306.2	0.00500246
306.3	0.00501555
306.4	0.00503292
306.5	0.00505033
306.6	0.00506777
306.7	0.00508584
306.8	0.0051061
306.9	0.0051258
307	0.00514434
307.1	0.0051601
307.2	0.00517893
307.3	0.00520148
307.4	0.00522924
307.5	0.00526223
307.6	0.00529623
307.7	0.0053243
307.8	0.00534925
307.9	0.00537181
308	0.00538829
308.1	0.00540329
308.2	0.00541791
308.3	0.00542607
308.4	0.00543409
308.5	0.0054419
308.6	0.00545339
308.7	0.00546347
308.8	0.00547185
308.9	0.00547657
309	0.00548251
309.1	0.005489
309.2	0.0055028
309.3	0.00552306
309.4	0.0055469
309.5	0.00557199
309.6	0.00559701
309.7	0.00562116
309.8	0.00564444
309.9	0.00566593
310	0.00568678
310.1	0.00570487
310.2	0.00571993
310.3	0.0057351
310.4	0.00575191
310.5	0.00576635
310.6	0.00578165
310.7	0.00579342
310.8	0.00580418
310.9	0.0058109
311	0.00582188
311.1	0.00583589
311.2	0.00585013
311.3	0.0058686
311.4	0.00588892
311.5	0.00590479
311.6	0.00591996
311.7	0.00593861
311.8	0.00596081
311.9	0.00598295
312	0.00600867
312.1	0.00603983
312.2	0.00606789
312.3	0.00608909
312.4	0.00610234
312.5	0.00610855
312.6	0.00611479
312.7	0.00612298
312.8	0.00613162
312.9	0.00614649
313	0.0061588
313.1	0.00616499
313.2	0.00616061
313.3	0.00614574
313.4	0.00612994
313.5	0.00611363
313.6	0.00609807
313.7	0.00608952
313.8	0.00608347
313.9	0.00608161
314	0.00608441
314.1	0.006088
314.2	0.00609172
314.3	0.00609252
314.4	0.00609576
314.5	0.00610039
314.6	0.00610446
314.7	0.00610618
314.8	0.00610496
314.9	0.00610424
315	0.00610568
315.1	0.00611086
315.2	0.00611386
315.3	0.00611511
315.4	0.00612022
315.5	0.0061282
315.6	0.00613813
315.7	0.00614095
315.8	0.00614426
315.9	0.00614998
316	0.00615442
316.1	0.00615797
316.2	0.00616282
316.3	0.00616912
316.4	0.00617385
316.5	0.00617921
316.6	0.00618416
316.7	0.0061862
316.8	0.00618637
316.9	0.00618058
317	0.00617544
317.1	0.00617255
317.2	0.00617216
317.3	0.00617921
317.4	0.00619048
317.5	0.00619967
317.6	0.00620934
317.7	0.00622251
317.8	0.00624225
317.9	0.00626202
318	0.00628428
318.1	0.00631194
318.2	0.00634198
318.3	0.00636908
318.4	0.00639305
318.5	0.00641239
318.6	0.0064315
318.7	0.00645195
318.8	0.0064695
318.9	0.00648118
319	0.0064932
319.1	0.00650557
319.2	0.00651757
319.3	0.00653011
319.4	0.00654457
319.5	0.00655935
319.6	0.00657747
319.7	0.00659716
319.8	0.00662001
319.9	0.00664558
320	0.00667002
320.1	0.00669227
320.2	0.00671372
320.3	0.00673765
320.4	0.00676355
320.5	0.00678512
320.6	0.00679986
320.7	0.00681603
320.8	0.00683504
320.9	0.00685221
321	0.00686734
321.1	0.00688314
321.2	0.00689863
321.3	0.00691232
321.4	0.0069247
321.5	0.00694194
321.6	0.00695887
321.7	0.00697534
321.8	0.00699138
321.9	0.00700352
322	0.00700697
322.1	0.00701019
322.2	0.00701512
322.3	0.00702453
322.4	0.00703085
322.5	0.00703053
322.6	0.00702891
322.7	0.00702646
322.8	0.00702088
322.9	0.00701323
323	0.00700679
323.1	0.00701003
323.2	0.00702019
323.3	0.00703456
323.4	0.00705145
323.5	0.00707238
323.6	0.00709352
323.7	0.00711521
323.8	0.00713577
323.9	0.00715964
324	0.00718982
324.1	0.0072208
324.2	0.00725411
324.3	0.00728694
324.4	0.00731731
324.5	0.00734509
324.6	0.00737252
324.7	0.00739998
324.8	0.00742422
324.9	0.0074453
325	0.00746096
325.1	0.00747402
325.2	0.00748493
325.3	0.00749845
325.4	0.0075143
325.5	0.00752905
325.6	0.00754066
325.7	0.00754786
325.8	0.00755552
325.9	0.00756499
326	0.0075771
326.1	0.00759226
326.2	0.007611
326.3	0.00762885
326.4	0.00764799
326.5	0.00767353
326.6	0.00770234
326.7	0.00772802
326.8	0.00774901
326.9	0.00776825
327	0.00778599
327.1	0.00779994
327.2	0.00780801
327.3	0.00781404
327.4	0.00782038
327.5	0.00782155
327.6	0.00782375
327.7	0.00782352
327.8	0.0078186
327.9	0.0078108
328	0.00779831
328.1	0.00778475
328.2	0.00777909
328.3	0.00776933
328.4	0.00775879
328.5	0.00775428
328.6	0.0077554
328.7	0.00776471
328.8	0.0077756
328.9	0.00778958
329	0.00780427
329.1	0.0078127
329.2	0.00781936
329.3	0.0078257
329.4	0.00783372
329.5	0.00784444
329.6	0.0078555
329.7	0.0078648
329.8	0.00787822
329.9	0.00789901
330	0.00792869
330.1	0.00796535
330.2	0.00800513
330.3	0.00805056
330.4	0.00810104
330.5	0.00815595
330.6	0.00821451
330.7	0.00826967
330.8	0.00832005
330.9	0.00837347
331	0.00842963
331.1	0.00848623
331.2	0.0085453
331.3	0.00860614
331.4	0.00866989
331.5	0.00873322
331.6	0.00879596
331.7	0.0088605
331.8	0.00893023
331.9	0.00899907
332	0.00907012
332.1	0.0091407
332.2	0.00921302
332.3	0.00929085
332.4	0.00936451
332.5	0.00943358
332.6	0.00949502
332.7	0.00955424
332.8	0.00961453
332.9	0.00967708
333	0.00973876
333.1	0.00979878
333.2	0.00986058
333.3	0.00992196
333.4	0.00998409
333.5	0.0100463
333.6	0.0101045
333.7	0.0101561
333.8	0.0102052
333.9	0.010247
334	0.0102856
334.1	0.0103281
334.2	0.0103711
334.3	0.0104158
334.4	0.0104673
334.5	0.0105229
334.6	0.0105779
334.7	0.0106284
334.8	0.0106789
334.9	0.0107288
335	0.0107811
335.1	0.0108322
335.2	0.0108816
335.3	0.0109276
335.4	0.0109703
335.5	0.0110091
335.6	0.0110419
335.7	0.0110709
335.8	0.0110999
335.9	0.0111326
336	0.0111647
336.1	0.0111903
336.2	0.0112127
336.3	0.0112331
336.4	0.0112543
336.5	0.0112745
336.6	0.0112932
336.7	0.0113124
336.8	0.0113331
336.9	0.0113509
337	0.0113655
337.1	0.0113796
337.2	0.0113948
337.3	0.0114081
337.4	0.0114257
337.5	0.0114401
337.6	0.0114504
337.7	0.011456
337.8	0.0114571
337.9	0.0114491
338	0.0114319
338.1	0.0114106
338.2	0.0113933
338.3	0.0113762
338.4	0.0113593
338.5	0.0113446
338.6	0.0113256
338.7	0.011305
338.8	0.0112861
338.9	0.0112699
339	0.0112609
339.1	0.011256
339.2	0.0112534
339.3	0.0112456
339.4	0.0112346
339.5	0.0112231
339.6	0.0112109
339.7	0.011197
339.8	0.0111806
339.9	0.0111616
340	0.0111421
340.1	0.0111234
340.2	0.0111078
340.3	0.0110997
340.4	0.0110954
340.5	0.0110887
340.6	0.0110779
340.7	0.0110596
340.8	0.0110402
340.9	0.0110163
341	0.010988
341.1	0.0109588
341.2	0.0109306
341.3	0.0109074
341.4	0.0108842
341.5	0.0108629
341.6	0.0108404
341.7	0.0108127
341.8	0.0107799
341.9	0.0107467
342	0.0107189
342.1	0.0106901
342.2	0.0106583
342.3	0.0106258
342.4	0.0105923
342.5	0.0105602
342.6	0.0105253
342.7	0.0104858
342.8	0.0104406
342.9	0.0103952
343	0.0103505
343.1	0.0103042
343.2	0.0102603
343.3	0.0102168
343.4	0.010173
343.5	0.0101257
343.6	0.0100755
343.7	0.0100297
343.8	0.0099868
343.9	0.00994503
344	0.00990766
344.1	0.00987258
344.2	0.00983892
344.3	0.0098052
344.4	0.00977142
344.5	0.00973543
344.6	0.00969835
344.7	0.00966732
344.8	0.00963637
344.9	0.00960424
345	0.00956919
345.1	0.00953371
345.2	0.00950231
345.3	0.00947167
345.4	0.00943927
345.5	0.00941204
345.6	0.00938438
345.7	0.00935322
345.8	0.00932393
345.9	0.00929343
346	0.00926404
346.1	0.0092366
346.2	0.00921028
346.3	0.00918471
346.4	0.0091589
346.5	0.00913318
346.6	0.00910269
346.7	0.00906682
346.8	0.0090292
346.9	0.00898941
347	0.00894797
347.1	0.0089053
347.2	0.00886772
347.3	0.00883796
347.4	0.00881248
347.5	0.0087878
347.6	0.00876858
347.7	0.00875501
347.8	0.00874311
347.9	0.00873249
348	0.00872159
348.1	0.00871116
348.2	0.00869599
348.3	0.0086781
348.4	0.00866319
348.5	0.00865315
348.6	0.00864948
348.7	0.00864543
348.8	0.00864373
348.9	0.00864242
349	0.00863883
349.1	0.00862928
349.2	0.00862171
349.3	0.00861252
349.4	0.00860112
349.5	0.00859306
349.6	0.008588
349.7	0.00858527
349.8	0.00857786
349.9	0.00857188
350	0.00857154
350.1	0.0085718
350.2	0.00857305
350.3	0.00857243
350.4	0.00857255
350.5	0.00857922
350.6	0.00859014
350.7	0.00860572
350.8	0.00862472
350.9	0.00863884
351	0.00864696
351.1	0.00865463
351.2	0.00866476
351.3	0.00867903
351.4	0.00869599
351.5	0.00871222
351.6	0.0087296
351.7	0.00875412
351.8	0.00877948
351.9	0.00880718
352	0.00883724
352.1	0.008868
352.2	0.00890239
352.3	0.00893959
352.4	0.00897596
352.5	0.00900956
352.6	0.00903633
352.7	0.00906318
352.8	0.00908836
352.9	0.00910958
353	0.00913607
353.1	0.00916304
353.2	0.00918914
353.3	0.00921429
353.4	0.00924189
353.5	0.0092678
353.6	0.00929817
353.7	0.00932356
353.8	0.00934563
353.9	0.00936651
354	0.00938576
354.1	0.00940689
354.2	0.00942484
354.3	0.00944519
354.4	0.00946162
354.5	0.00946904
354.6	0.00947778
354.7	0.00949008
354.8	0.00950606
354.9	0.00952183
355	0.00953536
355.1	0.00955041
355.2	0.00956708
355.3	0.00958096
355.4	0.00959535
355.5	0.00960617
355.6	0.00961766
355.7	0.00963021
355.8	0.00964182
355.9	0.00965771
356	0.00967811
356.1	0.00969819
356.2	0.00971686
356.3	0.00973828
356.4	0.00976463
356.5	0.00979356
356.6	0.00981979
356.7	0.00984174
356.8	0.00986781
356.9	0.00989557
357	0.00992069
357.1	0.00994545
357.2	0.00997573
357.3	0.0100064
357.4	0.0100358
357.5	0.0100624
357.6	0.0100884
357.7	0.0101174
357.8	0.0101451
357.9	0.0101726
358	0.0102028
358.1	0.0102342
358.2	0.0102678
358.3	0.0103032
358.4	0.010343
358.5	0.0103873
358.6	0.0104382
358.7	0.010493
358.8	0.010549
358.9	0.0106048
359	0.0106634
359.1	0.0107238
359.2	0.0107844
359.3	0.0108456
359.4	0.0109067
359.5	0.0109674
359.6	0.0110264
359.7	0.0110796
359.8	0.0111286
359.9	0.0111766
360	0.0112197
360.1	0.011259
360.2	0.0112947
360.3	0.0113302
360.4	0.0113668
360.5	0.0114072
360.6	0.0114519
360.7	0.0115
360.8	0.0115453
360.9	0.0115897
361	0.0116333
361.1	0.011679
361.2	0.0117277
361.3	0.0117811
361.4	0.0118379
361.5	0.0118926
361.6	0.0119422
361.7	0.0119885
361.8	0.0120362
361.9	0.0120776
362	0.0121124
362.1	0.0121457
362.2	0.01218
362.3	0.0122145
362.4	0.0122498
362.5	0.0122909
362.6	0.0123359
362.7	0.0123851
362.8	0.0124327
362.9	0.0124817
363	0.0125289
363.1	0.0125738
363.2	0.0126133
363.3	0.0126513
363.4	0.0126885
363.5	0.0127259
363.6	0.0127663
363.7	0.0128086
363.8	0.0128572
363.9	0.0129087
364	0.0129562
364.1	0.013
364.2	0.0130425
364.3	0.0130872
364.4	0.0131328
364.5	0.0131771
364.6	0.0132187
364.7	0.0132544
364.8	0.0132864
364.9	0.0133185
365	0.0133561
365.1	0.0133967
365.2	0.0134386
365.3	0.0134825
365.4	0.0135272
365.5	0.0135707
365.6	0.0136187
365.7	0.0136661
365.8	0.0137219
365.9	0.013779
366	0.0138388
366.1	0.0138988
366.2	0.0139576
366.3	0.01402
366.4	0.0140855
366.5	0.0141513
366.6	0.0142162
366.7	0.0142813
366.8	0.0143451
366.9	0.0144097
367	0.0144739
367.1	0.0145402
367.2	0.0146101
367.3	0.014685
367.4	0.014763
367.5	0.0148455
367.6	0.0149305
367.7	0.0150109
367.8	0.0150915
367.9	0.0151714
368	0.0152534
368.1	0.0153362
368.2	0.0154163
368.3	0.0154948
368.4	0.0155739
368.5	0.0156514
368.6	0.0157266
368.7	0.0158002
368.8	0.0158749
368.9	0.0159485
369	0.0160179
369.1	0.0160883
369.2	0.0161567
369.3	0.0162248
369.4	0.0162906
369.5	0.0163561
369.6	0.0164226
369.7	0.0164836
369.8	0.0165439
369.9	0.0166005
370	0.0166538
370.1	0.0167034
370.2	0.01675
370.3	0.0167955
370.4	0.0168424
370.5	0.0168915
370.6	0.0169415
370.7	0.0169894
370.8	0.0170335
370.9	0.0170779
371	0.0171247
371.1	0.0171748
371.2	0.0172291
371.3	0.0172868
371.4	0.0173454
371.5	0.0174021
371.6	0.0174544
371.7	0.0175067
371.8	0.0175596
371.9	0.0176142
372	0.0176699
372.1	0.0177279
372.2	0.0177856
372.3	0.017842
372.4	0.0178972
372.5	0.0179481
372.6	0.0179994
372.7	0.0180488
372.8	0.0180936
372.9	0.0181354
373	0.0181755
373.1	0.0182151
373.2	0.0182573
373.3	0.0183011
373.4	0.018343
373.5	0.0183812
373.6	0.0184151
373.7	0.0184485
373.8	0.0184817
373.9	0.0185101
374	0.0185337
374.1	0.018554
374.2	0.0185696
374.3	0.0185826
374.4	0.0185938
374.5	0.0186053
374.6	0.0186158
374.7	0.0186208
374.8	0.0186179
374.9	0.0186102
375	0.0186039
375.1	0.0186016
375.2	0.0186024
375.3	0.0186079
375.4	0.0186182
375.5	0.0186314
375.6	0.018643
375.7	0.0186498
375.8	0.0186554
375.9	0.0186663
376	0.0186813
376.1	0.0186952
376.2	0.0187061
376.3	0.0187205
376.4	0.0187368
376.5	0.0187556
376.6	0.0187746
376.7	0.0187967
376.8	0.0188188
376.9	0.0188429
377	0.01887
377.1	0.0188966
377.2	0.0189267
377.3	0.018957
377.4	0.0189846
377.5	0.0190122
377.6	0.019039
377.7	0.0190661
377.8	0.0190958
377.9	0.0191286
378	0.0191574
378.1	0.0191836
378.2	0.0192133
378.3	0.0192441
378.4	0.0192716
378.5	0.0192975
378.6	0.0193222
378.7	0.0193436
378.8	0.0193621
378.9	0.0193828
379	0.0194131
379.1	0.0194482
379.2	0.0194853
379.3	0.0195239
379.4	0.019565
379.5	0.0196067
379.6	0.0196532
379.7	0.0196995
379.8	0.019745
379.9	0.0197904
380	0.0198309
380.1	0.019867
380.2	0.0198999
380.3	0.0199299
380.4	0.0199588
380.5	0.0199849
380.6	0.0200105
380.7	0.0200312
380.8	0.0200539
380.9	0.0200825
381	0.0201146
381.1	0.020149
381.2	0.02019
381.3	0.0202341
381.4	0.0202716
381.5	0.0203064
381.6	0.0203408
381.7	0.0203791
381.8	0.0204138
381.9	0.0204465
382	0.0204813
382.1	0.0205196
382.2	0.0205571
382.3	0.020591
382.4	0.0206188
382.5	0.0206398
382.6	0.020658
382.7	0.0206798
382.8	0.0207101
382.9	0.0207484
383	0.0207913
383.1	0.0208287
383.2	0.0208694
383.3	0.0209125
383.4	0.0209537
383.5	0.0209971
383.6	0.0210421
383.7	0.0210868
383.8	0.0211285
383.9	0.0211656
384	0.0211938
384.1	0.0212201
384.2	0.0212504
384.3	0.0212805
384.4	0.0213133
384.5	0.021348
384.6	0.0213843
384.7	0.0214256
384.8	0.0214689
384.9	0.0215129
385	0.0215552
385.1	0.0215934
385.2	0.0216292
385.3	0.0216626
385.4	0.0216901
385.5	0.0217127
385.6	0.0217321
385.7	0.0217532
385.8	0.0217763
385.9	0.0217995
386	0.0218205
386.1	0.021842
386.2	0.0218629
386.3	0.0218841
386.4	0.0219025
386.5	0.0219189
386.6	0.0219351
386.7	0.0219519
386.8	0.0219702
386.9	0.0219886
387	0.0220046
387.1	0.0220215
387.2	0.0220338
387.3	0.0220431
387.4	0.0220524
387.5	0.0220629
387.6	0.0220715
387.7	0.0220762
387.8	0.0220798
387.9	0.0220828
388	0.0220865
388.1	0.0220863
388.2	0.0220877
388.3	0.0220885
388.4	0.0220852
388.5	0.0220785
388.6	0.0220728
388.7	0.0220657
388.8	0.0220627
388.9	0.0220645
389	0.0220668
389.1	0.0220688
389.2	0.0220723
389.3	0.0220769
389.4	0.0220848
389.5	0.0220902
389.6	0.0220875
389.7	0.0220847
389.8	0.0220742
389.9	0.0220604
390	0.0220476
390.1	0.0220388
390.2	0.0220301
390.3	0.0220203
390.4	0.0220105
390.5	0.0220006
390.6	0.0219897
390.7	0.0219801
390.8	0.021967
390.9	0.0219505
391	0.0219349
391.1	0.0219188
391.2	0.0219018
391.3	0.0218831
391.4	0.021864
391.5	0.0218469
391.6	0.0218298
391.7	0.0218063
391.8	0.0217782
391.9	0.021753
392	0.0217241
392.1	0.0216953
392.2	0.021668
392.3	0.0216464
392.4	0.0216272
392.5	0.0216076
392.6	0.0215883
392.7	0.0215661
392.8	0.0215491
392.9	0.0215358
393	0.021524
393.1	0.021512
393.2	0.021498
393.3	0.0214814
393.4	0.0214601
393.5	0.0214317
393.6	0.0214003
393.7	0.0213737
393.8	0.0213545
393.9	0.0213391
394	0.0213255
394.1	0.0213156
394.2	0.0213076
394.3	0.0213046
394.4	0.0213056
394.5	0.0213096
394.6	0.0213142
394.7	0.0213233
394.8	0.0213365
394.9	0.0213466
395	0.0213604
395.1	0.0213717
395.2	0.0213831
395.3	0.021395
395.4	0.0214039
395.5	0.0214104
395.6	0.0214156
395.7	0.0214221
395.8	0.0214304
395.9	0.0214387
396	0.0214443
396.1	0.0214475
396.2	0.0214478
396.3	0.0214453
396.4	0.0214489
396.5	0.0214587
396.6	0.0214709
396.7	0.0214821
396.8	0.0214915
396.9	0.0215024
397	0.0215173
397.1	0.0215287
397.2	0.0215414
397.3	0.0215533
397.4	0.0215673
397.5	0.0215811
397.6	0.0215893
397.7	0.0215964
397.8	0.0216062
397.9	0.0216173
398	0.0216237
398.1	0.0216247
398.2	0.0216211
398.3	0.0216113
398.4	0.0215958
398.5	0.0215754
398.6	0.0215541
398.7	0.0215362
398.8	0.0215195
398.9	0.0215009
399	0.0214824
399.1	0.021465
399.2	0.0214508
399.3	0.0214383
399.4	0.0214196
399.5	0.0213945
399.6	0.021365
399.7	0.0213348
399.8	0.021307
399.9	0.0212796
400	0.0212561
400.1	0.0212324
400.2	0.0212109
400.3	0.0211918
400.4	0.0211719
400.5	0.021154
400.6	0.021136
400.7	0.021115
400.8	0.0210868
400.9	0.021061
401	0.021035
401.1	0.0210144
401.2	0.0209986
401.3	0.0209841
401.4	0.0209714
401.5	0.0209581
401.6	0.0209419
401.7	0.0209181
401.8	0.0208863
401.9	0.0208534
402	0.0208188
402.1	0.0207858
402.2	0.0207559
402.3	0.0207284
402.4	0.0207017
402.5	0.0206742
402.6	0.0206496
402.7	0.0206223
402.8	0.0205943
402.9	0.0205664
403	0.0205452
403.1	0.0205238
403.2	0.0205075
403.3	0.0204858
403.4	0.0204591
403.5	0.0204326
403.6	0.0204084
403.7	0.0203941
403.8	0.0203863
403.9	0.0203784
404	0.0203722
404.1	0.020364
404.2	0.0203525
404.3	0.0203428
404.4	0.0203391
404.5	0.0203381
404.6	0.0203429
404.7	0.020346
404.8	0.0203488
404.9	0.0203548
405	0.0203606
405.1	0.0203715
405.2	0.0203902
405.3	0.0204089
405.4	0.020429
405.5	0.0204496
405.6	0.02047
405.7	0.0204898
405.8	0.0205047
405.9	0.0205171
406	0.0205258
406.1	0.0205318
406.2	0.0205378
406.3	0.0205474
406.4	0.0205572
406.5	0.0205665
406.6	0.020575
406.7	0.0205777
406.8	0.0205804
406.9	0.0205845
407	0.0205863
407.1	0.0205898
407.2	0.0205958
407.3	0.0206022
407.4	0.0206082
407.5	0.0206148
407.6	0.020618
407.7	0.0206173
407.8	0.0206175
407.9	0.0206198
408	0.0206254
408.1	0.0206332
408.2	0.0206424
408.3	0.0206565
408.4	0.02067
408.5	0.0206826
408.6	0.0206949
408.7	0.020708
408.8	0.0207176
408.9	0.0207265
409	0.0207428
409.1	0.0207588
409.2	0.0207709
409.3	0.0207862
409.4	0.0208052
409.5	0.0208288
409.6	0.0208523
409.7	0.0208787
409.8	0.0209012
409.9	0.0209258
410	0.0209543
410.1	0.0209878
410.2	0.0210199
410.3	0.0210519
410.4	0.0210775
410.5	0.0210985
410.6	0.021123
410.7	0.0211425
410.8	0.0211567
410.9	0.0211686
411	0.0211778
411.1	0.0211867
411.2	0.0211952
411.3	0.0212073
411.4	0.0212257
411.5	0.0212432
411.6	0.0212603
411.7	0.0212801
411.8	0.0212973
411.9	0.0213183
412	0.0213421
412.1	0.0213667
412.2	0.0213904
412.3	0.0214155
412.4	0.0214395
412.5	0.0214634
412.6	0.0214883
412.7	0.0215163
412.8	0.0215433
412.9	0.0215649
413	0.0215807
413.1	0.0215959
413.2	0.0216074
413.3	0.0216173
413.4	0.0216252
413.5	0.0216297
413.6	0.0216283
413.7	0.0216217
413.8	0.0216137
413.9	0.0216055
414	0.0215988
414.1	0.0215858
414.2	0.0215678
414.3	0.0215505
414.4	0.0215352
414.5	0.0215212
414.6	0.0215083
414.7	0.0214938
414.8	0.0214767
414.9	0.0214614
415	0.0214455
415.1	0.0214261
415.2	0.0214011
415.3	0.0213766
415.4	0.0213539
415.5	0.0213259
415.6	0.0212972
415.7	0.0212708
415.8	0.0212469
415.9	0.0212219
416	0.0211928
416.1	0.0211614
416.2	0.0211324
416.3	0.0211022
416.4	0.021065
416.5	0.0210269
416.6	0.0209864
416.7	0.020952
416.8	0.0209199
416.9	0.0208838
417	0.0208498
417.1	0.0208207
417.2	0.0207966
417.3	0.0207719
417.4	0.0207465
417.5	0.0207224
417.6	0.0206988
417.7	0.0206693
417.8	0.0206337
417.9	0.0205934
418	0.0205545
418.1	0.0205157
418.2	0.0204781
418.3	0.0204384
418.4	0.0203965
418.5	0.0203556
418.6	0.0203161
418.7	0.0202788
418.8	0.0202432
418.9	0.0202154
419	0.0201901
419.1	0.0201659
419.2	0.0201392
419.3	0.0201125
419.4	0.0200863
419.5	0.0200561
419.6	0.0200269
419.7	0.0199933
419.8	0.0199585
419.9	0.0199197
420	0.0198794
420.1	0.0198407
420.2	0.0198005
420.3	0.019761
420.4	0.0197249
420.5	0.0196905
420.6	0.0196545
420.7	0.0196165
420.8	0.0195772
420.9	0.0195376
421	0.0195052
421.1	0.0194732
421.2	0.0194382
421.3	0.0193948
421.4	0.0193505
421.5	0.0193033
421.6	0.0192563
421.7	0.0192095
421.8	0.0191633
421.9	0.0191172
422	0.0190708
422.1	0.0190187
422.2	0.0189654
422.3	0.0189112
422.4	0.0188575
422.5	0.0187993
422.6	0.0187347
422.7	0.0186738
422.8	0.018612
422.9	0.0185502
423	0.0184889
423.1	0.0184269
423.2	0.0183652
423.3	0.0183063
423.4	0.0182511
423.5	0.0182003
423.6	0.0181497
423.7	0.0181019
423.8	0.0180523
423.9	0.0180037
424	0.0179596
424.1	0.01792
424.2	0.0178834
424.3	0.0178479
424.4	0.0178095
424.5	0.0177674
424.6	0.0177265
424.7	0.0176783
424.8	0.0176294
424.9	0.0175848
425	0.0175424
425.1	0.0174989
425.2	0.0174568
425.3	0.0174164
425.4	0.0173756
425.5	0.0173365
425.6	0.0173
425.7	0.0172622
425.8	0.0172256
425.9	0.0171915
426	0.0171593
426.1	0.0171252
426.2	0.017097
426.3	0.0170714
426.4	0.0170509
426.5	0.0170351
426.6	0.0170247
426.7	0.0170191
426.8	0.017015
426.9	0.0170128
427	0.0170103
427.1	0.0170052
427.2	0.0169969
427.3	0.0169864
427.4	0.0169717
427.5	0.0169558
427.6	0.016936
427.7	0.0169113
427.8	0.0168863
427.9	0.0168611
428	0.0168402
428.1	0.0168206
428.2	0.0168027
428.3	0.0167832
428.4	0.0167637
428.5	0.0167418
428.6	0.016723
428.7	0.0167037
428.8	0.0166772
428.9	0.0166517
429	0.0166291
429.1	0.0166095
429.2	0.0165915
429.3	0.0165741
429.4	0.016559
429.5	0.0165498
429.6	0.0165468
429.7	0.016544
429.8	0.0165442
429.9	0.0165433
430	0.016542
430.1	0.0165411
430.2	0.0165384
430.3	0.0165353
430.4	0.0165345
430.5	0.0165344
430.6	0.0165338
430.7	0.0165325
430.8	0.0165365
430.9	0.0165494
431	0.0165707
431.1	0.0165956
431.2	0.0166197
431.3	0.0166405
431.4	0.0166622
431.5	0.0166805
431.6	0.0166938
431.7	0.016704
431.8	0.0167136
431.9	0.0167193
432	0.016719
432.1	0.016716
432.2	0.0167114
432.3	0.0167042
432.4	0.0166995
432.5	0.0166933
432.6	0.0166874
432.7	0.0166783
432.8	0.0166671
432.9	0.0166532
433	0.0166357
433.1	0.0166186
433.2	0.0166003
433.3	0.0165835
433.4	0.0165636
433.5	0.0165435
433.6	0.0165285
433.7	0.0165197
433.8	0.0165141
433.9	0.0165084
434	0.0164991
434.1	0.0164889
434.2	0.0164763
434.3	0.0164617
434.4	0.0164495
434.5	0.0164416
434.6	0.0164336
434.7	0.0164264
434.8	0.0164209
434.9	0.0164209
435	0.016417
435.1	0.0164094
435.2	0.016402
435.3	0.0163997
435.4	0.0164011
435.5	0.0164037
435.6	0.0164093
435.7	0.0164144
435.8	0.0164228
435.9	0.0164331
436	0.0164461
436.1	0.0164549
436.2	0.0164649
436.3	0.016474
436.4	0.0164857
436.5	0.0164977
436.6	0.0165061
436.7	0.0165133
436.8	0.016524
436.9	0.0165345
437	0.0165403
437.1	0.0165465
437.2	0.0165531
437.3	0.0165595
437.4	0.016563
437.5	0.0165617
437.6	0.01656
437.7	0.0165542
437.8	0.0165461
437.9	0.0165354
438	0.0165268
438.1	0.0165181
438.2	0.0165097
438.3	0.016502
438.4	0.0164915
438.5	0.016474
438.6	0.016458
438.7	0.0164443
438.8	0.0164291
438.9	0.0164103
439	0.0163881
439.1	0.0163632
439.2	0.016332
439.3	0.0163012
439.4	0.0162742
439.5	0.0162498
439.6	0.0162269
439.7	0.016205
439.8	0.0161895
439.9	0.0161783
440	0.0161705
440.1	0.0161631
440.2	0.0161535
440.3	0.0161399
440.4	0.0161322
440.5	0.0161267
440.6	0.0161204
440.7	0.0161103
440.8	0.0160974
440.9	0.0160854
441	0.0160711
441.1	0.0160603
441.2	0.0160541
441.3	0.0160493
441.4	0.0160425
441.5	0.0160306
441.6	0.0160166
441.7	0.0160006
441.8	0.0159814
441.9	0.0159599
442	0.0159379
442.1	0.0159129
442.2	0.0158804
442.3	0.0158462
442.4	0.0158156
442.5	0.0157864
442.6	0.0157574
442.7	0.0157269
442.8	0.0156975
442.9	0.0156675
443	0.0156395
443.1	0.0156144
443.2	0.0155899
443.3	0.0155631
443.4	0.0155336
443.5	0.0155032
443.6	0.0154747
443.7	0.0154498
443.8	0.0154223
443.9	0.0153922
444	0.0153628
444.1	0.0153346
444.2	0.01531
444.3	0.0152876
444.4	0.0152664
444.5	0.0152475
444.6	0.0152288
444.7	0.0152094
444.8	0.015185
444.9	0.0151611
445	0.0151435
445.1	0.0151299
445.2	0.0151168
445.3	0.0151066
445.4	0.0150977
445.5	0.0150905
445.6	0.015082
445.7	0.0150733
445.8	0.0150645
445.9	0.0150521
446	0.0150411
446.1	0.0150397
446.2	0.0150456
446.3	0.0150543
446.4	0.0150651
446.5	0.0150814
446.6	0.0150998
446.7	0.0151203
446.8	0.0151434
446.9	0.0151674
447	0.0151836
447.1	0.0151941
447.2	0.015206
447.3	0.0152195
447.4	0.0152299
447.5	0.0152383
447.6	0.0152409
447.7	0.0152395
447.8	0.0152379
447.9	0.0152351
448	0.0152326
448.1	0.0152308
448.2	0.0152252
448.3	0.0152199
448.4	0.015217
448.5	0.0152166
448.6	0.0152144
448.7	0.0152059
448.8	0.0151959
448.9	0.0151846
449	0.0151755
449.1	0.0151671
449.2	0.0151596
449.3	0.0151508
449.4	0.015139
449.5	0.0151274
449.6	0.0151175
449.7	0.0151083
449.8	0.0151022
449.9	0.0151007
450	0.0151014
450.1	0.0151036
450.2	0.0151081
450.3	0.0151128
450.4	0.015115
450.5	0.0151176
450.6	0.0151217
450.7	0.0151233
450.8	0.0151262
450.9	0.015128
451	0.0151322
451.1	0.0151311
451.2	0.0151257
451.3	0.0151169
451.4	0.0151131
451.5	0.0151071
451.6	0.0151014
451.7	0.0151007
451.8	0.0150999
451.9	0.0151007
452	0.0150969
452.1	0.0150921
452.2	0.0150869
452.3	0.0150814
452.4	0.0150716
452.5	0.0150618
452.6	0.015051
452.7	0.0150368
452.8	0.0150177
452.9	0.014993
453	0.0149698
453.1	0.0149442
453.2	0.0149233
453.3	0.0149069
453.4	0.0148957
453.5	0.0148845
453.6	0.0148739
453.7	0.0148621
453.8	0.0148459
453.9	0.0148296
454	0.014816
454.1	0.0147986
454.2	0.0147768
454.3	0.0147494
454.4	0.014715
454.5	0.0146758
454.6	0.0146401
454.7	0.014601
454.8	0.0145591
454.9	0.0145181
455	0.014474
455.1	0.014423
455.2	0.0143652
455.3	0.0143051
455.4	0.0142457
455.5	0.0141838
455.6	0.0141194
455.7	0.0140487
455.8	0.0139742
455.9	0.0138963
456	0.013819
456.1	0.0137403
456.2	0.0136631
456.3	0.0135856
456.4	0.013508
456.5	0.0134274
456.6	0.0133439
456.7	0.0132611
456.8	0.0131755
456.9	0.0130943
457	0.0130149
457.1	0.012937
457.2	0.0128603
457.3	0.0127851
457.4	0.01271
457.5	0.0126326
457.6	0.0125581
457.7	0.0124873
457.8	0.0124186
457.9	0.0123479
458	0.0122748
458.1	0.0122038
458.2	0.012138
458.3	0.0120685
458.4	0.0119943
458.5	0.0119157
458.6	0.0118338
458.7	0.011756
458.8	0.0116883
458.9	0.0116236
459	0.01156
459.1	0.0114977
459.2	0.0114397
459.3	0.0113865
459.4	0.0113385
459.5	0.0112916
459.6	0.0112479
459.7	0.0112052
459.8	0.0111603
459.9	0.0111137
460	0.0110614
460.1	0.0110022
460.2	0.0109439
460.3	0.0108822
460.4	0.0108209
460.5	0.0107614
460.6	0.010701
460.7	0.0106401
460.8	0.0105759
460.9	0.010506
461	0.0104352
461.1	0.0103611
461.2	0.0102851
461.3	0.0102081
461.4	0.010134
461.5	0.0100605
461.6	0.00998191
461.7	0.0098968
461.8	0.00980803
461.9	0.00971718
462	0.0096289
462.1	0.00954009
462.2	0.00945203
462.3	0.00936337
462.4	0.00927217
462.5	0.00917826
462.6	0.009081
462.7	0.00898367
462.8	0.00889087
462.9	0.00880341
463	0.00871784
463.1	0.00862852
463.2	0.00853848
463.3	0.0084485
463.4	0.00836344
463.5	0.0082844
463.6	0.00820666
463.7	0.00813189
463.8	0.00806345
463.9	0.00799659
464	0.00792852
464.1	0.0078628
464.2	0.00780233
464.3	0.00774312
464.4	0.00768098
464.5	0.00761129
464.6	0.00754039
464.7	0.00747222
464.8	0.00740481
464.9	0.00733684
465	0.00726993
465.1	0.00720568
465.2	0.00714272
465.3	0.00707773
465.4	0.00701126
465.5	0.00694552
465.6	0.00687758
465.7	0.00681121
465.8	0.00674552
465.9	0.00667489
466	0.00660773
466.1	0.00654098
466.2	0.00647557
466.3	0.00641384
466.4	0.0063542
466.5	0.00629569
466.6	0.006236
466.7	0.00617704
466.8	0.00612246
466.9	0.00606496
467	0.00600973
467.1	0.00595565
467.2	0.00590102
467.3	0.00585015
467.4	0.00579887
467.5	0.00574229
467.6	0.00568516
467.7	0.00562255
467.8	0.00556114
467.9	0.00549948
468	0.00544101
468.1	0.00538661
468.2	0.00533202
468.3	0.00528067
468.4	0.00522849
468.5	0.00517108
468.6	0.00511422
468.7	0.00506177
468.8	0.00501047
468.9	0.00495531
469	0.004898
469.1	0.00483779
469.2	0.00477223
469.3	0.00470311
469.4	0.00463732
469.5	0.00457309
469.6	0.00451122
469.7	0.00445105
469.8	0.004388
469.9	0.00432355
470	0.00425741
470.1	0.00419456
470.2	0.00413899
470.3	0.00409165
470.4	0.00404395
470.5	0.00399812
470.6	0.00395156
470.7	0.00390736
470.8	0.00386238
470.9	0.00381742
471	0.00376968
471.1	0.00372331
471.2	0.00367651
471.3	0.00362951
471.4	0.00358064
471.5	0.00353018
471.6	0.00347854
471.7	0.00342159
471.8	0.00336686
471.9	0.00331119
472	0.00325233
472.1	0.00319226
472.2	0.00313357
472.3	0.00307001
472.4	0.00300446
472.5	0.00294029
472.6	0.0028743
472.7	0.00280886
472.8	0.0027425
472.9	0.00267719
473	0.0026162
473.1	0.00255027
473.2	0.00247653
473.3	0.00240276
473.4	0.00233127
473.5	0.00226044
473.6	0.00218449
473.7	0.00210623
473.8	0.00203027
473.9	0.00195377
474	0.00187528
474.1	0.00179916
474.2	0.00172435
474.3	0.00164885
474.4	0.00157227
474.5	0.00149153
474.6	0.00140769
474.7	0.0013226
474.8	0.00123792
474.9	0.00115728
475	0.00108032
475.1	0.00100534
475.2	0.000929699
475.3	0.000850296
475.4	0.000775109
475.5	0.00070741
475.6	0.00064747
475.7	0.000596637
475.8	0.000555039
475.9	0.00052131
476	0.000489679
476.1	0.000459786
476.2	0.000432552
476.3	0.000407956
476.4	0.000383912
476.5	0.000364323
476.6	0.000345564
476.7	0.000324762
476.8	0.000299224
476.9	0.000274688
477	0.000246502
477.1	0.000215142
477.2	0.000186664
477.3	0.000159053
477.4	0.000137392
477.5	0.000114055
477.6	8.62872e-05
477.7	6.12062e-05
477.8	3.63578e-05
477.9	1.11667e-05
478	-1.32605e-05
478.1	-3.44447e-05
478.2	-5.54234e-05
478.3	-7.82523e-05
478.4	-0.000102137
478.5	-0.000126213
478.6	-0.000151601
478.7	-0.000180172
478.8	-0.000213757
478.9	-0.000247853
479	-0.000278622
479.1	-0.000306262
479.2	-0.000336473
479.3	-0.000365945
479.4	-0.000394112
479.5	-0.000422641
479.6	-0.000449587
479.7	-0.000467691
479.8	-0.000488262
479.9	-0.000509072
480	-0.000529384
480.1	-0.000551237
480.2	-0.000577331
480.3	-0.000610384
480.4	-0.000648519
480.5	-0.000689172
480.6	-0.000731144
480.7	-0.000776213
480.8	-0.000818227
480.9	-0.000852119
481	-0.000878833
481.1	-0.000902031
481.2	-0.000926011
481.3	-0.000954963
481.4	-0.000986584
481.5	-0.00102318
481.6	-0.00106496
481.7	-0.00110734
481.8	-0.00114782
481.9	-0.00119117
482	-0.00124093
482.1	-0.00129301
482.2	-0.00134406
482.3	-0.00138844
482.4	-0.00143171
482.5	-0.00147764
482.6	-0.00152277
482.7	-0.00156606
482.8	-0.00160789
482.9	-0.00165119
483	-0.00169498
483.1	-0.00174058
483.2	-0.00178751
483.3	-0.00183661
483.4	-0.00188486
483.5	-0.00193466
483.6	-0.00198556
483.7	-0.0020391
483.8	-0.00209885
483.9	-0.002159
484	-0.00222166
484.1	-0.00228268
484.2	-0.0023386
484.3	-0.00239538
484.4	-0.00245028
484.5	-0.00250831
484.6	-0.00256849
484.7	-0.00262347
484.8	-0.00267384
484.9	-0.0027241
485	-0.0027755
485.1	-0.00282944
485.2	-0.00288357
485.3	-0.00293021
485.4	-0.00297169
485.5	-0.00301024
485.6	-0.00304626
485.7	-0.0030798
485.8	-0.00311102
485.9	-0.00313407
486	-0.00315475
486.1	-0.00317067
486.2	-0.00318626
486.3	-0.00320524
486.4	-0.00322338
486.5	-0.00324372
486.6	-0.00326279
486.7	-0.00328046
486.8	-0.0032975
486.9	-0.00331317
487	-0.00332595
487.1	-0.00333615
487.2	-0.00334025
487.3	-0.00334322
487.4	-0.00334545
487.5	-0.00334543
487.6	-0.00334362
487.7	-0.00334096
487.8	-0.00333683
487.9	-0.00333154
488	-0.00332082
488.1	-0.00330572
488.2	-0.00328796
488.3	-0.00326742
488.4	-0.00324434
488.5	-0.00322037
488.6	-0.00319177
488.7	-0.00316022
488.8	-0.0031284
488.9	-0.00309731
489	-0.00306768
489.1	-0.00304097
489.2	-0.00301819
489.3	-0.00299501
489.4	-0.00296977
489.5	-0.00293849
489.6	-0.00290307
489.7	-0.00286657
489.8	-0.00283318
489.9	-0.00280281
490	-0.00277591
490.1	-0.00274305
490.2	-0.00270574
490.3	-0.00266661
490.4	-0.00263344
490.5	-0.00259944
490.6	-0.00256183
490.7	-0.00252638
490.8	-0.00249153
490.9	-0.00246144
491	-0.00243173
491.1	-0.00239874
491.2	-0.00236037
491.3	-0.00232427
491.4	-0.00228836
491.5	-0.00225893
491.6	-0.00223314
491.7	-0.00220168
491.8	-0.00216777
491.9	-0.00213488
492	-0.00210196
492.1	-0.00206657
492.2	-0.002028
492.3	-0.00198475
492.4	-0.00194054
492.5	-0.00189683
492.6	-0.00185609
492.7	-0.00181478
492.8	-0.00177641
492.9	-0.00174282
493	-0.00171744
493.1	-0.00169884
493.2	-0.00167569
493.3	-0.00164695
493.4	-0.00161622
493.5	-0.00159094
493.6	-0.00157247
493.7	-0.00155514
493.8	-0.00154041
493.9	-0.00152175
494	-0.00150539
494.1	-0.00149356
494.2	-0.00148509
494.3	-0.00147507
494.4	-0.00146528
494.5	-0.00146091
494.6	-0.00145885
494.7	-0.00145357
494.8	-0.00144901
494.9	-0.00144445
495	-0.00143873
495.1	-0.00142764
495.2	-0.0014155
495.3	-0.00140139
495.4	-0.00138781
495.5	-0.00137067
495.6	-0.00134748
495.7	-0.00132051
495.8	-0.00129319
495.9	-0.00126474
496	-0.00123743
496.1	-0.00120935
496.2	-0.00117648
496.3	-0.00114093
496.4	-0.001105
496.5	-0.00106839
496.6	-0.00103013
496.7	-0.000991034
496.8	-0.000952581
496.9	-0.000910057
497	-0.00086407
497.1	-0.000820993
497.2	-0.000779939
497.3	-0.000742141
497.4	-0.000703914
497.5	-0.000662849
497.6	-0.000618453
497.7	-0.000574437
497.8	-0.000533895
497.9	-0.000494873
498	-0.000463055
498.1	-0.000432932
498.2	-0.000407393
498.3	-0.000381385
498.4	-0.000359754
498.5	-0.000340647
498.6	-0.000326357
498.7	-0.000315358
498.8	-0.000307964
498.9	-0.000303791
499	-0.000305824
499.1	-0.00031197
499.2	-0.000321388
499.3	-0.000331347
499.4	-0.000341548
499.5	-0.000350983
499.6	-0.000369591
499.7	-0.000390517
499.8	-0.000416398
499.9	-0.000441693
500	-0.000466948
