LagTime	Correlation

0	2.73469
0.1	2.72968
0.2	2.72219
0.3	2.71414
0.4	2.70598
0.5	2.69786
0.6	2.68978
0.7	2.68175
0.8	2.67379
0.9	2.66588
1	2.65802
1.1	2.65022
1.2	2.64247
1.3	2.63477
1.4	2.62713
1.5	2.61954
1.6	2.612
1.7	2.60452
1.8	2.59707
1.9	2.58968
2	2.58234
2.1	2.57505
2.2	2.56782
2.3	2.56064
2.4	2.5535
2.5	2.54641
2.6	2.53938
2.7	2.53239
2.8	2.52545
2.9	2.51856
3	2.5117
3.1	2.50489
3.2	2.49813
3.3	2.4914
3.4	2.4847
3.5	2.47805
3.6	2.47143
3.7	2.46485
3.8	2.45831
3.9	2.45181
4	2.44535
4.1	2.43892
4.2	2.43254
4.3	2.42619
4.4	2.41989
4.5	2.41362
4.6	2.40738
4.7	2.40118
4.8	2.39502
4.9	2.3889
5	2.3828
5.1	2.37674
5.2	2.37072
5.3	2.36474
5.4	2.35879
5.5	2.35287
5.6	2.34699
5.7	2.34115
5.8	2.33533
5.9	2.32953
6	2.32376
6.1	2.31802
6.2	2.31231
6.3	2.30662
6.4	2.30096
6.5	2.29533
6.6	2.28973
6.7	2.28415
6.8	2.27861
6.9	2.27309
7	2.2676
7.1	2.26214
7.2	2.25671
7.3	2.25131
7.4	2.24593
7.5	2.24059
7.6	2.23527
7.7	2.22998
7.8	2.22471
7.9	2.21947
8	2.21425
8.1	2.20906
8.2	2.20389
8.3	2.19874
8.4	2.19362
8.5	2.18852
8.6	2.18345
8.7	2.1784
8.8	2.17338
8.9	2.16838
9	2.16341
9.1	2.15846
9.2	2.15353
9.3	2.14862
9.4	2.14373
9.5	2.13886
9.6	2.134
9.7	2.12917
9.8	2.12435
9.9	2.11956
10	2.11478
10.1	2.11003
10.2	2.1053
10.3	2.10058
10.4	2.09589
10.5	2.09121
10.6	2.08655
10.7	2.0819
10.8	2.07727
10.9	2.07265
11	2.06805
11.1	2.06346
11.2	2.05889
11.3	2.05434
11.4	2.04979
11.5	2.04526
11.6	2.04074
11.7	2.03624
11.8	2.03175
11.9	2.02729
12	2.02284
12.1	2.01841
12.2	2.014
12.3	2.0096
12.4	2.00521
12.5	2.00085
12.6	1.9965
12.7	1.99217
12.8	1.98785
12.9	1.98355
13	1.97926
13.1	1.97499
13.2	1.97073
13.3	1.9665
13.4	1.96228
13.5	1.95807
13.6	1.95387
13.7	1.94969
13.8	1.94552
13.9	1.94137
14	1.93723
14.1	1.9331
14.2	1.929
14.3	1.9249
14.4	1.92082
14.5	1.91676
14.6	1.9127
14.7	1.90866
14.8	1.90462
14.9	1.9006
15	1.8966
15.1	1.8926
15.2	1.88862
15.3	1.88464
15.4	1.88069
15.5	1.87675
15.6	1.87282
15.7	1.8689
15.8	1.86498
15.9	1.86107
16	1.85718
16.1	1.85329
16.2	1.84942
16.3	1.84557
16.4	1.84173
16.5	1.83791
16.6	1.8341
16.7	1.83032
16.8	1.82656
16.9	1.82282
17	1.81908
17.1	1.81536
17.2	1.81165
17.3	1.80796
17.4	1.80427
17.5	1.8006
17.6	1.79694
17.7	1.79329
17.8	1.78966
17.9	1.78605
18	1.78245
18.1	1.77886
18.2	1.77528
18.3	1.77171
18.4	1.76815
18.5	1.7646
18.6	1.76106
18.7	1.75752
18.8	1.75399
18.9	1.75047
19	1.74696
19.1	1.74347
19.2	1.73998
19.3	1.73651
19.4	1.73304
19.5	1.72958
19.6	1.72612
19.7	1.72268
19.8	1.71925
19.9	1.71582
20	1.71241
20.1	1.70899
20.2	1.70559
20.3	1.70219
20.4	1.69881
20.5	1.69543
20.6	1.69207
20.7	1.6887
20.8	1.68535
20.9	1.682
21	1.67865
21.1	1.67532
21.2	1.672
21.3	1.6687
21.4	1.6654
21.5	1.66212
21.6	1.65885
21.7	1.65558
21.8	1.65233
21.9	1.64908
22	1.64584
22.1	1.64261
22.2	1.6394
22.3	1.63618
22.4	1.63297
22.5	1.62977
22.6	1.62658
22.7	1.62341
22.8	1.62025
22.9	1.6171
23	1.61396
23.1	1.61084
23.2	1.60772
23.3	1.60461
23.4	1.60152
23.5	1.59843
23.6	1.59535
23.7	1.59228
23.8	1.58921
23.9	1.58615
24	1.58309
24.1	1.58005
24.2	1.57701
24.3	1.57399
24.4	1.57097
24.5	1.56797
24.6	1.56497
24.7	1.56197
24.8	1.55899
24.9	1.556
25	1.55303
25.1	1.55006
25.2	1.5471
25.3	1.54415
25.4	1.5412
25.5	1.53825
25.6	1.53532
25.7	1.53238
25.8	1.52945
25.9	1.52653
26	1.52361
26.1	1.5207
26.2	1.5178
26.3	1.5149
26.4	1.51202
26.5	1.50914
26.6	1.50627
26.7	1.50343
26.8	1.50059
26.9	1.49776
27	1.49494
27.1	1.49213
27.2	1.48932
27.3	1.48651
27.4	1.48371
27.5	1.4809
27.6	1.4781
27.7	1.47531
27.8	1.47252
27.9	1.46973
28	1.46695
28.1	1.46417
28.2	1.46139
28.3	1.45863
28.4	1.45587
28.5	1.45312
28.6	1.45037
28.7	1.44763
28.8	1.4449
28.9	1.44217
29	1.43946
29.1	1.43675
29.2	1.43405
29.3	1.43135
29.4	1.42866
29.5	1.42598
29.6	1.4233
29.7	1.42063
29.8	1.41796
29.9	1.4153
30	1.41265
30.1	1.41001
30.2	1.40737
30.3	1.40473
30.4	1.40211
30.5	1.39949
30.6	1.39688
30.7	1.39427
30.8	1.39168
30.9	1.38909
31	1.38652
31.1	1.38395
31.2	1.38138
31.3	1.37883
31.4	1.37628
31.5	1.37373
31.6	1.37119
31.7	1.36865
31.8	1.36612
31.9	1.36359
32	1.36106
32.1	1.35855
32.2	1.35604
32.3	1.35354
32.4	1.35104
32.5	1.34854
32.6	1.34605
32.7	1.34356
32.8	1.34108
32.9	1.3386
33	1.33613
33.1	1.33366
33.2	1.33118
33.3	1.32871
33.4	1.32625
33.5	1.3238
33.6	1.32135
33.7	1.31891
33.8	1.31647
33.9	1.31404
34	1.31161
34.1	1.30919
34.2	1.30677
34.3	1.30436
34.4	1.30195
34.5	1.29955
34.6	1.29716
34.7	1.29478
34.8	1.29241
34.9	1.29005
35	1.28769
35.1	1.28533
35.2	1.28298
35.3	1.28064
35.4	1.27831
35.5	1.27598
35.6	1.27366
35.7	1.27134
35.8	1.26904
35.9	1.26674
36	1.26445
36.1	1.26217
36.2	1.25989
36.3	1.25761
36.4	1.25533
36.5	1.25306
36.6	1.25079
36.7	1.24853
36.8	1.24627
36.9	1.24401
37	1.24176
37.1	1.23952
37.2	1.23728
37.3	1.23504
37.4	1.2328
37.5	1.23057
37.6	1.22834
37.7	1.22611
37.8	1.22389
37.9	1.22168
38	1.21948
38.1	1.21728
38.2	1.2151
38.3	1.21291
38.4	1.21072
38.5	1.20854
38.6	1.20635
38.7	1.20417
38.8	1.202
38.9	1.19983
39	1.19767
39.1	1.19551
39.2	1.19335
39.3	1.1912
39.4	1.18905
39.5	1.18691
39.6	1.18477
39.7	1.18264
39.8	1.18051
39.9	1.17838
40	1.17626
40.1	1.17415
40.2	1.17204
40.3	1.16994
40.4	1.16784
40.5	1.16575
40.6	1.16366
40.7	1.16158
40.8	1.1595
40.9	1.15743
41	1.15536
41.1	1.1533
41.2	1.15124
41.3	1.14918
41.4	1.14713
41.5	1.14507
41.6	1.14302
41.7	1.14097
41.8	1.13892
41.9	1.13689
42	1.13486
42.1	1.13284
42.2	1.13082
42.3	1.1288
42.4	1.12678
42.5	1.12478
42.6	1.12278
42.7	1.12079
42.8	1.1188
42.9	1.11682
43	1.11483
43.1	1.11284
43.2	1.11086
43.3	1.10888
43.4	1.1069
43.5	1.10492
43.6	1.10295
43.7	1.10099
43.8	1.09904
43.9	1.09709
44	1.09515
44.1	1.09322
44.2	1.09128
44.3	1.08935
44.4	1.08742
44.5	1.0855
44.6	1.08359
44.7	1.08168
44.8	1.07977
44.9	1.07786
45	1.07595
45.1	1.07405
45.2	1.07216
45.3	1.07027
45.4	1.06839
45.5	1.06652
45.6	1.06465
45.7	1.06278
45.8	1.06092
45.9	1.05907
46	1.05722
46.1	1.05536
46.2	1.05352
46.3	1.05167
46.4	1.04983
46.5	1.04799
46.6	1.04615
46.7	1.0443
46.8	1.04246
46.9	1.04061
47	1.03878
47.1	1.03694
47.2	1.03512
47.3	1.03329
47.4	1.03147
47.5	1.02966
47.6	1.02785
47.7	1.02604
47.8	1.02424
47.9	1.02244
48	1.02064
48.1	1.01885
48.2	1.01707
48.3	1.01529
48.4	1.01353
48.5	1.01177
48.6	1.01002
48.7	1.00826
48.8	1.00652
48.9	1.00478
49	1.00304
49.1	1.00131
49.2	0.999579
49.3	0.997857
49.4	0.996138
49.5	0.994421
49.6	0.99271
49.7	0.990998
49.8	0.989282
49.9	0.987557
50	0.985832
50.1	0.984106
50.2	0.982383
50.3	0.980663
50.4	0.97894
50.5	0.977215
50.6	0.975494
50.7	0.973777
50.8	0.972062
50.9	0.970346
51	0.968627
51.1	0.966913
51.2	0.9652
51.3	0.963495
51.4	0.961798
51.5	0.960111
51.6	0.958429
51.7	0.956752
51.8	0.955079
51.9	0.953412
52	0.951753
52.1	0.950096
52.2	0.948442
52.3	0.946792
52.4	0.945145
52.5	0.943504
52.6	0.941871
52.7	0.940237
52.8	0.938605
52.9	0.936981
53	0.935361
53.1	0.933745
53.2	0.93213
53.3	0.930517
53.4	0.928906
53.5	0.927301
53.6	0.925701
53.7	0.9241
53.8	0.922503
53.9	0.92091
54	0.919324
54.1	0.917741
54.2	0.916165
54.3	0.914594
54.4	0.913027
54.5	0.911461
54.6	0.909899
54.7	0.908335
54.8	0.906778
54.9	0.90523
55	0.903686
55.1	0.902146
55.2	0.900606
55.3	0.899069
55.4	0.897545
55.5	0.89603
55.6	0.894515
55.7	0.893006
55.8	0.891498
55.9	0.889991
56	0.888491
56.1	0.886995
56.2	0.885505
56.3	0.884019
56.4	0.882534
56.5	0.881046
56.6	0.879554
56.7	0.878055
56.8	0.876556
56.9	0.875067
57	0.87358
57.1	0.872101
57.2	0.870625
57.3	0.869158
57.4	0.867699
57.5	0.866239
57.6	0.86478
57.7	0.863318
57.8	0.861857
57.9	0.860403
58	0.858958
58.1	0.857518
58.2	0.856084
58.3	0.854659
58.4	0.853238
58.5	0.851818
58.6	0.8504
58.7	0.848986
58.8	0.84758
58.9	0.846179
59	0.844783
59.1	0.843395
59.2	0.84201
59.3	0.840631
59.4	0.839254
59.5	0.837877
59.6	0.836502
59.7	0.835127
59.8	0.833754
59.9	0.832387
60	0.831019
60.1	0.829646
60.2	0.828268
60.3	0.826891
60.4	0.82551
60.5	0.824122
60.6	0.822731
60.7	0.821345
60.8	0.819965
60.9	0.818583
61	0.817195
61.1	0.815806
61.2	0.814422
61.3	0.813045
61.4	0.811673
61.5	0.810308
61.6	0.808952
61.7	0.807602
61.8	0.806253
61.9	0.804905
62	0.803557
62.1	0.802206
62.2	0.800855
62.3	0.799513
62.4	0.79818
62.5	0.796857
62.6	0.795538
62.7	0.794225
62.8	0.792912
62.9	0.791601
63	0.790294
63.1	0.788988
63.2	0.787678
63.3	0.786363
63.4	0.785053
63.5	0.783748
63.6	0.782448
63.7	0.781147
63.8	0.779845
63.9	0.778548
64	0.777252
64.1	0.775956
64.2	0.774661
64.3	0.773368
64.4	0.772076
64.5	0.770784
64.6	0.769495
64.7	0.768205
64.8	0.766916
64.9	0.765625
65	0.764338
65.1	0.763052
65.2	0.761768
65.3	0.760487
65.4	0.759209
65.5	0.757932
65.6	0.756661
65.7	0.755391
65.8	0.75412
65.9	0.752847
66	0.751576
66.1	0.750306
66.2	0.749037
66.3	0.74777
66.4	0.746506
66.5	0.745244
66.6	0.743989
66.7	0.742737
66.8	0.741488
66.9	0.740245
67	0.739005
67.1	0.737771
67.2	0.736539
67.3	0.735308
67.4	0.734079
67.5	0.73285
67.6	0.731621
67.7	0.730395
67.8	0.729171
67.9	0.727946
68	0.72672
68.1	0.725495
68.2	0.724272
68.3	0.723051
68.4	0.721831
68.5	0.720613
68.6	0.719396
68.7	0.718183
68.8	0.716974
68.9	0.715764
69	0.71456
69.1	0.713359
69.2	0.712159
69.3	0.710957
69.4	0.709758
69.5	0.708566
69.6	0.70738
69.7	0.706201
69.8	0.705024
69.9	0.70385
70	0.702677
70.1	0.701504
70.2	0.700326
70.3	0.699152
70.4	0.697981
70.5	0.696814
70.6	0.695649
70.7	0.694488
70.8	0.693329
70.9	0.692171
71	0.691023
71.1	0.689883
71.2	0.68875
71.3	0.68762
71.4	0.686494
71.5	0.68537
71.6	0.684245
71.7	0.68312
71.8	0.681997
71.9	0.680875
72	0.679759
72.1	0.678646
72.2	0.677533
72.3	0.676422
72.4	0.675317
72.5	0.674219
72.6	0.673124
72.7	0.672031
72.8	0.670942
72.9	0.669861
73	0.668783
73.1	0.667706
73.2	0.666633
73.3	0.665556
73.4	0.664476
73.5	0.663391
73.6	0.662306
73.7	0.661218
73.8	0.66013
73.9	0.659048
74	0.657963
74.1	0.656883
74.2	0.6558
74.3	0.654714
74.4	0.653626
74.5	0.652534
74.6	0.651443
74.7	0.650358
74.8	0.649278
74.9	0.648199
75	0.647118
75.1	0.646038
75.2	0.64496
75.3	0.643881
75.4	0.642805
75.5	0.641731
75.6	0.640656
75.7	0.639583
75.8	0.638507
75.9	0.63743
76	0.636358
76.1	0.635287
76.2	0.634214
76.3	0.633139
76.4	0.632065
76.5	0.630987
76.6	0.62991
76.7	0.628839
76.8	0.627775
76.9	0.626716
77	0.625662
77.1	0.624608
77.2	0.623554
77.3	0.6225
77.4	0.621445
77.5	0.620385
77.6	0.619325
77.7	0.618266
77.8	0.617206
77.9	0.616148
78	0.615092
78.1	0.614039
78.2	0.612986
78.3	0.611927
78.4	0.61087
78.5	0.609814
78.6	0.608757
78.7	0.607705
78.8	0.606657
78.9	0.605611
79	0.604566
79.1	0.603529
79.2	0.602495
79.3	0.601467
79.4	0.60044
79.5	0.599414
79.6	0.59839
79.7	0.597372
79.8	0.596351
79.9	0.595332
80	0.594315
80.1	0.593298
80.2	0.592281
80.3	0.591273
80.4	0.590265
80.5	0.589258
80.6	0.588251
80.7	0.587243
80.8	0.586234
80.9	0.585227
81	0.584226
81.1	0.583238
81.2	0.58226
81.3	0.581289
81.4	0.580321
81.5	0.579354
81.6	0.578398
81.7	0.577444
81.8	0.576492
81.9	0.575539
82	0.574586
82.1	0.573637
82.2	0.572697
82.3	0.57176
82.4	0.57082
82.5	0.569879
82.6	0.568939
82.7	0.568001
82.8	0.567067
82.9	0.566135
83	0.565203
83.1	0.564276
83.2	0.563348
83.3	0.562421
83.4	0.561495
83.5	0.56057
83.6	0.55965
83.7	0.558731
83.8	0.557818
83.9	0.556914
84	0.556012
84.1	0.555114
84.2	0.554215
84.3	0.553318
84.4	0.552425
84.5	0.551528
84.6	0.550632
84.7	0.54974
84.8	0.548856
84.9	0.547975
85	0.547095
85.1	0.546219
85.2	0.545344
85.3	0.544472
85.4	0.543597
85.5	0.542726
85.6	0.541857
85.7	0.540989
85.8	0.540121
85.9	0.539247
86	0.538372
86.1	0.537497
86.2	0.536627
86.3	0.53576
86.4	0.53489
86.5	0.534022
86.6	0.533157
86.7	0.532297
86.8	0.531442
86.9	0.530589
87	0.529735
87.1	0.528884
87.2	0.528038
87.3	0.527195
87.4	0.526357
87.5	0.525518
87.6	0.524682
87.7	0.523848
87.8	0.523017
87.9	0.522191
88	0.521361
88.1	0.520531
88.2	0.519707
88.3	0.518882
88.4	0.518054
88.5	0.517223
88.6	0.516389
88.7	0.515555
88.8	0.514722
88.9	0.513891
89	0.513061
89.1	0.512233
89.2	0.511406
89.3	0.510581
89.4	0.509757
89.5	0.508931
89.6	0.508107
89.7	0.507292
89.8	0.50648
89.9	0.505674
90	0.50487
90.1	0.504065
90.2	0.503261
90.3	0.502465
90.4	0.501662
90.5	0.500855
90.6	0.500047
90.7	0.499238
90.8	0.498434
90.9	0.49764
91	0.496852
91.1	0.49607
91.2	0.495295
91.3	0.494524
91.4	0.493758
91.5	0.492994
91.6	0.492234
91.7	0.491477
91.8	0.490726
91.9	0.489979
92	0.489236
92.1	0.488503
92.2	0.48777
92.3	0.487037
92.4	0.486299
92.5	0.485558
92.6	0.48481
92.7	0.484062
92.8	0.483319
92.9	0.482585
93	0.481855
93.1	0.481123
93.2	0.48039
93.3	0.479656
93.4	0.478917
93.5	0.478179
93.6	0.477441
93.7	0.476704
93.8	0.475966
93.9	0.475226
94	0.474486
94.1	0.473739
94.2	0.472986
94.3	0.472229
94.4	0.471474
94.5	0.470723
94.6	0.469972
94.7	0.469221
94.8	0.468474
94.9	0.467732
95	0.466998
95.1	0.466263
95.2	0.465525
95.3	0.464782
95.4	0.464039
95.5	0.463296
95.6	0.462553
95.7	0.461813
95.8	0.461069
95.9	0.460323
96	0.459576
96.1	0.458834
96.2	0.458092
96.3	0.457343
96.4	0.456589
96.5	0.455832
96.6	0.455074
96.7	0.454314
96.8	0.453548
96.9	0.452783
97	0.452024
97.1	0.451272
97.2	0.450518
97.3	0.449758
97.4	0.448999
97.5	0.448241
97.6	0.447491
97.7	0.446748
97.8	0.446005
97.9	0.445264
98	0.444522
98.1	0.443786
98.2	0.443055
98.3	0.442323
98.4	0.441595
98.5	0.440875
98.6	0.440158
98.7	0.439441
98.8	0.438727
98.9	0.438014
99	0.437294
99.1	0.436571
99.2	0.435851
99.3	0.43513
99.4	0.434408
99.5	0.433685
99.6	0.432961
99.7	0.432239
99.8	0.431513
99.9	0.430784
100	0.430054
100.1	0.429322
100.2	0.428585
100.3	0.427846
100.4	0.427105
100.5	0.426363
100.6	0.425617
100.7	0.424871
100.8	0.424131
100.9	0.423398
101	0.422669
101.1	0.421943
101.2	0.42122
101.3	0.420502
101.4	0.419789
101.5	0.419078
101.6	0.418367
101.7	0.417662
101.8	0.416966
101.9	0.416275
102	0.415585
102.1	0.414898
102.2	0.414213
102.3	0.413529
102.4	0.412847
102.5	0.412167
102.6	0.41149
102.7	0.410819
102.8	0.410148
102.9	0.409473
103	0.408797
103.1	0.408125
103.2	0.407455
103.3	0.406785
103.4	0.406114
103.5	0.405442
103.6	0.404772
103.7	0.404109
103.8	0.403444
103.9	0.402775
104	0.402109
104.1	0.401442
104.2	0.400775
104.3	0.400112
104.4	0.399452
104.5	0.398795
104.6	0.39814
104.7	0.397486
104.8	0.396831
104.9	0.396174
105	0.395517
105.1	0.394862
105.2	0.394211
105.3	0.393562
105.4	0.392919
105.5	0.392279
105.6	0.391641
105.7	0.391002
105.8	0.390366
105.9	0.389732
106	0.389099
106.1	0.388462
106.2	0.387829
106.3	0.387199
106.4	0.386572
106.5	0.385947
106.6	0.385323
106.7	0.384697
106.8	0.384066
106.9	0.383436
107	0.382802
107.1	0.382168
107.2	0.381536
107.3	0.380904
107.4	0.380277
107.5	0.37965
107.6	0.379026
107.7	0.378401
107.8	0.377773
107.9	0.377144
108	0.376513
108.1	0.375879
108.2	0.375241
108.3	0.3746
108.4	0.373955
108.5	0.373302
108.6	0.372646
108.7	0.371989
108.8	0.371333
108.9	0.37068
109	0.370031
109.1	0.369382
109.2	0.36873
109.3	0.368079
109.4	0.367429
109.5	0.366779
109.6	0.366131
109.7	0.365488
109.8	0.364853
109.9	0.364222
110	0.363599
110.1	0.362974
110.2	0.362354
110.3	0.361734
110.4	0.361112
110.5	0.360483
110.6	0.359858
110.7	0.359235
110.8	0.358616
110.9	0.357994
111	0.357372
111.1	0.356754
111.2	0.356136
111.3	0.355519
111.4	0.354902
111.5	0.354283
111.6	0.353665
111.7	0.35305
111.8	0.352435
111.9	0.351818
112	0.351199
112.1	0.350583
112.2	0.34997
112.3	0.349359
112.4	0.348748
112.5	0.348138
112.6	0.347527
112.7	0.346915
112.8	0.346305
112.9	0.345698
113	0.345092
113.1	0.344489
113.2	0.343884
113.3	0.343279
113.4	0.342669
113.5	0.342062
113.6	0.341458
113.7	0.340858
113.8	0.340256
113.9	0.339656
114	0.339052
114.1	0.338446
114.2	0.337843
114.3	0.337239
114.4	0.336636
114.5	0.336037
114.6	0.335438
114.7	0.33484
114.8	0.334241
114.9	0.333647
115	0.333051
115.1	0.332453
115.2	0.331859
115.3	0.331274
115.4	0.330694
115.5	0.33012
115.6	0.329548
115.7	0.328977
115.8	0.328408
115.9	0.327842
116	0.327277
116.1	0.326714
116.2	0.326151
116.3	0.325588
116.4	0.325026
116.5	0.324464
116.6	0.323898
116.7	0.323325
116.8	0.32275
116.9	0.322178
117	0.321605
117.1	0.321025
117.2	0.320442
117.3	0.319863
117.4	0.319286
117.5	0.318709
117.6	0.31813
117.7	0.317559
117.8	0.316992
117.9	0.316431
118	0.315878
118.1	0.315325
118.2	0.314778
118.3	0.314237
118.4	0.313701
118.5	0.313172
118.6	0.312645
118.7	0.31212
118.8	0.3116
118.9	0.311076
119	0.310548
119.1	0.310014
119.2	0.309479
119.3	0.308949
119.4	0.308424
119.5	0.307896
119.6	0.30736
119.7	0.306823
119.8	0.306286
119.9	0.305752
120	0.30522
120.1	0.304695
120.2	0.304176
120.3	0.303662
120.4	0.303152
120.5	0.302646
120.6	0.302144
120.7	0.301645
120.8	0.301151
120.9	0.300661
121	0.300178
121.1	0.299697
121.2	0.299218
121.3	0.298742
121.4	0.298274
121.5	0.297811
121.6	0.297347
121.7	0.296884
121.8	0.296427
121.9	0.295971
122	0.295516
122.1	0.295063
122.2	0.294615
122.3	0.294172
122.4	0.29373
122.5	0.293284
122.6	0.292838
122.7	0.292388
122.8	0.291938
122.9	0.291485
123	0.291037
123.1	0.290594
123.2	0.290153
123.3	0.289715
123.4	0.289279
123.5	0.288849
123.6	0.288427
123.7	0.288012
123.8	0.287603
123.9	0.287196
124	0.286787
124.1	0.286379
124.2	0.285969
124.3	0.28556
124.4	0.285156
124.5	0.284752
124.6	0.284347
124.7	0.283942
124.8	0.283539
124.9	0.283138
125	0.282741
125.1	0.282346
125.2	0.281952
125.3	0.281562
125.4	0.281176
125.5	0.280787
125.6	0.280397
125.7	0.280006
125.8	0.279611
125.9	0.279215
126	0.278821
126.1	0.278424
126.2	0.278026
126.3	0.277624
126.4	0.277222
126.5	0.27682
126.6	0.276417
126.7	0.27601
126.8	0.275603
126.9	0.275195
127	0.274792
127.1	0.274393
127.2	0.273996
127.3	0.273606
127.4	0.273221
127.5	0.272836
127.6	0.272451
127.7	0.272068
127.8	0.271691
127.9	0.27131
128	0.27093
128.1	0.270546
128.2	0.270162
128.3	0.269772
128.4	0.269379
128.5	0.268988
128.6	0.268601
128.7	0.26821
128.8	0.26782
128.9	0.267425
129	0.267029
129.1	0.266629
129.2	0.266232
129.3	0.265836
129.4	0.265441
129.5	0.265049
129.6	0.264661
129.7	0.264278
129.8	0.2639
129.9	0.26352
130	0.263138
130.1	0.262752
130.2	0.262365
130.3	0.261984
130.4	0.261608
130.5	0.261231
130.6	0.260855
130.7	0.260477
130.8	0.2601
130.9	0.259728
131	0.259361
131.1	0.258998
131.2	0.258637
131.3	0.258279
131.4	0.257924
131.5	0.257573
131.6	0.257226
131.7	0.25688
131.8	0.256535
131.9	0.256187
132	0.25584
132.1	0.255497
132.2	0.255158
132.3	0.25482
132.4	0.254486
132.5	0.254155
132.6	0.25382
132.7	0.253483
132.8	0.253141
132.9	0.252792
133	0.252441
133.1	0.252085
133.2	0.251731
133.3	0.251377
133.4	0.251022
133.5	0.250668
133.6	0.250315
133.7	0.249962
133.8	0.249615
133.9	0.24927
134	0.248927
134.1	0.248583
134.2	0.248239
134.3	0.247895
134.4	0.247553
134.5	0.247214
134.6	0.246883
134.7	0.246557
134.8	0.246234
134.9	0.245908
135	0.245582
135.1	0.245254
135.2	0.244921
135.3	0.244589
135.4	0.244258
135.5	0.243927
135.6	0.243593
135.7	0.243255
135.8	0.242911
135.9	0.242562
136	0.242209
136.1	0.241851
136.2	0.241496
136.3	0.241141
136.4	0.240784
136.5	0.240427
136.6	0.24007
136.7	0.239711
136.8	0.23936
136.9	0.239008
137	0.238649
137.1	0.238279
137.2	0.237904
137.3	0.237526
137.4	0.23715
137.5	0.236767
137.6	0.23638
137.7	0.235994
137.8	0.235609
137.9	0.235225
138	0.234839
138.1	0.234458
138.2	0.234078
138.3	0.2337
138.4	0.233321
138.5	0.232943
138.6	0.232564
138.7	0.232185
138.8	0.231806
138.9	0.231429
139	0.231054
139.1	0.230683
139.2	0.230315
139.3	0.229948
139.4	0.22958
139.5	0.229213
139.6	0.228843
139.7	0.228474
139.8	0.228106
139.9	0.227734
140	0.227362
140.1	0.22699
140.2	0.226615
140.3	0.226242
140.4	0.225868
140.5	0.225492
140.6	0.225116
140.7	0.224744
140.8	0.224373
140.9	0.224002
141	0.223631
141.1	0.223262
141.2	0.222893
141.3	0.22252
141.4	0.222146
141.5	0.221774
141.6	0.221403
141.7	0.221036
141.8	0.220672
141.9	0.220304
142	0.219936
142.1	0.21957
142.2	0.219208
142.3	0.218851
142.4	0.218502
142.5	0.218155
142.6	0.217807
142.7	0.217462
142.8	0.217123
142.9	0.216788
143	0.216452
143.1	0.216114
143.2	0.215774
143.3	0.215433
143.4	0.215094
143.5	0.214754
143.6	0.214414
143.7	0.214075
143.8	0.213735
143.9	0.213397
144	0.213055
144.1	0.21271
144.2	0.212367
144.3	0.212031
144.4	0.211702
144.5	0.211376
144.6	0.211053
144.7	0.210735
144.8	0.210419
144.9	0.210107
145	0.2098
145.1	0.209498
145.2	0.209197
145.3	0.208898
145.4	0.208597
145.5	0.208299
145.6	0.208
145.7	0.207707
145.8	0.207422
145.9	0.207133
146	0.20684
146.1	0.206549
146.2	0.206266
146.3	0.205988
146.4	0.205712
146.5	0.205434
146.6	0.205155
146.7	0.204872
146.8	0.204586
146.9	0.204296
147	0.204006
147.1	0.203715
147.2	0.203427
147.3	0.203148
147.4	0.202872
147.5	0.202593
147.6	0.202316
147.7	0.202042
147.8	0.201766
147.9	0.201489
148	0.201214
148.1	0.200938
148.2	0.200664
148.3	0.200391
148.4	0.200118
148.5	0.199847
148.6	0.199574
148.7	0.1993
148.8	0.199024
148.9	0.198743
149	0.198467
149.1	0.198194
149.2	0.197929
149.3	0.197667
149.4	0.197404
149.5	0.19714
149.6	0.19687
149.7	0.196594
149.8	0.196323
149.9	0.196056
150	0.19579
150.1	0.195526
150.2	0.195261
150.3	0.194997
150.4	0.194735
150.5	0.194476
150.6	0.194218
150.7	0.19396
150.8	0.193696
150.9	0.193428
151	0.19316
151.1	0.192888
151.2	0.192614
151.3	0.192337
151.4	0.192054
151.5	0.191773
151.6	0.191494
151.7	0.191207
151.8	0.190917
151.9	0.190627
152	0.190334
152.1	0.19004
152.2	0.189749
152.3	0.189464
152.4	0.189185
152.5	0.1889
152.6	0.188615
152.7	0.188331
152.8	0.188049
152.9	0.187776
153	0.187507
153.1	0.187237
153.2	0.186969
153.3	0.186695
153.4	0.186418
153.5	0.186145
153.6	0.185874
153.7	0.185604
153.8	0.185328
153.9	0.185054
154	0.184775
154.1	0.184496
154.2	0.184215
154.3	0.183938
154.4	0.183662
154.5	0.183391
154.6	0.183127
154.7	0.182866
154.8	0.182601
154.9	0.182338
155	0.182077
155.1	0.181817
155.2	0.181561
155.3	0.181308
155.4	0.181053
155.5	0.180796
155.6	0.18054
155.7	0.18028
155.8	0.180022
155.9	0.179764
156	0.179505
156.1	0.179244
156.2	0.178986
156.3	0.178729
156.4	0.178471
156.5	0.178217
156.6	0.177964
156.7	0.177711
156.8	0.177455
156.9	0.177206
157	0.176962
157.1	0.176718
157.2	0.176473
157.3	0.176227
157.4	0.175982
157.5	0.175739
157.6	0.175501
157.7	0.175263
157.8	0.175025
157.9	0.174785
158	0.174544
158.1	0.174301
158.2	0.174055
158.3	0.173802
158.4	0.173549
158.5	0.173299
158.6	0.173044
158.7	0.172786
158.8	0.172527
158.9	0.172269
159	0.172015
159.1	0.171762
159.2	0.171509
159.3	0.171254
159.4	0.171003
159.5	0.170753
159.6	0.170508
159.7	0.170262
159.8	0.17001
159.9	0.169757
160	0.169503
160.1	0.169248
160.2	0.168997
160.3	0.168745
160.4	0.168489
160.5	0.168228
160.6	0.167969
160.7	0.167713
160.8	0.167457
160.9	0.167205
161	0.166949
161.1	0.166691
161.2	0.166437
161.3	0.166188
161.4	0.165942
161.5	0.165702
161.6	0.165466
161.7	0.165231
161.8	0.164999
161.9	0.164765
162	0.16453
162.1	0.164296
162.2	0.164064
162.3	0.16383
162.4	0.163601
162.5	0.163371
162.6	0.163138
162.7	0.162903
162.8	0.162661
162.9	0.162414
163	0.162164
163.1	0.161912
163.2	0.161656
163.3	0.161394
163.4	0.161124
163.5	0.160853
163.6	0.160584
163.7	0.160321
163.8	0.160058
163.9	0.159795
164	0.159534
164.1	0.159272
164.2	0.159011
164.3	0.158758
164.4	0.158511
164.5	0.158265
164.6	0.158024
164.7	0.157781
164.8	0.157539
164.9	0.157299
165	0.157063
165.1	0.156827
165.2	0.156595
165.3	0.156372
165.4	0.156157
165.5	0.155941
165.6	0.155722
165.7	0.155502
165.8	0.155278
165.9	0.155052
166	0.154828
166.1	0.154608
166.2	0.154391
166.3	0.154177
166.4	0.153967
166.5	0.153756
166.6	0.153544
166.7	0.153327
166.8	0.153112
166.9	0.152896
167	0.152677
167.1	0.152461
167.2	0.152248
167.3	0.152033
167.4	0.151814
167.5	0.151593
167.6	0.151369
167.7	0.151143
167.8	0.150919
167.9	0.150694
168	0.15047
168.1	0.150245
168.2	0.150026
168.3	0.149807
168.4	0.149588
168.5	0.149372
168.6	0.149156
168.7	0.148935
168.8	0.148715
168.9	0.148496
169	0.148279
169.1	0.148063
169.2	0.147849
169.3	0.147635
169.4	0.14742
169.5	0.147203
169.6	0.146988
169.7	0.146774
169.8	0.146562
169.9	0.146353
170	0.146144
170.1	0.145938
170.2	0.145726
170.3	0.145508
170.4	0.145286
170.5	0.145057
170.6	0.144827
170.7	0.144597
170.8	0.144365
170.9	0.144133
171	0.143902
171.1	0.143667
171.2	0.14343
171.3	0.143192
171.4	0.142956
171.5	0.142725
171.6	0.1425
171.7	0.142278
171.8	0.142054
171.9	0.141828
172	0.141602
172.1	0.141376
172.2	0.141149
172.3	0.140924
172.4	0.140697
172.5	0.140468
172.6	0.140239
172.7	0.140014
172.8	0.139792
172.9	0.139573
173	0.139361
173.1	0.139149
173.2	0.138941
173.3	0.13874
173.4	0.138542
173.5	0.138341
173.6	0.138136
173.7	0.137932
173.8	0.137732
173.9	0.137537
174	0.137342
174.1	0.137146
174.2	0.136952
174.3	0.136763
174.4	0.136572
174.5	0.136381
174.6	0.13619
174.7	0.135999
174.8	0.13581
174.9	0.135621
175	0.135428
175.1	0.135235
175.2	0.135037
175.3	0.134835
175.4	0.134633
175.5	0.134433
175.6	0.13423
175.7	0.13403
175.8	0.133833
175.9	0.133642
176	0.133452
176.1	0.13326
176.2	0.133069
176.3	0.132875
176.4	0.132685
176.5	0.132497
176.6	0.132307
176.7	0.132118
176.8	0.131935
176.9	0.131753
177	0.131573
177.1	0.131393
177.2	0.131209
177.3	0.131019
177.4	0.130828
177.5	0.130639
177.6	0.130451
177.7	0.130254
177.8	0.130052
177.9	0.129849
178	0.129646
178.1	0.129442
178.2	0.129238
178.3	0.129036
178.4	0.128833
178.5	0.128624
178.6	0.128411
178.7	0.128196
178.8	0.127983
178.9	0.12777
179	0.127559
179.1	0.127345
179.2	0.127136
179.3	0.126927
179.4	0.126723
179.5	0.126525
179.6	0.126331
179.7	0.12614
179.8	0.12595
179.9	0.125757
180	0.125561
180.1	0.125369
180.2	0.125176
180.3	0.124977
180.4	0.124777
180.5	0.124576
180.6	0.124374
180.7	0.12417
180.8	0.123963
180.9	0.123755
181	0.123551
181.1	0.123351
181.2	0.123152
181.3	0.122954
181.4	0.122757
181.5	0.12256
181.6	0.122368
181.7	0.122178
181.8	0.121987
181.9	0.1218
182	0.121616
182.1	0.121433
182.2	0.12125
182.3	0.121063
182.4	0.120878
182.5	0.1207
182.6	0.120527
182.7	0.120352
182.8	0.120174
182.9	0.119992
183	0.119807
183.1	0.119617
183.2	0.119433
183.3	0.119249
183.4	0.119068
183.5	0.118887
183.6	0.118706
183.7	0.118522
183.8	0.118338
183.9	0.118154
184	0.11797
184.1	0.117783
184.2	0.117601
184.3	0.117419
184.4	0.117236
184.5	0.117056
184.6	0.116873
184.7	0.11669
184.8	0.116506
184.9	0.116321
185	0.116137
185.1	0.115952
185.2	0.115766
185.3	0.115583
185.4	0.115402
185.5	0.115222
185.6	0.115044
185.7	0.114869
185.8	0.114692
185.9	0.114516
186	0.114341
186.1	0.114167
186.2	0.113992
186.3	0.113811
186.4	0.113628
186.5	0.113443
186.6	0.113252
186.7	0.113056
186.8	0.112855
186.9	0.112651
187	0.112442
187.1	0.112231
187.2	0.112014
187.3	0.111794
187.4	0.111573
187.5	0.111351
187.6	0.111125
187.7	0.1109
187.8	0.110679
187.9	0.110462
188	0.11025
188.1	0.110034
188.2	0.109811
188.3	0.109586
188.4	0.109362
188.5	0.109141
188.6	0.108923
188.7	0.108707
188.8	0.108494
188.9	0.108281
189	0.108063
189.1	0.107846
189.2	0.107633
189.3	0.107427
189.4	0.107221
189.5	0.107011
189.6	0.106795
189.7	0.106575
189.8	0.106359
189.9	0.106142
190	0.105924
190.1	0.10571
190.2	0.105499
190.3	0.105293
190.4	0.105089
190.5	0.104884
190.6	0.104682
190.7	0.10448
190.8	0.104281
190.9	0.104084
191	0.103891
191.1	0.103702
191.2	0.103514
191.3	0.103326
191.4	0.103137
191.5	0.102948
191.6	0.102755
191.7	0.102561
191.8	0.10237
191.9	0.102173
192	0.101971
192.1	0.101762
192.2	0.101554
192.3	0.101348
192.4	0.101146
192.5	0.100949
192.6	0.100756
192.7	0.100566
192.8	0.100382
192.9	0.100202
193	0.100023
193.1	0.0998467
193.2	0.0996732
193.3	0.0995046
193.4	0.0993391
193.5	0.0991778
193.6	0.0990192
193.7	0.0988611
193.8	0.0986959
193.9	0.0985304
194	0.0983631
194.1	0.098195
194.2	0.098021
194.3	0.0978443
194.4	0.0976617
194.5	0.0974785
194.6	0.0972948
194.7	0.0971099
194.8	0.096923
194.9	0.0967345
195	0.0965442
195.1	0.0963553
195.2	0.0961657
195.3	0.0959778
195.4	0.0957933
195.5	0.0956106
195.6	0.0954343
195.7	0.0952611
195.8	0.0950972
195.9	0.0949365
196	0.0947777
196.1	0.0946263
196.2	0.0944796
196.3	0.0943299
196.4	0.0941766
196.5	0.0940275
196.6	0.0938797
196.7	0.0937295
196.8	0.0935789
196.9	0.093426
197	0.0932699
197.1	0.0931112
197.2	0.0929541
197.3	0.0927958
197.4	0.09264
197.5	0.0924876
197.6	0.0923301
197.7	0.0921749
197.8	0.0920258
197.9	0.091879
198	0.0917359
198.1	0.0915885
198.2	0.0914383
198.3	0.0912909
198.4	0.0911467
198.5	0.0910053
198.6	0.0908641
198.7	0.0907229
198.8	0.0905831
198.9	0.0904427
199	0.0902998
199.1	0.0901514
199.2	0.0899999
199.3	0.0898545
199.4	0.0897148
199.5	0.0895781
199.6	0.0894462
199.7	0.0893145
199.8	0.0891815
199.9	0.089051
200	0.0889182
200.1	0.0887832
200.2	0.0886457
200.3	0.0885058
200.4	0.0883693
200.5	0.0882305
200.6	0.0880925
200.7	0.0879589
200.8	0.0878246
200.9	0.087693
201	0.0875632
201.1	0.087436
201.2	0.0873087
201.3	0.0871812
201.4	0.0870526
201.5	0.0869288
201.6	0.086808
201.7	0.0866922
201.8	0.0865745
201.9	0.086462
202	0.0863428
202.1	0.0862245
202.2	0.0861081
202.3	0.0859894
202.4	0.0858699
202.5	0.085748
202.6	0.0856297
202.7	0.0855161
202.8	0.0854028
202.9	0.0852912
203	0.0851798
203.1	0.0850666
203.2	0.0849512
203.3	0.08484
203.4	0.0847288
203.5	0.0846143
203.6	0.0844961
203.7	0.0843733
203.8	0.0842508
203.9	0.084131
204	0.0840102
204.1	0.0838902
204.2	0.0837768
204.3	0.0836677
204.4	0.0835646
204.5	0.0834658
204.6	0.0833628
204.7	0.0832561
204.8	0.0831483
204.9	0.0830389
205	0.0829218
205.1	0.0827957
205.2	0.0826644
205.3	0.0825328
205.4	0.0824003
205.5	0.0822717
205.6	0.0821494
205.7	0.0820298
205.8	0.0819091
205.9	0.0817911
206	0.0816719
206.1	0.081551
206.2	0.0814267
206.3	0.0813069
206.4	0.0811921
206.5	0.0810787
206.6	0.0809654
206.7	0.0808553
206.8	0.0807436
206.9	0.0806316
207	0.0805209
207.1	0.0804107
207.2	0.0803046
207.3	0.0802031
207.4	0.0801088
207.5	0.0800184
207.6	0.0799307
207.7	0.0798476
207.8	0.079761
207.9	0.0796685
208	0.079569
208.1	0.0794648
208.2	0.079357
208.3	0.0792434
208.4	0.0791327
208.5	0.0790227
208.6	0.0789129
208.7	0.0788035
208.8	0.0786968
208.9	0.0785878
209	0.0784742
209.1	0.078355
209.2	0.0782358
209.3	0.0781156
209.4	0.0779989
209.5	0.0778854
209.6	0.0777702
209.7	0.0776582
209.8	0.0775459
209.9	0.0774334
210	0.0773232
210.1	0.0772151
210.2	0.077108
210.3	0.0769988
210.4	0.0768927
210.5	0.0767916
210.6	0.0766922
210.7	0.0765924
210.8	0.0764923
210.9	0.0763921
211	0.0762868
211.1	0.0761816
211.2	0.0760824
211.3	0.0759932
211.4	0.0759122
211.5	0.0758278
211.6	0.0757431
211.7	0.0756566
211.8	0.0755652
211.9	0.0754668
212	0.0753708
212.1	0.0752748
212.2	0.0751723
212.3	0.0750697
212.4	0.0749656
212.5	0.0748628
212.6	0.0747596
212.7	0.0746536
212.8	0.0745458
212.9	0.0744355
213	0.0743274
213.1	0.0742244
213.2	0.0741301
213.3	0.0740462
213.4	0.0739719
213.5	0.0738997
213.6	0.0738295
213.7	0.0737597
213.8	0.0736898
213.9	0.0736227
214	0.0735566
214.1	0.0734915
214.2	0.0734267
214.3	0.0733659
214.4	0.0733053
214.5	0.0732477
214.6	0.0731873
214.7	0.0731295
214.8	0.0730692
214.9	0.0730107
215	0.0729549
215.1	0.0728969
215.2	0.0728336
215.3	0.0727659
215.4	0.0726962
215.5	0.0726219
215.6	0.0725435
215.7	0.0724723
215.8	0.0724068
215.9	0.0723442
216	0.0722815
216.1	0.072216
216.2	0.0721512
216.3	0.0720895
216.4	0.072033
216.5	0.0719777
216.6	0.0719225
216.7	0.0718683
216.8	0.0718146
216.9	0.071764
217	0.0717251
217.1	0.0716894
217.2	0.0716573
217.3	0.0716249
217.4	0.0715884
217.5	0.0715457
217.6	0.0714971
217.7	0.0714449
217.8	0.0713937
217.9	0.0713493
218	0.0713053
218.1	0.0712601
218.2	0.0712152
218.3	0.0711678
218.4	0.0711226
218.5	0.0710799
218.6	0.0710336
218.7	0.0709837
218.8	0.0709326
218.9	0.0708738
219	0.0708106
219.1	0.0707468
219.2	0.0706797
219.3	0.0706102
219.4	0.0705386
219.5	0.070469
219.6	0.0703983
219.7	0.0703294
219.8	0.0702661
219.9	0.070207
220	0.0701465
220.1	0.0700841
220.2	0.0700176
220.3	0.0699483
220.4	0.06988
220.5	0.0698104
220.6	0.0697383
220.7	0.0696679
220.8	0.0695932
220.9	0.069517
221	0.0694349
221.1	0.0693519
221.2	0.0692729
221.3	0.0691971
221.4	0.06912
221.5	0.0690509
221.6	0.068979
221.7	0.0689043
221.8	0.0688282
221.9	0.0687558
222	0.0686872
222.1	0.0686238
222.2	0.0685614
222.3	0.0685003
222.4	0.0684424
222.5	0.0683835
222.6	0.0683267
222.7	0.0682683
222.8	0.0682166
222.9	0.0681658
223	0.0681155
223.1	0.0680661
223.2	0.068017
223.3	0.0679654
223.4	0.0679147
223.5	0.0678607
223.6	0.0678041
223.7	0.0677468
223.8	0.0676864
223.9	0.0676222
224	0.067554
224.1	0.067481
224.2	0.0674058
224.3	0.067338
224.4	0.0672712
224.5	0.0672046
224.6	0.0671364
224.7	0.0670602
224.8	0.0669856
224.9	0.0669116
225	0.0668402
225.1	0.0667709
225.2	0.0667026
225.3	0.0666322
225.4	0.0665609
225.5	0.0664885
225.6	0.0664119
225.7	0.0663316
225.8	0.0662451
225.9	0.0661552
226	0.0660693
226.1	0.0659847
226.2	0.0658993
226.3	0.0658172
226.4	0.0657372
226.5	0.0656552
226.6	0.0655738
226.7	0.0654871
226.8	0.0653999
226.9	0.0653172
227	0.0652394
227.1	0.0651636
227.2	0.0650911
227.3	0.0650166
227.4	0.0649452
227.5	0.0648717
227.6	0.0647967
227.7	0.0647217
227.8	0.0646536
227.9	0.0645857
228	0.0645134
228.1	0.0644401
228.2	0.0643667
228.3	0.0642865
228.4	0.0642022
228.5	0.0641173
228.6	0.0640358
228.7	0.0639569
228.8	0.0638764
228.9	0.0637951
229	0.0637186
229.1	0.0636446
229.2	0.0635711
229.3	0.0634945
229.4	0.0634157
229.5	0.06334
229.6	0.0632671
229.7	0.063193
229.8	0.0631152
229.9	0.0630371
230	0.0629623
230.1	0.0628837
230.2	0.0628069
230.3	0.0627292
230.4	0.0626497
230.5	0.0625708
230.6	0.0624921
230.7	0.0624148
230.8	0.0623388
230.9	0.0622638
231	0.0621887
231.1	0.0621136
231.2	0.0620411
231.3	0.0619699
231.4	0.0618962
231.5	0.0618243
231.6	0.0617452
231.7	0.061666
231.8	0.061589
231.9	0.061518
232	0.0614493
232.1	0.0613766
232.2	0.0613017
232.3	0.0612268
232.4	0.0611469
232.5	0.0610642
232.6	0.0609801
232.7	0.0608941
232.8	0.0608054
232.9	0.0607104
233	0.0606097
233.1	0.0605059
233.2	0.0604042
233.3	0.0603027
233.4	0.0602051
233.5	0.0601043
233.6	0.0600008
233.7	0.059897
233.8	0.05979
233.9	0.0596803
234	0.0595733
234.1	0.0594712
234.2	0.0593745
234.3	0.0592811
234.4	0.0591887
234.5	0.0590944
234.6	0.0589959
234.7	0.0588913
234.8	0.0587853
234.9	0.0586817
235	0.0585764
235.1	0.0584725
235.2	0.0583667
235.3	0.0582556
235.4	0.0581405
235.5	0.0580241
235.6	0.0579059
235.7	0.057784
235.8	0.0576579
235.9	0.0575311
236	0.057405
236.1	0.0572815
236.2	0.0571596
236.3	0.0570403
236.4	0.0569212
236.5	0.0568043
236.6	0.0566842
236.7	0.0565626
236.8	0.0564413
236.9	0.0563195
237	0.056198
237.1	0.0560757
237.2	0.0559539
237.3	0.0558308
237.4	0.0557028
237.5	0.0555742
237.6	0.0554465
237.7	0.0553189
237.8	0.0551868
237.9	0.0550521
238	0.0549182
238.1	0.0547839
238.2	0.054652
238.3	0.0545207
238.4	0.054386
238.5	0.0542535
238.6	0.0541204
238.7	0.0539821
238.8	0.0538374
238.9	0.0536898
239	0.0535423
239.1	0.0533933
239.2	0.0532435
239.3	0.0530951
239.4	0.0529437
239.5	0.0527888
239.6	0.0526334
239.7	0.0524827
239.8	0.052334
239.9	0.0521844
240	0.0520354
240.1	0.0518843
240.2	0.051727
240.3	0.0515701
240.4	0.0514132
240.5	0.05126
240.6	0.0511079
240.7	0.0509564
240.8	0.0508106
240.9	0.0506666
241	0.0505232
241.1	0.0503848
241.2	0.0502524
241.3	0.0501258
241.4	0.0500005
241.5	0.0498769
241.6	0.0497523
241.7	0.0496292
241.8	0.0495098
241.9	0.0493857
242	0.0492575
242.1	0.0491307
242.2	0.0490028
242.3	0.0488774
242.4	0.0487544
242.5	0.0486316
242.6	0.0485098
242.7	0.0483902
242.8	0.0482679
242.9	0.048147
243	0.0480298
243.1	0.0479155
243.2	0.0478008
243.3	0.0476864
243.4	0.0475708
243.5	0.0474564
243.6	0.0473432
243.7	0.047226
243.8	0.0471081
243.9	0.0469841
244	0.0468578
244.1	0.0467301
244.2	0.0466014
244.3	0.0464713
244.4	0.0463432
244.5	0.0462138
244.6	0.0460872
244.7	0.0459629
244.8	0.045841
244.9	0.0457234
245	0.045606
245.1	0.0454909
245.2	0.0453755
245.3	0.0452621
245.4	0.0451533
245.5	0.0450483
245.6	0.0449439
245.7	0.0448403
245.8	0.0447381
245.9	0.0446381
246	0.0445417
246.1	0.044449
246.2	0.0443611
246.3	0.0442734
246.4	0.0441832
246.5	0.0440932
246.6	0.0440034
246.7	0.0439129
246.8	0.0438175
246.9	0.0437251
247	0.0436336
247.1	0.0435414
247.2	0.0434454
247.3	0.0433494
247.4	0.0432539
247.5	0.043157
247.6	0.0430614
247.7	0.0429649
247.8	0.0428696
247.9	0.0427751
248	0.0426837
248.1	0.0425961
248.2	0.0425117
248.3	0.0424282
248.4	0.0423469
248.5	0.0422701
248.6	0.0421955
248.7	0.0421209
248.8	0.0420452
248.9	0.0419754
249	0.0419068
249.1	0.0418397
249.2	0.0417717
249.3	0.0417042
249.4	0.0416337
249.5	0.0415594
249.6	0.041483
249.7	0.0414041
249.8	0.0413189
249.9	0.0412338
250	0.0411586
250.1	0.0410839
250.2	0.0410129
250.3	0.0409462
250.4	0.0408807
250.5	0.0408107
250.6	0.0407374
250.7	0.0406656
250.8	0.0405988
250.9	0.0405326
251	0.0404661
251.1	0.0404008
251.2	0.0403394
251.3	0.0402799
251.4	0.0402177
251.5	0.0401569
251.6	0.040095
251.7	0.0400276
251.8	0.0399539
251.9	0.0398774
252	0.0398001
252.1	0.0397285
252.2	0.0396554
252.3	0.0395835
252.4	0.0395119
252.5	0.0394363
252.6	0.0393595
252.7	0.0392842
252.8	0.0392116
252.9	0.0391399
253	0.0390661
253.1	0.0389916
253.2	0.0389237
253.3	0.0388575
253.4	0.0387897
253.5	0.0387192
253.6	0.0386429
253.7	0.0385624
253.8	0.0384769
253.9	0.0383904
254	0.038305
254.1	0.0382188
254.2	0.0381291
254.3	0.0380298
254.4	0.0379238
254.5	0.0378153
254.6	0.0377081
254.7	0.0376035
254.8	0.0375021
254.9	0.0374024
255	0.0373046
255.1	0.0372056
255.2	0.0371052
255.3	0.0370033
255.4	0.0369014
255.5	0.0367972
255.6	0.0366908
255.7	0.0365831
255.8	0.0364717
255.9	0.0363618
256	0.0362542
256.1	0.0361509
256.2	0.0360484
256.3	0.0359417
256.4	0.0358395
256.5	0.0357415
256.6	0.0356483
256.7	0.0355553
256.8	0.0354677
256.9	0.0353822
257	0.0352953
257.1	0.0352125
257.2	0.0351256
257.3	0.0350378
257.4	0.0349519
257.5	0.0348671
257.6	0.0347866
257.7	0.0347097
257.8	0.0346371
257.9	0.0345676
258	0.0344972
258.1	0.0344313
258.2	0.0343613
258.3	0.0342915
258.4	0.0342208
258.5	0.0341445
258.6	0.034068
258.7	0.033995
258.8	0.0339278
258.9	0.0338605
259	0.0337918
259.1	0.0337204
259.2	0.033646
259.3	0.0335665
259.4	0.0334867
259.5	0.0334029
259.6	0.0333167
259.7	0.0332303
259.8	0.033143
259.9	0.033058
260	0.0329688
260.1	0.032879
260.2	0.0327882
260.3	0.0326974
260.4	0.0326045
260.5	0.0325095
260.6	0.0324142
260.7	0.0323154
260.8	0.0322151
260.9	0.03212
261	0.0320243
261.1	0.0319233
261.2	0.0318183
261.3	0.0317133
261.4	0.0316118
261.5	0.0315168
261.6	0.0314249
261.7	0.0313333
261.8	0.0312468
261.9	0.0311657
262	0.0310882
262.1	0.0310121
262.2	0.0309377
262.3	0.0308657
262.4	0.0307961
262.5	0.0307281
262.6	0.0306652
262.7	0.0306084
262.8	0.0305524
262.9	0.0304943
263	0.0304372
263.1	0.0303772
263.2	0.0303153
263.3	0.0302506
263.4	0.030187
263.5	0.0301216
263.6	0.03006
263.7	0.0299932
263.8	0.0299328
263.9	0.0298797
264	0.0298328
264.1	0.029786
264.2	0.0297408
264.3	0.0296958
264.4	0.0296587
264.5	0.0296271
264.6	0.0296054
264.7	0.0295931
264.8	0.029578
264.9	0.0295573
265	0.0295285
265.1	0.0295
265.2	0.0294728
265.3	0.0294491
265.4	0.0294279
265.5	0.0294048
265.6	0.0293805
265.7	0.0293619
265.8	0.0293471
265.9	0.0293332
266	0.0293227
266.1	0.0293126
266.2	0.0292991
266.3	0.0292857
266.4	0.0292726
266.5	0.0292623
266.6	0.0292516
266.7	0.0292399
266.8	0.0292255
266.9	0.0292047
267	0.0291849
267.1	0.0291691
267.2	0.0291541
267.3	0.0291395
267.4	0.0291197
267.5	0.0290965
267.6	0.0290736
267.7	0.0290489
267.8	0.0290238
267.9	0.0289984
268	0.0289745
268.1	0.0289563
268.2	0.0289419
268.3	0.0289335
268.4	0.0289231
268.5	0.0289175
268.6	0.0289108
268.7	0.0289051
268.8	0.0288988
268.9	0.0288911
269	0.0288817
269.1	0.0288714
269.2	0.0288616
269.3	0.0288518
269.4	0.0288406
269.5	0.0288307
269.6	0.0288232
269.7	0.028815
269.8	0.0288084
269.9	0.0287989
270	0.0287844
270.1	0.0287639
270.2	0.0287457
270.3	0.0287291
270.4	0.0287081
270.5	0.0286815
270.6	0.0286473
270.7	0.0286023
270.8	0.0285489
270.9	0.0284918
271	0.0284328
271.1	0.0283743
271.2	0.028316
271.3	0.0282548
271.4	0.0281931
271.5	0.0281316
271.6	0.0280693
271.7	0.0280074
271.8	0.0279459
271.9	0.0278823
272	0.027818
272.1	0.027749
272.2	0.0276757
272.3	0.0276011
272.4	0.0275227
272.5	0.0274392
272.6	0.0273494
272.7	0.0272579
272.8	0.0271674
272.9	0.0270739
273	0.026975
273.1	0.0268735
273.2	0.0267698
273.3	0.0266671
273.4	0.0265609
273.5	0.0264512
273.6	0.0263412
273.7	0.0262333
273.8	0.0261311
273.9	0.0260327
274	0.0259325
274.1	0.0258354
274.2	0.0257354
274.3	0.0256349
274.4	0.0255329
274.5	0.0254266
274.6	0.0253208
274.7	0.0252197
274.8	0.0251192
274.9	0.0250147
275	0.0249138
275.1	0.0248111
275.2	0.024705
275.3	0.0245957
275.4	0.0244869
275.5	0.0243769
275.6	0.0242637
275.7	0.024148
275.8	0.0240369
275.9	0.0239307
276	0.0238266
276.1	0.0237259
276.2	0.0236256
276.3	0.0235252
276.4	0.0234209
276.5	0.0233144
276.6	0.0232078
276.7	0.0231043
276.8	0.0230005
276.9	0.0228961
277	0.022787
277.1	0.0226765
277.2	0.0225624
277.3	0.0224469
277.4	0.0223353
277.5	0.0222271
277.6	0.0221215
277.7	0.0220167
277.8	0.0219116
277.9	0.0218069
278	0.0217028
278.1	0.0216041
278.2	0.021513
278.3	0.0214278
278.4	0.0213472
278.5	0.0212713
278.6	0.0211993
278.7	0.0211302
278.8	0.0210624
278.9	0.0209948
279	0.0209259
279.1	0.0208568
279.2	0.0207857
279.3	0.0207143
279.4	0.0206407
279.5	0.0205606
279.6	0.0204752
279.7	0.0203891
279.8	0.0203034
279.9	0.0202257
280	0.0201487
280.1	0.0200739
280.2	0.0199963
280.3	0.0199167
280.4	0.019836
280.5	0.0197597
280.6	0.0196805
280.7	0.0196031
280.8	0.0195222
280.9	0.0194326
281	0.0193345
281.1	0.0192313
281.2	0.0191279
281.3	0.0190172
281.4	0.0189024
281.5	0.0187862
281.6	0.0186689
281.7	0.0185513
281.8	0.0184401
281.9	0.0183298
282	0.0182208
282.1	0.0181162
282.2	0.0180147
282.3	0.0179132
282.4	0.0178128
282.5	0.0177187
282.6	0.0176249
282.7	0.0175311
282.8	0.0174372
282.9	0.0173462
283	0.0172561
283.1	0.0171628
283.2	0.0170705
283.3	0.0169749
283.4	0.0168772
283.5	0.0167786
283.6	0.0166827
283.7	0.0165883
283.8	0.016501
283.9	0.0164214
284	0.0163396
284.1	0.0162595
284.2	0.0161797
284.3	0.0161037
284.4	0.0160292
284.5	0.01595
284.6	0.0158689
284.7	0.0157926
284.8	0.0157148
284.9	0.0156399
285	0.0155676
285.1	0.0154975
285.2	0.0154316
285.3	0.0153655
285.4	0.0153024
285.5	0.0152434
285.6	0.0151875
285.7	0.0151349
285.8	0.015085
285.9	0.0150299
286	0.0149732
286.1	0.0149129
286.2	0.0148528
286.3	0.0147902
286.4	0.0147271
286.5	0.014664
286.6	0.0146016
286.7	0.0145363
286.8	0.0144718
286.9	0.0144064
287	0.0143367
287.1	0.0142655
287.2	0.0141975
287.3	0.0141302
287.4	0.0140632
287.5	0.0139985
287.6	0.0139378
287.7	0.013877
287.8	0.013813
287.9	0.0137518
288	0.013697
288.1	0.0136469
288.2	0.0135988
288.3	0.0135564
288.4	0.0135151
288.5	0.0134732
288.6	0.0134308
288.7	0.0133849
288.8	0.0133376
288.9	0.0132874
289	0.0132345
289.1	0.0131728
289.2	0.013108
289.3	0.0130362
289.4	0.0129603
289.5	0.0128804
289.6	0.0127954
289.7	0.0127024
289.8	0.012608
289.9	0.0125159
290	0.0124205
290.1	0.0123205
290.2	0.0122218
290.3	0.012123
290.4	0.0120282
290.5	0.0119399
290.6	0.0118506
290.7	0.0117611
290.8	0.0116748
290.9	0.0115906
291	0.0115058
291.1	0.0114304
291.2	0.0113606
291.3	0.0112949
291.4	0.0112266
291.5	0.0111584
291.6	0.0110925
291.7	0.0110274
291.8	0.0109682
291.9	0.0109132
292	0.0108646
292.1	0.010818
292.2	0.0107716
292.3	0.0107248
292.4	0.0106803
292.5	0.0106401
292.6	0.010602
292.7	0.0105699
292.8	0.0105367
292.9	0.0105046
293	0.0104727
293.1	0.0104428
293.2	0.010414
293.3	0.0103875
293.4	0.0103614
293.5	0.0103313
293.6	0.010302
293.7	0.0102749
293.8	0.0102438
293.9	0.0102157
294	0.0101905
294.1	0.0101676
294.2	0.0101498
294.3	0.0101363
294.4	0.0101265
294.5	0.0101146
294.6	0.0101027
294.7	0.0100854
294.8	0.0100643
294.9	0.0100336
295	0.0100023
295.1	0.00996873
295.2	0.00993401
295.3	0.00989339
295.4	0.00984887
295.5	0.00980733
295.6	0.00976669
295.7	0.00972744
295.8	0.00969191
295.9	0.00965736
296	0.00962755
296.1	0.00960302
296.2	0.00958358
296.3	0.00956874
296.4	0.00955649
296.5	0.00954602
296.6	0.00953431
296.7	0.00952092
296.8	0.00950549
296.9	0.00949256
297	0.00948381
297.1	0.00948106
297.2	0.0094814
297.3	0.00947907
297.4	0.00948232
297.5	0.00949094
297.6	0.00950208
297.7	0.0095124
297.8	0.00951842
297.9	0.00952288
298	0.00953548
298.1	0.00955254
298.2	0.00957643
298.3	0.00960842
298.4	0.00964389
298.5	0.00968026
298.6	0.00971939
298.7	0.00975887
298.8	0.0097971
298.9	0.00983115
299	0.00986282
299.1	0.00989578
299.2	0.00992986
299.3	0.00996429
299.4	0.010003
299.5	0.0100426
299.6	0.0100835
299.7	0.010131
299.8	0.0101847
299.9	0.0102405
300	0.0103018
300.1	0.0103642
300.2	0.0104266
300.3	0.0104894
300.4	0.0105528
300.5	0.0106185
300.6	0.0106863
300.7	0.0107562
300.8	0.0108249
300.9	0.0108875
301	0.0109461
301.1	0.0109998
301.2	0.0110472
301.3	0.011091
301.4	0.0111351
301.5	0.0111816
301.6	0.0112355
301.7	0.0112879
301.8	0.0113381
301.9	0.0113874
302	0.0114277
302.1	0.0114644
302.2	0.0114926
302.3	0.0115114
302.4	0.011522
302.5	0.0115267
302.6	0.0115271
302.7	0.0115254
302.8	0.0115166
302.9	0.0115039
303	0.0114871
303.1	0.0114673
303.2	0.0114454
303.3	0.0114251
303.4	0.0114082
303.5	0.0113897
303.6	0.0113713
303.7	0.0113502
303.8	0.0113254
303.9	0.011302
304	0.0112788
304.1	0.0112477
304.2	0.0112161
304.3	0.0111792
304.4	0.0111334
304.5	0.0110856
304.6	0.0110378
304.7	0.0109915
304.8	0.0109443
304.9	0.0108956
305	0.0108516
305.1	0.0108157
305.2	0.010781
305.3	0.0107445
305.4	0.0107075
305.5	0.0106668
305.6	0.0106211
305.7	0.0105732
305.8	0.0105236
305.9	0.0104691
306	0.0104184
306.1	0.0103672
306.2	0.0103134
306.3	0.0102578
306.4	0.0101988
306.5	0.0101337
306.6	0.0100639
306.7	0.00998836
306.8	0.00991811
306.9	0.0098485
307	0.00978026
307.1	0.00971466
307.2	0.00965121
307.3	0.00958894
307.4	0.00953198
307.5	0.00947753
307.6	0.00942334
307.7	0.0093693
307.8	0.00931553
307.9	0.00926065
308	0.00920721
308.1	0.00915324
308.2	0.00910173
308.3	0.00904811
308.4	0.00899517
308.5	0.00894103
308.6	0.00888516
308.7	0.00882834
308.8	0.00877233
308.9	0.00871505
309	0.008656
309.1	0.00859446
309.2	0.00853463
309.3	0.00847981
309.4	0.00842584
309.5	0.00837284
309.6	0.00832094
309.7	0.00827255
309.8	0.0082285
309.9	0.00818345
310	0.00813558
310.1	0.00809129
310.2	0.00804881
310.3	0.00800388
310.4	0.00796333
310.5	0.00793023
310.6	0.00789901
310.7	0.00786847
310.8	0.00783698
310.9	0.00780715
311	0.00777698
311.1	0.00774658
311.2	0.00771131
311.3	0.00767805
311.4	0.00764091
311.5	0.0076007
311.6	0.00755484
311.7	0.00750627
311.8	0.00745569
311.9	0.00740434
312	0.00735135
312.1	0.00729281
312.2	0.00723398
312.3	0.00717405
312.4	0.00711868
312.5	0.00706403
312.6	0.00701056
312.7	0.00695814
312.8	0.00690635
312.9	0.00685891
313	0.00681496
313.1	0.00677608
313.2	0.00674222
313.3	0.00671103
313.4	0.00667961
313.5	0.00664473
313.6	0.00660515
313.7	0.00656151
313.8	0.0065181
313.9	0.00647188
314	0.00642528
314.1	0.0063778
314.2	0.00632972
314.3	0.006279
314.4	0.00623379
314.5	0.00619079
314.6	0.00615231
314.7	0.00610929
314.8	0.00606499
314.9	0.00601965
315	0.00597558
315.1	0.00593493
315.2	0.00590082
315.3	0.00586576
315.4	0.005827
315.5	0.00578826
315.6	0.00574388
315.7	0.00569718
315.8	0.00564768
315.9	0.00559875
316	0.00555207
316.1	0.00550043
316.2	0.00544288
316.3	0.00538455
316.4	0.00533243
316.5	0.00528016
316.6	0.00522539
316.7	0.0051708
316.8	0.00511266
316.9	0.00505061
317	0.00498834
317.1	0.00492868
317.2	0.00487015
317.3	0.00481424
317.4	0.00476044
317.5	0.00470777
317.6	0.00465854
317.7	0.00461041
317.8	0.00456164
317.9	0.0045101
318	0.00445574
318.1	0.00440166
318.2	0.00435443
318.3	0.00431421
318.4	0.00427697
318.5	0.00423809
318.6	0.00420129
318.7	0.00416785
318.8	0.00413224
318.9	0.00409672
319	0.00406006
319.1	0.00402928
319.2	0.0040023
319.3	0.00397564
319.4	0.00394597
319.5	0.00391517
319.6	0.00388357
319.7	0.00385776
319.8	0.0038316
319.9	0.00380745
320	0.00378213
320.1	0.00375776
320.2	0.00373326
320.3	0.00371014
320.4	0.00368949
320.5	0.00366752
320.6	0.00365067
320.7	0.00362803
320.8	0.00360157
320.9	0.00357472
321	0.00354479
321.1	0.00351675
321.2	0.00349111
321.3	0.00347091
321.4	0.00345113
321.5	0.00343323
321.6	0.00341483
321.7	0.00339486
321.8	0.00337469
321.9	0.00334867
322	0.00332161
322.1	0.00329629
322.2	0.00326806
322.3	0.00324182
322.4	0.00321503
322.5	0.00319023
322.6	0.00316493
322.7	0.00313516
322.8	0.00310297
322.9	0.00306484
323	0.003021
323.1	0.00297892
323.2	0.00293999
323.3	0.00290458
323.4	0.00287618
323.5	0.00285006
323.6	0.00282278
323.7	0.00279323
323.8	0.00276267
323.9	0.00273192
324	0.00270348
324.1	0.00267433
324.2	0.00264424
324.3	0.00261351
324.4	0.002579
324.5	0.00254537
324.6	0.00251239
324.7	0.00248096
324.8	0.0024492
324.9	0.00241915
325	0.0023943
325.1	0.00237069
325.2	0.00234613
325.3	0.00232589
325.4	0.00230781
325.5	0.0022889
325.6	0.00226887
325.7	0.00224838
325.8	0.00222558
325.9	0.00219987
326	0.00217565
326.1	0.00215046
326.2	0.00212335
326.3	0.00210043
326.4	0.00207914
326.5	0.00206292
326.6	0.00204869
326.7	0.00203259
326.8	0.00200855
326.9	0.00197564
327	0.00194112
327.1	0.00190532
327.2	0.00187303
327.3	0.00183781
327.4	0.00179725
327.5	0.00175231
327.6	0.00170428
327.7	0.0016542
327.8	0.00160028
327.9	0.00154932
328	0.00150463
328.1	0.00146494
328.2	0.00142971
328.3	0.00139415
328.4	0.00135272
328.5	0.00130678
328.6	0.00126577
328.7	0.00123065
328.8	0.00120157
328.9	0.00117837
329	0.00115465
329.1	0.00113442
329.2	0.00111471
329.3	0.00109397
329.4	0.00107235
329.5	0.00104981
329.6	0.00102429
329.7	0.000995234
329.8	0.000966352
329.9	0.000939061
330	0.000912458
330.1	0.000890083
330.2	0.000874387
330.3	0.000865655
330.4	0.000854454
330.5	0.000849621
330.6	0.000846021
330.7	0.000839179
330.8	0.000832001
330.9	0.000824798
331	0.000822175
331.1	0.000822313
331.2	0.00082613
331.3	0.000832352
331.4	0.000835359
331.5	0.000837903
331.6	0.000835267
331.7	0.000824012
331.8	0.000817605
331.9	0.000809355
332	0.000796398
332.1	0.000779268
332.2	0.000762592
332.3	0.000742582
332.4	0.000721984
332.5	0.0007026
332.6	0.000680734
332.7	0.000662934
332.8	0.000647733
332.9	0.000633092
333	0.000619767
333.1	0.000608335
333.2	0.000602465
333.3	0.000598674
333.4	0.000592972
333.5	0.000588889
333.6	0.000584808
333.7	0.000582388
333.8	0.000576738
333.9	0.000572519
334	0.000568808
334.1	0.000572455
334.2	0.000574095
334.3	0.000565441
334.4	0.000547462
334.5	0.000524806
334.6	0.000501008
334.7	0.000474178
334.8	0.000444688
334.9	0.000415101
335	0.000381445
335.1	0.000346968
335.2	0.000314733
335.3	0.000278969
335.4	0.000245542
335.5	0.000210948
335.6	0.000177218
335.7	0.00014136
335.8	0.000103605
335.9	6.67817e-05
336	3.04927e-05
336.1	-1.02145e-05
336.2	-5.13341e-05
336.3	-8.97655e-05
336.4	-0.000124888
336.5	-0.000161978
336.6	-0.000202164
336.7	-0.000242707
336.8	-0.000283166
336.9	-0.000323355
337	-0.000364625
337.1	-0.000405844
337.2	-0.000448191
337.3	-0.00048918
337.4	-0.000529118
337.5	-0.000565532
337.6	-0.000601192
337.7	-0.000638603
337.8	-0.000678864
337.9	-0.000714609
338	-0.00074615
338.1	-0.000779806
338.2	-0.000818531
338.3	-0.000863628
338.4	-0.000914951
338.5	-0.000969881
338.6	-0.0010319
338.7	-0.00109827
338.8	-0.00116828
338.9	-0.0012392
339	-0.001311
339.1	-0.00138453
339.2	-0.00145875
339.3	-0.00153359
339.4	-0.00160624
339.5	-0.00167527
339.6	-0.00173373
339.7	-0.00178753
339.8	-0.00184169
339.9	-0.00189848
340	-0.00196189
340.1	-0.00202993
340.2	-0.0020972
340.3	-0.00216352
340.4	-0.00223038
340.5	-0.00229369
340.6	-0.00235352
340.7	-0.00241063
340.8	-0.00246595
340.9	-0.00252069
341	-0.00256525
341.1	-0.00260353
341.2	-0.00264172
341.3	-0.00267899
341.4	-0.00271442
341.5	-0.00275106
341.6	-0.00278334
341.7	-0.00281012
341.8	-0.00283175
341.9	-0.00284897
342	-0.00286777
342.1	-0.00288385
342.2	-0.00289648
342.3	-0.00290781
342.4	-0.00291604
342.5	-0.0029239
342.6	-0.0029302
342.7	-0.00293648
342.8	-0.00294177
342.9	-0.00295083
343	-0.00295728
343.1	-0.00296178
343.2	-0.00296714
343.3	-0.00297426
343.4	-0.00297875
343.5	-0.002987
343.6	-0.00299358
343.7	-0.00300433
343.8	-0.0030125
343.9	-0.00302125
344	-0.00303441
344.1	-0.0030491
344.2	-0.00306925
344.3	-0.00308997
344.4	-0.00310981
344.5	-0.00312418
344.6	-0.00313641
344.7	-0.00314659
344.8	-0.00315474
344.9	-0.00315358
345	-0.00315291
345.1	-0.00315941
345.2	-0.0031705
345.3	-0.00318119
345.4	-0.0031957
345.5	-0.00321266
345.6	-0.00322772
345.7	-0.00324266
345.8	-0.00325845
345.9	-0.00327389
346	-0.00328653
346.1	-0.00329847
346.2	-0.00331113
346.3	-0.0033268
346.4	-0.0033447
346.5	-0.00335721
346.6	-0.00336506
346.7	-0.00336877
346.8	-0.00337234
346.9	-0.003377
347	-0.00337694
347.1	-0.0033741
347.2	-0.00337102
347.3	-0.00336073
347.4	-0.00334835
347.5	-0.00333774
347.6	-0.00332913
347.7	-0.00332112
347.8	-0.00331793
347.9	-0.00331758
348	-0.00331679
348.1	-0.00331871
348.2	-0.00332241
348.3	-0.00332704
348.4	-0.00333493
348.5	-0.00334408
348.6	-0.00335739
348.7	-0.00337583
348.8	-0.00339596
348.9	-0.00341653
349	-0.00343836
349.1	-0.00346069
349.2	-0.0034755
349.3	-0.00348611
349.4	-0.00349868
349.5	-0.00351194
349.6	-0.00352629
349.7	-0.00354096
349.8	-0.00355544
349.9	-0.00357007
350	-0.00357632
350.1	-0.00357681
350.2	-0.0035755
350.3	-0.00357317
350.4	-0.00356902
350.5	-0.00356163
350.6	-0.00355446
350.7	-0.00354725
350.8	-0.00353589
350.9	-0.00352451
351	-0.00351044
351.1	-0.00349583
351.2	-0.00348391
351.3	-0.00347566
351.4	-0.00346525
351.5	-0.00345468
351.6	-0.00344376
351.7	-0.00343068
351.8	-0.00341581
351.9	-0.00340161
352	-0.00338688
352.1	-0.00337487
352.2	-0.00336807
352.3	-0.00336156
352.4	-0.00335399
352.5	-0.00334747
352.6	-0.00334219
352.7	-0.00333838
352.8	-0.0033329
352.9	-0.00332925
353	-0.00333037
353.1	-0.00333506
353.2	-0.00334566
353.3	-0.00336621
353.4	-0.00339955
353.5	-0.00343938
353.6	-0.00348493
353.7	-0.00352784
353.8	-0.00357083
353.9	-0.00361271
354	-0.00365274
354.1	-0.00369451
354.2	-0.00373561
354.3	-0.00377446
354.4	-0.00381244
354.5	-0.00385324
354.6	-0.0039006
354.7	-0.00395073
354.8	-0.00400708
354.9	-0.00406914
355	-0.00413051
355.1	-0.00418905
355.2	-0.00424609
355.3	-0.00430013
355.4	-0.00435191
355.5	-0.00440159
355.6	-0.00445128
355.7	-0.00450496
355.8	-0.00456661
355.9	-0.00463501
356	-0.00470903
356.1	-0.00478521
356.2	-0.00486759
356.3	-0.00495194
356.4	-0.00503275
356.5	-0.00510935
356.6	-0.00518978
356.7	-0.00526893
356.8	-0.0053465
356.9	-0.00541686
357	-0.00548057
357.1	-0.00553704
357.2	-0.00558676
357.3	-0.00563406
357.4	-0.0056818
357.5	-0.00573365
357.6	-0.00578453
357.7	-0.0058313
357.8	-0.00587529
357.9	-0.00591685
358	-0.00595526
358.1	-0.00599637
358.2	-0.00603662
358.3	-0.00607048
358.4	-0.00609913
358.5	-0.00612591
358.6	-0.00614863
358.7	-0.00616851
358.8	-0.00618495
358.9	-0.00619968
359	-0.00621207
359.1	-0.00622329
359.2	-0.00622903
359.3	-0.00623556
359.4	-0.00623999
359.5	-0.0062406
359.6	-0.00623724
359.7	-0.00623943
359.8	-0.00624881
359.9	-0.00626175
360	-0.00627923
360.1	-0.00630217
360.2	-0.0063302
360.3	-0.00635872
360.4	-0.00638867
360.5	-0.00641533
360.6	-0.00644353
360.7	-0.00647744
360.8	-0.00651225
360.9	-0.00654152
361	-0.00656589
361.1	-0.00658763
361.2	-0.0066036
361.3	-0.00661478
361.4	-0.00663128
361.5	-0.00665068
361.6	-0.00667339
361.7	-0.00669601
361.8	-0.00672061
361.9	-0.00675023
362	-0.00678259
362.1	-0.00681715
362.2	-0.00685682
362.3	-0.00689811
362.4	-0.00694297
362.5	-0.0069862
362.6	-0.00702631
362.7	-0.00706466
362.8	-0.00710254
362.9	-0.00713988
363	-0.00717424
363.1	-0.00720911
363.2	-0.00724237
363.3	-0.00727668
363.4	-0.00730869
363.5	-0.00733935
363.6	-0.00736718
363.7	-0.00739288
363.8	-0.00741532
363.9	-0.00743329
364	-0.00745436
364.1	-0.00747831
364.2	-0.00750619
364.3	-0.00753559
364.4	-0.00756212
364.5	-0.00758892
364.6	-0.0076147
364.7	-0.00763651
364.8	-0.00765746
364.9	-0.00767632
365	-0.00769723
365.1	-0.0077229
365.2	-0.00774822
365.3	-0.00777772
365.4	-0.0078077
365.5	-0.00784231
365.6	-0.00787877
365.7	-0.00790993
365.8	-0.007937
365.9	-0.00796134
366	-0.00798945
366.1	-0.00801995
366.2	-0.00804792
366.3	-0.00808003
366.4	-0.00811409
366.5	-0.00814486
366.6	-0.00817668
366.7	-0.00821045
366.8	-0.00824456
366.9	-0.00827896
367	-0.00830851
367.1	-0.00833412
367.2	-0.00835857
367.3	-0.00838594
367.4	-0.00841156
367.5	-0.00843552
367.6	-0.0084577
367.7	-0.00847855
367.8	-0.00849548
367.9	-0.00851134
368	-0.00852098
368.1	-0.00852823
368.2	-0.00853574
368.3	-0.00854455
368.4	-0.0085512
368.5	-0.00855572
368.6	-0.00855415
368.7	-0.00855051
368.8	-0.00854398
368.9	-0.00853426
369	-0.00852311
369.1	-0.00851994
369.2	-0.00852356
369.3	-0.00852851
369.4	-0.00853643
369.5	-0.00854548
369.6	-0.00854669
369.7	-0.00853928
369.8	-0.00853075
369.9	-0.00852546
370	-0.00852305
370.1	-0.00851877
370.2	-0.0085086
370.3	-0.00849473
370.4	-0.00847528
370.5	-0.00845252
370.6	-0.00843211
370.7	-0.00841466
370.8	-0.00839497
370.9	-0.00837386
371	-0.00835671
371.1	-0.00834201
371.2	-0.00833098
371.3	-0.00831694
371.4	-0.00830328
371.5	-0.00828996
371.6	-0.00827811
371.7	-0.00826986
371.8	-0.00826374
371.9	-0.00825469
372	-0.0082459
372.1	-0.00823349
372.2	-0.00821597
372.3	-0.00819719
372.4	-0.00817334
372.5	-0.00815237
372.6	-0.00813809
372.7	-0.00812816
372.8	-0.00812489
372.9	-0.00812578
373	-0.00812798
373.1	-0.00813338
373.2	-0.00814178
373.3	-0.00815578
373.4	-0.00817653
373.5	-0.00819738
373.6	-0.00821444
373.7	-0.00823258
373.8	-0.0082502
373.9	-0.00827261
374	-0.00829312
374.1	-0.00831395
374.2	-0.00833512
374.3	-0.00835371
374.4	-0.00837004
374.5	-0.00838762
374.6	-0.00840554
374.7	-0.00841569
374.8	-0.00842299
374.9	-0.00843381
375	-0.0084417
375.1	-0.0084483
375.2	-0.008452
375.3	-0.00845785
375.4	-0.00846042
375.5	-0.00846483
375.6	-0.00846686
375.7	-0.00846654
375.8	-0.00846455
375.9	-0.00845893
376	-0.00845446
376.1	-0.0084484
376.2	-0.00844244
376.3	-0.00843322
376.4	-0.00841911
376.5	-0.00839894
376.6	-0.00837555
376.7	-0.00834746
376.8	-0.00831713
376.9	-0.00828536
377	-0.00825104
377.1	-0.00821698
377.2	-0.00818316
377.3	-0.00814552
377.4	-0.00811061
377.5	-0.00807531
377.6	-0.00803519
377.7	-0.00799307
377.8	-0.00794773
377.9	-0.00790464
378	-0.00786204
378.1	-0.00781742
378.2	-0.00777145
378.3	-0.00772364
378.4	-0.0076799
378.5	-0.00763788
378.6	-0.00758724
378.7	-0.00753545
378.8	-0.00748506
378.9	-0.00743622
379	-0.00738388
379.1	-0.00732692
379.2	-0.0072667
379.3	-0.00720095
379.4	-0.00713428
379.5	-0.00707149
379.6	-0.00701121
379.7	-0.00695388
379.8	-0.00689863
379.9	-0.00684854
380	-0.00680025
380.1	-0.00675471
380.2	-0.0067137
380.3	-0.00667611
380.4	-0.00664109
380.5	-0.00660898
380.6	-0.00657692
380.7	-0.00654037
380.8	-0.00650323
380.9	-0.00646484
381	-0.00642258
381.1	-0.00637675
381.2	-0.00633982
381.3	-0.00630369
381.4	-0.0062721
381.5	-0.00624586
381.6	-0.00621996
381.7	-0.00619686
381.8	-0.00617825
381.9	-0.00616313
382	-0.00615092
382.1	-0.00614225
382.2	-0.00613578
382.3	-0.00612888
382.4	-0.00611987
382.5	-0.0061112
382.6	-0.0060979
382.7	-0.00608372
382.8	-0.00606816
382.9	-0.00605156
383	-0.00603355
383.1	-0.0060141
383.2	-0.00599598
383.3	-0.00598455
383.4	-0.0059715
383.5	-0.00595585
383.6	-0.00593855
383.7	-0.00592236
383.8	-0.0059005
383.9	-0.00587545
384	-0.00584901
384.1	-0.00582618
384.2	-0.00580794
384.3	-0.00579181
384.4	-0.00577964
384.5	-0.00576381
384.6	-0.0057487
384.7	-0.00573449
384.8	-0.00571796
384.9	-0.00569666
385	-0.00567272
385.1	-0.0056489
385.2	-0.00562199
385.3	-0.00558979
385.4	-0.0055534
385.5	-0.00551144
385.6	-0.00547121
385.7	-0.00543288
385.8	-0.00539458
385.9	-0.00536399
386	-0.00533088
386.1	-0.00529715
386.2	-0.00526065
386.3	-0.00522606
386.4	-0.00518846
386.5	-0.00514783
386.6	-0.00510781
386.7	-0.00506746
386.8	-0.00502377
386.9	-0.00497994
387	-0.00493325
387.1	-0.00488538
387.2	-0.00483963
387.3	-0.00479437
387.4	-0.0047526
387.5	-0.00471703
387.6	-0.00467798
387.7	-0.00463554
387.8	-0.00458916
387.9	-0.00454185
388	-0.00449382
388.1	-0.00444556
388.2	-0.00439939
388.3	-0.00435375
388.4	-0.00430968
388.5	-0.00427146
388.6	-0.00424379
388.7	-0.00422196
388.8	-0.00420442
388.9	-0.00419072
389	-0.00418107
389.1	-0.00416778
389.2	-0.0041491
389.3	-0.00412496
389.4	-0.00410454
389.5	-0.00408479
389.6	-0.00406548
389.7	-0.00404111
389.8	-0.00401995
389.9	-0.00399918
390	-0.00397791
390.1	-0.00395206
390.2	-0.00392304
390.3	-0.00389317
390.4	-0.00386376
390.5	-0.00383494
390.6	-0.00380907
390.7	-0.00378462
390.8	-0.00376324
390.9	-0.00374301
391	-0.00372126
391.1	-0.00369868
391.2	-0.00368058
391.3	-0.00366437
391.4	-0.00365182
391.5	-0.00364774
391.6	-0.00364557
391.7	-0.00364413
391.8	-0.00364421
391.9	-0.00364577
392	-0.00365001
392.1	-0.00365681
392.2	-0.00366545
392.3	-0.00366904
392.4	-0.00367164
392.5	-0.00367593
392.6	-0.00367968
392.7	-0.00367848
392.8	-0.00367366
392.9	-0.00367163
393	-0.00366609
393.1	-0.00365986
393.2	-0.00365424
393.3	-0.00365008
393.4	-0.00364959
393.5	-0.00365714
393.6	-0.00366776
393.7	-0.00367808
393.8	-0.00368678
393.9	-0.00369304
394	-0.00369988
394.1	-0.00371073
394.2	-0.00372032
394.3	-0.00372957
394.4	-0.00373678
394.5	-0.00374553
394.6	-0.00375359
394.7	-0.00375633
394.8	-0.00375534
394.9	-0.00374952
395	-0.00373746
395.1	-0.00372186
395.2	-0.00370182
395.3	-0.00368134
395.4	-0.00365738
395.5	-0.00363174
395.6	-0.00360891
395.7	-0.00358523
395.8	-0.00356482
395.9	-0.00354771
396	-0.00352998
396.1	-0.00351204
396.2	-0.00349385
396.3	-0.00347975
396.4	-0.00347055
396.5	-0.00346232
396.6	-0.00345212
396.7	-0.00344444
396.8	-0.00343981
396.9	-0.00343855
397	-0.00344039
397.1	-0.00344759
397.2	-0.00346302
397.3	-0.00347784
397.4	-0.00349547
397.5	-0.00351396
397.6	-0.00353535
397.7	-0.00355457
397.8	-0.00357131
397.9	-0.00358821
398	-0.0036034
398.1	-0.00361791
398.2	-0.00363163
398.3	-0.00364347
398.4	-0.00365054
398.5	-0.00365552
398.6	-0.00366229
398.7	-0.00367256
398.8	-0.00368571
398.9	-0.00370063
399	-0.00371622
399.1	-0.00373098
399.2	-0.00374677
399.3	-0.00376229
399.4	-0.00377647
399.5	-0.00379244
399.6	-0.00380825
399.7	-0.00382146
399.8	-0.00383593
399.9	-0.00385015
400	-0.00385971
400.1	-0.00386893
400.2	-0.00388096
400.3	-0.00389433
400.4	-0.00390769
400.5	-0.00391877
400.6	-0.00392952
400.7	-0.00393945
400.8	-0.00394582
400.9	-0.00395053
401	-0.00395396
401.1	-0.00395773
401.2	-0.0039589
401.3	-0.00395855
401.4	-0.00395699
401.5	-0.00395062
401.6	-0.003943
401.7	-0.0039364
401.8	-0.00393308
401.9	-0.00392798
402	-0.00392029
402.1	-0.00390961
402.2	-0.00389739
402.3	-0.00388093
402.4	-0.0038653
402.5	-0.00384934
402.6	-0.00383398
402.7	-0.00382051
402.8	-0.00380881
402.9	-0.00379495
403	-0.00377698
403.1	-0.00375591
403.2	-0.00373026
403.3	-0.00370406
403.4	-0.00368
403.5	-0.00365281
403.6	-0.00362322
403.7	-0.00358457
403.8	-0.00353987
403.9	-0.00349121
404	-0.00344312
404.1	-0.00339398
404.2	-0.00333813
404.3	-0.00328315
404.4	-0.00322823
404.5	-0.00317461
404.6	-0.00312451
404.7	-0.00307474
404.8	-0.00302673
404.9	-0.00297993
405	-0.00293086
405.1	-0.00288424
405.2	-0.00283995
405.3	-0.0027982
405.4	-0.00275775
405.5	-0.00271955
405.6	-0.00268324
405.7	-0.00264381
405.8	-0.00260022
405.9	-0.00255934
406	-0.00251585
406.1	-0.00246558
406.2	-0.00241636
406.3	-0.00237293
406.4	-0.00233641
406.5	-0.00230124
406.6	-0.00226628
406.7	-0.00223491
406.8	-0.00220846
406.9	-0.00218466
407	-0.00216247
407.1	-0.00213753
407.2	-0.00210773
407.3	-0.00207129
407.4	-0.00203082
407.5	-0.00198914
407.6	-0.00194629
407.7	-0.00190271
407.8	-0.0018581
407.9	-0.0018094
408	-0.0017616
408.1	-0.00171329
408.2	-0.00166547
408.3	-0.00162123
408.4	-0.00157664
408.5	-0.0015324
408.6	-0.00148738
408.7	-0.00144304
408.8	-0.00139978
408.9	-0.00135639
409	-0.00131724
409.1	-0.00128189
409.2	-0.00124381
409.3	-0.00119839
409.4	-0.00114749
409.5	-0.0010916
409.6	-0.00104128
409.7	-0.00099409
409.8	-0.000946739
409.9	-0.000901113
410	-0.000854813
410.1	-0.000809421
410.2	-0.000766286
410.3	-0.000728121
410.4	-0.000688157
410.5	-0.000645156
410.6	-0.000603571
410.7	-0.00056157
410.8	-0.000513702
410.9	-0.000463728
411	-0.000410792
411.1	-0.000357659
411.2	-0.000299809
411.3	-0.000245555
411.4	-0.000191241
411.5	-0.000138766
411.6	-9.10659e-05
411.7	-4.17388e-05
411.8	2.22617e-06
411.9	4.21761e-05
412	7.94537e-05
412.1	0.000113704
412.2	0.000146726
412.3	0.000176844
412.4	0.000212741
412.5	0.000254407
412.6	0.000299405
412.7	0.000344801
412.8	0.000388467
412.9	0.000423954
413	0.000457959
413.1	0.000493122
413.2	0.000530138
413.3	0.000568094
413.4	0.000607061
413.5	0.000645012
413.6	0.000681506
413.7	0.000716827
413.8	0.000749294
413.9	0.000780066
414	0.000811766
414.1	0.000845997
414.2	0.000875035
414.3	0.00090411
414.4	0.000928837
414.5	0.000947898
414.6	0.000965906
414.7	0.000983774
414.8	0.000999531
414.9	0.00101359
415	0.00103335
415.1	0.00105798
415.2	0.00108716
415.3	0.00111777
415.4	0.00115406
415.5	0.00118966
415.6	0.00122025
415.7	0.0012422
415.8	0.00125735
415.9	0.0012702
416	0.00127979
416.1	0.00129135
416.2	0.00130198
416.3	0.00131574
416.4	0.00133251
416.5	0.00135148
416.6	0.00136774
416.7	0.00138258
416.8	0.00139975
416.9	0.00141925
417	0.00143527
417.1	0.00145092
417.2	0.00146516
417.3	0.00147779
417.4	0.0014871
417.5	0.00149524
417.6	0.0015009
417.7	0.00150237
417.8	0.00150688
417.9	0.00151204
418	0.00151846
418.1	0.00152562
418.2	0.00153642
418.3	0.00155083
418.4	0.00156842
418.5	0.00158997
418.6	0.00161344
418.7	0.0016345
418.8	0.00164917
418.9	0.00165587
419	0.00165866
419.1	0.00166243
419.2	0.00166473
419.3	0.00166536
419.4	0.00166542
419.5	0.00166393
419.6	0.00166013
419.7	0.00165914
419.8	0.00166326
419.9	0.00166961
420	0.001675
420.1	0.00167988
420.2	0.00168193
420.3	0.00168145
420.4	0.00167737
420.5	0.00166764
420.6	0.00165649
420.7	0.00164593
420.8	0.00163971
420.9	0.00164099
421	0.0016495
421.1	0.00166268
421.2	0.00167467
421.3	0.00169164
421.4	0.00170939
421.5	0.00172435
421.6	0.00174203
421.7	0.00176529
421.8	0.00179028
421.9	0.00181525
422	0.00184375
422.1	0.00187377
422.2	0.00190315
422.3	0.00193452
422.4	0.00196702
422.5	0.00200078
422.6	0.00203191
422.7	0.00205874
422.8	0.00208395
422.9	0.00211371
423	0.00215172
423.1	0.00219248
423.2	0.00223839
423.3	0.00228736
423.4	0.00234362
423.5	0.00240155
423.6	0.00246204
423.7	0.00252381
423.8	0.00258598
423.9	0.00265351
424	0.00272147
424.1	0.00279027
424.2	0.00286414
424.3	0.00293677
424.4	0.00300553
424.5	0.00306565
424.6	0.00312065
424.7	0.00317446
424.8	0.00322647
424.9	0.00327915
425	0.00333423
425.1	0.00339072
425.2	0.00344992
425.3	0.00351289
425.4	0.0035731
425.5	0.00363194
425.6	0.00369128
425.7	0.00375121
425.8	0.00380952
425.9	0.00387082
426	0.00393742
426.1	0.00400835
426.2	0.00408512
426.3	0.00416494
426.4	0.00424759
426.5	0.00433142
426.6	0.00441586
426.7	0.00450158
426.8	0.00458853
426.9	0.00467536
427	0.00475561
427.1	0.00483212
427.2	0.00490694
427.3	0.00498123
427.4	0.00505682
427.5	0.00513654
427.6	0.00521847
427.7	0.00529654
427.8	0.00537337
427.9	0.00545438
428	0.00554091
428.1	0.00562588
428.2	0.0057088
428.3	0.00579298
428.4	0.00587761
428.5	0.00596514
428.6	0.00605694
428.7	0.00614968
428.8	0.00624126
428.9	0.00633327
429	0.0064232
429.1	0.0065097
429.2	0.00659389
429.3	0.00667805
429.4	0.00676126
429.5	0.00684957
429.6	0.00694101
429.7	0.00703805
429.8	0.00713249
429.9	0.00722524
430	0.00731488
430.1	0.00740398
430.2	0.00748781
430.3	0.00756768
430.4	0.00765204
430.5	0.00773641
430.6	0.00781928
430.7	0.00790034
430.8	0.00798016
430.9	0.00805896
431	0.00813669
431.1	0.00821114
431.2	0.00829055
431.3	0.0083731
431.4	0.00845499
431.5	0.00854278
431.6	0.00863172
431.7	0.0087228
431.8	0.00881682
431.9	0.00891514
432	0.00901701
432.1	0.00911538
432.2	0.00921579
432.3	0.00931595
432.4	0.00941034
432.5	0.00950302
432.6	0.00959426
432.7	0.00968533
432.8	0.0097769
432.9	0.0098674
433	0.00996104
433.1	0.0100587
433.2	0.0101589
433.3	0.0102543
433.4	0.0103482
433.5	0.0104466
433.6	0.0105498
433.7	0.0106493
433.8	0.0107462
433.9	0.0108457
434	0.0109414
434.1	0.0110349
434.2	0.0111302
434.3	0.0112225
434.4	0.0113151
434.5	0.0114032
434.6	0.0114898
434.7	0.0115761
434.8	0.0116652
434.9	0.0117527
435	0.0118351
435.1	0.0119112
435.2	0.0119851
435.3	0.0120585
435.4	0.0121296
435.5	0.0121935
435.6	0.012257
435.7	0.0123158
435.8	0.0123735
435.9	0.0124362
436	0.012505
436.1	0.0125754
436.2	0.0126448
436.3	0.012714
436.4	0.0127815
436.5	0.0128451
436.6	0.0129079
436.7	0.0129717
436.8	0.0130391
436.9	0.0131067
437	0.0131785
437.1	0.0132499
437.2	0.0133158
437.3	0.0133806
437.4	0.013446
437.5	0.0135137
437.6	0.013587
437.7	0.0136672
437.8	0.0137526
437.9	0.013832
438	0.0139181
438.1	0.014008
438.2	0.014101
438.3	0.0141935
438.4	0.0142929
438.5	0.0143979
438.6	0.0145043
438.7	0.0146099
438.8	0.0147191
438.9	0.0148287
439	0.0149337
439.1	0.015034
439.2	0.0151306
439.3	0.0152263
439.4	0.0153235
439.5	0.0154214
439.6	0.015518
439.7	0.0156086
439.8	0.0156989
439.9	0.0157875
440	0.0158721
440.1	0.0159487
440.2	0.0160154
440.3	0.01608
440.4	0.0161421
440.5	0.0162024
440.6	0.0162595
440.7	0.0163146
440.8	0.0163742
440.9	0.0164351
441	0.0164948
441.1	0.0165517
441.2	0.0166057
441.3	0.0166573
441.4	0.0167057
441.5	0.0167532
441.6	0.0168001
441.7	0.0168442
441.8	0.0168849
441.9	0.0169259
442	0.0169655
442.1	0.0170079
442.2	0.0170527
442.3	0.0170968
442.4	0.0171418
442.5	0.0171831
442.6	0.017222
442.7	0.0172578
442.8	0.0172919
442.9	0.0173214
443	0.0173496
443.1	0.0173736
443.2	0.0173962
443.3	0.0174241
443.4	0.0174529
443.5	0.0174861
443.6	0.0175169
443.7	0.0175439
443.8	0.0175691
443.9	0.0175868
444	0.0176008
444.1	0.017613
444.2	0.0176274
444.3	0.0176413
444.4	0.0176599
444.5	0.0176821
444.6	0.0177071
444.7	0.0177324
444.8	0.0177577
444.9	0.0177861
445	0.0178173
445.1	0.017845
445.2	0.0178668
445.3	0.0178852
445.4	0.0179051
445.5	0.0179251
445.6	0.017947
445.7	0.0179698
445.8	0.0179959
445.9	0.018023
446	0.0180446
446.1	0.0180623
446.2	0.018081
446.3	0.0181032
446.4	0.0181257
446.5	0.0181452
446.6	0.0181646
446.7	0.0181887
446.8	0.0182141
446.9	0.0182422
447	0.0182747
447.1	0.0183075
447.2	0.0183383
447.3	0.0183648
447.4	0.0183885
447.5	0.0184113
447.6	0.0184283
447.7	0.0184371
447.8	0.0184445
447.9	0.0184526
448	0.0184583
448.1	0.0184587
448.2	0.0184562
448.3	0.018453
448.4	0.0184463
448.5	0.0184409
448.6	0.0184373
448.7	0.0184281
448.8	0.018418
448.9	0.0184114
449	0.0184091
449.1	0.0184077
449.2	0.0184034
449.3	0.0183971
449.4	0.0183845
449.5	0.0183693
449.6	0.018349
449.7	0.0183296
449.8	0.0183128
449.9	0.0182999
450	0.0182918
450.1	0.0182864
450.2	0.0182804
450.3	0.0182833
450.4	0.018285
450.5	0.0182875
450.6	0.0182901
450.7	0.018296
450.8	0.0183079
450.9	0.0183255
451	0.0183479
451.1	0.0183723
451.2	0.0184004
451.3	0.0184332
451.4	0.018467
451.5	0.0185044
451.6	0.0185393
451.7	0.0185697
451.8	0.0185918
451.9	0.0186095
452	0.0186255
452.1	0.0186416
452.2	0.0186586
452.3	0.018671
452.4	0.018684
452.5	0.0186991
452.6	0.0187111
452.7	0.0187215
452.8	0.0187355
452.9	0.0187463
453	0.0187561
453.1	0.0187674
453.2	0.0187796
453.3	0.0187919
453.4	0.0188057
453.5	0.0188166
453.6	0.0188266
453.7	0.0188346
453.8	0.0188454
453.9	0.018855
454	0.0188681
454.1	0.0188846
454.2	0.0189033
454.3	0.0189255
454.4	0.0189472
454.5	0.0189678
454.6	0.0189843
454.7	0.0190003
454.8	0.0190121
454.9	0.0190226
455	0.0190351
455.1	0.019045
455.2	0.0190531
455.3	0.0190594
455.4	0.0190622
455.5	0.0190653
455.6	0.0190719
455.7	0.0190795
455.8	0.0190877
455.9	0.0190998
456	0.0191121
456.1	0.0191243
456.2	0.0191301
456.3	0.0191301
456.4	0.0191266
456.5	0.0191197
456.6	0.0191161
456.7	0.0191155
456.8	0.0191136
456.9	0.0191105
457	0.0191109
457.1	0.0191114
457.2	0.0191113
457.3	0.019113
457.4	0.0191204
457.5	0.0191292
457.6	0.0191389
457.7	0.0191516
457.8	0.0191679
457.9	0.0191845
458	0.019199
458.1	0.0192131
458.2	0.0192257
458.3	0.0192335
458.4	0.0192395
458.5	0.0192409
458.6	0.0192427
458.7	0.0192426
458.8	0.0192436
458.9	0.0192404
459	0.019235
459.1	0.0192262
459.2	0.0192123
459.3	0.0191987
459.4	0.0191851
459.5	0.0191693
459.6	0.0191532
459.7	0.0191362
459.8	0.019119
459.9	0.0191061
460	0.0190922
460.1	0.0190813
460.2	0.0190785
460.3	0.019077
460.4	0.019077
460.5	0.0190817
460.6	0.019088
460.7	0.019093
460.8	0.0190979
460.9	0.0190973
461	0.019091
461.1	0.0190793
461.2	0.0190663
461.3	0.019052
461.4	0.0190396
461.5	0.0190263
461.6	0.0190194
461.7	0.0190159
461.8	0.0190143
461.9	0.0190156
462	0.0190197
462.1	0.019025
462.2	0.0190297
462.3	0.0190331
462.4	0.0190384
462.5	0.0190464
462.6	0.0190533
462.7	0.0190589
462.8	0.0190586
462.9	0.0190597
463	0.0190613
463.1	0.0190629
463.2	0.0190658
463.3	0.0190667
463.4	0.0190638
463.5	0.0190645
463.6	0.0190728
463.7	0.0190835
463.8	0.0190919
463.9	0.0191074
464	0.0191252
464.1	0.0191377
464.2	0.0191464
464.3	0.0191559
464.4	0.0191674
464.5	0.0191792
464.6	0.0191908
464.7	0.0192009
464.8	0.0192075
464.9	0.0192159
465	0.019227
465.1	0.0192358
465.2	0.0192427
465.3	0.019246
465.4	0.0192456
465.5	0.0192477
465.6	0.0192567
465.7	0.0192612
465.8	0.019258
465.9	0.0192473
466	0.0192426
466.1	0.0192442
466.2	0.0192523
466.3	0.0192585
466.4	0.0192642
466.5	0.0192671
466.6	0.0192724
466.7	0.0192797
466.8	0.0192861
466.9	0.0192922
467	0.0192965
467.1	0.0192988
467.2	0.0193018
467.3	0.0193066
467.4	0.0193151
467.5	0.0193261
467.6	0.0193451
467.7	0.0193707
467.8	0.0194018
467.9	0.0194317
468	0.0194632
468.1	0.0194943
468.2	0.0195237
468.3	0.0195498
468.4	0.0195746
468.5	0.0195965
468.6	0.0196175
468.7	0.0196361
468.8	0.0196578
468.9	0.0196864
469	0.0197196
469.1	0.0197539
469.2	0.0197906
469.3	0.0198339
469.4	0.0198819
469.5	0.0199274
469.6	0.0199742
469.7	0.020022
469.8	0.0200663
469.9	0.0201101
470	0.0201565
470.1	0.0202009
470.2	0.0202459
470.3	0.0202914
470.4	0.0203353
470.5	0.0203801
470.6	0.020428
470.7	0.0204806
470.8	0.0205352
470.9	0.0205916
471	0.0206486
471.1	0.0207071
471.2	0.0207668
471.3	0.0208261
471.4	0.0208845
471.5	0.0209454
471.6	0.0210065
471.7	0.0210708
471.8	0.0211356
471.9	0.0211983
472	0.0212634
472.1	0.0213273
472.2	0.0213955
472.3	0.0214599
472.4	0.0215193
472.5	0.0215775
472.6	0.0216355
472.7	0.0216983
472.8	0.0217615
472.9	0.0218271
473	0.0218975
473.1	0.0219666
473.2	0.022035
473.3	0.0221058
473.4	0.0221816
473.5	0.0222607
473.6	0.0223409
473.7	0.0224203
473.8	0.0225032
473.9	0.0225883
474	0.0226747
474.1	0.0227571
474.2	0.0228348
474.3	0.0229081
474.4	0.0229814
474.5	0.0230541
474.6	0.0231266
474.7	0.0232012
474.8	0.0232767
474.9	0.0233618
475	0.0234518
475.1	0.0235447
475.2	0.0236311
475.3	0.0237154
475.4	0.0238006
475.5	0.0238879
475.6	0.0239772
475.7	0.0240628
475.8	0.0241408
475.9	0.0242082
476	0.0242705
476.1	0.024333
476.2	0.0244002
476.3	0.0244637
476.4	0.0245277
476.5	0.0245899
476.6	0.0246526
476.7	0.0247177
476.8	0.024779
476.9	0.0248398
477	0.0248988
477.1	0.0249571
477.2	0.0250141
477.3	0.0250721
477.4	0.0251338
477.5	0.025199
477.6	0.0252672
477.7	0.0253385
477.8	0.0254143
477.9	0.0254859
478	0.0255525
478.1	0.0256162
478.2	0.0256749
478.3	0.0257285
478.4	0.0257771
478.5	0.0258288
478.6	0.0258812
478.7	0.0259346
478.8	0.0259822
478.9	0.0260346
479	0.0260866
479.1	0.026137
479.2	0.0261895
479.3	0.0262438
479.4	0.0263038
479.5	0.0263712
479.6	0.0264387
479.7	0.0265041
479.8	0.0265692
479.9	0.0266308
480	0.0266916
480.1	0.0267478
480.2	0.0268024
480.3	0.0268604
480.4	0.0269188
480.5	0.0269767
480.6	0.0270327
480.7	0.0270852
480.8	0.0271319
480.9	0.0271755
481	0.0272172
481.1	0.0272534
481.2	0.0272861
481.3	0.0273193
481.4	0.0273559
481.5	0.0273881
481.6	0.0274196
481.7	0.0274577
481.8	0.0274998
481.9	0.0275406
482	0.0275811
482.1	0.027618
482.2	0.0276585
482.3	0.0276983
482.4	0.0277355
482.5	0.0277697
482.6	0.0278048
482.7	0.0278342
482.8	0.0278616
482.9	0.027891
483	0.0279236
483.1	0.0279559
483.2	0.0279896
483.3	0.0280264
483.4	0.0280652
483.5	0.0281043
483.6	0.028142
483.7	0.0281792
483.8	0.0282135
483.9	0.0282468
484	0.0282794
484.1	0.028312
484.2	0.0283465
484.3	0.0283872
484.4	0.0284341
484.5	0.0284833
484.6	0.0285286
484.7	0.0285752
484.8	0.0286226
484.9	0.0286708
485	0.0287248
485.1	0.0287825
485.2	0.0288425
485.3	0.0289013
485.4	0.0289567
485.5	0.0290163
485.6	0.0290798
485.7	0.0291465
485.8	0.0292162
485.9	0.0292907
486	0.0293694
486.1	0.0294495
486.2	0.0295283
486.3	0.0296056
486.4	0.0296754
486.5	0.0297386
486.6	0.0297992
486.7	0.0298555
486.8	0.0299165
486.9	0.0299837
487	0.0300551
487.1	0.0301302
487.2	0.0302079
487.3	0.0302877
487.4	0.030369
487.5	0.0304511
487.6	0.0305403
487.7	0.0306295
487.8	0.0307139
487.9	0.0308
488	0.0308831
488.1	0.0309693
488.2	0.0310534
488.3	0.0311398
488.4	0.0312267
488.5	0.0313122
488.6	0.0313945
488.7	0.0314787
488.8	0.031557
488.9	0.0316313
489	0.0317062
489.1	0.0317829
489.2	0.0318628
489.3	0.0319384
489.4	0.0320113
489.5	0.0320816
489.6	0.0321507
489.7	0.0322196
489.8	0.0322844
489.9	0.0323423
490	0.0323954
490.1	0.0324443
490.2	0.0324931
490.3	0.032543
490.4	0.0325937
490.5	0.0326443
490.6	0.0326977
490.7	0.0327565
490.8	0.0328147
490.9	0.0328695
491	0.0329236
491.1	0.0329774
491.2	0.0330299
491.3	0.0330854
491.4	0.0331447
491.5	0.0332004
491.6	0.0332549
491.7	0.0333065
491.8	0.0333562
491.9	0.0334043
492	0.0334497
492.1	0.033494
492.2	0.0335353
492.3	0.0335778
492.4	0.0336176
492.5	0.0336531
492.6	0.0336898
492.7	0.0337268
492.8	0.0337654
492.9	0.0338081
493	0.0338515
493.1	0.0338937
493.2	0.0339289
493.3	0.0339626
493.4	0.0339958
493.5	0.0340294
493.6	0.0340636
493.7	0.0340922
493.8	0.0341192
493.9	0.0341403
494	0.0341638
494.1	0.0341839
494.2	0.0342009
494.3	0.0342103
494.4	0.0342123
494.5	0.034213
494.6	0.0342145
494.7	0.0342182
494.8	0.0342196
494.9	0.0342202
495	0.0342203
495.1	0.034226
495.2	0.0342294
495.3	0.0342336
495.4	0.0342375
495.5	0.03424
495.6	0.0342463
495.7	0.0342557
495.8	0.0342635
495.9	0.0342725
496	0.0342804
496.1	0.0342858
496.2	0.0342863
496.3	0.0342857
496.4	0.0342849
496.5	0.0342895
496.6	0.0343004
496.7	0.0343117
496.8	0.0343182
496.9	0.0343199
497	0.0343181
497.1	0.0343181
497.2	0.0343181
497.3	0.0343147
497.4	0.0343124
497.5	0.0343068
497.6	0.0343013
497.7	0.0342941
497.8	0.0342754
497.9	0.0342541
498	0.0342339
498.1	0.0342133
498.2	0.0341945
498.3	0.0341767
498.4	0.034163
498.5	0.0341538
498.6	0.0341526
498.7	0.0341601
498.8	0.034171
498.9	0.0341835
499	0.0341984
499.1	0.0342166
499.2	0.0342365
499.3	0.0342597
499.4	0.0342808
499.5	0.0343003
499.6	0.0343222
499.7	0.0343462
499.8	0.0343699
499.9	0.0343927
500	0.0344232
