LagTime	Correlation

0	0.670148
0.1	0.665127
0.2	0.657642
0.3	0.649607
0.4	0.641512
0.5	0.633479
0.6	0.625538
0.7	0.617693
0.8	0.609945
0.9	0.602296
1	0.594747
1.1	0.587293
1.2	0.579933
1.3	0.572665
1.4	0.56549
1.5	0.55841
1.6	0.551424
1.7	0.544525
1.8	0.537708
1.9	0.530979
2	0.524337
2.1	0.517784
2.2	0.511318
2.3	0.504933
2.4	0.49863
2.5	0.4924
2.6	0.486244
2.7	0.480162
2.8	0.474153
2.9	0.468214
3	0.462347
3.1	0.456552
3.2	0.450831
3.3	0.44518
3.4	0.439597
3.5	0.434082
3.6	0.428638
3.7	0.423261
3.8	0.417956
3.9	0.412721
4	0.407553
4.1	0.402449
4.2	0.39741
4.3	0.392435
4.4	0.387519
4.5	0.382658
4.6	0.37786
4.7	0.373125
4.8	0.368449
4.9	0.363832
5	0.359271
5.1	0.354768
5.2	0.350325
5.3	0.34594
5.4	0.341612
5.5	0.337341
5.6	0.333125
5.7	0.32896
5.8	0.324845
5.9	0.32078
6	0.316766
6.1	0.312804
6.2	0.308889
6.3	0.305023
6.4	0.301209
6.5	0.297444
6.6	0.293729
6.7	0.290065
6.8	0.286444
6.9	0.282871
7	0.279344
7.1	0.275866
7.2	0.272436
7.3	0.269047
7.4	0.265698
7.5	0.262391
7.6	0.259126
7.7	0.255904
7.8	0.252726
7.9	0.249588
8	0.246488
8.1	0.243424
8.2	0.240399
8.3	0.23741
8.4	0.23446
8.5	0.231546
8.6	0.228673
8.7	0.225843
8.8	0.223047
8.9	0.220288
9	0.217563
9.1	0.214867
9.2	0.212201
9.3	0.20956
9.4	0.206955
9.5	0.20438
9.6	0.201837
9.7	0.199321
9.8	0.196834
9.9	0.194376
10	0.191945
10.1	0.189544
10.2	0.187175
10.3	0.184828
10.4	0.182509
10.5	0.180217
10.6	0.177952
10.7	0.175713
10.8	0.173499
10.9	0.171306
11	0.16914
11.1	0.167001
11.2	0.164889
11.3	0.162808
11.4	0.16076
11.5	0.158741
11.6	0.156755
11.7	0.154799
11.8	0.152871
11.9	0.150967
12	0.149084
12.1	0.147224
12.2	0.145387
12.3	0.143571
12.4	0.141773
12.5	0.139988
12.6	0.138218
12.7	0.136465
12.8	0.134728
12.9	0.133007
13	0.131305
13.1	0.129622
13.2	0.127959
13.3	0.126316
13.4	0.124694
13.5	0.123096
13.6	0.12152
13.7	0.119962
13.8	0.118423
13.9	0.116896
14	0.115386
14.1	0.113898
14.2	0.112431
14.3	0.110989
14.4	0.109567
14.5	0.10816
14.6	0.10677
14.7	0.105398
14.8	0.10405
14.9	0.102727
15	0.101428
15.1	0.100147
15.2	0.0988826
15.3	0.0976374
15.4	0.0964041
15.5	0.0951893
15.6	0.0939877
15.7	0.0927974
15.8	0.0916184
15.9	0.090451
16	0.0892973
16.1	0.0881586
16.2	0.087037
16.3	0.0859336
16.4	0.0848445
16.5	0.0837706
16.6	0.0827053
16.7	0.0816521
16.8	0.0806146
16.9	0.0795914
17	0.0785812
17.1	0.0775773
17.2	0.0765828
17.3	0.0756041
17.4	0.0746436
17.5	0.0736942
17.6	0.0727591
17.7	0.0718326
17.8	0.070919
17.9	0.0700181
18	0.0691287
18.1	0.0682497
18.2	0.0673868
18.3	0.0665374
18.4	0.0657015
18.5	0.0648762
18.6	0.0640599
18.7	0.0632502
18.8	0.0624506
18.9	0.0616607
19	0.0608768
19.1	0.0601
19.2	0.0593311
19.3	0.0585698
19.4	0.0578153
19.5	0.0570637
19.6	0.0563172
19.7	0.0555829
19.8	0.0548664
19.9	0.0541601
20	0.0534593
20.1	0.0527683
20.2	0.0520853
20.3	0.0514101
20.4	0.0507415
20.5	0.0500807
20.6	0.0494274
20.7	0.0487783
20.8	0.0481395
20.9	0.0475059
21	0.0468796
21.1	0.0462641
21.2	0.0456506
21.3	0.0450462
21.4	0.0444468
21.5	0.0438537
21.6	0.043269
21.7	0.042693
21.8	0.0421263
21.9	0.0415692
22	0.0410241
22.1	0.0404918
22.2	0.0399675
22.3	0.0394528
22.4	0.0389538
22.5	0.0384628
22.6	0.0379767
22.7	0.0374985
22.8	0.0370303
22.9	0.0365706
23	0.0361193
23.1	0.0356722
23.2	0.0352304
23.3	0.0347945
23.4	0.03436
23.5	0.0339308
23.6	0.0335035
23.7	0.0330747
23.8	0.0326472
23.9	0.0322251
24	0.0318122
24.1	0.0314052
24.2	0.0310049
24.3	0.0306121
24.4	0.030227
24.5	0.0298463
24.6	0.0294727
24.7	0.0291115
24.8	0.0287574
24.9	0.0284106
25	0.0280723
25.1	0.0277392
25.2	0.0274099
25.3	0.0270809
25.4	0.026753
25.5	0.0264287
25.6	0.0261087
25.7	0.0257902
25.8	0.025476
25.9	0.025168
26	0.0248673
26.1	0.0245697
26.2	0.0242717
26.3	0.0239737
26.4	0.0236778
26.5	0.0233794
26.6	0.0230821
26.7	0.0227884
26.8	0.0224963
26.9	0.0222024
27	0.0219123
27.1	0.0216218
27.2	0.0213303
27.3	0.0210443
27.4	0.0207629
27.5	0.0204849
27.6	0.0202116
27.7	0.0199413
27.8	0.0196732
27.9	0.0194054
28	0.0191399
28.1	0.0188771
28.2	0.0186199
28.3	0.0183679
28.4	0.0181222
28.5	0.0178839
28.6	0.0176469
28.7	0.0174132
28.8	0.0171839
28.9	0.0169599
29	0.0167426
29.1	0.0165322
29.2	0.0163241
29.3	0.016113
29.4	0.0159025
29.5	0.0157002
29.6	0.0155034
29.7	0.0153051
29.8	0.0151088
29.9	0.0149148
30	0.0147195
30.1	0.0145201
30.2	0.0143246
30.3	0.0141336
30.4	0.0139408
30.5	0.0137482
30.6	0.0135524
30.7	0.0133598
30.8	0.0131732
30.9	0.012991
31	0.0128147
31.1	0.012641
31.2	0.0124684
31.3	0.0122992
31.4	0.0121372
31.5	0.0119812
31.6	0.0118289
31.7	0.0116815
31.8	0.0115393
31.9	0.0113983
32	0.0112632
32.1	0.0111321
32.2	0.0109984
32.3	0.0108623
32.4	0.0107209
32.5	0.0105769
32.6	0.0104341
32.7	0.0102932
32.8	0.0101534
32.9	0.0100158
33	0.00987843
33.1	0.00974447
33.2	0.00961342
33.3	0.0094818
33.4	0.00935008
33.5	0.0092139
33.6	0.00907502
33.7	0.00893513
33.8	0.00879026
33.9	0.00864209
34	0.0084958
34.1	0.00834865
34.2	0.00820341
34.3	0.0080582
34.4	0.00791168
34.5	0.00776238
34.6	0.00761313
34.7	0.00746929
34.8	0.00733003
34.9	0.00719581
35	0.00706325
35.1	0.00693406
35.2	0.00680777
35.3	0.00668318
35.4	0.00655887
35.5	0.00643106
35.6	0.00630042
35.7	0.00616781
35.8	0.0060396
35.9	0.00591477
36	0.00579625
36.1	0.00568406
36.2	0.00557669
36.3	0.00547529
36.4	0.00538357
36.5	0.00529557
36.6	0.00520885
36.7	0.00512588
36.8	0.00504744
36.9	0.00497325
37	0.00490437
37.1	0.00484129
37.2	0.00478405
37.3	0.00473322
37.4	0.00468786
37.5	0.00464584
37.6	0.00460372
37.7	0.00456062
37.8	0.00452279
37.9	0.00448226
38	0.00443741
38.1	0.00439024
38.2	0.00434472
38.3	0.00430406
38.4	0.0042684
38.5	0.00423501
38.6	0.00420807
38.7	0.00418683
38.8	0.00417159
38.9	0.0041599
39	0.00415092
39.1	0.00414305
39.2	0.00413305
39.3	0.00411687
39.4	0.00410102
39.5	0.00408803
39.6	0.00407767
39.7	0.00406844
39.8	0.00406312
39.9	0.00406024
40	0.00405563
40.1	0.00404836
40.2	0.00404033
40.3	0.00403717
40.4	0.0040411
40.5	0.00404991
40.6	0.00406094
40.7	0.00407129
40.8	0.00407836
40.9	0.00408218
41	0.00408379
41.1	0.00408069
41.2	0.00407845
41.3	0.00407598
41.4	0.00407199
41.5	0.00407335
41.6	0.00407338
41.7	0.00407164
41.8	0.00406803
41.9	0.00406418
42	0.00405457
42.1	0.00404028
42.2	0.00402526
42.3	0.00400541
42.4	0.00398618
42.5	0.00396844
42.6	0.00395087
42.7	0.00393208
42.8	0.00390998
42.9	0.00388768
43	0.00385992
43.1	0.00383061
43.2	0.00380052
43.3	0.00377403
43.4	0.00375051
43.5	0.00372693
43.6	0.00370297
43.7	0.00368142
43.8	0.00365949
43.9	0.0036318
44	0.00359915
44.1	0.00356297
44.2	0.00352661
44.3	0.00349233
44.4	0.00345701
44.5	0.00342141
44.6	0.00338699
44.7	0.00334741
44.8	0.00330547
44.9	0.00326375
45	0.00321895
45.1	0.0031697
45.2	0.00312037
45.3	0.00306736
45.4	0.00302332
45.5	0.00298412
45.6	0.00294439
45.7	0.00290169
45.8	0.00285729
45.9	0.00281282
46	0.00276232
46.1	0.00271098
46.2	0.00266279
46.3	0.00261964
46.4	0.00257951
46.5	0.00254196
46.6	0.0025072
46.7	0.00247291
46.8	0.0024394
46.9	0.0024081
47	0.00238116
47.1	0.00235696
47.2	0.00233954
47.3	0.00232909
47.4	0.00232208
47.5	0.00231675
47.6	0.00231349
47.7	0.00230947
47.8	0.00230317
47.9	0.00229138
48	0.00228074
48.1	0.00227576
48.2	0.0022731
48.3	0.0022672
48.4	0.00225855
48.5	0.00224707
48.6	0.0022351
48.7	0.00222051
48.8	0.00220271
48.9	0.00218185
49	0.0021598
49.1	0.00213776
49.2	0.00211261
49.3	0.00208941
49.4	0.00207353
49.5	0.00206225
49.6	0.0020537
49.7	0.00204393
49.8	0.0020273
49.9	0.00200574
50	0.00197793
50.1	0.00194281
50.2	0.00190259
50.3	0.0018584
50.4	0.00181555
50.5	0.00176937
50.6	0.00172156
50.7	0.00167648
50.8	0.00163523
50.9	0.00159681
51	0.00155775
51.1	0.00151805
51.2	0.00147825
51.3	0.00143585
51.4	0.00139185
51.5	0.00135061
51.6	0.00131651
51.7	0.00128756
51.8	0.00126344
51.9	0.00124209
52	0.00121769
52.1	0.0011922
52.2	0.00116451
52.3	0.00113424
52.4	0.00110574
52.5	0.00108113
52.6	0.00105575
52.7	0.00103039
52.8	0.00100056
52.9	0.000968881
53	0.000940252
53.1	0.000909624
53.2	0.0008755
53.3	0.000842079
53.4	0.000807014
53.5	0.000770604
53.6	0.00073827
53.7	0.000706849
53.8	0.000674987
53.9	0.000640746
54	0.00060615
54.1	0.000573269
54.2	0.000537801
54.3	0.00050362
54.4	0.00046511
54.5	0.000423769
54.6	0.000377533
54.7	0.000327039
54.8	0.000273153
54.9	0.000221023
55	0.000169766
55.1	0.000125815
55.2	8.5544e-05
55.3	4.55308e-05
55.4	5.12935e-06
55.5	-3.75603e-05
55.6	-8.17879e-05
55.7	-0.000124457
55.8	-0.000165895
55.9	-0.000202999
56	-0.000241145
56.1	-0.000283874
56.2	-0.000329174
56.3	-0.000381386
56.4	-0.000439357
56.5	-0.000498241
56.6	-0.000555412
56.7	-0.000613522
56.8	-0.000669525
56.9	-0.000722338
57	-0.000774871
57.1	-0.000823253
57.2	-0.000871541
57.3	-0.00092146
57.4	-0.000978603
57.5	-0.00103512
57.6	-0.0010864
57.7	-0.00113178
57.8	-0.00117036
57.9	-0.00120769
58	-0.00124201
58.1	-0.00127082
58.2	-0.00129758
58.3	-0.00132332
58.4	-0.00134634
58.5	-0.00136461
58.6	-0.00138094
58.7	-0.00140188
58.8	-0.0014271
58.9	-0.00145307
59	-0.00148079
59.1	-0.00150428
59.2	-0.00152252
59.3	-0.00153686
59.4	-0.00154917
59.5	-0.00155893
59.6	-0.00156444
59.7	-0.0015646
59.8	-0.00155807
59.9	-0.00154857
60	-0.00153932
60.1	-0.00153426
60.2	-0.00153328
60.3	-0.00153045
60.4	-0.00153215
60.5	-0.00153447
60.6	-0.00153778
60.7	-0.00153872
60.8	-0.00153747
60.9	-0.00153521
61	-0.00153234
61.1	-0.00152834
61.2	-0.00152256
61.3	-0.00151573
61.4	-0.00150436
61.5	-0.00149523
61.6	-0.00148915
61.7	-0.00148198
61.8	-0.00147603
61.9	-0.00147502
62	-0.00147658
62.1	-0.00147529
62.2	-0.00147213
62.3	-0.00146908
62.4	-0.00146389
62.5	-0.001461
62.6	-0.00146152
62.7	-0.00146382
62.8	-0.00146993
62.9	-0.00148296
63	-0.00149697
63.1	-0.00150665
63.2	-0.00152311
63.3	-0.00154391
63.4	-0.00156994
63.5	-0.00159756
63.6	-0.00162161
63.7	-0.00164802
63.8	-0.00167644
63.9	-0.00171026
64	-0.00174618
64.1	-0.00178425
64.2	-0.00182577
64.3	-0.00186679
64.4	-0.00190387
64.5	-0.00193833
64.6	-0.00197538
64.7	-0.00201321
64.8	-0.00204973
64.9	-0.00208426
65	-0.00212068
65.1	-0.00215918
65.2	-0.00219782
65.3	-0.00223587
65.4	-0.0022759
65.5	-0.00231757
65.6	-0.00235688
65.7	-0.00239161
65.8	-0.00242576
65.9	-0.00245896
66	-0.00249333
66.1	-0.00252751
66.2	-0.00255803
66.3	-0.00258737
66.4	-0.00261721
66.5	-0.00264953
66.6	-0.00268469
66.7	-0.00272014
66.8	-0.00275607
66.9	-0.0027945
67	-0.0028338
67.1	-0.00287377
67.2	-0.00290868
67.3	-0.00293812
67.4	-0.0029637
67.5	-0.00298632
67.6	-0.00300493
67.7	-0.0030239
67.8	-0.00304003
67.9	-0.00305446
68	-0.00306835
68.1	-0.0030795
68.2	-0.00308885
68.3	-0.00309154
68.4	-0.00308865
68.5	-0.00308964
68.6	-0.00308897
68.7	-0.0030851
68.8	-0.00307934
68.9	-0.00307756
69	-0.00307988
69.1	-0.00308126
69.2	-0.00308181
69.3	-0.00308246
69.4	-0.00308135
69.5	-0.00307925
69.6	-0.00307437
69.7	-0.00306173
69.8	-0.00304408
69.9	-0.00302592
70	-0.0030103
70.1	-0.00299485
70.2	-0.00298009
70.3	-0.00296579
70.4	-0.00294839
70.5	-0.00292986
70.6	-0.00291484
70.7	-0.00290251
70.8	-0.0028909
70.9	-0.00287457
71	-0.00285598
71.1	-0.0028372
71.2	-0.00282089
71.3	-0.00280155
71.4	-0.00278517
71.5	-0.00276857
71.6	-0.00275334
71.7	-0.00273863
71.8	-0.00272377
71.9	-0.002712
72	-0.0027025
72.1	-0.00269613
72.2	-0.00268859
72.3	-0.00267861
72.4	-0.00266482
72.5	-0.00265341
72.6	-0.00264511
72.7	-0.00263636
72.8	-0.0026294
72.9	-0.00262661
73	-0.00262101
73.1	-0.00261309
73.2	-0.00260377
73.3	-0.00259461
73.4	-0.0025826
73.5	-0.00257035
73.6	-0.00255414
73.7	-0.00253636
73.8	-0.00251891
73.9	-0.00250713
74	-0.00249823
74.1	-0.00249212
74.2	-0.00248983
74.3	-0.00248958
74.4	-0.0024854
74.5	-0.00247653
74.6	-0.00246584
74.7	-0.00245294
74.8	-0.00243644
74.9	-0.00241883
75	-0.00240231
75.1	-0.00239031
75.2	-0.00237754
75.3	-0.00236459
75.4	-0.00234869
75.5	-0.00233248
75.6	-0.00231689
75.7	-0.00230647
75.8	-0.00230244
75.9	-0.0022969
76	-0.0022894
76.1	-0.0022842
76.2	-0.00227834
76.3	-0.00226906
76.4	-0.00226428
76.5	-0.0022638
76.6	-0.0022596
76.7	-0.00225758
76.8	-0.0022518
76.9	-0.00224784
77	-0.00224362
77.1	-0.00223812
77.2	-0.00222671
77.3	-0.00221234
77.4	-0.00219893
77.5	-0.00218025
77.6	-0.00215943
77.7	-0.00214142
77.8	-0.00212391
77.9	-0.00210726
78	-0.00209342
78.1	-0.00207697
78.2	-0.00205429
78.3	-0.00202865
78.4	-0.00200039
78.5	-0.00196831
78.6	-0.00193188
78.7	-0.0018975
78.8	-0.00186501
78.9	-0.0018352
79	-0.00181019
79.1	-0.00178995
79.2	-0.0017705
79.3	-0.00175037
79.4	-0.00172924
79.5	-0.00170185
79.6	-0.00167658
79.7	-0.00165673
79.8	-0.00163472
79.9	-0.00160902
80	-0.00157463
80.1	-0.00153919
80.2	-0.0015016
80.3	-0.00146061
80.4	-0.00142355
80.5	-0.00138655
80.6	-0.00135124
80.7	-0.00131644
80.8	-0.001284
80.9	-0.0012516
81	-0.0012128
81.1	-0.0011681
81.2	-0.00111971
81.3	-0.00106728
81.4	-0.00101314
81.5	-0.000959831
81.6	-0.000908498
81.7	-0.000855021
81.8	-0.000806867
81.9	-0.000761446
82	-0.000723329
82.1	-0.000692687
82.2	-0.000667775
82.3	-0.000640423
82.4	-0.000614418
82.5	-0.000589943
82.6	-0.000571187
82.7	-0.000554278
82.8	-0.000537177
82.9	-0.000521729
83	-0.00051158
83.1	-0.000501757
83.2	-0.000493481
83.3	-0.000485434
83.4	-0.000476329
83.5	-0.000469152
83.6	-0.000461473
83.7	-0.000448493
83.8	-0.000434912
83.9	-0.000418413
84	-0.000401361
84.1	-0.00038453
84.2	-0.00036931
84.3	-0.000355793
84.4	-0.000345294
84.5	-0.000338595
84.6	-0.00033003
84.7	-0.000321546
84.8	-0.000318397
84.9	-0.000315725
85	-0.000313334
85.1	-0.000310555
85.2	-0.000307517
85.3	-0.000305227
85.4	-0.000300816
85.5	-0.000294219
85.6	-0.000292092
85.7	-0.000293666
85.8	-0.000295231
85.9	-0.000294711
86	-0.000286438
86.1	-0.000281451
86.2	-0.000278441
86.3	-0.000269894
86.4	-0.000259402
86.5	-0.000246652
86.6	-0.000235138
86.7	-0.000232246
86.8	-0.000235811
86.9	-0.000243774
87	-0.000255512
87.1	-0.00027052
87.2	-0.000287638
87.3	-0.000306215
87.4	-0.000326193
87.5	-0.000348434
87.6	-0.000370506
87.7	-0.000391879
87.8	-0.000416732
87.9	-0.000442515
88	-0.000463144
88.1	-0.000481211
88.2	-0.000498396
88.3	-0.000513961
88.4	-0.000525861
88.5	-0.000536797
88.6	-0.000548275
88.7	-0.000564455
88.8	-0.000583684
88.9	-0.000599688
89	-0.000608262
89.1	-0.00061693
89.2	-0.000623839
89.3	-0.000630794
89.4	-0.000636758
89.5	-0.000640358
89.6	-0.000643694
89.7	-0.000645471
89.8	-0.000648848
89.9	-0.000653503
90	-0.000653863
90.1	-0.000645489
90.2	-0.000629864
90.3	-0.000613689
90.4	-0.000598203
90.5	-0.000583051
90.6	-0.000564067
90.7	-0.000545221
90.8	-0.000522235
90.9	-0.000494672
91	-0.000467424
91.1	-0.000444959
91.2	-0.000433019
91.3	-0.000426059
91.4	-0.000423748
91.5	-0.000426255
91.6	-0.000424196
91.7	-0.000419167
91.8	-0.00041386
91.9	-0.000407809
92	-0.000404314
92.1	-0.000401209
92.2	-0.000403354
92.3	-0.000406941
92.4	-0.000409999
92.5	-0.000411083
92.6	-0.000412054
92.7	-0.000414904
92.8	-0.000418117
92.9	-0.000420945
93	-0.000423094
93.1	-0.000422343
93.2	-0.000422705
93.3	-0.000421296
93.4	-0.000421529
93.5	-0.00042691
93.6	-0.00043356
93.7	-0.000440841
93.8	-0.000448985
93.9	-0.000451131
94	-0.000449519
94.1	-0.000443791
94.2	-0.000434996
94.3	-0.000426425
94.4	-0.000416865
94.5	-0.000407645
94.6	-0.000398029
94.7	-0.000387614
94.8	-0.000384175
94.9	-0.000391327
95	-0.000400491
95.1	-0.000407847
95.2	-0.00041508
95.3	-0.000420254
95.4	-0.00041972
95.5	-0.000413851
95.6	-0.000411133
95.7	-0.0004133
95.8	-0.000414675
95.9	-0.000411118
96	-0.000406197
96.1	-0.000391532
96.2	-0.000376184
96.3	-0.000359191
96.4	-0.000340465
96.5	-0.000316944
96.6	-0.00029236
96.7	-0.000267243
96.8	-0.000243164
96.9	-0.000220599
97	-0.000196598
97.1	-0.000174763
97.2	-0.00015795
97.3	-0.00013908
97.4	-0.000116141
97.5	-8.85716e-05
97.6	-6.47485e-05
97.7	-4.20899e-05
97.8	-2.16219e-05
97.9	-8.01775e-06
98	4.15608e-06
98.1	1.66572e-05
98.2	2.86224e-05
98.3	4.6351e-05
98.4	6.9269e-05
98.5	8.96718e-05
98.6	0.000110355
98.7	0.000133037
98.8	0.00015963
98.9	0.000190514
99	0.000220346
99.1	0.000252167
99.2	0.000282734
99.3	0.000315554
99.4	0.000347644
99.5	0.000374437
99.6	0.000397907
99.7	0.000418651
99.8	0.00044331
99.9	0.000475384
100	0.000513701
100.1	0.000554458
100.2	0.000595789
100.3	0.000636657
100.4	0.000674459
100.5	0.000709323
100.6	0.000745387
100.7	0.000777837
100.8	0.000802956
100.9	0.000828439
101	0.000852559
101.1	0.000876542
101.2	0.000899532
101.3	0.000919362
101.4	0.000935819
101.5	0.000949978
101.6	0.000965248
101.7	0.000980138
101.8	0.00100056
101.9	0.00102213
102	0.00104585
102.1	0.00106679
102.2	0.00108802
102.3	0.00111325
102.4	0.00113882
102.5	0.00116458
102.6	0.00118705
102.7	0.00120633
102.8	0.00122903
102.9	0.00125496
103	0.00127811
103.1	0.00129992
103.2	0.00132379
103.3	0.00135039
103.4	0.00138186
103.5	0.00141811
103.6	0.00145753
103.7	0.00149465
103.8	0.00152956
103.9	0.00155956
104	0.00159391
104.1	0.00163043
104.2	0.00166787
104.3	0.00170848
104.4	0.00175191
104.5	0.00179581
104.6	0.00184299
104.7	0.00189368
104.8	0.00194819
104.9	0.00200019
105	0.00205357
105.1	0.00210747
105.2	0.00216438
105.3	0.00221699
105.4	0.00226429
105.5	0.00230602
105.6	0.00235209
105.7	0.00240472
105.8	0.00246742
105.9	0.00253641
106	0.00260885
106.1	0.00268335
106.2	0.00275912
106.3	0.00283412
106.4	0.0029084
106.5	0.00297713
106.6	0.00304346
106.7	0.00310418
106.8	0.0031621
106.9	0.00321474
107	0.0032596
107.1	0.00329971
107.2	0.00333717
107.3	0.00337621
107.4	0.00341327
107.5	0.00344852
107.6	0.00348304
107.7	0.00351843
107.8	0.00355071
107.9	0.0035856
108	0.00362108
108.1	0.00365689
108.2	0.00369166
108.3	0.00372268
108.4	0.00375546
108.5	0.00378621
108.6	0.00381671
108.7	0.00384721
108.8	0.0038804
108.9	0.00391545
109	0.00394824
109.1	0.00398062
109.2	0.00401156
109.3	0.00404323
109.4	0.00407832
109.5	0.00411697
109.6	0.00415275
109.7	0.00418313
109.8	0.00421149
109.9	0.00423439
110	0.00425561
110.1	0.00428124
110.2	0.00430625
110.3	0.00433444
110.4	0.00436101
110.5	0.00438382
110.6	0.00439922
110.7	0.00441128
110.8	0.00442103
110.9	0.00442812
111	0.00443606
111.1	0.00444257
111.2	0.00445106
111.3	0.00446412
111.4	0.00448179
111.5	0.00450197
111.6	0.00452299
111.7	0.00454342
111.8	0.00456506
111.9	0.00458598
112	0.00460506
112.1	0.0046221
112.2	0.00463822
112.3	0.00465873
112.4	0.00467927
112.5	0.0046975
112.6	0.00471205
112.7	0.0047239
112.8	0.00473358
112.9	0.00474427
113	0.00475525
113.1	0.00476571
113.2	0.0047748
113.3	0.00478511
113.4	0.00479792
113.5	0.00481267
113.6	0.00482706
113.7	0.00484028
113.8	0.00485374
113.9	0.00486338
114	0.00487609
114.1	0.00489313
114.2	0.00490917
114.3	0.00492586
114.4	0.00494223
114.5	0.00496344
114.6	0.00498659
114.7	0.0050111
114.8	0.00503631
114.9	0.00506403
115	0.00509716
115.1	0.00513893
115.2	0.00518384
115.3	0.00523144
115.4	0.00527605
115.5	0.00531857
115.6	0.00536628
115.7	0.00541206
115.8	0.00545219
115.9	0.00548176
116	0.00550372
116.1	0.00552378
116.2	0.00554378
116.3	0.00556506
116.4	0.00558459
116.5	0.00560374
116.6	0.00562905
116.7	0.00565654
116.8	0.00568388
116.9	0.00571191
117	0.00573792
117.1	0.00576053
117.2	0.005779
117.3	0.005793
117.4	0.00580615
117.5	0.0058162
117.6	0.00582797
117.7	0.00583992
117.8	0.0058515
117.9	0.0058674
118	0.00588402
118.1	0.00589629
118.2	0.00590606
118.3	0.00591704
118.4	0.00592514
118.5	0.00593088
118.6	0.00593354
118.7	0.00593552
118.8	0.00593933
118.9	0.00594421
119	0.00594645
119.1	0.00594942
119.2	0.00595207
119.3	0.00595252
119.4	0.0059491
119.5	0.00594332
119.6	0.00593508
119.7	0.00593057
119.8	0.00593015
119.9	0.00592898
120	0.00592847
120.1	0.00592508
120.2	0.00592127
120.3	0.00591332
120.4	0.00590469
120.5	0.00590031
120.6	0.0058982
120.7	0.00589609
120.8	0.00589394
120.9	0.0058963
121	0.00589907
121.1	0.00590238
121.2	0.00590406
121.3	0.0059065
121.4	0.00590663
121.5	0.00590898
121.6	0.00591016
121.7	0.00591272
121.8	0.0059177
121.9	0.00592168
122	0.00592323
122.1	0.00592521
122.2	0.00592711
122.3	0.00593063
122.4	0.00593093
122.5	0.00592429
122.6	0.00591702
122.7	0.00590694
122.8	0.00589221
122.9	0.00587669
123	0.00585981
123.1	0.00584423
123.2	0.0058248
123.3	0.00580317
123.4	0.00578025
123.5	0.00575533
123.6	0.00572457
123.7	0.00568751
123.8	0.00564722
123.9	0.00560334
124	0.00555625
124.1	0.00550939
124.2	0.00546581
124.3	0.00542585
124.4	0.00538949
124.5	0.00535529
124.6	0.00532252
124.7	0.00529306
124.8	0.00526436
124.9	0.00523325
125	0.00520044
125.1	0.00516607
125.2	0.00512982
125.3	0.00509179
125.4	0.00505677
125.5	0.00502086
125.6	0.0049868
125.7	0.00494979
125.8	0.00490895
125.9	0.00486402
126	0.00481867
126.1	0.00477081
126.2	0.00471449
126.3	0.0046563
126.4	0.00460099
126.5	0.0045461
126.6	0.00448992
126.7	0.00443646
126.8	0.00439184
126.9	0.00435165
127	0.00431587
127.1	0.00428031
127.2	0.00424553
127.3	0.00421506
127.4	0.00419152
127.5	0.00416844
127.6	0.004145
127.7	0.0041199
127.8	0.00409234
127.9	0.00406175
128	0.00403513
128.1	0.00401086
128.2	0.00399392
128.3	0.00398127
128.4	0.00397689
128.5	0.00397705
128.6	0.00398392
128.7	0.00398841
128.8	0.00399517
128.9	0.00400119
129	0.00400802
129.1	0.00401442
129.2	0.00401698
129.3	0.00401687
129.4	0.00401359
129.5	0.0040076
129.6	0.00399934
129.7	0.00399258
129.8	0.00398533
129.9	0.00398084
130	0.00397065
130.1	0.00395368
130.2	0.00392615
130.3	0.00389984
130.4	0.0038741
130.5	0.00385224
130.6	0.00383194
130.7	0.00380744
130.8	0.00378151
130.9	0.00376015
131	0.00374121
131.1	0.00372385
131.2	0.00370813
131.3	0.00369177
131.4	0.00367836
131.5	0.00366398
131.6	0.00364817
131.7	0.00363146
131.8	0.00361622
131.9	0.00360287
132	0.00358886
132.1	0.0035758
132.2	0.00356009
132.3	0.00353767
132.4	0.00351093
132.5	0.00348581
132.6	0.00346071
132.7	0.00343358
132.8	0.00340964
132.9	0.00339213
133	0.00337426
133.1	0.00335565
133.2	0.00333809
133.3	0.00331969
133.4	0.00329723
133.5	0.0032697
133.6	0.00324081
133.7	0.00320892
133.8	0.00317776
133.9	0.00314729
134	0.00311993
134.1	0.0030978
134.2	0.00307847
134.3	0.00305586
134.4	0.00302869
134.5	0.00300031
134.6	0.00297176
134.7	0.00293848
134.8	0.00290642
134.9	0.00287423
135	0.00284516
135.1	0.00281499
135.2	0.00278574
135.3	0.00275668
135.4	0.00272546
135.5	0.00269245
135.6	0.00265839
135.7	0.00263121
135.8	0.00260139
135.9	0.00257206
136	0.0025457
136.1	0.00252088
136.2	0.00249856
136.3	0.00248119
136.4	0.00246349
136.5	0.00244725
136.6	0.00242597
136.7	0.00239718
136.8	0.00237006
136.9	0.00234542
137	0.00231894
137.1	0.00229235
137.2	0.00226655
137.3	0.00224317
137.4	0.00222276
137.5	0.00220155
137.6	0.00218184
137.7	0.00216098
137.8	0.0021385
137.9	0.00211868
138	0.00209517
138.1	0.00206962
138.2	0.00203963
138.3	0.00200794
138.4	0.00197837
138.5	0.00195006
138.6	0.00192093
138.7	0.00189293
138.8	0.00185933
138.9	0.00182018
139	0.00177636
139.1	0.00173561
139.2	0.00169645
139.3	0.00165791
139.4	0.00162154
139.5	0.00158893
139.6	0.00155649
139.7	0.0015254
139.8	0.00149336
139.9	0.00145664
140	0.00142084
140.1	0.00138636
140.2	0.00135427
140.3	0.00132168
140.4	0.0012903
140.5	0.00126133
140.6	0.0012348
140.7	0.00120667
140.8	0.00118381
140.9	0.0011618
141	0.00113371
141.1	0.00110187
141.2	0.00106663
141.3	0.00103274
141.4	0.00100182
141.5	0.000974246
141.6	0.00095084
141.7	0.000926924
141.8	0.000902204
141.9	0.000878378
142	0.000858045
142.1	0.000842132
142.2	0.000828902
142.3	0.000818345
142.4	0.000811157
142.5	0.000804633
142.6	0.000799388
142.7	0.000794272
142.8	0.000787965
142.9	0.000783328
143	0.000783078
143.1	0.000786146
143.2	0.00078438
143.3	0.000780374
143.4	0.000774267
143.5	0.000763358
143.6	0.000746008
143.7	0.000727965
143.8	0.000708658
143.9	0.000689994
144	0.000672705
144.1	0.000657918
144.2	0.000644084
144.3	0.000628764
144.4	0.000609785
144.5	0.000592532
144.6	0.000581941
144.7	0.000577034
144.8	0.000574754
144.9	0.000569469
145	0.000562955
145.1	0.000557424
145.2	0.000550646
145.3	0.000541954
145.4	0.000527661
145.5	0.000509311
145.6	0.00049274
145.7	0.000479201
145.8	0.000463315
145.9	0.000450656
146	0.000440642
146.1	0.000431039
146.2	0.000425732
146.3	0.00042271
146.4	0.000417272
146.5	0.000410137
146.6	0.00040154
146.7	0.00039147
146.8	0.0003801
146.9	0.000373745
147	0.000374222
147.1	0.000377529
147.2	0.000383672
147.3	0.000386476
147.4	0.000384403
147.5	0.000382198
147.6	0.000382183
147.7	0.000384541
147.8	0.000385678
147.9	0.000384687
148	0.000383566
148.1	0.000385746
148.2	0.000388445
148.3	0.000391758
148.4	0.000397593
148.5	0.000407656
148.6	0.000412743
148.7	0.000421313
148.8	0.000434321
148.9	0.000453152
149	0.000481139
149.1	0.00051417
149.2	0.00054723
149.3	0.0005786
149.4	0.000610003
149.5	0.000640933
149.6	0.000671134
149.7	0.000696295
149.8	0.000720427
149.9	0.000743148
150	0.000763208
150.1	0.00078064
150.2	0.000799852
150.3	0.00082094
150.4	0.000838881
150.5	0.000859149
150.6	0.000880466
150.7	0.000901394
150.8	0.000913373
150.9	0.000922274
151	0.000929536
151.1	0.000936103
151.2	0.00094567
151.3	0.000962489
151.4	0.000983837
151.5	0.00101126
151.6	0.0010388
151.7	0.00106886
151.8	0.00110233
151.9	0.00113906
152	0.00117196
152.1	0.00120392
152.2	0.00123474
152.3	0.00126753
152.4	0.00130208
152.5	0.0013423
152.6	0.00138483
152.7	0.00142723
152.8	0.00147256
152.9	0.00151815
153	0.00155923
153.1	0.00159873
153.2	0.001635
153.3	0.00167079
153.4	0.00170343
153.5	0.00173031
153.6	0.00175484
153.7	0.00177607
153.8	0.00180037
153.9	0.00182005
154	0.00183472
154.1	0.00184918
154.2	0.00186595
154.3	0.00188475
154.4	0.00190763
154.5	0.00192992
154.6	0.0019545
154.7	0.0019758
154.8	0.00199297
154.9	0.00200377
155	0.00200571
155.1	0.00200567
155.2	0.00200847
155.3	0.00201247
155.4	0.0020173
155.5	0.00202249
155.6	0.00203038
155.7	0.00203541
155.8	0.00203988
155.9	0.00204569
156	0.00204873
156.1	0.00204947
156.2	0.0020458
156.3	0.00204389
156.4	0.0020412
156.5	0.00203786
156.6	0.00203308
156.7	0.00202931
156.8	0.00202205
156.9	0.00201176
157	0.00200245
157.1	0.0019927
157.2	0.0019828
157.3	0.00197415
157.4	0.00196315
157.5	0.00194703
157.6	0.00192968
157.7	0.00190307
157.8	0.00187157
157.9	0.00183936
158	0.00180547
158.1	0.00177535
158.2	0.00175039
158.3	0.00172566
158.4	0.00170105
158.5	0.00167895
158.6	0.00166261
158.7	0.00165005
158.8	0.00164261
158.9	0.00163766
159	0.00163634
159.1	0.00163579
159.2	0.00163904
159.3	0.00164133
159.4	0.00163914
159.5	0.00163528
159.6	0.00163439
159.7	0.00163661
159.8	0.00163915
159.9	0.0016353
160	0.00162681
160.1	0.00162152
160.2	0.00161557
160.3	0.00161402
160.4	0.00161283
160.5	0.00161219
160.6	0.00160976
160.7	0.00160947
160.8	0.00160494
160.9	0.00160388
161	0.00159876
161.1	0.00158868
161.2	0.00157296
161.3	0.00155276
161.4	0.00153559
161.5	0.0015162
161.6	0.00149465
161.7	0.00147332
161.8	0.00145326
161.9	0.00143599
162	0.00141725
162.1	0.00140273
162.2	0.00139266
162.3	0.00138614
162.4	0.00137936
162.5	0.00136889
162.6	0.00136077
162.7	0.00135878
162.8	0.00135793
162.9	0.00135621
163	0.00135401
163.1	0.00135144
163.2	0.00134982
163.3	0.0013482
163.4	0.00134281
163.5	0.00133702
163.6	0.0013308
163.7	0.00132871
163.8	0.00133313
163.9	0.00134373
164	0.00135721
164.1	0.00137378
164.2	0.00139623
164.3	0.00142325
164.4	0.00145771
164.5	0.00149873
164.6	0.00153712
164.7	0.00156969
164.8	0.00159542
164.9	0.00162076
165	0.00165119
165.1	0.00168537
165.2	0.00172577
165.3	0.00176402
165.4	0.00180486
165.5	0.00184616
165.6	0.00188965
165.7	0.00193308
165.8	0.00197016
165.9	0.00199938
166	0.00202524
166.1	0.00204861
166.2	0.00207224
166.3	0.00209164
166.4	0.00210855
166.5	0.0021185
166.6	0.00212284
166.7	0.00212504
166.8	0.00212808
166.9	0.00213271
167	0.00213814
167.1	0.00214196
167.2	0.00214037
167.3	0.00213426
167.4	0.00212766
167.5	0.00212263
167.6	0.00211671
167.7	0.00211008
167.8	0.0021077
167.9	0.00210445
168	0.00210272
168.1	0.00209976
168.2	0.00209482
168.3	0.00209134
168.4	0.00208835
168.5	0.00208359
168.6	0.00207895
168.7	0.00207834
168.8	0.00207634
168.9	0.00207342
169	0.00207249
169.1	0.00206759
169.2	0.00206455
169.3	0.00206506
169.4	0.00206622
169.5	0.00207022
169.6	0.00208136
169.7	0.00209518
169.8	0.00211204
169.9	0.00213061
170	0.00214654
170.1	0.00215886
170.2	0.00217563
170.3	0.00219531
170.4	0.00221356
170.5	0.00223363
170.6	0.00225653
170.7	0.00228048
170.8	0.00230594
170.9	0.00232797
171	0.00235185
171.1	0.00237366
171.2	0.00239223
171.3	0.00240368
171.4	0.00241299
171.5	0.00242231
171.6	0.00243261
171.7	0.00244665
171.8	0.00246462
171.9	0.00248343
172	0.00249619
172.1	0.00250353
172.2	0.00250993
172.3	0.00251939
172.4	0.002536
172.5	0.00255355
172.6	0.00256841
172.7	0.00258575
172.8	0.00260186
172.9	0.0026129
173	0.00262192
173.1	0.00263029
173.2	0.00264027
173.3	0.00265122
173.4	0.00265833
173.5	0.0026668
173.6	0.0026776
173.7	0.00268511
173.8	0.00269122
173.9	0.00269105
174	0.00269002
174.1	0.00269203
174.2	0.00269237
174.3	0.00269284
174.4	0.0026968
174.5	0.0027055
174.6	0.0027177
174.7	0.00273353
174.8	0.00275418
174.9	0.00277963
175	0.00280841
175.1	0.00283805
175.2	0.00286431
175.3	0.00288436
175.4	0.00290507
175.5	0.00292661
175.6	0.0029439
175.7	0.00296268
175.8	0.00298082
175.9	0.00300164
176	0.00301848
176.1	0.00303612
176.2	0.00306257
176.3	0.00309255
176.4	0.00312334
176.5	0.00314977
176.6	0.00317566
176.7	0.00319888
176.8	0.00322351
176.9	0.00324869
177	0.00327304
177.1	0.00329504
177.2	0.00331611
177.3	0.00333988
177.4	0.00336426
177.5	0.00338574
177.6	0.00340349
177.7	0.0034167
177.8	0.00342928
177.9	0.00344294
178	0.00344979
178.1	0.00345726
178.2	0.00346656
178.3	0.00347383
178.4	0.00347514
178.5	0.00347643
178.6	0.00347224
178.7	0.00346945
178.8	0.00346979
178.9	0.0034696
179	0.00346729
179.1	0.00345823
179.2	0.00344734
179.3	0.00343275
179.4	0.00341924
179.5	0.00340934
179.6	0.00340221
179.7	0.00339727
179.8	0.0033935
179.9	0.00338983
180	0.00338677
180.1	0.0033822
180.2	0.00337916
180.3	0.00337497
180.4	0.003372
180.5	0.00336985
180.6	0.00336269
180.7	0.00335595
180.8	0.0033506
180.9	0.00334746
181	0.00334635
181.1	0.00334377
181.2	0.00334446
181.3	0.00334215
181.4	0.00333781
181.5	0.00333202
181.6	0.00332373
181.7	0.00331127
181.8	0.00329647
181.9	0.00328226
182	0.00326591
182.1	0.00325005
182.2	0.00323774
182.3	0.00322517
182.4	0.00321041
182.5	0.00320019
182.6	0.00319395
182.7	0.00319401
182.8	0.00319796
182.9	0.00319921
183	0.00320029
183.1	0.00320532
183.2	0.00321154
183.3	0.0032163
183.4	0.00322132
183.5	0.00323078
183.6	0.00324158
183.7	0.00325012
183.8	0.00325508
183.9	0.00325615
184	0.00325373
184.1	0.00324917
184.2	0.00324386
184.3	0.00323808
184.4	0.00323056
184.5	0.00322106
184.6	0.00321546
184.7	0.00321278
184.8	0.00321239
184.9	0.00321776
185	0.00323001
185.1	0.00324668
185.2	0.0032685
185.3	0.00328665
185.4	0.00330254
185.5	0.00331221
185.6	0.00331316
185.7	0.00331247
185.8	0.00331081
185.9	0.00331431
186	0.0033214
186.1	0.00333361
186.2	0.003342
186.3	0.00334798
186.4	0.00335272
186.5	0.00335915
186.6	0.00336469
186.7	0.00336947
186.8	0.00337565
186.9	0.00338567
187	0.0033947
187.1	0.00340436
187.2	0.00341788
187.3	0.00342833
187.4	0.00343558
187.5	0.00344059
187.6	0.00344764
187.7	0.00345656
187.8	0.0034665
187.9	0.00348135
188	0.00349728
188.1	0.00351645
188.2	0.00353736
188.3	0.00355549
188.4	0.00356647
188.5	0.00357504
188.6	0.00358247
188.7	0.00358469
188.8	0.00358604
188.9	0.0035898
189	0.00358718
189.1	0.00358334
189.2	0.00357664
189.3	0.0035721
189.4	0.00356583
189.5	0.00355964
189.6	0.00355617
189.7	0.00355085
189.8	0.00354621
189.9	0.00354354
190	0.00353949
190.1	0.00353466
190.2	0.00353135
190.3	0.00352894
190.4	0.00353053
190.5	0.00353827
190.6	0.00354952
190.7	0.00356185
190.8	0.0035761
190.9	0.00358635
191	0.00359796
191.1	0.0036082
191.2	0.00361781
191.3	0.00362453
191.4	0.00362707
191.5	0.00362999
191.6	0.00363503
191.7	0.00363898
191.8	0.00364125
191.9	0.00364459
192	0.00364786
192.1	0.00364845
192.2	0.0036364
192.3	0.00361207
192.4	0.00358371
192.5	0.00355155
192.6	0.00351801
192.7	0.00348597
192.8	0.00345862
192.9	0.00343335
193	0.00340657
193.1	0.00337958
193.2	0.00335413
193.3	0.00333238
193.4	0.00330891
193.5	0.00328468
193.6	0.00326016
193.7	0.00323639
193.8	0.00321147
193.9	0.00318266
194	0.00315067
194.1	0.00311728
194.2	0.00308342
194.3	0.0030506
194.4	0.00302219
194.5	0.00299623
194.6	0.00298061
194.7	0.00297154
194.8	0.00296149
194.9	0.00294992
195	0.00293626
195.1	0.00291941
195.2	0.00289465
195.3	0.00286207
195.4	0.00283535
195.5	0.00281044
195.6	0.00278639
195.7	0.0027661
195.8	0.00274562
195.9	0.00272262
196	0.00269843
196.1	0.0026743
196.2	0.00265297
196.3	0.00263337
196.4	0.00261348
196.5	0.00258729
196.6	0.00255845
196.7	0.00252282
196.8	0.002479
196.9	0.00243065
197	0.00238152
197.1	0.00233474
197.2	0.00228943
197.3	0.00224789
197.4	0.00220945
197.5	0.00216833
197.6	0.00212579
197.7	0.00208595
197.8	0.00204896
197.9	0.00201792
198	0.00198839
198.1	0.00195691
198.2	0.00192742
198.3	0.00189671
198.4	0.00187383
198.5	0.00185394
198.6	0.00183597
198.7	0.00181939
198.8	0.00180119
198.9	0.00177788
199	0.00175685
199.1	0.00173704
199.2	0.00171134
199.3	0.00168457
199.4	0.00166109
199.5	0.00164208
199.6	0.00162497
199.7	0.00161228
199.8	0.00160277
199.9	0.00159388
200	0.00159089
200.1	0.00159127
200.2	0.0015914
200.3	0.00159298
200.4	0.0015912
200.5	0.00158553
200.6	0.00157796
200.7	0.00156831
200.8	0.00155797
200.9	0.00154594
201	0.00153846
201.1	0.00153453
201.2	0.00153208
201.3	0.00152689
201.4	0.00152507
201.5	0.00152798
201.6	0.00153609
201.7	0.00154833
201.8	0.00156057
201.9	0.001569
202	0.00157238
202.1	0.00157457
202.2	0.00157396
202.3	0.00157051
202.4	0.00156938
202.5	0.00157048
202.6	0.00156875
202.7	0.00156774
202.8	0.00156202
202.9	0.00155759
203	0.0015537
203.1	0.0015507
203.2	0.00154685
203.3	0.00154733
203.4	0.00154835
203.5	0.00154606
203.6	0.00154283
203.7	0.0015365
203.8	0.00152535
203.9	0.00151119
204	0.0014994
204.1	0.00149514
204.2	0.00149726
204.3	0.00150315
204.4	0.00150713
204.5	0.00151377
204.6	0.00152049
204.7	0.00152174
204.8	0.0015184
204.9	0.00151787
205	0.00152434
205.1	0.0015301
205.2	0.00153919
205.3	0.00154936
205.4	0.00156386
205.5	0.00158109
205.6	0.00159754
205.7	0.00161663
205.8	0.00163447
205.9	0.00164577
206	0.0016476
206.1	0.00164316
206.2	0.00164208
206.3	0.00164407
206.4	0.00164121
206.5	0.0016348
206.6	0.00162576
206.7	0.00161555
206.8	0.00161121
206.9	0.00160816
207	0.00160364
207.1	0.0015953
207.2	0.00158259
207.3	0.00156879
207.4	0.0015578
207.5	0.00154828
207.6	0.00153685
207.7	0.00152281
207.8	0.00150373
207.9	0.00148355
208	0.00146038
208.1	0.00143533
208.2	0.00141189
208.3	0.00138465
208.4	0.00135944
208.5	0.00133225
208.6	0.00130767
208.7	0.00128766
208.8	0.00126867
208.9	0.00124955
209	0.00122683
209.1	0.00120101
209.2	0.00117184
209.3	0.00114283
209.4	0.00111497
209.5	0.00109512
209.6	0.00108084
209.7	0.00106759
209.8	0.00105054
209.9	0.0010284
210	0.00100504
210.1	0.000986481
210.2	0.000976096
210.3	0.000970244
210.4	0.000957824
210.5	0.000943988
210.6	0.000930658
210.7	0.000917427
210.8	0.000905664
210.9	0.000895822
211	0.000886982
211.1	0.000882385
211.2	0.000875355
211.3	0.000868762
211.4	0.000865398
211.5	0.000864169
211.6	0.000866488
211.7	0.000870824
211.8	0.000876077
211.9	0.000880237
212	0.000884549
212.1	0.00088682
212.2	0.000891403
212.3	0.000898442
212.4	0.000911029
212.5	0.000922921
212.6	0.000936291
212.7	0.000951385
212.8	0.000966734
212.9	0.000978655
213	0.000987219
213.1	0.0009924
213.2	0.000998072
213.3	0.0010045
213.4	0.00101408
213.5	0.00102854
213.6	0.00104838
213.7	0.00107285
213.8	0.00109479
213.9	0.00111055
214	0.00112094
214.1	0.00112956
214.2	0.00113606
214.3	0.00113752
214.4	0.00113459
214.5	0.00113193
214.6	0.0011309
214.7	0.00112831
214.8	0.00112876
214.9	0.00113029
215	0.00113003
215.1	0.00112842
215.2	0.00112636
215.3	0.0011241
215.4	0.00112134
215.5	0.00111972
215.6	0.00112007
215.7	0.00112065
215.8	0.00111916
215.9	0.00111559
216	0.00111225
216.1	0.00110399
216.2	0.00109623
216.3	0.00109313
216.4	0.00108839
216.5	0.00108503
216.6	0.00107972
216.7	0.00107301
216.8	0.00106015
216.9	0.00104532
217	0.00103582
217.1	0.00103002
217.2	0.00102538
217.3	0.00102093
217.4	0.00101623
217.5	0.0010123
217.6	0.00101125
217.7	0.00100731
217.8	0.00100416
217.9	0.000998971
218	0.000989461
218.1	0.000979603
218.2	0.000968363
218.3	0.000957292
218.4	0.000948048
218.5	0.000942228
218.6	0.000939789
218.7	0.000940088
218.8	0.000938672
218.9	0.000937989
219	0.000932117
219.1	0.000925464
219.2	0.000918016
219.3	0.000911777
219.4	0.000907552
219.5	0.00090563
219.6	0.000902609
219.7	0.000900657
219.8	0.000899199
219.9	0.00089823
220	0.000899761
220.1	0.000902375
220.2	0.000904268
220.3	0.000904455
220.4	0.000911835
220.5	0.000926688
220.6	0.000946864
220.7	0.000969766
220.8	0.000990262
220.9	0.00101087
221	0.00102913
221.1	0.00104167
221.2	0.00105059
221.3	0.00106104
221.4	0.0010664
221.5	0.00107108
221.6	0.00107266
221.7	0.00107381
221.8	0.00107846
221.9	0.00108526
222	0.00109014
222.1	0.00109674
222.2	0.00110662
222.3	0.00111898
222.4	0.00113465
222.5	0.00115037
222.6	0.00117029
222.7	0.001191
222.8	0.00121589
222.9	0.00124429
223	0.00127271
223.1	0.00130017
223.2	0.0013265
223.3	0.00135556
223.4	0.00138851
223.5	0.0014277
223.6	0.00146689
223.7	0.00150241
223.8	0.00153459
223.9	0.001562
224	0.00158781
224.1	0.00161028
224.2	0.00162918
224.3	0.00164652
224.4	0.00166025
224.5	0.00167195
224.6	0.00168121
224.7	0.00169319
224.8	0.00170756
224.9	0.00172015
225	0.00173352
225.1	0.0017489
225.2	0.0017684
225.3	0.00179087
225.4	0.00181335
225.5	0.00183263
225.6	0.00185002
225.7	0.00186449
225.8	0.00188264
225.9	0.0018974
226	0.00191005
226.1	0.00192202
226.2	0.00193515
226.3	0.00194433
226.4	0.00195605
226.5	0.00196741
226.6	0.00198146
226.7	0.00199551
226.8	0.00200836
226.9	0.0020223
227	0.00203484
227.1	0.00204679
227.2	0.00205724
227.3	0.00206813
227.4	0.00207936
227.5	0.00209181
227.6	0.00210176
227.7	0.00210815
227.8	0.00211198
227.9	0.00211167
228	0.00210406
228.1	0.00209179
228.2	0.00207804
228.3	0.00206203
228.4	0.0020439
228.5	0.00202694
228.6	0.0020102
228.7	0.00199105
228.8	0.00197259
228.9	0.00195556
229	0.00193808
229.1	0.00191836
229.2	0.0018971
229.3	0.00187447
229.4	0.00184751
229.5	0.00181795
229.6	0.00178521
229.7	0.00174935
229.8	0.00171103
229.9	0.00166983
230	0.00162834
230.1	0.00158775
230.2	0.00154888
230.3	0.00150765
230.4	0.00146443
230.5	0.00142512
230.6	0.00138759
230.7	0.00135495
230.8	0.001331
230.9	0.0013106
231	0.0012903
231.1	0.00127002
231.2	0.00124695
231.3	0.00122366
231.4	0.00119849
231.5	0.00117308
231.6	0.00114847
231.7	0.00112774
231.8	0.00110871
231.9	0.00108978
232	0.0010683
232.1	0.00104548
232.2	0.00102178
232.3	0.000997129
232.4	0.000969263
232.5	0.000940607
232.6	0.000913038
232.7	0.000892736
232.8	0.00087845
232.9	0.000861049
233	0.000840744
233.1	0.000817346
233.2	0.000799505
233.3	0.00078684
233.4	0.000779446
233.5	0.000772872
233.6	0.000763157
233.7	0.00075561
233.8	0.000750597
233.9	0.000741728
234	0.000734733
234.1	0.000726011
234.2	0.000714831
234.3	0.000699188
234.4	0.0006774
234.5	0.000656384
234.6	0.000630666
234.7	0.000597373
234.8	0.000554813
234.9	0.000504339
235	0.000456237
235.1	0.000406997
235.2	0.000357728
235.3	0.00031046
235.4	0.00026374
235.5	0.000215811
235.6	0.000166646
235.7	0.00011814
235.8	7.11061e-05
235.9	2.7513e-05
236	-1.46149e-05
236.1	-5.85903e-05
236.2	-0.000104441
236.3	-0.00015302
236.4	-0.000201962
236.5	-0.000250189
236.6	-0.000297185
236.7	-0.000339501
236.8	-0.00037543
236.9	-0.000410596
237	-0.000447847
237.1	-0.000488234
237.2	-0.000529138
237.3	-0.000566767
237.4	-0.000607051
237.5	-0.00064385
237.6	-0.000679839
237.7	-0.000716205
237.8	-0.000757717
237.9	-0.000799105
238	-0.000845259
238.1	-0.000894895
238.2	-0.000943823
238.3	-0.000988527
238.4	-0.00103115
238.5	-0.00107115
238.6	-0.00111213
238.7	-0.00115446
238.8	-0.00119564
238.9	-0.00123663
239	-0.00127621
239.1	-0.00131537
239.2	-0.00135612
239.3	-0.00139553
239.4	-0.00143478
239.5	-0.00147424
239.6	-0.00151377
239.7	-0.00155144
239.8	-0.00158839
239.9	-0.00161862
240	-0.00164962
240.1	-0.00167825
240.2	-0.00170508
240.3	-0.00173423
240.4	-0.00176389
240.5	-0.00178703
240.6	-0.00180791
240.7	-0.00182699
240.8	-0.0018437
240.9	-0.00185665
241	-0.00186682
241.1	-0.00187724
241.2	-0.00189177
241.3	-0.00190804
241.4	-0.00192644
241.5	-0.00194505
241.6	-0.00196571
241.7	-0.00198028
241.8	-0.0019886
241.9	-0.00199207
242	-0.00199122
242.1	-0.0019883
242.2	-0.00198443
242.3	-0.00198076
242.4	-0.00197677
242.5	-0.00197661
242.6	-0.00197777
242.7	-0.00197827
242.8	-0.00197541
242.9	-0.00196966
243	-0.00196722
243.1	-0.00196655
243.2	-0.00196497
243.3	-0.00196641
243.4	-0.0019704
243.5	-0.00198084
243.6	-0.00199224
243.7	-0.00200105
243.8	-0.00201067
243.9	-0.00202411
244	-0.0020376
244.1	-0.00205171
244.2	-0.00206245
244.3	-0.00207215
244.4	-0.00207561
244.5	-0.0020744
244.6	-0.00207625
244.7	-0.0020775
244.8	-0.00208064
244.9	-0.00208853
245	-0.00209602
245.1	-0.00210483
245.2	-0.00211293
245.3	-0.00212032
245.4	-0.00212695
245.5	-0.00213187
245.6	-0.0021328
245.7	-0.00213448
245.8	-0.0021305
245.9	-0.00212223
246	-0.00210782
246.1	-0.00209777
246.2	-0.0020943
246.3	-0.00209716
246.4	-0.00209799
246.5	-0.00210093
246.6	-0.00209793
246.7	-0.00209499
246.8	-0.00209725
246.9	-0.00210354
247	-0.00210978
247.1	-0.00211311
247.2	-0.00211519
247.3	-0.00211497
247.4	-0.00212032
247.5	-0.00212774
247.6	-0.00213716
247.7	-0.00214249
247.8	-0.00213858
247.9	-0.00213373
248	-0.0021278
248.1	-0.00211932
248.2	-0.00211262
248.3	-0.00210828
248.4	-0.00210413
248.5	-0.00210201
248.6	-0.00210151
248.7	-0.00210196
248.8	-0.00210285
248.9	-0.00210324
249	-0.00210564
249.1	-0.00210743
249.2	-0.0021102
249.3	-0.00211385
249.4	-0.00211947
249.5	-0.0021207
249.6	-0.00211846
249.7	-0.00211434
249.8	-0.0021119
249.9	-0.00211566
250	-0.00211901
250.1	-0.00212337
250.2	-0.00212634
250.3	-0.00212773
250.4	-0.00212671
250.5	-0.00212542
250.6	-0.00212602
250.7	-0.00212835
250.8	-0.00213227
250.9	-0.00213172
251	-0.00212748
251.1	-0.00212113
251.2	-0.00211347
251.3	-0.00210772
251.4	-0.00209746
251.5	-0.00208391
251.6	-0.00207292
251.7	-0.00206242
251.8	-0.00205592
251.9	-0.00204578
252	-0.00203044
252.1	-0.00200969
252.2	-0.00198531
252.3	-0.0019606
252.4	-0.00193543
252.5	-0.00190824
252.6	-0.00187611
252.7	-0.00184309
252.8	-0.00181212
252.9	-0.00178262
253	-0.00175672
253.1	-0.00172963
253.2	-0.00170471
253.3	-0.00168386
253.4	-0.00167337
253.5	-0.0016703
253.6	-0.00167291
253.7	-0.00167372
253.8	-0.00167624
253.9	-0.00167572
254	-0.00167602
254.1	-0.00167601
254.2	-0.00167634
254.3	-0.00167295
254.4	-0.00166556
254.5	-0.00165934
254.6	-0.00165895
254.7	-0.00166496
254.8	-0.00167327
254.9	-0.00168684
255	-0.00170069
255.1	-0.00171531
255.2	-0.00172803
255.3	-0.00174159
255.4	-0.0017547
255.5	-0.00176725
255.6	-0.00178321
255.7	-0.00180062
255.8	-0.00181391
255.9	-0.00182949
256	-0.00184562
256.1	-0.00185972
256.2	-0.00186824
256.3	-0.00187026
256.4	-0.00186676
256.5	-0.0018573
256.6	-0.00184622
256.7	-0.00183598
256.8	-0.00182745
256.9	-0.00182132
257	-0.00181716
257.1	-0.00181287
257.2	-0.0018093
257.3	-0.00180386
257.4	-0.00180129
257.5	-0.00180168
257.6	-0.00180625
257.7	-0.0018113
257.8	-0.00181512
257.9	-0.00182043
258	-0.00181953
258.1	-0.00181501
258.2	-0.00181273
258.3	-0.00181201
258.4	-0.00181593
258.5	-0.00182126
258.6	-0.00182404
258.7	-0.00183146
258.8	-0.00184122
258.9	-0.00185155
259	-0.00186333
259.1	-0.00187565
259.2	-0.00188766
259.3	-0.00189785
259.4	-0.00190426
259.5	-0.0019056
259.6	-0.00190016
259.7	-0.00189324
259.8	-0.00188886
259.9	-0.00188627
260	-0.0018847
260.1	-0.00188848
260.2	-0.00189431
260.3	-0.00189676
260.4	-0.00189532
260.5	-0.00189162
260.6	-0.0018863
260.7	-0.00188466
260.8	-0.00189053
260.9	-0.00189933
261	-0.00191341
261.1	-0.00193632
261.2	-0.00196388
261.3	-0.00198959
261.4	-0.00201568
261.5	-0.00204759
261.6	-0.00208457
261.7	-0.00212147
261.8	-0.00216128
261.9	-0.00220267
262	-0.00224801
262.1	-0.00229823
262.2	-0.00234771
262.3	-0.0023968
262.4	-0.00244366
262.5	-0.00248872
262.6	-0.0025332
262.7	-0.00257706
262.8	-0.00262354
262.9	-0.0026727
263	-0.00272003
263.1	-0.00276364
263.2	-0.00280049
263.3	-0.00283449
263.4	-0.00287028
263.5	-0.00290122
263.6	-0.00292412
263.7	-0.00294728
263.8	-0.00296705
263.9	-0.00298381
264	-0.0029982
264.1	-0.00301186
264.2	-0.00302061
264.3	-0.00302423
264.4	-0.00302114
264.5	-0.00301642
264.6	-0.00300924
264.7	-0.00299979
264.8	-0.002986
264.9	-0.00297488
265	-0.00296344
265.1	-0.00295124
265.2	-0.00293754
265.3	-0.00292624
265.4	-0.00291477
265.5	-0.00289916
265.6	-0.00287892
265.7	-0.00285889
265.8	-0.00283869
265.9	-0.00282197
266	-0.00280632
266.1	-0.00279422
266.2	-0.00278048
266.3	-0.00276802
266.4	-0.00275383
266.5	-0.0027311
266.6	-0.00270328
266.7	-0.00267286
266.8	-0.00263971
266.9	-0.00260499
267	-0.00257093
267.1	-0.0025335
267.2	-0.00249359
267.3	-0.00245217
267.4	-0.0024082
267.5	-0.00236303
267.6	-0.00231128
267.7	-0.00225513
267.8	-0.00219625
267.9	-0.00213872
268	-0.00208356
268.1	-0.00203352
268.2	-0.0019877
268.3	-0.00194557
268.4	-0.00190149
268.5	-0.00185195
268.6	-0.00179892
268.7	-0.00174533
268.8	-0.0016937
268.9	-0.00164106
269	-0.00159139
269.1	-0.00154707
269.2	-0.00150439
269.3	-0.00146294
269.4	-0.00142414
269.5	-0.00138548
269.6	-0.00134419
269.7	-0.00129982
269.8	-0.00125298
269.9	-0.0012012
270	-0.00114726
270.1	-0.00109672
270.2	-0.00104494
270.3	-0.00099531
270.4	-0.000950979
270.5	-0.000911903
270.6	-0.000879695
270.7	-0.000849661
270.8	-0.000822987
270.9	-0.00079559
271	-0.00077034
271.1	-0.00074334
271.2	-0.000715274
271.3	-0.000691524
271.4	-0.000670723
271.5	-0.000654664
271.6	-0.00063935
271.7	-0.000624984
271.8	-0.00061414
271.9	-0.000605372
272	-0.000595293
272.1	-0.000581559
272.2	-0.000569875
272.3	-0.000566893
272.4	-0.000568923
272.5	-0.000569031
272.6	-0.000570486
272.7	-0.000575541
272.8	-0.000582734
272.9	-0.000589846
273	-0.000591298
273.1	-0.000581587
273.2	-0.000567768
273.3	-0.00055488
273.4	-0.000541197
273.5	-0.000527411
273.6	-0.000516252
273.7	-0.000505986
273.8	-0.000494142
273.9	-0.000484987
274	-0.00048028
274.1	-0.000481246
274.2	-0.000479647
274.3	-0.000478053
274.4	-0.000477811
274.5	-0.000477528
274.6	-0.000474535
274.7	-0.000469585
274.8	-0.000453822
274.9	-0.000431155
275	-0.000406513
275.1	-0.000385033
275.2	-0.000361302
275.3	-0.000334048
275.4	-0.000307217
275.5	-0.00028186
275.6	-0.000256758
275.7	-0.000234655
275.8	-0.000220523
275.9	-0.000209172
276	-0.00019276
276.1	-0.000174504
276.2	-0.000156612
276.3	-0.000142348
276.4	-0.0001311
276.5	-0.000119124
276.6	-0.000106798
276.7	-9.2585e-05
276.8	-7.73817e-05
276.9	-6.30572e-05
277	-5.33314e-05
277.1	-4.4293e-05
277.2	-4.04079e-05
277.3	-3.89157e-05
277.4	-4.26543e-05
277.5	-4.78203e-05
277.6	-5.02923e-05
277.7	-5.27392e-05
277.8	-5.73676e-05
277.9	-6.35822e-05
278	-7.32905e-05
278.1	-8.87664e-05
278.2	-0.000105854
278.3	-0.000122923
278.4	-0.000133129
278.5	-0.000134942
278.6	-0.000131759
278.7	-0.000124283
278.8	-0.000116677
278.9	-0.000111563
279	-0.000111235
279.1	-0.000112156
279.2	-0.000115155
279.3	-0.000117434
279.4	-0.000121701
279.5	-0.000124669
279.6	-0.000123914
279.7	-0.000122535
279.8	-0.000120784
279.9	-0.000123648
280	-0.000126842
280.1	-0.000130381
280.2	-0.000134329
280.3	-0.000140697
280.4	-0.000148478
280.5	-0.000156072
280.6	-0.000161767
280.7	-0.000172769
280.8	-0.000183869
280.9	-0.000193049
281	-0.00020297
281.1	-0.000216982
281.2	-0.000237406
281.3	-0.000261426
281.4	-0.000283851
281.5	-0.000301738
281.6	-0.000320637
281.7	-0.000343597
281.8	-0.000368366
281.9	-0.000394271
282	-0.000420828
282.1	-0.000443682
282.2	-0.000466111
282.3	-0.000485663
282.4	-0.000499799
282.5	-0.00050515
282.6	-0.000503879
282.7	-0.000499094
282.8	-0.000484511
282.9	-0.000468082
283	-0.000457398
283.1	-0.000447395
283.2	-0.00044004
283.3	-0.000434636
283.4	-0.000429422
283.5	-0.000420325
283.6	-0.000414392
283.7	-0.000414311
283.8	-0.000414848
283.9	-0.000417549
284	-0.000424277
284.1	-0.000436572
284.2	-0.000448776
284.3	-0.00045928
284.4	-0.000468856
284.5	-0.000480166
284.6	-0.00049373
284.7	-0.000503968
284.8	-0.000510629
284.9	-0.000512452
285	-0.000515173
285.1	-0.000523214
285.2	-0.000536156
285.3	-0.000548828
285.4	-0.000558795
285.5	-0.000568459
285.6	-0.000577701
285.7	-0.000588627
285.8	-0.000602764
285.9	-0.000617026
286	-0.000632435
286.1	-0.000649041
286.2	-0.000665963
286.3	-0.000687829
286.4	-0.00071511
286.5	-0.0007427
286.6	-0.000770457
286.7	-0.000795868
286.8	-0.00081855
286.9	-0.000843746
287	-0.000866853
287.1	-0.000891421
287.2	-0.000915767
287.3	-0.000935905
287.4	-0.000950491
287.5	-0.000960797
287.6	-0.000969456
287.7	-0.000978414
287.8	-0.000986083
287.9	-0.000990355
288	-0.000991895
288.1	-0.000994526
288.2	-0.000992038
288.3	-0.000992952
288.4	-0.000995138
288.5	-0.000997412
288.6	-0.000995365
288.7	-0.000992738
288.8	-0.000990997
288.9	-0.000989259
289	-0.000987112
289.1	-0.000978695
289.2	-0.000970981
289.3	-0.00095987
289.4	-0.000947953
289.5	-0.000932603
289.6	-0.000919039
289.7	-0.000908378
289.8	-0.000898153
289.9	-0.000887302
290	-0.000878061
290.1	-0.000873544
290.2	-0.000867736
290.3	-0.000861748
290.4	-0.000853625
290.5	-0.000847953
290.6	-0.000848325
290.7	-0.000854029
290.8	-0.000864403
290.9	-0.000873107
291	-0.000876059
291.1	-0.000872566
291.2	-0.000869855
291.3	-0.000865714
291.4	-0.000860204
291.5	-0.000855773
291.6	-0.000856012
291.7	-0.000858565
291.8	-0.00086317
291.9	-0.000866301
292	-0.000864794
292.1	-0.000855404
292.2	-0.000841739
292.3	-0.000829509
292.4	-0.000821833
292.5	-0.000815138
292.6	-0.000811471
292.7	-0.000811193
292.8	-0.000814948
292.9	-0.000821069
293	-0.000823781
293.1	-0.00082243
293.2	-0.000818325
293.3	-0.000814776
293.4	-0.000807513
293.5	-0.000796477
293.6	-0.000781633
293.7	-0.000760823
293.8	-0.000735753
293.9	-0.000707828
294	-0.000681325
294.1	-0.000654029
294.2	-0.000625596
294.3	-0.000595156
294.4	-0.000560103
294.5	-0.000523013
294.6	-0.000487687
294.7	-0.000456777
294.8	-0.000428157
294.9	-0.000402152
295	-0.000382657
295.1	-0.000362927
295.2	-0.000340896
295.3	-0.000317724
295.4	-0.000293411
295.5	-0.000268038
295.6	-0.00023746
295.7	-0.000204433
295.8	-0.000168249
295.9	-0.000129014
296	-8.98618e-05
296.1	-4.71515e-05
296.2	-5.73281e-06
296.3	3.29728e-05
296.4	7.0878e-05
296.5	0.000108766
296.6	0.000148967
296.7	0.000184687
296.8	0.000215181
296.9	0.000245766
297	0.00027585
297.1	0.000308566
297.2	0.000346511
297.3	0.000390244
297.4	0.000441193
297.5	0.000493478
297.6	0.000545493
297.7	0.000596925
297.8	0.000645629
297.9	0.000691421
298	0.000734492
298.1	0.000772899
298.2	0.000809189
298.3	0.000845245
298.4	0.0008778
298.5	0.000905035
298.6	0.000932293
298.7	0.000957073
298.8	0.000980596
298.9	0.00100377
299	0.00103089
299.1	0.0010604
299.2	0.00108982
299.3	0.0011151
299.4	0.00113003
299.5	0.00114001
299.6	0.00114312
299.7	0.00114073
299.8	0.00114042
299.9	0.00114295
300	0.00114774
300.1	0.00115791
300.2	0.00116835
300.3	0.00117964
300.4	0.00119221
300.5	0.00120382
300.6	0.00121202
300.7	0.00121763
300.8	0.0012217
300.9	0.00122058
301	0.00122013
301.1	0.00122004
301.2	0.00122301
301.3	0.0012282
301.4	0.00123487
301.5	0.0012395
301.6	0.00123933
301.7	0.00123701
301.8	0.00123255
301.9	0.00122194
302	0.00120362
302.1	0.00117877
302.2	0.00115138
302.3	0.0011243
302.4	0.00109768
302.5	0.00106887
302.6	0.00103972
302.7	0.00101125
302.8	0.000985312
302.9	0.000957685
303	0.000929052
303.1	0.000902638
303.2	0.000878363
303.3	0.000857735
303.4	0.000836805
303.5	0.000808807
303.6	0.000778538
303.7	0.00075365
303.8	0.000733992
303.9	0.000722151
304	0.000715054
304.1	0.000715467
304.2	0.000718659
304.3	0.000725652
304.4	0.000735827
304.5	0.000751262
304.6	0.000769638
304.7	0.000791872
304.8	0.000816234
304.9	0.00084059
305	0.000859258
305.1	0.000874206
305.2	0.000891483
305.3	0.00090947
305.4	0.000929333
305.5	0.000954557
305.6	0.000980617
305.7	0.00100361
305.8	0.00102278
305.9	0.00104021
306	0.00105488
306.1	0.00106461
306.2	0.00106966
306.3	0.00107304
306.4	0.00107907
306.5	0.00107973
306.6	0.00107733
306.7	0.0010713
306.8	0.00106377
306.9	0.0010567
307	0.0010575
307.1	0.00106383
307.2	0.00107304
307.3	0.00108331
307.4	0.00108943
307.5	0.00109674
307.6	0.0011063
307.7	0.0011148
307.8	0.00112195
307.9	0.0011211
308	0.00111689
308.1	0.00111191
308.2	0.00110905
308.3	0.00110911
308.4	0.00110796
308.5	0.00110852
308.6	0.00111346
308.7	0.00112274
308.8	0.00113415
308.9	0.00114138
309	0.00114488
309.1	0.00115021
309.2	0.00115404
309.3	0.0011572
309.4	0.00115993
309.5	0.00115917
309.6	0.001158
309.7	0.00115164
309.8	0.00114079
309.9	0.00112925
310	0.00111741
310.1	0.001106
310.2	0.00109678
310.3	0.00109111
310.4	0.00108635
310.5	0.00108154
310.6	0.00107908
310.7	0.00107794
310.8	0.00107273
310.9	0.00107066
311	0.00107063
311.1	0.00106505
311.2	0.00105562
311.3	0.0010467
311.4	0.00103513
311.5	0.00102243
311.6	0.00101537
311.7	0.00101018
311.8	0.00100473
311.9	0.000999863
312	0.000992514
312.1	0.000984184
312.2	0.000975843
312.3	0.000966418
312.4	0.000955527
312.5	0.000944784
312.6	0.000933285
312.7	0.000920234
312.8	0.000899654
312.9	0.000881821
313	0.000861056
313.1	0.000844046
313.2	0.000832403
313.3	0.000822589
313.4	0.000813044
313.5	0.000799871
313.6	0.000781709
313.7	0.000761279
313.8	0.000743685
313.9	0.000725405
314	0.000704955
314.1	0.000681906
314.2	0.0006608
314.3	0.000640013
314.4	0.000615383
314.5	0.000594164
314.6	0.000572165
314.7	0.000549287
314.8	0.000530011
314.9	0.000515886
315	0.000499989
315.1	0.000485763
315.2	0.0004663
315.3	0.000441777
315.4	0.000414406
315.5	0.000388341
315.6	0.000362885
315.7	0.000337051
315.8	0.000307854
315.9	0.000278929
316	0.000249053
316.1	0.000223317
316.2	0.000195055
316.3	0.000166539
316.4	0.000135975
316.5	0.000106671
316.6	7.65062e-05
316.7	4.81954e-05
316.8	2.32192e-05
316.9	-3.36619e-06
317	-2.84832e-05
317.1	-4.78251e-05
317.2	-6.33481e-05
317.3	-7.5412e-05
317.4	-8.40322e-05
317.5	-9.13953e-05
317.6	-9.89006e-05
317.7	-0.000104524
317.8	-0.000108741
317.9	-0.000114234
318	-0.000120834
318.1	-0.00013011
318.2	-0.000141497
318.3	-0.000154441
318.4	-0.000170759
318.5	-0.00018765
318.6	-0.000203823
318.7	-0.000217231
318.8	-0.000230135
318.9	-0.000246828
319	-0.000267213
319.1	-0.000293439
319.2	-0.000317336
319.3	-0.000336227
319.4	-0.000357695
319.5	-0.000379454
319.6	-0.000402617
319.7	-0.000428518
319.8	-0.000451599
319.9	-0.000474169
320	-0.000494015
320.1	-0.000508341
320.2	-0.000516172
320.3	-0.0005179
320.4	-0.000519569
320.5	-0.000524624
320.6	-0.000528515
320.7	-0.000534693
320.8	-0.000544645
320.9	-0.000551786
321	-0.000553054
321.1	-0.00054842
321.2	-0.000538972
321.3	-0.00052377
321.4	-0.00050642
321.5	-0.000491733
321.6	-0.000472573
321.7	-0.000453677
321.8	-0.000439746
321.9	-0.000435275
322	-0.000427513
322.1	-0.000419401
322.2	-0.000413657
322.3	-0.000409705
322.4	-0.000404112
322.5	-0.000400796
322.6	-0.000395204
322.7	-0.000385134
322.8	-0.000374334
322.9	-0.000362474
323	-0.000353653
323.1	-0.000345571
323.2	-0.000336723
323.3	-0.000329728
323.4	-0.00032236
323.5	-0.000314667
323.6	-0.000307962
323.7	-0.000302005
323.8	-0.000301653
323.9	-0.000298703
324	-0.000291415
324.1	-0.000284086
324.2	-0.000271717
324.3	-0.000258573
324.4	-0.000240723
324.5	-0.000221264
324.6	-0.000205426
324.7	-0.000197369
324.8	-0.000192773
324.9	-0.000194492
325	-0.000196737
325.1	-0.000202733
325.2	-0.000210644
325.3	-0.000219087
325.4	-0.000226707
325.5	-0.000228969
325.6	-0.000227532
325.7	-0.000227347
325.8	-0.000231928
325.9	-0.000231741
326	-0.000231278
326.1	-0.000230664
326.2	-0.000227507
326.3	-0.000223428
326.4	-0.00021905
326.5	-0.000213107
326.6	-0.000213414
326.7	-0.00021258
326.8	-0.000212544
326.9	-0.000211703
327	-0.000214389
327.1	-0.000223026
327.2	-0.00023595
327.3	-0.000250431
327.4	-0.000263758
327.5	-0.000276435
327.6	-0.000295438
327.7	-0.000317896
327.8	-0.000342378
327.9	-0.000368135
328	-0.000392053
328.1	-0.00041832
328.2	-0.000442974
328.3	-0.000458507
328.4	-0.000470935
328.5	-0.000487316
328.6	-0.000509085
328.7	-0.00052983
328.8	-0.000551808
328.9	-0.000575532
329	-0.000592491
329.1	-0.000612196
329.2	-0.000634966
329.3	-0.000653323
329.4	-0.000669062
329.5	-0.000683642
329.6	-0.000698458
329.7	-0.000711824
329.8	-0.000724184
329.9	-0.000737498
330	-0.000748531
330.1	-0.000754416
330.2	-0.000759217
330.3	-0.000762059
330.4	-0.000767746
330.5	-0.00077886
330.6	-0.000793254
330.7	-0.000807971
330.8	-0.000817646
330.9	-0.00082415
331	-0.000832787
331.1	-0.000846543
331.2	-0.000861693
331.3	-0.000881501
331.4	-0.000903691
331.5	-0.000927895
331.6	-0.000949254
331.7	-0.000968114
331.8	-0.0009926
331.9	-0.00101727
332	-0.001037
332.1	-0.00105129
332.2	-0.00106396
332.3	-0.00107866
332.4	-0.00110067
332.5	-0.00112331
332.6	-0.00114252
332.7	-0.00116106
332.8	-0.00117698
332.9	-0.00118713
333	-0.00119055
333.1	-0.00118864
333.2	-0.00118165
333.3	-0.00117459
333.4	-0.0011634
333.5	-0.00115275
333.6	-0.00114413
333.7	-0.00113676
333.8	-0.00112948
333.9	-0.00112047
334	-0.00111402
334.1	-0.00110722
334.2	-0.00110203
334.3	-0.00109628
334.4	-0.00109411
334.5	-0.00109232
334.6	-0.00109119
334.7	-0.00108922
334.8	-0.00108852
334.9	-0.00108747
335	-0.00108816
335.1	-0.0010953
335.2	-0.00110331
335.3	-0.00110919
335.4	-0.00111276
335.5	-0.00111303
335.6	-0.00111149
335.7	-0.00110699
335.8	-0.00110543
335.9	-0.00109884
336	-0.00109036
336.1	-0.00108384
336.2	-0.00107959
336.3	-0.00107429
336.4	-0.00107099
336.5	-0.00106713
336.6	-0.00106517
336.7	-0.00106891
336.8	-0.00107875
336.9	-0.00109234
337	-0.00110549
337.1	-0.00111482
337.2	-0.0011233
337.3	-0.00113186
337.4	-0.00114037
337.5	-0.00114488
337.6	-0.00114362
337.7	-0.00113924
337.8	-0.00113024
337.9	-0.0011145
338	-0.00109228
338.1	-0.00106365
338.2	-0.00103606
338.3	-0.00101247
338.4	-0.000990789
338.5	-0.00096884
338.6	-0.00094863
338.7	-0.00093023
338.8	-0.000911986
338.9	-0.000894433
339	-0.000874825
339.1	-0.000849381
339.2	-0.000825884
339.3	-0.000808669
339.4	-0.000796168
339.5	-0.000783369
339.6	-0.000763293
339.7	-0.000737159
339.8	-0.000708352
339.9	-0.000684595
340	-0.000665352
340.1	-0.000646656
340.2	-0.000630321
340.3	-0.000615497
340.4	-0.000598929
340.5	-0.000585258
340.6	-0.000575139
340.7	-0.000567994
340.8	-0.000563252
340.9	-0.000564098
341	-0.000567571
341.1	-0.00057065
341.2	-0.000573129
341.3	-0.000573701
341.4	-0.000573222
341.5	-0.00057318
341.6	-0.000574421
341.7	-0.000573211
341.8	-0.000568236
341.9	-0.000558951
342	-0.000545266
342.1	-0.000530345
342.2	-0.000520069
342.3	-0.000512744
342.4	-0.000508492
342.5	-0.000505038
342.6	-0.000500706
342.7	-0.000497048
342.8	-0.000493523
342.9	-0.000492208
343	-0.000495303
343.1	-0.000495879
343.2	-0.000495756
343.3	-0.000494738
343.4	-0.00049641
343.5	-0.00049946
343.6	-0.000498675
343.7	-0.000497076
343.8	-0.000492602
343.9	-0.000492229
344	-0.000496935
344.1	-0.00050053
344.2	-0.000504526
344.3	-0.00050459
344.4	-0.000504548
344.5	-0.000508249
344.6	-0.000518075
344.7	-0.000530762
344.8	-0.000546369
344.9	-0.000558906
345	-0.000570461
345.1	-0.000582874
345.2	-0.000597731
345.3	-0.000613209
345.4	-0.000631158
345.5	-0.000645255
345.6	-0.000657701
345.7	-0.000663103
345.8	-0.000665043
345.9	-0.00066019
346	-0.000650651
346.1	-0.000639682
346.2	-0.000627127
346.3	-0.000617878
346.4	-0.000606787
346.5	-0.000596669
346.6	-0.000593077
346.7	-0.000589827
346.8	-0.000588796
346.9	-0.000583274
347	-0.000574502
347.1	-0.000562534
347.2	-0.000546137
347.3	-0.00052517
347.4	-0.000504358
347.5	-0.000485852
347.6	-0.000471611
347.7	-0.000454554
347.8	-0.000443018
347.9	-0.000432835
348	-0.000421196
348.1	-0.000408024
348.2	-0.000396172
348.3	-0.000376939
348.4	-0.000356943
348.5	-0.000338843
348.6	-0.000323421
348.7	-0.000308128
348.8	-0.000294755
348.9	-0.000284733
349	-0.000278197
349.1	-0.000276239
349.2	-0.000277596
349.3	-0.000279589
349.4	-0.000281818
349.5	-0.000283434
349.6	-0.00027981
349.7	-0.000275111
349.8	-0.000268276
349.9	-0.000260001
350	-0.000252745
350.1	-0.000244441
350.2	-0.000238456
350.3	-0.000233254
350.4	-0.000234648
350.5	-0.000238444
350.6	-0.000244274
350.7	-0.000246944
350.8	-0.000246925
350.9	-0.000251927
351	-0.000260596
351.1	-0.000276132
351.2	-0.000299943
351.3	-0.000327182
351.4	-0.000348334
351.5	-0.000368847
351.6	-0.000387217
351.7	-0.000401523
351.8	-0.000407934
351.9	-0.000405422
352	-0.000400022
352.1	-0.000389069
352.2	-0.000380082
352.3	-0.000362549
352.4	-0.000342285
352.5	-0.00032608
352.6	-0.000314304
352.7	-0.000306003
352.8	-0.000299464
352.9	-0.000292369
353	-0.00028327
353.1	-0.00027491
353.2	-0.000265309
353.3	-0.000251502
353.4	-0.000240252
353.5	-0.000234423
353.6	-0.000225265
353.7	-0.000215057
353.8	-0.000203332
353.9	-0.000195961
354	-0.000188013
354.1	-0.00018485
354.2	-0.000181682
354.3	-0.000178796
354.4	-0.000174707
354.5	-0.000173018
354.6	-0.000172612
354.7	-0.000175772
354.8	-0.000183427
354.9	-0.000197895
355	-0.000215247
355.1	-0.000234995
355.2	-0.000257035
355.3	-0.000282253
355.4	-0.000305467
355.5	-0.000328667
355.6	-0.000356735
355.7	-0.00038898
355.8	-0.000426133
355.9	-0.000460934
356	-0.000493788
356.1	-0.000521747
356.2	-0.000548659
356.3	-0.000573457
356.4	-0.000590977
356.5	-0.000601845
356.6	-0.000606269
356.7	-0.00060572
356.8	-0.000605518
356.9	-0.000610822
357	-0.000618153
357.1	-0.000621595
357.2	-0.000617162
357.3	-0.00061454
357.4	-0.000613359
357.5	-0.000617696
357.6	-0.000626558
357.7	-0.000633633
357.8	-0.000641285
357.9	-0.000641814
358	-0.000639451
358.1	-0.000641689
358.2	-0.000649145
358.3	-0.000658914
358.4	-0.000668242
358.5	-0.000679733
358.6	-0.000692316
358.7	-0.000705058
358.8	-0.000718828
358.9	-0.000733352
359	-0.000750422
359.1	-0.000766207
359.2	-0.000778533
359.3	-0.000794563
359.4	-0.00081665
359.5	-0.000840958
359.6	-0.000864246
359.7	-0.000884517
359.8	-0.000894248
359.9	-0.000900467
360	-0.000907163
360.1	-0.000917665
360.2	-0.000930774
360.3	-0.000944307
360.4	-0.000963293
360.5	-0.000982196
360.6	-0.00100132
360.7	-0.00102298
360.8	-0.00104091
360.9	-0.00105408
361	-0.00106431
361.1	-0.00107327
361.2	-0.00108448
361.3	-0.00109766
361.4	-0.00110705
361.5	-0.00111205
361.6	-0.00111688
361.7	-0.00111751
361.8	-0.00111801
361.9	-0.00111566
362	-0.001113
362.1	-0.00110949
362.2	-0.00110128
362.3	-0.00108923
362.4	-0.00108024
362.5	-0.00107327
362.6	-0.0010673
362.7	-0.00106225
362.8	-0.00106063
362.9	-0.00105759
363	-0.00105518
363.1	-0.00105304
363.2	-0.00105129
363.3	-0.00104638
363.4	-0.00103625
363.5	-0.00102153
363.6	-0.00100431
363.7	-0.000989131
363.8	-0.000975653
363.9	-0.000963143
364	-0.000952006
364.1	-0.000941295
364.2	-0.000930873
364.3	-0.000920106
364.4	-0.000908167
364.5	-0.000894151
364.6	-0.000878922
364.7	-0.000864531
364.8	-0.000851222
364.9	-0.000835534
365	-0.000816463
365.1	-0.000794414
365.2	-0.000775159
365.3	-0.000756179
365.4	-0.000742592
365.5	-0.000734163
365.6	-0.000730355
365.7	-0.000728789
365.8	-0.000724726
365.9	-0.000720071
366	-0.000717713
366.1	-0.00072269
366.2	-0.000729209
366.3	-0.000729429
366.4	-0.00072636
366.5	-0.000722934
366.6	-0.000722471
366.7	-0.00072506
366.8	-0.000729593
366.9	-0.000739399
367	-0.000752929
367.1	-0.000765591
367.2	-0.000774564
367.3	-0.000779362
367.4	-0.000781423
367.5	-0.000784575
367.6	-0.000787725
367.7	-0.000788445
367.8	-0.000790094
367.9	-0.000798091
368	-0.000812843
368.1	-0.000837297
368.2	-0.000862556
368.3	-0.000885625
368.4	-0.000902555
368.5	-0.000917627
368.6	-0.000928666
368.7	-0.000939203
368.8	-0.000951928
368.9	-0.000967982
369	-0.000986814
369.1	-0.00101076
369.2	-0.00104073
369.3	-0.00107833
369.4	-0.00111563
369.5	-0.00115281
369.6	-0.00118766
369.7	-0.0012242
369.8	-0.00125576
369.9	-0.00128281
370	-0.0013076
370.1	-0.00133557
370.2	-0.00136903
370.3	-0.00140462
370.4	-0.0014398
370.5	-0.00147594
370.6	-0.00151467
370.7	-0.00155317
370.8	-0.00158338
370.9	-0.00160506
371	-0.00162342
371.1	-0.00163826
371.2	-0.00165277
371.3	-0.00166468
371.4	-0.00167116
371.5	-0.00167159
371.6	-0.00166851
371.7	-0.00166369
371.8	-0.00165652
371.9	-0.00165213
372	-0.00164757
372.1	-0.00164532
372.2	-0.00164564
372.3	-0.00164859
372.4	-0.00165296
372.5	-0.00165979
372.6	-0.00166309
372.7	-0.00166449
372.8	-0.00167032
372.9	-0.00168214
373	-0.00169584
373.1	-0.00171381
373.2	-0.00173576
373.3	-0.00176178
373.4	-0.00178765
373.5	-0.0018079
373.6	-0.00182966
373.7	-0.00185237
373.8	-0.00187041
373.9	-0.00188732
374	-0.00190028
374.1	-0.0019108
374.2	-0.00191753
374.3	-0.00192062
374.4	-0.00192029
374.5	-0.00191797
374.6	-0.00191067
374.7	-0.0019031
374.8	-0.00189461
374.9	-0.00188626
375	-0.00187907
375.1	-0.00187312
375.2	-0.00187159
375.3	-0.00187258
375.4	-0.00187573
375.5	-0.0018792
375.6	-0.00188288
375.7	-0.00188977
375.8	-0.00189738
375.9	-0.00190202
376	-0.00190584
376.1	-0.00190776
376.2	-0.00190783
376.3	-0.00190961
376.4	-0.00191272
376.5	-0.00191525
376.6	-0.00191733
376.7	-0.00191725
376.8	-0.00192005
376.9	-0.00192034
377	-0.00192057
377.1	-0.00192355
377.2	-0.00192824
377.3	-0.00193202
377.4	-0.00193332
377.5	-0.00194042
377.6	-0.00195205
377.7	-0.0019641
377.8	-0.00197846
377.9	-0.00198866
378	-0.00200032
378.1	-0.00201489
378.2	-0.00202929
378.3	-0.00204713
378.4	-0.00206299
378.5	-0.0020797
378.6	-0.00209322
378.7	-0.00210686
378.8	-0.00212235
378.9	-0.00213596
379	-0.00214885
379.1	-0.00216029
379.2	-0.00217316
379.3	-0.00218755
379.4	-0.00220441
379.5	-0.00221934
379.6	-0.00223752
379.7	-0.00225673
379.8	-0.00227829
379.9	-0.00229679
380	-0.00231197
380.1	-0.00232692
380.2	-0.00234121
380.3	-0.00235863
380.4	-0.00237802
380.5	-0.00239584
380.6	-0.00241312
380.7	-0.00242808
380.8	-0.00244163
380.9	-0.00245153
381	-0.0024601
381.1	-0.00246639
381.2	-0.00247324
381.3	-0.00247995
381.4	-0.00249509
381.5	-0.00251301
381.6	-0.00252949
381.7	-0.00254381
381.8	-0.00255264
381.9	-0.00255526
382	-0.00255439
382.1	-0.00255049
382.2	-0.00254886
382.3	-0.00254452
382.4	-0.00254198
382.5	-0.00254508
382.6	-0.00254958
382.7	-0.0025542
382.8	-0.00255495
382.9	-0.00255441
383	-0.00255664
383.1	-0.00256054
383.2	-0.00256562
383.3	-0.00256833
383.4	-0.00256784
383.5	-0.00256083
383.6	-0.00255234
383.7	-0.00254185
383.8	-0.00252892
383.9	-0.00251611
384	-0.00250166
384.1	-0.00248417
384.2	-0.00246681
384.3	-0.00244929
384.4	-0.00243118
384.5	-0.0024091
384.6	-0.00238396
384.7	-0.00235572
384.8	-0.00232965
384.9	-0.00231165
385	-0.00229841
385.1	-0.00229268
385.2	-0.00228904
385.3	-0.00228452
385.4	-0.0022797
385.5	-0.0022734
385.6	-0.00226861
385.7	-0.00226762
385.8	-0.00226471
385.9	-0.00226169
386	-0.00225595
386.1	-0.00224708
386.2	-0.00222894
386.3	-0.00220815
386.4	-0.00219048
386.5	-0.00217545
386.6	-0.00216772
386.7	-0.00216291
386.8	-0.00215812
386.9	-0.00215176
387	-0.00214735
387.1	-0.00214548
387.2	-0.00214533
387.3	-0.00214773
387.4	-0.00215654
387.5	-0.00216866
387.6	-0.00217741
387.7	-0.00218584
387.8	-0.00219021
387.9	-0.00219643
388	-0.00220773
388.1	-0.00222063
388.2	-0.00223641
388.3	-0.00225363
388.4	-0.00226943
388.5	-0.00228384
388.6	-0.00229235
388.7	-0.0022967
388.8	-0.00229937
388.9	-0.00229956
389	-0.0022957
389.1	-0.00228818
389.2	-0.00227911
389.3	-0.00226783
389.4	-0.00225513
389.5	-0.00223877
389.6	-0.00221981
389.7	-0.00219726
389.8	-0.00217135
389.9	-0.00213903
390	-0.00210289
390.1	-0.00206516
390.2	-0.00202625
390.3	-0.00198813
390.4	-0.00194891
390.5	-0.00190866
390.6	-0.00186503
390.7	-0.0018209
390.8	-0.00177571
390.9	-0.00172796
391	-0.00167448
391.1	-0.0016232
391.2	-0.00157643
391.3	-0.0015314
391.4	-0.00148383
391.5	-0.00143558
391.6	-0.00139028
391.7	-0.00134778
391.8	-0.00130461
391.9	-0.00125692
392	-0.00120412
392.1	-0.0011494
392.2	-0.00109631
392.3	-0.00103931
392.4	-0.000981835
392.5	-0.000924083
392.6	-0.000869911
392.7	-0.00082324
392.8	-0.000779929
392.9	-0.000734411
393	-0.000689493
393.1	-0.000643045
393.2	-0.000591666
393.3	-0.000539795
393.4	-0.000485942
393.5	-0.000432033
393.6	-0.000376897
393.7	-0.000324096
393.8	-0.000272868
393.9	-0.000223565
394	-0.000175038
394.1	-0.000130765
394.2	-9.12415e-05
394.3	-5.02742e-05
394.4	-1.12817e-05
394.5	2.0444e-05
394.6	5.06569e-05
394.7	7.62299e-05
394.8	9.48422e-05
394.9	0.000111709
395	0.000126532
395.1	0.000137372
395.2	0.000147154
395.3	0.000157843
395.4	0.000167726
395.5	0.000179812
395.6	0.000190812
395.7	0.000200938
395.8	0.000215445
395.9	0.000231391
396	0.000250821
396.1	0.000270039
396.2	0.000286116
396.3	0.00029854
396.4	0.000307093
396.5	0.000314433
396.6	0.000319776
396.7	0.000323992
396.8	0.000329507
396.9	0.000339504
397	0.00034965
397.1	0.000360223
397.2	0.000374431
397.3	0.000393908
397.4	0.000418339
397.5	0.000445337
397.6	0.000469482
397.7	0.000491035
397.8	0.000509255
397.9	0.00052581
398	0.000539515
398.1	0.000552595
398.2	0.000564424
398.3	0.000584747
398.4	0.000606399
398.5	0.000628172
398.6	0.000646744
398.7	0.000665116
398.8	0.000681728
398.9	0.000701073
399	0.000721456
399.1	0.00074558
399.2	0.00077178
399.3	0.000797605
399.4	0.000823213
399.5	0.00085046
399.6	0.000875102
399.7	0.00089686
399.8	0.000912446
399.9	0.000925852
400	0.000941516
400.1	0.000953408
400.2	0.000958924
400.3	0.000959259
400.4	0.000957676
400.5	0.000956625
400.6	0.000958962
400.7	0.000961468
400.8	0.000963186
400.9	0.000970414
401	0.000978663
401.1	0.000984729
401.2	0.000988616
401.3	0.000992626
401.4	0.000999178
401.5	0.00100947
401.6	0.00101924
401.7	0.00103026
401.8	0.0010393
401.9	0.00105214
402	0.00107087
402.1	0.00109394
402.2	0.00111871
402.3	0.00114395
402.4	0.00117269
402.5	0.00119823
402.6	0.00122757
402.7	0.00125821
402.8	0.00128665
402.9	0.00131351
403	0.00134046
403.1	0.0013687
403.2	0.00139973
403.3	0.00143405
403.4	0.00147255
403.5	0.00150957
403.6	0.00154235
403.7	0.00157341
403.8	0.00160737
403.9	0.00164162
404	0.00167493
404.1	0.00170863
404.2	0.00174039
404.3	0.00177191
404.4	0.00180061
404.5	0.00183034
404.6	0.00185544
404.7	0.00187841
404.8	0.00190277
404.9	0.00192733
405	0.00195199
405.1	0.00197721
405.2	0.00200413
405.3	0.00202712
405.4	0.00204903
405.5	0.0020763
405.6	0.00210616
405.7	0.00213945
405.8	0.00217814
405.9	0.00222074
406	0.00226492
406.1	0.00230707
406.2	0.00235099
406.3	0.00239532
406.4	0.00244138
406.5	0.00248525
406.6	0.00252527
406.7	0.00256271
406.8	0.00259751
406.9	0.0026289
407	0.00265981
407.1	0.00268541
407.2	0.00269783
407.3	0.0027025
407.4	0.00270821
407.5	0.00271462
407.6	0.00271626
407.7	0.00271524
407.8	0.00271073
407.9	0.00270539
408	0.00269761
408.1	0.00269209
408.2	0.00269098
408.3	0.00269322
408.4	0.00269868
408.5	0.00270075
408.6	0.00269841
408.7	0.00269309
408.8	0.00268699
408.9	0.00268236
409	0.00267715
409.1	0.00267349
409.2	0.00266907
409.3	0.0026672
409.4	0.00266773
409.5	0.00266605
409.6	0.00266174
409.7	0.00265061
409.8	0.0026362
409.9	0.00262206
410	0.00261526
410.1	0.00261031
410.2	0.00260787
410.3	0.00260327
410.4	0.00259976
410.5	0.00259251
410.6	0.00257879
410.7	0.00256478
410.8	0.00255495
410.9	0.00254666
411	0.00253769
411.1	0.00252808
411.2	0.00251748
411.3	0.00250458
411.4	0.00249246
411.5	0.00248189
411.6	0.00247133
411.7	0.00245964
411.8	0.00244656
411.9	0.00243133
412	0.0024167
412.1	0.00240704
412.2	0.0024005
412.3	0.00239157
412.4	0.00238064
412.5	0.00236714
412.6	0.00235586
412.7	0.0023463
412.8	0.00234159
412.9	0.00233623
413	0.00233097
413.1	0.0023273
413.2	0.00232293
413.3	0.0023197
413.4	0.00231926
413.5	0.00231869
413.6	0.00231381
413.7	0.00230898
413.8	0.00230426
413.9	0.00229542
414	0.00228267
414.1	0.00226938
414.2	0.00225584
414.3	0.00223933
414.4	0.00222087
414.5	0.00220012
414.6	0.00217633
414.7	0.00214918
414.8	0.00212003
414.9	0.00209196
415	0.00206441
415.1	0.00203856
415.2	0.00201634
415.3	0.00199461
415.4	0.00197167
415.5	0.00194414
415.6	0.00191361
415.7	0.00188107
415.8	0.00184582
415.9	0.00180534
416	0.00176263
416.1	0.00172054
416.2	0.00168337
416.3	0.00165197
416.4	0.00162249
416.5	0.00159249
416.6	0.00156475
416.7	0.00153813
416.8	0.00150946
416.9	0.00147258
417	0.00143087
417.1	0.00139312
417.2	0.00135928
417.3	0.0013291
417.4	0.00130315
417.5	0.00127797
417.6	0.00125065
417.7	0.00122742
417.8	0.00120965
417.9	0.00119335
418	0.00117359
418.1	0.00115647
418.2	0.00114489
418.3	0.00113182
418.4	0.00111209
418.5	0.00109136
418.6	0.00106647
418.7	0.00103474
418.8	0.00100554
418.9	0.000984684
419	0.000967679
419.1	0.000948477
419.2	0.000927046
419.3	0.00090327
419.4	0.000880118
419.5	0.000859433
419.6	0.000840409
419.7	0.000815666
419.8	0.000788391
419.9	0.00075983
420	0.000729376
420.1	0.000701826
420.2	0.000672871
420.3	0.000645919
420.4	0.0006183
420.5	0.000590192
420.6	0.000566271
420.7	0.000548478
420.8	0.000534046
420.9	0.000519021
421	0.000504675
421.1	0.00049269
421.2	0.00047718
421.3	0.00045903
421.4	0.000438322
421.5	0.000417896
421.6	0.00039481
421.7	0.000371838
421.8	0.000346713
421.9	0.000325987
422	0.000307917
422.1	0.000293729
422.2	0.000279523
422.3	0.000266848
422.4	0.000254684
422.5	0.000245278
422.6	0.000230767
422.7	0.00021379
422.8	0.000201659
422.9	0.000196152
423	0.000192962
423.1	0.00019114
423.2	0.000185924
423.3	0.000178455
423.4	0.000174817
423.5	0.000181352
423.6	0.000192237
423.7	0.000204699
423.8	0.000210688
423.9	0.000210903
424	0.00021116
424.1	0.000216098
424.2	0.000219625
424.3	0.000221415
424.4	0.000217091
424.5	0.000207464
424.6	0.000194498
424.7	0.000182664
424.8	0.000171883
424.9	0.000160774
425	0.000148945
425.1	0.000133549
425.2	0.000119678
425.3	0.000105848
425.4	9.11698e-05
425.5	7.47663e-05
425.6	6.13427e-05
425.7	4.69235e-05
425.8	2.52518e-05
425.9	2.85662e-06
426	-2.1615e-05
426.1	-5.2669e-05
426.2	-9.18081e-05
426.3	-0.000135541
426.4	-0.000182898
426.5	-0.000228251
426.6	-0.000274387
426.7	-0.000319732
426.8	-0.000363653
426.9	-0.000405511
427	-0.000449885
427.1	-0.000491545
427.2	-0.000530656
427.3	-0.000566234
427.4	-0.000601537
427.5	-0.000637615
427.6	-0.000675599
427.7	-0.000715091
427.8	-0.000753953
427.9	-0.000790551
428	-0.000828729
428.1	-0.000868305
428.2	-0.000904461
428.3	-0.000941414
428.4	-0.000977849
428.5	-0.00101936
428.6	-0.00106029
428.7	-0.0011024
428.8	-0.00114093
428.9	-0.00116853
429	-0.00119364
429.1	-0.00121794
429.2	-0.001237
429.3	-0.00125279
429.4	-0.00126624
429.5	-0.00127474
429.6	-0.00127838
429.7	-0.0012798
429.8	-0.00127683
429.9	-0.00127542
430	-0.00127089
430.1	-0.00126298
430.2	-0.00125584
430.3	-0.00124738
430.4	-0.00123819
430.5	-0.00123336
430.6	-0.00122713
430.7	-0.00121555
430.8	-0.00120314
430.9	-0.00119319
431	-0.00117906
431.1	-0.0011611
431.2	-0.00114172
431.3	-0.00112016
431.4	-0.00109712
431.5	-0.00107866
431.6	-0.0010615
431.7	-0.0010422
431.8	-0.00102192
431.9	-0.00100174
432	-0.000978846
432.1	-0.000949624
432.2	-0.000911889
432.3	-0.000869939
432.4	-0.000830714
432.5	-0.000792987
432.6	-0.000754538
432.7	-0.000719232
432.8	-0.000690043
432.9	-0.000662888
433	-0.000635591
433.1	-0.000600424
433.2	-0.000561154
433.3	-0.000521337
433.4	-0.000479098
433.5	-0.000438018
433.6	-0.000398891
433.7	-0.000363627
433.8	-0.000331333
433.9	-0.000302575
434	-0.000275383
434.1	-0.000251841
434.2	-0.00023288
434.3	-0.000214434
434.4	-0.000196229
434.5	-0.000181088
434.6	-0.000169503
434.7	-0.000161144
434.8	-0.000157148
434.9	-0.000156318
435	-0.00015563
435.1	-0.000153455
435.2	-0.000153057
435.3	-0.000154498
435.4	-0.000153748
435.5	-0.000151302
435.6	-0.000149606
435.7	-0.000155878
435.8	-0.000167644
435.9	-0.000181903
436	-0.000192462
436.1	-0.000199598
436.2	-0.000208665
436.3	-0.000225625
436.4	-0.000246822
436.5	-0.000274543
436.6	-0.000305565
436.7	-0.000337074
436.8	-0.000365974
436.9	-0.000391933
437	-0.000414735
437.1	-0.000436357
437.2	-0.000455205
437.3	-0.00047412
437.4	-0.00049501
437.5	-0.000515581
437.6	-0.000541996
437.7	-0.000565836
437.8	-0.000591639
437.9	-0.000621294
438	-0.00065291
438.1	-0.000686746
438.2	-0.000716931
438.3	-0.000744392
438.4	-0.000763904
438.5	-0.00077099
438.6	-0.000774198
438.7	-0.000776627
438.8	-0.000780331
438.9	-0.000786048
439	-0.000791686
439.1	-0.000794814
439.2	-0.000800583
439.3	-0.000810764
439.4	-0.000823922
439.5	-0.000841869
439.6	-0.000863802
439.7	-0.000891105
439.8	-0.000921656
439.9	-0.000954841
440	-0.000988866
440.1	-0.00102015
440.2	-0.00105492
440.3	-0.00109002
440.4	-0.0011213
440.5	-0.00115221
440.6	-0.00118255
440.7	-0.0012137
440.8	-0.00124397
440.9	-0.00127522
441	-0.00130414
441.1	-0.00132699
441.2	-0.00134353
441.3	-0.00135104
441.4	-0.00135213
441.5	-0.00135327
441.6	-0.00135551
441.7	-0.00135589
441.8	-0.00135732
441.9	-0.00135731
442	-0.00135893
442.1	-0.00136075
442.2	-0.0013688
442.3	-0.00137707
442.4	-0.001385
442.5	-0.00138911
442.6	-0.00138964
442.7	-0.00138935
442.8	-0.00138897
442.9	-0.00139055
443	-0.00139214
443.1	-0.00139225
443.2	-0.00138926
443.3	-0.00138529
443.4	-0.00138426
443.5	-0.00138462
443.6	-0.0013862
443.7	-0.00138917
443.8	-0.0013947
443.9	-0.0014069
444	-0.00141764
444.1	-0.0014255
444.2	-0.00142598
444.3	-0.001421
444.4	-0.00141138
444.5	-0.00140249
444.6	-0.00139719
444.7	-0.00138972
444.8	-0.00137907
444.9	-0.00136551
445	-0.0013485
445.1	-0.00133045
445.2	-0.00131441
445.3	-0.00130085
445.4	-0.00129127
445.5	-0.00128083
445.6	-0.00127156
445.7	-0.0012638
445.8	-0.00125454
445.9	-0.0012425
446	-0.00122767
446.1	-0.00121183
446.2	-0.00119543
446.3	-0.00118395
446.4	-0.00117472
446.5	-0.00116206
446.6	-0.00114632
446.7	-0.00112756
446.8	-0.00110859
446.9	-0.0010859
447	-0.00105882
447.1	-0.00102697
447.2	-0.000996333
447.3	-0.000962215
447.4	-0.000930506
447.5	-0.000904427
447.6	-0.000883597
447.7	-0.000863251
447.8	-0.00084556
447.9	-0.000824493
448	-0.000802126
448.1	-0.000783882
448.2	-0.000764634
448.3	-0.000740711
448.4	-0.000709094
448.5	-0.000674649
448.6	-0.000636249
448.7	-0.000600816
448.8	-0.000567442
448.9	-0.000539815
449	-0.000513114
449.1	-0.000488705
449.2	-0.000469634
449.3	-0.000452119
449.4	-0.000433271
449.5	-0.000417446
449.6	-0.000402811
449.7	-0.000390244
449.8	-0.000381067
449.9	-0.00037013
450	-0.000357416
450.1	-0.000345896
450.2	-0.000334457
450.3	-0.000320087
450.4	-0.000307397
450.5	-0.000300525
450.6	-0.000294994
450.7	-0.000296607
450.8	-0.00030156
450.9	-0.00030513
451	-0.000306014
451.1	-0.000306135
451.2	-0.000309486
451.3	-0.000311596
451.4	-0.000313263
451.5	-0.000321701
451.6	-0.000333565
451.7	-0.000347088
451.8	-0.000360722
451.9	-0.000373004
452	-0.000387228
452.1	-0.000402057
452.2	-0.000416193
452.3	-0.000430736
452.4	-0.000448772
452.5	-0.00047061
452.6	-0.000493618
452.7	-0.00051141
452.8	-0.000526293
452.9	-0.000543722
453	-0.000560703
453.1	-0.000580546
453.2	-0.000597001
453.3	-0.000608513
453.4	-0.000622696
453.5	-0.000639486
453.6	-0.000661749
453.7	-0.00068903
453.8	-0.000715435
453.9	-0.000744315
454	-0.00077274
454.1	-0.000800751
454.2	-0.000828178
454.3	-0.000852038
454.4	-0.000870069
454.5	-0.00088556
454.6	-0.000901093
454.7	-0.00091948
454.8	-0.00093743
454.9	-0.00095275
455	-0.000956656
455.1	-0.000954329
455.2	-0.000951543
455.3	-0.000948861
455.4	-0.000949473
455.5	-0.000952367
455.6	-0.000951049
455.7	-0.000945188
455.8	-0.000940673
455.9	-0.000937864
456	-0.000930761
456.1	-0.00092484
456.2	-0.000916513
456.3	-0.000907075
456.4	-0.000896635
456.5	-0.000889047
456.6	-0.000878988
456.7	-0.000872492
456.8	-0.000867209
456.9	-0.000862796
457	-0.000856101
457.1	-0.000849447
457.2	-0.000844225
457.3	-0.000839255
457.4	-0.000832948
457.5	-0.000823808
457.6	-0.000818535
457.7	-0.00081335
457.8	-0.000809251
457.9	-0.00080403
458	-0.000792359
458.1	-0.000779517
458.2	-0.00076495
458.3	-0.000750261
458.4	-0.000735998
458.5	-0.000721312
458.6	-0.000706386
458.7	-0.000690888
458.8	-0.00067894
458.9	-0.000667437
459	-0.00065903
459.1	-0.000651611
459.2	-0.000641124
459.3	-0.0006323
459.4	-0.000622444
459.5	-0.00061506
459.6	-0.000607069
459.7	-0.000599501
459.8	-0.000587659
459.9	-0.000576656
460	-0.000572769
460.1	-0.000566955
460.2	-0.000559738
460.3	-0.0005517
460.4	-0.000544066
460.5	-0.000537464
460.6	-0.000531297
460.7	-0.000530339
460.8	-0.00053573
460.9	-0.000545966
461	-0.000558488
461.1	-0.000572624
461.2	-0.000588158
461.3	-0.000605324
461.4	-0.000617733
461.5	-0.000630731
461.6	-0.000642821
461.7	-0.000654185
461.8	-0.000662942
461.9	-0.000669656
462	-0.000680591
462.1	-0.000694994
462.2	-0.000710132
462.3	-0.000723952
462.4	-0.000737074
462.5	-0.00074792
462.6	-0.000758112
462.7	-0.000767639
462.8	-0.000774749
462.9	-0.000780999
463	-0.000788825
463.1	-0.000798588
463.2	-0.00081142
463.3	-0.000821416
463.4	-0.000826531
463.5	-0.000825774
463.6	-0.000822822
463.7	-0.000817663
463.8	-0.000815535
463.9	-0.000820576
464	-0.000827154
464.1	-0.000834599
464.2	-0.00083992
464.3	-0.000838962
464.4	-0.000835622
464.5	-0.000825516
464.6	-0.000812064
464.7	-0.000796647
464.8	-0.000782734
464.9	-0.000770327
465	-0.000759405
465.1	-0.000748744
465.2	-0.000739187
465.3	-0.000730847
465.4	-0.000726118
465.5	-0.000721767
465.6	-0.000723631
465.7	-0.000729577
465.8	-0.000739189
465.9	-0.000752328
466	-0.000774403
466.1	-0.000800392
466.2	-0.000827656
466.3	-0.000854731
466.4	-0.000883447
466.5	-0.000912824
466.6	-0.000945282
466.7	-0.000979135
466.8	-0.00101009
466.9	-0.00103932
467	-0.00106948
467.1	-0.00110319
467.2	-0.00113438
467.3	-0.00116244
467.4	-0.0011889
467.5	-0.00120952
467.6	-0.00122379
467.7	-0.00123499
467.8	-0.0012393
467.9	-0.00124117
468	-0.00123965
468.1	-0.00123508
468.2	-0.0012283
468.3	-0.00121813
468.4	-0.00120549
468.5	-0.00119309
468.6	-0.00118189
468.7	-0.00116634
468.8	-0.00114855
468.9	-0.00113048
469	-0.00111448
469.1	-0.00109873
469.2	-0.00108244
469.3	-0.00106834
469.4	-0.00105506
469.5	-0.00104003
469.6	-0.00102511
469.7	-0.00101126
469.8	-0.00100198
469.9	-0.000993982
470	-0.000989787
470.1	-0.000986817
470.2	-0.000982604
470.3	-0.000979618
470.4	-0.00097564
470.5	-0.000967963
470.6	-0.000961437
470.7	-0.000954466
470.8	-0.000946719
470.9	-0.000938371
471	-0.000927834
471.1	-0.000919494
471.2	-0.000914008
471.3	-0.000913949
471.4	-0.000913985
471.5	-0.000919092
471.6	-0.000928505
471.7	-0.000938203
471.8	-0.000947455
471.9	-0.00095027
472	-0.00094944
472.1	-0.000949846
472.2	-0.000951782
472.3	-0.000951393
472.4	-0.000952996
472.5	-0.000955204
472.6	-0.000953306
472.7	-0.000946383
472.8	-0.000936619
472.9	-0.000930431
473	-0.00092475
473.1	-0.000920741
473.2	-0.000915525
473.3	-0.000910081
473.4	-0.000904444
473.5	-0.000894978
473.6	-0.000884534
473.7	-0.000875082
473.8	-0.000868256
473.9	-0.000861023
474	-0.000851276
474.1	-0.000840771
474.2	-0.00082822
474.3	-0.000817501
474.4	-0.00080408
474.5	-0.000790309
474.6	-0.000777363
474.7	-0.000768866
474.8	-0.000759439
474.9	-0.000750895
475	-0.000741493
475.1	-0.000730253
475.2	-0.00071755
475.3	-0.000702964
475.4	-0.000692002
475.5	-0.000682587
475.6	-0.000670228
475.7	-0.000659969
475.8	-0.000655089
475.9	-0.000654369
476	-0.00065333
476.1	-0.000647805
476.2	-0.000644295
476.3	-0.000649154
476.4	-0.000659641
476.5	-0.000675258
476.6	-0.000692008
476.7	-0.000702562
476.8	-0.000706409
476.9	-0.00071043
477	-0.00071115
477.1	-0.000715979
477.2	-0.000720181
477.3	-0.00072314
477.4	-0.000724372
477.5	-0.000727305
477.6	-0.000727133
477.7	-0.00072077
477.8	-0.00071477
477.9	-0.00070607
478	-0.000695867
478.1	-0.00068734
478.2	-0.000676407
478.3	-0.000664708
478.4	-0.000647552
478.5	-0.000630569
478.6	-0.000617403
478.7	-0.000603873
478.8	-0.000588136
478.9	-0.000572122
479	-0.000553702
479.1	-0.000534396
479.2	-0.000513003
479.3	-0.000490567
479.4	-0.000464413
479.5	-0.000436186
479.6	-0.000408843
479.7	-0.000385051
479.8	-0.000364002
479.9	-0.000343516
480	-0.00032071
480.1	-0.000300548
480.2	-0.000286174
480.3	-0.000278477
480.4	-0.000273865
480.5	-0.000277037
480.6	-0.000284731
480.7	-0.000291073
480.8	-0.00029456
480.9	-0.000296956
481	-0.000299158
481.1	-0.000298629
481.2	-0.000298696
481.3	-0.0002951
481.4	-0.000286817
481.5	-0.000275973
481.6	-0.000265531
481.7	-0.000251909
481.8	-0.000229731
481.9	-0.000199155
482	-0.000163915
482.1	-0.000127319
482.2	-9.40302e-05
482.3	-6.33813e-05
482.4	-3.27001e-05
482.5	5.26328e-06
482.6	4.26602e-05
482.7	8.05889e-05
482.8	0.000117924
482.9	0.000155267
483	0.000184535
483.1	0.000211289
483.2	0.000234747
483.3	0.000253624
483.4	0.000270642
483.5	0.000290343
483.6	0.000315528
483.7	0.000346924
483.8	0.000380775
483.9	0.000410395
484	0.00043707
484.1	0.000461752
484.2	0.000485003
484.3	0.000509488
484.4	0.000538348
484.5	0.000570521
484.6	0.000604766
484.7	0.000632548
484.8	0.000654388
484.9	0.000675094
485	0.000694484
485.1	0.000715777
485.2	0.000738731
485.3	0.000760817
485.4	0.000777993
485.5	0.000791745
485.6	0.000804759
485.7	0.000819393
485.8	0.000830805
485.9	0.000838735
486	0.00084566
486.1	0.000854602
486.2	0.000866756
486.3	0.000877809
486.4	0.000886575
486.5	0.000893482
486.6	0.000898402
486.7	0.000897841
486.8	0.000898037
486.9	0.000898719
487	0.000900723
487.1	0.000899585
487.2	0.000899177
487.3	0.000900647
487.4	0.00090354
487.5	0.000906295
487.6	0.000907488
487.7	0.000907728
487.8	0.000906865
487.9	0.000902608
488	0.000897972
488.1	0.000894672
488.2	0.000892143
488.3	0.000886982
488.4	0.0008798
488.5	0.000873924
488.6	0.00086903
488.7	0.000858413
488.8	0.000847661
488.9	0.000834401
489	0.000822387
489.1	0.000814485
489.2	0.000803756
489.3	0.000788018
489.4	0.000770895
489.5	0.000746751
489.6	0.000718761
489.7	0.000693976
489.8	0.000670169
489.9	0.000651305
490	0.000633826
490.1	0.000612234
490.2	0.000591517
490.3	0.000572076
490.4	0.000550443
490.5	0.000528762
490.6	0.000506786
490.7	0.000486064
490.8	0.000465677
490.9	0.000446626
491	0.000425261
491.1	0.000402167
491.2	0.000375873
491.3	0.000353395
491.4	0.000327767
491.5	0.000303483
491.6	0.000278612
491.7	0.000249809
491.8	0.000220546
491.9	0.000192968
492	0.000162888
492.1	0.000132818
492.2	0.000102047
492.3	6.81195e-05
492.4	3.78844e-05
492.5	8.91139e-06
492.6	-1.71144e-05
492.7	-4.507e-05
492.8	-6.64614e-05
492.9	-8.81264e-05
493	-0.000108587
493.1	-0.000127405
493.2	-0.000140299
493.3	-0.000148289
493.4	-0.000153863
493.5	-0.000161889
493.6	-0.000169899
493.7	-0.000178392
493.8	-0.000190958
493.9	-0.000206457
494	-0.00022991
494.1	-0.000257465
494.2	-0.000289707
494.3	-0.000326639
494.4	-0.000357958
494.5	-0.000383818
494.6	-0.000408833
494.7	-0.000428688
494.8	-0.000440604
494.9	-0.000443882
495	-0.000441958
495.1	-0.000438917
495.2	-0.00043514
495.3	-0.000434579
495.4	-0.000434414
495.5	-0.000440271
495.6	-0.00044633
495.7	-0.000447354
495.8	-0.000443933
495.9	-0.000439191
496	-0.000429154
496.1	-0.000420612
496.2	-0.000416812
496.3	-0.000415827
496.4	-0.000415175
496.5	-0.000417388
496.6	-0.000417949
496.7	-0.000418071
496.8	-0.000415292
496.9	-0.000404753
497	-0.000388465
497.1	-0.000368104
497.2	-0.000344454
497.3	-0.000324073
497.4	-0.000305575
497.5	-0.000288244
497.6	-0.000269559
497.7	-0.000245734
497.8	-0.000222914
497.9	-0.000203444
498	-0.000188087
498.1	-0.000176102
498.2	-0.000167149
498.3	-0.000156922
498.4	-0.000148013
498.5	-0.000141948
498.6	-0.000139018
498.7	-0.00014082
498.8	-0.000146282
498.9	-0.000156003
499	-0.000163973
499.1	-0.000172398
499.2	-0.000179012
499.3	-0.000191805
499.4	-0.000209128
499.5	-0.000227284
499.6	-0.000243083
499.7	-0.000255224
499.8	-0.000267556
499.9	-0.000283484
500	-0.000300536
