LagTime	Correlation

0	0.672515
0.1	0.667495
0.2	0.660006
0.3	0.651973
0.4	0.643881
0.5	0.63585
0.6	0.627909
0.7	0.62007
0.8	0.612328
0.9	0.604675
1	0.597114
1.1	0.589645
1.2	0.582274
1.3	0.574994
1.4	0.567801
1.5	0.560697
1.6	0.553683
1.7	0.546756
1.8	0.53992
1.9	0.533169
2	0.526504
2.1	0.519921
2.2	0.513415
2.3	0.506987
2.4	0.500642
2.5	0.494375
2.6	0.488183
2.7	0.482068
2.8	0.476028
2.9	0.470066
3	0.464177
3.1	0.458361
3.2	0.452621
3.3	0.446957
3.4	0.441364
3.5	0.435849
3.6	0.430403
3.7	0.425026
3.8	0.419717
3.9	0.414474
4	0.409298
4.1	0.404184
4.2	0.399134
4.3	0.394149
4.4	0.38923
4.5	0.384372
4.6	0.379571
4.7	0.37483
4.8	0.370148
4.9	0.365529
5	0.360968
5.1	0.356458
5.2	0.352004
5.3	0.347606
5.4	0.343266
5.5	0.338985
5.6	0.334763
5.7	0.330593
5.8	0.326473
5.9	0.322398
6	0.318373
6.1	0.314399
6.2	0.310474
6.3	0.306597
6.4	0.302767
6.5	0.298988
6.6	0.295257
6.7	0.291574
6.8	0.287938
6.9	0.284345
7	0.280788
7.1	0.277269
7.2	0.273786
7.3	0.270344
7.4	0.266943
7.5	0.263582
7.6	0.260262
7.7	0.256985
7.8	0.253751
7.9	0.250557
8	0.247402
8.1	0.244285
8.2	0.241209
8.3	0.238172
8.4	0.235171
8.5	0.232211
8.6	0.229291
8.7	0.226405
8.8	0.223555
8.9	0.220741
9	0.217962
9.1	0.215214
9.2	0.212499
9.3	0.209812
9.4	0.207154
9.5	0.204522
9.6	0.201918
9.7	0.199345
9.8	0.196799
9.9	0.194286
10	0.191811
10.1	0.189368
10.2	0.186954
10.3	0.184573
10.4	0.182226
10.5	0.179909
10.6	0.177624
10.7	0.175364
10.8	0.173134
10.9	0.170935
11	0.168766
11.1	0.166623
11.2	0.164506
11.3	0.162416
11.4	0.16035
11.5	0.158311
11.6	0.156302
11.7	0.154314
11.8	0.15235
11.9	0.150412
12	0.1485
12.1	0.146617
12.2	0.144759
12.3	0.142926
12.4	0.141121
12.5	0.139339
12.6	0.137578
12.7	0.135837
12.8	0.13412
12.9	0.132426
13	0.130754
13.1	0.129104
13.2	0.127476
13.3	0.125863
13.4	0.124265
13.5	0.122681
13.6	0.121116
13.7	0.119571
13.8	0.118044
13.9	0.116538
14	0.11505
14.1	0.113579
14.2	0.112122
14.3	0.110683
14.4	0.109261
14.5	0.107857
14.6	0.10647
14.7	0.105098
14.8	0.103742
14.9	0.102402
15	0.101076
15.1	0.0997601
15.2	0.0984532
15.3	0.0971565
15.4	0.0958693
15.5	0.0945955
15.6	0.0933392
15.7	0.0920943
15.8	0.0908669
15.9	0.0896561
16	0.0884626
16.1	0.087287
16.2	0.086125
16.3	0.0849797
16.4	0.0838488
16.5	0.0827304
16.6	0.0816243
16.7	0.0805298
16.8	0.0794528
16.9	0.0783862
17	0.0773322
17.1	0.0762924
17.2	0.0752655
17.3	0.0742548
17.4	0.073263
17.5	0.0722826
17.6	0.0713106
17.7	0.0703513
17.8	0.0694081
17.9	0.0684787
18	0.0675641
18.1	0.0666583
18.2	0.0657676
18.3	0.0648895
18.4	0.0640227
18.5	0.06317
18.6	0.0623294
18.7	0.0615008
18.8	0.0606836
18.9	0.0598772
19	0.059083
19.1	0.0583023
19.2	0.0575294
19.3	0.0567685
19.4	0.0560179
19.5	0.0552732
19.6	0.0545405
19.7	0.0538189
19.8	0.053107
19.9	0.0524001
20	0.0516948
20.1	0.0509981
20.2	0.0503083
20.3	0.0496287
20.4	0.0489598
20.5	0.0482969
20.6	0.0476409
20.7	0.0469933
20.8	0.0463558
20.9	0.0457323
21	0.0451227
21.1	0.0445228
21.2	0.0439282
21.3	0.0433446
21.4	0.0427721
21.5	0.042209
21.6	0.0416587
21.7	0.0411194
21.8	0.0405862
21.9	0.0400577
22	0.0395353
22.1	0.0390197
22.2	0.0385118
22.3	0.03801
22.4	0.0375162
22.5	0.0370322
22.6	0.0365545
22.7	0.036086
22.8	0.0356228
22.9	0.0351657
23	0.0347121
23.1	0.0342618
23.2	0.0338139
23.3	0.0333689
23.4	0.0329315
23.5	0.0324989
23.6	0.0320775
23.7	0.031663
23.8	0.0312537
23.9	0.0308527
24	0.0304581
24.1	0.0300743
24.2	0.0297007
24.3	0.029337
24.4	0.0289835
24.5	0.0286386
24.6	0.0282986
24.7	0.027967
24.8	0.0276432
24.9	0.0273263
25	0.0270142
25.1	0.0267044
25.2	0.0263989
25.3	0.0260971
25.4	0.0257973
25.5	0.025496
25.6	0.0251994
25.7	0.0249085
25.8	0.0246214
25.9	0.0243365
26	0.0240624
26.1	0.023794
26.2	0.0235231
26.3	0.0232533
26.4	0.0229881
26.5	0.0227254
26.6	0.0224642
26.7	0.0222042
26.8	0.0219506
26.9	0.0217011
27	0.0214568
27.1	0.021219
27.2	0.0209877
27.3	0.0207615
27.4	0.0205375
27.5	0.0203134
27.6	0.0200912
27.7	0.0198733
27.8	0.0196576
27.9	0.0194418
28	0.0192292
28.1	0.0190154
28.2	0.0188022
28.3	0.0185797
28.4	0.0183527
28.5	0.018126
28.6	0.0179024
28.7	0.0176823
28.8	0.0174632
28.9	0.0172391
29	0.0170113
29.1	0.0167841
29.2	0.0165588
29.3	0.0163389
29.4	0.016122
29.5	0.015906
29.6	0.0156904
29.7	0.0154732
29.8	0.0152617
29.9	0.0150527
30	0.0148416
30.1	0.0146301
30.2	0.0144143
30.3	0.0141944
30.4	0.0139704
30.5	0.0137509
30.6	0.0135367
30.7	0.0133309
30.8	0.0131355
30.9	0.0129467
31	0.0127593
31.1	0.0125801
31.2	0.0124114
31.3	0.0122495
31.4	0.0120882
31.5	0.0119271
31.6	0.0117647
31.7	0.0115989
31.8	0.0114358
31.9	0.0112743
32	0.0111161
32.1	0.0109589
32.2	0.010805
32.3	0.0106543
32.4	0.0105051
32.5	0.0103619
32.6	0.0102226
32.7	0.0100846
32.8	0.00994448
32.9	0.00980401
33	0.00966349
33.1	0.0095217
33.2	0.00937848
33.3	0.00924115
33.4	0.0091067
33.5	0.00897501
33.6	0.00884571
33.7	0.00871825
33.8	0.00859541
33.9	0.00847844
34	0.00835925
34.1	0.00823933
34.2	0.00812533
34.3	0.00801651
34.4	0.00790399
34.5	0.00779183
34.6	0.00768154
34.7	0.00757496
34.8	0.00746863
34.9	0.00735978
35	0.00725547
35.1	0.00715509
35.2	0.00705687
35.3	0.00695669
35.4	0.00686047
35.5	0.00676579
35.6	0.0066737
35.7	0.006587
35.8	0.00650944
35.9	0.00643589
36	0.00636893
36.1	0.00630319
36.2	0.00623917
36.3	0.00617527
36.4	0.00611405
36.5	0.00605353
36.6	0.00599777
36.7	0.00594797
36.8	0.00589834
36.9	0.00584894
37	0.00580031
37.1	0.0057552
37.2	0.00571103
37.3	0.00567269
37.4	0.00563252
37.5	0.00559222
37.6	0.0055455
37.7	0.0054938
37.8	0.00543759
37.9	0.00537904
38	0.00531755
38.1	0.00525626
38.2	0.00519655
38.3	0.00513973
38.4	0.00508303
38.5	0.00502749
38.6	0.00497294
38.7	0.00492308
38.8	0.00487989
38.9	0.00483214
39	0.00477852
39.1	0.00472144
39.2	0.00466483
39.3	0.00460292
39.4	0.00453676
39.5	0.00446546
39.6	0.00439389
39.7	0.00432325
39.8	0.00425711
39.9	0.00419415
40	0.00413227
40.1	0.0040746
40.2	0.00401563
40.3	0.00395994
40.4	0.00390822
40.5	0.00386083
40.6	0.00381958
40.7	0.00377765
40.8	0.00373295
40.9	0.00368188
41	0.0036276
41.1	0.00357146
41.2	0.0035139
41.3	0.00345622
41.4	0.00340119
41.5	0.0033458
41.6	0.0032877
41.7	0.0032293
41.8	0.0031664
41.9	0.00310377
42	0.00304378
42.1	0.00298611
42.2	0.0029256
42.3	0.00286288
42.4	0.00279937
42.5	0.0027343
42.6	0.00266703
42.7	0.00259958
42.8	0.00253449
42.9	0.00246773
43	0.00240066
43.1	0.00233382
43.2	0.0022746
43.3	0.00221454
43.4	0.00215364
43.5	0.00209327
43.6	0.00203325
43.7	0.00197915
43.8	0.00192678
43.9	0.0018711
44	0.00181315
44.1	0.00175484
44.2	0.00169866
44.3	0.00164539
44.4	0.00159546
44.5	0.00154921
44.6	0.00150101
44.7	0.0014495
44.8	0.00139873
44.9	0.00134895
45	0.00129862
45.1	0.00124584
45.2	0.00119117
45.3	0.00113551
45.4	0.0010815
45.5	0.00103293
45.6	0.000985251
45.7	0.000941489
45.8	0.000900798
45.9	0.000860148
46	0.000820909
46.1	0.000780736
46.2	0.000741292
46.3	0.000703832
46.4	0.000667175
46.5	0.000633254
46.6	0.000602239
46.7	0.00057199
46.8	0.000549117
46.9	0.000537214
47	0.000525912
47.1	0.000515048
47.2	0.000505756
47.3	0.000499421
47.4	0.000490323
47.5	0.000475701
47.6	0.000465662
47.7	0.000454805
47.8	0.000443626
47.9	0.000430886
48	0.000419218
48.1	0.000408084
48.2	0.00039538
48.3	0.000383236
48.4	0.000368212
48.5	0.000352915
48.6	0.000333426
48.7	0.000319174
48.8	0.000305393
48.9	0.000291527
49	0.000277476
49.1	0.000261482
49.2	0.000242866
49.3	0.00022322
49.4	0.000205112
49.5	0.000188059
49.6	0.000176675
49.7	0.00016489
49.8	0.0001535
49.9	0.000143711
50	0.000131379
50.1	0.000122749
50.2	0.000116702
50.3	0.000109294
50.4	0.000103323
50.5	0.000101815
50.6	9.85635e-05
50.7	9.1908e-05
50.8	7.69668e-05
50.9	6.15447e-05
51	4.60029e-05
51.1	3.51962e-05
51.2	2.26819e-05
51.3	9.2713e-06
51.4	-3.06352e-06
51.5	-1.82221e-05
51.6	-3.13844e-05
51.7	-3.76751e-05
51.8	-4.07801e-05
51.9	-3.83895e-05
52	-3.1368e-05
52.1	-2.04624e-05
52.2	-9.57317e-06
52.3	-5.56284e-07
52.4	8.03956e-06
52.5	1.16557e-05
52.6	1.68239e-05
52.7	2.21121e-05
52.8	2.75662e-05
52.9	3.28087e-05
53	4.16061e-05
53.1	5.14354e-05
53.2	6.44961e-05
53.3	8.38699e-05
53.4	0.000107756
53.5	0.000138333
53.6	0.000171108
53.7	0.000209241
53.8	0.000253626
53.9	0.000301756
54	0.000351758
54.1	0.000396567
54.2	0.000442909
54.3	0.000488727
54.4	0.000531145
54.5	0.000569372
54.6	0.000609448
54.7	0.000647252
54.8	0.000681708
54.9	0.000715358
55	0.000750251
55.1	0.000783304
55.2	0.000817151
55.3	0.00084867
55.4	0.00088481
55.5	0.000925193
55.6	0.000970403
55.7	0.00101122
55.8	0.00104861
55.9	0.00108549
56	0.00112184
56.1	0.00115743
56.2	0.00118984
56.3	0.00122111
56.4	0.00125115
56.5	0.00127846
56.6	0.00130374
56.7	0.00132901
56.8	0.00135776
56.9	0.00138857
57	0.00142155
57.1	0.00145794
57.2	0.00149884
57.3	0.00154601
57.4	0.00159768
57.5	0.00165435
57.6	0.0017092
57.7	0.00176365
57.8	0.00181483
57.9	0.0018639
58	0.00191485
58.1	0.00196659
58.2	0.00201482
58.3	0.00206185
58.4	0.00210662
58.5	0.00215336
58.6	0.00219538
58.7	0.00223594
58.8	0.00227343
58.9	0.00230853
59	0.00233775
59.1	0.00236514
59.2	0.00238448
59.3	0.00239764
59.4	0.00241049
59.5	0.00242756
59.6	0.00245
59.7	0.00247514
59.8	0.00249681
59.9	0.00251123
60	0.00252204
60.1	0.00253782
60.2	0.00255526
60.3	0.00257795
60.4	0.00259978
60.5	0.00261574
60.6	0.00263083
60.7	0.00264851
60.8	0.00266671
60.9	0.00268807
61	0.00271434
61.1	0.00274804
61.2	0.00278992
61.3	0.0028319
61.4	0.00286874
61.5	0.00289934
61.6	0.00292434
61.7	0.00294131
61.8	0.00295153
61.9	0.00295618
62	0.00295501
62.1	0.00295072
62.2	0.00294909
62.3	0.00294871
62.4	0.00294721
62.5	0.0029414
62.6	0.00293326
62.7	0.00292713
62.8	0.00291665
62.9	0.00290438
63	0.00289319
63.1	0.00287746
63.2	0.00285894
63.3	0.0028423
63.4	0.00281976
63.5	0.0027912
63.6	0.00276196
63.7	0.00273385
63.8	0.00270527
63.9	0.00267671
64	0.00265185
64.1	0.00262373
64.2	0.00259522
64.3	0.00256855
64.4	0.00254382
64.5	0.00252052
64.6	0.00249709
64.7	0.00247211
64.8	0.00244919
64.9	0.00242973
65	0.00241037
65.1	0.00239122
65.2	0.00237465
65.3	0.00235901
65.4	0.00234181
65.5	0.00231871
65.6	0.00229012
65.7	0.0022623
65.8	0.00223174
65.9	0.00220539
66	0.00218151
66.1	0.00215613
66.2	0.00212815
66.3	0.00209844
66.4	0.00207021
66.5	0.00204655
66.6	0.002024
66.7	0.00199942
66.8	0.00197861
66.9	0.00196181
67	0.00195103
67.1	0.00194544
67.2	0.00194189
67.3	0.00194085
67.4	0.00194385
67.5	0.00194337
67.6	0.00194439
67.7	0.00194715
67.8	0.00194847
67.9	0.00194485
68	0.00193905
68.1	0.00193111
68.2	0.00192089
68.3	0.00191256
68.4	0.00190446
68.5	0.00189229
68.6	0.00187571
68.7	0.00185741
68.8	0.00183586
68.9	0.00181596
69	0.00179574
69.1	0.00177408
69.2	0.00175311
69.3	0.00173241
69.4	0.00171375
69.5	0.00169319
69.6	0.00167065
69.7	0.00164743
69.8	0.00162377
69.9	0.0016044
70	0.00158515
70.1	0.0015659
70.2	0.00154609
70.3	0.00152457
70.4	0.00150146
70.5	0.00147799
70.6	0.00145388
70.7	0.00143053
70.8	0.00140944
70.9	0.00139161
71	0.00137652
71.1	0.00136512
71.2	0.00135529
71.3	0.00134259
71.4	0.00132875
71.5	0.00131308
71.6	0.00130128
71.7	0.00129019
71.8	0.00127798
71.9	0.00125922
72	0.00123785
72.1	0.00122053
72.2	0.001203
72.3	0.00118406
72.4	0.00116493
72.5	0.00114456
72.6	0.00111568
72.7	0.00108598
72.8	0.00105302
72.9	0.00102163
73	0.000990364
73.1	0.00095949
73.2	0.000926788
73.3	0.000893483
73.4	0.00086063
73.5	0.00082689
73.6	0.000791205
73.7	0.000752031
73.8	0.000708465
73.9	0.000665516
74	0.000623327
74.1	0.000576717
74.2	0.000528017
74.3	0.000481431
74.4	0.00043371
74.5	0.000380608
74.6	0.00031904
74.7	0.000259087
74.8	0.000199321
74.9	0.000144841
75	8.92296e-05
75.1	3.38298e-05
75.2	-1.84063e-05
75.3	-6.79287e-05
75.4	-0.000118095
75.5	-0.000170941
75.6	-0.000223841
75.7	-0.000272294
75.8	-0.0003196
75.9	-0.000364405
76	-0.000409032
76.1	-0.000454465
76.2	-0.000501644
76.3	-0.000552018
76.4	-0.000599973
76.5	-0.000647281
76.6	-0.00069803
76.7	-0.000753175
76.8	-0.000810817
76.9	-0.000870075
77	-0.000928671
77.1	-0.000991349
77.2	-0.0010561
77.3	-0.00111938
77.4	-0.00118117
77.5	-0.0012392
77.6	-0.00129612
77.7	-0.00135054
77.8	-0.00140364
77.9	-0.00145706
78	-0.00150573
78.1	-0.00154943
78.2	-0.00158874
78.3	-0.00162534
78.4	-0.00166105
78.5	-0.00169595
78.6	-0.00173066
78.7	-0.00176434
78.8	-0.00179718
78.9	-0.00183281
79	-0.00186604
79.1	-0.00189339
79.2	-0.00191666
79.3	-0.00193564
79.4	-0.0019555
79.5	-0.00197807
79.6	-0.00200424
79.7	-0.00203361
79.8	-0.00206734
79.9	-0.00210514
80	-0.00214247
80.1	-0.00218008
80.2	-0.00221676
80.3	-0.00225722
80.4	-0.00229993
80.5	-0.00234078
80.6	-0.00238069
80.7	-0.0024178
80.8	-0.00245544
80.9	-0.00249756
81	-0.0025377
81.1	-0.00257645
81.2	-0.00261488
81.3	-0.00264936
81.4	-0.00268259
81.5	-0.00271036
81.6	-0.00273771
81.7	-0.00276427
81.8	-0.00279221
81.9	-0.00282003
82	-0.0028468
82.1	-0.00287413
82.2	-0.00290175
82.3	-0.00293142
82.4	-0.00296238
82.5	-0.00299418
82.6	-0.00302792
82.7	-0.0030615
82.8	-0.00309462
82.9	-0.00312085
83	-0.00314423
83.1	-0.00316799
83.2	-0.00318382
83.3	-0.0031945
83.4	-0.00320042
83.5	-0.0032033
83.6	-0.00320878
83.7	-0.00321983
83.8	-0.00323522
83.9	-0.00325108
84	-0.00326443
84.1	-0.0032769
84.2	-0.00328924
84.3	-0.00330154
84.4	-0.00331652
84.5	-0.00333428
84.6	-0.0033493
84.7	-0.00336233
84.8	-0.00337359
84.9	-0.00338306
85	-0.00339074
85.1	-0.00339717
85.2	-0.00340225
85.3	-0.00340561
85.4	-0.00341123
85.5	-0.00342064
85.6	-0.00343308
85.7	-0.00344832
85.8	-0.00345965
85.9	-0.00346815
86	-0.00347458
86.1	-0.00347985
86.2	-0.0034896
86.3	-0.00350157
86.4	-0.00351481
86.5	-0.00353019
86.6	-0.0035412
86.7	-0.00354921
86.8	-0.0035575
86.9	-0.00356867
87	-0.00358274
87.1	-0.00359649
87.2	-0.00361174
87.3	-0.0036287
87.4	-0.00365027
87.5	-0.00367392
87.6	-0.00369661
87.7	-0.00372086
87.8	-0.00374602
87.9	-0.0037699
88	-0.00379595
88.1	-0.00382182
88.2	-0.00384994
88.3	-0.00387463
88.4	-0.00389017
88.5	-0.0039015
88.6	-0.00391407
88.7	-0.00392981
88.8	-0.00394194
88.9	-0.00394882
89	-0.00395255
89.1	-0.0039557
89.2	-0.0039553
89.3	-0.00395226
89.4	-0.00394923
89.5	-0.00394498
89.6	-0.00393682
89.7	-0.00393033
89.8	-0.00392482
89.9	-0.00392341
90	-0.00392547
90.1	-0.00393344
90.2	-0.00394766
90.3	-0.00396094
90.4	-0.00397049
90.5	-0.00397234
90.6	-0.00396208
90.7	-0.00394324
90.8	-0.0039228
90.9	-0.00389639
91	-0.00386695
91.1	-0.00383644
91.2	-0.00380612
91.3	-0.00377721
91.4	-0.00374526
91.5	-0.00371588
91.6	-0.00369022
91.7	-0.00367144
91.8	-0.00365595
91.9	-0.00363976
92	-0.00362257
92.1	-0.00360888
92.2	-0.00359723
92.3	-0.00358435
92.4	-0.00357052
92.5	-0.00355838
92.6	-0.0035459
92.7	-0.0035298
92.8	-0.00351488
92.9	-0.00349918
93	-0.00348227
93.1	-0.00346532
93.2	-0.00344316
93.3	-0.00341653
93.4	-0.0033956
93.5	-0.0033805
93.6	-0.00337271
93.7	-0.00336419
93.8	-0.0033572
93.9	-0.00334463
94	-0.00333438
94.1	-0.00332503
94.2	-0.00332405
94.3	-0.00332871
94.4	-0.0033351
94.5	-0.00334064
94.6	-0.0033425
94.7	-0.00334582
94.8	-0.00335019
94.9	-0.00335683
95	-0.00336832
95.1	-0.00338334
95.2	-0.00340191
95.3	-0.00341869
95.4	-0.00343133
95.5	-0.00343928
95.6	-0.00344173
95.7	-0.00344152
95.8	-0.00344045
95.9	-0.00343394
96	-0.00341661
96.1	-0.00339674
96.2	-0.00337741
96.3	-0.00336326
96.4	-0.00335395
96.5	-0.00334767
96.6	-0.00334345
96.7	-0.00334435
96.8	-0.00334928
96.9	-0.00335246
97	-0.00335848
97.1	-0.00336509
97.2	-0.00336957
97.3	-0.00337069
97.4	-0.00336869
97.5	-0.00336501
97.6	-0.00335969
97.7	-0.00335344
97.8	-0.00334577
97.9	-0.00333951
98	-0.00333303
98.1	-0.00333132
98.2	-0.00333358
98.3	-0.00333295
98.4	-0.00332996
98.5	-0.00332301
98.6	-0.0033126
98.7	-0.00329824
98.8	-0.00328828
98.9	-0.0032832
99	-0.00327849
99.1	-0.00327273
99.2	-0.00327007
99.3	-0.00326462
99.4	-0.00325463
99.5	-0.00324259
99.6	-0.00322893
99.7	-0.00321968
99.8	-0.00321222
99.9	-0.00320527
100	-0.00319852
100.1	-0.00319062
100.2	-0.00318245
100.3	-0.00317477
100.4	-0.00317013
100.5	-0.00316947
100.6	-0.00316656
100.7	-0.00316472
100.8	-0.00316422
100.9	-0.00316358
101	-0.00316165
101.1	-0.00316004
101.2	-0.00316027
101.3	-0.00316175
101.4	-0.0031644
101.5	-0.0031674
101.6	-0.00316471
101.7	-0.00315971
101.8	-0.00315283
101.9	-0.00314806
102	-0.00314439
102.1	-0.00314069
102.2	-0.00313156
102.3	-0.00312314
102.4	-0.00311845
102.5	-0.00312064
102.6	-0.00312233
102.7	-0.00312628
102.8	-0.00313183
102.9	-0.003134
103	-0.00313719
103.1	-0.00314036
103.2	-0.00314133
103.3	-0.00313149
103.4	-0.00311801
103.5	-0.00310462
103.6	-0.00308866
103.7	-0.00307273
103.8	-0.00305235
103.9	-0.00302889
104	-0.00300561
104.1	-0.00298517
104.2	-0.00296991
104.3	-0.00296442
104.4	-0.00295958
104.5	-0.00295205
104.6	-0.00294285
104.7	-0.00293153
104.8	-0.00291685
104.9	-0.00289612
105	-0.00286812
105.1	-0.00284113
105.2	-0.00281648
105.3	-0.00278993
105.4	-0.00276531
105.5	-0.00274305
105.6	-0.00271798
105.7	-0.00269218
105.8	-0.00266832
105.9	-0.00264445
106	-0.00261517
106.1	-0.0025836
106.2	-0.00255484
106.3	-0.00253226
106.4	-0.00251123
106.5	-0.00249228
106.6	-0.00247232
106.7	-0.00244947
106.8	-0.00243222
106.9	-0.00242489
107	-0.0024238
107.1	-0.00242322
107.2	-0.00242086
107.3	-0.00241622
107.4	-0.00241494
107.5	-0.00241462
107.6	-0.00240808
107.7	-0.00240085
107.8	-0.00239722
107.9	-0.00239613
108	-0.00239917
108.1	-0.00240265
108.2	-0.00240517
108.3	-0.00240192
108.4	-0.00239379
108.5	-0.00238836
108.6	-0.0023847
108.7	-0.00238276
108.8	-0.0023828
108.9	-0.00238288
109	-0.00238423
109.1	-0.0023886
109.2	-0.002395
109.3	-0.00240107
109.4	-0.00240638
109.5	-0.00240705
109.6	-0.00240553
109.7	-0.00239962
109.8	-0.00238825
109.9	-0.00237689
110	-0.00236366
110.1	-0.00234886
110.2	-0.00233314
110.3	-0.00231292
110.4	-0.0022935
110.5	-0.00227401
110.6	-0.00225453
110.7	-0.00223456
110.8	-0.00221639
110.9	-0.00219613
111	-0.00217862
111.1	-0.0021636
111.2	-0.00215107
111.3	-0.0021445
111.4	-0.00213637
111.5	-0.00212369
111.6	-0.00210754
111.7	-0.00209439
111.8	-0.00207843
111.9	-0.00205851
112	-0.00203986
112.1	-0.00202394
112.2	-0.00201716
112.3	-0.00202045
112.4	-0.00202284
112.5	-0.00202969
112.6	-0.00203677
112.7	-0.00204016
112.8	-0.00204188
112.9	-0.00203713
113	-0.00203108
113.1	-0.0020197
113.2	-0.00200191
113.3	-0.00198629
113.4	-0.0019742
113.5	-0.00196573
113.6	-0.00195526
113.7	-0.00193915
113.8	-0.00192341
113.9	-0.00190814
114	-0.0018854
114.1	-0.00185697
114.2	-0.0018301
114.3	-0.00180144
114.4	-0.00178023
114.5	-0.00176067
114.6	-0.00174586
114.7	-0.00173088
114.8	-0.00170686
114.9	-0.00168021
115	-0.00164873
115.1	-0.00161232
115.2	-0.00157569
115.3	-0.00153712
115.4	-0.00149499
115.5	-0.00145331
115.6	-0.00141269
115.7	-0.00137827
115.8	-0.0013495
115.9	-0.00132084
116	-0.00129231
116.1	-0.00126488
116.2	-0.00123736
116.3	-0.00120823
116.4	-0.00118071
116.5	-0.00115178
116.6	-0.00112332
116.7	-0.00109758
116.8	-0.0010749
116.9	-0.00105747
117	-0.00103817
117.1	-0.00101447
117.2	-0.000991161
117.3	-0.000973226
117.4	-0.000952298
117.5	-0.000924725
117.6	-0.000893257
117.7	-0.000857963
117.8	-0.000824476
117.9	-0.000794062
118	-0.000763188
118.1	-0.000728832
118.2	-0.000696057
118.3	-0.000659769
118.4	-0.000616344
118.5	-0.000567226
118.6	-0.000520877
118.7	-0.000470433
118.8	-0.000424439
118.9	-0.000375661
119	-0.000323992
119.1	-0.000265821
119.2	-0.000207002
119.3	-0.000144232
119.4	-8.1615e-05
119.5	-2.05238e-05
119.6	3.71523e-05
119.7	9.64366e-05
119.8	0.000156194
119.9	0.000217027
120	0.000279688
120.1	0.000342976
120.2	0.000408721
120.3	0.000475542
120.4	0.000541287
120.5	0.00060312
120.6	0.000661043
120.7	0.000711582
120.8	0.000756948
120.9	0.000794687
121	0.000831874
121.1	0.000866553
121.2	0.000904699
121.3	0.000946372
121.4	0.00098897
121.5	0.00103494
121.6	0.00108207
121.7	0.00112679
121.8	0.00116927
121.9	0.00121041
122	0.00124931
122.1	0.00128936
122.2	0.00133089
122.3	0.00137664
122.4	0.00142473
122.5	0.00147495
122.6	0.00152379
122.7	0.00156752
122.8	0.0016149
122.9	0.00166449
123	0.00171441
123.1	0.00176007
123.2	0.00180023
123.3	0.00184082
123.4	0.00188408
123.5	0.0019356
123.6	0.00198751
123.7	0.002042
123.8	0.00209137
123.9	0.00213663
124	0.00217862
124.1	0.00221981
124.2	0.00225955
124.3	0.0022974
124.4	0.00233398
124.5	0.00237405
124.6	0.00241178
124.7	0.00244816
124.8	0.00248729
124.9	0.00252227
125	0.00254968
125.1	0.00257678
125.2	0.00259836
125.3	0.00261987
125.4	0.0026423
125.5	0.00266251
125.6	0.00268475
125.7	0.00270648
125.8	0.00272907
125.9	0.00275247
126	0.00277727
126.1	0.00280373
126.2	0.00283159
126.3	0.00286228
126.4	0.00289319
126.5	0.0029246
126.6	0.00295162
126.7	0.00296846
126.8	0.00298086
126.9	0.00298875
127	0.00299254
127.1	0.00299232
127.2	0.002993
127.3	0.00299641
127.4	0.0029968
127.5	0.00299527
127.6	0.00299539
127.7	0.00299469
127.8	0.00298772
127.9	0.00297833
128	0.00296721
128.1	0.0029548
128.2	0.00294195
128.3	0.0029274
128.4	0.00290993
128.5	0.00288949
128.6	0.00286715
128.7	0.00283703
128.8	0.00280285
128.9	0.0027731
129	0.00274741
129.1	0.00272478
129.2	0.0027017
129.3	0.0026805
129.4	0.0026605
129.5	0.00264581
129.6	0.00263547
129.7	0.00262181
129.8	0.00260876
129.9	0.0025978
130	0.00258875
130.1	0.00258403
130.2	0.00258026
130.3	0.00257749
130.4	0.00257463
130.5	0.00257358
130.6	0.00257291
130.7	0.00257035
130.8	0.00257407
130.9	0.00257879
131	0.00258544
131.1	0.00258969
131.2	0.00258902
131.3	0.00258175
131.4	0.0025719
131.5	0.0025546
131.6	0.00252823
131.7	0.00249429
131.8	0.00245492
131.9	0.0024157
132	0.00238037
132.1	0.00234198
132.2	0.00230418
132.3	0.0022704
132.4	0.00223698
132.5	0.00219863
132.6	0.00215536
132.7	0.00210995
132.8	0.0020603
132.9	0.00200689
133	0.00195276
133.1	0.00190098
133.2	0.00185127
133.3	0.00180547
133.4	0.00176591
133.5	0.00172905
133.6	0.00169342
133.7	0.00165878
133.8	0.00162899
133.9	0.00160755
134	0.00159181
134.1	0.00158324
134.2	0.00157689
134.3	0.00157084
134.4	0.00156741
134.5	0.00156578
134.6	0.00155922
134.7	0.00154731
134.8	0.00153428
134.9	0.00151574
135	0.00149364
135.1	0.00147235
135.2	0.00145078
135.3	0.00142946
135.4	0.00140585
135.5	0.00137919
135.6	0.00135462
135.7	0.00133046
135.8	0.00130674
135.9	0.00127949
136	0.00124985
136.1	0.00122363
136.2	0.00119804
136.3	0.00117637
136.4	0.00115676
136.5	0.0011364
136.6	0.00111534
136.7	0.00109103
136.8	0.00106625
136.9	0.00104456
137	0.00102764
137.1	0.0010143
137.2	0.000999163
137.3	0.000981457
137.4	0.000955768
137.5	0.000923414
137.6	0.000886698
137.7	0.000840705
137.8	0.000790477
137.9	0.000737174
138	0.000682556
138.1	0.000628456
138.2	0.000578373
138.3	0.00053666
138.4	0.000501328
138.5	0.000470532
138.6	0.000445093
138.7	0.000424409
138.8	0.000405782
138.9	0.000387925
139	0.000374038
139.1	0.000362365
139.2	0.000347012
139.3	0.000331879
139.4	0.000318207
139.5	0.000312523
139.6	0.000309019
139.7	0.000305695
139.8	0.00029646
139.9	0.000283882
140	0.000270705
140.1	0.000257087
140.2	0.000246065
140.3	0.000237578
140.4	0.000229089
140.5	0.000217984
140.6	0.000207855
140.7	0.000199556
140.8	0.000193978
140.9	0.000184961
141	0.000172617
141.1	0.000160252
141.2	0.000152584
141.3	0.000148874
141.4	0.000146843
141.5	0.000145555
141.6	0.000140637
141.7	0.000138352
141.8	0.000137718
141.9	0.00013768
142	0.000139163
142.1	0.000139348
142.2	0.000143279
142.3	0.000151924
142.4	0.000159516
142.5	0.000165509
142.6	0.000167269
142.7	0.000166717
142.8	0.000159876
142.9	0.000152648
143	0.00014478
143.1	0.000137658
143.2	0.000127943
143.3	0.000123255
143.4	0.000121133
143.5	0.000125622
143.6	0.000133897
143.7	0.00013987
143.8	0.000138351
143.9	0.000133294
144	0.000125619
144.1	0.000115923
144.2	0.000104618
144.3	9.3706e-05
144.4	8.30234e-05
144.5	7.70836e-05
144.6	7.11446e-05
144.7	6.70265e-05
144.8	6.61862e-05
144.9	6.95593e-05
145	7.82233e-05
145.1	8.6878e-05
145.2	9.76565e-05
145.3	0.000110787
145.4	0.000119159
145.5	0.000130228
145.6	0.000141553
145.7	0.000153352
145.8	0.000165832
145.9	0.000177927
146	0.00018651
146.1	0.000193685
146.2	0.000197329
146.3	0.000198661
146.4	0.000201986
146.5	0.000210435
146.6	0.000218197
146.7	0.000224483
146.8	0.000223198
146.9	0.000218177
147	0.000213707
147.1	0.000209046
147.2	0.000205988
147.3	0.000201373
147.4	0.000192211
147.5	0.000179884
147.6	0.000165654
147.7	0.000148227
147.8	0.00012569
147.9	9.97982e-05
148	6.99431e-05
148.1	3.74157e-05
148.2	3.70055e-06
148.3	-3.21619e-05
148.4	-6.77455e-05
148.5	-0.000100753
148.6	-0.000138168
148.7	-0.000176674
148.8	-0.000214866
148.9	-0.000248191
149	-0.000278688
149.1	-0.0003081
149.2	-0.000333627
149.3	-0.000355615
149.4	-0.000372445
149.5	-0.00038876
149.6	-0.000404947
149.7	-0.000420677
149.8	-0.000439744
149.9	-0.000462424
150	-0.00048404
150.1	-0.000501703
150.2	-0.000516002
150.3	-0.000523412
150.4	-0.000523715
150.5	-0.000518623
150.6	-0.000509944
150.7	-0.000502356
150.8	-0.000496288
150.9	-0.000486004
151	-0.000476228
151.1	-0.000468025
151.2	-0.000460551
151.3	-0.00045592
151.4	-0.00045453
151.5	-0.000452375
151.6	-0.000450229
151.7	-0.000449526
151.8	-0.000451535
151.9	-0.000451573
152	-0.00044809
152.1	-0.000442793
152.2	-0.000435506
152.3	-0.000426768
152.4	-0.000415137
152.5	-0.000402741
152.6	-0.000392522
152.7	-0.000384185
152.8	-0.000373665
152.9	-0.000360907
153	-0.000347712
153.1	-0.000336446
153.2	-0.000327637
153.3	-0.00032264
153.4	-0.000316773
153.5	-0.000310154
153.6	-0.000303535
153.7	-0.000295788
153.8	-0.000289827
153.9	-0.000284482
154	-0.000281344
154.1	-0.000282704
154.2	-0.000290388
154.3	-0.000299707
154.4	-0.000310466
154.5	-0.00032549
154.6	-0.000341667
154.7	-0.000360845
154.8	-0.000382416
154.9	-0.000405344
155	-0.000429603
155.1	-0.000454431
155.2	-0.00047577
155.3	-0.000494052
155.4	-0.000511865
155.5	-0.000526243
155.6	-0.000533602
155.7	-0.000539231
155.8	-0.000548074
155.9	-0.000555506
156	-0.000561596
156.1	-0.00057047
156.2	-0.000578648
156.3	-0.00058347
156.4	-0.000585137
156.5	-0.000585212
156.6	-0.000588036
156.7	-0.000591662
156.8	-0.00059365
156.9	-0.000598818
157	-0.000603355
157.1	-0.000607187
157.2	-0.000606358
157.3	-0.000602651
157.4	-0.00059479
157.5	-0.000584482
157.6	-0.000577316
157.7	-0.000572931
157.8	-0.00057096
157.9	-0.000565295
158	-0.000559762
158.1	-0.000552523
158.2	-0.000542849
158.3	-0.00053064
158.4	-0.00051085
158.5	-0.000494055
158.6	-0.000478221
158.7	-0.000461858
158.8	-0.000446771
158.9	-0.000432499
159	-0.000418661
159.1	-0.00040745
159.2	-0.000398154
159.3	-0.00038638
159.4	-0.0003703
159.5	-0.000354139
159.6	-0.000333872
159.7	-0.00031088
159.8	-0.000287191
159.9	-0.000261603
160	-0.000235739
160.1	-0.00021018
160.2	-0.000182502
160.3	-0.000158797
160.4	-0.000136906
160.5	-0.00011473
160.6	-9.14304e-05
160.7	-7.55529e-05
160.8	-6.63798e-05
160.9	-5.7085e-05
161	-4.90402e-05
161.1	-4.57198e-05
161.2	-4.73034e-05
161.3	-5.05661e-05
161.4	-5.50983e-05
161.5	-5.671e-05
161.6	-5.56707e-05
161.7	-4.98455e-05
161.8	-4.67072e-05
161.9	-4.74775e-05
162	-5.2583e-05
162.1	-5.74886e-05
162.2	-5.91466e-05
162.3	-5.77666e-05
162.4	-5.64875e-05
162.5	-5.2232e-05
162.6	-4.35808e-05
162.7	-3.86944e-05
162.8	-4.36097e-05
162.9	-5.35438e-05
163	-6.82632e-05
163.1	-8.87653e-05
163.2	-0.000110647
163.3	-0.000130541
163.4	-0.000147072
163.5	-0.000161588
163.6	-0.000173785
163.7	-0.00018832
163.8	-0.000203281
163.9	-0.000218757
164	-0.000237527
164.1	-0.000261494
164.2	-0.000286762
164.3	-0.00030782
164.4	-0.000326455
164.5	-0.000342433
164.6	-0.000354939
164.7	-0.000369677
164.8	-0.000390323
164.9	-0.000412789
165	-0.000441617
165.1	-0.000478158
165.2	-0.000517567
165.3	-0.000552559
165.4	-0.000586156
165.5	-0.000625283
165.6	-0.000669906
165.7	-0.000721305
165.8	-0.000773992
165.9	-0.000830684
166	-0.000892297
166.1	-0.000962139
166.2	-0.00102975
166.3	-0.00109805
166.4	-0.00116691
166.5	-0.0012325
166.6	-0.00129407
166.7	-0.0013552
166.8	-0.00141765
166.9	-0.00147974
167	-0.00153278
167.1	-0.00157909
167.2	-0.00162082
167.3	-0.00165743
167.4	-0.00168653
167.5	-0.00171214
167.6	-0.00173346
167.7	-0.00175225
167.8	-0.00177012
167.9	-0.001789
168	-0.00180686
168.1	-0.00182411
168.2	-0.00183809
168.3	-0.00185215
168.4	-0.0018648
168.5	-0.00187529
168.6	-0.00188252
168.7	-0.00189056
168.8	-0.00189935
168.9	-0.00191348
169	-0.00192923
169.1	-0.00194072
169.2	-0.00195063
169.3	-0.00195366
169.4	-0.00195324
169.5	-0.00195459
169.6	-0.00195773
169.7	-0.00196174
169.8	-0.00196375
169.9	-0.00196487
170	-0.00196776
170.1	-0.00197084
170.2	-0.00197964
170.3	-0.00198737
170.4	-0.00199308
170.5	-0.0019982
170.6	-0.00200048
170.7	-0.0020059
170.8	-0.00201287
170.9	-0.00201734
171	-0.00201189
171.1	-0.00200605
171.2	-0.0020011
171.3	-0.00199698
171.4	-0.0019956
171.5	-0.00199197
171.6	-0.00198887
171.7	-0.00198917
171.8	-0.00199336
171.9	-0.00199753
172	-0.00199879
172.1	-0.00199911
172.2	-0.0019963
172.3	-0.00198647
172.4	-0.00197276
172.5	-0.00196131
172.6	-0.00195484
172.7	-0.00194961
172.8	-0.00194416
172.9	-0.00193856
173	-0.00193016
173.1	-0.00192044
173.2	-0.00191009
173.3	-0.00189951
173.4	-0.00189122
173.5	-0.00187906
173.6	-0.00186327
173.7	-0.00184906
173.8	-0.00183161
173.9	-0.00181228
174	-0.00178833
174.1	-0.00176633
174.2	-0.00174631
174.3	-0.00172752
174.4	-0.00170363
174.5	-0.00167756
174.6	-0.00164873
174.7	-0.00162133
174.8	-0.00159538
174.9	-0.00156764
175	-0.00154435
175.1	-0.00151921
175.2	-0.00149728
175.3	-0.00147379
175.4	-0.00145564
175.5	-0.001441
175.6	-0.00143024
175.7	-0.00142441
175.8	-0.00141919
175.9	-0.00142156
176	-0.00142751
176.1	-0.00143834
176.2	-0.00145162
176.3	-0.00146752
176.4	-0.00148209
176.5	-0.00149588
176.6	-0.00151304
176.7	-0.00153081
176.8	-0.00154982
176.9	-0.00156882
177	-0.00158452
177.1	-0.00160103
177.2	-0.00162087
177.3	-0.00164313
177.4	-0.00167139
177.5	-0.00169877
177.6	-0.00172618
177.7	-0.00175172
177.8	-0.00177574
177.9	-0.00179422
178	-0.00181016
178.1	-0.00182339
178.2	-0.00183743
178.3	-0.00185304
178.4	-0.00186901
178.5	-0.00188816
178.6	-0.00190449
178.7	-0.00191427
178.8	-0.00191814
178.9	-0.00191614
179	-0.00190706
179.1	-0.00189132
179.2	-0.00187496
179.3	-0.00186783
179.4	-0.00186406
179.5	-0.00186804
179.6	-0.00188109
179.7	-0.00189889
179.8	-0.00191648
179.9	-0.00193454
180	-0.00195264
180.1	-0.00197346
180.2	-0.0019995
180.3	-0.0020308
180.4	-0.00206421
180.5	-0.00210388
180.6	-0.00214465
180.7	-0.00218641
180.8	-0.00222666
180.9	-0.00226888
181	-0.00231182
181.1	-0.00235652
181.2	-0.00240248
181.3	-0.0024476
181.4	-0.00249386
181.5	-0.00253993
181.6	-0.00258439
181.7	-0.0026218
181.8	-0.00265459
181.9	-0.00268391
182	-0.00271018
182.1	-0.00273516
182.2	-0.00275725
182.3	-0.00278121
182.4	-0.00280752
182.5	-0.00283332
182.6	-0.00286006
182.7	-0.00288465
182.8	-0.00290472
182.9	-0.0029284
183	-0.00295401
183.1	-0.00297716
183.2	-0.00300505
183.3	-0.00303719
183.4	-0.00307892
183.5	-0.0031228
183.6	-0.00316713
183.7	-0.00321145
183.8	-0.00325744
183.9	-0.00330248
184	-0.00334323
184.1	-0.00338076
184.2	-0.00341475
184.3	-0.00344482
184.4	-0.0034735
184.5	-0.00350768
184.6	-0.00354413
184.7	-0.00357973
184.8	-0.00361824
184.9	-0.00365919
185	-0.00369734
185.1	-0.00373382
185.2	-0.00377198
185.3	-0.00380557
185.4	-0.00383554
185.5	-0.00386289
185.6	-0.00388726
185.7	-0.00390845
185.8	-0.00392533
185.9	-0.00394177
186	-0.00396342
186.1	-0.00398568
186.2	-0.00400531
186.3	-0.00402317
186.4	-0.00404251
186.5	-0.00405747
186.6	-0.00407489
186.7	-0.00409053
186.8	-0.00410382
186.9	-0.00411966
187	-0.00413522
187.1	-0.00415485
187.2	-0.00417019
187.3	-0.00418013
187.4	-0.00418815
187.5	-0.00419186
187.6	-0.00418977
187.7	-0.00418441
187.8	-0.00417121
187.9	-0.0041531
188	-0.00413379
188.1	-0.00411453
188.2	-0.00409729
188.3	-0.00408329
188.4	-0.00407335
188.5	-0.00406741
188.6	-0.00406982
188.7	-0.00406979
188.8	-0.00406891
188.9	-0.00407103
189	-0.00406974
189.1	-0.00406165
189.2	-0.00405623
189.3	-0.00405325
189.4	-0.00405638
189.5	-0.00406257
189.6	-0.00406475
189.7	-0.00406323
189.8	-0.00405875
189.9	-0.00404923
190	-0.00403325
190.1	-0.00401842
190.2	-0.00400377
190.3	-0.00399338
190.4	-0.00398895
190.5	-0.00398378
190.6	-0.00398089
190.7	-0.00397872
190.8	-0.00398336
190.9	-0.00399178
191	-0.00400346
191.1	-0.00401253
191.2	-0.00402584
191.3	-0.00404209
191.4	-0.00405824
191.5	-0.00407287
191.6	-0.0040889
191.7	-0.00410697
191.8	-0.00412648
191.9	-0.00414049
192	-0.00415316
192.1	-0.00416227
192.2	-0.00416997
192.3	-0.00417593
192.4	-0.0041817
192.5	-0.0041875
192.6	-0.00419359
192.7	-0.00419847
192.8	-0.00420282
192.9	-0.00421133
193	-0.0042197
193.1	-0.00422172
193.2	-0.00421636
193.3	-0.00420737
193.4	-0.00419848
193.5	-0.00418534
193.6	-0.00416912
193.7	-0.00414921
193.8	-0.00413078
193.9	-0.0041125
194	-0.00409483
194.1	-0.00407301
194.2	-0.00404981
194.3	-0.00402653
194.4	-0.00400491
194.5	-0.00398601
194.6	-0.00397386
194.7	-0.00396485
194.8	-0.00395727
194.9	-0.00395008
195	-0.00394502
195.1	-0.00393843
195.2	-0.00393369
195.3	-0.00393263
195.4	-0.00393519
195.5	-0.00393908
195.6	-0.00394495
195.7	-0.003952
195.8	-0.00396036
195.9	-0.0039711
196	-0.00397888
196.1	-0.00398508
196.2	-0.0039921
196.3	-0.00399888
196.4	-0.00400164
196.5	-0.00400314
196.6	-0.00400148
196.7	-0.00399643
196.8	-0.00399265
196.9	-0.00398726
197	-0.00397848
197.1	-0.00396783
197.2	-0.00395925
197.3	-0.00395206
197.4	-0.00394697
197.5	-0.00394573
197.6	-0.00394713
197.7	-0.00394667
197.8	-0.00394435
197.9	-0.00394346
198	-0.00394413
198.1	-0.00394483
198.2	-0.00394864
198.3	-0.00395542
198.4	-0.0039633
198.5	-0.00397544
198.6	-0.00398804
198.7	-0.00400042
198.8	-0.00401318
198.9	-0.00402618
199	-0.00403845
199.1	-0.00405029
199.2	-0.00405986
199.3	-0.00406629
199.4	-0.00407165
199.5	-0.00407418
199.6	-0.00407337
199.7	-0.00407229
199.8	-0.00407195
199.9	-0.00407197
200	-0.00407237
200.1	-0.00407402
200.2	-0.00407467
200.3	-0.00407057
200.4	-0.00406317
200.5	-0.00405547
200.6	-0.00404397
200.7	-0.00402787
200.8	-0.00400605
200.9	-0.00397872
201	-0.00394802
201.1	-0.0039202
201.2	-0.00389643
201.3	-0.00387412
201.4	-0.0038553
201.5	-0.00383371
201.6	-0.00380551
201.7	-0.00377444
201.8	-0.00374166
201.9	-0.00370726
202	-0.00367472
202.1	-0.00364663
202.2	-0.00362033
202.3	-0.00359683
202.4	-0.0035716
202.5	-0.00354737
202.6	-0.00352675
202.7	-0.00350566
202.8	-0.00348442
202.9	-0.00346112
203	-0.00343588
203.1	-0.00340905
203.2	-0.00337799
203.3	-0.00334339
203.4	-0.00330388
203.5	-0.00326232
203.6	-0.00322298
203.7	-0.00318621
203.8	-0.00314757
203.9	-0.00311202
204	-0.00308266
204.1	-0.00305911
204.2	-0.00304101
204.3	-0.00302642
204.4	-0.00301883
204.5	-0.00301333
204.6	-0.00300981
204.7	-0.00300267
204.8	-0.00299172
204.9	-0.0029788
205	-0.0029656
205.1	-0.00295189
205.2	-0.0029409
205.3	-0.00292777
205.4	-0.00290974
205.5	-0.00288995
205.6	-0.0028683
205.7	-0.00284759
205.8	-0.00283105
205.9	-0.00281508
206	-0.00279711
206.1	-0.00278126
206.2	-0.00276661
206.3	-0.00275598
206.4	-0.00275074
206.5	-0.00274279
206.6	-0.0027274
206.7	-0.00271311
206.8	-0.00269701
206.9	-0.00267541
207	-0.00265046
207.1	-0.0026196
207.2	-0.00258455
207.3	-0.00254417
207.4	-0.00250266
207.5	-0.00245828
207.6	-0.00240812
207.7	-0.00235416
207.8	-0.00230012
207.9	-0.00224665
208	-0.00219012
208.1	-0.00213008
208.2	-0.00207268
208.3	-0.00201649
208.4	-0.00196466
208.5	-0.00191534
208.6	-0.00186381
208.7	-0.00181162
208.8	-0.00176353
208.9	-0.00171791
209	-0.00167471
209.1	-0.0016333
209.2	-0.00159166
209.3	-0.00155182
209.4	-0.00151
209.5	-0.00146641
209.6	-0.00142352
209.7	-0.00138097
209.8	-0.00133776
209.9	-0.00129515
210	-0.00125487
210.1	-0.00121618
210.2	-0.00118051
210.3	-0.0011419
210.4	-0.00109865
210.5	-0.00105241
210.6	-0.00101194
210.7	-0.00097307
210.8	-0.000939162
210.9	-0.000905136
211	-0.000869155
211.1	-0.000832625
211.2	-0.00080033
211.3	-0.000769529
211.4	-0.000732226
211.5	-0.000691499
211.6	-0.000651859
211.7	-0.000612616
211.8	-0.00057449
211.9	-0.000535825
212	-0.000493779
212.1	-0.000447217
212.2	-0.000395323
212.3	-0.000344147
212.4	-0.000295891
212.5	-0.000249213
212.6	-0.00020698
212.7	-0.000169536
212.8	-0.000139138
212.9	-0.000113179
213	-8.86117e-05
213.1	-6.33008e-05
213.2	-4.09684e-05
213.3	-2.07138e-05
213.4	7.75504e-07
213.5	2.52033e-05
213.6	5.14156e-05
213.7	8.02886e-05
213.8	0.000107901
213.9	0.000135626
214	0.00016885
214.1	0.000204176
214.2	0.000243996
214.3	0.000282383
214.4	0.000321724
214.5	0.000356129
214.6	0.000388962
214.7	0.000419908
214.8	0.000446379
214.9	0.000472782
215	0.000502997
215.1	0.000539513
215.2	0.00058249
215.3	0.000625588
215.4	0.000663996
215.5	0.000696482
215.6	0.000720446
215.7	0.000735086
215.8	0.000745497
215.9	0.000749245
216	0.000749895
216.1	0.000748155
216.2	0.000747541
216.3	0.000747449
216.4	0.000748696
216.5	0.000750144
216.6	0.000755405
216.7	0.000767076
216.8	0.000779908
216.9	0.000790158
217	0.00080024
217.1	0.000812499
217.2	0.000821704
217.3	0.000827861
217.4	0.000828641
217.5	0.000821571
217.6	0.000813485
217.7	0.000805003
217.8	0.000799341
217.9	0.000791931
218	0.000780858
218.1	0.000767311
218.2	0.000751093
218.3	0.000732055
218.4	0.000708056
218.5	0.000684662
218.6	0.000663628
218.7	0.000645371
218.8	0.000625575
218.9	0.000606492
219	0.000587625
219.1	0.000571772
219.2	0.000554164
219.3	0.000532568
219.4	0.000506976
219.5	0.000478762
219.6	0.000447704
219.7	0.000421068
219.8	0.000396899
219.9	0.000373314
220	0.00035131
220.1	0.000322211
220.2	0.000292624
220.3	0.000262548
220.4	0.000231579
220.5	0.000199909
220.6	0.00016918
220.7	0.000143859
220.8	0.000123121
220.9	9.88637e-05
221	7.5292e-05
221.1	5.5049e-05
221.2	3.74181e-05
221.3	2.50921e-05
221.4	1.52595e-05
221.5	9.48966e-06
221.6	2.38034e-06
221.7	-3.70118e-06
221.8	-5.98681e-06
221.9	-6.44062e-06
222	-7.92661e-06
222.1	-9.39454e-06
222.2	-1.54931e-05
222.3	-2.00381e-05
222.4	-2.408e-05
222.5	-2.91185e-05
222.6	-3.50428e-05
222.7	-4.48672e-05
222.8	-5.47792e-05
222.9	-6.92793e-05
223	-8.09972e-05
223.1	-9.14085e-05
223.2	-0.000102085
223.3	-0.000109448
223.4	-0.000115173
223.5	-0.000122805
223.6	-0.000127735
223.7	-0.000130591
223.8	-0.000132113
223.9	-0.000135206
224	-0.000139827
224.1	-0.00014373
224.2	-0.000144061
224.3	-0.000147198
224.4	-0.000154005
224.5	-0.000162434
224.6	-0.000171581
224.7	-0.000178286
224.8	-0.000184002
224.9	-0.000189944
225	-0.000198021
225.1	-0.000203039
225.2	-0.00020798
225.3	-0.000215426
225.4	-0.00022335
225.5	-0.000233269
225.6	-0.000249296
225.7	-0.000272424
225.8	-0.000294716
225.9	-0.000310867
226	-0.000318292
226.1	-0.000319067
226.2	-0.000316589
226.3	-0.000316194
226.4	-0.000320159
226.5	-0.000326088
226.6	-0.000337411
226.7	-0.000354794
226.8	-0.000375165
226.9	-0.000395523
227	-0.000412761
227.1	-0.000427392
227.2	-0.000440481
227.3	-0.000453326
227.4	-0.000460119
227.5	-0.000467312
227.6	-0.000475773
227.7	-0.000485009
227.8	-0.000488358
227.9	-0.000485604
228	-0.00048435
228.1	-0.000487001
228.2	-0.000492034
228.3	-0.000494276
228.4	-0.000497808
228.5	-0.000502773
228.6	-0.000509868
228.7	-0.000514896
228.8	-0.000521005
228.9	-0.000526688
229	-0.000532855
229.1	-0.000542814
229.2	-0.000557188
229.3	-0.000569466
229.4	-0.000583694
229.5	-0.000598728
229.6	-0.00061709
229.7	-0.000633376
229.8	-0.00065082
229.9	-0.000669732
230	-0.000688792
230.1	-0.000705016
230.2	-0.000720405
230.3	-0.000735209
230.4	-0.000748532
230.5	-0.000760275
230.6	-0.000770505
230.7	-0.000781368
230.8	-0.000791965
230.9	-0.000802825
231	-0.000810286
231.1	-0.000813754
231.2	-0.000814302
231.3	-0.000816389
231.4	-0.000824552
231.5	-0.00083811
231.6	-0.000852614
231.7	-0.00086867
231.8	-0.000887575
231.9	-0.000907791
232	-0.000929862
232.1	-0.000954853
232.2	-0.000983496
232.3	-0.00101467
232.4	-0.00104708
232.5	-0.00107847
232.6	-0.00110449
232.7	-0.00113105
232.8	-0.00115395
232.9	-0.00117296
233	-0.00118901
233.1	-0.00120603
233.2	-0.00121886
233.3	-0.00123114
233.4	-0.00124537
233.5	-0.00125458
233.6	-0.00125792
233.7	-0.00125698
233.8	-0.00125868
233.9	-0.00126002
234	-0.00126525
234.1	-0.00126896
234.2	-0.00127298
234.3	-0.00127561
234.4	-0.00128121
234.5	-0.00128739
234.6	-0.00128968
234.7	-0.00129525
234.8	-0.00129838
234.9	-0.00130517
235	-0.00131411
235.1	-0.00132974
235.2	-0.00135117
235.3	-0.00137426
235.4	-0.00139863
235.5	-0.00142504
235.6	-0.0014494
235.7	-0.00147795
235.8	-0.00150807
235.9	-0.00153917
236	-0.00156891
236.1	-0.00159234
236.2	-0.00161475
236.3	-0.0016332
236.4	-0.00165041
236.5	-0.00166846
236.6	-0.00168867
236.7	-0.0017084
236.8	-0.00172519
236.9	-0.00173889
237	-0.00175676
237.1	-0.00177779
237.2	-0.00179949
237.3	-0.00182735
237.4	-0.00185671
237.5	-0.00188561
237.6	-0.00191682
237.7	-0.00195183
237.8	-0.00198656
237.9	-0.00202169
238	-0.00205533
238.1	-0.00208583
238.2	-0.0021144
238.3	-0.00214299
238.4	-0.00217321
238.5	-0.00220072
238.6	-0.00221946
238.7	-0.00223319
238.8	-0.00224313
238.9	-0.00224738
239	-0.00225227
239.1	-0.00226132
239.2	-0.00227068
239.3	-0.00228147
239.4	-0.00228954
239.5	-0.00229308
239.6	-0.00229481
239.7	-0.00229404
239.8	-0.00228657
239.9	-0.00227461
240	-0.00225946
240.1	-0.00224203
240.2	-0.00222531
240.3	-0.00221384
240.4	-0.00220581
240.5	-0.00219736
240.6	-0.00218407
240.7	-0.00216847
240.8	-0.00215523
240.9	-0.00214523
241	-0.00213465
241.1	-0.00212432
241.2	-0.00211825
241.3	-0.00211393
241.4	-0.00210566
241.5	-0.00209718
241.6	-0.00209038
241.7	-0.00208849
241.8	-0.00208799
241.9	-0.00208889
242	-0.00208218
242.1	-0.00207472
242.2	-0.00206483
242.3	-0.00205669
242.4	-0.00204865
242.5	-0.00204025
242.6	-0.00203299
242.7	-0.0020242
242.8	-0.00201371
242.9	-0.00200169
243	-0.00199046
243.1	-0.00199166
243.2	-0.00200027
243.3	-0.00201386
243.4	-0.00202971
243.5	-0.00204262
243.6	-0.00205007
243.7	-0.00205964
243.8	-0.00206947
243.9	-0.00208486
244	-0.00210438
244.1	-0.00212894
244.2	-0.00215727
244.3	-0.00218401
244.4	-0.00220581
244.5	-0.00222572
244.6	-0.00224311
244.7	-0.0022567
244.8	-0.00226859
244.9	-0.0022803
245	-0.00229369
245.1	-0.00231276
245.2	-0.00233147
245.3	-0.00234724
245.4	-0.00236483
245.5	-0.00238798
245.6	-0.00241016
245.7	-0.00243118
245.8	-0.00245362
245.9	-0.00248004
246	-0.00250727
246.1	-0.00253743
246.2	-0.00257087
246.3	-0.0026065
246.4	-0.00264179
246.5	-0.00267613
246.6	-0.0027043
246.7	-0.00272583
246.8	-0.00274416
246.9	-0.00275961
247	-0.00276789
247.1	-0.00277442
247.2	-0.00277996
247.3	-0.00278675
247.4	-0.00279432
247.5	-0.00280358
247.6	-0.00281945
247.7	-0.00284058
247.8	-0.00286558
247.9	-0.00289227
248	-0.0029206
248.1	-0.0029472
248.2	-0.00297351
248.3	-0.00300289
248.4	-0.00303489
248.5	-0.00306282
248.6	-0.00309127
248.7	-0.00311621
248.8	-0.00313452
248.9	-0.00314977
249	-0.00316639
249.1	-0.0031841
249.2	-0.00319851
249.3	-0.00321188
249.4	-0.0032282
249.5	-0.00324789
249.6	-0.00327124
249.7	-0.00329737
249.8	-0.00332546
249.9	-0.00335242
250	-0.00337671
250.1	-0.00339298
250.2	-0.00340514
250.3	-0.00341739
250.4	-0.00343333
250.5	-0.00344841
250.6	-0.00345638
250.7	-0.00346489
250.8	-0.00347509
250.9	-0.00348922
251	-0.00350914
251.1	-0.00352797
251.2	-0.00354324
251.3	-0.00355447
251.4	-0.00356892
251.5	-0.00358671
251.6	-0.00360624
251.7	-0.00363051
251.8	-0.00365387
251.9	-0.00367966
252	-0.00370375
252.1	-0.003729
252.2	-0.00375277
252.3	-0.00377651
252.4	-0.00379706
252.5	-0.00381348
252.6	-0.00382875
252.7	-0.00384071
252.8	-0.00384743
252.9	-0.0038506
253	-0.00385419
253.1	-0.00385546
253.2	-0.0038529
253.3	-0.00384809
253.4	-0.00384105
253.5	-0.00383547
253.6	-0.00382774
253.7	-0.00381317
253.8	-0.0037938
253.9	-0.00377069
254	-0.00374128
254.1	-0.00371068
254.2	-0.00368567
254.3	-0.00366559
254.4	-0.00364617
254.5	-0.00363397
254.6	-0.00362605
254.7	-0.00361578
254.8	-0.00359914
254.9	-0.00357605
255	-0.00355318
255.1	-0.00353039
255.2	-0.00350807
255.3	-0.00348648
255.4	-0.00347128
255.5	-0.00346159
255.6	-0.00345409
255.7	-0.00344841
255.8	-0.00344393
255.9	-0.00344203
256	-0.00344552
256.1	-0.00345085
256.2	-0.00344934
256.3	-0.0034447
256.4	-0.00344143
256.5	-0.00343524
256.6	-0.00342729
256.7	-0.00341779
256.8	-0.0034033
256.9	-0.00338392
257	-0.00335915
257.1	-0.00333385
257.2	-0.00331133
257.3	-0.00329135
257.4	-0.00327696
257.5	-0.00326341
257.6	-0.00325185
257.7	-0.00323884
257.8	-0.00322284
257.9	-0.0032068
258	-0.00318884
258.1	-0.00316736
258.2	-0.00313884
258.3	-0.00310605
258.4	-0.00307001
258.5	-0.00303407
258.6	-0.00300037
258.7	-0.00296701
258.8	-0.00293345
258.9	-0.00289958
259	-0.00286707
259.1	-0.00283938
259.2	-0.00281925
259.3	-0.00280403
259.4	-0.00279351
259.5	-0.00278328
259.6	-0.00276718
259.7	-0.00274813
259.8	-0.00272803
259.9	-0.00270931
260	-0.0026904
260.1	-0.00267671
260.2	-0.00265946
260.3	-0.00263481
260.4	-0.00260651
260.5	-0.00257747
260.6	-0.00254796
260.7	-0.00251786
260.8	-0.00248612
260.9	-0.00245399
261	-0.0024195
261.1	-0.00237685
261.2	-0.00233299
261.3	-0.0022878
261.4	-0.00224314
261.5	-0.00219885
261.6	-0.00215423
261.7	-0.00210574
261.8	-0.00205871
261.9	-0.00201927
262	-0.00198433
262.1	-0.00194741
262.2	-0.00191096
262.3	-0.00187749
262.4	-0.00184933
262.5	-0.00181917
262.6	-0.00178539
262.7	-0.00174532
262.8	-0.00170334
262.9	-0.0016608
263	-0.00161505
263.1	-0.0015674
263.2	-0.00151896
263.3	-0.00147378
263.4	-0.00143295
263.5	-0.00139619
263.6	-0.00136229
263.7	-0.00132607
263.8	-0.00129381
263.9	-0.0012646
264	-0.00123291
264.1	-0.00120125
264.2	-0.00117103
264.3	-0.00113649
264.4	-0.00110287
264.5	-0.00106943
264.6	-0.00103794
264.7	-0.00100773
264.8	-0.000976971
264.9	-0.000944672
265	-0.000916498
265.1	-0.000893345
265.2	-0.000871547
265.3	-0.000848307
265.4	-0.000824585
265.5	-0.000807166
265.6	-0.000796533
265.7	-0.000793155
265.8	-0.000794285
265.9	-0.000798598
266	-0.000806957
266.1	-0.000809717
266.2	-0.000803631
266.3	-0.000791809
266.4	-0.000778912
266.5	-0.000759296
266.6	-0.000734888
266.7	-0.000710569
266.8	-0.000686213
266.9	-0.000660768
267	-0.000634707
267.1	-0.00060995
267.2	-0.000585151
267.3	-0.00056551
267.4	-0.000550781
267.5	-0.000538902
267.6	-0.000524964
267.7	-0.000508339
267.8	-0.000492645
267.9	-0.000477419
268	-0.000463036
268.1	-0.000451575
268.2	-0.000442209
268.3	-0.000436137
268.4	-0.000428553
268.5	-0.000417075
268.6	-0.000407952
268.7	-0.000399289
268.8	-0.000398208
268.9	-0.000402519
269	-0.000407669
269.1	-0.000417498
269.2	-0.000427158
269.3	-0.000436389
269.4	-0.000443391
269.5	-0.000451036
269.6	-0.000462859
269.7	-0.000472564
269.8	-0.000478512
269.9	-0.000484445
270	-0.00049453
270.1	-0.000514347
270.2	-0.000537851
270.3	-0.000557436
270.4	-0.000570747
270.5	-0.000584109
270.6	-0.000593864
270.7	-0.000602723
270.8	-0.000608474
270.9	-0.000610198
271	-0.000607584
271.1	-0.000606796
271.2	-0.000608661
271.3	-0.000614976
271.4	-0.000625728
271.5	-0.000636445
271.6	-0.000652288
271.7	-0.000666677
271.8	-0.000684067
271.9	-0.000701202
272	-0.000718022
272.1	-0.000731969
272.2	-0.000740297
272.3	-0.00074901
272.4	-0.000761934
272.5	-0.000778721
272.6	-0.000794807
272.7	-0.000813012
272.8	-0.000830756
272.9	-0.00084679
273	-0.000859484
273.1	-0.000868794
273.2	-0.000876117
273.3	-0.000883837
273.4	-0.000892074
273.5	-0.000900685
273.6	-0.000909132
273.7	-0.000919871
273.8	-0.000931743
273.9	-0.000947892
274	-0.000971304
274.1	-0.00100262
274.2	-0.00103375
274.3	-0.00106152
274.4	-0.00108838
274.5	-0.00111425
274.6	-0.00113568
274.7	-0.0011577
274.8	-0.00118193
274.9	-0.00120394
275	-0.00122871
275.1	-0.00125372
275.2	-0.00127856
275.3	-0.00130351
275.4	-0.00132923
275.5	-0.00135671
275.6	-0.00137923
275.7	-0.00139229
275.8	-0.00140159
275.9	-0.00141142
276	-0.00142539
276.1	-0.0014371
276.2	-0.00144464
276.3	-0.00145152
276.4	-0.00145875
276.5	-0.00146874
276.6	-0.00148194
276.7	-0.00150105
276.8	-0.0015242
276.9	-0.00154975
277	-0.00157909
277.1	-0.00161252
277.2	-0.00164493
277.3	-0.00167877
277.4	-0.00171095
277.5	-0.0017411
277.6	-0.00177036
277.7	-0.00179721
277.8	-0.00182146
277.9	-0.00184887
278	-0.00187967
278.1	-0.00190894
278.2	-0.00193389
278.3	-0.00195565
278.4	-0.00197363
278.5	-0.00198799
278.6	-0.00200173
278.7	-0.00201659
278.8	-0.00203517
278.9	-0.00205457
279	-0.00207252
279.1	-0.00208805
279.2	-0.00209847
279.3	-0.00210363
279.4	-0.00210616
279.5	-0.00210433
279.6	-0.00209812
279.7	-0.00208615
279.8	-0.00206961
279.9	-0.00205098
280	-0.00203455
280.1	-0.00202556
280.2	-0.00201483
280.3	-0.00200012
280.4	-0.00198305
280.5	-0.00196976
280.6	-0.00195724
280.7	-0.00194536
280.8	-0.00193123
280.9	-0.00191584
281	-0.00189792
281.1	-0.00187588
281.2	-0.00185412
281.3	-0.00183028
281.4	-0.00180736
281.5	-0.0017853
281.6	-0.00176664
281.7	-0.00175211
281.8	-0.00173921
281.9	-0.00172961
282	-0.00172427
282.1	-0.00172483
282.2	-0.00172749
282.3	-0.00172686
282.4	-0.00172605
282.5	-0.00172604
282.6	-0.00172582
282.7	-0.00172907
282.8	-0.00173585
282.9	-0.00174226
283	-0.00174758
283.1	-0.00175379
283.2	-0.00176122
283.3	-0.00176467
283.4	-0.00176613
283.5	-0.00176768
283.6	-0.00176913
283.7	-0.00176858
283.8	-0.00176313
283.9	-0.00174642
284	-0.00172446
284.1	-0.00170269
284.2	-0.00168294
284.3	-0.00166346
284.4	-0.00164312
284.5	-0.00162675
284.6	-0.00161341
284.7	-0.00160174
284.8	-0.00158562
284.9	-0.00156644
285	-0.00154651
285.1	-0.00152473
285.2	-0.00150319
285.3	-0.00148265
285.4	-0.00146527
285.5	-0.00144527
285.6	-0.00142209
285.7	-0.00139764
285.8	-0.00137636
285.9	-0.00135145
286	-0.00132259
286.1	-0.00129016
286.2	-0.00125639
286.3	-0.00122142
286.4	-0.00119072
286.5	-0.0011615
286.6	-0.00113734
286.7	-0.00111386
286.8	-0.00108656
286.9	-0.00105799
287	-0.0010282
287.1	-0.00100367
287.2	-0.00097681
287.3	-0.000947205
287.4	-0.000915591
287.5	-0.000882921
287.6	-0.000853611
287.7	-0.000829322
287.8	-0.00080593
287.9	-0.000783916
288	-0.000765233
288.1	-0.000747613
288.2	-0.000730697
288.3	-0.000712442
288.4	-0.000694432
288.5	-0.000680544
288.6	-0.00066673
288.7	-0.000649352
288.8	-0.000627052
288.9	-0.000608479
289	-0.000595636
289.1	-0.000585377
289.2	-0.000578158
289.3	-0.000575139
289.4	-0.000575752
289.5	-0.00058152
289.6	-0.000591914
289.7	-0.000603067
289.8	-0.000611617
289.9	-0.000618277
290	-0.000629217
290.1	-0.00064627
290.2	-0.000669226
290.3	-0.000688039
290.4	-0.000702813
290.5	-0.000717809
290.6	-0.000732773
290.7	-0.000750439
290.8	-0.000767569
290.9	-0.000788161
291	-0.000809917
291.1	-0.000832964
291.2	-0.000853118
291.3	-0.000876017
291.4	-0.000900816
291.5	-0.000927693
291.6	-0.000949173
291.7	-0.00096903
291.8	-0.000986667
291.9	-0.00100513
292	-0.00101997
292.1	-0.0010293
292.2	-0.00103328
292.3	-0.0010333
292.4	-0.00102836
292.5	-0.00102258
292.6	-0.00101931
292.7	-0.00101155
292.8	-0.00100037
292.9	-0.000991072
293	-0.000981297
293.1	-0.000970015
293.2	-0.000960498
293.3	-0.00095392
293.4	-0.000951793
293.5	-0.000948905
293.6	-0.000948331
293.7	-0.000947873
293.8	-0.000947435
293.9	-0.00094643
294	-0.000941077
294.1	-0.000931728
294.2	-0.000920106
294.3	-0.000911581
294.4	-0.000904084
294.5	-0.000895085
294.6	-0.0008848
294.7	-0.000873824
294.8	-0.000866337
294.9	-0.000858897
295	-0.000849023
295.1	-0.000834955
295.2	-0.00081602
295.3	-0.00079221
295.4	-0.000762278
295.5	-0.000728291
295.6	-0.000691632
295.7	-0.00065354
295.8	-0.000614833
295.9	-0.000581993
296	-0.000544982
296.1	-0.000506025
296.2	-0.000464474
296.3	-0.000416467
296.4	-0.000364001
296.5	-0.000308405
296.6	-0.000252741
296.7	-0.000198933
296.8	-0.000145385
296.9	-9.13837e-05
297	-3.81789e-05
297.1	1.25391e-05
297.2	5.79342e-05
297.3	9.36731e-05
297.4	0.000119024
297.5	0.000137644
297.6	0.000148563
297.7	0.000159251
297.8	0.000170564
297.9	0.000181375
298	0.000192433
298.1	0.000202717
298.2	0.000209723
298.3	0.000218782
298.4	0.000222676
298.5	0.000230574
298.6	0.000242787
298.7	0.000261553
298.8	0.000283133
298.9	0.000303452
299	0.000322413
299.1	0.000342528
299.2	0.000364155
299.3	0.000388123
299.4	0.000412341
299.5	0.000432439
299.6	0.000451773
299.7	0.000467496
299.8	0.000482531
299.9	0.000492651
300	0.000502506
300.1	0.000511607
300.2	0.000517229
300.3	0.000521492
300.4	0.00052849
300.5	0.000532559
300.6	0.000530382
300.7	0.000522062
300.8	0.000513068
300.9	0.000501154
301	0.000489666
301.1	0.00047639
301.2	0.000460441
301.3	0.000443144
301.4	0.000423637
301.5	0.000399636
301.6	0.00037074
301.7	0.000339126
301.8	0.000303897
301.9	0.000268572
302	0.000232966
302.1	0.000202536
302.2	0.000174905
302.3	0.000145023
302.4	0.000114977
302.5	8.74893e-05
302.6	5.97145e-05
302.7	3.08397e-05
302.8	5.14358e-06
302.9	-1.42388e-05
303	-2.95228e-05
303.1	-4.10173e-05
303.2	-5.22568e-05
303.3	-6.3936e-05
303.4	-7.77481e-05
303.5	-9.43753e-05
303.6	-0.000110312
303.7	-0.00013408
303.8	-0.000166739
303.9	-0.000208939
304	-0.000253311
304.1	-0.000299124
304.2	-0.000343497
304.3	-0.000384443
304.4	-0.00042043
304.5	-0.00045545
304.6	-0.000490237
304.7	-0.000524392
304.8	-0.00055832
304.9	-0.00059556
305	-0.000627121
305.1	-0.000652071
305.2	-0.000674326
305.3	-0.00069515
305.4	-0.000713662
305.5	-0.000734023
305.6	-0.000755832
305.7	-0.000774669
305.8	-0.000791681
305.9	-0.000809466
306	-0.000823844
306.1	-0.000837241
306.2	-0.000849701
306.3	-0.00086012
306.4	-0.000870772
306.5	-0.000883231
306.6	-0.000893069
306.7	-0.000904689
306.8	-0.000920676
306.9	-0.000935068
307	-0.000946889
307.1	-0.000956002
307.2	-0.000963103
307.3	-0.00096862
307.4	-0.000970138
307.5	-0.0009645
307.6	-0.000953114
307.7	-0.000937813
307.8	-0.000915935
307.9	-0.000890135
308	-0.000865249
308.1	-0.000845662
308.2	-0.000825854
308.3	-0.000808072
308.4	-0.000787246
308.5	-0.000766338
308.6	-0.000748331
308.7	-0.000729737
308.8	-0.000707461
308.9	-0.000681209
309	-0.000653055
309.1	-0.000622074
309.2	-0.000591397
309.3	-0.000557887
309.4	-0.00052562
309.5	-0.000493735
309.6	-0.000465205
309.7	-0.000437328
309.8	-0.000413888
309.9	-0.000390811
310	-0.000366007
310.1	-0.000342399
310.2	-0.000317619
310.3	-0.000294846
310.4	-0.000271442
310.5	-0.000247327
310.6	-0.000224767
310.7	-0.0002003
310.8	-0.000173664
310.9	-0.000146211
311	-0.000118017
311.1	-8.61105e-05
311.2	-5.50314e-05
311.3	-2.14205e-05
311.4	8.94523e-06
311.5	3.62092e-05
311.6	6.45409e-05
311.7	9.77021e-05
311.8	0.000131958
311.9	0.000168986
312	0.000207018
312.1	0.000243429
312.2	0.000279553
312.3	0.000315517
312.4	0.000353383
312.5	0.000386189
312.6	0.000412163
312.7	0.000442084
312.8	0.000473032
312.9	0.000502824
313	0.000529893
313.1	0.000552822
313.2	0.000569216
313.3	0.000587406
313.4	0.000606506
313.5	0.000623181
313.6	0.000638326
313.7	0.000650224
313.8	0.000657744
313.9	0.000665602
314	0.000666962
314.1	0.000663547
314.2	0.000665203
314.3	0.000668482
314.4	0.000668883
314.5	0.00067134
314.6	0.000676036
314.7	0.000679112
314.8	0.000682022
314.9	0.000682679
315	0.000677913
315.1	0.000666612
315.2	0.00064738
315.3	0.000627323
315.4	0.000605075
315.5	0.000580954
315.6	0.000553119
315.7	0.000526461
315.8	0.000499656
315.9	0.000468501
316	0.000442261
316.1	0.000416068
316.2	0.000395133
316.3	0.000374212
316.4	0.000354218
316.5	0.00033399
316.6	0.00031148
316.7	0.000287343
316.8	0.000266086
316.9	0.000245725
317	0.000226752
317.1	0.000210242
317.2	0.000194423
317.3	0.000176343
317.4	0.000160374
317.5	0.000145178
317.6	0.000129634
317.7	0.000112795
317.8	0.000102083
317.9	9.51964e-05
318	9.46608e-05
318.1	9.73768e-05
318.2	0.000103679
318.3	0.000111536
318.4	0.00012528
318.5	0.000145286
318.6	0.000169292
318.7	0.000200421
318.8	0.000233689
318.9	0.000262857
319	0.000288551
319.1	0.000305664
319.2	0.000319348
319.3	0.000334775
319.4	0.000351772
319.5	0.000369726
319.6	0.000381806
319.7	0.000394602
319.8	0.000405845
319.9	0.000414607
320	0.000423958
320.1	0.000434093
320.2	0.000445888
320.3	0.000456991
320.4	0.000467897
320.5	0.000478566
320.6	0.000491248
320.7	0.000502705
320.8	0.000511393
320.9	0.000510476
321	0.000503622
321.1	0.000492425
321.2	0.000475771
321.3	0.000458933
321.4	0.000444574
321.5	0.000432753
321.6	0.000417718
321.7	0.000410075
321.8	0.000409979
321.9	0.000414083
322	0.000412778
322.1	0.000404932
322.2	0.00039507
322.3	0.000384655
322.4	0.000373675
322.5	0.000363004
322.6	0.000352386
322.7	0.000345909
322.8	0.000341764
322.9	0.000343819
323	0.000350469
323.1	0.000362071
323.2	0.000373116
323.3	0.000387204
323.4	0.000402401
323.5	0.000416188
323.6	0.000433954
323.7	0.00045119
323.8	0.000467921
323.9	0.000483955
324	0.000501407
324.1	0.000519293
324.2	0.000538264
324.3	0.000562459
324.4	0.000589136
324.5	0.000613457
324.6	0.000634364
324.7	0.000651972
324.8	0.000666315
324.9	0.000676569
325	0.000682796
325.1	0.000686776
325.2	0.000686858
325.3	0.000684649
325.4	0.00068522
325.5	0.00068489
325.6	0.000689628
325.7	0.000696403
325.8	0.000702871
325.9	0.000711549
326	0.000721021
326.1	0.000732622
326.2	0.00074327
326.3	0.000750063
326.4	0.000751643
326.5	0.000750368
326.6	0.000748588
326.7	0.000743398
326.8	0.000737346
326.9	0.00073308
327	0.000729
327.1	0.000726123
327.2	0.000725346
327.3	0.000723537
327.4	0.000720631
327.5	0.000718157
327.6	0.000719263
327.7	0.000722741
327.8	0.000723551
327.9	0.000719874
328	0.00071199
328.1	0.000698306
328.2	0.000685286
328.3	0.000674255
328.4	0.000661918
328.5	0.000648239
328.6	0.000629331
328.7	0.000606824
328.8	0.000584981
328.9	0.000568001
329	0.000557196
329.1	0.000551328
329.2	0.00054399
329.3	0.000535437
329.4	0.000525205
329.5	0.000514658
329.6	0.000505758
329.7	0.000493099
329.8	0.000475367
329.9	0.00046033
330	0.000449941
330.1	0.0004413
330.2	0.000432717
330.3	0.000424399
330.4	0.000413748
330.5	0.000400311
330.6	0.000383787
330.7	0.000364043
330.8	0.000343892
330.9	0.000323083
331	0.000305695
331.1	0.000292051
331.2	0.000283122
331.3	0.000275754
331.4	0.000269749
331.5	0.000266713
331.6	0.00026405
331.7	0.000259389
331.8	0.000255723
331.9	0.000255325
332	0.00025415
332.1	0.000253967
332.2	0.00025356
332.3	0.000251899
332.4	0.000247601
332.5	0.000243226
332.6	0.000237034
332.7	0.000224339
332.8	0.000209895
332.9	0.000196187
333	0.000183366
333.1	0.00016922
333.2	0.000152499
333.3	0.000130369
333.4	0.000106064
333.5	7.92327e-05
333.6	5.26407e-05
333.7	2.97373e-05
333.8	9.94896e-06
333.9	-1.11011e-05
334	-3.57298e-05
334.1	-6.10947e-05
334.2	-8.04401e-05
334.3	-9.52154e-05
334.4	-0.000109616
334.5	-0.000124895
334.6	-0.000139037
334.7	-0.000148283
334.8	-0.000152365
334.9	-0.000155376
335	-0.00015927
335.1	-0.00016311
335.2	-0.00016661
335.3	-0.000172478
335.4	-0.000175729
335.5	-0.00017781
335.6	-0.000180142
335.7	-0.00018394
335.8	-0.000194501
335.9	-0.000212215
336	-0.000231775
336.1	-0.000254503
336.2	-0.000276769
336.3	-0.000295281
336.4	-0.000311591
336.5	-0.000322218
336.6	-0.000333518
336.7	-0.000339405
336.8	-0.000342897
336.9	-0.000345013
337	-0.000346987
337.1	-0.000350294
337.2	-0.000351292
337.3	-0.000348361
337.4	-0.000343332
337.5	-0.000336553
337.6	-0.000328846
337.7	-0.000322002
337.8	-0.000314721
337.9	-0.000308078
338	-0.000298814
338.1	-0.000286754
338.2	-0.000278102
338.3	-0.000271084
338.4	-0.000264274
338.5	-0.000258813
338.6	-0.000258198
338.7	-0.000259641
338.8	-0.000262465
338.9	-0.000267717
339	-0.000277498
339.1	-0.000285841
339.2	-0.000297079
339.3	-0.000304444
339.4	-0.000309148
339.5	-0.000308241
339.6	-0.000302713
339.7	-0.000294862
339.8	-0.000286803
339.9	-0.00027872
340	-0.000271828
340.1	-0.000264747
340.2	-0.000255674
340.3	-0.000243162
340.4	-0.00022386
340.5	-0.000206487
340.6	-0.000187151
340.7	-0.000168734
340.8	-0.000150303
340.9	-0.000127559
341	-0.000100602
341.1	-7.42215e-05
341.2	-4.42323e-05
341.3	-1.21949e-05
341.4	2.28906e-05
341.5	5.5664e-05
341.6	8.72074e-05
341.7	0.000121063
341.8	0.000150527
341.9	0.00017479
342	0.000194399
342.1	0.00021035
342.2	0.000223755
342.3	0.000233831
342.4	0.000244469
342.5	0.000253542
342.6	0.000257797
342.7	0.000252811
342.8	0.000247248
342.9	0.0002411
343	0.000230396
343.1	0.000213524
343.2	0.000197993
343.3	0.000181709
343.4	0.000163164
343.5	0.000143141
343.6	0.000122177
343.7	9.9075e-05
343.8	7.96045e-05
343.9	6.29036e-05
344	5.01965e-05
344.1	3.92774e-05
344.2	2.8355e-05
344.3	2.15099e-05
344.4	1.52104e-05
344.5	8.94684e-06
344.6	1.95433e-06
344.7	-3.45294e-06
344.8	-7.74206e-06
344.9	-7.75816e-06
345	-6.9707e-06
345.1	-7.26282e-06
345.2	-9.33694e-06
345.3	-1.14929e-05
345.4	-1.32005e-05
345.5	-1.30558e-05
345.6	-1.18033e-05
345.7	-1.18425e-05
345.8	-1.58797e-05
345.9	-2.66102e-05
346	-3.67771e-05
346.1	-4.74299e-05
346.2	-5.39091e-05
346.3	-6.13433e-05
346.4	-6.37809e-05
346.5	-6.42696e-05
346.6	-5.88594e-05
346.7	-5.28573e-05
346.8	-4.26195e-05
346.9	-3.12547e-05
347	-2.44268e-05
347.1	-1.88448e-05
347.2	-9.83369e-06
347.3	2.13823e-06
347.4	1.28305e-05
347.5	2.65574e-05
347.6	3.58686e-05
347.7	4.24685e-05
347.8	5.11042e-05
347.9	6.19146e-05
348	6.95373e-05
348.1	7.06206e-05
348.2	6.50618e-05
348.3	5.89982e-05
348.4	5.05451e-05
348.5	4.16938e-05
348.6	3.64128e-05
348.7	2.97903e-05
348.8	1.94498e-05
348.9	9.13459e-06
349	-1.70034e-06
349.1	-1.09552e-05
349.2	-1.77704e-05
349.3	-2.68934e-05
349.4	-3.65043e-05
349.5	-4.42959e-05
349.6	-4.82938e-05
349.7	-5.11117e-05
349.8	-5.27783e-05
349.9	-5.56447e-05
350	-5.66373e-05
350.1	-5.62032e-05
350.2	-6.1813e-05
350.3	-6.75412e-05
350.4	-7.43709e-05
350.5	-8.32837e-05
350.6	-9.24147e-05
350.7	-0.000103065
350.8	-0.000117204
350.9	-0.000138409
351	-0.000165661
351.1	-0.000196778
351.2	-0.000228788
351.3	-0.000258405
351.4	-0.0002897
351.5	-0.000324902
351.6	-0.000361268
351.7	-0.000395703
351.8	-0.000426556
351.9	-0.000457134
352	-0.000487721
352.1	-0.000517149
352.2	-0.00054929
352.3	-0.000583442
352.4	-0.000624715
352.5	-0.00067272
352.6	-0.000723359
352.7	-0.000775832
352.8	-0.000828626
352.9	-0.000881916
353	-0.000939006
353.1	-0.000996931
353.2	-0.00105356
353.3	-0.00110879
353.4	-0.00115934
353.5	-0.00120388
353.6	-0.00124565
353.7	-0.00128584
353.8	-0.00132361
353.9	-0.00135799
354	-0.00139409
354.1	-0.00142938
354.2	-0.00146407
354.3	-0.00150188
354.4	-0.00153905
354.5	-0.0015719
354.6	-0.00160353
354.7	-0.00163729
354.8	-0.00167025
354.9	-0.00169944
355	-0.00172501
355.1	-0.00175164
355.2	-0.00178152
355.3	-0.00180999
355.4	-0.00183341
355.5	-0.00185064
355.6	-0.00186573
355.7	-0.00188133
355.8	-0.00189582
355.9	-0.00191077
356	-0.00192818
356.1	-0.00194835
356.2	-0.001963
356.3	-0.00197138
356.4	-0.00197461
356.5	-0.00197608
356.6	-0.00197649
356.7	-0.00197946
356.8	-0.0019824
356.9	-0.00198276
357	-0.00197713
357.1	-0.00196695
357.2	-0.00195313
357.3	-0.00194075
357.4	-0.0019334
357.5	-0.00192715
357.6	-0.00191891
357.7	-0.00190729
357.8	-0.00189467
357.9	-0.00188238
358	-0.00186814
358.1	-0.00185245
358.2	-0.00184312
358.3	-0.00184211
358.4	-0.00184449
358.5	-0.00184333
358.6	-0.00184008
358.7	-0.00184112
358.8	-0.00184526
358.9	-0.00185415
359	-0.0018671
359.1	-0.00187546
359.2	-0.00188336
359.3	-0.00189588
359.4	-0.0019105
359.5	-0.00192427
359.6	-0.0019354
359.7	-0.00194303
359.8	-0.00195663
359.9	-0.00197093
360	-0.00198738
360.1	-0.00200402
360.2	-0.00201613
360.3	-0.00202966
360.4	-0.0020448
360.5	-0.00205957
360.6	-0.0020769
360.7	-0.00209142
360.8	-0.00210354
360.9	-0.00211063
361	-0.00212082
361.1	-0.00212809
361.2	-0.00213567
361.3	-0.00214071
361.4	-0.00214161
361.5	-0.0021412
361.6	-0.00214354
361.7	-0.00215002
361.8	-0.00216187
361.9	-0.00217756
362	-0.00220039
362.1	-0.00222906
362.2	-0.00225699
362.3	-0.00228072
362.4	-0.00230145
362.5	-0.00232484
362.6	-0.00234285
362.7	-0.00235985
362.8	-0.00237595
362.9	-0.00239142
363	-0.00240642
363.1	-0.00242282
363.2	-0.00244031
363.3	-0.00245555
363.4	-0.00246899
363.5	-0.00248063
363.6	-0.00249287
363.7	-0.00250366
363.8	-0.00251387
363.9	-0.00252242
364	-0.00253
364.1	-0.00253687
364.2	-0.00253833
364.3	-0.00254077
364.4	-0.00254238
364.5	-0.00254755
364.6	-0.00255315
364.7	-0.00256473
364.8	-0.00258346
364.9	-0.00260119
365	-0.00262033
365.1	-0.00263947
365.2	-0.00265636
365.3	-0.0026734
365.4	-0.00269098
365.5	-0.00270876
365.6	-0.00272341
365.7	-0.00274269
365.8	-0.00276915
365.9	-0.00279773
366	-0.00282696
366.1	-0.0028582
366.2	-0.00289332
366.3	-0.00293345
366.4	-0.00297003
366.5	-0.0030015
366.6	-0.00303237
366.7	-0.00306534
366.8	-0.0030992
366.9	-0.0031297
367	-0.0031563
367.1	-0.00318298
367.2	-0.00320951
367.3	-0.00323319
367.4	-0.00325388
367.5	-0.00327284
367.6	-0.00329037
367.7	-0.00331002
367.8	-0.00332944
367.9	-0.00334362
368	-0.00335489
368.1	-0.00335931
368.2	-0.00336338
368.3	-0.00336699
368.4	-0.00337089
368.5	-0.00337477
368.6	-0.00338024
368.7	-0.00338866
368.8	-0.00339683
368.9	-0.00340495
369	-0.00340979
369.1	-0.00341734
369.2	-0.00342341
369.3	-0.0034289
369.4	-0.00343304
369.5	-0.00343592
369.6	-0.00344345
369.7	-0.00344923
369.8	-0.00345548
369.9	-0.00346378
370	-0.00346976
370.1	-0.00347035
370.2	-0.00346379
370.3	-0.0034545
370.4	-0.00343974
370.5	-0.00342218
370.6	-0.00340101
370.7	-0.00338159
370.8	-0.00336751
370.9	-0.00335631
371	-0.00334337
371.1	-0.00332984
371.2	-0.00331403
371.3	-0.0033002
371.4	-0.0032901
371.5	-0.00328043
371.6	-0.00327608
371.7	-0.00327906
371.8	-0.0032784
371.9	-0.00327326
372	-0.00326631
372.1	-0.00326098
372.2	-0.00326109
372.3	-0.00326166
372.4	-0.00326096
372.5	-0.00325917
372.6	-0.00325729
372.7	-0.00325765
372.8	-0.00325688
372.9	-0.00325322
373	-0.00324428
373.1	-0.00323101
373.2	-0.0032164
373.3	-0.00319809
373.4	-0.00318498
373.5	-0.00317368
373.6	-0.00316107
373.7	-0.00314985
373.8	-0.00314375
373.9	-0.00314172
374	-0.00314056
374.1	-0.00313975
374.2	-0.00313391
374.3	-0.00312439
374.4	-0.00311913
374.5	-0.00311535
374.6	-0.00311594
374.7	-0.00311992
374.8	-0.00312597
374.9	-0.00313534
375	-0.00314443
375.1	-0.00315206
375.2	-0.00316253
375.3	-0.00317638
375.4	-0.00319266
375.5	-0.00321335
375.6	-0.00323863
375.7	-0.00326429
375.8	-0.0032906
375.9	-0.00331582
376	-0.00334322
376.1	-0.00337631
376.2	-0.00341246
376.3	-0.00344768
376.4	-0.00348001
376.5	-0.00351364
376.6	-0.00354576
376.7	-0.00357346
376.8	-0.00360118
376.9	-0.0036283
377	-0.00365449
377.1	-0.00367624
377.2	-0.00369607
377.3	-0.00371441
377.4	-0.00373307
377.5	-0.00375474
377.6	-0.00377961
377.7	-0.00380086
377.8	-0.00382106
377.9	-0.00384297
378	-0.00386976
378.1	-0.00389892
378.2	-0.00392555
378.3	-0.00395284
378.4	-0.0039804
378.5	-0.00400938
378.6	-0.00404069
378.7	-0.0040733
378.8	-0.00410529
378.9	-0.00413628
379	-0.00416285
379.1	-0.00418658
379.2	-0.00421074
379.3	-0.00423901
379.4	-0.00427331
379.5	-0.00430646
379.6	-0.00433748
379.7	-0.00436534
379.8	-0.00438673
379.9	-0.00440194
380	-0.00441836
380.1	-0.00443066
380.2	-0.00443886
380.3	-0.00445133
380.4	-0.00446386
380.5	-0.00447653
380.6	-0.00448815
380.7	-0.00450468
380.8	-0.00451675
380.9	-0.00452734
381	-0.00453466
381.1	-0.00453312
381.2	-0.0045316
381.3	-0.00452683
381.4	-0.00451545
381.5	-0.00450036
381.6	-0.00448869
381.7	-0.00447638
381.8	-0.0044585
381.9	-0.00443931
382	-0.00442266
382.1	-0.00440845
382.2	-0.00439783
382.3	-0.00438949
382.4	-0.00437868
382.5	-0.00436591
382.6	-0.00435354
382.7	-0.00434021
382.8	-0.00432573
382.9	-0.00431599
383	-0.00430901
383.1	-0.00430408
383.2	-0.00430633
383.3	-0.00430986
383.4	-0.00431404
383.5	-0.00431473
383.6	-0.00431232
383.7	-0.00431069
383.8	-0.00431426
383.9	-0.00431901
384	-0.00432216
384.1	-0.0043247
384.2	-0.00432488
384.3	-0.00432268
384.4	-0.00431694
384.5	-0.0043077
384.6	-0.00429669
384.7	-0.00428719
384.8	-0.00427358
384.9	-0.00425716
385	-0.00423409
385.1	-0.00420623
385.2	-0.00417434
385.3	-0.00414464
385.4	-0.00411816
385.5	-0.004092
385.6	-0.00406356
385.7	-0.00403349
385.8	-0.00400362
385.9	-0.00397122
386	-0.00393157
386.1	-0.003891
386.2	-0.00384718
386.3	-0.00380337
386.4	-0.00376214
386.5	-0.00371989
386.6	-0.00368014
386.7	-0.00364236
386.8	-0.00361197
386.9	-0.00358413
387	-0.00355274
387.1	-0.00351813
387.2	-0.00348094
387.3	-0.00344076
387.4	-0.00339872
387.5	-0.00336014
387.6	-0.00332777
387.7	-0.00330499
387.8	-0.00328604
387.9	-0.00327224
388	-0.00326857
388.1	-0.00326897
388.2	-0.00327094
388.3	-0.00327175
388.4	-0.00327479
388.5	-0.00327804
388.6	-0.00328277
388.7	-0.00329011
388.8	-0.00329681
388.9	-0.00330085
389	-0.00330343
389.1	-0.00330196
389.2	-0.00329634
389.3	-0.0032879
389.4	-0.00327898
389.5	-0.00326753
389.6	-0.00325555
389.7	-0.00324439
389.8	-0.00323615
389.9	-0.00322323
390	-0.00320706
390.1	-0.00318492
390.2	-0.00315784
390.3	-0.00312935
390.4	-0.00309724
390.5	-0.00306369
390.6	-0.00302783
390.7	-0.00299022
390.8	-0.00295071
390.9	-0.00290968
391	-0.00286682
391.1	-0.0028249
391.2	-0.00278854
391.3	-0.00275502
391.4	-0.00272594
391.5	-0.00270337
391.6	-0.00268595
391.7	-0.0026712
391.8	-0.00265914
391.9	-0.00264574
392	-0.00263318
392.1	-0.00262007
392.2	-0.00260231
392.3	-0.00258645
392.4	-0.00257114
392.5	-0.00255957
392.6	-0.00254698
392.7	-0.00253415
392.8	-0.00252444
392.9	-0.00252354
393	-0.00252426
393.1	-0.00252804
393.2	-0.00253256
393.3	-0.0025424
393.4	-0.00255594
393.5	-0.0025769
393.6	-0.00260439
393.7	-0.00263309
393.8	-0.00266369
393.9	-0.00269461
394	-0.00272482
394.1	-0.00275779
394.2	-0.00279176
394.3	-0.00282516
394.4	-0.00286248
394.5	-0.00290192
394.6	-0.00294355
394.7	-0.00298434
394.8	-0.00302852
394.9	-0.0030765
395	-0.00312432
395.1	-0.00317133
395.2	-0.00321692
395.3	-0.00326026
395.4	-0.00330362
395.5	-0.00334473
395.6	-0.00338239
395.7	-0.00342144
395.8	-0.00346665
395.9	-0.00351
396	-0.00355306
396.1	-0.00359764
396.2	-0.00364391
396.3	-0.00368768
396.4	-0.00372916
396.5	-0.00376979
396.6	-0.00381046
396.7	-0.00385552
396.8	-0.00390577
396.9	-0.00395832
397	-0.0040127
397.1	-0.00406564
397.2	-0.00411486
397.3	-0.00416479
397.4	-0.00420994
397.5	-0.00425377
397.6	-0.00430061
397.7	-0.00434648
397.8	-0.00438609
397.9	-0.00442673
398	-0.00446956
398.1	-0.00451074
398.2	-0.0045487
398.3	-0.00458273
398.4	-0.00461271
398.5	-0.00464138
398.6	-0.00467174
398.7	-0.00470015
398.8	-0.00472789
398.9	-0.00474908
399	-0.00476492
399.1	-0.00477859
399.2	-0.00479281
399.3	-0.00480908
399.4	-0.00483156
399.5	-0.00486075
399.6	-0.00489949
399.7	-0.00493841
399.8	-0.0049784
399.9	-0.00501915
400	-0.00505539
400.1	-0.00508705
400.2	-0.00511495
400.3	-0.00513697
400.4	-0.00515296
400.5	-0.00516596
400.6	-0.00517611
400.7	-0.00518796
400.8	-0.00519962
400.9	-0.0052124
401	-0.0052276
401.1	-0.005241
401.2	-0.00525398
401.3	-0.00526429
401.4	-0.00527635
401.5	-0.005284
401.6	-0.00528854
401.7	-0.0052915
401.8	-0.00529723
401.9	-0.00530472
402	-0.00531927
402.1	-0.00533602
402.2	-0.00535146
402.3	-0.0053685
402.4	-0.00539088
402.5	-0.00541765
402.6	-0.00544505
402.7	-0.00547213
402.8	-0.00549956
402.9	-0.005526
403	-0.00554994
403.1	-0.00557363
403.2	-0.00560188
403.3	-0.00563243
403.4	-0.00566607
403.5	-0.00569848
403.6	-0.00573292
403.7	-0.00576787
403.8	-0.0058046
403.9	-0.00584256
404	-0.00587982
404.1	-0.0059197
404.2	-0.00595868
404.3	-0.00599354
404.4	-0.00602698
404.5	-0.00606063
404.6	-0.00609447
404.7	-0.00613225
404.8	-0.00616844
404.9	-0.00620371
405	-0.00624085
405.1	-0.00627725
405.2	-0.00631206
405.3	-0.00634585
405.4	-0.00638135
405.5	-0.00641544
405.6	-0.00644081
405.7	-0.00646012
405.8	-0.0064803
405.9	-0.00650852
406	-0.00653758
406.1	-0.00656336
406.2	-0.00658198
406.3	-0.00659703
406.4	-0.00661139
406.5	-0.00662193
406.6	-0.00663188
406.7	-0.00664369
406.8	-0.00665597
406.9	-0.00666674
407	-0.00666989
407.1	-0.00667046
407.2	-0.00667656
407.3	-0.00667962
407.4	-0.00667728
407.5	-0.00667299
407.6	-0.00667419
407.7	-0.00667475
407.8	-0.00667292
407.9	-0.00667575
408	-0.00667703
408.1	-0.00668471
408.2	-0.0066959
408.3	-0.00670783
408.4	-0.0067178
408.5	-0.00672621
408.6	-0.00673096
408.7	-0.0067305
408.8	-0.0067283
408.9	-0.00671967
409	-0.00670787
409.1	-0.00668797
409.2	-0.00666352
409.3	-0.00663623
409.4	-0.00660682
409.5	-0.0065785
409.6	-0.00655389
409.7	-0.00652062
409.8	-0.00648152
409.9	-0.00643331
410	-0.00638315
410.1	-0.00633442
410.2	-0.00628901
410.3	-0.00624942
410.4	-0.00620927
410.5	-0.00616655
410.6	-0.00611982
410.7	-0.00606875
410.8	-0.00601824
410.9	-0.0059697
411	-0.0059185
411.1	-0.00586263
411.2	-0.00580868
411.3	-0.00575397
411.4	-0.00570059
411.5	-0.00564635
411.6	-0.00560032
411.7	-0.00555939
411.8	-0.00552423
411.9	-0.00548819
412	-0.00545621
412.1	-0.00542658
412.2	-0.00539742
412.3	-0.00537124
412.4	-0.00534538
412.5	-0.00532057
412.6	-0.00529638
412.7	-0.00527376
412.8	-0.00525139
412.9	-0.00523348
413	-0.00522184
413.1	-0.00521332
413.2	-0.00520468
413.3	-0.0051952
413.4	-0.00518244
413.5	-0.00517447
413.6	-0.00516896
413.7	-0.00516502
413.8	-0.00516391
413.9	-0.00516516
414	-0.00517122
414.1	-0.00517634
414.2	-0.00517866
414.3	-0.00518319
414.4	-0.00519156
414.5	-0.00520038
414.6	-0.00520519
414.7	-0.00520655
414.8	-0.00520764
414.9	-0.00520858
415	-0.00520573
415.1	-0.00520239
415.2	-0.0052008
415.3	-0.00519947
415.4	-0.00519483
415.5	-0.00518498
415.6	-0.00516929
415.7	-0.00515161
415.8	-0.00512994
415.9	-0.00510288
416	-0.00507623
416.1	-0.00504803
416.2	-0.00501532
416.3	-0.00498102
416.4	-0.0049468
416.5	-0.00491324
416.6	-0.00488365
416.7	-0.00485644
416.8	-0.00483364
416.9	-0.00481447
417	-0.00479426
417.1	-0.00477609
417.2	-0.00475886
417.3	-0.00474132
417.4	-0.00472266
417.5	-0.00470073
417.6	-0.00467571
417.7	-0.00464744
417.8	-0.00461612
417.9	-0.00458613
418	-0.00455485
418.1	-0.0045197
418.2	-0.00448435
418.3	-0.0044493
418.4	-0.00441149
418.5	-0.00437285
418.6	-0.00433061
418.7	-0.00428963
418.8	-0.00424836
418.9	-0.00420846
419	-0.00417204
419.1	-0.00413542
419.2	-0.00410216
419.3	-0.00407032
419.4	-0.00403707
419.5	-0.00400358
419.6	-0.00397261
419.7	-0.00394664
419.8	-0.00392275
419.9	-0.00389541
420	-0.00386794
420.1	-0.00384062
420.2	-0.0038087
420.3	-0.00377471
420.4	-0.00374299
420.5	-0.00371613
420.6	-0.00369203
420.7	-0.00366831
420.8	-0.00364211
420.9	-0.00361811
421	-0.00359616
421.1	-0.00357669
421.2	-0.00355048
421.3	-0.00352608
421.4	-0.00350417
421.5	-0.00348084
421.6	-0.00345661
421.7	-0.00344074
421.8	-0.0034272
421.9	-0.00340867
422	-0.00338779
422.1	-0.00336183
422.2	-0.00333476
422.3	-0.00330276
422.4	-0.00327046
422.5	-0.00324004
422.6	-0.00321193
422.7	-0.00318365
422.8	-0.00315323
422.9	-0.0031204
423	-0.00308665
423.1	-0.0030501
423.2	-0.00301126
423.3	-0.00297431
423.4	-0.0029457
423.5	-0.00292021
423.6	-0.00289621
423.7	-0.00287291
423.8	-0.0028529
423.9	-0.00283445
424	-0.00282017
424.1	-0.00280968
424.2	-0.00280467
424.3	-0.00280562
424.4	-0.00280877
424.5	-0.00281275
424.6	-0.00281767
424.7	-0.00282516
424.8	-0.00282922
424.9	-0.0028302
425	-0.00282351
425.1	-0.00281412
425.2	-0.00280466
425.3	-0.00279364
425.4	-0.00278153
425.5	-0.00276699
425.6	-0.00274568
425.7	-0.00271265
425.8	-0.00267217
425.9	-0.00262714
426	-0.00258321
426.1	-0.00253961
426.2	-0.00250184
426.3	-0.00246815
426.4	-0.00243695
426.5	-0.0024087
426.6	-0.0023844
426.7	-0.00236341
426.8	-0.00234558
426.9	-0.00232858
427	-0.00230903
427.1	-0.00229066
427.2	-0.00227195
427.3	-0.00225143
427.4	-0.00222812
427.5	-0.0021998
427.6	-0.00216744
427.7	-0.00213224
427.8	-0.0020984
427.9	-0.00206271
428	-0.00202678
428.1	-0.00199099
428.2	-0.00194759
428.3	-0.00190112
428.4	-0.00185697
428.5	-0.00181781
428.6	-0.00177657
428.7	-0.0017375
428.8	-0.00170023
428.9	-0.00165626
429	-0.00160344
429.1	-0.00154873
429.2	-0.00149199
429.3	-0.00143554
429.4	-0.00138702
429.5	-0.00134229
429.6	-0.00129875
429.7	-0.00125718
429.8	-0.00122181
429.9	-0.00118679
430	-0.00115222
430.1	-0.00111483
430.2	-0.0010769
430.3	-0.00103899
430.4	-0.00100017
430.5	-0.000955136
430.6	-0.00090325
430.7	-0.000850663
430.8	-0.000804056
430.9	-0.000759446
431	-0.000716718
431.1	-0.00067665
431.2	-0.000643785
431.3	-0.000614566
431.4	-0.000588649
431.5	-0.000558887
431.6	-0.000526125
431.7	-0.000496349
431.8	-0.00046644
431.9	-0.000436623
432	-0.000408528
432.1	-0.000380728
432.2	-0.000349714
432.3	-0.000315351
432.4	-0.000281258
432.5	-0.000252461
432.6	-0.000232023
432.7	-0.000213516
432.8	-0.000198771
432.9	-0.000186527
433	-0.000171395
433.1	-0.000154258
433.2	-0.000137409
433.3	-0.000119829
433.4	-0.00010128
433.5	-7.98115e-05
433.6	-5.94409e-05
433.7	-3.74127e-05
433.8	-1.59162e-05
433.9	1.97638e-06
434	1.50671e-05
434.1	2.51934e-05
434.2	3.52298e-05
434.3	4.58652e-05
434.4	5.73741e-05
434.5	6.85287e-05
434.6	7.56544e-05
434.7	7.78721e-05
434.8	8.01367e-05
434.9	8.02077e-05
435	8.30811e-05
435.1	8.74487e-05
435.2	9.09272e-05
435.3	9.01154e-05
435.4	9.06655e-05
435.5	9.00621e-05
435.6	9.09285e-05
435.7	9.26252e-05
435.8	9.19079e-05
435.9	9.08591e-05
436	8.66856e-05
436.1	8.3787e-05
436.2	7.87236e-05
436.3	7.87192e-05
436.4	8.3381e-05
436.5	9.3872e-05
436.6	0.000109255
436.7	0.000127102
436.8	0.000146255
436.9	0.000168491
437	0.000191191
437.1	0.00021361
437.2	0.000231684
437.3	0.000248513
437.4	0.00026492
437.5	0.000280354
437.6	0.000292057
437.7	0.000298488
437.8	0.000305532
437.9	0.000306574
438	0.000305885
438.1	0.000307612
438.2	0.000308469
438.3	0.000303121
438.4	0.000294786
438.5	0.000285035
438.6	0.000275172
438.7	0.000263047
438.8	0.000253163
438.9	0.000243502
439	0.000233205
439.1	0.000223733
439.2	0.000212057
439.3	0.000204757
439.4	0.000196445
439.5	0.000182548
439.6	0.000163826
439.7	0.000146638
439.8	0.000136141
439.9	0.000127791
440	0.000120609
440.1	0.000115099
440.2	0.000109979
440.3	0.000105957
440.4	9.95457e-05
440.5	9.49615e-05
440.6	9.23372e-05
440.7	9.18855e-05
440.8	9.01681e-05
440.9	9.64656e-05
441	0.000101994
441.1	0.000104582
441.2	0.000101178
441.3	9.36822e-05
441.4	8.47817e-05
441.5	8.04206e-05
441.6	7.88341e-05
441.7	7.78142e-05
441.8	7.78882e-05
441.9	8.03438e-05
442	8.61653e-05
442.1	9.59785e-05
442.2	0.000108621
442.3	0.000125914
442.4	0.000146886
442.5	0.000166682
442.6	0.000189078
442.7	0.000217066
442.8	0.000247153
442.9	0.000275048
443	0.000296352
443.1	0.000316936
443.2	0.000335845
443.3	0.000353239
443.4	0.00036956
443.5	0.00038874
443.6	0.000413075
443.7	0.000435942
443.8	0.00045879
443.9	0.000473248
444	0.00048317
444.1	0.000494731
444.2	0.000509173
444.3	0.000526635
444.4	0.000550452
444.5	0.000574094
444.6	0.00059961
444.7	0.000627631
444.8	0.000659258
444.9	0.000687624
445	0.000712992
445.1	0.000729634
445.2	0.000746565
445.3	0.000766375
445.4	0.00078696
445.5	0.000805592
445.6	0.000824647
445.7	0.000840001
445.8	0.000855787
445.9	0.000872804
446	0.000888389
446.1	0.000903896
446.2	0.000917369
446.3	0.000928777
446.4	0.000944575
446.5	0.000960902
446.6	0.000978232
446.7	0.000994307
446.8	0.00100398
446.9	0.00100651
447	0.00100859
447.1	0.00100836
447.2	0.00100729
447.3	0.00100655
447.4	0.00100818
447.5	0.00101037
447.6	0.00101457
447.7	0.00101667
447.8	0.00101364
447.9	0.00101099
448	0.00100542
448.1	0.000992241
448.2	0.000984721
448.3	0.00098404
448.4	0.000985073
448.5	0.000984311
448.6	0.000984606
448.7	0.00098658
448.8	0.000986952
448.9	0.000982997
449	0.000978199
449.1	0.000974402
449.2	0.000970524
449.3	0.00096994
449.4	0.000973985
449.5	0.000979344
449.6	0.000986082
449.7	0.00099578
449.8	0.00100822
449.9	0.00102049
450	0.00103489
450.1	0.00104821
450.2	0.00106224
450.3	0.00107322
450.4	0.00108114
450.5	0.00109066
450.6	0.00110142
450.7	0.00110732
450.8	0.00111308
450.9	0.00111723
451	0.00112371
451.1	0.00113159
451.2	0.0011377
451.3	0.0011432
451.4	0.0011477
451.5	0.00114934
451.6	0.00115117
451.7	0.00115483
451.8	0.00115757
451.9	0.00115913
452	0.00116555
452.1	0.0011749
452.2	0.00118817
452.3	0.00120281
452.4	0.00121042
452.5	0.00121673
452.6	0.00122293
452.7	0.00122742
452.8	0.00123035
452.9	0.0012304
453	0.00123011
453.1	0.00122486
453.2	0.00121713
453.3	0.00121268
453.4	0.00121063
453.5	0.00120971
453.6	0.00121268
453.7	0.00121577
453.8	0.00121856
453.9	0.00121853
454	0.00121652
454.1	0.00121275
454.2	0.00120873
454.3	0.0012091
454.4	0.00120877
454.5	0.00121225
454.6	0.00121591
454.7	0.00122001
454.8	0.00122274
454.9	0.00122355
455	0.00122564
455.1	0.00123173
455.2	0.00124334
455.3	0.00125246
455.4	0.0012606
455.5	0.00127246
455.6	0.00128728
455.7	0.00130677
455.8	0.00132466
455.9	0.00134631
456	0.00137036
456.1	0.00139702
456.2	0.00142118
456.3	0.0014389
456.4	0.00145443
456.5	0.00147079
456.6	0.00149111
456.7	0.00151732
456.8	0.00154555
456.9	0.00157161
457	0.00159589
457.1	0.0016146
457.2	0.00163511
457.3	0.00165376
457.4	0.00167335
457.5	0.00169397
457.6	0.00171048
457.7	0.00172268
457.8	0.00173058
457.9	0.00174004
458	0.00174961
458.1	0.00176454
458.2	0.00177572
458.3	0.00178221
458.4	0.00179001
458.5	0.00179969
458.6	0.0018087
458.7	0.00181782
458.8	0.00182238
458.9	0.00182272
459	0.00182329
459.1	0.0018264
459.2	0.00183156
459.3	0.00183207
459.4	0.00182906
459.5	0.00182033
459.6	0.00180936
459.7	0.00180135
459.8	0.00179858
459.9	0.00179444
460	0.00178672
460.1	0.00177668
460.2	0.00176236
460.3	0.00174426
460.4	0.00172621
460.5	0.00170914
460.6	0.00169417
460.7	0.00168744
460.8	0.00168833
460.9	0.00169077
461	0.00169393
461.1	0.00169799
461.2	0.00169891
461.3	0.00169702
461.4	0.00169562
461.5	0.00169116
461.6	0.00168426
461.7	0.00167374
461.8	0.00166267
461.9	0.00165172
462	0.00164083
462.1	0.00163131
462.2	0.00162423
462.3	0.00162189
462.4	0.00162019
462.5	0.00161422
462.6	0.00160198
462.7	0.00158786
462.8	0.00157173
462.9	0.00155571
463	0.00154694
463.1	0.00153939
463.2	0.0015302
463.3	0.00151804
463.4	0.00150549
463.5	0.00148539
463.6	0.00145834
463.7	0.00142954
463.8	0.00139855
463.9	0.00136354
464	0.00132615
464.1	0.00128839
464.2	0.00125052
464.3	0.00121135
464.4	0.0011725
464.5	0.00113568
464.6	0.0010987
464.7	0.00105659
464.8	0.0010111
464.9	0.00096441
465	0.00091664
465.1	0.000870701
465.2	0.000828209
465.3	0.000787577
465.4	0.000745316
465.5	0.00069743
465.6	0.000651978
465.7	0.000603775
465.8	0.000556463
465.9	0.000508088
466	0.000464768
466.1	0.000430141
466.2	0.000398708
466.3	0.000371524
466.4	0.000345675
466.5	0.000319506
466.6	0.000293688
466.7	0.000267472
466.8	0.000244476
466.9	0.000221299
467	0.000198891
467.1	0.000176481
467.2	0.000154624
467.3	0.000131261
467.4	0.000106861
467.5	8.35741e-05
467.6	6.49093e-05
467.7	5.30614e-05
467.8	3.83915e-05
467.9	2.28083e-05
468	1.0602e-05
468.1	1.01006e-08
468.2	-1.40344e-05
468.3	-2.52714e-05
468.4	-3.63689e-05
468.5	-4.77042e-05
468.6	-5.94417e-05
468.7	-6.71777e-05
468.8	-7.05427e-05
468.9	-7.60173e-05
469	-8.17645e-05
469.1	-8.61974e-05
469.2	-9.24825e-05
469.3	-0.000101088
469.4	-0.000104854
469.5	-0.000106371
469.6	-0.000109429
469.7	-0.000113592
469.8	-0.000116246
469.9	-0.000120699
470	-0.000128831
470.1	-0.000139796
470.2	-0.000151203
470.3	-0.000161203
470.4	-0.000175082
470.5	-0.000187908
470.6	-0.000199705
470.7	-0.000208229
470.8	-0.00021574
470.9	-0.000219793
471	-0.000222197
471.1	-0.000225402
471.2	-0.000229114
471.3	-0.000233997
471.4	-0.000241051
471.5	-0.000251047
471.6	-0.000261059
471.7	-0.000267457
471.8	-0.000275246
471.9	-0.000284187
472	-0.000291667
472.1	-0.000298181
472.2	-0.000301182
472.3	-0.000300307
472.4	-0.000292656
472.5	-0.000280428
472.6	-0.000270957
472.7	-0.000264632
472.8	-0.000264254
472.9	-0.000268711
473	-0.000280367
473.1	-0.000293901
473.2	-0.000311798
473.3	-0.000329111
473.4	-0.00034655
473.5	-0.000366316
473.6	-0.000389084
473.7	-0.000413525
473.8	-0.000436369
473.9	-0.000457915
474	-0.000474095
474.1	-0.000482449
474.2	-0.000486193
474.3	-0.000486474
474.4	-0.000481188
474.5	-0.000467825
474.6	-0.000450397
474.7	-0.000434271
474.8	-0.000419579
474.9	-0.000401437
475	-0.000377048
475.1	-0.000346724
475.2	-0.000311625
475.3	-0.000275906
475.4	-0.000244847
475.5	-0.000218448
475.6	-0.000198289
475.7	-0.000180423
475.8	-0.000169751
475.9	-0.000160711
476	-0.000151923
476.1	-0.000141995
476.2	-0.000134947
476.3	-0.000131806
476.4	-0.000128645
476.5	-0.000117811
476.6	-9.99735e-05
476.7	-8.34265e-05
476.8	-6.48982e-05
476.9	-4.5901e-05
477	-2.51669e-05
477.1	-5.06865e-06
477.2	1.05522e-05
477.3	2.18247e-05
477.4	2.16734e-05
477.5	1.83974e-05
477.6	1.7297e-05
477.7	1.94099e-05
477.8	1.86512e-05
477.9	1.43303e-05
478	9.5236e-06
478.1	3.6119e-06
478.2	-2.58809e-06
478.3	-1.44938e-05
478.4	-2.36623e-05
478.5	-3.03651e-05
478.6	-3.97812e-05
478.7	-5.02617e-05
478.8	-6.12689e-05
478.9	-7.40498e-05
479	-8.98695e-05
479.1	-0.000106053
479.2	-0.000122953
479.3	-0.000139923
479.4	-0.000151671
479.5	-0.000161315
479.6	-0.000168291
479.7	-0.000173569
479.8	-0.000172676
479.9	-0.000168553
480	-0.000163912
480.1	-0.00015852
480.2	-0.000154549
480.3	-0.000148891
480.4	-0.000145963
480.5	-0.000144919
480.6	-0.000145872
480.7	-0.000144193
480.8	-0.000139946
480.9	-0.000131957
481	-0.000120492
481.1	-0.000111904
481.2	-0.000105474
481.3	-9.588e-05
481.4	-8.50965e-05
481.5	-7.53028e-05
481.6	-6.77529e-05
481.7	-5.77928e-05
481.8	-5.2507e-05
481.9	-5.17207e-05
482	-5.67451e-05
482.1	-5.84649e-05
482.2	-5.73866e-05
482.3	-5.63096e-05
482.4	-5.49983e-05
482.5	-5.28327e-05
482.6	-4.52526e-05
482.7	-3.29507e-05
482.8	-1.90225e-05
482.9	-5.40962e-06
483	8.48691e-06
483.1	2.60545e-05
483.2	4.59178e-05
483.3	6.64129e-05
483.4	9.02425e-05
483.5	0.000118538
483.6	0.000151369
483.7	0.000186899
483.8	0.000227797
483.9	0.000272715
484	0.000321811
484.1	0.000369687
484.2	0.000415154
484.3	0.000461079
484.4	0.000504587
484.5	0.000549325
484.6	0.000593043
484.7	0.000633245
484.8	0.000671358
484.9	0.000710105
485	0.0007457
485.1	0.000774114
485.2	0.000802959
485.3	0.000828442
485.4	0.000856418
485.5	0.000882809
485.6	0.000905525
485.7	0.000927493
485.8	0.000948787
485.9	0.000966226
486	0.000981174
486.1	0.000992891
486.2	0.00100349
486.3	0.00100874
486.4	0.00100743
486.5	0.00100934
486.6	0.00101601
486.7	0.00102252
486.8	0.0010243
486.9	0.00102175
487	0.00101739
487.1	0.00101213
487.2	0.0010078
487.3	0.00100725
487.4	0.00100944
487.5	0.00101002
487.6	0.00101153
487.7	0.001015
487.8	0.00102106
487.9	0.00103103
488	0.00104386
488.1	0.00105687
488.2	0.00107084
488.3	0.0010863
488.4	0.00110143
488.5	0.00111326
488.6	0.00112329
488.7	0.00113327
488.8	0.00114059
488.9	0.00114082
489	0.00113364
489.1	0.00112258
489.2	0.00111098
489.3	0.0011
489.4	0.00109438
489.5	0.00109003
489.6	0.00109055
489.7	0.00109975
489.8	0.00111419
489.9	0.00113439
490	0.00115145
490.1	0.00116657
490.2	0.001181
490.3	0.00120015
490.4	0.00122359
490.5	0.00124863
490.6	0.00127749
490.7	0.00130855
490.8	0.00134061
490.9	0.00137891
491	0.00141616
491.1	0.00145451
491.2	0.0014972
491.3	0.00154326
491.4	0.00158697
491.5	0.00162851
491.6	0.00166425
491.7	0.00169244
491.8	0.00171289
491.9	0.00173013
492	0.00174359
492.1	0.00175894
492.2	0.0017801
492.3	0.00180343
492.4	0.00182052
492.5	0.00183482
492.6	0.00184797
492.7	0.00185993
492.8	0.00187086
492.9	0.00188357
493	0.00189325
493.1	0.00190045
493.2	0.00190736
493.3	0.00191534
493.4	0.00192053
493.5	0.00192245
493.6	0.00192178
493.7	0.00191673
493.8	0.00190543
493.9	0.0018885
494	0.00187415
494.1	0.00186021
494.2	0.00184694
494.3	0.00183688
494.4	0.00182688
494.5	0.00181593
494.6	0.00180672
494.7	0.00179638
494.8	0.00178726
494.9	0.00178438
495	0.00178512
495.1	0.00178637
495.2	0.00178917
495.3	0.00178783
495.4	0.00178111
495.5	0.0017654
495.6	0.00173905
495.7	0.00170801
495.8	0.00167571
495.9	0.00164363
496	0.00161083
496.1	0.0015733
496.2	0.00153148
496.3	0.00148823
496.4	0.00144274
496.5	0.00139748
496.6	0.00135054
496.7	0.00129928
496.8	0.00124434
496.9	0.0011863
497	0.00112417
497.1	0.0010621
497.2	0.00100025
497.3	0.00093574
497.4	0.000872013
497.5	0.000804109
497.6	0.000733816
497.7	0.000656548
497.8	0.000580287
497.9	0.000506562
498	0.000434947
498.1	0.000364491
498.2	0.000291952
498.3	0.000217191
498.4	0.000142991
498.5	7.05416e-05
498.6	1.70681e-06
498.7	-6.56072e-05
498.8	-0.000128232
498.9	-0.000186741
499	-0.000246477
499.1	-0.000307263
499.2	-0.000364135
499.3	-0.000423766
499.4	-0.000479336
499.5	-0.000533652
499.6	-0.000585364
499.7	-0.000635361
499.8	-0.000681469
499.9	-0.000725647
500	-0.000765406
