LagTime	Correlation

0	0.668809
0.1	0.663791
0.2	0.656311
0.3	0.648285
0.4	0.640201
0.5	0.632182
0.6	0.624256
0.7	0.616428
0.8	0.608702
0.9	0.601075
1	0.593544
1.1	0.586108
1.2	0.578768
1.3	0.571518
1.4	0.564357
1.5	0.557285
1.6	0.550302
1.7	0.543409
1.8	0.536604
1.9	0.529882
2	0.52324
2.1	0.516678
2.2	0.510193
2.3	0.503787
2.4	0.497459
2.5	0.491212
2.6	0.485041
2.7	0.47895
2.8	0.472937
2.9	0.466997
3	0.461133
3.1	0.455346
3.2	0.449628
3.3	0.443974
3.4	0.43839
3.5	0.432875
3.6	0.427433
3.7	0.422058
3.8	0.416752
3.9	0.411514
4	0.406346
4.1	0.401247
4.2	0.396216
4.3	0.391251
4.4	0.386348
4.5	0.381513
4.6	0.376742
4.7	0.372029
4.8	0.367378
4.9	0.362786
5	0.358253
5.1	0.353778
5.2	0.349361
5.3	0.344999
5.4	0.340691
5.5	0.336438
5.6	0.332233
5.7	0.328082
5.8	0.323987
5.9	0.319938
6	0.315938
6.1	0.31199
6.2	0.308097
6.3	0.304253
6.4	0.300455
6.5	0.296707
6.6	0.293005
6.7	0.289347
6.8	0.285734
6.9	0.282164
7	0.27864
7.1	0.275162
7.2	0.271733
7.3	0.268352
7.4	0.265016
7.5	0.261724
7.6	0.258471
7.7	0.255257
7.8	0.252083
7.9	0.248948
8	0.245851
8.1	0.242794
8.2	0.239773
8.3	0.236787
8.4	0.233836
8.5	0.230915
8.6	0.228029
8.7	0.225182
8.8	0.222376
8.9	0.219605
9	0.216864
9.1	0.214156
9.2	0.211482
9.3	0.208839
9.4	0.206225
9.5	0.203639
9.6	0.201085
9.7	0.198563
9.8	0.196078
9.9	0.193625
10	0.191196
10.1	0.188794
10.2	0.186422
10.3	0.184082
10.4	0.181772
10.5	0.17949
10.6	0.177244
10.7	0.175026
10.8	0.172838
10.9	0.170683
11	0.168553
11.1	0.166451
11.2	0.164374
11.3	0.162323
11.4	0.160292
11.5	0.15828
11.6	0.156291
11.7	0.154324
11.8	0.152385
11.9	0.150472
12	0.148586
12.1	0.14673
12.2	0.144897
12.3	0.143082
12.4	0.141293
12.5	0.13953
12.6	0.137792
12.7	0.13608
12.8	0.134388
12.9	0.132716
13	0.131059
13.1	0.129421
13.2	0.127801
13.3	0.126197
13.4	0.124614
13.5	0.123049
13.6	0.1215
13.7	0.119963
13.8	0.118442
13.9	0.116939
14	0.115452
14.1	0.113981
14.2	0.112526
14.3	0.111088
14.4	0.109664
14.5	0.108252
14.6	0.106854
14.7	0.105475
14.8	0.104109
14.9	0.102755
15	0.101418
15.1	0.1001
15.2	0.0988003
15.3	0.0975258
15.4	0.0962699
15.5	0.0950276
15.6	0.0937955
15.7	0.092576
15.8	0.091368
15.9	0.0901736
16	0.0889962
16.1	0.0878341
16.2	0.0866845
16.3	0.0855501
16.4	0.0844361
16.5	0.0833439
16.6	0.0822708
16.7	0.0812148
16.8	0.0801724
16.9	0.0791453
17	0.0781359
17.1	0.0771374
17.2	0.0761487
17.3	0.0751677
17.4	0.0741954
17.5	0.0732379
17.6	0.0722917
17.7	0.0713498
17.8	0.0704147
17.9	0.0694892
18	0.0685754
18.1	0.0676701
18.2	0.0667706
18.3	0.0658784
18.4	0.0649957
18.5	0.0641232
18.6	0.0632637
18.7	0.0624178
18.8	0.0615808
18.9	0.0607549
19	0.0599396
19.1	0.0591346
19.2	0.0583413
19.3	0.0575593
19.4	0.0567845
19.5	0.0560215
19.6	0.0552678
19.7	0.0545264
19.8	0.0537952
19.9	0.0530752
20	0.0523667
20.1	0.0516697
20.2	0.0509826
20.3	0.0503057
20.4	0.0496394
20.5	0.0489841
20.6	0.0483301
20.7	0.0476772
20.8	0.0470319
20.9	0.0463973
21	0.0457698
21.1	0.0451473
21.2	0.0445311
21.3	0.0439202
21.4	0.043315
21.5	0.0427147
21.6	0.0421198
21.7	0.0415297
21.8	0.0409436
21.9	0.0403616
22	0.0397909
22.1	0.0392282
22.2	0.0386694
22.3	0.0381186
22.4	0.0375721
22.5	0.0370281
22.6	0.0364886
22.7	0.0359579
22.8	0.0354364
22.9	0.034919
23	0.0344025
23.1	0.0338902
23.2	0.0333891
23.3	0.0328963
23.4	0.0324077
23.5	0.0319257
23.6	0.0314517
23.7	0.0309836
23.8	0.0305159
23.9	0.0300498
24	0.0295854
24.1	0.0291296
24.2	0.0286764
24.3	0.0282299
24.4	0.027788
24.5	0.0273529
24.6	0.0269236
24.7	0.0265006
24.8	0.0260848
24.9	0.025672
25	0.0252704
25.1	0.0248812
25.2	0.0245031
25.3	0.0241315
25.4	0.0237629
25.5	0.0233939
25.6	0.023027
25.7	0.0226642
25.8	0.022307
25.9	0.0219565
26	0.0216109
26.1	0.0212706
26.2	0.0209368
26.3	0.0206105
26.4	0.0202849
26.5	0.0199601
26.6	0.0196388
26.7	0.0193259
26.8	0.0190196
26.9	0.0187178
27	0.0184245
27.1	0.0181368
27.2	0.0178512
27.3	0.0175657
27.4	0.0172811
27.5	0.0170039
27.6	0.0167338
27.7	0.01647
27.8	0.0162115
27.9	0.0159548
28	0.0156969
28.1	0.0154426
28.2	0.0151921
28.3	0.0149422
28.4	0.0146931
28.5	0.014443
28.6	0.0141979
28.7	0.0139558
28.8	0.0137205
28.9	0.0134903
29	0.0132669
29.1	0.0130532
29.2	0.012851
29.3	0.0126536
29.4	0.0124655
29.5	0.0122853
29.6	0.0121076
29.7	0.0119318
29.8	0.0117596
29.9	0.0115867
30	0.0114155
30.1	0.0112473
30.2	0.0110807
30.3	0.0109159
30.4	0.0107575
30.5	0.010605
30.6	0.0104526
30.7	0.0103033
30.8	0.0101545
30.9	0.0100071
31	0.00986289
31.1	0.0097205
31.2	0.00957933
31.3	0.00943829
31.4	0.00929489
31.5	0.00915045
31.6	0.00900592
31.7	0.00885693
31.8	0.00870481
31.9	0.00855189
32	0.00839628
32.1	0.00823932
32.2	0.00808696
32.3	0.00794111
32.4	0.00780195
32.5	0.00766573
32.6	0.00753158
32.7	0.0074042
32.8	0.00727841
32.9	0.0071566
33	0.00703763
33.1	0.00691753
33.2	0.00679529
33.3	0.00667485
33.4	0.00655583
33.5	0.00643912
33.6	0.00632009
33.7	0.00620042
33.8	0.00608456
33.9	0.0059719
34	0.00586212
34.1	0.00575337
34.2	0.00565159
34.3	0.00555297
34.4	0.00545769
34.5	0.00536846
34.6	0.00528337
34.7	0.00519849
34.8	0.00510628
34.9	0.00501584
35	0.00492491
35.1	0.00483646
35.2	0.00474513
35.3	0.00465302
35.4	0.00455985
35.5	0.00446289
35.6	0.00436698
35.7	0.00427405
35.8	0.00417936
35.9	0.00408406
36	0.00399024
36.1	0.00390018
36.2	0.00381021
36.3	0.00372563
36.4	0.00364649
36.5	0.0035701
36.6	0.00349758
36.7	0.00342472
36.8	0.00335487
36.9	0.00328547
37	0.00321488
37.1	0.0031457
37.2	0.00307896
37.3	0.00301281
37.4	0.00294906
37.5	0.00288399
37.6	0.00281702
37.7	0.00274821
37.8	0.00267594
37.9	0.00260279
38	0.00253275
38.1	0.00246218
38.2	0.00239457
38.3	0.00232548
38.4	0.0022605
38.5	0.00220166
38.6	0.00214763
38.7	0.00209909
38.8	0.00205202
38.9	0.00200705
39	0.00196405
39.1	0.00192397
39.2	0.0018826
39.3	0.00184122
39.4	0.00180084
39.5	0.00176439
39.6	0.00173227
39.7	0.00170325
39.8	0.00167493
39.9	0.00165113
40	0.00163128
40.1	0.0016148
40.2	0.00159879
40.3	0.00158403
40.4	0.00157171
40.5	0.00156246
40.6	0.00156075
40.7	0.00156376
40.8	0.00157089
40.9	0.00157876
41	0.00159271
41.1	0.00160766
41.2	0.00162418
41.3	0.00164415
41.4	0.00166974
41.5	0.0016986
41.6	0.0017256
41.7	0.00175189
41.8	0.00177882
41.9	0.00180579
42	0.00183394
42.1	0.00185964
42.2	0.00188422
42.3	0.00191112
42.4	0.00193949
42.5	0.00196646
42.6	0.00199441
42.7	0.00202324
42.8	0.00205244
42.9	0.00208455
43	0.00211838
43.1	0.00214824
43.2	0.00217428
43.3	0.00219838
43.4	0.00222019
43.5	0.00224375
43.6	0.0022657
43.7	0.00228787
43.8	0.00230992
43.9	0.00233097
44	0.00235115
44.1	0.00236304
44.2	0.00237016
44.3	0.00237551
44.4	0.0023826
44.5	0.00238622
44.6	0.0023886
44.7	0.00239633
44.8	0.00240577
44.9	0.00241948
45	0.00243529
45.1	0.00245269
45.2	0.0024716
45.3	0.0024864
45.4	0.00249938
45.5	0.00251287
45.6	0.00252073
45.7	0.00252783
45.8	0.00253946
45.9	0.00254943
46	0.00255843
46.1	0.00256345
46.2	0.00256657
46.3	0.00256635
46.4	0.0025691
46.5	0.00257206
46.6	0.00257017
46.7	0.00256739
46.8	0.00256333
46.9	0.00256051
47	0.00255501
47.1	0.00254404
47.2	0.00252881
47.3	0.0025121
47.4	0.0024934
47.5	0.00247067
47.6	0.00244655
47.7	0.00242474
47.8	0.00240474
47.9	0.00238452
48	0.00236458
48.1	0.00234228
48.2	0.00231583
48.3	0.00228998
48.4	0.00226214
48.5	0.00223106
48.6	0.00219675
48.7	0.00215912
48.8	0.0021207
48.9	0.00208526
49	0.00205285
49.1	0.00202303
49.2	0.00199339
49.3	0.00196337
49.4	0.00193404
49.5	0.00190197
49.6	0.00186559
49.7	0.00183108
49.8	0.00179569
49.9	0.00176381
50	0.00174014
50.1	0.00171442
50.2	0.00168948
50.3	0.00166575
50.4	0.00164191
50.5	0.00161813
50.6	0.00159341
50.7	0.00156946
50.8	0.00154302
50.9	0.0015173
51	0.00149192
51.1	0.00146448
51.2	0.00144234
51.3	0.00142181
51.4	0.0013989
51.5	0.00137865
51.6	0.00136254
51.7	0.00135129
51.8	0.00134178
51.9	0.00133541
52	0.00133715
52.1	0.00134051
52.2	0.00134928
52.3	0.00136384
52.4	0.00137918
52.5	0.00139604
52.6	0.00141174
52.7	0.00142215
52.8	0.00143141
52.9	0.00144138
53	0.00145665
53.1	0.00147158
53.2	0.00148453
53.3	0.0014977
53.4	0.00150933
53.5	0.00152085
53.6	0.00153278
53.7	0.0015426
53.8	0.0015481
53.9	0.00155218
54	0.00155032
54.1	0.0015413
54.2	0.00152923
54.3	0.00152138
54.4	0.00151923
54.5	0.0015202
54.6	0.00151955
54.7	0.0015194
54.8	0.00152054
54.9	0.00152309
55	0.00153007
55.1	0.001534
55.2	0.00153937
55.3	0.0015443
55.4	0.00154674
55.5	0.00154676
55.6	0.0015451
55.7	0.00154634
55.8	0.00154494
55.9	0.0015408
56	0.00153087
56.1	0.00151472
56.2	0.0014934
56.3	0.00146976
56.4	0.00144618
56.5	0.00141935
56.6	0.00139106
56.7	0.00136445
56.8	0.00134187
56.9	0.00131256
57	0.00128368
57.1	0.00125607
57.2	0.00122821
57.3	0.00120273
57.4	0.00117766
57.5	0.00114966
57.6	0.00111844
57.7	0.00108698
57.8	0.00105663
57.9	0.00102456
58	0.000985403
58.1	0.000944935
58.2	0.000909284
58.3	0.000877122
58.4	0.000847109
58.5	0.000818408
58.6	0.000788543
58.7	0.000759708
58.8	0.000734048
58.9	0.00071161
59	0.000689524
59.1	0.000669429
59.2	0.00064975
59.3	0.000628291
59.4	0.000607628
59.5	0.000586547
59.6	0.000564118
59.7	0.000539295
59.8	0.000514495
59.9	0.0004884
60	0.00046322
60.1	0.000442472
60.2	0.000420726
60.3	0.000395868
60.4	0.000368421
60.5	0.000339828
60.6	0.000312219
60.7	0.00028724
60.8	0.000267354
60.9	0.000254068
61	0.000242014
61.1	0.000225508
61.2	0.000207871
61.3	0.000185814
61.4	0.000160838
61.5	0.000134012
61.6	0.000108087
61.7	8.48166e-05
61.8	6.05045e-05
61.9	3.31715e-05
62	6.26662e-06
62.1	-2.28586e-05
62.2	-5.70315e-05
62.3	-8.95372e-05
62.4	-0.000120881
62.5	-0.000156349
62.6	-0.000191923
62.7	-0.000222138
62.8	-0.000249165
62.9	-0.000272626
63	-0.000297015
63.1	-0.0003134
63.2	-0.000326185
63.3	-0.000335198
63.4	-0.00033832
63.5	-0.000341622
63.6	-0.000340669
63.7	-0.000333928
63.8	-0.000325031
63.9	-0.00031676
64	-0.00030522
64.1	-0.000293864
64.2	-0.000278903
64.3	-0.000270393
64.4	-0.000269728
64.5	-0.000270775
64.6	-0.000268624
64.7	-0.000264387
64.8	-0.000256521
64.9	-0.000249903
65	-0.000245488
65.1	-0.000240691
65.2	-0.00024057
65.3	-0.000243155
65.4	-0.000244773
65.5	-0.000243719
65.6	-0.000240638
65.7	-0.000234631
65.8	-0.000227795
65.9	-0.000224371
66	-0.000216998
66.1	-0.000211474
66.2	-0.000214255
66.3	-0.00022473
66.4	-0.0002349
66.5	-0.00024098
66.6	-0.00024331
66.7	-0.000242359
66.8	-0.000242693
66.9	-0.000243703
67	-0.000248451
67.1	-0.000252068
67.2	-0.000253037
67.3	-0.000246437
67.4	-0.000234539
67.5	-0.000217807
67.6	-0.000202825
67.7	-0.00019096
67.8	-0.000172761
67.9	-0.000150391
68	-0.000122482
68.1	-9.09563e-05
68.2	-5.97782e-05
68.3	-3.12584e-05
68.4	-2.31101e-06
68.5	2.8144e-05
68.6	6.03997e-05
68.7	9.30041e-05
68.8	0.000129326
68.9	0.000166953
69	0.000204537
69.1	0.00024143
69.2	0.000275173
69.3	0.000306828
69.4	0.000335747
69.5	0.000361895
69.6	0.000388928
69.7	0.000418035
69.8	0.000444134
69.9	0.000469392
70	0.000493846
70.1	0.000515975
70.2	0.000537057
70.3	0.000560624
70.4	0.000586136
70.5	0.000607788
70.6	0.000628856
70.7	0.00064787
70.8	0.000659365
70.9	0.000667646
71	0.000672864
71.1	0.000672761
71.2	0.000666483
71.3	0.000655022
71.4	0.000643617
71.5	0.000632939
71.6	0.000623232
71.7	0.000612061
71.8	0.000600469
71.9	0.000589405
72	0.000581551
72.1	0.000574011
72.2	0.000566584
72.3	0.000559382
72.4	0.000553378
72.5	0.000550973
72.6	0.000553718
72.7	0.000559655
72.8	0.000565603
72.9	0.000577126
73	0.000590662
73.1	0.000600211
73.2	0.000610118
73.3	0.000622155
73.4	0.000638
73.5	0.000657224
73.6	0.000679382
73.7	0.000699294
73.8	0.000718913
73.9	0.000739157
74	0.000757481
74.1	0.000773243
74.2	0.000783618
74.3	0.000794225
74.4	0.000810447
74.5	0.000822889
74.6	0.000832979
74.7	0.000838002
74.8	0.000842781
74.9	0.00084985
75	0.000860791
75.1	0.000871885
75.2	0.000883517
75.3	0.000893985
75.4	0.000910637
75.5	0.000926139
75.6	0.000943871
75.7	0.000958783
75.8	0.000971246
75.9	0.000981271
76	0.000991085
76.1	0.00100065
76.2	0.0010115
76.3	0.00102583
76.4	0.00103847
76.5	0.00105032
76.6	0.00105922
76.7	0.00106856
76.8	0.00107708
76.9	0.00108625
77	0.00109794
77.1	0.0011083
77.2	0.00111121
77.3	0.00111164
77.4	0.00111063
77.5	0.00110695
77.6	0.00110059
77.7	0.00109117
77.8	0.00108647
77.9	0.00108177
78	0.00107705
78.1	0.00107053
78.2	0.00106161
78.3	0.00105327
78.4	0.00104841
78.5	0.00104314
78.6	0.00103625
78.7	0.0010342
78.8	0.00103146
78.9	0.00102845
79	0.00102631
79.1	0.0010227
79.2	0.00101615
79.3	0.00101261
79.4	0.00101218
79.5	0.00101221
79.6	0.00101368
79.7	0.00101477
79.8	0.00101662
79.9	0.00102173
80	0.00102919
80.1	0.0010358
80.2	0.00104664
80.3	0.00106031
80.4	0.00107738
80.5	0.00109429
80.6	0.00110962
80.7	0.00112662
80.8	0.00114093
80.9	0.00115475
81	0.00117097
81.1	0.00119197
81.2	0.00121108
81.3	0.0012282
81.4	0.00124961
81.5	0.00127266
81.6	0.00129852
81.7	0.00132857
81.8	0.00136564
81.9	0.00140198
82	0.00143811
82.1	0.00147054
82.2	0.00150309
82.3	0.00152803
82.4	0.00155431
82.5	0.00158094
82.6	0.00160755
82.7	0.00163136
82.8	0.00165387
82.9	0.00167449
83	0.00169837
83.1	0.00172151
83.2	0.00174418
83.3	0.00176443
83.4	0.00178135
83.5	0.0017971
83.6	0.00181325
83.7	0.00182981
83.8	0.00185187
83.9	0.00188023
84	0.00190984
84.1	0.00193659
84.2	0.00195997
84.3	0.00197946
84.4	0.00199867
84.5	0.00201882
84.6	0.00203475
84.7	0.00204792
84.8	0.00205943
84.9	0.00206724
85	0.00207636
85.1	0.00208662
85.2	0.00209417
85.3	0.00210029
85.4	0.00210291
85.5	0.00209754
85.6	0.00208966
85.7	0.00208011
85.8	0.00206506
85.9	0.00204728
86	0.00202775
86.1	0.00200556
86.2	0.00197847
86.3	0.00194794
86.4	0.00192072
86.5	0.00188943
86.6	0.0018532
86.7	0.00181201
86.8	0.00177266
86.9	0.00173564
87	0.00169724
87.1	0.00165629
87.2	0.00161402
87.3	0.00156729
87.4	0.0015212
87.5	0.00147463
87.6	0.00142519
87.7	0.00137618
87.8	0.00132937
87.9	0.00128246
88	0.00123744
88.1	0.00119925
88.2	0.001167
88.3	0.00114066
88.4	0.0011264
88.5	0.00111795
88.6	0.00111148
88.7	0.00110343
88.8	0.00109693
88.9	0.00109172
89	0.00109016
89.1	0.00109065
89.2	0.00109461
89.3	0.00109782
89.4	0.00110386
89.5	0.00111034
89.6	0.00112219
89.7	0.00113568
89.8	0.00115289
89.9	0.00117151
90	0.00118887
90.1	0.00120422
90.2	0.0012206
90.3	0.00124112
90.4	0.00126472
90.5	0.00128566
90.6	0.00130884
90.7	0.00133703
90.8	0.00136732
90.9	0.00139919
91	0.0014276
91.1	0.0014532
91.2	0.00147787
91.3	0.00150095
91.4	0.00152435
91.5	0.00154668
91.6	0.00156878
91.7	0.00158931
91.8	0.00160798
91.9	0.00162483
92	0.00164188
92.1	0.00165662
92.2	0.00166439
92.3	0.00166442
92.4	0.00165765
92.5	0.00164583
92.6	0.00163234
92.7	0.00161953
92.8	0.00160917
92.9	0.0015984
93	0.00158443
93.1	0.00156594
93.2	0.00155104
93.3	0.00153837
93.4	0.00152344
93.5	0.00150694
93.6	0.00148702
93.7	0.00146918
93.8	0.0014514
93.9	0.00143731
94	0.00143086
94.1	0.00142776
94.2	0.00142302
94.3	0.00141857
94.4	0.00141145
94.5	0.00140056
94.6	0.00139299
94.7	0.00138295
94.8	0.00136694
94.9	0.00134695
95	0.0013222
95.1	0.00129568
95.2	0.00127115
95.3	0.00124443
95.4	0.00121999
95.5	0.00119024
95.6	0.00116011
95.7	0.00113196
95.8	0.00110447
95.9	0.00108263
96	0.00106909
96.1	0.00106403
96.2	0.0010596
96.3	0.00105367
96.4	0.00105066
96.5	0.00105466
96.6	0.00106224
96.7	0.00106936
96.8	0.00107003
96.9	0.00107208
97	0.00106879
97.1	0.0010591
97.2	0.00104676
97.3	0.00103528
97.4	0.00101803
97.5	0.000997527
97.6	0.000976101
97.7	0.000959777
97.8	0.000950466
97.9	0.000947936
98	0.00095393
98.1	0.000964416
98.2	0.000970334
98.3	0.000971699
98.4	0.000971451
98.5	0.000970315
98.6	0.000967235
98.7	0.000963641
98.8	0.00096403
98.9	0.000964671
99	0.000964818
99.1	0.000966293
99.2	0.000973812
99.3	0.000982621
99.4	0.000987855
99.5	0.000993767
99.6	0.000999553
99.7	0.00100069
99.8	0.00100418
99.9	0.001006
100	0.00100773
100.1	0.00100852
100.2	0.0010069
100.3	0.00100289
100.4	0.000997191
100.5	0.00099533
100.6	0.000995383
100.7	0.000993753
100.8	0.000991502
100.9	0.00098686
101	0.000983649
101.1	0.000984331
101.2	0.000984094
101.3	0.000986534
101.4	0.000994859
101.5	0.000999177
101.6	0.00100204
101.7	0.00100609
101.8	0.00101261
101.9	0.00101861
102	0.00102777
102.1	0.00104265
102.2	0.00105425
102.3	0.00106566
102.4	0.001077
102.5	0.00108897
102.6	0.00110107
102.7	0.00110701
102.8	0.0011099
102.9	0.00110951
103	0.00110952
103.1	0.00110961
103.2	0.00111199
103.3	0.00111973
103.4	0.00112349
103.5	0.00112727
103.6	0.0011331
103.7	0.00114174
103.8	0.00115435
103.9	0.00116866
104	0.00117426
104.1	0.00117399
104.2	0.00116973
104.3	0.00116446
104.4	0.00115956
104.5	0.00115286
104.6	0.00114354
104.7	0.00112892
104.8	0.00110662
104.9	0.0010841
105	0.00106566
105.1	0.00104967
105.2	0.0010361
105.3	0.00102049
105.4	0.00100281
105.5	0.000990605
105.6	0.000983392
105.7	0.000978357
105.8	0.000976181
105.9	0.000973669
106	0.00097189
106.1	0.000970919
106.2	0.000971986
106.3	0.000971586
106.4	0.00097206
106.5	0.000970436
106.6	0.000965369
106.7	0.00095652
106.8	0.000947746
106.9	0.00094576
107	0.00094643
107.1	0.000952902
107.2	0.000963021
107.3	0.000972233
107.4	0.000984029
107.5	0.000993648
107.6	0.00100173
107.7	0.00100771
107.8	0.00101449
107.9	0.00102608
108	0.00103783
108.1	0.00105419
108.2	0.00107057
108.3	0.0010885
108.4	0.00110913
108.5	0.00112992
108.6	0.00114832
108.7	0.00116776
108.8	0.00118158
108.9	0.00119112
109	0.00119765
109.1	0.00119854
109.2	0.00119465
109.3	0.00118709
109.4	0.00117472
109.5	0.00115714
109.6	0.00113622
109.7	0.00111512
109.8	0.00109023
109.9	0.00106515
110	0.0010365
110.1	0.00100609
110.2	0.000971235
110.3	0.000931771
110.4	0.00088797
110.5	0.000841337
110.6	0.000796354
110.7	0.000753563
110.8	0.000709176
110.9	0.000662313
111	0.000614033
111.1	0.00056012
111.2	0.000501447
111.3	0.000439274
111.4	0.000381705
111.5	0.000321141
111.6	0.000258881
111.7	0.000196936
111.8	0.000136246
111.9	7.36441e-05
112	1.17667e-05
112.1	-4.58529e-05
112.2	-9.9476e-05
112.3	-0.000150947
112.4	-0.000203734
112.5	-0.000261836
112.6	-0.00032137
112.7	-0.000376869
112.8	-0.00043062
112.9	-0.000480645
113	-0.000528596
113.1	-0.000574274
113.2	-0.000616388
113.3	-0.000658778
113.4	-0.000704738
113.5	-0.00074765
113.6	-0.000788989
113.7	-0.000828634
113.8	-0.000870834
113.9	-0.000915337
114	-0.000959024
114.1	-0.0010008
114.2	-0.00103913
114.3	-0.00107858
114.4	-0.00111913
114.5	-0.0011583
114.6	-0.00119921
114.7	-0.00123777
114.8	-0.00128013
114.9	-0.00132166
115	-0.00135793
115.1	-0.00139253
115.2	-0.00142483
115.3	-0.0014586
115.4	-0.00149544
115.5	-0.0015388
115.6	-0.00158527
115.7	-0.00162717
115.8	-0.00166358
115.9	-0.00170081
116	-0.00173677
116.1	-0.00176849
116.2	-0.00180363
116.3	-0.00184241
116.4	-0.00188735
116.5	-0.00193651
116.6	-0.0019847
116.7	-0.0020336
116.8	-0.00208534
116.9	-0.00213658
117	-0.00217887
117.1	-0.00221345
117.2	-0.00224883
117.3	-0.00228898
117.4	-0.00233177
117.5	-0.00237249
117.6	-0.00240624
117.7	-0.00243537
117.8	-0.00246641
117.9	-0.00249796
118	-0.00253096
118.1	-0.00256975
118.2	-0.00261006
118.3	-0.00264743
118.4	-0.00267851
118.5	-0.00270899
118.6	-0.00274029
118.7	-0.00277219
118.8	-0.00280276
118.9	-0.00283678
119	-0.00287644
119.1	-0.00291792
119.2	-0.00296309
119.3	-0.00300561
119.4	-0.00304514
119.5	-0.0030846
119.6	-0.00311812
119.7	-0.00314806
119.8	-0.00317647
119.9	-0.00320798
120	-0.00323948
120.1	-0.00326952
120.2	-0.00330284
120.3	-0.00333908
120.4	-0.00337517
120.5	-0.00340984
120.6	-0.00344454
120.7	-0.00348053
120.8	-0.00351468
120.9	-0.003546
121	-0.0035746
121.1	-0.00359772
121.2	-0.00361343
121.3	-0.00362195
121.4	-0.00362355
121.5	-0.00362206
121.6	-0.00362073
121.7	-0.00361603
121.8	-0.00360679
121.9	-0.00359319
122	-0.00357716
122.1	-0.00356258
122.2	-0.0035488
122.3	-0.00354122
122.4	-0.00353514
122.5	-0.00352871
122.6	-0.00352084
122.7	-0.00351219
122.8	-0.00350224
122.9	-0.00349186
123	-0.00347952
123.1	-0.00346536
123.2	-0.00345074
123.3	-0.00343638
123.4	-0.00342572
123.5	-0.00341675
123.6	-0.00341071
123.7	-0.00340964
123.8	-0.00341286
123.9	-0.00341551
124	-0.00341923
124.1	-0.00342376
124.2	-0.00342655
124.3	-0.00342693
124.4	-0.00342384
124.5	-0.00342155
124.6	-0.00342162
124.7	-0.00342328
124.8	-0.00342898
124.9	-0.00343589
125	-0.00344563
125.1	-0.00345587
125.2	-0.00346607
125.3	-0.00347559
125.4	-0.00348258
125.5	-0.00349336
125.6	-0.00350027
125.7	-0.00350782
125.8	-0.00351581
125.9	-0.00352526
126	-0.00353282
126.1	-0.00354274
126.2	-0.00355574
126.3	-0.00357149
126.4	-0.00358949
126.5	-0.00360756
126.6	-0.00362788
126.7	-0.00364768
126.8	-0.0036633
126.9	-0.00368376
127	-0.00370414
127.1	-0.0037197
127.2	-0.003734
127.3	-0.00374657
127.4	-0.00376064
127.5	-0.00377215
127.6	-0.00377603
127.7	-0.00377517
127.8	-0.00377302
127.9	-0.00376942
128	-0.00376667
128.1	-0.00376628
128.2	-0.00376833
128.3	-0.00377096
128.4	-0.00377054
128.5	-0.00376765
128.6	-0.00375977
128.7	-0.003753
128.8	-0.0037464
128.9	-0.00374044
129	-0.00373193
129.1	-0.00371875
129.2	-0.00370194
129.3	-0.00368237
129.4	-0.00366052
129.5	-0.00363796
129.6	-0.00361392
129.7	-0.00359162
129.8	-0.00356781
129.9	-0.00353958
130	-0.00351036
130.1	-0.00347796
130.2	-0.00344442
130.3	-0.00341127
130.4	-0.00337597
130.5	-0.00334095
130.6	-0.00330751
130.7	-0.00327247
130.8	-0.00323277
130.9	-0.00319438
131	-0.00315726
131.1	-0.00311755
131.2	-0.0030721
131.3	-0.00302163
131.4	-0.00296892
131.5	-0.00291809
131.6	-0.00286542
131.7	-0.00281238
131.8	-0.00275961
131.9	-0.00270883
132	-0.00265891
132.1	-0.00260604
132.2	-0.00255074
132.3	-0.00249121
132.4	-0.00243327
132.5	-0.00237113
132.6	-0.00230439
132.7	-0.0022337
132.8	-0.00215917
132.9	-0.00208695
133	-0.00202092
133.1	-0.00195635
133.2	-0.00189357
133.3	-0.00183195
133.4	-0.00177094
133.5	-0.00171166
133.6	-0.00165225
133.7	-0.00159899
133.8	-0.00154985
133.9	-0.00150688
134	-0.00146498
134.1	-0.00142952
134.2	-0.00139617
134.3	-0.00136415
134.4	-0.00132982
134.5	-0.00128945
134.6	-0.0012472
134.7	-0.00120249
134.8	-0.00116256
134.9	-0.0011262
135	-0.0010896
135.1	-0.00105517
135.2	-0.00102341
135.3	-0.00098863
135.4	-0.000951867
135.5	-0.000915776
135.6	-0.00087757
135.7	-0.000836448
135.8	-0.000787838
135.9	-0.000736525
136	-0.000683266
136.1	-0.000631967
136.2	-0.000578211
136.3	-0.00052317
136.4	-0.000473929
136.5	-0.000432006
136.6	-0.000394809
136.7	-0.000355272
136.8	-0.000313179
136.9	-0.000275387
137	-0.000243612
137.1	-0.000213401
137.2	-0.0001817
137.3	-0.000147881
137.4	-0.000115829
137.5	-8.52848e-05
137.6	-5.53355e-05
137.7	-2.48238e-05
137.8	5.29962e-06
137.9	3.89291e-05
138	7.20868e-05
138.1	0.000110194
138.2	0.000152626
138.3	0.000193407
138.4	0.000232115
138.5	0.000271829
138.6	0.000308612
138.7	0.000345375
138.8	0.000385717
138.9	0.000426027
139	0.000464159
139.1	0.000503989
139.2	0.000545989
139.3	0.000588142
139.4	0.000626448
139.5	0.000662682
139.6	0.000698644
139.7	0.000732827
139.8	0.000761885
139.9	0.000787045
140	0.000813556
140.1	0.000842833
140.2	0.000871057
140.3	0.000898134
140.4	0.000921359
140.5	0.000944002
140.6	0.000966649
140.7	0.000986674
140.8	0.00100638
140.9	0.00101806
141	0.00102746
141.1	0.00103229
141.2	0.00103358
141.3	0.00103034
141.4	0.00102747
141.5	0.00102245
141.6	0.0010117
141.7	0.000999203
141.8	0.00098465
141.9	0.000968375
142	0.000947424
142.1	0.000931311
142.2	0.000921629
142.3	0.000913191
142.4	0.00090684
142.5	0.000897116
142.6	0.000885852
142.7	0.000873826
142.8	0.000864448
142.9	0.000856487
143	0.000848257
143.1	0.000840079
143.2	0.000833763
143.3	0.000823484
143.4	0.000813918
143.5	0.000808026
143.6	0.000802842
143.7	0.000794437
143.8	0.000780185
143.9	0.000761628
144	0.000736931
144.1	0.000710534
144.2	0.000684862
144.3	0.000660708
144.4	0.000637551
144.5	0.000618176
144.6	0.000594708
144.7	0.00056333
144.8	0.000531302
144.9	0.00049974
145	0.000468342
145.1	0.000437828
145.2	0.000409696
145.3	0.000381938
145.4	0.00036161
145.5	0.000347739
145.6	0.000335532
145.7	0.000325907
145.8	0.000319009
145.9	0.0003163
146	0.000315534
146.1	0.000314468
146.2	0.000314039
146.3	0.000316939
146.4	0.000321116
146.5	0.000328096
146.6	0.000339029
146.7	0.000355815
146.8	0.000372791
146.9	0.000391618
147	0.00041118
147.1	0.00043058
147.2	0.000448771
147.3	0.000469169
147.4	0.000495585
147.5	0.000524217
147.6	0.000555183
147.7	0.000589285
147.8	0.000623124
147.9	0.000654069
148	0.000679579
148.1	0.000703216
148.2	0.00072461
148.3	0.000744566
148.4	0.000768178
148.5	0.000790259
148.6	0.000811101
148.7	0.000829938
148.8	0.0008464
148.9	0.000862379
149	0.000876582
149.1	0.000888232
149.2	0.000902298
149.3	0.000915887
149.4	0.000928698
149.5	0.000941447
149.6	0.00095431
149.7	0.000968139
149.8	0.000982465
149.9	0.000999238
150	0.00101981
150.1	0.00103959
150.2	0.00106045
150.3	0.00108012
150.4	0.00109745
150.5	0.00111081
150.6	0.0011218
150.7	0.00112902
150.8	0.00113845
150.9	0.00114958
151	0.00115842
151.1	0.00116577
151.2	0.00117082
151.3	0.00117729
151.4	0.00118424
151.5	0.00119297
151.6	0.00120058
151.7	0.00120645
151.8	0.00121702
151.9	0.00122984
152	0.0012436
152.1	0.00125635
152.2	0.0012674
152.3	0.00127856
152.4	0.0012886
152.5	0.00129603
152.6	0.00129961
152.7	0.0013055
152.8	0.0013115
152.9	0.00131329
153	0.00131383
153.1	0.00131219
153.2	0.0013117
153.3	0.00131471
153.4	0.0013179
153.5	0.00132451
153.6	0.00133499
153.7	0.00134742
153.8	0.00135925
153.9	0.00136685
154	0.0013785
154.1	0.00139414
154.2	0.00141439
154.3	0.00144093
154.4	0.00147122
154.5	0.00150413
154.6	0.00153388
154.7	0.00155839
154.8	0.0015787
154.9	0.00159979
155	0.0016172
155.1	0.00162962
155.2	0.00163916
155.3	0.00164223
155.4	0.00164533
155.5	0.00164964
155.6	0.00165466
155.7	0.00165811
155.8	0.00165515
155.9	0.00165217
156	0.00164975
156.1	0.00164432
156.2	0.00163364
156.3	0.00161888
156.4	0.00160286
156.5	0.00158995
156.6	0.00157864
156.7	0.00156691
156.8	0.00155067
156.9	0.00153082
157	0.00150957
157.1	0.0014902
157.2	0.00147325
157.3	0.00145147
157.4	0.00142639
157.5	0.00140268
157.6	0.00138973
157.7	0.00138562
157.8	0.00138229
157.9	0.00138334
158	0.00138702
158.1	0.00138935
158.2	0.0013927
158.3	0.00140165
158.4	0.00140596
158.5	0.00140518
158.6	0.00140054
158.7	0.00139263
158.8	0.00138283
158.9	0.00136976
159	0.00135686
159.1	0.00134551
159.2	0.0013345
159.3	0.00132272
159.4	0.00130643
159.5	0.00128595
159.6	0.00126582
159.7	0.00125001
159.8	0.00123647
159.9	0.00122363
160	0.00121365
160.1	0.00120226
160.2	0.00119211
160.3	0.00118528
160.4	0.00118136
160.5	0.00117959
160.6	0.00117099
160.7	0.00115468
160.8	0.0011363
160.9	0.00112269
161	0.00111052
161.1	0.00110184
161.2	0.00110015
161.3	0.00110074
161.4	0.00109214
161.5	0.00107425
161.6	0.00105383
161.7	0.00103588
161.8	0.00101626
161.9	0.000998629
162	0.000973308
162.1	0.00095188
162.2	0.000931089
162.3	0.000911001
162.4	0.000885964
162.5	0.000859911
162.6	0.000836874
162.7	0.000815197
162.8	0.000794336
162.9	0.000771476
163	0.000752538
163.1	0.000732495
163.2	0.000718026
163.3	0.000706095
163.4	0.000698607
163.5	0.000690759
163.6	0.000687377
163.7	0.000688513
163.8	0.000681209
163.9	0.000670123
164	0.000656442
164.1	0.000646966
164.2	0.000642017
164.3	0.000639446
164.4	0.000638168
164.5	0.000638557
164.6	0.000637636
164.7	0.00063619
164.8	0.000637958
164.9	0.000643344
165	0.000652231
165.1	0.00065832
165.2	0.000663893
165.3	0.000670107
165.4	0.000682322
165.5	0.000697243
165.6	0.00071151
165.7	0.00072348
165.8	0.000736663
165.9	0.000748643
166	0.00075827
166.1	0.000766581
166.2	0.000772672
166.3	0.000775758
166.4	0.000777183
166.5	0.000777022
166.6	0.0007771
166.7	0.000778831
166.8	0.00078423
166.9	0.000792583
167	0.000802275
167.1	0.000809288
167.2	0.000813307
167.3	0.000811954
167.4	0.000799079
167.5	0.000774005
167.6	0.000740741
167.7	0.000703548
167.8	0.000668639
167.9	0.000636297
168	0.00060598
168.1	0.000572544
168.2	0.000540163
168.3	0.000510031
168.4	0.000479157
168.5	0.000451337
168.6	0.000424099
168.7	0.000395961
168.8	0.000366098
168.9	0.000335045
169	0.000306837
169.1	0.000284775
169.2	0.000262822
169.3	0.00023938
169.4	0.000216702
169.5	0.000194144
169.6	0.000169689
169.7	0.000147531
169.8	0.000121375
169.9	9.45303e-05
170	7.37248e-05
170.1	6.0959e-05
170.2	5.38571e-05
170.3	4.90363e-05
170.4	4.23042e-05
170.5	3.50615e-05
170.6	2.65916e-05
170.7	2.2351e-05
170.8	2.11796e-05
170.9	2.3647e-05
171	3.24461e-05
171.1	4.23544e-05
171.2	4.71479e-05
171.3	4.38521e-05
171.4	4.05737e-05
171.5	3.59278e-05
171.6	3.30328e-05
171.7	2.96311e-05
171.8	2.15772e-05
171.9	8.47177e-06
172	-7.42386e-06
172.1	-2.58355e-05
172.2	-4.6216e-05
172.3	-6.36257e-05
172.4	-7.95579e-05
172.5	-9.74682e-05
172.6	-0.000115267
172.7	-0.000136525
172.8	-0.00016271
172.9	-0.000192577
173	-0.000216684
173.1	-0.000236953
173.2	-0.000255756
173.3	-0.000269228
173.4	-0.000280148
173.5	-0.000292065
173.6	-0.000302335
173.7	-0.000308261
173.8	-0.000316119
173.9	-0.000323241
174	-0.000333476
174.1	-0.000345566
174.2	-0.000361097
174.3	-0.000374605
174.4	-0.000389023
174.5	-0.000405207
174.6	-0.00042321
174.7	-0.000442068
174.8	-0.000452751
174.9	-0.000461937
175	-0.000467424
175.1	-0.00047245
175.2	-0.000473447
175.3	-0.000467815
175.4	-0.000453697
175.5	-0.000435983
175.6	-0.000420858
175.7	-0.000403519
175.8	-0.000386579
175.9	-0.000372589
176	-0.000362455
176.1	-0.000352035
176.2	-0.000345017
176.3	-0.000336835
176.4	-0.00032302
176.5	-0.000305058
176.6	-0.00027952
176.7	-0.000250438
176.8	-0.000216674
176.9	-0.000177306
177	-0.000137469
177.1	-9.29364e-05
177.2	-4.53074e-05
177.3	-2.57942e-06
177.4	3.77607e-05
177.5	7.89997e-05
177.6	0.000122642
177.7	0.000168495
177.8	0.000216166
177.9	0.000264683
178	0.000308971
178.1	0.000352311
178.2	0.00039895
178.3	0.000450521
178.4	0.000510497
178.5	0.000577159
178.6	0.000647369
178.7	0.000719887
178.8	0.000796165
178.9	0.000873055
179	0.000945792
179.1	0.00101466
179.2	0.00108188
179.3	0.00114402
179.4	0.00119856
179.5	0.00125312
179.6	0.00130577
179.7	0.00135632
179.8	0.00141046
179.9	0.00146423
180	0.00152047
180.1	0.00157858
180.2	0.00164333
180.3	0.00170685
180.4	0.00176965
180.5	0.00183099
180.6	0.00189424
180.7	0.00195575
180.8	0.00201348
180.9	0.00207101
181	0.00212697
181.1	0.00218181
181.2	0.00223262
181.3	0.00228569
181.4	0.00234024
181.5	0.00239245
181.6	0.00244492
181.7	0.00249785
181.8	0.00255186
181.9	0.00260116
182	0.00264317
182.1	0.00268393
182.2	0.00272228
182.3	0.00275942
182.4	0.00279821
182.5	0.00284054
182.6	0.00288739
182.7	0.00293284
182.8	0.00297111
182.9	0.00300438
183	0.00303326
183.1	0.00306058
183.2	0.00308408
183.3	0.00310323
183.4	0.00312327
183.5	0.00314117
183.6	0.00315812
183.7	0.00317627
183.8	0.00318795
183.9	0.0031954
184	0.0031959
184.1	0.00319118
184.2	0.00318082
184.3	0.00316533
184.4	0.00314643
184.5	0.00311912
184.6	0.0030871
184.7	0.00305228
184.8	0.00301019
184.9	0.00296682
185	0.00292042
185.1	0.00287222
185.2	0.00282669
185.3	0.00278421
185.4	0.00274539
185.5	0.00270888
185.6	0.00267267
185.7	0.00263332
185.8	0.00258857
185.9	0.00253942
186	0.00248302
186.1	0.00242464
186.2	0.00236724
186.3	0.00230855
186.4	0.00224491
186.5	0.00218503
186.6	0.00213221
186.7	0.00208294
186.8	0.00203362
186.9	0.00198143
187	0.00193151
187.1	0.0018836
187.2	0.00183444
187.3	0.00178076
187.4	0.00172872
187.5	0.00168338
187.6	0.00164044
187.7	0.00159676
187.8	0.0015533
187.9	0.00150692
188	0.00145777
188.1	0.00140927
188.2	0.00136111
188.3	0.0013124
188.4	0.0012622
188.5	0.00120852
188.6	0.00115084
188.7	0.00109736
188.8	0.00104938
188.9	0.000999603
189	0.000943338
189.1	0.000887582
189.2	0.000831615
189.3	0.000775202
189.4	0.000716847
189.5	0.00065719
189.6	0.00059754
189.7	0.0005434
189.8	0.000489763
189.9	0.000440542
190	0.000389682
190.1	0.000334016
190.2	0.000279058
190.3	0.000223781
190.4	0.000169986
190.5	0.000118236
190.6	6.9737e-05
190.7	2.22438e-05
190.8	-2.22768e-05
190.9	-7.00492e-05
191	-0.000114984
191.1	-0.000158079
191.2	-0.000198555
191.3	-0.000238745
191.4	-0.000279192
191.5	-0.000322301
191.6	-0.000363896
191.7	-0.000399768
191.8	-0.000434028
191.9	-0.000470279
192	-0.00050652
192.1	-0.000539803
192.2	-0.000567626
192.3	-0.000594171
192.4	-0.00062142
192.5	-0.000651899
192.6	-0.000686351
192.7	-0.000722365
192.8	-0.000762645
192.9	-0.00080292
193	-0.000843981
193.1	-0.000884371
193.2	-0.000927631
193.3	-0.000974181
193.4	-0.0010214
193.5	-0.00106613
193.6	-0.00110545
193.7	-0.00113875
193.8	-0.00117388
193.9	-0.00121041
194	-0.00125258
194.1	-0.00129078
194.2	-0.00132501
194.3	-0.00135951
194.4	-0.00139724
194.5	-0.00144018
194.6	-0.00148433
194.7	-0.00152906
194.8	-0.00157445
194.9	-0.00161805
195	-0.00165821
195.1	-0.00169879
195.2	-0.00173689
195.3	-0.00177606
195.4	-0.00180713
195.5	-0.00183462
195.6	-0.00186241
195.7	-0.00189256
195.8	-0.00192313
195.9	-0.00195651
196	-0.00199192
196.1	-0.00202388
196.2	-0.00205433
196.3	-0.00208372
196.4	-0.00211419
196.5	-0.00214611
196.6	-0.00218209
196.7	-0.00222106
196.8	-0.00225964
196.9	-0.00229906
197	-0.00233586
197.1	-0.00236721
197.2	-0.00239375
197.3	-0.00241712
197.4	-0.00243508
197.5	-0.00245183
197.6	-0.00246462
197.7	-0.00247366
197.8	-0.00247562
197.9	-0.00247221
198	-0.00246076
198.1	-0.00245124
198.2	-0.00244088
198.3	-0.0024292
198.4	-0.00241841
198.5	-0.00240955
198.6	-0.00240454
198.7	-0.00240193
198.8	-0.00240158
198.9	-0.002396
199	-0.00239144
199.1	-0.00239176
199.2	-0.00238762
199.3	-0.00238294
199.4	-0.00237944
199.5	-0.00237101
199.6	-0.00236389
199.7	-0.00235519
199.8	-0.00234756
199.9	-0.00233886
200	-0.00233043
200.1	-0.00231745
200.2	-0.00230913
200.3	-0.00230031
200.4	-0.00229201
200.5	-0.00227826
200.6	-0.0022678
200.7	-0.00226361
200.8	-0.00226307
200.9	-0.00226351
201	-0.00226255
201.1	-0.00226156
201.2	-0.00225774
201.3	-0.00225225
201.4	-0.00224525
201.5	-0.00224271
201.6	-0.00224075
201.7	-0.00224554
201.8	-0.00225133
201.9	-0.00225403
202	-0.00225319
202.1	-0.00224914
202.2	-0.002244
202.3	-0.00223638
202.4	-0.00222395
202.5	-0.00220928
202.6	-0.00219635
202.7	-0.00218468
202.8	-0.00216621
202.9	-0.00214965
203	-0.00212817
203.1	-0.00210659
203.2	-0.00208036
203.3	-0.00205277
203.4	-0.0020204
203.5	-0.00198499
203.6	-0.00195055
203.7	-0.00191896
203.8	-0.00188684
203.9	-0.00185495
204	-0.00182149
204.1	-0.00178859
204.2	-0.0017546
204.3	-0.00172137
204.4	-0.00168236
204.5	-0.00164327
204.6	-0.0016052
204.7	-0.00156848
204.8	-0.0015337
204.9	-0.00150453
205	-0.00147855
205.1	-0.00145103
205.2	-0.00141902
205.3	-0.0013832
205.4	-0.00134616
205.5	-0.00130783
205.6	-0.0012737
205.7	-0.00124136
205.8	-0.00121188
205.9	-0.00118566
206	-0.00115927
206.1	-0.00112863
206.2	-0.00109843
206.3	-0.00106595
206.4	-0.00103057
206.5	-0.000995616
206.6	-0.000955553
206.7	-0.000916427
206.8	-0.000878513
206.9	-0.000838692
207	-0.000801429
207.1	-0.000762777
207.2	-0.000717921
207.3	-0.000668598
207.4	-0.000617969
207.5	-0.000566596
207.6	-0.000514053
207.7	-0.000462174
207.8	-0.000408016
207.9	-0.000351478
208	-0.000292668
208.1	-0.000235935
208.2	-0.000184662
208.3	-0.000134726
208.4	-8.58015e-05
208.5	-3.84855e-05
208.6	5.70331e-06
208.7	4.75992e-05
208.8	8.69665e-05
208.9	0.000118855
209	0.000149261
209.1	0.000179532
209.2	0.000213204
209.3	0.000247299
209.4	0.000285699
209.5	0.000328771
209.6	0.000375821
209.7	0.000431851
209.8	0.000492254
209.9	0.000560881
210	0.000632665
210.1	0.000701616
210.2	0.000761745
210.3	0.000817644
210.4	0.000871049
210.5	0.000922384
210.6	0.000972266
210.7	0.00101734
210.8	0.00105763
210.9	0.00109327
211	0.00112247
211.1	0.00114641
211.2	0.00116061
211.3	0.00116785
211.4	0.00117022
211.5	0.00116938
211.6	0.00117094
211.7	0.00117239
211.8	0.00117156
211.9	0.00116592
212	0.00115872
212.1	0.00114982
212.2	0.0011391
212.3	0.00113037
212.4	0.00112257
212.5	0.00111488
212.6	0.00110628
212.7	0.00109869
212.8	0.00109131
212.9	0.00108436
213	0.00107173
213.1	0.00105765
213.2	0.00104287
213.3	0.00103096
213.4	0.00101983
213.5	0.00101347
213.6	0.00100812
213.7	0.00100236
213.8	0.000992539
213.9	0.000978328
214	0.000961609
214.1	0.000943543
214.2	0.000926468
214.3	0.000905076
214.4	0.000882064
214.5	0.00086026
214.6	0.000837482
214.7	0.000813318
214.8	0.000790186
214.9	0.00076456
215	0.000739787
215.1	0.000714525
215.2	0.000691016
215.3	0.000665817
215.4	0.000640698
215.5	0.00061693
215.6	0.000595228
215.7	0.000575849
215.8	0.000554666
215.9	0.000533455
216	0.000507456
216.1	0.000481771
216.2	0.000455361
216.3	0.000423825
216.4	0.000389401
216.5	0.000351412
216.6	0.000312194
216.7	0.000276722
216.8	0.000241368
216.9	0.000203368
217	0.000163194
217.1	0.000124256
217.2	8.09954e-05
217.3	3.41083e-05
217.4	-1.56766e-05
217.5	-6.61291e-05
217.6	-0.000114923
217.7	-0.00016365
217.8	-0.000204373
217.9	-0.000243934
218	-0.000281434
218.1	-0.000313466
218.2	-0.000344024
218.3	-0.000371408
218.4	-0.00039469
218.5	-0.000411153
218.6	-0.00042552
218.7	-0.000439982
218.8	-0.000452329
218.9	-0.000462048
219	-0.000469963
219.1	-0.000474706
219.2	-0.000475228
219.3	-0.000469445
219.4	-0.000464814
219.5	-0.000463099
219.6	-0.000459553
219.7	-0.000454625
219.8	-0.000449489
219.9	-0.00044492
220	-0.00044818
220.1	-0.00045761
220.2	-0.000468662
220.3	-0.000484964
220.4	-0.000495996
220.5	-0.000508565
220.6	-0.000516882
220.7	-0.000520636
220.8	-0.000521703
220.9	-0.000521512
221	-0.000520333
221.1	-0.000516855
221.2	-0.000514539
221.3	-0.000510735
221.4	-0.000502193
221.5	-0.000492342
221.6	-0.000483624
221.7	-0.000474385
221.8	-0.000466583
221.9	-0.00045575
222	-0.000448576
222.1	-0.000444602
222.2	-0.000439776
222.3	-0.000429355
222.4	-0.000423723
222.5	-0.000420709
222.6	-0.000418444
222.7	-0.00041553
222.8	-0.000410673
222.9	-0.000407352
223	-0.000402696
223.1	-0.000397926
223.2	-0.00039508
223.3	-0.000390127
223.4	-0.000380556
223.5	-0.000365805
223.6	-0.000345271
223.7	-0.000318398
223.8	-0.000290668
223.9	-0.00026209
224	-0.000234609
224.1	-0.000207751
224.2	-0.000178066
224.3	-0.000148151
224.4	-0.000122166
224.5	-9.85848e-05
224.6	-7.98797e-05
224.7	-6.49029e-05
224.8	-4.80493e-05
224.9	-2.80022e-05
225	-9.58232e-06
225.1	5.7804e-06
225.2	1.96554e-05
225.3	3.24179e-05
225.4	4.47088e-05
225.5	5.62921e-05
225.6	6.38435e-05
225.7	6.69642e-05
225.8	6.56738e-05
225.9	6.09013e-05
226	5.5996e-05
226.1	5.57875e-05
226.2	5.55756e-05
226.3	5.52601e-05
226.4	5.381e-05
226.5	5.06943e-05
226.6	4.92553e-05
226.7	4.82787e-05
226.8	4.4752e-05
226.9	3.69841e-05
227	2.83673e-05
227.1	1.82841e-05
227.2	8.82117e-06
227.3	9.32599e-07
227.4	-7.91656e-06
227.5	-1.65128e-05
227.6	-2.42375e-05
227.7	-3.24014e-05
227.8	-3.83275e-05
227.9	-4.4767e-05
228	-5.17684e-05
228.1	-5.19506e-05
228.2	-4.54947e-05
228.3	-3.43903e-05
228.4	-1.89715e-05
228.5	9.70457e-08
228.6	1.55472e-05
228.7	2.78579e-05
228.8	3.72764e-05
228.9	4.37776e-05
229	4.82606e-05
229.1	4.9237e-05
229.2	5.28843e-05
229.3	6.1063e-05
229.4	7.73054e-05
229.5	9.66321e-05
229.6	0.000115964
229.7	0.000126885
229.8	0.000132898
229.9	0.000136991
230	0.000133798
230.1	0.000132465
230.2	0.000127646
230.3	0.000121547
230.4	0.000117023
230.5	0.000110349
230.6	0.000100203
230.7	8.86788e-05
230.8	8.26556e-05
230.9	7.97627e-05
231	7.57526e-05
231.1	7.51665e-05
231.2	7.63067e-05
231.3	7.92244e-05
231.4	7.96255e-05
231.5	8.16802e-05
231.6	8.41989e-05
231.7	8.52458e-05
231.8	8.14519e-05
231.9	8.06638e-05
232	7.98246e-05
232.1	7.61581e-05
232.2	7.72196e-05
232.3	7.93346e-05
232.4	7.92895e-05
232.5	7.95155e-05
232.6	8.16331e-05
232.7	8.23501e-05
232.8	8.39859e-05
232.9	8.8348e-05
233	0.000101268
233.1	0.000118183
233.2	0.0001381
233.3	0.000162239
233.4	0.000188771
233.5	0.000216532
233.6	0.00024057
233.7	0.000263282
233.8	0.000285188
233.9	0.000308477
234	0.000336969
234.1	0.000361365
234.2	0.000381891
234.3	0.000397603
234.4	0.000412695
234.5	0.000427572
234.6	0.000444432
234.7	0.00046083
234.8	0.000469051
234.9	0.000477084
235	0.000489907
235.1	0.00050395
235.2	0.000514116
235.3	0.000521278
235.4	0.00052673
235.5	0.000530132
235.6	0.000532752
235.7	0.000538242
235.8	0.000548148
235.9	0.000560261
236	0.000572147
236.1	0.000583313
236.2	0.000591379
236.3	0.00059755
236.4	0.000600716
236.5	0.000602275
236.6	0.000597068
236.7	0.000587122
236.8	0.000568848
236.9	0.000543325
237	0.00051334
237.1	0.000477241
237.2	0.000439101
237.3	0.000401506
237.4	0.0003656
237.5	0.000331524
237.6	0.000298117
237.7	0.000266436
237.8	0.000239221
237.9	0.000211124
238	0.000177305
238.1	0.000137431
238.2	9.61185e-05
238.3	5.31742e-05
238.4	1.0206e-05
238.5	-3.11403e-05
238.6	-6.68497e-05
238.7	-0.000102471
238.8	-0.000138128
238.9	-0.00016801
239	-0.000192373
239.1	-0.000217277
239.2	-0.000243384
239.3	-0.000275539
239.4	-0.000310305
239.5	-0.00034521
239.6	-0.000377986
239.7	-0.000408083
239.8	-0.000442636
239.9	-0.000475294
240	-0.000503402
240.1	-0.000527061
240.2	-0.000543367
240.3	-0.000555989
240.4	-0.000567265
240.5	-0.000578676
240.6	-0.000594026
240.7	-0.00061471
240.8	-0.000637304
240.9	-0.000668121
241	-0.000704332
241.1	-0.000740596
241.2	-0.000772307
241.3	-0.000807442
241.4	-0.000844406
241.5	-0.000878446
241.6	-0.000911773
241.7	-0.000948041
241.8	-0.000985395
241.9	-0.00101823
242	-0.00105071
242.1	-0.0010843
242.2	-0.00112043
242.3	-0.00115968
242.4	-0.00120215
242.5	-0.00124647
242.6	-0.0012888
242.7	-0.00132711
242.8	-0.00136347
242.9	-0.00139597
243	-0.00142765
243.1	-0.00145701
243.2	-0.0014849
243.3	-0.00150674
243.4	-0.00152222
243.5	-0.0015331
243.6	-0.00154223
243.7	-0.00155029
243.8	-0.00155898
243.9	-0.00157418
244	-0.00159071
244.1	-0.00160747
244.2	-0.00162464
244.3	-0.00163975
244.4	-0.00165094
244.5	-0.00166142
244.6	-0.00167178
244.7	-0.00168311
244.8	-0.00168814
244.9	-0.00169387
245	-0.0017042
245.1	-0.0017152
245.2	-0.00172695
245.3	-0.00173548
245.4	-0.00174147
245.5	-0.00174654
245.6	-0.00174779
245.7	-0.00174597
245.8	-0.00174841
245.9	-0.00175503
246	-0.00176605
246.1	-0.00177432
246.2	-0.00177793
246.3	-0.00177674
246.4	-0.00177329
246.5	-0.00176643
246.6	-0.00175808
246.7	-0.00175276
246.8	-0.00174347
246.9	-0.00172772
247	-0.00171351
247.1	-0.00170005
247.2	-0.00169244
247.3	-0.00168847
247.4	-0.00168373
247.5	-0.00167716
247.6	-0.00166522
247.7	-0.00165177
247.8	-0.00163994
247.9	-0.00162749
248	-0.00161209
248.1	-0.00159328
248.2	-0.0015733
248.3	-0.0015524
248.4	-0.00152974
248.5	-0.00150875
248.6	-0.00149167
248.7	-0.00147441
248.8	-0.00145871
248.9	-0.00144306
249	-0.00142921
249.1	-0.00141544
249.2	-0.00139953
249.3	-0.00138403
249.4	-0.00136594
249.5	-0.00134327
249.6	-0.00131924
249.7	-0.00129031
249.8	-0.00125802
249.9	-0.00122597
250	-0.00119047
250.1	-0.00115293
250.2	-0.00111498
250.3	-0.00107056
250.4	-0.00101961
250.5	-0.000964648
250.6	-0.000906783
250.7	-0.000845581
250.8	-0.000782897
250.9	-0.000720342
251	-0.000659016
251.1	-0.000600668
251.2	-0.000544271
251.3	-0.000486226
251.4	-0.000429822
251.5	-0.000374077
251.6	-0.000316999
251.7	-0.000253861
251.8	-0.000187066
251.9	-0.000118238
252	-4.66895e-05
252.1	2.88957e-05
252.2	0.000104102
252.3	0.000177798
252.4	0.000251301
252.5	0.000320707
252.6	0.000394343
252.7	0.00047053
252.8	0.00054648
252.9	0.000621063
253	0.00069943
253.1	0.000779189
253.2	0.000857674
253.3	0.000936927
253.4	0.00101391
253.5	0.00109105
253.6	0.00116972
253.7	0.0012508
253.8	0.00133346
253.9	0.00141797
254	0.00150194
254.1	0.00158695
254.2	0.00166749
254.3	0.0017461
254.4	0.00182398
254.5	0.00190326
254.6	0.00198087
254.7	0.00205398
254.8	0.00212489
254.9	0.00219278
255	0.00225981
255.1	0.0023247
255.2	0.00238451
255.3	0.0024399
255.4	0.002492
255.5	0.00254234
255.6	0.00259099
255.7	0.00263989
255.8	0.00268972
255.9	0.00274107
256	0.00279234
256.1	0.0028417
256.2	0.00289418
256.3	0.00294605
256.4	0.00299663
256.5	0.0030476
256.6	0.00309576
256.7	0.00314466
256.8	0.00319137
256.9	0.00323508
257	0.00327363
257.1	0.00330536
257.2	0.00333104
257.3	0.00335153
257.4	0.00337287
257.5	0.00339463
257.6	0.00341651
257.7	0.00343284
257.8	0.00344628
257.9	0.00345388
258	0.00346312
258.1	0.00347301
258.2	0.00347984
258.3	0.00348133
258.4	0.00348408
258.5	0.00348271
258.6	0.0034818
258.7	0.00348473
258.8	0.0034846
258.9	0.00348016
259	0.00347533
259.1	0.00346494
259.2	0.00345189
259.3	0.00343713
259.4	0.00341707
259.5	0.00338947
259.6	0.00336066
259.7	0.0033329
259.8	0.00330095
259.9	0.00326465
260	0.00322911
260.1	0.00319411
260.2	0.00315593
260.3	0.00311301
260.4	0.00307014
260.5	0.00302818
260.6	0.0029827
260.7	0.0029362
260.8	0.00288949
260.9	0.00283861
261	0.00278455
261.1	0.00272853
261.2	0.00267381
261.3	0.00262235
261.4	0.00256988
261.5	0.00252169
261.6	0.00247471
261.7	0.00242695
261.8	0.00237998
261.9	0.00233397
262	0.00228647
262.1	0.00223564
262.2	0.0021801
262.3	0.00212256
262.4	0.00206245
262.5	0.00200227
262.6	0.00194394
262.7	0.00188985
262.8	0.00184095
262.9	0.00179521
263	0.00175253
263.1	0.00171032
263.2	0.0016715
263.3	0.00163435
263.4	0.00159509
263.5	0.00155288
263.6	0.00150972
263.7	0.00146783
263.8	0.00142333
263.9	0.00138165
264	0.00134112
264.1	0.00130475
264.2	0.00127059
264.3	0.00123483
264.4	0.00119541
264.5	0.0011516
264.6	0.00111272
264.7	0.00107692
264.8	0.00103891
264.9	0.000998123
265	0.000963914
265.1	0.00093264
265.2	0.000905321
265.3	0.000882598
265.4	0.000855794
265.5	0.000829724
265.6	0.000804632
265.7	0.000776588
265.8	0.000747812
265.9	0.000717834
266	0.000695226
266.1	0.000678739
266.2	0.000664105
266.3	0.000649704
266.4	0.000634758
266.5	0.000618397
266.6	0.000601021
266.7	0.000582615
266.8	0.000566515
266.9	0.000554478
267	0.000544609
267.1	0.000536573
267.2	0.00053375
267.3	0.000533585
267.4	0.000533046
267.5	0.000532319
267.6	0.000528757
267.7	0.00052098
267.8	0.000508171
267.9	0.000498386
268	0.000487784
268.1	0.000474542
268.2	0.000460217
268.3	0.000448927
268.4	0.00044097
268.5	0.000434498
268.6	0.00042723
268.7	0.000419618
268.8	0.000409908
268.9	0.0003981
269	0.000387824
269.1	0.000376526
269.2	0.00036192
269.3	0.000344094
269.4	0.000327372
269.5	0.000311092
269.6	0.000296378
269.7	0.000285826
269.8	0.00027907
269.9	0.00028103
270	0.00028408
270.1	0.000285721
270.2	0.000286889
270.3	0.000286622
270.4	0.000287522
270.5	0.00028494
270.6	0.000279485
270.7	0.000269914
270.8	0.000255227
270.9	0.000235952
271	0.000216674
271.1	0.000201399
271.2	0.000185452
271.3	0.000168943
271.4	0.000154455
271.5	0.000142148
271.6	0.000129638
271.7	0.000117012
271.8	0.000110856
271.9	0.000108623
272	0.000105993
272.1	0.000103607
272.2	0.000102653
272.3	0.000103132
272.4	0.000102149
272.5	9.97693e-05
272.6	9.20175e-05
272.7	8.20377e-05
272.8	7.18495e-05
272.9	5.95932e-05
273	4.69183e-05
273.1	2.88279e-05
273.2	6.46223e-06
273.3	-1.31435e-05
273.4	-2.95662e-05
273.5	-4.6376e-05
273.6	-6.34337e-05
273.7	-8.01678e-05
273.8	-0.000100642
273.9	-0.000116144
274	-0.00012935
274.1	-0.000138565
274.2	-0.0001501
274.3	-0.000162986
274.4	-0.000184609
274.5	-0.000212386
274.6	-0.000244506
274.7	-0.000278547
274.8	-0.00031263
274.9	-0.000342515
275	-0.00037225
275.1	-0.000400565
275.2	-0.000429723
275.3	-0.00045534
275.4	-0.00048393
275.5	-0.000509633
275.6	-0.00053534
275.7	-0.000562439
275.8	-0.000591808
275.9	-0.00062126
276	-0.00065244
276.1	-0.000684631
276.2	-0.000721413
276.3	-0.000758791
276.4	-0.000795265
276.5	-0.000825782
276.6	-0.000855706
276.7	-0.000884145
276.8	-0.000906692
276.9	-0.000927267
277	-0.000945407
277.1	-0.000964582
277.2	-0.000978836
277.3	-0.00099094
277.4	-0.0010007
277.5	-0.00100706
277.6	-0.00100304
277.7	-0.000993475
277.8	-0.000981671
277.9	-0.000972794
278	-0.000965718
278.1	-0.000961555
278.2	-0.000962763
278.3	-0.000966191
278.4	-0.000969727
278.5	-0.000972307
278.6	-0.000975235
278.7	-0.000977973
278.8	-0.000985005
278.9	-0.000994363
279	-0.00100601
279.1	-0.00102352
279.2	-0.00103994
279.3	-0.00105368
279.4	-0.00107058
279.5	-0.00109072
279.6	-0.0011187
279.7	-0.00115032
279.8	-0.00118718
279.9	-0.00123145
280	-0.0012782
280.1	-0.00132006
280.2	-0.00135791
280.3	-0.00138993
280.4	-0.00141958
280.5	-0.00144725
280.6	-0.00147689
280.7	-0.00150796
280.8	-0.00153451
280.9	-0.00156159
281	-0.00158881
281.1	-0.00161444
281.2	-0.00163597
281.3	-0.00165545
281.4	-0.00167566
281.5	-0.00169426
281.6	-0.00171326
281.7	-0.00172976
281.8	-0.00174578
281.9	-0.0017609
282	-0.00177125
282.1	-0.00178353
282.2	-0.00179283
282.3	-0.00179828
282.4	-0.00180286
282.5	-0.00181573
282.6	-0.00183223
282.7	-0.00185198
282.8	-0.00187186
282.9	-0.00189011
283	-0.00190997
283.1	-0.00193493
283.2	-0.00195903
283.3	-0.00197928
283.4	-0.00199033
283.5	-0.00199894
283.6	-0.00200749
283.7	-0.00201853
283.8	-0.00202886
283.9	-0.00204006
284	-0.00205303
284.1	-0.00206981
284.2	-0.00208927
284.3	-0.00210798
284.4	-0.00212611
284.5	-0.00214429
284.6	-0.00215761
284.7	-0.00216693
284.8	-0.00217794
284.9	-0.00219032
285	-0.0022075
285.1	-0.00222466
285.2	-0.00223509
285.3	-0.00224285
285.4	-0.00225237
285.5	-0.0022613
285.6	-0.00226697
285.7	-0.0022699
285.8	-0.00227374
285.9	-0.00227395
286	-0.00227004
286.1	-0.00226407
286.2	-0.00225869
286.3	-0.0022546
286.4	-0.00224886
286.5	-0.0022368
286.6	-0.00222254
286.7	-0.00221034
286.8	-0.00219175
286.9	-0.00217287
287	-0.00215575
287.1	-0.00214974
287.2	-0.00214807
287.3	-0.00214533
287.4	-0.00213781
287.5	-0.0021282
287.6	-0.00211477
287.7	-0.00209986
287.8	-0.00208634
287.9	-0.00207647
288	-0.00206253
288.1	-0.00204685
288.2	-0.00202623
288.3	-0.00200122
288.4	-0.00197936
288.5	-0.00195767
288.6	-0.00193499
288.7	-0.00190921
288.8	-0.00188459
288.9	-0.00186103
289	-0.00183937
289.1	-0.00182016
289.2	-0.00179642
289.3	-0.00177224
289.4	-0.001748
289.5	-0.00172217
289.6	-0.0016941
289.7	-0.00166448
289.8	-0.00163499
289.9	-0.00160953
290	-0.00157807
290.1	-0.00154647
290.2	-0.00151987
290.3	-0.00149239
290.4	-0.00146664
290.5	-0.0014467
290.6	-0.00143256
290.7	-0.00142408
290.8	-0.00141518
290.9	-0.00140681
291	-0.00140182
291.1	-0.00139789
291.2	-0.00139473
291.3	-0.00138714
291.4	-0.00137887
291.5	-0.00137102
291.6	-0.00136434
291.7	-0.00135674
291.8	-0.0013442
291.9	-0.00132559
292	-0.00130302
292.1	-0.00127714
292.2	-0.00125209
292.3	-0.00122879
292.4	-0.00120856
292.5	-0.00118651
292.6	-0.00116547
292.7	-0.00114573
292.8	-0.00112902
292.9	-0.00111089
293	-0.00109283
293.1	-0.00107549
293.2	-0.00105232
293.3	-0.00102968
293.4	-0.00100889
293.5	-0.000985776
293.6	-0.000954408
293.7	-0.000918121
293.8	-0.000878539
293.9	-0.000838092
294	-0.000798934
294.1	-0.000762942
294.2	-0.000728952
294.3	-0.000690926
294.4	-0.000651049
294.5	-0.000614103
294.6	-0.000582419
294.7	-0.000555825
294.8	-0.000533478
294.9	-0.000517471
295	-0.000506726
295.1	-0.00049411
295.2	-0.000480335
295.3	-0.0004718
295.4	-0.000467472
295.5	-0.00046962
295.6	-0.000472143
295.7	-0.000473813
295.8	-0.000471656
295.9	-0.00046921
296	-0.000460714
296.1	-0.000452052
296.2	-0.000443462
296.3	-0.000438283
296.4	-0.000434945
296.5	-0.000435162
296.6	-0.000442003
296.7	-0.0004552
296.8	-0.000465927
296.9	-0.000473133
297	-0.000478822
297.1	-0.000481471
297.2	-0.000483511
297.3	-0.000481039
297.4	-0.000480739
297.5	-0.0004816
297.6	-0.0004784
297.7	-0.000478365
297.8	-0.000482729
297.9	-0.00048838
298	-0.000498595
298.1	-0.000512141
298.2	-0.000525564
298.3	-0.000533391
298.4	-0.000537503
298.5	-0.000539017
298.6	-0.000542633
298.7	-0.000544403
298.8	-0.00054867
298.9	-0.000550773
299	-0.000546327
299.1	-0.000543036
299.2	-0.000542071
299.3	-0.00054475
299.4	-0.000551813
299.5	-0.000563255
299.6	-0.000576988
299.7	-0.000587299
299.8	-0.000599408
299.9	-0.000615026
300	-0.000629562
300.1	-0.000648013
300.2	-0.000672138
300.3	-0.000698818
300.4	-0.000721245
300.5	-0.000745952
300.6	-0.000774143
300.7	-0.000804319
300.8	-0.00083615
300.9	-0.000861922
301	-0.000883792
301.1	-0.000903865
301.2	-0.000922769
301.3	-0.000945762
301.4	-0.000965042
301.5	-0.000982717
301.6	-0.000995757
301.7	-0.00100605
301.8	-0.00101765
301.9	-0.00102222
302	-0.0010208
302.1	-0.00101384
302.2	-0.00100456
302.3	-0.000995218
302.4	-0.0009877
302.5	-0.000979112
302.6	-0.000967432
302.7	-0.00095047
302.8	-0.00092932
302.9	-0.000907584
303	-0.000888961
303.1	-0.000867217
303.2	-0.000844263
303.3	-0.000822122
303.4	-0.000801857
303.5	-0.000781891
303.6	-0.000759362
303.7	-0.0007327
303.8	-0.000705416
303.9	-0.000682499
304	-0.00066295
304.1	-0.000645895
304.2	-0.00063026
304.3	-0.000614989
304.4	-0.000603207
304.5	-0.000593593
304.6	-0.000586224
304.7	-0.00058517
304.8	-0.000585763
304.9	-0.00058323
305	-0.0005807
305.1	-0.000575726
305.2	-0.000570958
305.3	-0.000566481
305.4	-0.00056788
305.5	-0.000574277
305.6	-0.000583628
305.7	-0.000594904
305.8	-0.00060716
305.9	-0.000613175
306	-0.00061167
306.1	-0.000616738
306.2	-0.000625434
306.3	-0.000633597
306.4	-0.000641177
306.5	-0.000648613
306.6	-0.000654251
306.7	-0.000660064
306.8	-0.000663219
306.9	-0.000665318
307	-0.00066958
307.1	-0.000673086
307.2	-0.000670877
307.3	-0.000668653
307.4	-0.000666751
307.5	-0.00066452
307.6	-0.000660284
307.7	-0.00065526
307.8	-0.000646773
307.9	-0.000632058
308	-0.000614965
308.1	-0.000599951
308.2	-0.000582085
308.3	-0.000561264
308.4	-0.000540737
308.5	-0.000518731
308.6	-0.000502829
308.7	-0.000491657
308.8	-0.000484832
308.9	-0.000480984
309	-0.000474317
309.1	-0.000463537
309.2	-0.000455224
309.3	-0.000446271
309.4	-0.000439871
309.5	-0.000431669
309.6	-0.000427762
309.7	-0.000424328
309.8	-0.000420493
309.9	-0.000414964
310	-0.000406519
310.1	-0.000397019
310.2	-0.000387094
310.3	-0.000378336
310.4	-0.000369822
310.5	-0.000362419
310.6	-0.000350169
310.7	-0.000338636
310.8	-0.000328102
310.9	-0.000320587
311	-0.000321947
311.1	-0.000324991
311.2	-0.000330865
311.3	-0.000334804
311.4	-0.000335051
311.5	-0.000333772
311.6	-0.000334797
311.7	-0.000337526
311.8	-0.000339659
311.9	-0.000335759
312	-0.000330807
312.1	-0.000326612
312.2	-0.000315431
312.3	-0.000302219
312.4	-0.00028708
312.5	-0.000273073
312.6	-0.000259345
312.7	-0.000248202
312.8	-0.000238271
312.9	-0.000228221
313	-0.000219096
313.1	-0.00021367
313.2	-0.000212013
313.3	-0.000210334
313.4	-0.000206601
313.5	-0.000198365
313.6	-0.000189095
313.7	-0.000174521
313.8	-0.000159009
313.9	-0.000144237
314	-0.000127832
314.1	-0.000112025
314.2	-9.76534e-05
314.3	-8.13847e-05
314.4	-6.20654e-05
314.5	-3.74488e-05
314.6	-1.50544e-05
314.7	1.13517e-05
314.8	4.12629e-05
314.9	6.98355e-05
315	9.83791e-05
315.1	0.000126747
315.2	0.000159049
315.3	0.000195634
315.4	0.000235647
315.5	0.000277016
315.6	0.000318577
315.7	0.000358119
315.8	0.000398339
315.9	0.000442043
316	0.000488052
316.1	0.000530919
316.2	0.000574683
316.3	0.000614526
316.4	0.000651716
316.5	0.000690725
316.6	0.000732176
316.7	0.000776137
316.8	0.000820285
316.9	0.000864569
317	0.000912914
317.1	0.000969087
317.2	0.00102908
317.3	0.00109105
317.4	0.00115546
317.5	0.00122156
317.6	0.0012866
317.7	0.00135321
317.8	0.00141693
317.9	0.0014811
318	0.00154253
318.1	0.00160193
318.2	0.00166228
318.3	0.00172104
318.4	0.00177382
318.5	0.00182182
318.6	0.00187168
318.7	0.0019214
318.8	0.00197319
318.9	0.00202379
319	0.00207336
319.1	0.00212421
319.2	0.00217434
319.3	0.00221908
319.4	0.00226076
319.5	0.00230698
319.6	0.00235495
319.7	0.00240407
319.8	0.00245009
319.9	0.00249317
320	0.00253757
320.1	0.00258742
320.2	0.00264191
320.3	0.00270044
320.4	0.00276541
320.5	0.00283296
320.6	0.00289537
320.7	0.00295427
320.8	0.00301678
320.9	0.0030776
321	0.00314223
321.1	0.00320655
321.2	0.0032734
321.3	0.00334348
321.4	0.00341386
321.5	0.00347985
321.6	0.0035458
321.7	0.00361271
321.8	0.00368078
321.9	0.00375107
322	0.00382141
322.1	0.00388806
322.2	0.00395473
322.3	0.00402205
322.4	0.00409344
322.5	0.00416507
322.6	0.00423412
322.7	0.00430323
322.8	0.00437073
322.9	0.00443757
323	0.00450284
323.1	0.00456574
323.2	0.00462417
323.3	0.00467583
323.4	0.00471878
323.5	0.00475154
323.6	0.00477966
323.7	0.00480311
323.8	0.00481893
323.9	0.00483039
324	0.00484369
324.1	0.00485565
324.2	0.00486899
324.3	0.00488526
324.4	0.0049043
324.5	0.00492454
324.6	0.00494368
324.7	0.00496103
324.8	0.00497445
324.9	0.0049875
325	0.00500037
325.1	0.00500784
325.2	0.00500923
325.3	0.00500588
325.4	0.00499835
325.5	0.00499184
325.6	0.00498445
325.7	0.00497714
325.8	0.00496797
325.9	0.00495816
326	0.00494905
326.1	0.00493961
326.2	0.00493194
326.3	0.0049212
326.4	0.00491426
326.5	0.00490728
326.6	0.00490255
326.7	0.0049014
326.8	0.00489693
326.9	0.00488827
327	0.00488091
327.1	0.00487779
327.2	0.00487452
327.3	0.00487352
327.4	0.00487348
327.5	0.00487266
327.6	0.00487021
327.7	0.00486957
327.8	0.00486861
327.9	0.00486564
328	0.00485694
328.1	0.00484004
328.2	0.00482122
328.3	0.00479884
328.4	0.00477407
328.5	0.00474432
328.6	0.00470267
328.7	0.00465768
328.8	0.00461423
328.9	0.0045668
329	0.0045171
329.1	0.00446645
329.2	0.00441366
329.3	0.00435799
329.4	0.00430537
329.5	0.00425096
329.6	0.00419417
329.7	0.0041322
329.8	0.00406578
329.9	0.00399965
330	0.0039361
330.1	0.00387285
330.2	0.00380747
330.3	0.00374194
330.4	0.00367866
330.5	0.00361791
330.6	0.00355591
330.7	0.00349461
330.8	0.0034297
330.9	0.00336292
331	0.00328814
331.1	0.00320911
331.2	0.00313009
331.3	0.00305426
331.4	0.00298043
331.5	0.00290757
331.6	0.00283686
331.7	0.00277265
331.8	0.00271506
331.9	0.00265926
332	0.00260599
332.1	0.00255123
332.2	0.00249295
332.3	0.00243144
332.4	0.00237029
332.5	0.00230988
332.6	0.00225365
332.7	0.00219981
332.8	0.00215033
332.9	0.00210467
333	0.00206886
333.1	0.00203757
333.2	0.00200646
333.3	0.00197599
333.4	0.00194485
333.5	0.0019137
333.6	0.0018867
333.7	0.00186015
333.8	0.00183304
333.9	0.00180804
334	0.0017869
334.1	0.0017685
334.2	0.00175067
334.3	0.00173261
334.4	0.00171813
334.5	0.00170777
334.6	0.00170184
334.7	0.00169632
334.8	0.00168793
334.9	0.0016759
335	0.0016683
335.1	0.00166638
335.2	0.00166502
335.3	0.00166503
335.4	0.00166535
335.5	0.00166589
335.6	0.00166458
335.7	0.00165972
335.8	0.00165531
335.9	0.00164934
336	0.00164251
336.1	0.00163675
336.2	0.00163788
336.3	0.0016398
336.4	0.00164096
336.5	0.00164127
336.6	0.00164533
336.7	0.00165308
336.8	0.00167014
336.9	0.00169198
337	0.00171949
337.1	0.00174905
337.2	0.00178598
337.3	0.00182839
337.4	0.00186895
337.5	0.00190918
337.6	0.0019466
337.7	0.00198028
337.8	0.00201061
337.9	0.00203653
338	0.00205894
338.1	0.00207974
338.2	0.00209714
338.3	0.00211672
338.4	0.00213472
338.5	0.00215106
338.6	0.00216493
338.7	0.00217575
338.8	0.00218934
338.9	0.00220199
339	0.00220767
339.1	0.00220924
339.2	0.00221631
339.3	0.00222641
339.4	0.00223895
339.5	0.00225388
339.6	0.00226991
339.7	0.00228328
339.8	0.00229276
339.9	0.00230204
340	0.00231406
340.1	0.00232624
340.2	0.00233767
340.3	0.00234782
340.4	0.00236332
340.5	0.00237682
340.6	0.00238828
340.7	0.0024013
340.8	0.00241558
340.9	0.00242751
341	0.0024389
341.1	0.0024523
341.2	0.00246221
341.3	0.00246487
341.4	0.0024645
341.5	0.00246114
341.6	0.0024524
341.7	0.0024349
341.8	0.00240945
341.9	0.00238202
342	0.00234972
342.1	0.00231849
342.2	0.00229447
342.3	0.0022755
342.4	0.00225224
342.5	0.00222038
342.6	0.00218161
342.7	0.00214046
342.8	0.00209629
342.9	0.00205593
343	0.00201846
343.1	0.00198386
343.2	0.00195086
343.3	0.00192153
343.4	0.00189466
343.5	0.0018677
343.6	0.00184202
343.7	0.0018132
343.8	0.0017797
343.9	0.00174284
344	0.00170277
344.1	0.00166539
344.2	0.00163249
344.3	0.001601
344.4	0.00157256
344.5	0.00154537
344.6	0.00151284
344.7	0.00147483
344.8	0.00143227
344.9	0.00138947
345	0.0013515
345.1	0.00131685
345.2	0.00128611
345.3	0.00125846
345.4	0.00123352
345.5	0.00120413
345.6	0.00117518
345.7	0.00114816
345.8	0.0011251
345.9	0.00110427
346	0.00108371
346.1	0.00106206
346.2	0.00104027
346.3	0.00102054
346.4	0.00100893
346.5	0.00100484
346.6	0.00100907
346.7	0.0010174
346.8	0.0010319
346.9	0.0010473
347	0.00106188
347.1	0.00108125
347.2	0.0011008
347.3	0.00112111
347.4	0.00114212
347.5	0.00116118
347.6	0.00117391
347.7	0.00118531
347.8	0.00119624
347.9	0.00121017
348	0.00123232
348.1	0.00125438
348.2	0.00127967
348.3	0.00130343
348.4	0.00132428
348.5	0.00134169
348.6	0.00135129
348.7	0.00136023
348.8	0.00136448
348.9	0.00136635
349	0.00137497
349.1	0.00138728
349.2	0.00140417
349.3	0.00141909
349.4	0.00142802
349.5	0.00143848
349.6	0.00145064
349.7	0.00146138
349.8	0.00146985
349.9	0.00148259
350	0.00150176
350.1	0.00152275
350.2	0.00154626
350.3	0.0015708
350.4	0.00159524
350.5	0.00162711
350.6	0.00166556
350.7	0.00170624
350.8	0.00174163
350.9	0.00177723
351	0.00181222
351.1	0.00185047
351.2	0.0018917
351.3	0.001942
351.4	0.00199306
351.5	0.0020412
351.6	0.00208325
351.7	0.00212626
351.8	0.00217616
351.9	0.00223115
352	0.00229121
352.1	0.00235342
352.2	0.00241805
352.3	0.00248606
352.4	0.00255283
352.5	0.00261898
352.6	0.00268099
352.7	0.00273947
352.8	0.00279633
352.9	0.00285276
353	0.00290777
353.1	0.00296419
353.2	0.00302313
353.3	0.00308652
353.4	0.00315514
353.5	0.00322273
353.6	0.0032918
353.7	0.00335993
353.8	0.00342849
353.9	0.00349501
354	0.00355242
354.1	0.00359986
354.2	0.00364386
354.3	0.00368708
354.4	0.00372266
354.5	0.00375782
354.6	0.00378956
354.7	0.00381436
354.8	0.00383282
354.9	0.00384648
355	0.00386181
355.1	0.00387639
355.2	0.00388795
355.3	0.0038898
355.4	0.00388586
355.5	0.0038841
355.6	0.00387927
355.7	0.00386747
355.8	0.00385327
355.9	0.003842
356	0.00382916
356.1	0.00381513
356.2	0.00380317
356.3	0.00379296
356.4	0.00378017
356.5	0.00377099
356.6	0.00376509
356.7	0.00375875
356.8	0.00375234
356.9	0.00374321
357	0.00373039
357.1	0.00371634
357.2	0.00370812
357.3	0.00370344
357.4	0.00370225
357.5	0.00369944
357.6	0.00369144
357.7	0.00368135
357.8	0.00366871
357.9	0.00366112
358	0.00365187
358.1	0.00364441
358.2	0.00363231
358.3	0.00361895
358.4	0.00360557
358.5	0.00359455
358.6	0.00358585
358.7	0.00357768
358.8	0.00357066
358.9	0.00356405
359	0.00355563
359.1	0.00354705
359.2	0.00353674
359.3	0.00352722
359.4	0.00351833
359.5	0.00351335
359.6	0.0035045
359.7	0.00348981
359.8	0.00347218
359.9	0.00345002
360	0.00342807
360.1	0.00340583
360.2	0.00338309
360.3	0.00336563
360.4	0.00335144
360.5	0.00333679
360.6	0.00331803
360.7	0.0032982
360.8	0.00327465
360.9	0.00324841
361	0.00322625
361.1	0.00321148
361.2	0.00319899
361.3	0.00318848
361.4	0.00318005
361.5	0.00317651
361.6	0.00317646
361.7	0.00317757
361.8	0.0031722
361.9	0.00316073
362	0.00314671
362.1	0.00313691
362.2	0.00313257
362.3	0.00313421
362.4	0.00313903
362.5	0.00314216
362.6	0.00314586
362.7	0.0031502
362.8	0.00315475
362.9	0.00315851
363	0.00315983
363.1	0.00315639
363.2	0.00314884
363.3	0.0031381
363.4	0.00313026
363.5	0.00312158
363.6	0.00311083
363.7	0.00310614
363.8	0.00310501
363.9	0.0031068
364	0.00310729
364.1	0.00311027
364.2	0.00311493
364.3	0.00312117
364.4	0.00313217
364.5	0.0031391
364.6	0.00313845
364.7	0.00313537
364.8	0.00313146
364.9	0.00313039
365	0.00313093
365.1	0.00313466
365.2	0.00314061
365.3	0.00313923
365.4	0.00312908
365.5	0.00311698
365.6	0.00309803
365.7	0.00307266
365.8	0.00304853
365.9	0.00302293
366	0.0030064
366.1	0.0029931
366.2	0.00298413
366.3	0.0029797
366.4	0.00297841
366.5	0.00297668
366.6	0.00297827
366.7	0.00298348
366.8	0.00299327
366.9	0.00300347
367	0.00301281
367.1	0.0030197
367.2	0.00302531
367.3	0.00302544
367.4	0.00302759
367.5	0.00303248
367.6	0.00303997
367.7	0.00304074
367.8	0.00303809
367.9	0.00303464
368	0.00303414
368.1	0.00303569
368.2	0.00303874
368.3	0.00303858
368.4	0.00303565
368.5	0.00302989
368.6	0.00302287
368.7	0.00301319
368.8	0.00300442
368.9	0.00299129
369	0.00297213
369.1	0.0029529
369.2	0.00293512
369.3	0.00291757
369.4	0.00289776
369.5	0.00287503
369.6	0.00285504
369.7	0.00283976
369.8	0.00282437
369.9	0.00280861
370	0.00279167
370.1	0.00277461
370.2	0.00275684
370.3	0.0027411
370.4	0.00273063
370.5	0.00272021
370.6	0.00271131
370.7	0.00270447
370.8	0.0026979
370.9	0.00269364
371	0.00268923
371.1	0.00268748
371.2	0.00268222
371.3	0.00267676
371.4	0.00267029
371.5	0.00265673
371.6	0.00264076
371.7	0.00262823
371.8	0.00261946
371.9	0.00261606
372	0.00261566
372.1	0.00261233
372.2	0.00260565
372.3	0.00258524
372.4	0.0025578
372.5	0.00252323
372.6	0.00248425
372.7	0.00243978
372.8	0.0023967
372.9	0.00236095
373	0.00232998
373.1	0.00229566
373.2	0.00226288
373.3	0.0022287
373.4	0.00219788
373.5	0.00216894
373.6	0.00214205
373.7	0.00211927
373.8	0.00209906
373.9	0.00208192
374	0.00206194
374.1	0.00204135
374.2	0.00202036
374.3	0.00199766
374.4	0.00197395
374.5	0.00194938
374.6	0.00192333
374.7	0.00189863
374.8	0.00188047
374.9	0.00186822
375	0.00186588
375.1	0.00186178
375.2	0.0018551
375.3	0.00184712
375.4	0.00184308
375.5	0.00184069
375.6	0.00183801
375.7	0.00183393
375.8	0.00182799
375.9	0.00182226
376	0.00181713
376.1	0.00181694
376.2	0.00181919
376.3	0.00182145
376.4	0.00181941
376.5	0.00181246
376.6	0.00180361
376.7	0.00179697
376.8	0.00178868
376.9	0.0017786
377	0.00177041
377.1	0.00176359
377.2	0.00176255
377.3	0.00176584
377.4	0.00177063
377.5	0.00177854
377.6	0.00179007
377.7	0.00180555
377.8	0.00182619
377.9	0.00185055
378	0.00187661
378.1	0.00190161
378.2	0.00192083
378.3	0.00193313
378.4	0.00194563
378.5	0.00195769
378.6	0.00196531
378.7	0.00196875
378.8	0.00196294
378.9	0.00195603
379	0.0019533
379.1	0.00195419
379.2	0.00195564
379.3	0.00195601
379.4	0.00195786
379.5	0.00196662
379.6	0.00197662
379.7	0.00198346
379.8	0.00199039
379.9	0.00200258
380	0.00201764
380.1	0.0020333
380.2	0.00204691
380.3	0.00206001
380.4	0.0020714
380.5	0.00208428
380.6	0.0020989
380.7	0.00211855
380.8	0.00213899
380.9	0.00215768
381	0.00217836
381.1	0.00219448
381.2	0.00220824
381.3	0.00221954
381.4	0.00222763
381.5	0.00223748
381.6	0.00224729
381.7	0.00225484
381.8	0.00225934
381.9	0.00226092
382	0.00225939
382.1	0.00225715
382.2	0.002257
382.3	0.00226147
382.4	0.0022647
382.5	0.00226742
382.6	0.00227148
382.7	0.0022751
382.8	0.00228213
382.9	0.00229664
383	0.00231769
383.1	0.00233739
383.2	0.00236039
383.3	0.00238463
383.4	0.00241283
383.5	0.00244798
383.6	0.0024814
383.7	0.00251644
383.8	0.00255524
383.9	0.00259309
384	0.00262922
384.1	0.0026674
384.2	0.00270007
384.3	0.00273081
384.4	0.00275854
384.5	0.00278001
384.6	0.00279747
384.7	0.00280879
384.8	0.00281172
384.9	0.00281279
385	0.00281502
385.1	0.00281953
385.2	0.00282564
385.3	0.00283407
385.4	0.00284394
385.5	0.00285475
385.6	0.00287098
385.7	0.00289213
385.8	0.00291571
385.9	0.00293806
386	0.00296465
386.1	0.00299424
386.2	0.00302211
386.3	0.00305138
386.4	0.0030786
386.5	0.00310049
386.6	0.00311824
386.7	0.00313269
386.8	0.00314544
386.9	0.00315603
387	0.00317219
387.1	0.00318914
387.2	0.00320208
387.3	0.00320968
387.4	0.00321588
387.5	0.003221
387.6	0.00322382
387.7	0.00322407
387.8	0.00322696
387.9	0.0032328
388	0.00323782
388.1	0.00324034
388.2	0.0032409
388.3	0.00323681
388.4	0.00322849
388.5	0.00321771
388.6	0.00320629
388.7	0.00319381
388.8	0.00317909
388.9	0.00316398
389	0.00314769
389.1	0.00313257
389.2	0.00311715
389.3	0.00309665
389.4	0.00307806
389.5	0.0030523
389.6	0.00302066
389.7	0.00299142
389.8	0.00296783
389.9	0.00294662
390	0.00292331
390.1	0.00289703
390.2	0.00287119
390.3	0.00284925
390.4	0.00282452
390.5	0.0027953
390.6	0.00276597
390.7	0.00273589
390.8	0.00270873
390.9	0.00268822
391	0.00267326
391.1	0.00265694
391.2	0.00264116
391.3	0.00262418
391.4	0.0026064
391.5	0.00258711
391.6	0.00256821
391.7	0.00255066
391.8	0.00253308
391.9	0.00251029
392	0.00248942
392.1	0.00247292
392.2	0.00246166
392.3	0.00244991
392.4	0.00243562
392.5	0.00242264
392.6	0.00240981
392.7	0.00240102
392.8	0.00239412
392.9	0.00239195
393	0.00239068
393.1	0.00238535
393.2	0.0023757
393.3	0.00236455
393.4	0.00235135
393.5	0.00234044
393.6	0.00233342
393.7	0.00232693
393.8	0.00232171
393.9	0.00231248
394	0.00230299
394.1	0.0023001
394.2	0.00229941
394.3	0.00230211
394.4	0.00230552
394.5	0.00230996
394.6	0.00231451
394.7	0.00232158
394.8	0.0023257
394.9	0.0023285
395	0.00233161
395.1	0.00233615
395.2	0.00234146
395.3	0.00234671
395.4	0.00235233
395.5	0.0023548
395.6	0.00235109
395.7	0.00234462
395.8	0.00233523
395.9	0.00232992
396	0.00232599
396.1	0.00232079
396.2	0.00231268
396.3	0.00230069
396.4	0.00228924
396.5	0.0022788
396.6	0.00226904
396.7	0.00225917
396.8	0.002254
396.9	0.00225376
397	0.00226075
397.1	0.00227463
397.2	0.00229311
397.3	0.00231478
397.4	0.00234211
397.5	0.00236985
397.6	0.00239769
397.7	0.00242824
397.8	0.00246107
397.9	0.00249579
398	0.00252511
398.1	0.00255072
398.2	0.00257744
398.3	0.00260117
398.4	0.00262319
398.5	0.00264292
398.6	0.0026637
398.7	0.00268764
398.8	0.00271181
398.9	0.00273218
399	0.00275557
399.1	0.00277824
399.2	0.00279747
399.3	0.00281602
399.4	0.00284099
399.5	0.00286808
399.6	0.00289408
399.7	0.00292675
399.8	0.00296133
399.9	0.00299431
400	0.00302323
400.1	0.00304857
400.2	0.0030784
400.3	0.00311191
400.4	0.00314907
400.5	0.00318399
400.6	0.00321458
400.7	0.00323654
400.8	0.00325432
400.9	0.00327007
401	0.00328813
401.1	0.00330448
401.2	0.00332311
401.3	0.00333717
401.4	0.00334554
401.5	0.00335031
401.6	0.00334959
401.7	0.00334225
401.8	0.00333819
401.9	0.0033388
402	0.00334617
402.1	0.00335841
402.2	0.00337538
402.3	0.00339469
402.4	0.00341516
402.5	0.00344086
402.6	0.00346158
402.7	0.00348051
402.8	0.00349261
402.9	0.00350011
403	0.0034995
403.1	0.00349134
403.2	0.00348391
403.3	0.00347861
403.4	0.0034757
403.5	0.00347008
403.6	0.0034565
403.7	0.00343638
403.8	0.00341056
403.9	0.00338099
404	0.00335024
404.1	0.00331986
404.2	0.00329091
404.3	0.00326012
404.4	0.00322471
404.5	0.00318532
404.6	0.00314823
404.7	0.00311401
404.8	0.00308243
404.9	0.00304818
405	0.00301566
405.1	0.00298546
405.2	0.00295777
405.3	0.00293087
405.4	0.00290485
405.5	0.00288158
405.6	0.00285598
405.7	0.00283043
405.8	0.00280838
405.9	0.00278667
406	0.00276315
406.1	0.00274297
406.2	0.00272371
406.3	0.00269928
406.4	0.00267357
406.5	0.00264657
406.6	0.00262077
406.7	0.00259849
406.8	0.00258259
406.9	0.00257437
407	0.00257122
407.1	0.00256454
407.2	0.00255288
407.3	0.00254217
407.4	0.00253592
407.5	0.00253102
407.6	0.00252667
407.7	0.00252321
407.8	0.00251558
407.9	0.00249969
408	0.00247985
408.1	0.00245481
408.2	0.00242445
408.3	0.00238874
408.4	0.00235309
408.5	0.00231769
408.6	0.002283
408.7	0.00224753
408.8	0.00221153
408.9	0.00217136
409	0.00213611
409.1	0.0021067
409.2	0.00207901
409.3	0.00204904
409.4	0.00202194
409.5	0.00199496
409.6	0.00196569
409.7	0.00193119
409.8	0.00189174
409.9	0.00185563
410	0.00182138
410.1	0.0017852
410.2	0.00175016
410.3	0.00171612
410.4	0.00168159
410.5	0.00164668
410.6	0.00161179
410.7	0.00158124
410.8	0.0015555
410.9	0.00152897
411	0.00150233
411.1	0.00147911
411.2	0.00145906
411.3	0.00144028
411.4	0.00141883
411.5	0.00140089
411.6	0.0013865
411.7	0.00137343
411.8	0.00136406
411.9	0.00135792
412	0.00135546
412.1	0.00135276
412.2	0.00135181
412.3	0.00134919
412.4	0.00134569
412.5	0.00134037
412.6	0.00133667
412.7	0.00133702
412.8	0.0013412
412.9	0.00134542
413	0.00134775
413.1	0.00135368
413.2	0.00136312
413.3	0.00137584
413.4	0.0013919
413.5	0.00140429
413.6	0.00141778
413.7	0.00143309
413.8	0.00145409
413.9	0.00147668
414	0.00149728
414.1	0.00151389
414.2	0.00152846
414.3	0.00154209
414.4	0.00155318
414.5	0.0015639
414.6	0.00158164
414.7	0.0016046
414.8	0.00163374
414.9	0.00166176
415	0.00168875
415.1	0.00171169
415.2	0.00173474
415.3	0.00175745
415.4	0.00177635
415.5	0.00179661
415.6	0.00181788
415.7	0.00183466
415.8	0.0018529
415.9	0.00186819
416	0.00188004
416.1	0.00188963
416.2	0.00189832
416.3	0.00190663
416.4	0.00191375
416.5	0.00191905
416.6	0.00192047
416.7	0.00192113
416.8	0.00192481
416.9	0.00193006
417	0.00193416
417.1	0.00193931
417.2	0.00194078
417.3	0.00194212
417.4	0.00194742
417.5	0.00195136
417.6	0.00195732
417.7	0.00196706
417.8	0.00198233
417.9	0.00200127
418	0.00202397
418.1	0.00204642
418.2	0.00206582
418.3	0.00207817
418.4	0.00208531
418.5	0.00208924
418.6	0.00209444
418.7	0.00210309
418.8	0.00211446
418.9	0.00212855
419	0.00214521
419.1	0.00215965
419.2	0.00217095
419.3	0.00218647
419.4	0.00220492
419.5	0.00222603
419.6	0.00224625
419.7	0.00226398
419.8	0.00227528
419.9	0.00228381
420	0.00228822
420.1	0.00229141
420.2	0.00229769
420.3	0.00230576
420.4	0.00231198
420.5	0.00231766
420.6	0.00232511
420.7	0.00232912
420.8	0.00233493
420.9	0.00233943
421	0.00233948
421.1	0.00233961
421.2	0.00234171
421.3	0.00234526
421.4	0.00234896
421.5	0.00235273
421.6	0.00236184
421.7	0.00237068
421.8	0.00237712
421.9	0.00238012
422	0.00238505
422.1	0.00238995
422.2	0.00239115
422.3	0.0023893
422.4	0.00238366
422.5	0.0023779
422.6	0.00237825
422.7	0.00238067
422.8	0.00238339
422.9	0.00237993
423	0.0023759
423.1	0.00237155
423.2	0.00236409
423.3	0.00235087
423.4	0.00233464
423.5	0.00231922
423.6	0.00231107
423.7	0.0023015
423.8	0.00229206
423.9	0.00228127
424	0.00227414
424.1	0.00226822
424.2	0.00226895
424.3	0.00227058
424.4	0.00227237
424.5	0.00227244
424.6	0.00227374
424.7	0.00227325
424.8	0.00226884
424.9	0.00226508
425	0.00226031
425.1	0.002256
425.2	0.00225243
425.3	0.00224472
425.4	0.00223463
425.5	0.00222617
425.6	0.00221639
425.7	0.00220175
425.8	0.00218857
425.9	0.0021809
426	0.00217417
426.1	0.0021658
426.2	0.00216046
426.3	0.00215658
426.4	0.00215038
426.5	0.00214584
426.6	0.00213904
426.7	0.00213456
426.8	0.0021371
426.9	0.00214344
427	0.00215261
427.1	0.00216228
427.2	0.00216927
427.3	0.00217637
427.4	0.0021857
427.5	0.00219531
427.6	0.0022006
427.7	0.00220629
427.8	0.0022129
427.9	0.00222248
428	0.0022363
428.1	0.00225305
428.2	0.00226532
428.3	0.00227606
428.4	0.00228689
428.5	0.00229473
428.6	0.00229434
428.7	0.00228528
428.8	0.00226776
428.9	0.00224844
429	0.00222867
429.1	0.00220689
429.2	0.00218715
429.3	0.00216926
429.4	0.00215607
429.5	0.00214224
429.6	0.0021304
429.7	0.00212263
429.8	0.00211637
429.9	0.00210911
430	0.00209883
430.1	0.00208987
430.2	0.00208119
430.3	0.00207236
430.4	0.00206023
430.5	0.00204628
430.6	0.00203322
430.7	0.00202345
430.8	0.00201484
430.9	0.00200377
431	0.00199467
431.1	0.00199219
431.2	0.00199189
431.3	0.00199348
431.4	0.0019976
431.5	0.00200319
431.6	0.0020101
431.7	0.00202023
431.8	0.00203148
431.9	0.00204624
432	0.00206677
432.1	0.00208922
432.2	0.00210836
432.3	0.00212761
432.4	0.00214295
432.5	0.00215787
432.6	0.00217538
432.7	0.00219355
432.8	0.00221057
432.9	0.00223103
433	0.00225455
433.1	0.00227561
433.2	0.00229082
433.3	0.00230054
433.4	0.00230502
433.5	0.00230623
433.6	0.00230613
433.7	0.0023042
433.8	0.00230159
433.9	0.00230019
434	0.00230165
434.1	0.0023022
434.2	0.0022992
434.3	0.00229358
434.4	0.00228632
434.5	0.00227672
434.6	0.00226993
434.7	0.00227129
434.8	0.00227305
434.9	0.00226962
435	0.00226104
435.1	0.00225122
435.2	0.00224195
435.3	0.00223502
435.4	0.00222865
435.5	0.00221797
435.6	0.00220977
435.7	0.00220487
435.8	0.00220284
435.9	0.00220277
436	0.00219671
436.1	0.00218946
436.2	0.00218049
436.3	0.00217455
436.4	0.00216714
436.5	0.00215885
436.6	0.00214774
436.7	0.00213274
436.8	0.00211573
436.9	0.00210134
437	0.0020829
437.1	0.00206197
437.2	0.00204282
437.3	0.00202544
437.4	0.00200976
437.5	0.00199082
437.6	0.00197486
437.7	0.00196275
437.8	0.00195194
437.9	0.00194219
438	0.0019277
438.1	0.00191029
438.2	0.00189073
438.3	0.00186873
438.4	0.00185217
438.5	0.0018376
438.6	0.00182539
438.7	0.00181132
438.8	0.00179868
438.9	0.0017826
439	0.00176744
439.1	0.0017502
439.2	0.00172735
439.3	0.00171068
439.4	0.00169299
439.5	0.00167512
439.6	0.00165763
439.7	0.0016375
439.8	0.00161937
439.9	0.00159759
440	0.00157053
440.1	0.00154326
440.2	0.00151714
440.3	0.00149293
440.4	0.00146705
440.5	0.00144494
440.6	0.00142297
440.7	0.00140362
440.8	0.00138793
440.9	0.00136861
441	0.00134663
441.1	0.00132376
441.2	0.0013011
441.3	0.00127495
441.4	0.00124847
441.5	0.00122298
441.6	0.00119673
441.7	0.00116832
441.8	0.00113902
441.9	0.00111422
442	0.00109477
442.1	0.00108112
442.2	0.0010711
442.3	0.00106119
442.4	0.00105034
442.5	0.00104349
442.6	0.00103951
442.7	0.00103142
442.8	0.00101922
442.9	0.00101049
443	0.00100285
443.1	0.00099692
443.2	0.000990785
443.3	0.000981909
443.4	0.000973378
443.5	0.000961649
443.6	0.000948045
443.7	0.000937268
443.8	0.000926843
443.9	0.000913052
444	0.00090024
444.1	0.000882828
444.2	0.000866263
444.3	0.000851799
444.4	0.000837344
444.5	0.000824925
444.6	0.000812776
444.7	0.000798517
444.8	0.00078037
444.9	0.000756167
445	0.000733124
445.1	0.000710409
445.2	0.000685491
445.3	0.000656096
445.4	0.000621864
445.5	0.000587032
445.6	0.000553083
445.7	0.000520146
445.8	0.00048854
445.9	0.000458198
446	0.000428628
446.1	0.000397278
446.2	0.000367043
446.3	0.000335389
446.4	0.000302713
446.5	0.00026511
446.6	0.00022386
446.7	0.000181361
446.8	0.000141971
446.9	0.00010271
447	5.89259e-05
447.1	1.07272e-05
447.2	-3.72695e-05
447.3	-8.15311e-05
447.4	-0.000125527
447.5	-0.000168577
447.6	-0.000208886
447.7	-0.000252576
447.8	-0.000300347
447.9	-0.000351796
448	-0.000406817
448.1	-0.000468217
448.2	-0.000532751
448.3	-0.000599587
448.4	-0.00066965
448.5	-0.000733587
448.6	-0.000791019
448.7	-0.000845306
448.8	-0.000893002
448.9	-0.000940455
449	-0.000985124
449.1	-0.00102851
449.2	-0.00106386
449.3	-0.00109612
449.4	-0.00112274
449.5	-0.00115056
449.6	-0.00117247
449.7	-0.0011903
449.8	-0.00120244
449.9	-0.00121101
450	-0.00121462
450.1	-0.00122178
450.2	-0.00123029
450.3	-0.00123776
450.4	-0.0012478
450.5	-0.0012578
450.6	-0.0012714
450.7	-0.0012817
450.8	-0.00129485
450.9	-0.00130678
451	-0.00131322
451.1	-0.00131992
451.2	-0.00132906
451.3	-0.00134289
451.4	-0.00135665
451.5	-0.00136964
451.6	-0.00137835
451.7	-0.0013832
451.8	-0.00138473
451.9	-0.0013826
452	-0.00137666
452.1	-0.00137092
452.2	-0.00137045
452.3	-0.00137772
452.4	-0.00138604
452.5	-0.00139461
452.6	-0.00140862
452.7	-0.00142349
452.8	-0.00144008
452.9	-0.00145859
453	-0.00148192
453.1	-0.00150797
453.2	-0.00153193
453.3	-0.00155627
453.4	-0.00158691
453.5	-0.00162245
453.6	-0.00166088
453.7	-0.00169827
453.8	-0.00173656
453.9	-0.00177885
454	-0.00182336
454.1	-0.0018678
454.2	-0.00191259
454.3	-0.00196165
454.4	-0.00201406
454.5	-0.00206796
454.6	-0.00212013
454.7	-0.00217009
454.8	-0.00221499
454.9	-0.00225632
455	-0.00229516
455.1	-0.00233509
455.2	-0.00237086
455.3	-0.00240416
455.4	-0.00243066
455.5	-0.00245191
455.6	-0.00246818
455.7	-0.00248393
455.8	-0.00249848
455.9	-0.00250741
456	-0.00251395
456.1	-0.00252039
456.2	-0.00252889
456.3	-0.00253831
456.4	-0.0025498
456.5	-0.00256839
456.6	-0.00259042
456.7	-0.00261367
456.8	-0.00263918
456.9	-0.00266867
457	-0.00269556
457.1	-0.00272513
457.2	-0.00275658
457.3	-0.00279611
457.4	-0.00283366
457.5	-0.00287122
457.6	-0.00290189
457.7	-0.0029284
457.8	-0.00294905
457.9	-0.00296958
458	-0.00299274
458.1	-0.00301861
458.2	-0.00304839
458.3	-0.00307921
458.4	-0.00310812
458.5	-0.0031366
458.6	-0.00316508
458.7	-0.00319711
458.8	-0.00323573
458.9	-0.00327457
459	-0.00331138
459.1	-0.00334347
459.2	-0.00337103
459.3	-0.0033906
459.4	-0.00340593
459.5	-0.00341762
459.6	-0.00343133
459.7	-0.00344382
459.8	-0.00345631
459.9	-0.00346352
460	-0.00346958
460.1	-0.00347374
460.2	-0.00347828
460.3	-0.00348595
460.4	-0.00349349
460.5	-0.00349937
460.6	-0.00350961
460.7	-0.00351928
460.8	-0.00352789
460.9	-0.0035328
461	-0.00353563
461.1	-0.00353475
461.2	-0.00353465
461.3	-0.00353546
461.4	-0.00353589
461.5	-0.003538
461.6	-0.00353933
461.7	-0.00354085
461.8	-0.00354176
461.9	-0.00354338
462	-0.0035442
462.1	-0.00354499
462.2	-0.00354086
462.3	-0.00353875
462.4	-0.00353619
462.5	-0.00353336
462.6	-0.00353344
462.7	-0.00353472
462.8	-0.00353425
462.9	-0.00353431
463	-0.00353544
463.1	-0.00354052
463.2	-0.00354986
463.3	-0.0035629
463.4	-0.00358425
463.5	-0.00360731
463.6	-0.00363076
463.7	-0.00365835
463.8	-0.0036846
463.9	-0.00371074
464	-0.00373402
464.1	-0.00374807
464.2	-0.00376007
464.3	-0.00377085
464.4	-0.00377837
464.5	-0.0037853
464.6	-0.00379493
464.7	-0.0038089
464.8	-0.00382427
464.9	-0.00384159
465	-0.00385876
465.1	-0.00387326
465.2	-0.00388883
465.3	-0.00390686
465.4	-0.00392565
465.5	-0.00394138
465.6	-0.00395288
465.7	-0.00396106
465.8	-0.00396761
465.9	-0.00396985
466	-0.00396722
466.1	-0.00396284
466.2	-0.00395972
466.3	-0.00396108
466.4	-0.00396537
466.5	-0.00397336
466.6	-0.00398463
466.7	-0.00399246
466.8	-0.00399574
466.9	-0.00399722
467	-0.00399953
467.1	-0.0040046
467.2	-0.00401225
467.3	-0.00402069
467.4	-0.00402763
467.5	-0.0040354
467.6	-0.00404108
467.7	-0.00404656
467.8	-0.00405326
467.9	-0.00406318
468	-0.0040713
468.1	-0.00407898
468.2	-0.00408322
468.3	-0.00408068
468.4	-0.00407132
468.5	-0.00405967
468.6	-0.00404933
468.7	-0.00404699
468.8	-0.00405243
468.9	-0.0040641
469	-0.00407915
469.1	-0.0040931
469.2	-0.00410145
469.3	-0.00410425
469.4	-0.00410587
469.5	-0.00410721
469.6	-0.00410431
469.7	-0.00409831
469.8	-0.00408838
469.9	-0.00407339
470	-0.00405996
470.1	-0.00404411
470.2	-0.00402742
470.3	-0.00401178
470.4	-0.00399541
470.5	-0.00397693
470.6	-0.00396198
470.7	-0.00395202
470.8	-0.00394145
470.9	-0.00393097
471	-0.00391914
471.1	-0.00390414
471.2	-0.00388373
471.3	-0.00385731
471.4	-0.00382984
471.5	-0.00380048
471.6	-0.00377313
471.7	-0.00374777
471.8	-0.00372893
471.9	-0.00371188
472	-0.00369446
472.1	-0.00367075
472.2	-0.0036474
472.3	-0.00362463
472.4	-0.00360416
472.5	-0.00358265
472.6	-0.00355904
472.7	-0.00353457
472.8	-0.00351086
472.9	-0.00348858
473	-0.00346679
473.1	-0.00344424
473.2	-0.00342415
473.3	-0.00340457
473.4	-0.00338173
473.5	-0.00335497
473.6	-0.00332873
473.7	-0.00330258
473.8	-0.00327302
473.9	-0.00323761
474	-0.00319934
474.1	-0.0031637
474.2	-0.00312777
474.3	-0.00309613
474.4	-0.00307135
474.5	-0.00305088
474.6	-0.00303195
474.7	-0.00301176
474.8	-0.00299428
474.9	-0.00297566
475	-0.00295382
475.1	-0.00292424
475.2	-0.00288737
475.3	-0.00284637
475.4	-0.00280938
475.5	-0.00277711
475.6	-0.00274865
475.7	-0.00272297
475.8	-0.00269966
475.9	-0.00267344
476	-0.00264617
476.1	-0.00262059
476.2	-0.00259372
476.3	-0.00256445
476.4	-0.0025318
476.5	-0.00249706
476.6	-0.00246001
476.7	-0.00241624
476.8	-0.00236697
476.9	-0.00231355
477	-0.00225745
477.1	-0.00220172
477.2	-0.00215299
477.3	-0.00210928
477.4	-0.00206331
477.5	-0.00201318
477.6	-0.00196063
477.7	-0.00190778
477.8	-0.00185373
477.9	-0.00180053
478	-0.00174737
478.1	-0.00169435
478.2	-0.00164007
478.3	-0.00158712
478.4	-0.00153927
478.5	-0.00149149
478.6	-0.00144808
478.7	-0.00140641
478.8	-0.00136365
478.9	-0.00131682
479	-0.00126389
479.1	-0.00120758
479.2	-0.00115112
479.3	-0.00109934
479.4	-0.00104617
479.5	-0.00100045
479.6	-0.000961682
479.7	-0.000921717
479.8	-0.000880496
479.9	-0.000844046
480	-0.000814748
480.1	-0.000790609
480.2	-0.000765481
480.3	-0.000739571
480.4	-0.000713768
480.5	-0.000684244
480.6	-0.000653626
480.7	-0.000621149
480.8	-0.000586005
480.9	-0.00054995
481	-0.000513287
481.1	-0.0004734
481.2	-0.000433982
481.3	-0.000397003
481.4	-0.000359196
481.5	-0.000320425
481.6	-0.000284096
481.7	-0.000250439
481.8	-0.000220583
481.9	-0.000196085
482	-0.000170028
482.1	-0.000144378
482.2	-0.000120404
482.3	-9.84468e-05
482.4	-7.6469e-05
482.5	-5.27224e-05
482.6	-3.30056e-05
482.7	-1.6007e-05
482.8	1.00673e-05
482.9	4.11038e-05
483	7.3438e-05
483.1	0.000106172
483.2	0.000142242
483.3	0.000181048
483.4	0.000215775
483.5	0.00024923
483.6	0.0002854
483.7	0.000324935
483.8	0.000370387
483.9	0.000417784
484	0.000458778
484.1	0.000492962
484.2	0.000523279
484.3	0.000552311
484.4	0.000580857
484.5	0.000614814
484.6	0.000646036
484.7	0.000682157
484.8	0.000719262
484.9	0.00075825
485	0.000795795
485.1	0.00083091
485.2	0.000862562
485.3	0.000892921
485.4	0.000920857
485.5	0.000947211
485.6	0.000975787
485.7	0.00100215
485.8	0.00102667
485.9	0.00104862
486	0.00107263
486.1	0.00109239
486.2	0.00110738
486.3	0.00112213
486.4	0.00113452
486.5	0.00113934
486.6	0.00114144
486.7	0.00114085
486.8	0.00113906
486.9	0.00114038
487	0.00114532
487.1	0.00114807
487.2	0.00114743
487.3	0.00114646
487.4	0.00114299
487.5	0.00114194
487.6	0.00114745
487.7	0.00115603
487.8	0.00116728
487.9	0.00118111
488	0.00119998
488.1	0.00121937
488.2	0.0012376
488.3	0.00125522
488.4	0.00127556
488.5	0.00129764
488.6	0.00131853
488.7	0.00133482
488.8	0.00135049
488.9	0.00136514
489	0.00138162
489.1	0.00140138
489.2	0.00142096
489.3	0.00144238
489.4	0.00146776
489.5	0.00149075
489.6	0.00150808
489.7	0.00152535
489.8	0.00154258
489.9	0.00155689
490	0.00157315
490.1	0.00159069
490.2	0.0016099
490.3	0.00163126
490.4	0.00165335
490.5	0.00167263
490.6	0.00168606
490.7	0.00169529
490.8	0.00170312
490.9	0.00170766
491	0.00170728
491.1	0.00170764
491.2	0.00170598
491.3	0.00170202
491.4	0.00170052
491.5	0.00170445
491.6	0.00171154
491.7	0.00171914
491.8	0.00172669
491.9	0.00172947
492	0.00173413
492.1	0.00174437
492.2	0.00175782
492.3	0.0017697
492.4	0.00177612
492.5	0.00177828
492.6	0.00178053
492.7	0.00178674
492.8	0.00179081
492.9	0.00179288
493	0.00179534
493.1	0.00179745
493.2	0.0017991
493.3	0.00180496
493.4	0.00181191
493.5	0.00181384
493.6	0.00181538
493.7	0.00181605
493.8	0.00181647
493.9	0.00181858
494	0.00181991
494.1	0.00182241
494.2	0.00182486
494.3	0.0018275
494.4	0.0018281
494.5	0.00182913
494.6	0.00182957
494.7	0.00183729
494.8	0.00184593
494.9	0.00185446
495	0.00186024
495.1	0.00186228
495.2	0.00186063
495.3	0.00185996
495.4	0.00185513
495.5	0.00185172
495.6	0.00184714
495.7	0.00183883
495.8	0.00182595
495.9	0.00180744
496	0.00179457
496.1	0.00178568
496.2	0.00178111
496.3	0.0017812
496.4	0.00178267
496.5	0.0017926
496.6	0.00180384
496.7	0.00181299
496.8	0.00182404
496.9	0.00183672
497	0.00184975
497.1	0.0018635
497.2	0.00187664
497.3	0.00188457
497.4	0.00188795
497.5	0.00188897
497.6	0.00189354
497.7	0.00190062
497.8	0.00191103
497.9	0.00192469
498	0.00194494
498.1	0.00196258
498.2	0.00198168
498.3	0.00200946
498.4	0.00203661
498.5	0.00205952
498.6	0.0020766
498.7	0.00208772
498.8	0.00209495
498.9	0.00209861
499	0.0021019
499.1	0.00210799
499.2	0.00211027
499.3	0.00211229
499.4	0.00211235
499.5	0.00211155
499.6	0.00210608
499.7	0.00209009
499.8	0.00206724
499.9	0.00204066
500	0.00200955
