LagTime	Correlation

0	0.665107
0.1	0.660091
0.2	0.652615
0.3	0.644597
0.4	0.636516
0.5	0.628496
0.6	0.620564
0.7	0.612726
0.8	0.60498
0.9	0.597324
1	0.589761
1.1	0.582302
1.2	0.574933
1.3	0.567657
1.4	0.560478
1.5	0.553393
1.6	0.546396
1.7	0.539489
1.8	0.532666
1.9	0.525927
2	0.519273
2.1	0.512705
2.2	0.506221
2.3	0.499815
2.4	0.493488
2.5	0.487236
2.6	0.481059
2.7	0.474963
2.8	0.468942
2.9	0.463002
3	0.457142
3.1	0.451356
3.2	0.445643
3.3	0.440004
3.4	0.43444
3.5	0.428951
3.6	0.423537
3.7	0.418196
3.8	0.412928
3.9	0.407729
4	0.402596
4.1	0.397527
4.2	0.392524
4.3	0.387589
4.4	0.382719
4.5	0.377908
4.6	0.373155
4.7	0.368461
4.8	0.363827
4.9	0.359256
5	0.354739
5.1	0.350274
5.2	0.345865
5.3	0.341512
5.4	0.337215
5.5	0.33297
5.6	0.328779
5.7	0.324643
5.8	0.320559
5.9	0.316526
6	0.312545
6.1	0.308611
6.2	0.304723
6.3	0.300884
6.4	0.297099
6.5	0.293362
6.6	0.289673
6.7	0.286027
6.8	0.282426
6.9	0.278871
7	0.275361
7.1	0.271896
7.2	0.268474
7.3	0.265099
7.4	0.261765
7.5	0.258475
7.6	0.255222
7.7	0.252002
7.8	0.24882
7.9	0.245674
8	0.242566
8.1	0.239499
8.2	0.236471
8.3	0.233484
8.4	0.230535
8.5	0.227624
8.6	0.224749
8.7	0.221905
8.8	0.219097
8.9	0.216326
9	0.213582
9.1	0.210865
9.2	0.208177
9.3	0.205521
9.4	0.202899
9.5	0.200312
9.6	0.197764
9.7	0.195249
9.8	0.192763
9.9	0.190306
10	0.187881
10.1	0.185486
10.2	0.183116
10.3	0.180779
10.4	0.178472
10.5	0.176191
10.6	0.17394
10.7	0.17172
10.8	0.16953
10.9	0.167365
11	0.165224
11.1	0.163105
11.2	0.161008
11.3	0.158936
11.4	0.156884
11.5	0.154853
11.6	0.152847
11.7	0.150863
11.8	0.148913
11.9	0.146992
12	0.145098
12.1	0.143228
12.2	0.141381
12.3	0.139555
12.4	0.137754
12.5	0.135977
12.6	0.13422
12.7	0.132481
12.8	0.13076
12.9	0.129061
13	0.127382
13.1	0.125729
13.2	0.124101
13.3	0.122497
13.4	0.120919
13.5	0.119362
13.6	0.117822
13.7	0.116299
13.8	0.114796
13.9	0.113312
14	0.111851
14.1	0.11041
14.2	0.108986
14.3	0.107581
14.4	0.106199
14.5	0.104832
14.6	0.103483
14.7	0.102155
14.8	0.100848
14.9	0.0995583
15	0.0982903
15.1	0.0970403
15.2	0.0958079
15.3	0.0945926
15.4	0.0933938
15.5	0.0922043
15.6	0.0910265
15.7	0.0898626
15.8	0.0887108
15.9	0.0875803
16	0.0864711
16.1	0.0853792
16.2	0.0843004
16.3	0.0832307
16.4	0.0821726
16.5	0.0811368
16.6	0.0801191
16.7	0.0791176
16.8	0.0781301
16.9	0.0771514
17	0.0761787
17.1	0.0752131
17.2	0.0742561
17.3	0.0733114
17.4	0.0723791
17.5	0.0714584
17.6	0.0705515
17.7	0.0696603
17.8	0.0687835
17.9	0.0679215
18	0.0670682
18.1	0.0662262
18.2	0.0654001
18.3	0.0645899
18.4	0.0637922
18.5	0.0630023
18.6	0.06222
18.7	0.0614512
18.8	0.0606962
18.9	0.0599523
19	0.0592173
19.1	0.0584879
19.2	0.0577673
19.3	0.0570552
19.4	0.05635
19.5	0.0556515
19.6	0.0549544
19.7	0.0542624
19.8	0.0535737
19.9	0.0528903
20	0.0522143
20.1	0.05155
20.2	0.0508925
20.3	0.0502415
20.4	0.0495969
20.5	0.0489545
20.6	0.0483172
20.7	0.0476874
20.8	0.0470645
20.9	0.046451
21	0.0458475
21.1	0.0452508
21.2	0.0446594
21.3	0.044073
21.4	0.0434935
21.5	0.0429191
21.6	0.0423499
21.7	0.0417847
21.8	0.0412237
21.9	0.040665
22	0.0401079
22.1	0.0395557
22.2	0.0390123
22.3	0.0384784
22.4	0.0379544
22.5	0.0374428
22.6	0.0369406
22.7	0.0364465
22.8	0.0359646
22.9	0.0354893
23	0.0350215
23.1	0.0345609
23.2	0.0341077
23.3	0.0336557
23.4	0.0332103
23.5	0.0327775
23.6	0.0323553
23.7	0.0319356
23.8	0.0315189
23.9	0.031108
24	0.0307017
24.1	0.030297
24.2	0.029903
24.3	0.0295225
24.4	0.0291513
24.5	0.028786
24.6	0.0284245
24.7	0.0280694
24.8	0.0277203
24.9	0.0273778
25	0.0270458
25.1	0.0267176
25.2	0.0263943
25.3	0.0260732
25.4	0.0257536
25.5	0.0254381
25.6	0.0251319
25.7	0.024828
25.8	0.0245271
25.9	0.0242318
26	0.0239434
26.1	0.0236617
26.2	0.0233857
26.3	0.0231177
26.4	0.0228567
26.5	0.022604
26.6	0.022362
26.7	0.0221259
26.8	0.0218944
26.9	0.0216647
27	0.0214379
27.1	0.0212137
27.2	0.0209939
27.3	0.0207822
27.4	0.0205744
27.5	0.020368
27.6	0.0201666
27.7	0.0199646
27.8	0.0197641
27.9	0.0195676
28	0.0193697
28.1	0.0191745
28.2	0.0189843
28.3	0.018801
28.4	0.0186194
28.5	0.0184431
28.6	0.0182647
28.7	0.018083
28.8	0.0178951
28.9	0.017709
29	0.0175271
29.1	0.0173435
29.2	0.0171593
29.3	0.0169756
29.4	0.0167955
29.5	0.0166219
29.6	0.016454
29.7	0.0162932
29.8	0.0161386
29.9	0.0159899
30	0.0158467
30.1	0.0157099
30.2	0.0155755
30.3	0.0154378
30.4	0.0152944
30.5	0.0151478
30.6	0.0150033
30.7	0.0148594
30.8	0.014715
30.9	0.0145709
31	0.014433
31.1	0.0143
31.2	0.0141703
31.3	0.0140449
31.4	0.0139258
31.5	0.0138046
31.6	0.0136863
31.7	0.0135699
31.8	0.0134535
31.9	0.0133347
32	0.0132109
32.1	0.0130894
32.2	0.0129747
32.3	0.012863
32.4	0.0127537
32.5	0.0126456
32.6	0.0125377
32.7	0.0124331
32.8	0.012334
32.9	0.0122316
33	0.0121277
33.1	0.0120243
33.2	0.0119174
33.3	0.0118072
33.4	0.0116955
33.5	0.0115818
33.6	0.0114655
33.7	0.0113462
33.8	0.0112184
33.9	0.0110813
34	0.0109373
34.1	0.0107888
34.2	0.0106383
34.3	0.0104871
34.4	0.0103343
34.5	0.010182
34.6	0.0100343
34.7	0.00988913
34.8	0.00975268
34.9	0.00962593
35	0.00950653
35.1	0.00939533
35.2	0.00928702
35.3	0.00917848
35.4	0.00906582
35.5	0.00895362
35.6	0.00883784
35.7	0.00872465
35.8	0.008615
35.9	0.00850653
36	0.00839712
36.1	0.00828063
36.2	0.00816218
36.3	0.00804009
36.4	0.00791554
36.5	0.00778764
36.6	0.0076582
36.7	0.00752871
36.8	0.00739825
36.9	0.00726666
37	0.00713812
37.1	0.00701275
37.2	0.0068925
37.3	0.00677239
37.4	0.00665441
37.5	0.00654
37.6	0.00643067
37.7	0.00632976
37.8	0.00623323
37.9	0.00613848
38	0.00604695
38.1	0.00596322
38.2	0.00588772
38.3	0.00581724
38.4	0.00574354
38.5	0.00566557
38.6	0.00558672
38.7	0.00550119
38.8	0.0054133
38.9	0.0053229
39	0.00523331
39.1	0.00514373
39.2	0.0050572
39.3	0.00497189
39.4	0.00488425
39.5	0.004792
39.6	0.00469919
39.7	0.0046086
39.8	0.0045223
39.9	0.00443539
40	0.00434757
40.1	0.00425536
40.2	0.00416582
40.3	0.00407926
40.4	0.00399562
40.5	0.0039153
40.6	0.00383172
40.7	0.00374747
40.8	0.00366601
40.9	0.00358628
41	0.00350211
41.1	0.00341685
41.2	0.00332765
41.3	0.00323421
41.4	0.00314137
41.5	0.0030559
41.6	0.0029728
41.7	0.00288675
41.8	0.00280325
41.9	0.00271918
42	0.00263748
42.1	0.00255823
42.2	0.00247735
42.3	0.00239781
42.4	0.00232153
42.5	0.00224999
42.6	0.00218122
42.7	0.00211696
42.8	0.00205899
42.9	0.00200458
43	0.00195206
43.1	0.00190415
43.2	0.00186007
43.3	0.00181094
43.4	0.00176098
43.5	0.00171198
43.6	0.00166513
43.7	0.00162064
43.8	0.00157605
43.9	0.00153022
44	0.00148436
44.1	0.00143929
44.2	0.00139824
44.3	0.00136348
44.4	0.00133615
44.5	0.0013143
44.6	0.00129946
44.7	0.00128508
44.8	0.00127265
44.9	0.00126056
45	0.00124785
45.1	0.00123707
45.2	0.00122939
45.3	0.00122336
45.4	0.00122356
45.5	0.00123159
45.6	0.00124084
45.7	0.00124979
45.8	0.00125993
45.9	0.00126976
46	0.00127838
46.1	0.00128865
46.2	0.00130201
46.3	0.00131676
46.4	0.00133123
46.5	0.00134736
46.6	0.00136072
46.7	0.00136997
46.8	0.00138376
46.9	0.00139915
47	0.00141399
47.1	0.00142865
47.2	0.00144213
47.3	0.00145108
47.4	0.0014602
47.5	0.00147319
47.6	0.00148814
47.7	0.00150281
47.8	0.00151735
47.9	0.00153517
48	0.00155004
48.1	0.0015652
48.2	0.0015857
48.3	0.00161268
48.4	0.00164559
48.5	0.0016791
48.6	0.00171207
48.7	0.00173711
48.8	0.00175641
48.9	0.00177705
49	0.00180178
49.1	0.00182777
49.2	0.00185203
49.3	0.00187444
49.4	0.00189767
49.5	0.00191637
49.6	0.00193301
49.7	0.00194802
49.8	0.00196149
49.9	0.00197544
50	0.00199375
50.1	0.00201278
50.2	0.00203113
50.3	0.00204668
50.4	0.00206247
50.5	0.00207823
50.6	0.00209697
50.7	0.00211582
50.8	0.00213659
50.9	0.00215999
51	0.00218522
51.1	0.00220983
51.2	0.00223234
51.3	0.00225282
51.4	0.00227021
51.5	0.0022829
51.6	0.00229316
51.7	0.00230655
51.8	0.00231659
51.9	0.00232443
52	0.00233216
52.1	0.00233887
52.2	0.00234447
52.3	0.00235044
52.4	0.00235766
52.5	0.00237271
52.6	0.00238692
52.7	0.00239486
52.8	0.00239602
52.9	0.00239491
53	0.00239541
53.1	0.00240147
53.2	0.00241323
53.3	0.00242705
53.4	0.0024378
53.5	0.00244332
53.6	0.00244878
53.7	0.00245311
53.8	0.0024602
53.9	0.00247252
54	0.00249082
54.1	0.00251259
54.2	0.00252815
54.3	0.00253891
54.4	0.00254725
54.5	0.0025527
54.6	0.00255458
54.7	0.00255487
54.8	0.00255329
54.9	0.00254855
55	0.00254107
55.1	0.00252889
55.2	0.00251329
55.3	0.00249481
55.4	0.00247443
55.5	0.00244969
55.6	0.00242541
55.7	0.00239959
55.8	0.00237321
55.9	0.00234869
56	0.00232906
56.1	0.00231716
56.2	0.00230314
56.3	0.00229358
56.4	0.00228409
56.5	0.00228105
56.6	0.0022829
56.7	0.00228949
56.8	0.00230048
56.9	0.00231596
57	0.0023373
57.1	0.00236293
57.2	0.00239093
57.3	0.00242055
57.4	0.00245396
57.5	0.00248987
57.6	0.00252978
57.7	0.00257166
57.8	0.0026118
57.9	0.00265105
58	0.00269151
58.1	0.00272666
58.2	0.00276679
58.3	0.00280399
58.4	0.00283505
58.5	0.00285853
58.6	0.00288131
58.7	0.00290283
58.8	0.00292367
58.9	0.0029417
59	0.00295628
59.1	0.00297178
59.2	0.00298681
59.3	0.00300335
59.4	0.00302128
59.5	0.00303524
59.6	0.00304232
59.7	0.00304851
59.8	0.00305428
59.9	0.00306029
60	0.00306131
60.1	0.00305505
60.2	0.00304474
60.3	0.00302847
60.4	0.00301071
60.5	0.00299097
60.6	0.00296929
60.7	0.00294425
60.8	0.00291422
60.9	0.00288087
61	0.00283889
61.1	0.00278921
61.2	0.00273554
61.3	0.00268309
61.4	0.00262987
61.5	0.00257932
61.6	0.00253038
61.7	0.00248116
61.8	0.00242886
61.9	0.00237037
62	0.00230516
62.1	0.0022391
62.2	0.00216978
62.3	0.00209357
62.4	0.0020183
62.5	0.00194259
62.6	0.00186861
62.7	0.00179319
62.8	0.00171592
62.9	0.00164175
63	0.00157259
63.1	0.00150569
63.2	0.00144392
63.3	0.00138385
63.4	0.00132751
63.5	0.001276
63.6	0.00122289
63.7	0.00116945
63.8	0.00111631
63.9	0.00106985
64	0.0010274
64.1	0.000993881
64.2	0.000964547
64.3	0.000940197
64.4	0.000923988
64.5	0.000918193
64.6	0.000917957
64.7	0.000920524
64.8	0.000925022
64.9	0.000931073
65	0.000938075
65.1	0.000940733
65.2	0.000938018
65.3	0.000931475
65.4	0.000920638
65.5	0.000901223
65.6	0.000878068
65.7	0.000856305
65.8	0.000836088
65.9	0.000815688
66	0.000792863
66.1	0.000771463
66.2	0.000752455
66.3	0.000737699
66.4	0.000723161
66.5	0.000705589
66.6	0.000684607
66.7	0.000662986
66.8	0.000647655
66.9	0.000632602
67	0.000617471
67.1	0.00060155
67.2	0.000585477
67.3	0.000569435
67.4	0.000557451
67.5	0.000548279
67.6	0.000539365
67.7	0.00052971
67.8	0.000519041
67.9	0.000507021
68	0.000497559
68.1	0.0004887
68.2	0.00047924
68.3	0.000465285
68.4	0.000450646
68.5	0.000437194
68.6	0.000430438
68.7	0.000425037
68.8	0.000419875
68.9	0.000412825
69	0.000402632
69.1	0.000388781
69.2	0.000373705
69.3	0.000354979
69.4	0.000333787
69.5	0.000313564
69.6	0.000291903
69.7	0.000270572
69.8	0.000249958
69.9	0.000225786
70	0.000198393
70.1	0.000169449
70.2	0.000139579
70.3	0.000110496
70.4	8.51687e-05
70.5	6.25894e-05
70.6	4.29663e-05
70.7	2.59145e-05
70.8	1.15034e-05
70.9	-2.02355e-06
71	-1.66949e-05
71.1	-3.14997e-05
71.2	-4.32008e-05
71.3	-4.98006e-05
71.4	-5.45064e-05
71.5	-6.08527e-05
71.6	-7.07964e-05
71.7	-8.5569e-05
71.8	-0.000102189
71.9	-0.000117924
72	-0.000131789
72.1	-0.000142157
72.2	-0.000154229
72.3	-0.000165693
72.4	-0.000179024
72.5	-0.00018611
72.6	-0.00018947
72.7	-0.000189178
72.8	-0.000185176
72.9	-0.000184014
73	-0.000188879
73.1	-0.000196753
73.2	-0.000205746
73.3	-0.000218915
73.4	-0.000233057
73.5	-0.000249652
73.6	-0.000271902
73.7	-0.000296957
73.8	-0.000319053
73.9	-0.000338144
74	-0.000355852
74.1	-0.000377102
74.2	-0.000400287
74.3	-0.000425537
74.4	-0.000455201
74.5	-0.000483693
74.6	-0.000514553
74.7	-0.000548589
74.8	-0.00058407
74.9	-0.000625677
75	-0.000664599
75.1	-0.00070143
75.2	-0.000734785
75.3	-0.00076825
75.4	-0.000803869
75.5	-0.000844851
75.6	-0.00088662
75.7	-0.000927866
75.8	-0.000967438
75.9	-0.00100101
76	-0.00103144
76.1	-0.00106154
76.2	-0.00108854
76.3	-0.00111595
76.4	-0.00114199
76.5	-0.00116477
76.6	-0.0011856
76.7	-0.00120534
76.8	-0.00122721
76.9	-0.00125308
77	-0.00128243
77.1	-0.00131321
77.2	-0.00134628
77.3	-0.00138067
77.4	-0.00141151
77.5	-0.00144159
77.6	-0.00147283
77.7	-0.00150164
77.8	-0.0015269
77.9	-0.00155
78	-0.0015665
78.1	-0.00157716
78.2	-0.00158096
78.3	-0.00158098
78.4	-0.00157696
78.5	-0.00156496
78.6	-0.00154745
78.7	-0.00153738
78.8	-0.00153418
78.9	-0.00153376
79	-0.00153363
79.1	-0.00153309
79.2	-0.00152856
79.3	-0.00152097
79.4	-0.00151163
79.5	-0.00150428
79.6	-0.00150364
79.7	-0.00150423
79.8	-0.00150835
79.9	-0.00151907
80	-0.00153135
80.1	-0.00154867
80.2	-0.0015692
80.3	-0.00159059
80.4	-0.00161429
80.5	-0.0016371
80.6	-0.00165877
80.7	-0.00168367
80.8	-0.00171267
80.9	-0.0017397
81	-0.00176813
81.1	-0.00179352
81.2	-0.00181588
81.3	-0.00184228
81.4	-0.00187108
81.5	-0.00190318
81.6	-0.00193762
81.7	-0.00197225
81.8	-0.00200398
81.9	-0.00203218
82	-0.00205644
82.1	-0.00207532
82.2	-0.00209514
82.3	-0.00211779
82.4	-0.0021413
82.5	-0.00215973
82.6	-0.00217641
82.7	-0.00219545
82.8	-0.00221906
82.9	-0.00224212
83	-0.00226602
83.1	-0.00229006
83.2	-0.00231085
83.3	-0.00232736
83.4	-0.00234241
83.5	-0.00235376
83.6	-0.00236601
83.7	-0.00238006
83.8	-0.00239442
83.9	-0.00240566
84	-0.0024142
84.1	-0.00242312
84.2	-0.00243318
84.3	-0.00244261
84.4	-0.00244877
84.5	-0.00245589
84.6	-0.0024618
84.7	-0.00246409
84.8	-0.00246551
84.9	-0.00247041
85	-0.00247573
85.1	-0.00248184
85.2	-0.00248834
85.3	-0.00249812
85.4	-0.00250742
85.5	-0.00251417
85.6	-0.00251944
85.7	-0.00252776
85.8	-0.00252957
85.9	-0.00252872
86	-0.00251957
86.1	-0.002506
86.2	-0.00249149
86.3	-0.00247768
86.4	-0.00246356
86.5	-0.00244888
86.6	-0.00243142
86.7	-0.00241394
86.8	-0.00239766
86.9	-0.00237744
87	-0.00235845
87.1	-0.00234283
87.2	-0.00232629
87.3	-0.00230828
87.4	-0.00228814
87.5	-0.00227081
87.6	-0.00225751
87.7	-0.00224719
87.8	-0.00223465
87.9	-0.00222262
88	-0.00221146
88.1	-0.00220234
88.2	-0.00219659
88.3	-0.00219213
88.4	-0.00218928
88.5	-0.00218508
88.6	-0.0021796
88.7	-0.00218107
88.8	-0.00218125
88.9	-0.00218225
89	-0.00218539
89.1	-0.00218953
89.2	-0.00219106
89.3	-0.00218605
89.4	-0.0021829
89.5	-0.00217949
89.6	-0.00217145
89.7	-0.00216571
89.8	-0.00216387
89.9	-0.00216212
90	-0.00216082
90.1	-0.00215779
90.2	-0.00214983
90.3	-0.00213677
90.4	-0.00212238
90.5	-0.00210647
90.6	-0.00208443
90.7	-0.00206138
90.8	-0.00203853
90.9	-0.00200868
91	-0.00197494
91.1	-0.00194479
91.2	-0.00191684
91.3	-0.0018909
91.4	-0.00186651
91.5	-0.00184089
91.6	-0.00181749
91.7	-0.00180107
91.8	-0.00179113
91.9	-0.00178914
92	-0.00178867
92.1	-0.0017853
92.2	-0.00177997
92.3	-0.00177776
92.4	-0.00177813
92.5	-0.0017773
92.6	-0.00177431
92.7	-0.00177229
92.8	-0.00177549
92.9	-0.00178465
93	-0.00179694
93.1	-0.00181763
93.2	-0.00184932
93.3	-0.0018853
93.4	-0.00192465
93.5	-0.00196577
93.6	-0.00200516
93.7	-0.0020409
93.8	-0.0020732
93.9	-0.00210212
94	-0.00212603
94.1	-0.00214879
94.2	-0.00217152
94.3	-0.00219624
94.4	-0.00221991
94.5	-0.0022433
94.6	-0.00226284
94.7	-0.00228111
94.8	-0.00230046
94.9	-0.00232164
95	-0.0023427
95.1	-0.0023617
95.2	-0.00237754
95.3	-0.00239364
95.4	-0.00241019
95.5	-0.0024275
95.6	-0.00245121
95.7	-0.00247864
95.8	-0.00250833
95.9	-0.00253844
96	-0.0025719
96.1	-0.00260606
96.2	-0.00264258
96.3	-0.00267888
96.4	-0.00271399
96.5	-0.00275072
96.6	-0.0027909
96.7	-0.00282704
96.8	-0.00285755
96.9	-0.00288248
97	-0.00290621
97.1	-0.00293062
97.2	-0.00296124
97.3	-0.00299026
97.4	-0.00301935
97.5	-0.00304866
97.6	-0.00307594
97.7	-0.00310296
97.8	-0.00312928
97.9	-0.00315426
98	-0.00317952
98.1	-0.00320742
98.2	-0.00323697
98.3	-0.00326783
98.4	-0.0032975
98.5	-0.00332157
98.6	-0.00333907
98.7	-0.00335282
98.8	-0.0033648
98.9	-0.0033736
99	-0.00337858
99.1	-0.00337875
99.2	-0.00337791
99.3	-0.00338027
99.4	-0.00338332
99.5	-0.00338582
99.6	-0.00338669
99.7	-0.00338418
99.8	-0.00337734
99.9	-0.00336364
100	-0.00334453
100.1	-0.00332348
100.2	-0.00330342
100.3	-0.00328533
100.4	-0.00326572
100.5	-0.00324379
100.6	-0.00322043
100.7	-0.00319763
100.8	-0.00317333
100.9	-0.0031502
101	-0.00313013
101.1	-0.00311533
101.2	-0.0031083
101.3	-0.00310945
101.4	-0.00311543
101.5	-0.00312702
101.6	-0.00313503
101.7	-0.00314037
101.8	-0.00314493
101.9	-0.0031554
102	-0.00317136
102.1	-0.003193
102.2	-0.00322125
102.3	-0.00324919
102.4	-0.00327537
102.5	-0.00329378
102.6	-0.00330592
102.7	-0.00331522
102.8	-0.003327
102.9	-0.00334033
103	-0.00335147
103.1	-0.00336205
103.2	-0.00337225
103.3	-0.00338212
103.4	-0.00339076
103.5	-0.00339732
103.6	-0.00340384
103.7	-0.00341214
103.8	-0.00342467
103.9	-0.00344187
104	-0.00345739
104.1	-0.00346972
104.2	-0.0034834
104.3	-0.00349994
104.4	-0.00352026
104.5	-0.00354542
104.6	-0.00356912
104.7	-0.00359225
104.8	-0.00361876
104.9	-0.00364358
105	-0.00366886
105.1	-0.00369673
105.2	-0.00372545
105.3	-0.00375516
105.4	-0.00378623
105.5	-0.00381817
105.6	-0.00384418
105.7	-0.00386231
105.8	-0.00387627
105.9	-0.00388811
106	-0.00389955
106.1	-0.00391172
106.2	-0.00392212
106.3	-0.0039286
106.4	-0.00393345
106.5	-0.00393619
106.6	-0.00393896
106.7	-0.00394321
106.8	-0.00395102
106.9	-0.00396014
107	-0.00396172
107.1	-0.00396148
107.2	-0.00395955
107.3	-0.00395813
107.4	-0.00395784
107.5	-0.00395837
107.6	-0.00395974
107.7	-0.00396654
107.8	-0.00397849
107.9	-0.00398753
108	-0.00399456
108.1	-0.00400228
108.2	-0.0040078
108.3	-0.00401338
108.4	-0.00401623
108.5	-0.00401887
108.6	-0.00402001
108.7	-0.00402404
108.8	-0.00402861
108.9	-0.004032
109	-0.00402994
109.1	-0.00402077
109.2	-0.00400739
109.3	-0.0039937
109.4	-0.00398058
109.5	-0.00397288
109.6	-0.00396709
109.7	-0.00396076
109.8	-0.0039536
109.9	-0.00394142
110	-0.00392602
110.1	-0.00390917
110.2	-0.00388728
110.3	-0.00386609
110.4	-0.00384405
110.5	-0.00382257
110.6	-0.00380528
110.7	-0.00379011
110.8	-0.00377954
110.9	-0.00376917
111	-0.00375566
111.1	-0.00373763
111.2	-0.00371432
111.3	-0.00368766
111.4	-0.00366127
111.5	-0.00363505
111.6	-0.00360909
111.7	-0.00358208
111.8	-0.00356093
111.9	-0.00354047
112	-0.00352039
112.1	-0.00350573
112.2	-0.0034921
112.3	-0.00347793
112.4	-0.00346095
112.5	-0.00344231
112.6	-0.00342483
112.7	-0.00341119
112.8	-0.00340329
112.9	-0.0033997
113	-0.00340554
113.1	-0.00341379
113.2	-0.00342149
113.3	-0.00342432
113.4	-0.00342582
113.5	-0.00342738
113.6	-0.00342673
113.7	-0.00342929
113.8	-0.00343405
113.9	-0.0034362
114	-0.0034366
114.1	-0.00343287
114.2	-0.00342939
114.3	-0.00342547
114.4	-0.00341871
114.5	-0.00341554
114.6	-0.00341617
114.7	-0.00341798
114.8	-0.00342295
114.9	-0.00342578
115	-0.00342534
115.1	-0.00342655
115.2	-0.00342994
115.3	-0.00343409
115.4	-0.00344
115.5	-0.00344275
115.6	-0.00344728
115.7	-0.00345348
115.8	-0.0034619
115.9	-0.00347195
116	-0.00347946
116.1	-0.00348629
116.2	-0.00348782
116.3	-0.00348536
116.4	-0.00347811
116.5	-0.00346814
116.6	-0.0034595
116.7	-0.00345476
116.8	-0.00344881
116.9	-0.00344398
117	-0.00343723
117.1	-0.00342706
117.2	-0.00341125
117.3	-0.00339098
117.4	-0.00337092
117.5	-0.00334791
117.6	-0.00331891
117.7	-0.00328975
117.8	-0.00325701
117.9	-0.00322122
118	-0.00318235
118.1	-0.00313271
118.2	-0.00307801
118.3	-0.00302239
118.4	-0.00296766
118.5	-0.0029153
118.6	-0.00287005
118.7	-0.00283113
118.8	-0.00278884
118.9	-0.00274608
119	-0.00270156
119.1	-0.00265644
119.2	-0.00260894
119.3	-0.00256145
119.4	-0.0025141
119.5	-0.00246598
119.6	-0.00241662
119.7	-0.00236115
119.8	-0.00230479
119.9	-0.00224615
120	-0.00218474
120.1	-0.00212143
120.2	-0.0020509
120.3	-0.00197909
120.4	-0.00191032
120.5	-0.00184577
120.6	-0.00178776
120.7	-0.00172918
120.8	-0.00167573
120.9	-0.0016296
121	-0.00159124
121.1	-0.00155911
121.2	-0.00153263
121.3	-0.00151165
121.4	-0.00149519
121.5	-0.00148093
121.6	-0.0014696
121.7	-0.00145898
121.8	-0.00144701
121.9	-0.00143764
122	-0.00142864
122.1	-0.0014197
122.2	-0.00141059
122.3	-0.00140616
122.4	-0.00140383
122.5	-0.00140493
122.6	-0.00140452
122.7	-0.00140351
122.8	-0.00140539
122.9	-0.00140856
123	-0.00141222
123.1	-0.00141598
123.2	-0.00142495
123.3	-0.00143819
123.4	-0.00145064
123.5	-0.00146301
123.6	-0.00147468
123.7	-0.00148837
123.8	-0.00149973
123.9	-0.00151369
124	-0.00152872
124.1	-0.00154621
124.2	-0.00156321
124.3	-0.0015804
124.4	-0.00159453
124.5	-0.00160799
124.6	-0.00162356
124.7	-0.00163767
124.8	-0.00164855
124.9	-0.00165905
125	-0.00167315
125.1	-0.0016873
125.2	-0.00170069
125.3	-0.0017124
125.4	-0.00172108
125.5	-0.00173132
125.6	-0.00174397
125.7	-0.00175944
125.8	-0.00177916
125.9	-0.00180508
126	-0.00183943
126.1	-0.0018773
126.2	-0.00191632
126.3	-0.00195705
126.4	-0.00199346
126.5	-0.00202729
126.6	-0.00205754
126.7	-0.00208754
126.8	-0.00211795
126.9	-0.00214529
127	-0.00217005
127.1	-0.00219081
127.2	-0.00220364
127.3	-0.00221353
127.4	-0.00222646
127.5	-0.00223927
127.6	-0.00225112
127.7	-0.00226322
127.8	-0.00227274
127.9	-0.00227239
128	-0.00227267
128.1	-0.00227409
128.2	-0.00227517
128.3	-0.00227366
128.4	-0.002272
128.5	-0.00227146
128.6	-0.00227088
128.7	-0.00227039
128.8	-0.00227044
128.9	-0.00227506
129	-0.00228633
129.1	-0.00230101
129.2	-0.00232013
129.3	-0.00233906
129.4	-0.00235785
129.5	-0.00237738
129.6	-0.00239241
129.7	-0.00240595
129.8	-0.00241928
129.9	-0.00243311
130	-0.00244542
130.1	-0.0024552
130.2	-0.00246147
130.3	-0.00246728
130.4	-0.00247521
130.5	-0.00248483
130.6	-0.00249171
130.7	-0.00249574
130.8	-0.00249975
130.9	-0.00250529
131	-0.00250499
131.1	-0.00249936
131.2	-0.00249124
131.3	-0.00248136
131.4	-0.00247199
131.5	-0.00246535
131.6	-0.00245403
131.7	-0.00243948
131.8	-0.00242187
131.9	-0.00240187
132	-0.00238162
132.1	-0.00236258
132.2	-0.00233744
132.3	-0.00231209
132.4	-0.00228089
132.5	-0.002247
132.6	-0.00220893
132.7	-0.00216713
132.8	-0.00212377
132.9	-0.00207946
133	-0.00203481
133.1	-0.00199184
133.2	-0.00195507
133.3	-0.00192562
133.4	-0.00190215
133.5	-0.00188172
133.6	-0.00186098
133.7	-0.0018412
133.8	-0.00182278
133.9	-0.00180772
134	-0.00179496
134.1	-0.00178532
134.2	-0.00177951
134.3	-0.00177673
134.4	-0.00177572
134.5	-0.00177005
134.6	-0.00176088
134.7	-0.00174989
134.8	-0.00173448
134.9	-0.0017161
135	-0.00169683
135.1	-0.00167578
135.2	-0.0016553
135.3	-0.00163515
135.4	-0.00161393
135.5	-0.00158564
135.6	-0.00155148
135.7	-0.00151701
135.8	-0.00148277
135.9	-0.00144958
136	-0.0014164
136.1	-0.00138059
136.2	-0.00134915
136.3	-0.00131927
136.4	-0.00129534
136.5	-0.00127682
136.6	-0.00126558
136.7	-0.0012533
136.8	-0.00123761
136.9	-0.00122404
137	-0.00121122
137.1	-0.00119273
137.2	-0.00117306
137.3	-0.00115083
137.4	-0.00113293
137.5	-0.00111232
137.6	-0.00108869
137.7	-0.0010586
137.8	-0.00102959
137.9	-0.00100028
138	-0.000975939
138.1	-0.000955639
138.2	-0.000938418
138.3	-0.000926501
138.4	-0.000913894
138.5	-0.000899925
138.6	-0.000887482
138.7	-0.000876922
138.8	-0.000867293
138.9	-0.000851867
139	-0.000833163
139.1	-0.000814357
139.2	-0.000794216
139.3	-0.000771898
139.4	-0.000751665
139.5	-0.000731051
139.6	-0.000703767
139.7	-0.00067194
139.8	-0.00063593
139.9	-0.000592754
140	-0.00054177
140.1	-0.000489321
140.2	-0.000438005
140.3	-0.00038942
140.4	-0.000337376
140.5	-0.000283372
140.6	-0.000230211
140.7	-0.000177964
140.8	-0.000128445
140.9	-8.50683e-05
141	-4.44466e-05
141.1	-3.36915e-06
141.2	3.72782e-05
141.3	8.12532e-05
141.4	0.000127131
141.5	0.000169801
141.6	0.000203172
141.7	0.000235315
141.8	0.000267635
141.9	0.00030169
142	0.00033913
142.1	0.000376839
142.2	0.000413342
142.3	0.000448591
142.4	0.000480686
142.5	0.000505331
142.6	0.000525534
142.7	0.000548566
142.8	0.000573013
142.9	0.000595161
143	0.000614682
143.1	0.000633191
143.2	0.000649689
143.3	0.000666952
143.4	0.000686046
143.5	0.00070969
143.6	0.000733686
143.7	0.000754963
143.8	0.000775042
143.9	0.000792252
144	0.000806696
144.1	0.000812524
144.2	0.000811222
144.3	0.000804547
144.4	0.00079692
144.5	0.000786663
144.6	0.000775588
144.7	0.000766658
144.8	0.000762681
144.9	0.000755179
145	0.000748931
145.1	0.000737563
145.2	0.000727359
145.3	0.000723316
145.4	0.000730723
145.5	0.000739132
145.6	0.000745771
145.7	0.000751672
145.8	0.000751769
145.9	0.000750783
146	0.000750143
146.1	0.000747869
146.2	0.000749813
146.3	0.000752979
146.4	0.00075444
146.5	0.000753669
146.6	0.000752648
146.7	0.000748876
146.8	0.000743282
146.9	0.000736727
147	0.0007239
147.1	0.000709639
147.2	0.000695149
147.3	0.000682615
147.4	0.000679494
147.5	0.000681358
147.6	0.000681664
147.7	0.000679869
147.8	0.000680216
147.9	0.000687285
148	0.000702796
148.1	0.000721822
148.2	0.00074412
148.3	0.000767527
148.4	0.000788083
148.5	0.000806654
148.6	0.000825837
148.7	0.000841589
148.8	0.000854613
148.9	0.000868356
149	0.00088394
149.1	0.000900464
149.2	0.000914354
149.3	0.00093292
149.4	0.000951552
149.5	0.00096818
149.6	0.000982489
149.7	0.000999541
149.8	0.00101824
149.9	0.00103279
150	0.0010452
150.1	0.00105464
150.2	0.00106431
150.3	0.00107046
150.4	0.00107673
150.5	0.00108505
150.6	0.0010932
150.7	0.00109962
150.8	0.0011052
150.9	0.00111118
151	0.00111762
151.1	0.00112887
151.2	0.00114533
151.3	0.00116002
151.4	0.00117318
151.5	0.00118281
151.6	0.001192
151.7	0.00120356
151.8	0.00121391
151.9	0.00121913
152	0.00121766
152.1	0.00121556
152.2	0.00121709
152.3	0.00121626
152.4	0.00120987
152.5	0.00120028
152.6	0.00118655
152.7	0.00117383
152.8	0.0011585
152.9	0.00114127
153	0.00112068
153.1	0.00109223
153.2	0.00105868
153.3	0.0010242
153.4	0.000994227
153.5	0.000966072
153.6	0.000942924
153.7	0.000918358
153.8	0.000892097
153.9	0.000864226
154	0.000831876
154.1	0.00079578
154.2	0.00075339
154.3	0.000704263
154.4	0.00065547
154.5	0.000607905
154.6	0.000559682
154.7	0.000513366
154.8	0.000471819
154.9	0.000429119
155	0.000385175
155.1	0.000340541
155.2	0.000293521
155.3	0.000243636
155.4	0.0001917
155.5	0.000140498
155.6	8.71438e-05
155.7	3.10477e-05
155.8	-2.57398e-05
155.9	-8.47384e-05
156	-0.000146017
156.1	-0.000214158
156.2	-0.000279237
156.3	-0.000341864
156.4	-0.000402221
156.5	-0.000461081
156.6	-0.000523831
156.7	-0.000586437
156.8	-0.000644373
156.9	-0.000699433
157	-0.000753095
157.1	-0.00080848
157.2	-0.000861904
157.3	-0.000915179
157.4	-0.000968642
157.5	-0.00102016
157.6	-0.00107012
157.7	-0.00111499
157.8	-0.00115536
157.9	-0.0011935
158	-0.0012343
158.1	-0.0012697
158.2	-0.00130084
158.3	-0.00133227
158.4	-0.00136322
158.5	-0.00139056
158.6	-0.00141738
158.7	-0.00144321
158.8	-0.00146822
158.9	-0.00149208
159	-0.00150763
159.1	-0.00151642
159.2	-0.00152253
159.3	-0.00152993
159.4	-0.00154163
159.5	-0.00155284
159.6	-0.00156388
159.7	-0.00158067
159.8	-0.00160651
159.9	-0.00163798
160	-0.00166922
160.1	-0.001693
160.2	-0.00171078
160.3	-0.00172624
160.4	-0.00174126
160.5	-0.00175517
160.6	-0.00176843
160.7	-0.0017825
160.8	-0.00179562
160.9	-0.00180459
161	-0.00181384
161.1	-0.00182505
161.2	-0.00183469
161.3	-0.00183819
161.4	-0.00183364
161.5	-0.00182896
161.6	-0.00182481
161.7	-0.00182572
161.8	-0.00183027
161.9	-0.00184026
162	-0.0018497
162.1	-0.00185964
162.2	-0.00186792
162.3	-0.00187298
162.4	-0.00187502
162.5	-0.0018748
162.6	-0.00186817
162.7	-0.00185542
162.8	-0.00183814
162.9	-0.00181916
163	-0.00179992
163.1	-0.00178042
163.2	-0.00176113
163.3	-0.00174576
163.4	-0.00173323
163.5	-0.00172361
163.6	-0.00171162
163.7	-0.00169931
163.8	-0.00169034
163.9	-0.00168738
164	-0.00168572
164.1	-0.00168271
164.2	-0.00168287
164.3	-0.00168483
164.4	-0.00168472
164.5	-0.00168484
164.6	-0.00168834
164.7	-0.00169417
164.8	-0.00170453
164.9	-0.00171775
165	-0.00172917
165.1	-0.00173694
165.2	-0.0017447
165.3	-0.00175293
165.4	-0.00175985
165.5	-0.00176026
165.6	-0.00175406
165.7	-0.00174353
165.8	-0.00173028
165.9	-0.0017164
166	-0.0017032
166.1	-0.00169285
166.2	-0.00168397
166.3	-0.00167586
166.4	-0.00167197
166.5	-0.00167287
166.6	-0.00167511
166.7	-0.00168132
166.8	-0.00168486
166.9	-0.00168723
167	-0.00169073
167.1	-0.0016949
167.2	-0.00169592
167.3	-0.00169494
167.4	-0.00168518
167.5	-0.00167619
167.6	-0.0016688
167.7	-0.00166176
167.8	-0.0016535
167.9	-0.00163752
168	-0.00161888
168.1	-0.00160061
168.2	-0.00158395
168.3	-0.00157153
168.4	-0.00156785
168.5	-0.00157639
168.6	-0.00159061
168.7	-0.00161006
168.8	-0.00163336
168.9	-0.00165808
169	-0.00167752
169.1	-0.00169447
169.2	-0.00171007
169.3	-0.00172623
169.4	-0.00174279
169.5	-0.00175831
169.6	-0.00177084
169.7	-0.00177714
169.8	-0.00177965
169.9	-0.00178056
170	-0.00178393
170.1	-0.00178881
170.2	-0.00179261
170.3	-0.0017955
170.4	-0.00179632
170.5	-0.00179908
170.6	-0.00180468
170.7	-0.00181266
170.8	-0.00182412
170.9	-0.00183475
171	-0.00184499
171.1	-0.00185618
171.2	-0.00186954
171.3	-0.00187901
171.4	-0.0018807
171.5	-0.00188245
171.6	-0.00188919
171.7	-0.00189941
171.8	-0.00191291
171.9	-0.00192433
172	-0.00193042
172.1	-0.00192825
172.2	-0.00192246
172.3	-0.00191322
172.4	-0.00190205
172.5	-0.00188636
172.6	-0.00187045
172.7	-0.00185695
172.8	-0.00184224
172.9	-0.00182442
173	-0.00180779
173.1	-0.00179395
173.2	-0.00178215
173.3	-0.00176887
173.4	-0.00175306
173.5	-0.00173477
173.6	-0.00171314
173.7	-0.00168686
173.8	-0.00166388
173.9	-0.00164063
174	-0.0016152
174.1	-0.00158765
174.2	-0.00156068
174.3	-0.00153554
174.4	-0.00151542
174.5	-0.00149673
174.6	-0.00147989
174.7	-0.00146082
174.8	-0.00144012
174.9	-0.00142331
175	-0.00141422
175.1	-0.00141129
175.2	-0.00141492
175.3	-0.00142103
175.4	-0.00142488
175.5	-0.0014252
175.6	-0.00142627
175.7	-0.00142862
175.8	-0.00142947
175.9	-0.00143095
176	-0.00143252
176.1	-0.00143047
176.2	-0.00142876
176.3	-0.00142619
176.4	-0.00142388
176.5	-0.00142295
176.6	-0.00142273
176.7	-0.00142458
176.8	-0.00143334
176.9	-0.00144686
177	-0.00146279
177.1	-0.001482
177.2	-0.00150152
177.3	-0.00151992
177.4	-0.00153358
177.5	-0.00154693
177.6	-0.00156042
177.7	-0.00157188
177.8	-0.00158586
177.9	-0.00160413
178	-0.00162822
178.1	-0.00165512
178.2	-0.0016751
178.3	-0.00169111
178.4	-0.00170917
178.5	-0.00172548
178.6	-0.00173635
178.7	-0.00174146
178.8	-0.00174078
178.9	-0.00173569
179	-0.00172791
179.1	-0.0017196
179.2	-0.00170931
179.3	-0.00169878
179.4	-0.001696
179.5	-0.00169731
179.6	-0.00170351
179.7	-0.00171068
179.8	-0.00172234
179.9	-0.00173573
180	-0.0017464
180.1	-0.00175299
180.2	-0.00176262
180.3	-0.00177298
180.4	-0.00178296
180.5	-0.00179074
180.6	-0.00179146
180.7	-0.00179119
180.8	-0.00179028
180.9	-0.00179137
181	-0.00179162
181.1	-0.00179441
181.2	-0.00179727
181.3	-0.00179901
181.4	-0.00180132
181.5	-0.0018009
181.6	-0.00179484
181.7	-0.00178647
181.8	-0.0017774
181.9	-0.00176734
182	-0.00175429
182.1	-0.00173432
182.2	-0.00170913
182.3	-0.00168112
182.4	-0.00164927
182.5	-0.00161094
182.6	-0.00157148
182.7	-0.00153323
182.8	-0.00150098
182.9	-0.0014698
183	-0.00144245
183.1	-0.00141791
183.2	-0.00139577
183.3	-0.00137646
183.4	-0.00136207
183.5	-0.00135034
183.6	-0.00134126
183.7	-0.0013313
183.8	-0.0013227
183.9	-0.00131883
184	-0.00132194
184.1	-0.0013308
184.2	-0.00134566
184.3	-0.00136216
184.4	-0.00137748
184.5	-0.00138741
184.6	-0.00139712
184.7	-0.00140535
184.8	-0.00141144
184.9	-0.00141701
185	-0.00142426
185.1	-0.00142884
185.2	-0.00143316
185.3	-0.00144032
185.4	-0.00144714
185.5	-0.00145367
185.6	-0.00145727
185.7	-0.00146044
185.8	-0.00146428
185.9	-0.00146393
186	-0.00146661
186.1	-0.0014749
186.2	-0.00148367
186.3	-0.00149265
186.4	-0.00150024
186.5	-0.00150423
186.6	-0.00150833
186.7	-0.00151081
186.8	-0.00150892
186.9	-0.00150753
187	-0.00150277
187.1	-0.00149759
187.2	-0.00149374
187.3	-0.00149405
187.4	-0.00149729
187.5	-0.0014999
187.6	-0.00150319
187.7	-0.00150552
187.8	-0.00151003
187.9	-0.00151477
188	-0.00151867
188.1	-0.00152039
188.2	-0.00151946
188.3	-0.00151984
188.4	-0.00152144
188.5	-0.0015212
188.6	-0.00151831
188.7	-0.00151315
188.8	-0.00151078
188.9	-0.00150839
189	-0.00150224
189.1	-0.00149366
189.2	-0.00148027
189.3	-0.00146023
189.4	-0.00143892
189.5	-0.00141739
189.6	-0.00139728
189.7	-0.00137989
189.8	-0.00136565
189.9	-0.00135402
190	-0.00134081
190.1	-0.00132488
190.2	-0.00130547
190.3	-0.00128318
190.4	-0.00125836
190.5	-0.00123335
190.6	-0.00120569
190.7	-0.00118021
190.8	-0.00116203
190.9	-0.00114704
191	-0.00113608
191.1	-0.00112557
191.2	-0.00111672
191.3	-0.00111153
191.4	-0.00110428
191.5	-0.00109285
191.6	-0.00107703
191.7	-0.00106073
191.8	-0.00104103
191.9	-0.0010163
192	-0.000990245
192.1	-0.000964448
192.2	-0.000940761
192.3	-0.000914703
192.4	-0.000885799
192.5	-0.000855311
192.6	-0.000820041
192.7	-0.000782115
192.8	-0.000741897
192.9	-0.000704332
193	-0.000666171
193.1	-0.000620981
193.2	-0.00056952
193.3	-0.000517731
193.4	-0.000463215
193.5	-0.000409134
193.6	-0.000361362
193.7	-0.000320976
193.8	-0.000282722
193.9	-0.000245332
194	-0.000212516
194.1	-0.000183618
194.2	-0.000155641
194.3	-0.000125508
194.4	-9.66523e-05
194.5	-6.74055e-05
194.6	-3.45635e-05
194.7	5.19093e-06
194.8	4.7104e-05
194.9	8.65506e-05
195	0.000125936
195.1	0.000162128
195.2	0.000192677
195.3	0.000222538
195.4	0.000255633
195.5	0.000290119
195.6	0.000329456
195.7	0.000374042
195.8	0.000422408
195.9	0.000471169
196	0.000519924
196.1	0.000567422
196.2	0.000613584
196.3	0.000658046
196.4	0.000702506
196.5	0.000746286
196.6	0.000787672
196.7	0.000827772
196.8	0.000866605
196.9	0.000896252
197	0.000922011
197.1	0.000947357
197.2	0.000971927
197.3	0.000995545
197.4	0.00101909
197.5	0.00104487
197.6	0.00106711
197.7	0.00108887
197.8	0.00110641
197.9	0.00112148
198	0.0011346
198.1	0.00114728
198.2	0.00115743
198.3	0.00116751
198.4	0.00118007
198.5	0.00120119
198.6	0.00122829
198.7	0.00125739
198.8	0.00128674
198.9	0.00131969
199	0.00135524
199.1	0.0013903
199.2	0.00142359
199.3	0.00145436
199.4	0.00148508
199.5	0.00151535
199.6	0.00154804
199.7	0.00158255
199.8	0.00161322
199.9	0.00164394
200	0.0016808
200.1	0.00171768
200.2	0.00175723
200.3	0.00180042
200.4	0.0018446
200.5	0.00189395
200.6	0.00194694
200.7	0.00200272
200.8	0.00205998
200.9	0.00211936
201	0.00217509
201.1	0.0022253
201.2	0.00226447
201.3	0.00229497
201.4	0.00232014
201.5	0.00234142
201.6	0.00235623
201.7	0.00237198
201.8	0.00238989
201.9	0.00241023
202	0.00243441
202.1	0.00245672
202.2	0.0024799
202.3	0.00250756
202.4	0.00253832
202.5	0.00256229
202.6	0.0025815
202.7	0.00259947
202.8	0.0026154
202.9	0.00262808
203	0.00263944
203.1	0.00265033
203.2	0.00265823
203.3	0.00266199
203.4	0.00266239
203.5	0.00266787
203.6	0.0026759
203.7	0.00268427
203.8	0.00269235
203.9	0.00270397
204	0.00271178
204.1	0.00272577
204.2	0.00274166
204.3	0.00275662
204.4	0.00276784
204.5	0.00277459
204.6	0.00278384
204.7	0.00279661
204.8	0.00281262
204.9	0.00282949
205	0.00284359
205.1	0.00285315
205.2	0.00285791
205.3	0.00286096
205.4	0.00286299
205.5	0.00286513
205.6	0.00286398
205.7	0.00286133
205.8	0.00285959
205.9	0.00285784
206	0.00285782
206.1	0.00285907
206.2	0.00286347
206.3	0.00287103
206.4	0.00288065
206.5	0.00288746
206.6	0.00289328
206.7	0.00289582
206.8	0.00289485
206.9	0.00289311
207	0.00289017
207.1	0.00289314
207.2	0.00289537
207.3	0.0028981
207.4	0.00290021
207.5	0.00290664
207.6	0.00292123
207.7	0.00293642
207.8	0.00295068
207.9	0.00296183
208	0.00297256
208.1	0.00298264
208.2	0.00299559
208.3	0.00300979
208.4	0.00302678
208.5	0.00304258
208.6	0.00305978
208.7	0.00307688
208.8	0.00309469
208.9	0.00311301
209	0.00313947
209.1	0.00316699
209.2	0.00318932
209.3	0.00321099
209.4	0.00322965
209.5	0.00324907
209.6	0.00326955
209.7	0.0032906
209.8	0.00331167
209.9	0.00333609
210	0.00336351
210.1	0.00339613
210.2	0.00343308
210.3	0.00346661
210.4	0.00349756
210.5	0.00352864
210.6	0.00356367
210.7	0.00359858
210.8	0.00363447
210.9	0.00366463
211	0.00369773
211.1	0.00372945
211.2	0.00376065
211.3	0.0037933
211.4	0.00382226
211.5	0.00384779
211.6	0.00387061
211.7	0.00389078
211.8	0.00390378
211.9	0.00390951
212	0.00391029
212.1	0.00390662
212.2	0.0039046
212.3	0.0039092
212.4	0.00391747
212.5	0.00393042
212.6	0.00394719
212.7	0.00396432
212.8	0.0039748
212.9	0.00398334
213	0.00399799
213.1	0.00400802
213.2	0.00401516
213.3	0.00401868
213.4	0.00401818
213.5	0.00401732
213.6	0.00401462
213.7	0.00401079
213.8	0.00400518
213.9	0.00399246
214	0.00397447
214.1	0.00395411
214.2	0.00393554
214.3	0.00391618
214.4	0.00389859
214.5	0.00388081
214.6	0.00386008
214.7	0.00383584
214.8	0.00380853
214.9	0.00378238
215	0.00376097
215.1	0.00373926
215.2	0.00371923
215.3	0.00369503
215.4	0.00366501
215.5	0.00362871
215.6	0.00358727
215.7	0.00354668
215.8	0.00350643
215.9	0.0034683
216	0.00342912
216.1	0.00339273
216.2	0.00335572
216.3	0.00331735
216.4	0.00327452
216.5	0.00323068
216.6	0.00318539
216.7	0.00313463
216.8	0.00308323
216.9	0.00302868
217	0.00297491
217.1	0.0029228
217.2	0.00287091
217.3	0.00281494
217.4	0.00275464
217.5	0.0027001
217.6	0.00264915
217.7	0.00260276
217.8	0.00256088
217.9	0.002527
218	0.0024978
218.1	0.00246883
218.2	0.00243785
218.3	0.00240687
218.4	0.00237908
218.5	0.00235207
218.6	0.00232097
218.7	0.00228846
218.8	0.00225484
218.9	0.00222301
219	0.0021924
219.1	0.00216473
219.2	0.00214335
219.3	0.00212186
219.4	0.00210018
219.5	0.00208181
219.6	0.00206488
219.7	0.00204626
219.8	0.00202046
219.9	0.00198705
220	0.00194874
220.1	0.00190978
220.2	0.00187001
220.3	0.00182946
220.4	0.00178709
220.5	0.001746
220.6	0.00170758
220.7	0.00167003
220.8	0.0016322
220.9	0.00159641
221	0.00156369
221.1	0.00153787
221.2	0.0015165
221.3	0.00149485
221.4	0.00147275
221.5	0.00145448
221.6	0.00143945
221.7	0.00142422
221.8	0.0014057
221.9	0.00138884
222	0.00137062
222.1	0.00135228
222.2	0.00133943
222.3	0.00133339
222.4	0.00132816
222.5	0.00132734
222.6	0.00133208
222.7	0.00133899
222.8	0.00134364
222.9	0.00134578
223	0.00134932
223.1	0.00135671
223.2	0.00136683
223.3	0.00137572
223.4	0.0013811
223.5	0.00138679
223.6	0.00139384
223.7	0.00140142
223.8	0.00140754
223.9	0.00141456
224	0.00142202
224.1	0.00142893
224.2	0.00143985
224.3	0.0014519
224.4	0.00146365
224.5	0.00147539
224.6	0.00148652
224.7	0.00149557
224.8	0.00150886
224.9	0.00152686
225	0.00154848
225.1	0.00157143
225.2	0.00159521
225.3	0.00161589
225.4	0.00163467
225.5	0.0016496
225.6	0.00165844
225.7	0.00165683
225.8	0.00164911
225.9	0.00163821
226	0.00162385
226.1	0.00160247
226.2	0.00157635
226.3	0.00154978
226.4	0.00152411
226.5	0.00149273
226.6	0.00145853
226.7	0.00142061
226.8	0.00138031
226.9	0.00133986
227	0.00129923
227.1	0.00125706
227.2	0.00121247
227.3	0.00116808
227.4	0.00112307
227.5	0.00108097
227.6	0.00104233
227.7	0.00100965
227.8	0.00098363
227.9	0.000961519
228	0.000937439
228.1	0.00091151
228.2	0.000883115
228.3	0.00085787
228.4	0.000838241
228.5	0.000816257
228.6	0.000792852
228.7	0.000768647
228.8	0.000747693
228.9	0.000733169
229	0.000721108
229.1	0.000710374
229.2	0.000699123
229.3	0.000685861
229.4	0.000669997
229.5	0.000657044
229.6	0.000647788
229.7	0.000639947
229.8	0.000630678
229.9	0.000616794
230	0.000602095
230.1	0.000587639
230.2	0.000579714
230.3	0.00057842
230.4	0.000579786
230.5	0.000578261
230.6	0.000575369
230.7	0.000571565
230.8	0.000569694
230.9	0.000564861
231	0.000559048
231.1	0.000554525
231.2	0.000549061
231.3	0.000543048
231.4	0.000537067
231.5	0.000533749
231.6	0.000533042
231.7	0.00052812
231.8	0.000521305
231.9	0.000513802
232	0.000506993
232.1	0.000501033
232.2	0.000489412
232.3	0.000477347
232.4	0.000467107
232.5	0.000450264
232.6	0.000432784
232.7	0.000411814
232.8	0.00039236
232.9	0.000374294
233	0.000358757
233.1	0.000345858
233.2	0.000336825
233.3	0.000323011
233.4	0.000305609
233.5	0.000288708
233.6	0.000275576
233.7	0.000268075
233.8	0.000266084
233.9	0.000265282
234	0.000263465
234.1	0.000262261
234.2	0.000261807
234.3	0.000261362
234.4	0.000264826
234.5	0.000274145
234.6	0.000283333
234.7	0.000296778
234.8	0.000311318
234.9	0.000318951
235	0.000326283
235.1	0.000335329
235.2	0.000346552
235.3	0.000358457
235.4	0.000369143
235.5	0.000384811
235.6	0.00040636
235.7	0.000432023
235.8	0.00045929
235.9	0.00048669
236	0.000511232
236.1	0.000538384
236.2	0.000570303
236.3	0.000600999
236.4	0.00062671
236.5	0.000646978
236.6	0.00066062
236.7	0.000667757
236.8	0.000671226
236.9	0.000673507
237	0.000672043
237.1	0.000667879
237.2	0.000658441
237.3	0.000644916
237.4	0.000628617
237.5	0.000613309
237.6	0.000598279
237.7	0.00058276
237.8	0.000569816
237.9	0.000562883
238	0.000559836
238.1	0.000562107
238.2	0.000563699
238.3	0.000561202
238.4	0.000552298
238.5	0.000535282
238.6	0.000514647
238.7	0.000495291
238.8	0.000477873
238.9	0.000457997
239	0.000434062
239.1	0.000407487
239.2	0.000377887
239.3	0.000348421
239.4	0.000323952
239.5	0.000302571
239.6	0.000285892
239.7	0.000267429
239.8	0.000248527
239.9	0.000232107
240	0.000215199
240.1	0.000198208
240.2	0.000180171
240.3	0.000163399
240.4	0.000148532
240.5	0.000130238
240.6	0.000113139
240.7	0.000100178
240.8	9.70335e-05
240.9	9.15984e-05
241	8.38119e-05
241.1	7.91748e-05
241.2	7.82731e-05
241.3	7.76886e-05
241.4	7.81845e-05
241.5	7.75404e-05
241.6	7.09654e-05
241.7	6.17316e-05
241.8	5.29702e-05
241.9	4.22254e-05
242	3.51335e-05
242.1	3.73131e-05
242.2	3.8988e-05
242.3	4.20437e-05
242.4	4.57813e-05
242.5	5.24009e-05
242.6	6.32763e-05
242.7	7.64241e-05
242.8	9.64134e-05
242.9	0.000115832
243	0.000134157
243.1	0.000153727
243.2	0.000174005
243.3	0.00019593
243.4	0.000214832
243.5	0.000233298
243.6	0.00024745
243.7	0.000259312
243.8	0.000271264
243.9	0.000283762
244	0.000295482
244.1	0.000302641
244.2	0.000303992
244.3	0.000304302
244.4	0.000305736
244.5	0.000306044
244.6	0.000299595
244.7	0.000289715
244.8	0.000272733
244.9	0.000253945
245	0.000234341
245.1	0.000211096
245.2	0.000189218
245.3	0.000166497
245.4	0.000142184
245.5	0.000113951
245.6	8.51455e-05
245.7	6.01661e-05
245.8	3.92525e-05
245.9	2.12685e-05
246	6.14966e-06
246.1	-6.18625e-06
246.2	-1.69988e-05
246.3	-2.74077e-05
246.4	-3.89765e-05
246.5	-5.21391e-05
246.6	-6.58272e-05
246.7	-7.6952e-05
246.8	-8.48632e-05
246.9	-9.56652e-05
247	-0.00010826
247.1	-0.000124166
247.2	-0.000142593
247.3	-0.00016481
247.4	-0.000187759
247.5	-0.000213782
247.6	-0.000240513
247.7	-0.000274524
247.8	-0.000313908
247.9	-0.000351856
248	-0.000385969
248.1	-0.000417029
248.2	-0.000455179
248.3	-0.000501212
248.4	-0.000549594
248.5	-0.000595377
248.6	-0.000638122
248.7	-0.000677147
248.8	-0.000715412
248.9	-0.000753418
249	-0.000788305
249.1	-0.000822598
249.2	-0.000853338
249.3	-0.000873994
249.4	-0.000890894
249.5	-0.000906309
249.6	-0.000920764
249.7	-0.000935151
249.8	-0.000952359
249.9	-0.00097152
250	-0.000993383
250.1	-0.00101561
250.2	-0.00103571
250.3	-0.00104946
250.4	-0.00105914
250.5	-0.00106535
250.6	-0.00106965
250.7	-0.00107353
250.8	-0.00107356
250.9	-0.00107162
251	-0.00107423
251.1	-0.00107537
251.2	-0.0010773
251.3	-0.00108039
251.4	-0.00108783
251.5	-0.00109851
251.6	-0.00111253
251.7	-0.00113328
251.8	-0.00115701
251.9	-0.00118161
252	-0.00120536
252.1	-0.00122945
252.2	-0.00125099
252.3	-0.00126857
252.4	-0.00128931
252.5	-0.00131333
252.6	-0.00134044
252.7	-0.0013698
252.8	-0.00140134
252.9	-0.00143045
253	-0.00145608
253.1	-0.00148203
253.2	-0.00150746
253.3	-0.0015293
253.4	-0.00154756
253.5	-0.0015611
253.6	-0.00157118
253.7	-0.00157798
253.8	-0.00158145
253.9	-0.00158868
254	-0.00159254
254.1	-0.00159626
254.2	-0.00160094
254.3	-0.00160617
254.4	-0.00161017
254.5	-0.00161214
254.6	-0.00161341
254.7	-0.00161612
254.8	-0.00161919
254.9	-0.00161966
255	-0.00161525
255.1	-0.00161039
255.2	-0.00160812
255.3	-0.0016087
255.4	-0.00160685
255.5	-0.00160659
255.6	-0.00160735
255.7	-0.00160732
255.8	-0.00161101
255.9	-0.00161748
256	-0.00162311
256.1	-0.00163061
256.2	-0.00163702
256.3	-0.00164537
256.4	-0.00165272
256.5	-0.00166156
256.6	-0.00167054
256.7	-0.0016762
256.8	-0.00167871
256.9	-0.00168133
257	-0.00168336
257.1	-0.00169212
257.2	-0.00170927
257.3	-0.0017302
257.4	-0.00175504
257.5	-0.00178234
257.6	-0.00181007
257.7	-0.0018406
257.8	-0.00187251
257.9	-0.00190228
258	-0.00192883
258.1	-0.00195135
258.2	-0.00197503
258.3	-0.00199776
258.4	-0.00201967
258.5	-0.00204038
258.6	-0.00206301
258.7	-0.00208734
258.8	-0.00211686
258.9	-0.0021495
259	-0.0021828
259.1	-0.00221991
259.2	-0.00225456
259.3	-0.0022907
259.4	-0.00232848
259.5	-0.00236856
259.6	-0.00241104
259.7	-0.00245151
259.8	-0.00248924
259.9	-0.00252822
260	-0.0025676
260.1	-0.00260621
260.2	-0.00264565
260.3	-0.00268698
260.4	-0.0027258
260.5	-0.00276527
260.6	-0.00280723
260.7	-0.0028521
260.8	-0.00290129
260.9	-0.0029515
261	-0.00299873
261.1	-0.00303909
261.2	-0.00307501
261.3	-0.00310807
261.4	-0.00313533
261.5	-0.00315475
261.6	-0.00316634
261.7	-0.00317435
261.8	-0.00318519
261.9	-0.00319361
262	-0.00319954
262.1	-0.00320034
262.2	-0.0031946
262.3	-0.00318374
262.4	-0.00316661
262.5	-0.00314613
262.6	-0.00312564
262.7	-0.00311251
262.8	-0.00309902
262.9	-0.00308129
263	-0.00306311
263.1	-0.00304646
263.2	-0.0030318
263.3	-0.00301931
263.4	-0.00300468
263.5	-0.00298994
263.6	-0.00297366
263.7	-0.00295397
263.8	-0.00292568
263.9	-0.00289864
264	-0.00287439
264.1	-0.00284984
264.2	-0.00282401
264.3	-0.00279596
264.4	-0.00276803
264.5	-0.00273711
264.6	-0.00270278
264.7	-0.0026619
264.8	-0.00262166
264.9	-0.00258403
265	-0.00254264
265.1	-0.00249833
265.2	-0.00244997
265.3	-0.00240238
265.4	-0.00235725
265.5	-0.00231333
265.6	-0.0022688
265.7	-0.00222299
265.8	-0.00217739
265.9	-0.00213204
266	-0.00209046
266.1	-0.00205628
266.2	-0.00202396
266.3	-0.00199029
266.4	-0.00195217
266.5	-0.00191654
266.6	-0.00188319
266.7	-0.00185568
266.8	-0.00183267
266.9	-0.00180982
267	-0.00178831
267.1	-0.00177098
267.2	-0.00175853
267.3	-0.00175404
267.4	-0.00175442
267.5	-0.00175722
267.6	-0.00175913
267.7	-0.00175649
267.8	-0.00174734
267.9	-0.00173438
268	-0.00171797
268.1	-0.00169916
268.2	-0.00167865
268.3	-0.00165857
268.4	-0.00163908
268.5	-0.00161721
268.6	-0.00159284
268.7	-0.00156886
268.8	-0.00154998
268.9	-0.00152912
269	-0.00150475
269.1	-0.00147996
269.2	-0.00145228
269.3	-0.0014237
269.4	-0.00139622
269.5	-0.00137219
269.6	-0.00134626
269.7	-0.00131805
269.8	-0.00129461
269.9	-0.00127296
270	-0.00125537
270.1	-0.00123786
270.2	-0.00122381
270.3	-0.00121224
270.4	-0.00119674
270.5	-0.00118394
270.6	-0.001172
270.7	-0.00116075
270.8	-0.0011486
270.9	-0.00113944
271	-0.00113519
271.1	-0.00113349
271.2	-0.001132
271.3	-0.00112837
271.4	-0.00112396
271.5	-0.00112307
271.6	-0.00112388
271.7	-0.00112514
271.8	-0.00112548
271.9	-0.00113249
272	-0.0011437
272.1	-0.00115566
272.2	-0.00116622
272.3	-0.00117428
272.4	-0.00117784
272.5	-0.00117964
272.6	-0.00118615
272.7	-0.00119643
272.8	-0.00121326
272.9	-0.00123324
273	-0.00125207
273.1	-0.00126837
273.2	-0.00128864
273.3	-0.00130902
273.4	-0.00133181
273.5	-0.00135586
273.6	-0.00137564
273.7	-0.00138801
273.8	-0.00139751
273.9	-0.00140707
274	-0.00141457
274.1	-0.00142328
274.2	-0.00143227
274.3	-0.00144346
274.4	-0.00145244
274.5	-0.00146241
274.6	-0.00147176
274.7	-0.00148219
274.8	-0.00149681
274.9	-0.00151628
275	-0.00153797
275.1	-0.00156253
275.2	-0.001592
275.3	-0.00161781
275.4	-0.00163089
275.5	-0.0016348
275.6	-0.00163654
275.7	-0.00163658
275.8	-0.00163434
275.9	-0.00163435
276	-0.00163132
276.1	-0.00162561
276.2	-0.00162379
276.3	-0.0016198
276.4	-0.00161948
276.5	-0.00162397
276.6	-0.0016295
276.7	-0.001633
276.8	-0.00163551
276.9	-0.00164065
277	-0.00164783
277.1	-0.00165426
277.2	-0.00166056
277.3	-0.00166776
277.4	-0.00167555
277.5	-0.00168351
277.6	-0.00169345
277.7	-0.00170576
277.8	-0.00171703
277.9	-0.00173053
278	-0.00174524
278.1	-0.00175653
278.2	-0.00176668
278.3	-0.00177315
278.4	-0.00177398
278.5	-0.00176989
278.6	-0.00176349
278.7	-0.00175495
278.8	-0.00174384
278.9	-0.00173456
279	-0.00172469
279.1	-0.00171421
279.2	-0.00170686
279.3	-0.00170034
279.4	-0.00169164
279.5	-0.0016802
279.6	-0.00166592
279.7	-0.00165409
279.8	-0.00164014
279.9	-0.00162385
280	-0.00161001
280.1	-0.00159845
280.2	-0.00158769
280.3	-0.00157517
280.4	-0.00155988
280.5	-0.00154433
280.6	-0.00153217
280.7	-0.00152382
280.8	-0.00151941
280.9	-0.00151809
281	-0.00151607
281.1	-0.00151207
281.2	-0.00150901
281.3	-0.00150557
281.4	-0.00150665
281.5	-0.0015153
281.6	-0.00152879
281.7	-0.00154281
281.8	-0.00155157
281.9	-0.00155423
282	-0.00154938
282.1	-0.00154032
282.2	-0.00152653
282.3	-0.00150941
282.4	-0.0014954
282.5	-0.00148523
282.6	-0.00147908
282.7	-0.00147132
282.8	-0.00146317
282.9	-0.00145414
283	-0.00144268
283.1	-0.00143048
283.2	-0.00141316
283.3	-0.00138765
283.4	-0.001355
283.5	-0.00132219
283.6	-0.00128491
283.7	-0.00124584
283.8	-0.00120356
283.9	-0.00116477
284	-0.00113083
284.1	-0.00109741
284.2	-0.00106382
284.3	-0.00102979
284.4	-0.000999979
284.5	-0.000976566
284.6	-0.000958901
284.7	-0.000940916
284.8	-0.000923782
284.9	-0.000911717
285	-0.000903858
285.1	-0.000899621
285.2	-0.000892021
285.3	-0.000883241
285.4	-0.000874657
285.5	-0.000864999
285.6	-0.000857755
285.7	-0.000852959
285.8	-0.000848168
285.9	-0.000834579
286	-0.000810836
286.1	-0.000779459
286.2	-0.000742894
286.3	-0.000704167
286.4	-0.000667218
286.5	-0.000632587
286.6	-0.000599762
286.7	-0.000569583
286.8	-0.000536579
286.9	-0.000500149
287	-0.000456502
287.1	-0.000413142
287.2	-0.000370794
287.3	-0.000331309
287.4	-0.000294838
287.5	-0.000264307
287.6	-0.000230786
287.7	-0.000191731
287.8	-0.000148263
287.9	-9.96443e-05
288	-4.3423e-05
288.1	1.48665e-05
288.2	7.81466e-05
288.3	0.000144842
288.4	0.000221745
288.5	0.000301087
288.6	0.000379627
288.7	0.000457725
288.8	0.000542976
288.9	0.000634897
289	0.000727502
289.1	0.000817152
289.2	0.00090137
289.3	0.000981559
289.4	0.00105695
289.5	0.0011308
289.6	0.00120327
289.7	0.0012783
289.8	0.00135573
289.9	0.00143404
290	0.0015197
290.1	0.00160499
290.2	0.00168892
290.3	0.00177419
290.4	0.00186444
290.5	0.00195046
290.6	0.00203132
290.7	0.00211132
290.8	0.00218942
290.9	0.00226615
291	0.00234015
291.1	0.00240962
291.2	0.00248218
291.3	0.00255282
291.4	0.00262198
291.5	0.0026878
291.6	0.00275009
291.7	0.00280804
291.8	0.00286517
291.9	0.00292184
292	0.00297491
292.1	0.00302735
292.2	0.00307672
292.3	0.0031243
292.4	0.00317308
292.5	0.00322345
292.6	0.00327171
292.7	0.00331481
292.8	0.0033491
292.9	0.00337723
293	0.00340075
293.1	0.00341799
293.2	0.0034344
293.3	0.00345066
293.4	0.00346605
293.5	0.00347999
293.6	0.00349367
293.7	0.00350321
293.8	0.00351186
293.9	0.00352388
294	0.00353848
294.1	0.00355218
294.2	0.00356246
294.3	0.00357026
294.4	0.00357701
294.5	0.00358052
294.6	0.00358271
294.7	0.00358325
294.8	0.00358549
294.9	0.00359017
295	0.00360247
295.1	0.00361892
295.2	0.00363496
295.3	0.00365284
295.4	0.00367004
295.5	0.00368434
295.6	0.00369824
295.7	0.00370845
295.8	0.00371274
295.9	0.00371389
296	0.00371287
296.1	0.00371364
296.2	0.00371718
296.3	0.00371724
296.4	0.00371792
296.5	0.00372492
296.6	0.00373501
296.7	0.0037427
296.8	0.00374536
296.9	0.00374088
297	0.00373311
297.1	0.00372459
297.2	0.00371694
297.3	0.0037071
297.4	0.00369921
297.5	0.00369522
297.6	0.00369652
297.7	0.00370069
297.8	0.0037041
297.9	0.00370544
298	0.00370315
298.1	0.00369756
298.2	0.00369165
298.3	0.00367902
298.4	0.00365872
298.5	0.00363333
298.6	0.00360898
298.7	0.003587
298.8	0.00356763
298.9	0.00354688
299	0.0035254
299.1	0.00350737
299.2	0.00349171
299.3	0.00348057
299.4	0.00346952
299.5	0.00345655
299.6	0.00344
299.7	0.0034177
299.8	0.00338778
299.9	0.00335432
300	0.00332361
300.1	0.0032972
300.2	0.00327581
300.3	0.00325747
300.4	0.00324371
300.5	0.00322792
300.6	0.00321509
300.7	0.00319938
300.8	0.00318041
300.9	0.00315717
301	0.00312966
301.1	0.00309875
301.2	0.00306805
301.3	0.00303528
301.4	0.0029997
301.5	0.00295812
301.6	0.00291366
301.7	0.00286698
301.8	0.00281473
301.9	0.00276313
302	0.00270792
302.1	0.00265538
302.2	0.0026065
302.3	0.00255879
302.4	0.00250691
302.5	0.00245474
302.6	0.00239892
302.7	0.00234612
302.8	0.00229365
302.9	0.00224141
303	0.00219036
303.1	0.00213894
303.2	0.00208539
303.3	0.00203021
303.4	0.00197397
303.5	0.00192071
303.6	0.00187049
303.7	0.00182152
303.8	0.0017765
303.9	0.00173486
304	0.00169084
304.1	0.00164857
304.2	0.00160702
304.3	0.00156394
304.4	0.0015226
304.5	0.00147852
304.6	0.0014349
304.7	0.00139494
304.8	0.00136206
304.9	0.00133508
305	0.00130811
305.1	0.00127941
305.2	0.0012519
305.3	0.00122579
305.4	0.00119924
305.5	0.0011717
305.6	0.00114271
305.7	0.00111185
305.8	0.00108258
305.9	0.00105625
306	0.00103368
306.1	0.00101027
306.2	0.000980485
306.3	0.000951453
306.4	0.000926655
306.5	0.000906874
306.6	0.000890122
306.7	0.000872455
306.8	0.000855352
306.9	0.000833331
307	0.000808496
307.1	0.000784891
307.2	0.00075987
307.3	0.00073214
307.4	0.00070846
307.5	0.000687931
307.6	0.000673066
307.7	0.00065907
307.8	0.000649856
307.9	0.000647641
308	0.000646406
308.1	0.00064427
308.2	0.000640065
308.3	0.00063463
308.4	0.000626878
308.5	0.000616903
308.6	0.000606534
308.7	0.000590355
308.8	0.000572637
308.9	0.000555473
309	0.000541451
309.1	0.000525112
309.2	0.000505835
309.3	0.000484346
309.4	0.000461777
309.5	0.000437468
309.6	0.000409696
309.7	0.000378379
309.8	0.000340211
309.9	0.000297079
310	0.000255291
310.1	0.000213443
310.2	0.000172502
310.3	0.000130947
310.4	9.07411e-05
310.5	5.1874e-05
310.6	8.0293e-06
310.7	-3.71678e-05
310.8	-8.12555e-05
310.9	-0.000123727
311	-0.000166596
311.1	-0.000208541
311.2	-0.000246185
311.3	-0.000284087
311.4	-0.000320493
311.5	-0.000355388
311.6	-0.000382992
311.7	-0.000406045
311.8	-0.000430718
311.9	-0.000453552
312	-0.00047483
312.1	-0.000497824
312.2	-0.00052149
312.3	-0.000538703
312.4	-0.000550473
312.5	-0.000558534
312.6	-0.000564256
312.7	-0.000567819
312.8	-0.000565676
312.9	-0.000563412
313	-0.00056526
313.1	-0.000566912
313.2	-0.000567187
313.3	-0.000565748
313.4	-0.000565205
313.5	-0.000565507
313.6	-0.000565436
313.7	-0.000566144
313.8	-0.000565723
313.9	-0.00056504
314	-0.000565853
314.1	-0.000567406
314.2	-0.00056938
314.3	-0.000572294
314.4	-0.000580069
314.5	-0.000593524
314.6	-0.000611925
314.7	-0.000627641
314.8	-0.000646164
314.9	-0.00066812
315	-0.000687283
315.1	-0.00070589
315.2	-0.000725089
315.3	-0.000746749
315.4	-0.000768763
315.5	-0.000791829
315.6	-0.000811753
315.7	-0.000833823
315.8	-0.000855542
315.9	-0.000878257
316	-0.000903954
316.1	-0.000929366
316.2	-0.000955745
316.3	-0.000983847
316.4	-0.0010131
316.5	-0.00103921
316.6	-0.0010596
316.7	-0.00107475
316.8	-0.00109047
316.9	-0.00110543
317	-0.00112344
317.1	-0.00114494
317.2	-0.00116614
317.3	-0.00118367
317.4	-0.00119851
317.5	-0.00121072
317.6	-0.00122372
317.7	-0.00123667
317.8	-0.00124727
317.9	-0.00125751
318	-0.00126678
318.1	-0.00127727
318.2	-0.00128855
318.3	-0.00129913
318.4	-0.001309
318.5	-0.0013182
318.6	-0.00132523
318.7	-0.00133224
318.8	-0.00133615
318.9	-0.00133872
319	-0.00133234
319.1	-0.00132074
319.2	-0.00130909
319.3	-0.00130086
319.4	-0.00130074
319.5	-0.0013037
319.6	-0.00131024
319.7	-0.00131451
319.8	-0.00132018
319.9	-0.00133119
320	-0.00134815
320.1	-0.00136668
320.2	-0.00139281
320.3	-0.00142486
320.4	-0.00145425
320.5	-0.00148126
320.6	-0.00150495
320.7	-0.00152947
320.8	-0.00155316
320.9	-0.00158307
321	-0.00160995
321.1	-0.00162882
321.2	-0.00164971
321.3	-0.00167021
321.4	-0.00168841
321.5	-0.00170355
321.6	-0.00171916
321.7	-0.0017367
321.8	-0.00175453
321.9	-0.00177325
322	-0.00179088
322.1	-0.00180849
322.2	-0.00182473
322.3	-0.00183791
322.4	-0.00184939
322.5	-0.00185638
322.6	-0.00185966
322.7	-0.00185879
322.8	-0.00185387
322.9	-0.00184957
323	-0.00184007
323.1	-0.00183373
323.2	-0.00182927
323.3	-0.00182356
323.4	-0.00181491
323.5	-0.00180373
323.6	-0.00179372
323.7	-0.00179141
323.8	-0.00179664
323.9	-0.00180708
324	-0.00182047
324.1	-0.00183691
324.2	-0.00185909
324.3	-0.00188807
324.4	-0.00191635
324.5	-0.00194068
324.6	-0.00195804
324.7	-0.00196696
324.8	-0.00196979
324.9	-0.00197182
325	-0.00197176
325.1	-0.00197654
325.2	-0.00197952
325.3	-0.00197681
325.4	-0.00197093
325.5	-0.00196784
325.6	-0.00196795
325.7	-0.00196771
325.8	-0.00196298
325.9	-0.00195695
326	-0.00195402
326.1	-0.00194942
326.2	-0.00193985
326.3	-0.00192432
326.4	-0.00190442
326.5	-0.00189033
326.6	-0.00187591
326.7	-0.00186099
326.8	-0.00184766
326.9	-0.00183333
327	-0.00181862
327.1	-0.00180263
327.2	-0.00178596
327.3	-0.00176945
327.4	-0.00175003
327.5	-0.00172586
327.6	-0.00170304
327.7	-0.00168054
327.8	-0.0016586
327.9	-0.00163341
328	-0.00160816
328.1	-0.00158655
328.2	-0.00156668
328.3	-0.00154804
328.4	-0.00152477
328.5	-0.00149777
328.6	-0.00146525
328.7	-0.00143219
328.8	-0.00140098
328.9	-0.00136874
329	-0.00133976
329.1	-0.00131042
329.2	-0.00127987
329.3	-0.00124665
329.4	-0.00121423
329.5	-0.00118055
329.6	-0.00114601
329.7	-0.00111203
329.8	-0.00107757
329.9	-0.00103882
330	-0.00100024
330.1	-0.000962148
330.2	-0.000926015
330.3	-0.000892386
330.4	-0.000858295
330.5	-0.000826223
330.6	-0.000791359
330.7	-0.000758
330.8	-0.00072622
330.9	-0.000694294
331	-0.000663236
331.1	-0.000637293
331.2	-0.000618694
331.3	-0.000597887
331.4	-0.000574759
331.5	-0.000551125
331.6	-0.000527869
331.7	-0.000503703
331.8	-0.000478666
331.9	-0.000458804
332	-0.000438302
332.1	-0.000414976
332.2	-0.000395166
332.3	-0.000378816
332.4	-0.000365808
332.5	-0.000356404
332.6	-0.000350286
332.7	-0.000343892
332.8	-0.000336535
332.9	-0.000330442
333	-0.000321694
333.1	-0.000308029
333.2	-0.000293072
333.3	-0.000281576
333.4	-0.000272223
333.5	-0.000261326
333.6	-0.000251489
333.7	-0.000243686
333.8	-0.000239324
333.9	-0.00023749
334	-0.000237359
334.1	-0.000240369
334.2	-0.000243791
334.3	-0.000248669
334.4	-0.000256939
334.5	-0.00026657
334.6	-0.00027495
334.7	-0.000283261
334.8	-0.000292258
334.9	-0.0003004
335	-0.000312307
335.1	-0.00032404
335.2	-0.000337234
335.3	-0.000349432
335.4	-0.000359524
335.5	-0.000363911
335.6	-0.000365037
335.7	-0.000364681
335.8	-0.000369052
335.9	-0.000376319
336	-0.000390405
336.1	-0.000408827
336.2	-0.000430314
336.3	-0.000455989
336.4	-0.0004852
336.5	-0.000516545
336.6	-0.000556168
336.7	-0.000599317
336.8	-0.000640145
336.9	-0.000681929
337	-0.000722011
337.1	-0.000761349
337.2	-0.000797339
337.3	-0.000829904
337.4	-0.000861027
337.5	-0.00089053
337.6	-0.000921605
337.7	-0.000958447
337.8	-0.000999056
337.9	-0.00104038
338	-0.00108835
338.1	-0.00113245
338.2	-0.00117524
338.3	-0.00121553
338.4	-0.0012471
338.5	-0.00127078
338.6	-0.00129044
338.7	-0.00131118
338.8	-0.00134117
338.9	-0.00137723
339	-0.00141442
339.1	-0.00145274
339.2	-0.00148798
339.3	-0.00151718
339.4	-0.00154551
339.5	-0.00157376
339.6	-0.00159941
339.7	-0.00162125
339.8	-0.00164325
339.9	-0.00166542
340	-0.00168322
340.1	-0.00169488
340.2	-0.00169769
340.3	-0.00169596
340.4	-0.00169104
340.5	-0.00168607
340.6	-0.00167836
340.7	-0.00166848
340.8	-0.0016556
340.9	-0.00163746
341	-0.00161641
341.1	-0.00159308
341.2	-0.00157402
341.3	-0.00155829
341.4	-0.00154001
341.5	-0.00151661
341.6	-0.00148972
341.7	-0.00146261
341.8	-0.00143539
341.9	-0.00140531
342	-0.0013734
342.1	-0.00134434
342.2	-0.00131821
342.3	-0.0012973
342.4	-0.00127793
342.5	-0.00126
342.6	-0.00124015
342.7	-0.00122099
342.8	-0.00120201
342.9	-0.00118014
343	-0.00115605
343.1	-0.0011266
343.2	-0.00109613
343.3	-0.00106336
343.4	-0.0010298
343.5	-0.00100068
343.6	-0.000975958
343.7	-0.000950311
343.8	-0.000927485
343.9	-0.000904916
344	-0.000882239
344.1	-0.000858711
344.2	-0.000835416
344.3	-0.000807422
344.4	-0.000779978
344.5	-0.000757383
344.6	-0.000742506
344.7	-0.000728364
344.8	-0.000710102
344.9	-0.000694742
345	-0.000679575
345.1	-0.000668337
345.2	-0.000656644
345.3	-0.000640186
345.4	-0.000621345
345.5	-0.000602429
345.6	-0.000585408
345.7	-0.000569986
345.8	-0.000551127
345.9	-0.000531863
346	-0.000513565
346.1	-0.000498676
346.2	-0.000486565
346.3	-0.000481094
346.4	-0.000479123
346.5	-0.00048073
346.6	-0.000486168
346.7	-0.000498814
346.8	-0.000513887
346.9	-0.000526446
347	-0.000533657
347.1	-0.000534651
347.2	-0.000530705
347.3	-0.000527493
347.4	-0.000532244
347.5	-0.000542714
347.6	-0.000552249
347.7	-0.00055685
347.8	-0.00056024
347.9	-0.000560901
348	-0.000560024
348.1	-0.000557488
348.2	-0.000553012
348.3	-0.000550484
348.4	-0.000544934
348.5	-0.000535454
348.6	-0.000526516
348.7	-0.00051597
348.8	-0.000509372
348.9	-0.000501882
349	-0.000498483
349.1	-0.000497818
349.2	-0.000500723
349.3	-0.000508971
349.4	-0.000519377
349.5	-0.000528135
349.6	-0.000533632
349.7	-0.000533609
349.8	-0.000532177
349.9	-0.000527836
350	-0.000523891
350.1	-0.000520101
350.2	-0.000518834
350.3	-0.000521377
350.4	-0.00053118
350.5	-0.00054406
350.6	-0.000555517
350.7	-0.000572688
350.8	-0.000597666
350.9	-0.000628834
351	-0.000657666
351.1	-0.000686361
351.2	-0.000720177
351.3	-0.000759119
351.4	-0.000800943
351.5	-0.000839072
351.6	-0.000876793
351.7	-0.000917701
351.8	-0.00096094
351.9	-0.00100302
352	-0.00104338
352.1	-0.00108509
352.2	-0.00112618
352.3	-0.00117024
352.4	-0.00121532
352.5	-0.00125858
352.6	-0.00129682
352.7	-0.00133263
352.8	-0.00137646
352.9	-0.00142582
353	-0.00148143
353.1	-0.00153744
353.2	-0.00159365
353.3	-0.00165008
353.4	-0.00170466
353.5	-0.00175872
353.6	-0.00181402
353.7	-0.00186935
353.8	-0.00192199
353.9	-0.00197155
354	-0.00201937
354.1	-0.00206645
354.2	-0.00211305
354.3	-0.00215368
354.4	-0.00219128
354.5	-0.00222148
354.6	-0.00224717
354.7	-0.0022701
354.8	-0.00229277
354.9	-0.00231667
355	-0.00234112
355.1	-0.00236573
355.2	-0.00239087
355.3	-0.00241718
355.4	-0.0024412
355.5	-0.00246223
355.6	-0.00248148
355.7	-0.00249824
355.8	-0.00251862
355.9	-0.00254351
356	-0.00256986
356.1	-0.00259824
356.2	-0.00262442
356.3	-0.00265312
356.4	-0.00268962
356.5	-0.00273071
356.6	-0.0027733
356.7	-0.00281136
356.8	-0.00284851
356.9	-0.0028847
357	-0.00291926
357.1	-0.00294812
357.2	-0.00297283
357.3	-0.00299288
357.4	-0.00301147
357.5	-0.00302539
357.6	-0.00303416
357.7	-0.00304115
357.8	-0.00304183
357.9	-0.00303822
358	-0.00303344
358.1	-0.00303647
358.2	-0.00304147
358.3	-0.00304756
358.4	-0.00305325
358.5	-0.00305983
358.6	-0.00306421
358.7	-0.00306853
358.8	-0.00307016
358.9	-0.00306302
359	-0.00305351
359.1	-0.00304534
359.2	-0.00303829
359.3	-0.00303619
359.4	-0.00304026
359.5	-0.00304904
359.6	-0.00305919
359.7	-0.00307189
359.8	-0.00308663
359.9	-0.00309772
360	-0.00310447
360.1	-0.00310707
360.2	-0.00310378
360.3	-0.00309593
360.4	-0.00309227
360.5	-0.00309018
360.6	-0.00308976
360.7	-0.00308541
360.8	-0.00308043
360.9	-0.00307481
361	-0.00306735
361.1	-0.00305735
361.2	-0.00304896
361.3	-0.003039
361.4	-0.00302484
361.5	-0.0030142
361.6	-0.00300027
361.7	-0.00298191
361.8	-0.00296091
361.9	-0.00293842
362	-0.00291101
362.1	-0.00288116
362.2	-0.00285054
362.3	-0.00282464
362.4	-0.00280251
362.5	-0.00278166
362.6	-0.00276478
362.7	-0.00274516
362.8	-0.00272091
362.9	-0.00269856
363	-0.00267906
363.1	-0.00266331
363.2	-0.00265283
363.3	-0.00264948
363.4	-0.00264716
363.5	-0.00264555
363.6	-0.00263727
363.7	-0.00262158
363.8	-0.0026014
363.9	-0.00257697
364	-0.00254808
364.1	-0.00251067
364.2	-0.00247002
364.3	-0.00243446
364.4	-0.00240182
364.5	-0.00237181
364.6	-0.00234248
364.7	-0.00231055
364.8	-0.00228078
364.9	-0.00224924
365	-0.00221824
365.1	-0.00218738
365.2	-0.00215881
365.3	-0.00213136
365.4	-0.00210079
365.5	-0.00207088
365.6	-0.00203892
365.7	-0.00200482
365.8	-0.00196982
365.9	-0.00193724
366	-0.00191094
366.1	-0.00188769
366.2	-0.00186579
366.3	-0.00184786
366.4	-0.00183276
366.5	-0.00182386
366.6	-0.00182363
366.7	-0.0018321
366.8	-0.00184192
366.9	-0.00185034
367	-0.00185742
367.1	-0.00186328
367.2	-0.00186609
367.3	-0.0018643
367.4	-0.00186444
367.5	-0.00186795
367.6	-0.00187018
367.7	-0.00187617
367.8	-0.00188738
367.9	-0.00189726
368	-0.00190564
368.1	-0.00190817
368.2	-0.00190332
368.3	-0.00189469
368.4	-0.00188603
368.5	-0.00188083
368.6	-0.0018794
368.7	-0.00187746
368.8	-0.00187557
368.9	-0.00187469
369	-0.00187346
369.1	-0.00187267
369.2	-0.00186723
369.3	-0.00185943
369.4	-0.0018513
369.5	-0.00184364
369.6	-0.00183694
369.7	-0.00182915
369.8	-0.00181606
369.9	-0.00179502
370	-0.00176898
370.1	-0.00174019
370.2	-0.00171663
370.3	-0.00169306
370.4	-0.0016718
370.5	-0.00164473
370.6	-0.00162052
370.7	-0.00160003
370.8	-0.00157846
370.9	-0.00156143
371	-0.00153752
371.1	-0.00151821
371.2	-0.00149745
371.3	-0.00147636
371.4	-0.00145499
371.5	-0.00143386
371.6	-0.00141649
371.7	-0.0013977
371.8	-0.00137924
371.9	-0.00136517
372	-0.00135684
372.1	-0.00135129
372.2	-0.00134785
372.3	-0.00134235
372.4	-0.00133515
372.5	-0.001324
372.6	-0.00131171
372.7	-0.00129893
372.8	-0.00128794
372.9	-0.00128176
373	-0.0012758
373.1	-0.00126661
373.2	-0.00125449
373.3	-0.00124019
373.4	-0.00122526
373.5	-0.00121639
373.6	-0.00120989
373.7	-0.00120415
373.8	-0.00119381
373.9	-0.00118342
374	-0.00117253
374.1	-0.00115982
374.2	-0.00114477
374.3	-0.00112567
374.4	-0.00110516
374.5	-0.00108501
374.6	-0.00106018
374.7	-0.00102865
374.8	-0.000992181
374.9	-0.000954006
375	-0.00091396
375.1	-0.000872083
375.2	-0.000834365
375.3	-0.000808565
375.4	-0.000791355
375.5	-0.000777623
375.6	-0.000765327
375.7	-0.000751575
375.8	-0.000734675
375.9	-0.000714877
376	-0.000694919
376.1	-0.000674181
376.2	-0.00065282
376.3	-0.000632742
376.4	-0.000615238
376.5	-0.000602916
376.6	-0.000591164
376.7	-0.000576724
376.8	-0.000559953
376.9	-0.000542029
377	-0.000525317
377.1	-0.000510113
377.2	-0.000494911
377.3	-0.00047886
377.4	-0.000464088
377.5	-0.000448214
377.6	-0.000431253
377.7	-0.000415111
377.8	-0.0004004
377.9	-0.000384768
378	-0.000367466
378.1	-0.000354065
378.2	-0.00033411
378.3	-0.000309756
378.4	-0.00028563
378.5	-0.000259183
378.6	-0.000226427
378.7	-0.000188616
378.8	-0.000147882
378.9	-0.000102327
379	-5.97204e-05
379.1	-1.905e-05
379.2	1.60542e-05
379.3	4.9084e-05
379.4	7.97405e-05
379.5	0.000107662
379.6	0.000131243
379.7	0.000149688
379.8	0.000164235
379.9	0.000175397
380	0.000187532
380.1	0.000198294
380.2	0.000210134
380.3	0.000221124
380.4	0.000233689
380.5	0.000248055
380.6	0.000262087
380.7	0.000275703
380.8	0.000291388
380.9	0.000307221
381	0.000322003
381.1	0.00033862
381.2	0.000355009
381.3	0.000366817
381.4	0.000376371
381.5	0.000384091
381.6	0.000390598
381.7	0.000395654
381.8	0.000404101
381.9	0.000414825
382	0.000430607
382.1	0.000451495
382.2	0.000477625
382.3	0.000505878
382.4	0.000527287
382.5	0.000540166
382.6	0.000548827
382.7	0.000554103
382.8	0.000559159
382.9	0.000564399
383	0.000571664
383.1	0.000583112
383.2	0.000596376
383.3	0.000607977
383.4	0.000619422
383.5	0.000630067
383.6	0.000642218
383.7	0.000658726
383.8	0.000671484
383.9	0.000690833
384	0.000716453
384.1	0.000748031
384.2	0.000793012
384.3	0.00083811
384.4	0.000880784
384.5	0.000923192
384.6	0.000968456
384.7	0.00101619
384.8	0.00106219
384.9	0.0011053
385	0.00114073
385.1	0.00116739
385.2	0.00119512
385.3	0.00122765
385.4	0.00126214
385.5	0.0012974
385.6	0.00132794
385.7	0.00134943
385.8	0.00136304
385.9	0.00137403
386	0.00138459
386.1	0.00139915
386.2	0.00141694
386.3	0.0014374
386.4	0.0014533
386.5	0.00146633
386.6	0.00147644
386.7	0.00148388
386.8	0.00148874
386.9	0.00149135
387	0.00150276
387.1	0.00152546
387.2	0.00154952
387.3	0.00157525
387.4	0.00159933
387.5	0.00162531
387.6	0.00165202
387.7	0.00167869
387.8	0.00169763
387.9	0.00170858
388	0.00171374
388.1	0.00171887
388.2	0.00172404
388.3	0.00172609
388.4	0.00172699
388.5	0.00172499
388.6	0.0017217
388.7	0.00172195
388.8	0.0017183
388.9	0.00171102
389	0.00170141
389.1	0.00169008
389.2	0.00167943
389.3	0.00166523
389.4	0.00164764
389.5	0.00163028
389.6	0.00161173
389.7	0.00159689
389.8	0.00158533
389.9	0.00157575
390	0.00156409
390.1	0.00155508
390.2	0.00155278
390.3	0.00155339
390.4	0.00155659
390.5	0.00155748
390.6	0.00155512
390.7	0.00155044
390.8	0.00154262
390.9	0.00153733
391	0.00153114
391.1	0.0015217
391.2	0.00150546
391.3	0.00148973
391.4	0.00147685
391.5	0.00146999
391.6	0.00146853
391.7	0.001472
391.8	0.00147804
391.9	0.00148477
392	0.00149477
392.1	0.00150756
392.2	0.00152103
392.3	0.00152873
392.4	0.00153915
392.5	0.00155413
392.6	0.00157346
392.7	0.00159492
392.8	0.0016135
392.9	0.00163159
393	0.00165131
393.1	0.00166878
393.2	0.00167968
393.3	0.00168237
393.4	0.00168011
393.5	0.00167001
393.6	0.0016522
393.7	0.00163094
393.8	0.00161348
393.9	0.00159925
394	0.00158646
394.1	0.0015689
394.2	0.00154705
394.3	0.00152689
394.4	0.00150826
394.5	0.00149331
394.6	0.001479
394.7	0.0014623
394.8	0.00144939
394.9	0.00144039
395	0.00143019
395.1	0.00142459
395.2	0.00141805
395.3	0.00141302
395.4	0.00140924
395.5	0.00140519
395.6	0.00139921
395.7	0.00139409
395.8	0.00139101
395.9	0.00138684
396	0.00138134
396.1	0.0013747
396.2	0.00137065
396.3	0.00137137
396.4	0.00137204
396.5	0.00136678
396.6	0.00136597
396.7	0.00137045
396.8	0.00137623
396.9	0.00138197
397	0.0013856
397.1	0.0013883
397.2	0.00139256
397.3	0.00140266
397.4	0.00141379
397.5	0.00142543
397.6	0.0014387
397.7	0.00145503
397.8	0.00146822
397.9	0.00148045
398	0.00149402
398.1	0.00150822
398.2	0.00152538
398.3	0.00154652
398.4	0.00157105
398.5	0.00160032
398.6	0.0016312
398.7	0.0016595
398.8	0.00168554
398.9	0.00171072
399	0.00173007
399.1	0.00174289
399.2	0.00175626
399.3	0.00176848
399.4	0.00178199
399.5	0.00180085
399.6	0.00182338
399.7	0.00184879
399.8	0.00187745
399.9	0.00190821
400	0.00194195
400.1	0.00198269
400.2	0.00202503
400.3	0.00206515
400.4	0.00210379
400.5	0.00213769
400.6	0.00216694
400.7	0.00218958
400.8	0.00221096
400.9	0.00223438
401	0.0022524
401.1	0.00226714
401.2	0.0022803
401.3	0.00229013
401.4	0.00230255
401.5	0.00230926
401.6	0.00231391
401.7	0.00231991
401.8	0.00232576
401.9	0.00233683
402	0.00235246
402.1	0.00236906
402.2	0.002389
402.3	0.00241045
402.4	0.00242664
402.5	0.00243648
402.6	0.00244307
402.7	0.00244894
402.8	0.00245196
402.9	0.00245571
403	0.00245831
403.1	0.0024566
403.2	0.00245974
403.3	0.00246576
403.4	0.00247311
403.5	0.00248255
403.6	0.00248584
403.7	0.0024865
403.8	0.00248497
403.9	0.00248082
404	0.00247381
404.1	0.00246295
404.2	0.00245251
404.3	0.00243953
404.4	0.00242896
404.5	0.00241968
404.6	0.00241158
404.7	0.00240514
404.8	0.00239985
404.9	0.00239354
405	0.00239143
405.1	0.00238634
405.2	0.0023777
405.3	0.00236443
405.4	0.002351
405.5	0.00234273
405.6	0.00233596
405.7	0.00232717
405.8	0.00232036
405.9	0.0023127
406	0.0023036
406.1	0.00229459
406.2	0.00228681
406.3	0.00227797
406.4	0.00227182
406.5	0.00226677
406.6	0.00226169
406.7	0.00225451
406.8	0.00224651
406.9	0.00223818
407	0.00222794
407.1	0.00221972
407.2	0.00221264
407.3	0.00220678
407.4	0.00220808
407.5	0.0022084
407.6	0.0022106
407.7	0.00221752
407.8	0.00222449
407.9	0.00223458
408	0.002246
408.1	0.00225968
408.2	0.00227313
408.3	0.00228467
408.4	0.00229329
408.5	0.00229906
408.6	0.00230333
408.7	0.00231024
408.8	0.00231363
408.9	0.00231178
409	0.00230919
409.1	0.00231164
409.2	0.00232178
409.3	0.00233909
409.4	0.00236268
409.5	0.00239243
409.6	0.00242046
409.7	0.0024444
409.8	0.00246367
409.9	0.00248047
410	0.00249748
410.1	0.00251727
410.2	0.00253805
410.3	0.00255575
410.4	0.00256753
410.5	0.00257443
410.6	0.00258085
410.7	0.00259016
410.8	0.00260236
410.9	0.0026147
411	0.00262736
411.1	0.00264287
411.2	0.00266415
411.3	0.002684
411.4	0.00270125
411.5	0.0027173
411.6	0.00273134
411.7	0.00274701
411.8	0.00276319
411.9	0.00277278
412	0.00277473
412.1	0.00277284
412.2	0.00276494
412.3	0.00275131
412.4	0.00273691
412.5	0.00271785
412.6	0.00270114
412.7	0.00268393
412.8	0.00266459
412.9	0.00263946
413	0.00260666
413.1	0.00257012
413.2	0.00253099
413.3	0.00249529
413.4	0.00245503
413.5	0.00240833
413.6	0.00236291
413.7	0.00231825
413.8	0.0022755
413.9	0.00223928
414	0.0022091
414.1	0.00218477
414.2	0.00215931
414.3	0.00213309
414.4	0.0021108
414.5	0.00209345
414.6	0.00207225
414.7	0.00204413
414.8	0.00201367
414.9	0.00198
415	0.00194393
415.1	0.00190125
415.2	0.00185522
415.3	0.00181036
415.4	0.00176246
415.5	0.00170756
415.6	0.00165094
415.7	0.00159614
415.8	0.0015424
415.9	0.00149176
416	0.00144746
416.1	0.00140566
416.2	0.00136574
416.3	0.00132284
416.4	0.00128241
416.5	0.00124807
416.6	0.0012176
416.7	0.00119086
416.8	0.00117004
416.9	0.00114665
417	0.00112487
417.1	0.00110383
417.2	0.00108034
417.3	0.00105168
417.4	0.00101947
417.5	0.000981336
417.6	0.000941082
417.7	0.000899209
417.8	0.000855814
417.9	0.000816209
418	0.000777395
418.1	0.000737204
418.2	0.000695144
418.3	0.000650658
418.4	0.000607453
418.5	0.000563673
418.6	0.000513776
418.7	0.000464117
418.8	0.000415809
418.9	0.000371677
419	0.000325935
419.1	0.000279807
419.2	0.000232657
419.3	0.000183863
419.4	0.000134207
419.5	8.63448e-05
419.6	3.89975e-05
419.7	-7.32379e-06
419.8	-4.99297e-05
419.9	-8.38078e-05
420	-0.000118475
420.1	-0.000157742
420.2	-0.000205457
420.3	-0.000253735
420.4	-0.000297302
420.5	-0.000339727
420.6	-0.000374411
420.7	-0.000407265
420.8	-0.000436727
420.9	-0.000462128
421	-0.00048264
421.1	-0.000497878
421.2	-0.000514917
421.3	-0.000536686
421.4	-0.000559637
421.5	-0.00058425
421.6	-0.000611584
421.7	-0.000639887
421.8	-0.000667143
421.9	-0.000695933
422	-0.000730397
422.1	-0.000766341
422.2	-0.000808543
422.3	-0.000847727
422.4	-0.000885461
422.5	-0.000917306
422.6	-0.000942713
422.7	-0.000964361
422.8	-0.000984567
422.9	-0.00100218
423	-0.00101647
423.1	-0.00102948
423.2	-0.00104265
423.3	-0.00105961
423.4	-0.00107374
423.5	-0.0010821
423.6	-0.00108779
423.7	-0.00108545
423.8	-0.0010794
423.9	-0.00107155
424	-0.00106443
424.1	-0.00105733
424.2	-0.00104843
424.3	-0.00104408
424.4	-0.00104397
424.5	-0.00104275
424.6	-0.00103721
424.7	-0.00102904
424.8	-0.00101866
424.9	-0.00101073
425	-0.00100468
425.1	-0.00100402
425.2	-0.00100737
425.3	-0.00100666
425.4	-0.00100277
425.5	-0.000999955
425.6	-0.000999056
425.7	-0.000997967
425.8	-0.000999324
425.9	-0.00100208
426	-0.00100476
426.1	-0.00100635
426.2	-0.00100546
426.3	-0.00100541
426.4	-0.000997066
426.5	-0.000982867
426.6	-0.000965012
426.7	-0.000945084
426.8	-0.000923963
426.9	-0.000905724
427	-0.000882984
427.1	-0.000860088
427.2	-0.000838926
427.3	-0.000818735
427.4	-0.000799003
427.5	-0.000781033
427.6	-0.000768077
427.7	-0.000761297
427.8	-0.000754159
427.9	-0.000747382
428	-0.000743485
428.1	-0.00073912
428.2	-0.000738975
428.3	-0.000738943
428.4	-0.000736886
428.5	-0.000732731
428.6	-0.000727001
428.7	-0.000723893
428.8	-0.000719912
428.9	-0.00071314
429	-0.00070438
429.1	-0.0006935
429.2	-0.000676655
429.3	-0.000653619
429.4	-0.000624246
429.5	-0.000594348
429.6	-0.000566631
429.7	-0.00053729
429.8	-0.000507149
429.9	-0.00047484
430	-0.000438964
430.1	-0.000397521
430.2	-0.000351138
430.3	-0.000302111
430.4	-0.000252827
430.5	-0.000206341
430.6	-0.000164014
430.7	-0.000119909
430.8	-7.15474e-05
430.9	-2.03063e-05
431	3.14108e-05
431.1	8.80464e-05
431.2	0.000148513
431.3	0.000210107
431.4	0.000267959
431.5	0.00032307
431.6	0.000375607
431.7	0.000430919
431.8	0.000481888
431.9	0.000529743
432	0.000577655
432.1	0.000621556
432.2	0.000659587
432.3	0.000691781
432.4	0.000722586
432.5	0.000750233
432.6	0.000777605
432.7	0.000810431
432.8	0.000846511
432.9	0.000878708
433	0.000910608
433.1	0.000945924
433.2	0.00097987
433.3	0.00101763
433.4	0.00105392
433.5	0.00108633
433.6	0.0011167
433.7	0.00114671
433.8	0.00117623
433.9	0.00120329
434	0.00122402
434.1	0.00124002
434.2	0.00125662
434.3	0.00127462
434.4	0.001292
434.5	0.00130805
434.6	0.00132255
434.7	0.00133966
434.8	0.00135641
434.9	0.0013702
435	0.00138282
435.1	0.00139882
435.2	0.00141817
435.3	0.00143522
435.4	0.00144935
435.5	0.00146047
435.6	0.00147444
435.7	0.00148987
435.8	0.00150633
435.9	0.0015203
436	0.00152598
436.1	0.00152741
436.2	0.00151964
436.3	0.00150633
436.4	0.00148941
436.5	0.00147041
436.6	0.00145236
436.7	0.00143501
436.8	0.00141704
436.9	0.00140202
437	0.00139225
437.1	0.0013836
437.2	0.00137392
437.3	0.00136284
437.4	0.0013499
437.5	0.00133965
437.6	0.00133337
437.7	0.00132179
437.8	0.0013025
437.9	0.00128126
438	0.00125758
438.1	0.00123503
438.2	0.00121034
438.3	0.00118529
438.4	0.00115483
438.5	0.00111621
438.6	0.00107013
438.7	0.00102026
438.8	0.000970386
438.9	0.000918779
439	0.000867838
439.1	0.000818194
439.2	0.000767264
439.3	0.000718151
439.4	0.000670564
439.5	0.000625241
439.6	0.000579653
439.7	0.000533634
439.8	0.000491241
439.9	0.000447821
440	0.000406959
440.1	0.000371554
440.2	0.000342045
440.3	0.00031642
440.4	0.000288766
440.5	0.00026292
440.6	0.00023999
440.7	0.000218137
440.8	0.000197422
440.9	0.00017549
441	0.000151961
441.1	0.000122076
441.2	8.60003e-05
441.3	5.14122e-05
441.4	1.86418e-05
441.5	-1.30138e-05
441.6	-4.29539e-05
441.7	-7.11301e-05
441.8	-9.30911e-05
441.9	-0.000112574
442	-0.000132361
442.1	-0.000152567
442.2	-0.000171479
442.3	-0.000186874
442.4	-0.000194574
442.5	-0.000202029
442.6	-0.00021459
442.7	-0.00022874
442.8	-0.000246252
442.9	-0.000268988
443	-0.000296175
443.1	-0.000319127
443.2	-0.000341925
443.3	-0.000360803
443.4	-0.000374995
443.5	-0.000387075
443.6	-0.000397729
443.7	-0.000405342
443.8	-0.000410972
443.9	-0.000413998
444	-0.000416618
444.1	-0.000411609
444.2	-0.00040503
444.3	-0.000399323
444.4	-0.000394614
444.5	-0.000387154
444.6	-0.000382344
444.7	-0.000371612
444.8	-0.00035317
444.9	-0.000329641
445	-0.000303867
445.1	-0.000279079
445.2	-0.000259196
445.3	-0.000241253
445.4	-0.00022943
445.5	-0.000215958
445.6	-0.000200429
445.7	-0.00018703
445.8	-0.000174035
445.9	-0.000158686
446	-0.00014218
446.1	-0.000126042
446.2	-0.000112775
446.3	-0.000101819
446.4	-8.706e-05
446.5	-6.31892e-05
446.6	-3.18549e-05
446.7	3.8544e-06
446.8	4.06296e-05
446.9	7.33164e-05
447	0.000100522
447.1	0.000122152
447.2	0.000146069
447.3	0.000172128
447.4	0.000201709
447.5	0.00022707
447.6	0.000254046
447.7	0.000278909
447.8	0.000306449
447.9	0.000337007
448	0.000373919
448.1	0.000412977
448.2	0.000453385
448.3	0.000494713
448.4	0.000536688
448.5	0.000577356
448.6	0.000612751
448.7	0.00064495
448.8	0.000676243
448.9	0.000704355
449	0.000729833
449.1	0.000749772
449.2	0.00076845
449.3	0.000788101
449.4	0.000804515
449.5	0.000814221
449.6	0.00082351
449.7	0.000832668
449.8	0.000844338
449.9	0.000856497
450	0.00087018
450.1	0.000884526
450.2	0.000896057
450.3	0.000909423
450.4	0.000919871
450.5	0.000927677
450.6	0.000933124
450.7	0.000935254
450.8	0.00093335
450.9	0.000930255
451	0.000925618
451.1	0.000919619
451.2	0.000913418
451.3	0.000906579
451.4	0.000900321
451.5	0.000894846
451.6	0.000886255
451.7	0.000876316
451.8	0.000871299
451.9	0.000868476
452	0.000860406
452.1	0.000848022
452.2	0.000831455
452.3	0.000815358
452.4	0.000803358
452.5	0.000800159
452.6	0.000800547
452.7	0.000803393
452.8	0.000805809
452.9	0.000806813
453	0.000808005
453.1	0.000809837
453.2	0.000809978
453.3	0.000806618
453.4	0.00080604
453.5	0.000806381
453.6	0.000807577
453.7	0.000809584
453.8	0.000819244
453.9	0.000831321
454	0.000844766
454.1	0.000858128
454.2	0.000871246
454.3	0.000885797
454.4	0.000900603
454.5	0.00091107
454.6	0.000921085
454.7	0.000930713
454.8	0.000938416
454.9	0.000943586
455	0.000951867
455.1	0.000956014
455.2	0.000956841
455.3	0.000954526
455.4	0.000949051
455.5	0.000944795
455.6	0.000941377
455.7	0.000939234
455.8	0.000939185
455.9	0.000941541
456	0.000946219
456.1	0.000950668
456.2	0.000955652
456.3	0.000961601
456.4	0.00096572
456.5	0.000962892
456.6	0.000954163
456.7	0.000941792
456.8	0.000925502
456.9	0.0009061
457	0.0008845
457.1	0.000866824
457.2	0.00085376
457.3	0.000841922
457.4	0.000833468
457.5	0.000825359
457.6	0.000813071
457.7	0.000800026
457.8	0.000790389
457.9	0.000776956
458	0.000763157
458.1	0.000746209
458.2	0.000728182
458.3	0.000710119
458.4	0.000694724
458.5	0.000683172
458.6	0.000668347
458.7	0.000646368
458.8	0.000620454
458.9	0.00059574
459	0.000573766
459.1	0.000555134
459.2	0.000538875
459.3	0.000523124
459.4	0.000508822
459.5	0.000500672
459.6	0.000497493
459.7	0.000495653
459.8	0.000488916
459.9	0.000476376
460	0.000463154
460.1	0.000446428
460.2	0.000427502
460.3	0.000409476
460.4	0.00039227
460.5	0.000384168
460.6	0.000379596
460.7	0.000375787
460.8	0.000367871
460.9	0.00035662
461	0.000343063
461.1	0.000327622
461.2	0.000312278
461.3	0.000301032
461.4	0.000290472
461.5	0.000279921
461.6	0.000264985
461.7	0.000248569
461.8	0.000232725
461.9	0.000220186
462	0.00021131
462.1	0.000210096
462.2	0.000211505
462.3	0.00021211
462.4	0.000216903
462.5	0.000222173
462.6	0.00022794
462.7	0.000239621
462.8	0.000253676
462.9	0.000266493
463	0.000282299
463.1	0.000301975
463.2	0.000321086
463.3	0.000338534
463.4	0.000351017
463.5	0.000364697
463.6	0.000376751
463.7	0.000385566
463.8	0.000395944
463.9	0.000407255
464	0.000421148
464.1	0.00043446
464.2	0.000447402
464.3	0.000462041
464.4	0.000474827
464.5	0.000486996
464.6	0.000497312
464.7	0.000506632
464.8	0.000515607
464.9	0.000528891
465	0.000543477
465.1	0.000557659
465.2	0.000574825
465.3	0.000593764
465.4	0.000612462
465.5	0.000632164
465.6	0.000648093
465.7	0.000666471
465.8	0.000686569
465.9	0.00070483
466	0.000722322
466.1	0.000738532
466.2	0.000747699
466.3	0.000755086
466.4	0.000762995
466.5	0.000770629
466.6	0.000775985
466.7	0.000776933
466.8	0.000773764
466.9	0.000767164
467	0.000759464
467.1	0.000751701
467.2	0.000744072
467.3	0.000737201
467.4	0.000730132
467.5	0.000722014
467.6	0.000708322
467.7	0.000692981
467.8	0.000677725
467.9	0.000660777
468	0.000642885
468.1	0.00062859
468.2	0.000614404
468.3	0.000604373
468.4	0.000594783
468.5	0.00058795
468.6	0.000579991
468.7	0.000570629
468.8	0.000565736
468.9	0.000566855
469	0.000574295
469.1	0.000582575
469.2	0.000583971
469.3	0.00058558
469.4	0.000582312
469.5	0.000572219
469.6	0.000558334
469.7	0.00054581
469.8	0.000536784
469.9	0.000529
470	0.000517981
470.1	0.000503398
470.2	0.000484828
470.3	0.000462611
470.4	0.000437796
470.5	0.000408349
470.6	0.000378442
470.7	0.000347765
470.8	0.000314807
470.9	0.000281713
471	0.000252261
471.1	0.000226594
471.2	0.000197041
471.3	0.000168741
471.4	0.000137873
471.5	0.000107555
471.6	7.50215e-05
471.7	4.11741e-05
471.8	8.12714e-06
471.9	-1.9773e-05
472	-4.31574e-05
472.1	-7.06178e-05
472.2	-9.53527e-05
472.3	-0.000113186
472.4	-0.000123727
472.5	-0.000126452
472.6	-0.000126208
472.7	-0.000125695
472.8	-0.000128483
472.9	-0.000132984
473	-0.000138965
473.1	-0.000147218
473.2	-0.000153549
473.3	-0.000156476
473.4	-0.000152667
473.5	-0.000144012
473.6	-0.000130152
473.7	-0.000113988
473.8	-9.63301e-05
473.9	-8.03896e-05
474	-6.30186e-05
474.1	-4.37104e-05
474.2	-2.44199e-05
474.3	-1.07738e-05
474.4	6.65543e-06
474.5	2.63426e-05
474.6	5.06559e-05
474.7	7.63853e-05
474.8	9.5922e-05
474.9	0.00011622
475	0.00013415
475.1	0.000152419
475.2	0.000174627
475.3	0.000200518
475.4	0.00022514
475.5	0.000252169
475.6	0.000274061
475.7	0.000299588
475.8	0.000323065
475.9	0.000344523
476	0.00036606
476.1	0.00038885
476.2	0.000410409
476.3	0.000432536
476.4	0.000456095
476.5	0.000478749
476.6	0.000501021
476.7	0.000527979
476.8	0.000558778
476.9	0.000593179
477	0.000626586
477.1	0.00065775
477.2	0.000686452
477.3	0.000718277
477.4	0.000753016
477.5	0.000793887
477.6	0.000837625
477.7	0.000883311
477.8	0.000925886
477.9	0.000963584
478	0.000998495
478.1	0.00103516
478.2	0.00107153
478.3	0.00110649
478.4	0.0011388
478.5	0.00116377
478.6	0.00118979
478.7	0.00121906
478.8	0.00124661
478.9	0.00127249
479	0.00129495
479.1	0.00131559
479.2	0.00133444
479.3	0.00135438
479.4	0.00137309
479.5	0.00138665
479.6	0.00138995
479.7	0.00139084
479.8	0.00138859
479.9	0.00137992
480	0.00136901
480.1	0.00136135
480.2	0.00135318
480.3	0.00134009
480.4	0.0013253
480.5	0.00131357
480.6	0.00130591
480.7	0.00129687
480.8	0.00128959
480.9	0.00128378
481	0.00128528
481.1	0.00129519
481.2	0.00130922
481.3	0.00131823
481.4	0.0013222
481.5	0.00132449
481.6	0.00132444
481.7	0.00132459
481.8	0.00132847
481.9	0.00132782
482	0.00133218
482.1	0.00133882
482.2	0.00134389
482.3	0.00135409
482.4	0.00136779
482.5	0.0013772
482.6	0.00137776
482.7	0.00137271
482.8	0.00136241
482.9	0.00134879
483	0.00133105
483.1	0.00131374
483.2	0.00129333
483.3	0.00127332
483.4	0.00125413
483.5	0.00123558
483.6	0.00122262
483.7	0.00121652
483.8	0.00120988
483.9	0.00120006
484	0.00118869
484.1	0.0011718
484.2	0.0011629
484.3	0.00115942
484.4	0.00115454
484.5	0.00114505
484.6	0.00113157
484.7	0.00111667
484.8	0.00110261
484.9	0.00108747
485	0.00107512
485.1	0.00106029
485.2	0.00104491
485.3	0.00102971
485.4	0.00101071
485.5	0.000987571
485.6	0.00096356
485.7	0.000938733
485.8	0.000914091
485.9	0.000893671
486	0.000877114
486.1	0.000864282
486.2	0.000854448
486.3	0.000843884
486.4	0.000832219
486.5	0.000812541
486.6	0.000787985
486.7	0.000762955
486.8	0.000740895
486.9	0.000720828
487	0.000701224
487.1	0.000686097
487.2	0.000670925
487.3	0.000653653
487.4	0.000632457
487.5	0.000608307
487.6	0.000581677
487.7	0.000554211
487.8	0.000530825
487.9	0.000508346
488	0.000485375
488.1	0.000466027
488.2	0.000445154
488.3	0.000423587
488.4	0.000403855
488.5	0.000389072
488.6	0.000373499
488.7	0.000358439
488.8	0.000343133
488.9	0.000329111
489	0.000311666
489.1	0.000294896
489.2	0.000282543
489.3	0.000273844
489.4	0.000266649
489.5	0.000262538
489.6	0.000262007
489.7	0.000257444
489.8	0.000248454
489.9	0.000239275
490	0.000229405
490.1	0.000218029
490.2	0.000203327
490.3	0.000188105
490.4	0.000173041
490.5	0.000162574
490.6	0.000148199
490.7	0.000133426
490.8	0.000117567
490.9	9.83212e-05
491	7.69063e-05
491.1	5.4871e-05
491.2	3.35098e-05
491.3	1.64785e-05
491.4	3.0267e-06
491.5	-8.03943e-06
491.6	-2.34177e-05
491.7	-4.49147e-05
491.8	-7.16606e-05
491.9	-9.56502e-05
492	-0.000116834
492.1	-0.000135506
492.2	-0.000152479
492.3	-0.000165493
492.4	-0.000178644
492.5	-0.000194128
492.6	-0.000213519
492.7	-0.000234025
492.8	-0.000257083
492.9	-0.000281973
493	-0.000307349
493.1	-0.00033962
493.2	-0.000378072
493.3	-0.000416182
493.4	-0.000452717
493.5	-0.000489955
493.6	-0.000528298
493.7	-0.000563745
493.8	-0.000597915
493.9	-0.000628471
494	-0.000656324
494.1	-0.000682498
494.2	-0.000707384
494.3	-0.000735479
494.4	-0.000768221
494.5	-0.000808011
494.6	-0.000850157
494.7	-0.000890135
494.8	-0.000927493
494.9	-0.000962253
495	-0.000997432
495.1	-0.00103458
495.2	-0.0010728
495.3	-0.00111249
495.4	-0.00115291
495.5	-0.00119152
495.6	-0.0012264
495.7	-0.00125581
495.8	-0.00128325
495.9	-0.00131343
496	-0.00134591
496.1	-0.00138049
496.2	-0.00141226
496.3	-0.00144224
496.4	-0.00147236
496.5	-0.00150158
496.6	-0.00152805
496.7	-0.00155057
496.8	-0.0015713
496.9	-0.00158958
497	-0.00161043
497.1	-0.00163112
497.2	-0.00166077
497.3	-0.00169694
497.4	-0.00173677
497.5	-0.00177498
497.6	-0.00181075
497.7	-0.00185074
497.8	-0.00188865
497.9	-0.00192738
498	-0.00196602
498.1	-0.00200924
498.2	-0.00205188
498.3	-0.00209625
498.4	-0.00213813
498.5	-0.00217442
498.6	-0.00220714
498.7	-0.00223844
498.8	-0.00226949
498.9	-0.00229695
499	-0.00232682
499.1	-0.00236073
499.2	-0.0023924
499.3	-0.00241894
499.4	-0.00244788
499.5	-0.00247891
499.6	-0.00251008
499.7	-0.00254145
499.8	-0.00257039
499.9	-0.00259813
500	-0.00262769
