LagTime	Correlation

0	0.668134
0.1	0.663112
0.2	0.655628
0.3	0.647599
0.4	0.63951
0.5	0.631485
0.6	0.623555
0.7	0.615723
0.8	0.607988
0.9	0.60035
1	0.592805
1.1	0.585354
1.2	0.578004
1.3	0.570748
1.4	0.563582
1.5	0.556511
1.6	0.54953
1.7	0.542638
1.8	0.535826
1.9	0.529101
2	0.522458
2.1	0.515897
2.2	0.509419
2.3	0.503024
2.4	0.49671
2.5	0.490478
2.6	0.484332
2.7	0.478268
2.8	0.472281
2.9	0.466373
3	0.460541
3.1	0.454778
3.2	0.449082
3.3	0.443458
3.4	0.437903
3.5	0.432425
3.6	0.427021
3.7	0.421686
3.8	0.416414
3.9	0.411206
4	0.406059
4.1	0.400976
4.2	0.395959
4.3	0.391006
4.4	0.386114
4.5	0.381288
4.6	0.376525
4.7	0.37182
4.8	0.367171
4.9	0.362578
5	0.35804
5.1	0.35356
5.2	0.349131
5.3	0.34476
5.4	0.340449
5.5	0.336193
5.6	0.331994
5.7	0.327844
5.8	0.323744
5.9	0.319696
6	0.315698
6.1	0.31175
6.2	0.30785
6.3	0.303998
6.4	0.300191
6.5	0.296434
6.6	0.292725
6.7	0.289061
6.8	0.285441
6.9	0.281865
7	0.278334
7.1	0.274848
7.2	0.271408
7.3	0.268011
7.4	0.26466
7.5	0.261349
7.6	0.258075
7.7	0.254835
7.8	0.251631
7.9	0.248469
8	0.245344
8.1	0.242255
8.2	0.239207
8.3	0.236199
8.4	0.233232
8.5	0.230307
8.6	0.22741
8.7	0.224546
8.8	0.221723
8.9	0.218937
9	0.216184
9.1	0.213468
9.2	0.210787
9.3	0.208141
9.4	0.205528
9.5	0.202949
9.6	0.200397
9.7	0.197874
9.8	0.195385
9.9	0.192932
10	0.190517
10.1	0.188133
10.2	0.185782
10.3	0.183464
10.4	0.181178
10.5	0.178916
10.6	0.17668
10.7	0.174475
10.8	0.172303
10.9	0.170157
11	0.168033
11.1	0.165935
11.2	0.163868
11.3	0.161835
11.4	0.159828
11.5	0.157843
11.6	0.15588
11.7	0.153937
11.8	0.152018
11.9	0.150122
12	0.148249
12.1	0.146392
12.2	0.144551
12.3	0.142732
12.4	0.140941
12.5	0.139174
12.6	0.137426
12.7	0.135702
12.8	0.134001
12.9	0.132319
13	0.130655
13.1	0.129009
13.2	0.127382
13.3	0.125779
13.4	0.124194
13.5	0.122634
13.6	0.121096
13.7	0.119582
13.8	0.118097
13.9	0.116636
14	0.115192
14.1	0.113764
14.2	0.112354
14.3	0.110965
14.4	0.1096
14.5	0.108262
14.6	0.106945
14.7	0.105647
14.8	0.104366
14.9	0.103099
15	0.101847
15.1	0.100614
15.2	0.0993999
15.3	0.0982016
15.4	0.097019
15.5	0.095849
15.6	0.0946953
15.7	0.093556
15.8	0.0924318
15.9	0.0913228
16	0.0902303
16.1	0.089155
16.2	0.0880934
16.3	0.0870441
16.4	0.086009
16.5	0.0849846
16.6	0.0839698
16.7	0.0829646
16.8	0.0819661
16.9	0.0809742
17	0.0799893
17.1	0.0790165
17.2	0.0780591
17.3	0.0771163
17.4	0.0761888
17.5	0.0752723
17.6	0.0743709
17.7	0.0734851
17.8	0.0726058
17.9	0.0717359
18	0.0708718
18.1	0.0700156
18.2	0.0691637
18.3	0.0683202
18.4	0.0674887
18.5	0.0666639
18.6	0.0658494
18.7	0.0650444
18.8	0.0642521
18.9	0.0634725
19	0.062706
19.1	0.0619423
19.2	0.0611869
19.3	0.060442
19.4	0.0597055
19.5	0.0589741
19.6	0.0582489
19.7	0.0575274
19.8	0.0568136
19.9	0.0561084
20	0.0554177
20.1	0.0547417
20.2	0.054073
20.3	0.0534167
20.4	0.0527691
20.5	0.0521312
20.6	0.0515002
20.7	0.0508754
20.8	0.0502567
20.9	0.0496454
21	0.0490408
21.1	0.0484462
21.2	0.0478578
21.3	0.0472802
21.4	0.0467108
21.5	0.0461502
21.6	0.0455949
21.7	0.0450463
21.8	0.0444987
21.9	0.0439554
22	0.043417
22.1	0.0428841
22.2	0.0423554
22.3	0.0418284
22.4	0.0413007
22.5	0.0407786
22.6	0.0402632
22.7	0.0397553
22.8	0.0392516
22.9	0.0387492
23	0.0382518
23.1	0.0377575
23.2	0.0372728
23.3	0.0367969
23.4	0.036332
23.5	0.0358791
23.6	0.0354383
23.7	0.0350028
23.8	0.0345707
23.9	0.0341475
24	0.0337338
24.1	0.0333254
24.2	0.0329228
24.3	0.0325271
24.4	0.0321441
24.5	0.0317734
24.6	0.0314069
24.7	0.0310438
24.8	0.0306891
24.9	0.0303406
25	0.0299965
25.1	0.0296518
25.2	0.0293133
25.3	0.0289839
25.4	0.0286616
25.5	0.0283474
25.6	0.028038
25.7	0.0277298
25.8	0.0274259
25.9	0.0271287
26	0.0268365
26.1	0.0265565
26.2	0.0262797
26.3	0.0260022
26.4	0.0257281
26.5	0.0254573
26.6	0.0251827
26.7	0.0249077
26.8	0.0246287
26.9	0.0243515
27	0.024075
27.1	0.0237951
27.2	0.0235133
27.3	0.0232331
27.4	0.0229478
27.5	0.022665
27.6	0.022386
27.7	0.0221069
27.8	0.0218292
27.9	0.0215529
28	0.0212762
28.1	0.0209997
28.2	0.020719
28.3	0.0204398
28.4	0.0201603
28.5	0.019886
28.6	0.0196179
28.7	0.0193567
28.8	0.0191042
28.9	0.0188546
29	0.0186111
29.1	0.0183687
29.2	0.0181236
29.3	0.0178823
29.4	0.0176482
29.5	0.0174214
29.6	0.0171998
29.7	0.0169834
29.8	0.0167696
29.9	0.0165601
30	0.0163522
30.1	0.0161443
30.2	0.0159321
30.3	0.0157216
30.4	0.0155115
30.5	0.0153073
30.6	0.0151042
30.7	0.0149024
30.8	0.0147016
30.9	0.0145067
31	0.0143194
31.1	0.0141408
31.2	0.0139672
31.3	0.013797
31.4	0.0136247
31.5	0.0134475
31.6	0.0132713
31.7	0.0131004
31.8	0.0129346
31.9	0.0127686
32	0.0126032
32.1	0.0124299
32.2	0.0122522
32.3	0.0120699
32.4	0.0118891
32.5	0.0117083
32.6	0.0115284
32.7	0.0113567
32.8	0.0111925
32.9	0.0110353
33	0.0108754
33.1	0.0107177
33.2	0.0105656
33.3	0.0104143
33.4	0.0102667
33.5	0.0101217
33.6	0.00997799
33.7	0.0098369
33.8	0.0097018
33.9	0.00957259
34	0.0094424
34.1	0.00930608
34.2	0.00916628
34.3	0.00902788
34.4	0.00888921
34.5	0.0087534
34.6	0.00862069
34.7	0.00849798
34.8	0.00838269
34.9	0.00826849
35	0.00815471
35.1	0.00804316
35.2	0.0079343
35.3	0.00783035
35.4	0.00772811
35.5	0.00763059
35.6	0.00753637
35.7	0.00744495
35.8	0.0073575
35.9	0.00727676
36	0.00719841
36.1	0.00712377
36.2	0.00704633
36.3	0.00697028
36.4	0.00689617
36.5	0.00682329
36.6	0.00675165
36.7	0.00667875
36.8	0.00660803
36.9	0.00653782
37	0.00647125
37.1	0.00640608
37.2	0.00633554
37.3	0.00626214
37.4	0.00618811
37.5	0.00611918
37.6	0.00605847
37.7	0.00600132
37.8	0.00594589
37.9	0.00589136
38	0.00583578
38.1	0.00577746
38.2	0.00571456
38.3	0.00564763
38.4	0.00558
38.5	0.00551599
38.6	0.00545596
38.7	0.00539963
38.8	0.00534517
38.9	0.00528839
39	0.00523358
39.1	0.00518048
39.2	0.00512477
39.3	0.00506414
39.4	0.00500315
39.5	0.00494214
39.6	0.00487983
39.7	0.00481764
39.8	0.00475146
39.9	0.0046854
40	0.00462077
40.1	0.00456308
40.2	0.00450926
40.3	0.00445699
40.4	0.00440257
40.5	0.00434625
40.6	0.00428593
40.7	0.00422735
40.8	0.00417212
40.9	0.00411784
41	0.00406292
41.1	0.0040099
41.2	0.00395966
41.3	0.00390904
41.4	0.00386041
41.5	0.00381077
41.6	0.00375856
41.7	0.00369738
41.8	0.00362879
41.9	0.00355815
42	0.00349503
42.1	0.00343576
42.2	0.00337963
42.3	0.00332331
42.4	0.00326868
42.5	0.00321523
42.6	0.00316064
42.7	0.00310613
42.8	0.00304895
42.9	0.00299532
43	0.00294391
43.1	0.00289846
43.2	0.0028569
43.3	0.00281705
43.4	0.00277728
43.5	0.00273899
43.6	0.00270257
43.7	0.00266859
43.8	0.00263476
43.9	0.00260134
44	0.00256863
44.1	0.00253857
44.2	0.00250879
44.3	0.00247756
44.4	0.00244675
44.5	0.00241172
44.6	0.00237993
44.7	0.00235198
44.8	0.00233303
44.9	0.00231886
45	0.00231059
45.1	0.00230803
45.2	0.00230827
45.3	0.00230659
45.4	0.00230497
45.5	0.00229747
45.6	0.00228773
45.7	0.00227546
45.8	0.00226628
45.9	0.00225824
46	0.00224961
46.1	0.00223853
46.2	0.00221958
46.3	0.00219181
46.4	0.00215951
46.5	0.00212531
46.6	0.00209691
46.7	0.00207378
46.8	0.00205396
46.9	0.00203298
47	0.00200937
47.1	0.00198278
47.2	0.00195695
47.3	0.00193177
47.4	0.00190393
47.5	0.00187933
47.6	0.00185498
47.7	0.00183115
47.8	0.00181151
47.9	0.00179447
48	0.00177515
48.1	0.0017538
48.2	0.00172923
48.3	0.00169933
48.4	0.00166354
48.5	0.00162641
48.6	0.00159271
48.7	0.00155928
48.8	0.00152668
48.9	0.00149654
49	0.00147625
49.1	0.00146011
49.2	0.00144173
49.3	0.00142568
49.4	0.00140999
49.5	0.00138852
49.6	0.0013654
49.7	0.00134158
49.8	0.00131941
49.9	0.00130031
50	0.00128429
50.1	0.00126609
50.2	0.00124605
50.3	0.00122713
50.4	0.00120505
50.5	0.00118225
50.6	0.00116259
50.7	0.00114681
50.8	0.00113292
50.9	0.00112483
51	0.00112515
51.1	0.00112568
51.2	0.00112672
51.3	0.00112492
51.4	0.00112131
51.5	0.00112214
51.6	0.00112191
51.7	0.00111728
51.8	0.00110835
51.9	0.0010938
52	0.00106969
52.1	0.00104286
52.2	0.00101533
52.3	0.000988701
52.4	0.000959792
52.5	0.000929754
52.6	0.000898381
52.7	0.000873473
52.8	0.000850636
52.9	0.000829823
53	0.000808237
53.1	0.000787852
53.2	0.000768618
53.3	0.000750351
53.4	0.000731635
53.5	0.000714465
53.6	0.000700633
53.7	0.000687692
53.8	0.000676787
53.9	0.000665437
54	0.000652625
54.1	0.000640707
54.2	0.000632891
54.3	0.000626517
54.4	0.000621218
54.5	0.000610805
54.6	0.000594695
54.7	0.000575305
54.8	0.00055188
54.9	0.000524426
55	0.000502007
55.1	0.000483381
55.2	0.000466204
55.3	0.000447734
55.4	0.000429797
55.5	0.000414654
55.6	0.000399193
55.7	0.000385783
55.8	0.000379662
55.9	0.000383427
56	0.000388879
56.1	0.00039534
56.2	0.00040214
56.3	0.000410259
56.4	0.000420813
56.5	0.000432208
56.6	0.000441506
56.7	0.000446767
56.8	0.000452308
56.9	0.000460637
57	0.000473086
57.1	0.000490005
57.2	0.000504603
57.3	0.000514758
57.4	0.000523367
57.5	0.000536014
57.6	0.000550046
57.7	0.000568488
57.8	0.00058721
57.9	0.000603785
58	0.000619401
58.1	0.000631425
58.2	0.000639298
58.3	0.000642056
58.4	0.000644989
58.5	0.000642648
58.6	0.000638279
58.7	0.000633276
58.8	0.000630898
58.9	0.000626223
59	0.000620723
59.1	0.000614008
59.2	0.00060042
59.3	0.000581779
59.4	0.000557799
59.5	0.000526704
59.6	0.000493304
59.7	0.000460497
59.8	0.000434547
59.9	0.000406943
60	0.000376008
60.1	0.00034855
60.2	0.000322446
60.3	0.000301953
60.4	0.000284389
60.5	0.000269823
60.6	0.000257146
60.7	0.000241955
60.8	0.000227591
60.9	0.00020753
61	0.000180791
61.1	0.000148657
61.2	0.000118196
61.3	8.94544e-05
61.4	6.59603e-05
61.5	4.63027e-05
61.6	2.65945e-05
61.7	8.81683e-06
61.8	-7.07362e-06
61.9	-2.233e-05
62	-3.57605e-05
62.1	-5.38031e-05
62.2	-7.28612e-05
62.3	-8.96635e-05
62.4	-0.00010901
62.5	-0.000137007
62.6	-0.000168658
62.7	-0.000203103
62.8	-0.000239767
62.9	-0.000278302
63	-0.000314896
63.1	-0.000355932
63.2	-0.000399317
63.3	-0.000445525
63.4	-0.000490634
63.5	-0.000534346
63.6	-0.000577492
63.7	-0.000622771
63.8	-0.000665549
63.9	-0.000710812
64	-0.00075077
64.1	-0.000790383
64.2	-0.000826229
64.3	-0.000863487
64.4	-0.000900368
64.5	-0.000936632
64.6	-0.000968871
64.7	-0.00100504
64.8	-0.00103894
64.9	-0.00107072
65	-0.00109607
65.1	-0.00112237
65.2	-0.00114437
65.3	-0.00116179
65.4	-0.00117362
65.5	-0.00118371
65.6	-0.00118867
65.7	-0.00118764
65.8	-0.00118421
65.9	-0.00118021
66	-0.00117508
66.1	-0.00116926
66.2	-0.00115781
66.3	-0.00114289
66.4	-0.00112358
66.5	-0.00110042
66.6	-0.00107619
66.7	-0.00104706
66.8	-0.00101246
66.9	-0.000980757
67	-0.000953448
67.1	-0.000926933
67.2	-0.00090303
67.3	-0.000882868
67.4	-0.000867207
67.5	-0.00085187
67.6	-0.000837728
67.7	-0.000824848
67.8	-0.000811696
67.9	-0.000794784
68	-0.000774812
68.1	-0.000757987
68.2	-0.000744849
68.3	-0.000738924
68.4	-0.000739327
68.5	-0.000742941
68.6	-0.00074576
68.7	-0.000743857
68.8	-0.000736095
68.9	-0.000724416
69	-0.000709449
69.1	-0.000690589
69.2	-0.000670075
69.3	-0.000651138
69.4	-0.000635381
69.5	-0.00062128
69.6	-0.000612149
69.7	-0.000608157
69.8	-0.000609121
69.9	-0.000618641
70	-0.000635345
70.1	-0.000652091
70.2	-0.000670191
70.3	-0.000687617
70.4	-0.000704395
70.5	-0.000725497
70.6	-0.000747077
70.7	-0.000767595
70.8	-0.000791712
70.9	-0.000823489
71	-0.000865782
71.1	-0.000915374
71.2	-0.000962113
71.3	-0.00100414
71.4	-0.00104333
71.5	-0.00108052
71.6	-0.00111758
71.7	-0.00115107
71.8	-0.00118724
71.9	-0.00121663
72	-0.00124491
72.1	-0.00127297
72.2	-0.0012974
72.3	-0.00132567
72.4	-0.00135484
72.5	-0.00138291
72.6	-0.00140389
72.7	-0.00142006
72.8	-0.00143206
72.9	-0.00143799
73	-0.00144557
73.1	-0.00145444
73.2	-0.00146313
73.3	-0.00146956
73.4	-0.00147381
73.5	-0.00147369
73.6	-0.00147077
73.7	-0.00147198
73.8	-0.00147485
73.9	-0.00147725
74	-0.00148084
74.1	-0.00148251
74.2	-0.00148562
74.3	-0.00148803
74.4	-0.00149271
74.5	-0.00150199
74.6	-0.00151172
74.7	-0.0015201
74.8	-0.00153421
74.9	-0.00155933
75	-0.00158865
75.1	-0.0016191
75.2	-0.00164836
75.3	-0.00167783
75.4	-0.00170599
75.5	-0.00173228
75.6	-0.00175716
75.7	-0.00178109
75.8	-0.00180558
75.9	-0.0018316
76	-0.00185797
76.1	-0.0018845
76.2	-0.00191292
76.3	-0.001945
76.4	-0.00197704
76.5	-0.00201571
76.6	-0.00205314
76.7	-0.00209267
76.8	-0.00213268
76.9	-0.00216468
77	-0.00219067
77.1	-0.00221399
77.2	-0.00223721
77.3	-0.00225883
77.4	-0.0022829
77.5	-0.00231402
77.6	-0.00235012
77.7	-0.00238398
77.8	-0.00241579
77.9	-0.00244417
78	-0.00246862
78.1	-0.00249358
78.2	-0.00252023
78.3	-0.00254411
78.4	-0.00256189
78.5	-0.00258084
78.6	-0.00259409
78.7	-0.00260496
78.8	-0.00261881
78.9	-0.00263528
79	-0.00264795
79.1	-0.0026584
79.2	-0.00266781
79.3	-0.00267353
79.4	-0.00267476
79.5	-0.00267353
79.6	-0.00266829
79.7	-0.00265981
79.8	-0.00264872
79.9	-0.00263813
80	-0.0026295
80.1	-0.00262208
80.2	-0.0026196
80.3	-0.00261604
80.4	-0.0026151
80.5	-0.0026163
80.6	-0.00262203
80.7	-0.00263188
80.8	-0.00264396
80.9	-0.00265233
81	-0.00265906
81.1	-0.00266501
81.2	-0.00267345
81.3	-0.00267626
81.4	-0.00267495
81.5	-0.00267747
81.6	-0.00268189
81.7	-0.00268808
81.8	-0.00269999
81.9	-0.00271425
82	-0.00273404
82.1	-0.00275444
82.2	-0.00277124
82.3	-0.00278626
82.4	-0.00280187
82.5	-0.00281811
82.6	-0.00283533
82.7	-0.00284832
82.8	-0.00285644
82.9	-0.00286464
83	-0.00286333
83.1	-0.00285623
83.2	-0.00284647
83.3	-0.00283057
83.4	-0.00281394
83.5	-0.00279763
83.6	-0.00277818
83.7	-0.00275408
83.8	-0.00272687
83.9	-0.00270007
84	-0.00267163
84.1	-0.00264299
84.2	-0.00261329
84.3	-0.00258249
84.4	-0.00254988
84.5	-0.00251849
84.6	-0.0024915
84.7	-0.00246657
84.8	-0.00244554
84.9	-0.00242692
85	-0.0024125
85.1	-0.00240333
85.2	-0.00239728
85.3	-0.00239308
85.4	-0.00239428
85.5	-0.00239434
85.6	-0.00239697
85.7	-0.00240378
85.8	-0.0024098
85.9	-0.00241102
86	-0.00240692
86.1	-0.00240222
86.2	-0.00239807
86.3	-0.00239172
86.4	-0.00238279
86.5	-0.00237087
86.6	-0.00235868
86.7	-0.00234219
86.8	-0.00232231
86.9	-0.0023015
87	-0.00228438
87.1	-0.00226824
87.2	-0.00225582
87.3	-0.00224067
87.4	-0.00222405
87.5	-0.00220935
87.6	-0.00220009
87.7	-0.0021912
87.8	-0.00217608
87.9	-0.00215342
88	-0.00213012
88.1	-0.00210241
88.2	-0.00207495
88.3	-0.002042
88.4	-0.00200569
88.5	-0.00196721
88.6	-0.00193082
88.7	-0.00189615
88.8	-0.0018628
88.9	-0.00183055
89	-0.00180274
89.1	-0.00177695
89.2	-0.00175324
89.3	-0.00172897
89.4	-0.00170722
89.5	-0.00168163
89.6	-0.00165222
89.7	-0.00162094
89.8	-0.00159034
89.9	-0.00155793
90	-0.00152643
90.1	-0.0014991
90.2	-0.00147738
90.3	-0.00145238
90.4	-0.00142834
90.5	-0.00139988
90.6	-0.0013701
90.7	-0.0013401
90.8	-0.00131285
90.9	-0.00128959
91	-0.00126222
91.1	-0.0012307
91.2	-0.00119892
91.3	-0.0011663
91.4	-0.00113243
91.5	-0.0010984
91.6	-0.00106533
91.7	-0.00103223
91.8	-0.000999909
91.9	-0.000971081
92	-0.000946604
92.1	-0.000927054
92.2	-0.000910641
92.3	-0.00089843
92.4	-0.000891836
92.5	-0.000883039
92.6	-0.000874723
92.7	-0.000867723
92.8	-0.000860257
92.9	-0.000850742
93	-0.000840583
93.1	-0.000831703
93.2	-0.000819704
93.3	-0.00080799
93.4	-0.000797906
93.5	-0.000785172
93.6	-0.000770236
93.7	-0.000753744
93.8	-0.000736489
93.9	-0.000717648
94	-0.000700173
94.1	-0.000681635
94.2	-0.000661875
94.3	-0.000640216
94.4	-0.000612688
94.5	-0.000585703
94.6	-0.000564719
94.7	-0.000551968
94.8	-0.000536739
94.9	-0.000524236
95	-0.000516022
95.1	-0.000514075
95.2	-0.000513944
95.3	-0.00051075
95.4	-0.000504322
95.5	-0.000499919
95.6	-0.000498771
95.7	-0.000497695
95.8	-0.000499203
95.9	-0.000496593
96	-0.00048996
96.1	-0.000481298
96.2	-0.000475825
96.3	-0.000475511
96.4	-0.000478878
96.5	-0.000487086
96.6	-0.000498442
96.7	-0.000513267
96.8	-0.00052931
96.9	-0.000545723
97	-0.000561147
97.1	-0.000573717
97.2	-0.000582789
97.3	-0.000587898
97.4	-0.000588154
97.5	-0.000588566
97.6	-0.000589462
97.7	-0.000589763
97.8	-0.000587319
97.9	-0.000589402
98	-0.000596286
98.1	-0.000601282
98.2	-0.000603085
98.3	-0.000600976
98.4	-0.000598476
98.5	-0.000593351
98.6	-0.00058889
98.7	-0.000584036
98.8	-0.000580823
98.9	-0.000576867
99	-0.00057239
99.1	-0.000569489
99.2	-0.000567631
99.3	-0.000563997
99.4	-0.000555504
99.5	-0.00054367
99.6	-0.000532576
99.7	-0.000523211
99.8	-0.000514732
99.9	-0.000507324
100	-0.000499212
100.1	-0.000493401
100.2	-0.000486492
100.3	-0.00048217
100.4	-0.000481765
100.5	-0.000482808
100.6	-0.000478132
100.7	-0.000471629
100.8	-0.000462969
100.9	-0.000448022
101	-0.000427986
101.1	-0.000410099
101.2	-0.000394948
101.3	-0.000377639
101.4	-0.000365625
101.5	-0.000353484
101.6	-0.000341203
101.7	-0.000332649
101.8	-0.000326723
101.9	-0.000324573
102	-0.000327963
102.1	-0.000334533
102.2	-0.000339378
102.3	-0.000338125
102.4	-0.000334109
102.5	-0.000325297
102.6	-0.000311144
102.7	-0.000293901
102.8	-0.000270536
102.9	-0.000242403
103	-0.000207728
103.1	-0.000171826
103.2	-0.000133418
103.3	-8.9131e-05
103.4	-4.54381e-05
103.5	5.38972e-07
103.6	4.33898e-05
103.7	8.78149e-05
103.8	0.000127584
103.9	0.000166784
104	0.00020598
104.1	0.000243381
104.2	0.000281586
104.3	0.00031667
104.4	0.000351194
104.5	0.000381344
104.6	0.000409413
104.7	0.000439242
104.8	0.000471119
104.9	0.000497294
105	0.000517426
105.1	0.000531924
105.2	0.00054182
105.3	0.000544999
105.4	0.000538648
105.5	0.000530067
105.6	0.00052148
105.7	0.000511505
105.8	0.00049743
105.9	0.00048384
106	0.000475693
106.1	0.000471262
106.2	0.000467245
106.3	0.000464568
106.4	0.000467169
106.5	0.000472205
106.6	0.000475953
106.7	0.000478951
106.8	0.000486097
106.9	0.000492941
107	0.000499781
107.1	0.000504043
107.2	0.000505295
107.3	0.000508791
107.4	0.00051237
107.5	0.000512643
107.6	0.000506014
107.7	0.000494951
107.8	0.000479103
107.9	0.000459361
108	0.000435937
108.1	0.000407433
108.2	0.000380305
108.3	0.000355712
108.4	0.000331768
108.5	0.000314814
108.6	0.000302415
108.7	0.000289452
108.8	0.000276864
108.9	0.000271941
109	0.000274239
109.1	0.000282218
109.2	0.000286162
109.3	0.000289657
109.4	0.000295555
109.5	0.0003029
109.6	0.000312655
109.7	0.000327529
109.8	0.000342874
109.9	0.0003569
110	0.00037135
110.1	0.000388576
110.2	0.000408892
110.3	0.000431576
110.4	0.000456755
110.5	0.000483875
110.6	0.000507088
110.7	0.000529579
110.8	0.000553655
110.9	0.00058126
111	0.000606227
111.1	0.000633684
111.2	0.000662573
111.3	0.00069711
111.4	0.000727229
111.5	0.000755303
111.6	0.000784433
111.7	0.000809922
111.8	0.00083945
111.9	0.000863944
112	0.000884005
112.1	0.000901553
112.2	0.000915712
112.3	0.000926728
112.4	0.000938285
112.5	0.000951292
112.6	0.000962779
112.7	0.000972289
112.8	0.000980619
112.9	0.000988413
113	0.000995752
113.1	0.0010067
113.2	0.00101849
113.3	0.00103138
113.4	0.00104863
113.5	0.00106347
113.6	0.00107832
113.7	0.00109371
113.8	0.0011048
113.9	0.00111718
114	0.00113159
114.1	0.0011452
114.2	0.00115815
114.3	0.00116228
114.4	0.00116058
114.5	0.0011582
114.6	0.00115224
114.7	0.00114567
114.8	0.00114096
114.9	0.00113257
115	0.00111769
115.1	0.00109876
115.2	0.00107328
115.3	0.00104416
115.4	0.00101311
115.5	0.00098048
115.6	0.000946774
115.7	0.000909257
115.8	0.000869439
115.9	0.000824758
116	0.000778949
116.1	0.000735284
116.2	0.000694012
116.3	0.000655223
116.4	0.000614295
116.5	0.000574355
116.6	0.000531064
116.7	0.000486866
116.8	0.000444695
116.9	0.000406241
117	0.000369427
117.1	0.000334207
117.2	0.000296155
117.3	0.000253964
117.4	0.000209328
117.5	0.000161085
117.6	0.000116725
117.7	7.41293e-05
117.8	3.65544e-05
117.9	2.07553e-06
118	-2.86813e-05
118.1	-5.7934e-05
118.2	-9.02347e-05
118.3	-0.00012696
118.4	-0.000164232
118.5	-0.000201977
118.6	-0.000244348
118.7	-0.000290231
118.8	-0.000341585
118.9	-0.000393267
119	-0.000442008
119.1	-0.000485323
119.2	-0.000526805
119.3	-0.000562829
119.4	-0.000600096
119.5	-0.000637434
119.6	-0.00067506
119.7	-0.000712723
119.8	-0.000746151
119.9	-0.000775284
120	-0.000799821
120.1	-0.000823886
120.2	-0.000849813
120.3	-0.000880229
120.4	-0.000912234
120.5	-0.000944623
120.6	-0.000974568
120.7	-0.00100098
120.8	-0.00102823
120.9	-0.00105719
121	-0.0010853
121.1	-0.00111229
121.2	-0.00113826
121.3	-0.00116414
121.4	-0.00118904
121.5	-0.00121562
121.6	-0.0012467
121.7	-0.00128187
121.8	-0.00132193
121.9	-0.00136038
122	-0.00139158
122.1	-0.00141976
122.2	-0.00144685
122.3	-0.0014688
122.4	-0.00148858
122.5	-0.00151121
122.6	-0.00153299
122.7	-0.00155113
122.8	-0.00156453
122.9	-0.00157763
123	-0.00159449
123.1	-0.00160871
123.2	-0.0016215
123.3	-0.00163101
123.4	-0.00163442
123.5	-0.00163674
123.6	-0.00163505
123.7	-0.00163043
123.8	-0.00162126
123.9	-0.00160922
124	-0.00159447
124.1	-0.00158428
124.2	-0.00158044
124.3	-0.00158141
124.4	-0.00158894
124.5	-0.00159941
124.6	-0.00160645
124.7	-0.00161468
124.8	-0.00162031
124.9	-0.0016211
125	-0.00162587
125.1	-0.00163571
125.2	-0.0016546
125.3	-0.00167324
125.4	-0.00169326
125.5	-0.00171345
125.6	-0.00173103
125.7	-0.0017472
125.8	-0.00176393
125.9	-0.00177408
126	-0.00177929
126.1	-0.0017816
126.2	-0.0017845
126.3	-0.00178624
126.4	-0.0017879
126.5	-0.0017908
126.6	-0.00179834
126.7	-0.00180475
126.8	-0.00180706
126.9	-0.00180687
127	-0.00180697
127.1	-0.00180427
127.2	-0.00180021
127.3	-0.00179612
127.4	-0.00178904
127.5	-0.00177816
127.6	-0.00177051
127.7	-0.00177151
127.8	-0.00177541
127.9	-0.00178149
128	-0.00179222
128.1	-0.00180534
128.2	-0.0018204
128.3	-0.00184016
128.4	-0.00185975
128.5	-0.0018746
128.6	-0.00188255
128.7	-0.00188265
128.8	-0.00188043
128.9	-0.00187394
129	-0.00187004
129.1	-0.00186679
129.2	-0.00186263
129.3	-0.00185782
129.4	-0.00185368
129.5	-0.00184869
129.6	-0.00183951
129.7	-0.00183337
129.8	-0.00182294
129.9	-0.00180829
130	-0.00179486
130.1	-0.00178663
130.2	-0.00178569
130.3	-0.00178331
130.4	-0.00178323
130.5	-0.00178873
130.6	-0.00179261
130.7	-0.00179831
130.8	-0.00180238
130.9	-0.00179867
131	-0.00178762
131.1	-0.00177411
131.2	-0.00175823
131.3	-0.00174262
131.4	-0.00173003
131.5	-0.00171871
131.6	-0.00171133
131.7	-0.00170655
131.8	-0.00170108
131.9	-0.00169509
132	-0.00168087
132.1	-0.00166267
132.2	-0.00164071
132.3	-0.00162044
132.4	-0.00160146
132.5	-0.00158431
132.6	-0.00156392
132.7	-0.00153811
132.8	-0.00151023
132.9	-0.0014787
133	-0.00144764
133.1	-0.00142169
133.2	-0.00139761
133.3	-0.00137003
133.4	-0.00134112
133.5	-0.0013138
133.6	-0.00128921
133.7	-0.00127018
133.8	-0.00125856
133.9	-0.00124542
134	-0.0012324
134.1	-0.00121961
134.2	-0.00120812
134.3	-0.00119905
134.4	-0.00119262
134.5	-0.00118487
134.6	-0.00118421
134.7	-0.00118982
134.8	-0.00119754
134.9	-0.00121163
135	-0.00122548
135.1	-0.0012369
135.2	-0.00123986
135.3	-0.00123913
135.4	-0.00123568
135.5	-0.00123013
135.6	-0.00122987
135.7	-0.00122948
135.8	-0.0012253
135.9	-0.00122268
136	-0.00122607
136.1	-0.0012312
136.2	-0.00123167
136.3	-0.00123161
136.4	-0.00123311
136.5	-0.00123497
136.6	-0.00123212
136.7	-0.00122651
136.8	-0.001216
136.9	-0.00120115
137	-0.00118317
137.1	-0.00115831
137.2	-0.0011266
137.3	-0.00109173
137.4	-0.00105407
137.5	-0.00101688
137.6	-0.000984753
137.7	-0.000957834
137.8	-0.000939067
137.9	-0.000921636
138	-0.000904669
138.1	-0.0008861
138.2	-0.000869045
138.3	-0.000853317
138.4	-0.000839534
138.5	-0.000829346
138.6	-0.000826288
138.7	-0.000824005
138.8	-0.000824257
138.9	-0.000829086
139	-0.000834115
139.1	-0.000838354
139.2	-0.000844166
139.3	-0.000853445
139.4	-0.000865862
139.5	-0.000881041
139.6	-0.000897489
139.7	-0.000911485
139.8	-0.000925971
139.9	-0.000938959
140	-0.000951141
140.1	-0.000956882
140.2	-0.000962018
140.3	-0.000964045
140.4	-0.000962195
140.5	-0.00095795
140.6	-0.000948638
140.7	-0.000937304
140.8	-0.000926103
140.9	-0.000921642
141	-0.000917084
141.1	-0.000913475
141.2	-0.000914986
141.3	-0.000921779
141.4	-0.000931863
141.5	-0.000941582
141.6	-0.000948649
141.7	-0.000949399
141.8	-0.00094821
141.9	-0.000942895
142	-0.00093452
142.1	-0.000930166
142.2	-0.000929222
142.3	-0.000928291
142.4	-0.000927121
142.5	-0.000928165
142.6	-0.000934437
142.7	-0.000943473
142.8	-0.000955579
142.9	-0.000970139
143	-0.000986088
143.1	-0.00100129
143.2	-0.00101513
143.3	-0.00102959
143.4	-0.00104786
143.5	-0.00107005
143.6	-0.00109037
143.7	-0.00110786
143.8	-0.00112526
143.9	-0.00114399
144	-0.00116993
144.1	-0.00119541
144.2	-0.00122306
144.3	-0.00124469
144.4	-0.00126159
144.5	-0.00127353
144.6	-0.0012859
144.7	-0.00130555
144.8	-0.0013298
144.9	-0.00135875
145	-0.00138927
145.1	-0.00141685
145.2	-0.00144683
145.3	-0.00147194
145.4	-0.00149346
145.5	-0.00151529
145.6	-0.00153655
145.7	-0.00156182
145.8	-0.00159259
145.9	-0.00162405
146	-0.00165189
146.1	-0.00168286
146.2	-0.00171587
146.3	-0.00174887
146.4	-0.00178042
146.5	-0.00181163
146.6	-0.00184189
146.7	-0.00186564
146.8	-0.00188255
146.9	-0.0018975
147	-0.00191124
147.1	-0.00192684
147.2	-0.00194361
147.3	-0.00195899
147.4	-0.00197569
147.5	-0.00199154
147.6	-0.00200675
147.7	-0.00201933
147.8	-0.00203042
147.9	-0.00204218
148	-0.00205658
148.1	-0.00207304
148.2	-0.00209008
148.3	-0.0021025
148.4	-0.0021139
148.5	-0.00212756
148.6	-0.00214291
148.7	-0.00215875
148.8	-0.00217331
148.9	-0.00218413
149	-0.00219121
149.1	-0.00219646
149.2	-0.00220017
149.3	-0.00220029
149.4	-0.00219223
149.5	-0.00217828
149.6	-0.00216231
149.7	-0.00214514
149.8	-0.00212455
149.9	-0.00210021
150	-0.00206795
150.1	-0.00203188
150.2	-0.00199482
150.3	-0.00195825
150.4	-0.00192035
150.5	-0.0018819
150.6	-0.0018421
150.7	-0.00179849
150.8	-0.0017522
150.9	-0.00170157
151	-0.00165133
151.1	-0.00160328
151.2	-0.00155617
151.3	-0.00150539
151.4	-0.0014495
151.5	-0.00139034
151.6	-0.00133574
151.7	-0.00128672
151.8	-0.0012368
151.9	-0.00118496
152	-0.0011352
152.1	-0.00108905
152.2	-0.00104182
152.3	-0.00100069
152.4	-0.000964516
152.5	-0.000933951
152.6	-0.000904202
152.7	-0.000880323
152.8	-0.000865155
152.9	-0.00084934
153	-0.000834461
153.1	-0.000816348
153.2	-0.000794731
153.3	-0.000771317
153.4	-0.000748779
153.5	-0.00072943
153.6	-0.000712912
153.7	-0.000692785
153.8	-0.000667358
153.9	-0.0006403
154	-0.000613147
154.1	-0.000589614
154.2	-0.000572033
154.3	-0.000558833
154.4	-0.000546759
154.5	-0.000534173
154.6	-0.000525105
154.7	-0.000518788
154.8	-0.00051715
154.9	-0.000512092
155	-0.000502698
155.1	-0.000490566
155.2	-0.000478567
155.3	-0.000469577
155.4	-0.000463152
155.5	-0.000457427
155.6	-0.000453679
155.7	-0.000454066
155.8	-0.000455943
155.9	-0.000458544
156	-0.000462094
156.1	-0.000468757
156.2	-0.000475928
156.3	-0.000482632
156.4	-0.000487994
156.5	-0.000495679
156.6	-0.000500134
156.7	-0.000508757
156.8	-0.000519209
156.9	-0.00052364
157	-0.000523765
157.1	-0.000518467
157.2	-0.000506264
157.3	-0.000494317
157.4	-0.000480787
157.5	-0.000466832
157.6	-0.000450906
157.7	-0.000434641
157.8	-0.000422914
157.9	-0.000413388
158	-0.000407808
158.1	-0.000399704
158.2	-0.000395254
158.3	-0.000392233
158.4	-0.00038834
158.5	-0.000390035
158.6	-0.000401436
158.7	-0.000418112
158.8	-0.000436722
158.9	-0.000459991
159	-0.000483127
159.1	-0.00050569
159.2	-0.000525712
159.3	-0.000541997
159.4	-0.000555544
159.5	-0.00056666
159.6	-0.000575197
159.7	-0.000580193
159.8	-0.000585681
159.9	-0.000593581
160	-0.000604585
160.1	-0.000620486
160.2	-0.000638913
160.3	-0.000655782
160.4	-0.000672564
160.5	-0.000690367
160.6	-0.000709237
160.7	-0.000726316
160.8	-0.000745473
160.9	-0.000765407
161	-0.000788677
161.1	-0.000807551
161.2	-0.000823538
161.3	-0.000836749
161.4	-0.000845915
161.5	-0.000853623
161.6	-0.000857967
161.7	-0.000858592
161.8	-0.000860382
161.9	-0.000865035
162	-0.00086915
162.1	-0.000873399
162.2	-0.000872527
162.3	-0.00086512
162.4	-0.000856062
162.5	-0.000846627
162.6	-0.000840888
162.7	-0.000832908
162.8	-0.000824017
162.9	-0.000812846
163	-0.000798521
163.1	-0.000778332
163.2	-0.00075905
163.3	-0.000735699
163.4	-0.000717038
163.5	-0.000698148
163.6	-0.000675366
163.7	-0.000653208
163.8	-0.000628538
163.9	-0.000598453
164	-0.000562557
164.1	-0.000524025
164.2	-0.000482063
164.3	-0.000444224
164.4	-0.000409891
164.5	-0.000375361
164.6	-0.000334527
164.7	-0.000287088
164.8	-0.000237808
164.9	-0.000185392
165	-0.000131858
165.1	-7.55039e-05
165.2	-1.93787e-05
165.3	3.36938e-05
165.4	8.20777e-05
165.5	0.000126029
165.6	0.000166781
165.7	0.000213508
165.8	0.000261871
165.9	0.000308485
166	0.000349143
166.1	0.000391583
166.2	0.00043332
166.3	0.000476419
166.4	0.000519858
166.5	0.000559076
166.6	0.000592927
166.7	0.000628561
166.8	0.000670447
166.9	0.000715497
167	0.000758207
167.1	0.000795936
167.2	0.000828177
167.3	0.000857672
167.4	0.000885178
167.5	0.000905095
167.6	0.000924159
167.7	0.00094174
167.8	0.00096618
167.9	0.000995778
168	0.00103074
168.1	0.00106507
168.2	0.00109745
168.3	0.00113269
168.4	0.00116188
168.5	0.00118556
168.6	0.00120448
168.7	0.00121682
168.8	0.00122313
168.9	0.00122982
169	0.0012348
169.1	0.00124327
169.2	0.00124903
169.3	0.00125851
169.4	0.0012691
169.5	0.00127837
169.6	0.0012848
169.7	0.00129736
169.8	0.001316
169.9	0.00133613
170	0.00135161
170.1	0.00136287
170.2	0.00137183
170.3	0.00138105
170.4	0.00139541
170.5	0.00141109
170.6	0.00142635
170.7	0.00143866
170.8	0.00144677
170.9	0.00145139
171	0.00145553
171.1	0.00146049
171.2	0.00146983
171.3	0.00147994
171.4	0.00149488
171.5	0.00151486
171.6	0.00153499
171.7	0.00155447
171.8	0.00157336
171.9	0.00158615
172	0.00159305
172.1	0.00159483
172.2	0.00159801
172.3	0.00160034
172.4	0.00160115
172.5	0.0016034
172.6	0.00160225
172.7	0.00160057
172.8	0.00160021
172.9	0.001602
173	0.00160083
173.1	0.00159448
173.2	0.0015852
173.3	0.00157482
173.4	0.00156647
173.5	0.00156025
173.6	0.00155534
173.7	0.00155095
173.8	0.00154753
173.9	0.00154494
174	0.00154247
174.1	0.00154094
174.2	0.00154502
174.3	0.0015492
174.4	0.00155098
174.5	0.00155215
174.6	0.0015526
174.7	0.00155245
174.8	0.00155074
174.9	0.00154901
175	0.001546
175.1	0.00154081
175.2	0.0015374
175.3	0.00153337
175.4	0.00153152
175.5	0.00153103
175.6	0.00153118
175.7	0.00153073
175.8	0.00152926
175.9	0.00153005
176	0.0015289
176.1	0.00152539
176.2	0.00151834
176.3	0.00151383
176.4	0.00150789
176.5	0.0015045
176.6	0.00150105
176.7	0.00149801
176.8	0.00149851
176.9	0.00149778
177	0.00149316
177.1	0.00148491
177.2	0.00147607
177.3	0.00146667
177.4	0.00144682
177.5	0.00142003
177.6	0.00139482
177.7	0.00137438
177.8	0.00135311
177.9	0.00133046
178	0.00130567
178.1	0.00128587
178.2	0.00127415
178.3	0.00126614
178.4	0.00126338
178.5	0.00126618
178.6	0.00126981
178.7	0.00127137
178.8	0.00127191
178.9	0.00127205
179	0.00126905
179.1	0.00126293
179.2	0.00125615
179.3	0.0012457
179.4	0.00123493
179.5	0.00122411
179.6	0.001217
179.7	0.00121746
179.8	0.00121983
179.9	0.00122046
180	0.00121935
180.1	0.00121349
180.2	0.00120063
180.3	0.00118606
180.4	0.00117368
180.5	0.00116196
180.6	0.00115275
180.7	0.00114409
180.8	0.00113185
180.9	0.00111618
181	0.00109742
181.1	0.00107602
181.2	0.00105524
181.3	0.00102962
181.4	0.000999786
181.5	0.000973426
181.6	0.000949024
181.7	0.000926229
181.8	0.000906157
181.9	0.000892334
182	0.000881519
182.1	0.000873969
182.2	0.000861772
182.3	0.00084598
182.4	0.000830657
182.5	0.000813113
182.6	0.00078772
182.7	0.000764703
182.8	0.000746053
182.9	0.000728234
183	0.000707979
183.1	0.000686588
183.2	0.000663482
183.3	0.000636048
183.4	0.00060572
183.5	0.000576618
183.6	0.000552184
183.7	0.000529431
183.8	0.000504375
183.9	0.000482739
184	0.000464694
184.1	0.000449948
184.2	0.00043674
184.3	0.000427822
184.4	0.000410746
184.5	0.000388761
184.6	0.000365567
184.7	0.000342242
184.8	0.000319327
184.9	0.000295249
185	0.000268569
185.1	0.000235197
185.2	0.000203985
185.3	0.000175551
185.4	0.00014439
185.5	0.00011115
185.6	7.61827e-05
185.7	3.99481e-05
185.8	7.87362e-06
185.9	-2.08919e-05
186	-4.90904e-05
186.1	-7.70837e-05
186.2	-0.000100608
186.3	-0.000126013
186.4	-0.000149224
186.5	-0.000176989
186.6	-0.000203631
186.7	-0.000230695
186.8	-0.000258538
186.9	-0.000291009
187	-0.000322198
187.1	-0.000350087
187.2	-0.000382653
187.3	-0.000416031
187.4	-0.000453401
187.5	-0.000495182
187.6	-0.000537248
187.7	-0.000586507
187.8	-0.000638615
187.9	-0.000693245
188	-0.000745073
188.1	-0.00079065
188.2	-0.000835582
188.3	-0.000879851
188.4	-0.000925738
188.5	-0.000970573
188.6	-0.00101676
188.7	-0.00105831
188.8	-0.00109658
188.9	-0.00113252
189	-0.0011645
189.1	-0.00119316
189.2	-0.0012234
189.3	-0.00125267
189.4	-0.0012813
189.5	-0.00131524
189.6	-0.00134553
189.7	-0.00137094
189.8	-0.00139314
189.9	-0.00141534
190	-0.00143134
190.1	-0.00144818
190.2	-0.00146988
190.3	-0.00149622
190.4	-0.00152506
190.5	-0.00155297
190.6	-0.00158294
190.7	-0.001615
190.8	-0.00164739
190.9	-0.00167425
191	-0.00170189
191.1	-0.00173073
191.2	-0.00176031
191.3	-0.00179138
191.4	-0.00182153
191.5	-0.00185146
191.6	-0.00187889
191.7	-0.00190829
191.8	-0.00194003
191.9	-0.00197181
192	-0.00200456
192.1	-0.00203736
192.2	-0.00207616
192.3	-0.00211695
192.4	-0.00215907
192.5	-0.00220184
192.6	-0.00224926
192.7	-0.00228984
192.8	-0.00232634
192.9	-0.00235925
193	-0.00238755
193.1	-0.0024156
193.2	-0.00244228
193.3	-0.00246917
193.4	-0.00249275
193.5	-0.00251936
193.6	-0.00254927
193.7	-0.00258
193.8	-0.00261484
193.9	-0.00265196
194	-0.00268672
194.1	-0.00271841
194.2	-0.00274998
194.3	-0.00278069
194.4	-0.00281237
194.5	-0.00284925
194.6	-0.00288133
194.7	-0.0029105
194.8	-0.0029365
194.9	-0.00295489
195	-0.00296641
195.1	-0.00297224
195.2	-0.00297666
195.3	-0.00297738
195.4	-0.0029723
195.5	-0.00296453
195.6	-0.00295359
195.7	-0.00293712
195.8	-0.00291551
195.9	-0.00289452
196	-0.00287743
196.1	-0.00286281
196.2	-0.00284414
196.3	-0.00282074
196.4	-0.00279266
196.5	-0.00276561
196.6	-0.00273757
196.7	-0.00271026
196.8	-0.00268829
196.9	-0.0026716
197	-0.0026563
197.1	-0.00263705
197.2	-0.00261446
197.3	-0.00259318
197.4	-0.00257258
197.5	-0.00254922
197.6	-0.00252623
197.7	-0.0025036
197.8	-0.00248698
197.9	-0.002475
198	-0.00246076
198.1	-0.00244565
198.2	-0.00242753
198.3	-0.00240601
198.4	-0.0023859
198.5	-0.00236932
198.6	-0.00235925
198.7	-0.00235106
198.8	-0.00234153
198.9	-0.00233413
199	-0.00232774
199.1	-0.00232651
199.2	-0.00232569
199.3	-0.00232008
199.4	-0.00231499
199.5	-0.00231308
199.6	-0.00231522
199.7	-0.00231751
199.8	-0.00231668
199.9	-0.00231418
200	-0.00230775
200.1	-0.00230008
200.2	-0.00229543
200.3	-0.00229403
200.4	-0.00229324
200.5	-0.00229094
200.6	-0.00229074
200.7	-0.00229355
200.8	-0.00229913
200.9	-0.0023033
201	-0.00230647
201.1	-0.00231139
201.2	-0.00231217
201.3	-0.00231165
201.4	-0.00231511
201.5	-0.00231901
201.6	-0.00232772
201.7	-0.00234079
201.8	-0.00235494
201.9	-0.00237001
202	-0.00238406
202.1	-0.00239212
202.2	-0.0023954
202.3	-0.00239976
202.4	-0.00239894
202.5	-0.00239858
202.6	-0.00239755
202.7	-0.00240139
202.8	-0.00240626
202.9	-0.00241052
203	-0.00240827
203.1	-0.00240437
203.2	-0.00239783
203.3	-0.00238954
203.4	-0.00238625
203.5	-0.00238311
203.6	-0.00238018
203.7	-0.00237861
203.8	-0.00237799
203.9	-0.00237579
204	-0.00237916
204.1	-0.00238417
204.2	-0.00238668
204.3	-0.00238522
204.4	-0.00238581
204.5	-0.0023819
204.6	-0.00238366
204.7	-0.00238867
204.8	-0.00239278
204.9	-0.00239642
205	-0.00239218
205.1	-0.00238219
205.2	-0.00236815
205.3	-0.00235704
205.4	-0.00234928
205.5	-0.00234014
205.6	-0.00232682
205.7	-0.00231641
205.8	-0.00230971
205.9	-0.00230501
206	-0.00230125
206.1	-0.00229535
206.2	-0.0022865
206.3	-0.00227454
206.4	-0.00226151
206.5	-0.00224234
206.6	-0.00222163
206.7	-0.00219945
206.8	-0.00218136
206.9	-0.00216531
207	-0.00214676
207.1	-0.00213239
207.2	-0.00212488
207.3	-0.00211656
207.4	-0.00211081
207.5	-0.00210608
207.6	-0.00210425
207.7	-0.00210334
207.8	-0.00210037
207.9	-0.00209175
208	-0.00208334
208.1	-0.00208003
208.2	-0.00207881
208.3	-0.00207463
208.4	-0.00206712
208.5	-0.00206314
208.6	-0.00206181
208.7	-0.00205567
208.8	-0.00204022
208.9	-0.00201754
209	-0.00199196
209.1	-0.00196459
209.2	-0.0019366
209.3	-0.00191126
209.4	-0.0018847
209.5	-0.00185877
209.6	-0.00183554
209.7	-0.00181087
209.8	-0.00178516
209.9	-0.00176111
210	-0.00173377
210.1	-0.00170806
210.2	-0.00168457
210.3	-0.00166409
210.4	-0.00164873
210.5	-0.00163136
210.6	-0.00161164
210.7	-0.00158795
210.8	-0.0015656
210.9	-0.00154675
211	-0.00152896
211.1	-0.00152043
211.2	-0.00151651
211.3	-0.00151212
211.4	-0.00150894
211.5	-0.00150623
211.6	-0.00149793
211.7	-0.00148572
211.8	-0.00147358
211.9	-0.0014653
212	-0.00145602
212.1	-0.00145278
212.2	-0.00145343
212.3	-0.00145845
212.4	-0.00146745
212.5	-0.00148296
212.6	-0.00149956
212.7	-0.00151804
212.8	-0.00153616
212.9	-0.00156291
213	-0.00159253
213.1	-0.00161585
213.2	-0.00163635
213.3	-0.00165764
213.4	-0.00167488
213.5	-0.00168762
213.6	-0.00170138
213.7	-0.00170943
213.8	-0.00171652
213.9	-0.00172623
214	-0.00173756
214.1	-0.00174938
214.2	-0.00176442
214.3	-0.0017865
214.4	-0.00180899
214.5	-0.00183555
214.6	-0.00187002
214.7	-0.00190364
214.8	-0.00193654
214.9	-0.00197083
215	-0.00200646
215.1	-0.00204637
215.2	-0.00209387
215.3	-0.00214312
215.4	-0.00219477
215.5	-0.00224031
215.6	-0.00228011
215.7	-0.00231796
215.8	-0.00235059
215.9	-0.00238162
216	-0.00241732
216.1	-0.00244882
216.2	-0.00247344
216.3	-0.00249433
216.4	-0.00251087
216.5	-0.00252647
216.6	-0.00254395
216.7	-0.00256083
216.8	-0.00257933
216.9	-0.00260135
217	-0.00262302
217.1	-0.00264121
217.2	-0.00265817
217.3	-0.00267544
217.4	-0.00269382
217.5	-0.00271124
217.6	-0.00272322
217.7	-0.00273081
217.8	-0.00273723
217.9	-0.00274164
218	-0.0027448
218.1	-0.00275032
218.2	-0.00275141
218.3	-0.00275118
218.4	-0.00274716
218.5	-0.00274194
218.6	-0.00273753
218.7	-0.00273294
218.8	-0.00272444
218.9	-0.00271283
219	-0.00269982
219.1	-0.00268853
219.2	-0.00268287
219.3	-0.00267962
219.4	-0.00267669
219.5	-0.00267372
219.6	-0.00267062
219.7	-0.00266789
219.8	-0.00266867
219.9	-0.00267294
220	-0.00268138
220.1	-0.00269035
220.2	-0.00270095
220.3	-0.00270858
220.4	-0.00270674
220.5	-0.00269393
220.6	-0.00267107
220.7	-0.0026415
220.8	-0.00260959
220.9	-0.00258124
221	-0.00255001
221.1	-0.00252109
221.2	-0.00249372
221.3	-0.00246403
221.4	-0.00243322
221.5	-0.00240715
221.6	-0.00238442
221.7	-0.00236944
221.8	-0.00236023
221.9	-0.0023533
222	-0.00234801
222.1	-0.00234357
222.2	-0.00233988
222.3	-0.00233407
222.4	-0.00232186
222.5	-0.00230765
222.6	-0.00229686
222.7	-0.00228711
222.8	-0.00227678
222.9	-0.0022727
223	-0.00226984
223.1	-0.00226954
223.2	-0.00226768
223.3	-0.00226335
223.4	-0.00226117
223.5	-0.00225767
223.6	-0.00225602
223.7	-0.0022549
223.8	-0.00225005
223.9	-0.00223772
224	-0.00222355
224.1	-0.00220999
224.2	-0.00219573
224.3	-0.00217773
224.4	-0.0021602
224.5	-0.00214564
224.6	-0.00213315
224.7	-0.00212036
224.8	-0.0021104
224.9	-0.0021047
225	-0.00209989
225.1	-0.00209452
225.2	-0.00208776
225.3	-0.00207998
225.4	-0.00206951
225.5	-0.00205585
225.6	-0.0020386
225.7	-0.00202058
225.8	-0.00199927
225.9	-0.00197539
226	-0.00195024
226.1	-0.00192799
226.2	-0.00191105
226.3	-0.00189795
226.4	-0.00188508
226.5	-0.00187073
226.6	-0.00186067
226.7	-0.00186038
226.8	-0.00186695
226.9	-0.00187636
227	-0.00188993
227.1	-0.00190007
227.2	-0.00190863
227.3	-0.00191685
227.4	-0.00192497
227.5	-0.00193451
227.6	-0.00194051
227.7	-0.00194059
227.8	-0.00193866
227.9	-0.00193665
228	-0.00193804
228.1	-0.00193703
228.2	-0.00193786
228.3	-0.00193485
228.4	-0.00192898
228.5	-0.00192226
228.6	-0.00191287
228.7	-0.00190305
228.8	-0.00188902
228.9	-0.0018739
229	-0.00185515
229.1	-0.00183241
229.2	-0.00180271
229.3	-0.00177033
229.4	-0.00173741
229.5	-0.00170525
229.6	-0.0016748
229.7	-0.0016435
229.8	-0.00161861
229.9	-0.00159914
230	-0.00158207
230.1	-0.00156732
230.2	-0.0015515
230.3	-0.00153872
230.4	-0.00152815
230.5	-0.00151518
230.6	-0.00149887
230.7	-0.00148232
230.8	-0.00147081
230.9	-0.00146567
231	-0.00146263
231.1	-0.00146086
231.2	-0.00146131
231.3	-0.00145894
231.4	-0.00145661
231.5	-0.00145902
231.6	-0.0014632
231.7	-0.00146538
231.8	-0.00146519
231.9	-0.00145808
232	-0.00145015
232.1	-0.00144021
232.2	-0.00142608
232.3	-0.00141002
232.4	-0.00139629
232.5	-0.00138337
232.6	-0.00137055
232.7	-0.00136302
232.8	-0.00136008
232.9	-0.00135921
233	-0.00136319
233.1	-0.00137285
233.2	-0.00138228
233.3	-0.00138642
233.4	-0.0013904
233.5	-0.00139621
233.6	-0.001403
233.7	-0.00140598
233.8	-0.00140704
233.9	-0.00140341
234	-0.00139884
234.1	-0.00139681
234.2	-0.00139686
234.3	-0.00139979
234.4	-0.00140052
234.5	-0.00141089
234.6	-0.00142538
234.7	-0.00144048
234.8	-0.00145205
234.9	-0.00146648
235	-0.0014831
235.1	-0.00149775
235.2	-0.00151061
235.3	-0.00151742
235.4	-0.00151877
235.5	-0.00151587
235.6	-0.0015135
235.7	-0.00151018
235.8	-0.00150285
235.9	-0.00149383
236	-0.00148411
236.1	-0.00147879
236.2	-0.00147317
236.3	-0.00146371
236.4	-0.00145529
236.5	-0.00144742
236.6	-0.00144179
236.7	-0.00143497
236.8	-0.00142623
236.9	-0.00141525
237	-0.00140173
237.1	-0.00138784
237.2	-0.00137893
237.3	-0.00137311
237.4	-0.00136836
237.5	-0.00136996
237.6	-0.00137414
237.7	-0.0013805
237.8	-0.00138383
237.9	-0.00138098
238	-0.00137399
238.1	-0.00136525
238.2	-0.00135499
238.3	-0.00134088
238.4	-0.0013282
238.5	-0.00131717
238.6	-0.00130577
238.7	-0.0012944
238.8	-0.00128444
238.9	-0.00128
239	-0.00127702
239.1	-0.00127064
239.2	-0.00126059
239.3	-0.00124846
239.4	-0.00123602
239.5	-0.00122338
239.6	-0.00121118
239.7	-0.00120341
239.8	-0.00119699
239.9	-0.00119337
240	-0.00119223
240.1	-0.0011906
240.2	-0.00118831
240.3	-0.00118354
240.4	-0.00118381
240.5	-0.00118797
240.6	-0.00119362
240.7	-0.00120031
240.8	-0.00120584
240.9	-0.00120941
241	-0.00121233
241.1	-0.00121286
241.2	-0.00121223
241.3	-0.00121395
241.4	-0.0012196
241.5	-0.00123095
241.6	-0.00124892
241.7	-0.00126625
241.8	-0.00128198
241.9	-0.00129295
242	-0.00130098
242.1	-0.00131127
242.2	-0.00132656
242.3	-0.00134281
242.4	-0.00136423
242.5	-0.00138847
242.6	-0.00141653
242.7	-0.00144385
242.8	-0.00147618
242.9	-0.00151023
243	-0.0015465
243.1	-0.00159053
243.2	-0.00163421
243.3	-0.00167389
243.4	-0.00171543
243.5	-0.00175775
243.6	-0.0017983
243.7	-0.00183756
243.8	-0.00187709
243.9	-0.00191644
244	-0.00195316
244.1	-0.00198862
244.2	-0.00201991
244.3	-0.00204822
244.4	-0.00207225
244.5	-0.00209775
244.6	-0.00212013
244.7	-0.00213991
244.8	-0.00215956
244.9	-0.00217656
245	-0.00219038
245.1	-0.00220385
245.2	-0.00221355
245.3	-0.00222141
245.4	-0.00222998
245.5	-0.00223649
245.6	-0.00224475
245.7	-0.00225343
245.8	-0.00226154
245.9	-0.00226574
246	-0.00227511
246.1	-0.00228826
246.2	-0.00230651
246.3	-0.00232653
246.4	-0.00234959
246.5	-0.00237076
246.6	-0.00238939
246.7	-0.00240502
246.8	-0.00241602
246.9	-0.00242158
247	-0.0024297
247.1	-0.00244209
247.2	-0.00245664
247.3	-0.00247434
247.4	-0.0024919
247.5	-0.0025086
247.6	-0.00252713
247.7	-0.00254521
247.8	-0.00256194
247.9	-0.00257257
248	-0.00258251
248.1	-0.00259279
248.2	-0.00260318
248.3	-0.00261477
248.4	-0.00262614
248.5	-0.00263911
248.6	-0.00265574
248.7	-0.00267394
248.8	-0.0026958
248.9	-0.00271658
249	-0.00272951
249.1	-0.00274024
249.2	-0.00275541
249.3	-0.00277398
249.4	-0.00280091
249.5	-0.00283635
249.6	-0.00287927
249.7	-0.0029264
249.8	-0.00297393
249.9	-0.00301834
250	-0.00306069
250.1	-0.00309704
250.2	-0.00312673
250.3	-0.00315321
250.4	-0.00317885
250.5	-0.00320833
250.6	-0.00323775
250.7	-0.00326418
250.8	-0.00329214
250.9	-0.00332098
251	-0.00335235
251.1	-0.00338666
251.2	-0.00341812
251.3	-0.00344525
251.4	-0.00347015
251.5	-0.00349664
251.6	-0.00352833
251.7	-0.00356038
251.8	-0.00359077
251.9	-0.00362008
252	-0.00364773
252.1	-0.00367569
252.2	-0.00370571
252.3	-0.00373139
252.4	-0.00375395
252.5	-0.00377611
252.6	-0.00379992
252.7	-0.00381746
252.8	-0.00383357
252.9	-0.0038504
253	-0.00386698
253.1	-0.00388116
253.2	-0.00388928
253.3	-0.00389471
253.4	-0.00390102
253.5	-0.00390657
253.6	-0.00391114
253.7	-0.00391073
253.8	-0.00390933
253.9	-0.00390766
254	-0.00390734
254.1	-0.00390914
254.2	-0.00391452
254.3	-0.00392107
254.4	-0.00392097
254.5	-0.00391357
254.6	-0.00390418
254.7	-0.00389443
254.8	-0.00388483
254.9	-0.00387223
255	-0.00385793
255.1	-0.00383959
255.2	-0.00381519
255.3	-0.00378511
255.4	-0.00374868
255.5	-0.00371172
255.6	-0.00367733
255.7	-0.00364526
255.8	-0.00361571
255.9	-0.00358646
256	-0.00355493
256.1	-0.0035255
256.2	-0.00349559
256.3	-0.00346832
256.4	-0.00343854
256.5	-0.00340944
256.6	-0.00337494
256.7	-0.00333224
256.8	-0.0032829
256.9	-0.00323592
257	-0.00318936
257.1	-0.00313674
257.2	-0.00308431
257.3	-0.00303931
257.4	-0.00299886
257.5	-0.00295667
257.6	-0.00291317
257.7	-0.00287064
257.8	-0.00283108
257.9	-0.00279338
258	-0.00274919
258.1	-0.00269983
258.2	-0.00265008
258.3	-0.0025973
258.4	-0.00253813
258.5	-0.00248271
258.6	-0.00243158
258.7	-0.00238305
258.8	-0.00233287
258.9	-0.00229057
259	-0.00225483
259.1	-0.00221965
259.2	-0.00218213
259.3	-0.0021403
259.4	-0.00209619
259.5	-0.0020503
259.6	-0.00200793
259.7	-0.00196611
259.8	-0.0019209
259.9	-0.00186888
260	-0.00181821
260.1	-0.00177044
260.2	-0.00172767
260.3	-0.00168942
260.4	-0.0016571
260.5	-0.00162817
260.6	-0.00160204
260.7	-0.00157682
260.8	-0.00155619
260.9	-0.00153746
261	-0.00151858
261.1	-0.00150179
261.2	-0.00149346
261.3	-0.00149269
261.4	-0.00149786
261.5	-0.00150018
261.6	-0.00149834
261.7	-0.00149764
261.8	-0.0014983
261.9	-0.00149854
262	-0.00149913
262.1	-0.00150242
262.2	-0.00151083
262.3	-0.00152442
262.4	-0.00153886
262.5	-0.00155116
262.6	-0.00156134
262.7	-0.0015751
262.8	-0.00158567
262.9	-0.00159554
263	-0.00160967
263.1	-0.00162582
263.2	-0.00164418
263.3	-0.00166025
263.4	-0.00167379
263.5	-0.00168306
263.6	-0.00168884
263.7	-0.00169898
263.8	-0.00171411
263.9	-0.00173164
264	-0.00174613
264.1	-0.0017585
264.2	-0.0017669
264.3	-0.00177109
264.4	-0.00177671
264.5	-0.00178728
264.6	-0.00179913
264.7	-0.00181855
264.8	-0.00184223
264.9	-0.00186616
265	-0.00188508
265.1	-0.00190351
265.2	-0.00191958
265.3	-0.00193773
265.4	-0.00195609
265.5	-0.00197709
265.6	-0.00200033
265.7	-0.00202694
265.8	-0.0020579
265.9	-0.00209192
266	-0.00211992
266.1	-0.00214912
266.2	-0.00217422
266.3	-0.00219466
266.4	-0.0022104
266.5	-0.00222378
266.6	-0.00223797
266.7	-0.00225174
266.8	-0.00226645
266.9	-0.00228058
267	-0.00229335
267.1	-0.00230798
267.2	-0.00232101
267.3	-0.00233093
267.4	-0.00234027
267.5	-0.00235091
267.6	-0.00236253
267.7	-0.00237967
267.8	-0.00240248
267.9	-0.00242976
268	-0.00245562
268.1	-0.00247396
268.2	-0.00248363
268.3	-0.00248909
268.4	-0.00249223
268.5	-0.00250145
268.6	-0.00251318
268.7	-0.00252448
268.8	-0.0025344
268.9	-0.00254633
269	-0.00255904
269.1	-0.00257102
269.2	-0.00258106
269.3	-0.00258797
269.4	-0.00259693
269.5	-0.00260355
269.6	-0.00261111
269.7	-0.00261455
269.8	-0.0026201
269.9	-0.00262026
270	-0.00261962
270.1	-0.00261003
270.2	-0.00259673
270.3	-0.00258135
270.4	-0.00256609
270.5	-0.00255054
270.6	-0.00253373
270.7	-0.00251974
270.8	-0.00250587
270.9	-0.00249385
271	-0.00248647
271.1	-0.00247442
271.2	-0.00246041
271.3	-0.00244425
271.4	-0.00242454
271.5	-0.00240158
271.6	-0.00238328
271.7	-0.00236772
271.8	-0.00235204
271.9	-0.00233677
272	-0.00232049
272.1	-0.00230447
272.2	-0.00229204
272.3	-0.00227478
272.4	-0.00225229
272.5	-0.00223347
272.6	-0.00221569
272.7	-0.00219674
272.8	-0.00217208
272.9	-0.00214814
273	-0.00212401
273.1	-0.00209592
273.2	-0.00206642
273.3	-0.00203863
273.4	-0.00200297
273.5	-0.00196298
273.6	-0.00192076
273.7	-0.00187922
273.8	-0.00183585
273.9	-0.00179358
274	-0.00175689
274.1	-0.00172903
274.2	-0.00170515
274.3	-0.00167993
274.4	-0.00164862
274.5	-0.00161804
274.6	-0.00158849
274.7	-0.00155601
274.8	-0.0015236
274.9	-0.00149014
275	-0.00145459
275.1	-0.00142408
275.2	-0.00139646
275.3	-0.00137144
275.4	-0.00135276
275.5	-0.00133907
275.6	-0.00132734
275.7	-0.00131706
275.8	-0.00130825
275.9	-0.00129985
276	-0.00129595
276.1	-0.00129587
276.2	-0.00130264
276.3	-0.00131132
276.4	-0.00132141
276.5	-0.00133426
276.6	-0.00134642
276.7	-0.00135745
276.8	-0.00137082
276.9	-0.00138394
277	-0.00139756
277.1	-0.00140889
277.2	-0.00141647
277.3	-0.00142364
277.4	-0.00143417
277.5	-0.00144351
277.6	-0.001447
277.7	-0.00145126
277.8	-0.00145512
277.9	-0.00145572
278	-0.00145408
278.1	-0.00145017
278.2	-0.00144302
278.3	-0.00143265
278.4	-0.00142039
278.5	-0.00140768
278.6	-0.00138939
278.7	-0.00137049
278.8	-0.00134714
278.9	-0.00131894
279	-0.00129429
279.1	-0.00126849
279.2	-0.00124113
279.3	-0.00120936
279.4	-0.00117472
279.5	-0.00113984
279.6	-0.00111028
279.7	-0.00108193
279.8	-0.00105213
279.9	-0.00101516
280	-0.000972631
280.1	-0.000921927
280.2	-0.000868679
280.3	-0.000813267
280.4	-0.000759837
280.5	-0.000705977
280.6	-0.000654134
280.7	-0.000605854
280.8	-0.000560995
280.9	-0.000519266
281	-0.000481925
281.1	-0.000447641
281.2	-0.000416564
281.3	-0.000389828
281.4	-0.00035851
281.5	-0.000322443
281.6	-0.000287267
281.7	-0.000256808
281.8	-0.000230045
281.9	-0.000198474
282	-0.000163744
282.1	-0.000128055
282.2	-9.16095e-05
282.3	-5.48531e-05
282.4	-2.28083e-05
282.5	3.60822e-06
282.6	3.43357e-05
282.7	7.07153e-05
282.8	0.000112822
282.9	0.000153783
283	0.0001928
283.1	0.000229139
283.2	0.000267716
283.3	0.000306538
283.4	0.000342772
283.5	0.000376917
283.6	0.000411841
283.7	0.00044379
283.8	0.000467365
283.9	0.000490456
284	0.000508204
284.1	0.00052348
284.2	0.000537001
284.3	0.000548935
284.4	0.000559313
284.5	0.000565234
284.6	0.000570977
284.7	0.000582718
284.8	0.000598646
284.9	0.000611579
285	0.000619864
285.1	0.000623782
285.2	0.000626466
285.3	0.00062661
285.4	0.000623623
285.5	0.000620029
285.6	0.000615647
285.7	0.00061277
285.8	0.000614134
285.9	0.000615364
286	0.000618261
286.1	0.000618447
286.2	0.000620081
286.3	0.000622473
286.4	0.000626741
286.5	0.000629528
286.6	0.000628788
286.7	0.000626273
286.8	0.000627025
286.9	0.00062497
287	0.00061794
287.1	0.000607956
287.2	0.000599652
287.3	0.000592924
287.4	0.000589364
287.5	0.000588002
287.6	0.000586287
287.7	0.000584612
287.8	0.000586196
287.9	0.000595722
288	0.000603872
288.1	0.000611874
288.2	0.000618537
288.3	0.000624688
288.4	0.000627398
288.5	0.000627761
288.6	0.000627716
288.7	0.000628522
288.8	0.000629212
288.9	0.000628755
289	0.000632948
289.1	0.000643331
289.2	0.000655261
289.3	0.000670803
289.4	0.000688344
289.5	0.000705944
289.6	0.000724929
289.7	0.000746787
289.8	0.000767931
289.9	0.000788858
290	0.000810441
290.1	0.000830146
290.2	0.000846766
290.3	0.000863267
290.4	0.00087481
290.5	0.00088712
290.6	0.000897244
290.7	0.0009092
290.8	0.000919502
290.9	0.000931365
291	0.000947521
291.1	0.0009656
291.2	0.000986919
291.3	0.00100725
291.4	0.00102556
291.5	0.00104674
291.6	0.00106859
291.7	0.00109114
291.8	0.00111039
291.9	0.00112682
292	0.0011415
292.1	0.00115765
292.2	0.00117456
292.3	0.00119104
292.4	0.00120462
292.5	0.00121621
292.6	0.0012257
292.7	0.00123874
292.8	0.00124826
292.9	0.00125208
293	0.00125313
293.1	0.00125129
293.2	0.00124917
293.3	0.00124481
293.4	0.00124152
293.5	0.00123814
293.6	0.0012348
293.7	0.0012326
293.8	0.00122799
293.9	0.0012204
294	0.0012113
294.1	0.00120117
294.2	0.00118834
294.3	0.00117719
294.4	0.00116172
294.5	0.00114309
294.6	0.00112805
294.7	0.00111565
294.8	0.00110317
294.9	0.0010887
295	0.00107239
295.1	0.00105774
295.2	0.00104118
295.3	0.00102108
295.4	0.00100006
295.5	0.000981189
295.6	0.000964024
295.7	0.000947362
295.8	0.000928754
295.9	0.000909003
296	0.000888098
296.1	0.000866507
296.2	0.000843744
296.3	0.000821494
296.4	0.000799939
296.5	0.000777373
296.6	0.000750977
296.7	0.000721958
296.8	0.000693202
296.9	0.000668279
297	0.000648018
297.1	0.000629619
297.2	0.000610722
297.3	0.000592937
297.4	0.000574578
297.5	0.00055942
297.6	0.000545372
297.7	0.000524506
297.8	0.000500398
297.9	0.000468394
298	0.000431731
298.1	0.000390535
298.2	0.000345968
298.3	0.000290998
298.4	0.000228374
298.5	0.000161558
298.6	9.62675e-05
298.7	3.14335e-05
298.8	-3.53037e-05
298.9	-0.000104251
299	-0.000175376
299.1	-0.000245478
299.2	-0.0003135
299.3	-0.000378086
299.4	-0.000441928
299.5	-0.000502362
299.6	-0.000561072
299.7	-0.000617351
299.8	-0.000669572
299.9	-0.000718109
300	-0.000766914
300.1	-0.000813608
300.2	-0.000864527
300.3	-0.000922027
300.4	-0.000980791
300.5	-0.00104065
300.6	-0.00110245
300.7	-0.00116465
300.8	-0.00122623
300.9	-0.00128141
301	-0.00133024
301.1	-0.00137845
301.2	-0.00142682
301.3	-0.00147771
301.4	-0.00152989
301.5	-0.00158093
301.6	-0.00162938
301.7	-0.00167709
301.8	-0.00172044
301.9	-0.00176297
302	-0.00180499
302.1	-0.00184682
302.2	-0.00188776
302.3	-0.00192381
302.4	-0.00195853
302.5	-0.00198997
302.6	-0.00201679
302.7	-0.00203248
302.8	-0.00203997
302.9	-0.00204847
303	-0.00206217
303.1	-0.00208076
303.2	-0.00209917
303.3	-0.00211821
303.4	-0.00213337
303.5	-0.00214128
303.6	-0.00214489
303.7	-0.00214161
303.8	-0.00213744
303.9	-0.00213535
304	-0.0021358
304.1	-0.00213631
304.2	-0.00213973
304.3	-0.00214412
304.4	-0.00214518
304.5	-0.00214305
304.6	-0.00214161
304.7	-0.00214063
304.8	-0.00213586
304.9	-0.0021279
305	-0.00212406
305.1	-0.0021184
305.2	-0.00210579
305.3	-0.00208999
305.4	-0.00207232
305.5	-0.0020522
305.6	-0.00203414
305.7	-0.00201625
305.8	-0.00200088
305.9	-0.00199036
306	-0.00198389
306.1	-0.00198091
306.2	-0.00197869
306.3	-0.00197542
306.4	-0.00197472
306.5	-0.00197498
306.6	-0.0019774
306.7	-0.00198174
306.8	-0.0019898
306.9	-0.00199552
307	-0.00199523
307.1	-0.00198619
307.2	-0.0019744
307.3	-0.00195676
307.4	-0.00193894
307.5	-0.00192484
307.6	-0.00191568
307.7	-0.00190503
307.8	-0.00189065
307.9	-0.00187588
308	-0.00185895
308.1	-0.0018373
308.2	-0.00181654
308.3	-0.00179357
308.4	-0.00177256
308.5	-0.00175058
308.6	-0.00173174
308.7	-0.00171807
308.8	-0.00171677
308.9	-0.0017201
309	-0.00172407
309.1	-0.00173267
309.2	-0.00173814
309.3	-0.00173756
309.4	-0.00172848
309.5	-0.00171464
309.6	-0.00169376
309.7	-0.00167585
309.8	-0.00165641
309.9	-0.00163203
310	-0.00160177
310.1	-0.00157068
310.2	-0.0015373
310.3	-0.00150456
310.4	-0.00147299
310.5	-0.00144433
310.6	-0.00141717
310.7	-0.00139565
310.8	-0.00137758
310.9	-0.00135967
311	-0.00134255
311.1	-0.00132353
311.2	-0.00130276
311.3	-0.00128067
311.4	-0.00125952
311.5	-0.00123915
311.6	-0.00122003
311.7	-0.00120181
311.8	-0.00118627
311.9	-0.00116683
312	-0.00114738
312.1	-0.00113003
312.2	-0.0011103
312.3	-0.00108651
312.4	-0.00106388
312.5	-0.00104254
312.6	-0.00102062
312.7	-0.000997125
312.8	-0.000973915
312.9	-0.000955955
313	-0.000941097
313.1	-0.000931246
313.2	-0.000928107
313.3	-0.000928803
313.4	-0.00092757
313.5	-0.000927363
313.6	-0.000924368
313.7	-0.000921818
313.8	-0.000918714
313.9	-0.000915207
314	-0.000913935
314.1	-0.000915479
314.2	-0.000916468
314.3	-0.00091803
314.4	-0.000922776
314.5	-0.000931393
314.6	-0.000945903
314.7	-0.00096323
314.8	-0.000982271
314.9	-0.000995867
315	-0.00100776
315.1	-0.0010194
315.2	-0.00103155
315.3	-0.00104593
315.4	-0.00106229
315.5	-0.00108028
315.6	-0.00110143
315.7	-0.00112789
315.8	-0.00115793
315.9	-0.00118729
316	-0.00121745
316.1	-0.00124584
316.2	-0.00127099
316.3	-0.00129712
316.4	-0.00132309
316.5	-0.00134888
316.6	-0.00137336
316.7	-0.00139732
316.8	-0.00142241
316.9	-0.00144503
317	-0.00146884
317.1	-0.00149612
317.2	-0.0015232
317.3	-0.00155156
317.4	-0.00157905
317.5	-0.00160583
317.6	-0.0016311
317.7	-0.00165616
317.8	-0.00167668
317.9	-0.00169967
318	-0.00172576
318.1	-0.00174854
318.2	-0.00176711
318.3	-0.0017791
318.4	-0.00179047
318.5	-0.00180352
318.6	-0.0018249
318.7	-0.00185117
318.8	-0.0018801
318.9	-0.00191069
319	-0.00194128
319.1	-0.0019689
319.2	-0.00198958
319.3	-0.00200511
319.4	-0.00201706
319.5	-0.00202745
319.6	-0.00204114
319.7	-0.00206015
319.8	-0.00208427
319.9	-0.00211134
320	-0.00213697
320.1	-0.00216072
320.2	-0.00218321
320.3	-0.00220712
320.4	-0.00223449
320.5	-0.00226211
320.6	-0.00228754
320.7	-0.00231331
320.8	-0.0023427
320.9	-0.0023754
321	-0.00240831
321.1	-0.00244229
321.2	-0.00247811
321.3	-0.00251169
321.4	-0.00254432
321.5	-0.00257751
321.6	-0.00260856
321.7	-0.00263773
321.8	-0.0026637
321.9	-0.00268888
322	-0.00271544
322.1	-0.00274243
322.2	-0.00276854
322.3	-0.00279541
322.4	-0.00282205
322.5	-0.00284145
322.6	-0.00286167
322.7	-0.00287284
322.8	-0.00287754
322.9	-0.00287152
323	-0.00286055
323.1	-0.0028423
323.2	-0.00282143
323.3	-0.00279859
323.4	-0.0027768
323.5	-0.00275372
323.6	-0.0027332
323.7	-0.00271598
323.8	-0.00270291
323.9	-0.00269029
324	-0.00268027
324.1	-0.00267145
324.2	-0.00266507
324.3	-0.00266475
324.4	-0.00266428
324.5	-0.00266473
324.6	-0.00266338
324.7	-0.00266108
324.8	-0.00265294
324.9	-0.00264817
325	-0.00264932
325.1	-0.002658
325.2	-0.00267025
325.3	-0.00268254
325.4	-0.00269227
325.5	-0.002708
325.6	-0.00272266
325.7	-0.00273619
325.8	-0.0027491
325.9	-0.00275866
326	-0.00276659
326.1	-0.00277337
326.2	-0.00278241
326.3	-0.00279215
326.4	-0.00280238
326.5	-0.00281321
326.6	-0.00282203
326.7	-0.0028301
326.8	-0.00283588
326.9	-0.00283636
327	-0.00283243
327.1	-0.00282579
327.2	-0.00281633
327.3	-0.00280446
327.4	-0.00279296
327.5	-0.00278109
327.6	-0.00277002
327.7	-0.00275599
327.8	-0.00274215
327.9	-0.00273042
328	-0.00271798
328.1	-0.0027038
328.2	-0.00268408
328.3	-0.00266312
328.4	-0.00264091
328.5	-0.00261732
328.6	-0.00258814
328.7	-0.0025547
328.8	-0.00251558
328.9	-0.0024719
329	-0.00243206
329.1	-0.00239463
329.2	-0.00236168
329.3	-0.00233662
329.4	-0.00231737
329.5	-0.00230168
329.6	-0.00228997
329.7	-0.00227968
329.8	-0.00226697
329.9	-0.00225349
330	-0.00224042
330.1	-0.00222749
330.2	-0.00220825
330.3	-0.00218785
330.4	-0.00216944
330.5	-0.0021533
330.6	-0.00213464
330.7	-0.00211437
330.8	-0.00209419
330.9	-0.00207293
331	-0.00205292
331.1	-0.00203158
331.2	-0.00201282
331.3	-0.00199406
331.4	-0.00197515
331.5	-0.00195288
331.6	-0.0019309
331.7	-0.00190822
331.8	-0.0018881
331.9	-0.00187389
332	-0.00186601
332.1	-0.00185644
332.2	-0.00184987
332.3	-0.00184599
332.4	-0.00184375
332.5	-0.0018393
332.6	-0.00183454
332.7	-0.00182998
332.8	-0.00182217
332.9	-0.00181144
333	-0.00179922
333.1	-0.00178741
333.2	-0.00177921
333.3	-0.00177406
333.4	-0.00177079
333.5	-0.0017647
333.6	-0.00175904
333.7	-0.0017592
333.8	-0.00176084
333.9	-0.0017656
334	-0.00176942
334.1	-0.00177107
334.2	-0.00176988
334.3	-0.00176691
334.4	-0.00176816
334.5	-0.00177355
334.6	-0.0017837
334.7	-0.00179472
334.8	-0.00180842
334.9	-0.00181931
335	-0.00183133
335.1	-0.00184132
335.2	-0.00185262
335.3	-0.00186655
335.4	-0.00188452
335.5	-0.00190229
335.6	-0.00191617
335.7	-0.00193096
335.8	-0.00194843
335.9	-0.00196574
336	-0.00197879
336.1	-0.00198578
336.2	-0.00199095
336.3	-0.00200059
336.4	-0.00201336
336.5	-0.00202883
336.6	-0.00204721
336.7	-0.00206683
336.8	-0.00208642
336.9	-0.00210626
337	-0.00212498
337.1	-0.00214278
337.2	-0.0021616
337.3	-0.00218346
337.4	-0.00221014
337.5	-0.00224307
337.6	-0.00227222
337.7	-0.00230209
337.8	-0.00233689
337.9	-0.00237058
338	-0.00240402
338.1	-0.00243846
338.2	-0.00247144
338.3	-0.00250292
338.4	-0.00253238
338.5	-0.0025582
338.6	-0.00257933
338.7	-0.00260103
338.8	-0.00261644
338.9	-0.0026262
339	-0.00263938
339.1	-0.00265593
339.2	-0.00267337
339.3	-0.00269162
339.4	-0.00271749
339.5	-0.00274944
339.6	-0.00278777
339.7	-0.00283007
339.8	-0.0028753
339.9	-0.00292317
340	-0.0029689
340.1	-0.00301333
340.2	-0.00305039
340.3	-0.00308158
340.4	-0.0031093
340.5	-0.00313613
340.6	-0.0031644
340.7	-0.003192
340.8	-0.00321778
340.9	-0.00323835
341	-0.00325731
341.1	-0.00327652
341.2	-0.00329817
341.3	-0.00332338
341.4	-0.00334848
341.5	-0.00337181
341.6	-0.00339807
341.7	-0.00342348
341.8	-0.00344326
341.9	-0.00346473
342	-0.00348939
342.1	-0.00351686
342.2	-0.00354412
342.3	-0.00357043
342.4	-0.00360017
342.5	-0.00363303
342.6	-0.00366321
342.7	-0.00369386
342.8	-0.00372692
342.9	-0.00376273
343	-0.00380091
343.1	-0.00383314
343.2	-0.00386345
343.3	-0.00389156
343.4	-0.00391668
343.5	-0.00394153
343.6	-0.00396513
343.7	-0.00398549
343.8	-0.00400857
343.9	-0.00403206
344	-0.00405054
344.1	-0.00406725
344.2	-0.00408355
344.3	-0.00409848
344.4	-0.00411308
344.5	-0.00412837
344.6	-0.00414125
344.7	-0.0041555
344.8	-0.00416534
344.9	-0.0041717
345	-0.00417312
345.1	-0.00417373
345.2	-0.00417258
345.3	-0.00417542
345.4	-0.00418327
345.5	-0.00419126
345.6	-0.00420259
345.7	-0.00421819
345.8	-0.00423687
345.9	-0.00425716
346	-0.00427583
346.1	-0.00429183
346.2	-0.00430871
346.3	-0.00432976
346.4	-0.0043565
346.5	-0.00438761
346.6	-0.00441778
346.7	-0.00445104
346.8	-0.00448784
346.9	-0.00452441
347	-0.00456458
347.1	-0.00460316
347.2	-0.00464547
347.3	-0.00468911
347.4	-0.00473646
347.5	-0.00478933
347.6	-0.00484074
347.7	-0.00489039
347.8	-0.00493598
347.9	-0.00497737
348	-0.00501883
348.1	-0.00505768
348.2	-0.00509293
348.3	-0.00512969
348.4	-0.00517507
348.5	-0.00522239
348.6	-0.00526737
348.7	-0.00531058
348.8	-0.00534832
348.9	-0.00538225
349	-0.00541146
349.1	-0.00543773
349.2	-0.00545976
349.3	-0.00548225
349.4	-0.0055042
349.5	-0.00552899
349.6	-0.00554952
349.7	-0.00556985
349.8	-0.0055931
349.9	-0.00561964
350	-0.00564853
350.1	-0.00567422
350.2	-0.0057029
350.3	-0.00573014
350.4	-0.00575078
350.5	-0.00576875
350.6	-0.00578406
350.7	-0.00579862
350.8	-0.00581133
350.9	-0.00581829
351	-0.0058257
351.1	-0.00583219
351.2	-0.00583656
351.3	-0.00584253
351.4	-0.00584863
351.5	-0.00584906
351.6	-0.00584874
351.7	-0.00584602
351.8	-0.00583726
351.9	-0.00582927
352	-0.00582166
352.1	-0.00581437
352.2	-0.00580693
352.3	-0.00580101
352.4	-0.00579149
352.5	-0.00578259
352.6	-0.00577058
352.7	-0.00575145
352.8	-0.00572886
352.9	-0.00570096
353	-0.00567473
353.1	-0.00565496
353.2	-0.00563761
353.3	-0.00562156
353.4	-0.00560929
353.5	-0.0055941
353.6	-0.00558359
353.7	-0.00557608
353.8	-0.00557033
353.9	-0.00556534
354	-0.00556282
354.1	-0.00555812
354.2	-0.00555371
354.3	-0.00555155
354.4	-0.00554923
354.5	-0.0055486
354.6	-0.00554717
354.7	-0.00554169
354.8	-0.00553412
354.9	-0.00552435
355	-0.00551035
355.1	-0.00549457
355.2	-0.00547654
355.3	-0.00545622
355.4	-0.00543353
355.5	-0.00541104
355.6	-0.00539081
355.7	-0.005371
355.8	-0.00535584
355.9	-0.00534241
356	-0.00533043
356.1	-0.00531923
356.2	-0.00530869
356.3	-0.00529967
356.4	-0.00529369
356.5	-0.00528599
356.6	-0.00527807
356.7	-0.0052723
356.8	-0.00527226
356.9	-0.0052783
357	-0.00528472
357.1	-0.00528885
357.2	-0.00529165
357.3	-0.00529461
357.4	-0.00530006
357.5	-0.00530331
357.6	-0.00530132
357.7	-0.00529833
357.8	-0.00529049
357.9	-0.00527968
358	-0.00526793
358.1	-0.00525153
358.2	-0.00523311
358.3	-0.00521293
358.4	-0.00519189
358.5	-0.00516726
358.6	-0.00514133
358.7	-0.00511329
358.8	-0.00508623
358.9	-0.00505976
359	-0.00503399
359.1	-0.00500539
359.2	-0.00497317
359.3	-0.00494429
359.4	-0.0049216
359.5	-0.00490614
359.6	-0.00489862
359.7	-0.00489175
359.8	-0.00488412
359.9	-0.004877
360	-0.00486932
360.1	-0.00485635
360.2	-0.00484298
360.3	-0.0048288
360.4	-0.0048183
360.5	-0.00481499
360.6	-0.00481428
360.7	-0.00481735
360.8	-0.00481967
360.9	-0.00482224
361	-0.00482033
361.1	-0.00481378
361.2	-0.00480253
361.3	-0.00479059
361.4	-0.00478302
361.5	-0.00477487
361.6	-0.00476517
361.7	-0.00475473
361.8	-0.00473886
361.9	-0.00471782
362	-0.0046916
362.1	-0.00466174
362.2	-0.00463069
362.3	-0.00460478
362.4	-0.00457548
362.5	-0.00454326
362.6	-0.00450494
362.7	-0.00446204
362.8	-0.00442279
362.9	-0.00438384
363	-0.00434322
363.1	-0.00430019
363.2	-0.00425846
363.3	-0.00421866
363.4	-0.00417828
363.5	-0.00413454
363.6	-0.00408917
363.7	-0.00404238
363.8	-0.00399483
363.9	-0.00394471
364	-0.00389662
364.1	-0.00384965
364.2	-0.00380387
364.3	-0.00375808
364.4	-0.00370938
364.5	-0.00365498
364.6	-0.00360127
364.7	-0.00354782
364.8	-0.00349514
364.9	-0.00344865
365	-0.00340642
365.1	-0.00336685
365.2	-0.00333025
365.3	-0.00329526
365.4	-0.0032604
365.5	-0.00322235
365.6	-0.00318004
365.7	-0.00313804
365.8	-0.00309596
365.9	-0.00305477
366	-0.00301954
366.1	-0.00298389
366.2	-0.00294741
366.3	-0.00291033
366.4	-0.00287416
366.5	-0.00283511
366.6	-0.00279256
366.7	-0.00275332
366.8	-0.00271689
366.9	-0.00268297
367	-0.00265437
367.1	-0.00262228
367.2	-0.00258856
367.3	-0.00255086
367.4	-0.00251391
367.5	-0.00247439
367.6	-0.00243469
367.7	-0.00239782
367.8	-0.00235722
367.9	-0.00230942
368	-0.00225771
368.1	-0.0022053
368.2	-0.00215511
368.3	-0.00211097
368.4	-0.00206713
368.5	-0.00202131
368.6	-0.00197409
368.7	-0.00192397
368.8	-0.00187674
368.9	-0.00183022
369	-0.00178407
369.1	-0.00173902
369.2	-0.00169445
369.3	-0.0016442
369.4	-0.00158802
369.5	-0.00152862
369.6	-0.00147122
369.7	-0.00141813
369.8	-0.0013663
369.9	-0.00131186
370	-0.00125941
370.1	-0.00120488
370.2	-0.00115292
370.3	-0.00110365
370.4	-0.00105606
370.5	-0.00100534
370.6	-0.000955683
370.7	-0.000907287
370.8	-0.000859795
370.9	-0.000814038
371	-0.000767145
371.1	-0.000719478
371.2	-0.000669809
371.3	-0.00061985
371.4	-0.000569493
371.5	-0.000522652
371.6	-0.000478242
371.7	-0.000434049
371.8	-0.000391299
371.9	-0.000353825
372	-0.00031595
372.1	-0.000277167
372.2	-0.000240409
372.3	-0.000202743
372.4	-0.000162302
372.5	-0.000122032
372.6	-8.60525e-05
372.7	-5.69838e-05
372.8	-3.44014e-05
372.9	-1.62108e-05
373	3.06372e-06
373.1	2.10596e-05
373.2	4.08238e-05
373.3	5.59358e-05
373.4	6.44134e-05
373.5	7.11589e-05
373.6	7.4409e-05
373.7	7.80195e-05
373.8	8.07414e-05
373.9	8.05239e-05
374	8.11472e-05
374.1	8.21419e-05
374.2	8.93574e-05
374.3	9.53331e-05
374.4	0.000100112
374.5	0.000102366
374.6	0.000100771
374.7	9.69447e-05
374.8	9.34058e-05
374.9	8.39564e-05
375	6.87972e-05
375.1	5.24712e-05
375.2	3.51275e-05
375.3	1.52195e-05
375.4	-2.65502e-06
375.5	-1.83058e-05
375.6	-3.77675e-05
375.7	-5.91005e-05
375.8	-8.3273e-05
375.9	-0.000104528
376	-0.000119777
376.1	-0.000132991
376.2	-0.000151731
376.3	-0.000173889
376.4	-0.000200993
376.5	-0.000228982
376.6	-0.000253565
376.7	-0.000273436
376.8	-0.00029129
376.9	-0.000317582
377	-0.000351799
377.1	-0.000391907
377.2	-0.00043605
377.3	-0.000480523
377.4	-0.000528239
377.5	-0.000579527
377.6	-0.000630103
377.7	-0.00068151
377.8	-0.000735448
377.9	-0.000793221
378	-0.000847794
378.1	-0.000902666
378.2	-0.000955651
378.3	-0.00101154
378.4	-0.00107331
378.5	-0.00113784
378.6	-0.00120336
378.7	-0.00127066
378.8	-0.00134486
378.9	-0.00141739
379	-0.00148159
379.1	-0.00154261
379.2	-0.00160249
379.3	-0.00165813
379.4	-0.00171438
379.5	-0.00177071
379.6	-0.0018287
379.7	-0.00188984
379.8	-0.00195144
379.9	-0.00200882
380	-0.00206299
380.1	-0.002119
380.2	-0.00217399
380.3	-0.00223052
380.4	-0.00229038
380.5	-0.00234919
380.6	-0.00240641
380.7	-0.00246869
380.8	-0.00253019
380.9	-0.00259292
381	-0.00265496
381.1	-0.00271699
381.2	-0.00277794
381.3	-0.0028396
381.4	-0.0029046
381.5	-0.00296817
381.6	-0.00302825
381.7	-0.0030901
381.8	-0.00315393
381.9	-0.00321446
382	-0.00327358
382.1	-0.00332678
382.2	-0.00337247
382.3	-0.00341403
382.4	-0.00345217
382.5	-0.00348266
382.6	-0.00350766
382.7	-0.00352971
382.8	-0.00355087
382.9	-0.00357025
383	-0.00358855
383.1	-0.00360325
383.2	-0.0036128
383.3	-0.00362029
383.4	-0.00362758
383.5	-0.00363723
383.6	-0.00364717
383.7	-0.00365732
383.8	-0.00366943
383.9	-0.00368732
384	-0.00370141
384.1	-0.00370778
384.2	-0.00371501
384.3	-0.00372204
384.4	-0.00372475
384.5	-0.00372451
384.6	-0.00371369
384.7	-0.00369635
384.8	-0.00367899
384.9	-0.00365995
385	-0.00363976
385.1	-0.00361997
385.2	-0.00359927
385.3	-0.00357938
385.4	-0.00355894
385.5	-0.00354169
385.6	-0.00352512
385.7	-0.00350648
385.8	-0.00348776
385.9	-0.00347171
386	-0.00345391
386.1	-0.00343582
386.2	-0.00341713
386.3	-0.00339489
386.4	-0.00337556
386.5	-0.00335642
386.6	-0.00334011
386.7	-0.0033244
386.8	-0.00331105
386.9	-0.00329885
387	-0.00328787
387.1	-0.00328051
387.2	-0.00327584
387.3	-0.00327358
387.4	-0.00326548
387.5	-0.00325643
387.6	-0.00325003
387.7	-0.00324487
387.8	-0.00323522
387.9	-0.0032232
388	-0.00320511
388.1	-0.00318669
388.2	-0.00317035
388.3	-0.00315467
388.4	-0.00313988
388.5	-0.00312969
388.6	-0.00311949
388.7	-0.00310775
388.8	-0.00309538
388.9	-0.00308472
389	-0.0030736
389.1	-0.00306213
389.2	-0.00304808
389.3	-0.00303281
389.4	-0.00301822
389.5	-0.00300639
389.6	-0.00299331
389.7	-0.0029751
389.8	-0.00295623
389.9	-0.00293707
390	-0.00291367
390.1	-0.00288619
390.2	-0.00285727
390.3	-0.00282298
390.4	-0.00278668
390.5	-0.00274965
390.6	-0.00271205
390.7	-0.00267786
390.8	-0.00264082
390.9	-0.0026071
391	-0.00257796
391.1	-0.00254922
391.2	-0.00251246
391.3	-0.00246476
391.4	-0.00241146
391.5	-0.0023546
391.6	-0.00229757
391.7	-0.00224417
391.8	-0.00219482
391.9	-0.00214612
392	-0.0021002
392.1	-0.0020526
392.2	-0.00200435
392.3	-0.00195611
392.4	-0.00190771
392.5	-0.00186093
392.6	-0.00181335
392.7	-0.00176619
392.8	-0.00171919
392.9	-0.00166949
393	-0.00161846
393.1	-0.00156807
393.2	-0.00152026
393.3	-0.00147392
393.4	-0.00142823
393.5	-0.00138317
393.6	-0.00133644
393.7	-0.00128977
393.8	-0.00124455
393.9	-0.00120503
394	-0.00116893
394.1	-0.0011333
394.2	-0.00109614
394.3	-0.00105593
394.4	-0.00101804
394.5	-0.00098155
394.6	-0.000945104
394.7	-0.000908783
394.8	-0.000872055
394.9	-0.000833367
395	-0.000789058
395.1	-0.00074113
395.2	-0.000694533
395.3	-0.000649273
395.4	-0.000606166
395.5	-0.000567042
395.6	-0.000529014
395.7	-0.000488633
395.8	-0.000445062
395.9	-0.00040347
396	-0.000367692
396.1	-0.000328513
396.2	-0.000287983
396.3	-0.000246805
396.4	-0.000203443
396.5	-0.00016295
396.6	-0.000121482
396.7	-8.01807e-05
396.8	-4.18504e-05
396.9	-7.65918e-06
397	2.01212e-05
397.1	4.21218e-05
397.2	6.12364e-05
397.3	7.92049e-05
397.4	9.66469e-05
397.5	0.000113962
397.6	0.000129844
397.7	0.000141786
397.8	0.000145523
397.9	0.00014337
398	0.000136733
398.1	0.000131192
398.2	0.000132761
398.3	0.000140349
398.4	0.000151184
398.5	0.00016139
398.6	0.000171128
398.7	0.000185398
398.8	0.000203066
398.9	0.000221614
399	0.00024252
399.1	0.000259661
399.2	0.000271682
399.3	0.000285611
399.4	0.00029995
399.5	0.000310944
399.6	0.000322007
399.7	0.000334888
399.8	0.000345337
399.9	0.000349054
400	0.000347868
400.1	0.000338781
400.2	0.000321204
400.3	0.000299871
400.4	0.000273683
400.5	0.000241843
400.6	0.000210534
400.7	0.000172485
400.8	0.000127017
400.9	7.37378e-05
401	1.3001e-05
401.1	-4.81335e-05
401.2	-0.000112058
401.3	-0.000176632
401.4	-0.000237831
401.5	-0.000293668
401.6	-0.000346163
401.7	-0.00039607
401.8	-0.000443145
401.9	-0.000491579
402	-0.000543708
402.1	-0.000595034
402.2	-0.000648446
402.3	-0.000706346
402.4	-0.000765661
402.5	-0.000823411
402.6	-0.000879869
402.7	-0.000932962
402.8	-0.000981758
402.9	-0.00102815
403	-0.00107462
403.1	-0.00112204
403.2	-0.00117129
403.3	-0.00122271
403.4	-0.00127119
403.5	-0.0013165
403.6	-0.0013515
403.7	-0.0013846
403.8	-0.00142083
403.9	-0.00146062
404	-0.00150152
404.1	-0.0015364
404.2	-0.00156145
404.3	-0.00158749
404.4	-0.00161323
404.5	-0.00163685
404.6	-0.00165831
404.7	-0.00168157
404.8	-0.00170737
404.9	-0.00173467
405	-0.00176172
405.1	-0.00178484
405.2	-0.00180716
405.3	-0.00182977
405.4	-0.00185731
405.5	-0.00188325
405.6	-0.00190759
405.7	-0.00193562
405.8	-0.00196445
405.9	-0.0019911
406	-0.00201734
406.1	-0.00204339
406.2	-0.00206737
406.3	-0.00209138
406.4	-0.00211175
406.5	-0.00213012
406.6	-0.00214497
406.7	-0.00215769
406.8	-0.00216427
406.9	-0.00216264
407	-0.00214998
407.1	-0.00212921
407.2	-0.0021028
407.3	-0.00208383
407.4	-0.00206843
407.5	-0.00205818
407.6	-0.00205395
407.7	-0.00204972
407.8	-0.00205165
407.9	-0.0020554
408	-0.0020615
408.1	-0.00206797
408.2	-0.00207741
408.3	-0.00208723
408.4	-0.00209977
408.5	-0.00210992
408.6	-0.00211368
408.7	-0.00211395
408.8	-0.00210635
408.9	-0.00209388
409	-0.00207451
409.1	-0.00204766
409.2	-0.00201956
409.3	-0.00199223
409.4	-0.00196959
409.5	-0.00194632
409.6	-0.00192546
409.7	-0.00191365
409.8	-0.00190384
409.9	-0.00189672
410	-0.00189199
410.1	-0.00188663
410.2	-0.00188446
410.3	-0.00188516
410.4	-0.00188624
410.5	-0.00188529
410.6	-0.00187983
410.7	-0.00187192
410.8	-0.00185891
410.9	-0.00184241
411	-0.00182602
411.1	-0.00181336
411.2	-0.00180416
411.3	-0.0017948
411.4	-0.00178242
411.5	-0.00177152
411.6	-0.0017652
411.7	-0.00176391
411.8	-0.00176199
411.9	-0.00175909
412	-0.00175675
412.1	-0.00175338
412.2	-0.00174546
412.3	-0.00173568
412.4	-0.00172552
412.5	-0.00170751
412.6	-0.0016917
412.7	-0.00167712
412.8	-0.0016635
412.9	-0.00165034
413	-0.0016343
413.1	-0.00161371
413.2	-0.00159178
413.3	-0.00157153
413.4	-0.00155255
413.5	-0.00153669
413.6	-0.0015261
413.7	-0.00151761
413.8	-0.00150998
413.9	-0.00150821
414	-0.00150758
414.1	-0.00150574
414.2	-0.0014995
414.3	-0.00149193
414.4	-0.00149065
414.5	-0.00148986
414.6	-0.00148945
414.7	-0.00148875
414.8	-0.0014945
414.9	-0.00150171
415	-0.00150877
415.1	-0.00151371
415.2	-0.0015085
415.3	-0.00150123
415.4	-0.00149342
415.5	-0.0014874
415.6	-0.00148144
415.7	-0.00147154
415.8	-0.00145758
415.9	-0.00144
416	-0.00142116
416.1	-0.00140312
416.2	-0.00139061
416.3	-0.0013872
416.4	-0.00138651
416.5	-0.00138709
416.6	-0.00138906
416.7	-0.00138818
416.8	-0.00138238
416.9	-0.00137617
417	-0.00137112
417.1	-0.00136847
417.2	-0.00137054
417.3	-0.00137535
417.4	-0.00138118
417.5	-0.00138858
417.6	-0.00139329
417.7	-0.00139491
417.8	-0.00139607
417.9	-0.00140284
418	-0.00140945
418.1	-0.00141598
418.2	-0.00142854
418.3	-0.00144531
418.4	-0.00146628
418.5	-0.00148529
418.6	-0.0015029
418.7	-0.00152233
418.8	-0.00154567
418.9	-0.00156983
419	-0.00159254
419.1	-0.00161412
419.2	-0.00163052
419.3	-0.00164857
419.4	-0.00166664
419.5	-0.00168562
419.6	-0.00170806
419.7	-0.00172829
419.8	-0.00175263
419.9	-0.00177433
420	-0.00179546
420.1	-0.00181619
420.2	-0.00183649
420.3	-0.00185522
420.4	-0.00187276
420.5	-0.00188381
420.6	-0.00189019
420.7	-0.00189091
420.8	-0.00189488
420.9	-0.00189852
421	-0.00189605
421.1	-0.00189855
421.2	-0.0019083
421.3	-0.00191852
421.4	-0.00192483
421.5	-0.00192701
421.6	-0.00192402
421.7	-0.00192012
421.8	-0.00191266
421.9	-0.00190884
422	-0.00190197
422.1	-0.00189834
422.2	-0.00189953
422.3	-0.00190059
422.4	-0.00190003
422.5	-0.0018964
422.6	-0.00188833
422.7	-0.00188195
422.8	-0.00187916
422.9	-0.00187811
423	-0.00188147
423.1	-0.00188472
423.2	-0.00188595
423.3	-0.00188932
423.4	-0.00189284
423.5	-0.00189699
423.6	-0.00189966
423.7	-0.00189849
423.8	-0.00189189
423.9	-0.00188508
424	-0.00187454
424.1	-0.001859
424.2	-0.00184234
424.3	-0.00183204
424.4	-0.00182852
424.5	-0.00182865
424.6	-0.00183051
424.7	-0.00183081
424.8	-0.00183554
424.9	-0.00183974
425	-0.00184283
425.1	-0.00185139
425.2	-0.00186161
425.3	-0.00187521
425.4	-0.00188613
425.5	-0.00189954
425.6	-0.00191741
425.7	-0.00193529
425.8	-0.00195438
425.9	-0.00197272
426	-0.00198634
426.1	-0.00199771
426.2	-0.0020091
426.3	-0.00201852
426.4	-0.00202927
426.5	-0.00204171
426.6	-0.00204794
426.7	-0.00205556
426.8	-0.00206548
426.9	-0.00207399
427	-0.00208445
427.1	-0.00209711
427.2	-0.00211542
427.3	-0.00213572
427.4	-0.00215542
427.5	-0.00217057
427.6	-0.00218057
427.7	-0.00218622
427.8	-0.00218902
427.9	-0.00218496
428	-0.00217886
428.1	-0.00217252
428.2	-0.00216842
428.3	-0.00216907
428.4	-0.00217159
428.5	-0.00217358
428.6	-0.00217482
428.7	-0.00217178
428.8	-0.00216673
428.9	-0.00216306
429	-0.0021595
429.1	-0.00215551
429.2	-0.00215851
429.3	-0.00216265
429.4	-0.00216835
429.5	-0.00217067
429.6	-0.00217492
429.7	-0.00218669
429.8	-0.00220755
429.9	-0.00223483
430	-0.0022668
430.1	-0.00230264
430.2	-0.00233602
430.3	-0.00236993
430.4	-0.00240282
430.5	-0.00243504
430.6	-0.00246374
430.7	-0.00249014
430.8	-0.00251228
430.9	-0.00253145
431	-0.00254664
431.1	-0.00255967
431.2	-0.00257401
431.3	-0.00259173
431.4	-0.00261204
431.5	-0.00262949
431.6	-0.00264298
431.7	-0.00265385
431.8	-0.00266413
431.9	-0.00267601
432	-0.00268659
432.1	-0.00270069
432.2	-0.00271613
432.3	-0.0027283
432.4	-0.00273697
432.5	-0.00274291
432.6	-0.00274772
432.7	-0.00275825
432.8	-0.00277813
432.9	-0.00280638
433	-0.00283984
433.1	-0.00287432
433.2	-0.00291086
433.3	-0.002951
433.4	-0.00299183
433.5	-0.00303601
433.6	-0.00308209
433.7	-0.00312865
433.8	-0.00317117
433.9	-0.00321309
434	-0.00325437
434.1	-0.00329564
434.2	-0.00333289
434.3	-0.00337135
434.4	-0.00340873
434.5	-0.00344699
434.6	-0.00348679
434.7	-0.00352345
434.8	-0.0035618
434.9	-0.00360115
435	-0.00363801
435.1	-0.00367544
435.2	-0.00371374
435.3	-0.00375213
435.4	-0.00378655
435.5	-0.00381471
435.6	-0.00383547
435.7	-0.00384918
435.8	-0.00386018
435.9	-0.00386935
436	-0.0038813
436.1	-0.0038925
436.2	-0.00390995
436.3	-0.00393304
436.4	-0.00395548
436.5	-0.0039755
436.6	-0.00399706
436.7	-0.00401513
436.8	-0.00403076
436.9	-0.00404686
437	-0.0040616
437.1	-0.00407421
437.2	-0.00408355
437.3	-0.00409208
437.4	-0.00409916
437.5	-0.00410547
437.6	-0.00410746
437.7	-0.00410966
437.8	-0.00411218
437.9	-0.0041132
438	-0.00411153
438.1	-0.0040994
438.2	-0.00407973
438.3	-0.00405371
438.4	-0.00402352
438.5	-0.00399088
438.6	-0.00395965
438.7	-0.00392523
438.8	-0.00388872
438.9	-0.00385131
439	-0.00382106
439.1	-0.00378891
439.2	-0.00375703
439.3	-0.00372161
439.4	-0.00368869
439.5	-0.00365608
439.6	-0.00362244
439.7	-0.00358731
439.8	-0.00355151
439.9	-0.00351344
440	-0.00347576
440.1	-0.00344017
440.2	-0.0033997
440.3	-0.00336104
440.4	-0.00331976
440.5	-0.0032766
440.6	-0.00323151
440.7	-0.00318262
440.8	-0.00313367
440.9	-0.00308512
441	-0.00303772
441.1	-0.00299282
441.2	-0.00294557
441.3	-0.00289723
441.4	-0.0028407
441.5	-0.00278697
441.6	-0.00273437
441.7	-0.00268121
441.8	-0.00262795
441.9	-0.00257606
442	-0.00252053
442.1	-0.0024644
442.2	-0.00240431
442.3	-0.002348
442.4	-0.00229844
442.5	-0.00224937
442.6	-0.00220083
442.7	-0.00215707
442.8	-0.00210867
442.9	-0.00205773
443	-0.00200766
443.1	-0.00195714
443.2	-0.00190798
443.3	-0.00186229
443.4	-0.00182351
443.5	-0.00178653
443.6	-0.00175105
443.7	-0.00171246
443.8	-0.00167602
443.9	-0.00164425
444	-0.00161902
444.1	-0.00159639
444.2	-0.00157672
444.3	-0.00155635
444.4	-0.0015318
444.5	-0.00150527
444.6	-0.00147409
444.7	-0.00144489
444.8	-0.00141742
444.9	-0.00139305
445	-0.00136965
445.1	-0.00134809
445.2	-0.00132662
445.3	-0.00130601
445.4	-0.00128637
445.5	-0.00126489
445.6	-0.00124211
445.7	-0.0012181
445.8	-0.00119246
445.9	-0.00116245
446	-0.0011358
446.1	-0.00111455
446.2	-0.00109542
446.3	-0.00107379
446.4	-0.00105175
446.5	-0.00103119
446.6	-0.00100973
446.7	-0.000988637
446.8	-0.00096899
446.9	-0.000949807
447	-0.000924797
447.1	-0.00089395
447.2	-0.000860633
447.3	-0.000827117
447.4	-0.000795218
447.5	-0.000761089
447.6	-0.000722659
447.7	-0.000681162
447.8	-0.000638842
447.9	-0.000597786
448	-0.000554847
448.1	-0.000514294
448.2	-0.000472569
448.3	-0.000432542
448.4	-0.000396317
448.5	-0.000364793
448.6	-0.00033588
448.7	-0.000308039
448.8	-0.000278394
448.9	-0.000245255
449	-0.000206447
449.1	-0.000162149
449.2	-0.00011535
449.3	-7.00308e-05
449.4	-2.64304e-05
449.5	1.93088e-05
449.6	6.51872e-05
449.7	0.000108879
449.8	0.000157223
449.9	0.000210292
450	0.000269032
450.1	0.000331184
450.2	0.000395596
450.3	0.000458663
450.4	0.000519199
450.5	0.000577623
450.6	0.000633469
450.7	0.000685796
450.8	0.000736773
450.9	0.000790015
451	0.000843589
451.1	0.000897596
451.2	0.00095125
451.3	0.00100675
451.4	0.00106138
451.5	0.00111174
451.6	0.00115732
451.7	0.00120495
451.8	0.00124822
451.9	0.0012921
452	0.00133677
452.1	0.00138135
452.2	0.00142309
452.3	0.00146382
452.4	0.00150688
452.5	0.00155464
452.6	0.00160256
452.7	0.00164945
452.8	0.00169894
452.9	0.001749
453	0.0018021
453.1	0.00185203
453.2	0.0018966
453.3	0.00193818
453.4	0.00197783
453.5	0.00200915
453.6	0.00203325
453.7	0.00205095
453.8	0.00206773
453.9	0.00208563
454	0.00209669
454.1	0.00210773
454.2	0.002116
454.3	0.00212355
454.4	0.00212787
454.5	0.00213131
454.6	0.00213843
454.7	0.00214532
454.8	0.00214117
454.9	0.00213237
455	0.00212353
455.1	0.00211177
455.2	0.00209784
455.3	0.00208188
455.4	0.00206714
455.5	0.0020485
455.6	0.00202395
455.7	0.00199506
455.8	0.00196718
455.9	0.00193942
456	0.00191415
456.1	0.00189195
456.2	0.0018744
456.3	0.00185567
456.4	0.00183056
456.5	0.00180754
456.6	0.0017845
456.7	0.00175829
456.8	0.00172507
456.9	0.00169211
457	0.00165772
457.1	0.00162539
457.2	0.00159386
457.3	0.00156352
457.4	0.00153479
457.5	0.00150981
457.6	0.00148312
457.7	0.00145558
457.8	0.00142817
457.9	0.0014038
458	0.00138559
458.1	0.00137088
458.2	0.00135792
458.3	0.00135045
458.4	0.0013458
458.5	0.0013421
458.6	0.00134207
458.7	0.00133871
458.8	0.00133335
458.9	0.00133086
459	0.00132188
459.1	0.00130873
459.2	0.00129378
459.3	0.00127717
459.4	0.00125862
459.5	0.00123633
459.6	0.00121401
459.7	0.00119225
459.8	0.00117266
459.9	0.00115076
460	0.00113185
460.1	0.00111741
460.2	0.00110866
460.3	0.00109611
460.4	0.00107813
460.5	0.00105718
460.6	0.0010341
460.7	0.00100706
460.8	0.000978741
460.9	0.000949938
461	0.000923214
461.1	0.000894061
461.2	0.00086326
461.3	0.000830348
461.4	0.000794803
461.5	0.00076027
461.6	0.000727231
461.7	0.000693172
461.8	0.000667026
461.9	0.000646108
462	0.000633157
462.1	0.000620477
462.2	0.000605929
462.3	0.00058702
462.4	0.000568665
462.5	0.00054966
462.6	0.000531392
462.7	0.000511848
462.8	0.000493174
462.9	0.000477875
463	0.000464011
463.1	0.000449903
463.2	0.000432862
463.3	0.000417233
463.4	0.000396365
463.5	0.00037419
463.6	0.000353439
463.7	0.000333915
463.8	0.000317553
463.9	0.000306377
464	0.000296462
464.1	0.000288189
464.2	0.000280053
464.3	0.000269015
464.4	0.000256511
464.5	0.000245213
464.6	0.000235857
464.7	0.000226399
464.8	0.00021543
464.9	0.000206643
465	0.000203323
465.1	0.000201293
465.2	0.000204645
465.3	0.000216395
465.4	0.000230846
465.5	0.000241969
465.6	0.000246958
465.7	0.00024869
465.8	0.000249609
465.9	0.000250256
466	0.000254049
466.1	0.000263552
466.2	0.000277383
466.3	0.000287601
466.4	0.000295247
466.5	0.000301407
466.6	0.000308986
466.7	0.000319684
466.8	0.000335747
466.9	0.00035483
467	0.000374185
467.1	0.000392848
467.2	0.000408097
467.3	0.000424331
467.4	0.000437537
467.5	0.000454066
467.6	0.000468765
467.7	0.000473206
467.8	0.000476936
467.9	0.000478135
468	0.000475591
468.1	0.000469814
468.2	0.000462587
468.3	0.000449931
468.4	0.000438171
468.5	0.000431183
468.6	0.0004246
468.7	0.000418772
468.8	0.000411385
468.9	0.000405458
469	0.000399374
469.1	0.000396558
469.2	0.000396433
469.3	0.00039974
469.4	0.000402567
469.5	0.000403353
469.6	0.000404324
469.7	0.000399828
469.8	0.000390053
469.9	0.000379438
470	0.000365807
470.1	0.000354484
470.2	0.00034065
470.3	0.00032999
470.4	0.000323553
470.5	0.000314704
470.6	0.000300865
470.7	0.000282308
470.8	0.000264594
470.9	0.000247445
471	0.000226904
471.1	0.000204091
471.2	0.000179058
471.3	0.000148446
471.4	0.000113497
471.5	7.8719e-05
471.6	4.56984e-05
471.7	2.02281e-05
471.8	1.66652e-06
471.9	-9.92292e-06
472	-1.56454e-05
472.1	-1.98479e-05
472.2	-2.12444e-05
472.3	-2.35046e-05
472.4	-2.64173e-05
472.5	-3.08891e-05
472.6	-3.67524e-05
472.7	-4.57647e-05
472.8	-5.72974e-05
472.9	-7.0463e-05
473	-8.36053e-05
473.1	-9.3808e-05
473.2	-9.94851e-05
473.3	-0.000101158
473.4	-0.000100234
473.5	-0.000104675
473.6	-0.000110767
473.7	-0.000118313
473.8	-0.00012485
473.9	-0.000133121
474	-0.000146597
474.1	-0.000161578
474.2	-0.000182382
474.3	-0.000207949
474.4	-0.000237371
474.5	-0.000267583
474.6	-0.000296765
474.7	-0.000320966
474.8	-0.000345858
474.9	-0.00036856
475	-0.000392051
475.1	-0.000414333
475.2	-0.000433671
475.3	-0.00045153
475.4	-0.000459488
475.5	-0.000461122
475.6	-0.000460793
475.7	-0.000462823
475.8	-0.000465281
475.9	-0.000470607
476	-0.000482165
476.1	-0.000495661
476.2	-0.00050836
476.3	-0.000517037
476.4	-0.000523257
476.5	-0.00053006
476.6	-0.000534792
476.7	-0.00054061
476.8	-0.000542358
476.9	-0.000539833
477	-0.000538169
477.1	-0.000542234
477.2	-0.000547195
477.3	-0.000553584
477.4	-0.000560932
477.5	-0.000569775
477.6	-0.000574882
477.7	-0.000578409
477.8	-0.000588301
477.9	-0.000601439
478	-0.000617225
478.1	-0.000632762
478.2	-0.000642787
478.3	-0.000647462
478.4	-0.000646362
478.5	-0.000638522
478.6	-0.000636525
478.7	-0.00063522
478.8	-0.000631368
478.9	-0.000629154
479	-0.000629229
479.1	-0.000635154
479.2	-0.000639666
479.3	-0.00064323
479.4	-0.000645734
479.5	-0.000649136
479.6	-0.000650877
479.7	-0.000648602
479.8	-0.000641902
479.9	-0.000634006
480	-0.000629264
480.1	-0.000628489
480.2	-0.00062996
480.3	-0.000631477
480.4	-0.000629271
480.5	-0.00062523
480.6	-0.000617457
480.7	-0.000605684
480.8	-0.000590999
480.9	-0.000573702
481	-0.000557902
481.1	-0.000541041
481.2	-0.000518075
481.3	-0.000494059
481.4	-0.000477048
481.5	-0.000470153
481.6	-0.000469617
481.7	-0.000471093
481.8	-0.000470232
481.9	-0.000471894
482	-0.00047776
482.1	-0.000481689
482.2	-0.000490647
482.3	-0.000503398
482.4	-0.000517233
482.5	-0.000528915
482.6	-0.000543287
482.7	-0.000557628
482.8	-0.000567894
482.9	-0.000578793
483	-0.000588642
483.1	-0.000598025
483.2	-0.000608657
483.3	-0.000619957
483.4	-0.000632381
483.5	-0.000647247
483.6	-0.000662539
483.7	-0.000670127
483.8	-0.000676086
483.9	-0.000687146
484	-0.00070051
484.1	-0.000719431
484.2	-0.000742332
484.3	-0.000765155
484.4	-0.000792524
484.5	-0.00082532
484.6	-0.000860067
484.7	-0.000891739
484.8	-0.000914443
484.9	-0.000929882
485	-0.000940842
485.1	-0.000948816
485.2	-0.000954462
485.3	-0.000962072
485.4	-0.000968208
485.5	-0.000969567
485.6	-0.000967102
485.7	-0.00096174
485.8	-0.00095582
485.9	-0.000946393
486	-0.000935039
486.1	-0.000920357
486.2	-0.000904796
486.3	-0.000888725
486.4	-0.000878259
486.5	-0.00087383
486.6	-0.000874953
486.7	-0.000875623
486.8	-0.000878026
486.9	-0.000880458
487	-0.000888203
487.1	-0.000896978
487.2	-0.000904728
487.3	-0.000912961
487.4	-0.000921319
487.5	-0.000927405
487.6	-0.000936584
487.7	-0.000945488
487.8	-0.000951924
487.9	-0.000955698
488	-0.000959646
488.1	-0.000962555
488.2	-0.000959597
488.3	-0.000952191
488.4	-0.000942488
488.5	-0.000928625
488.6	-0.000911601
488.7	-0.000888409
488.8	-0.000854702
488.9	-0.000818479
489	-0.000781514
489.1	-0.000746608
489.2	-0.000708937
489.3	-0.000672835
489.4	-0.00063968
489.5	-0.000607364
489.6	-0.000579739
489.7	-0.000557124
489.8	-0.000539342
489.9	-0.000523608
490	-0.000512438
490.1	-0.000506031
490.2	-0.000501457
490.3	-0.000495013
490.4	-0.000484469
490.5	-0.000473605
490.6	-0.000460189
490.7	-0.000445669
490.8	-0.000429676
490.9	-0.00040948
491	-0.000387701
491.1	-0.000364317
491.2	-0.000337593
491.3	-0.000309481
491.4	-0.000279547
491.5	-0.000245492
491.6	-0.000208626
491.7	-0.000170352
491.8	-0.00013292
491.9	-9.96026e-05
492	-6.92932e-05
492.1	-4.29528e-05
492.2	-1.92589e-05
492.3	3.86825e-06
492.4	2.92062e-05
492.5	5.37911e-05
492.6	7.74173e-05
492.7	0.000100098
492.8	0.000121353
492.9	0.000144945
493	0.000166471
493.1	0.00018233
493.2	0.000194323
493.3	0.000205987
493.4	0.000216171
493.5	0.00022373
493.6	0.000235599
493.7	0.000247401
493.8	0.000257924
493.9	0.000270065
494	0.000278071
494.1	0.000284985
494.2	0.000284765
494.3	0.000277113
494.4	0.000266464
494.5	0.000252126
494.6	0.00023722
494.7	0.000222518
494.8	0.000211746
494.9	0.000204482
495	0.000199992
495.1	0.000200365
495.2	0.000203873
495.3	0.000207008
495.4	0.00021017
495.5	0.000216362
495.6	0.000226073
495.7	0.000237875
495.8	0.000247805
495.9	0.000259916
496	0.000269283
496.1	0.000275806
496.2	0.000286911
496.3	0.000302435
496.4	0.000320378
496.5	0.000342804
496.6	0.000361962
496.7	0.000374556
496.8	0.000385497
496.9	0.000396231
497	0.000408719
497.1	0.000419632
497.2	0.000427433
497.3	0.000430302
497.4	0.000430313
497.5	0.000427534
497.6	0.000422095
497.7	0.00041667
497.8	0.000414971
497.9	0.000409285
498	0.000398847
498.1	0.000386401
498.2	0.000372213
498.3	0.000355698
498.4	0.000341545
498.5	0.00033048
498.6	0.000321555
498.7	0.000313516
498.8	0.000308634
498.9	0.000302123
499	0.000285427
499.1	0.000261944
499.2	0.000237514
499.3	0.00021526
499.4	0.000190398
499.5	0.000170811
499.6	0.000155223
499.7	0.000140705
499.8	0.000129208
499.9	0.000123551
500	0.000124238
