LagTime	Correlation

0	0.66746
0.1	0.662443
0.2	0.654966
0.3	0.646944
0.4	0.638857
0.5	0.630827
0.6	0.622888
0.7	0.615045
0.8	0.607299
0.9	0.599655
1	0.592106
1.1	0.584649
1.2	0.577287
1.3	0.570017
1.4	0.562833
1.5	0.555744
1.6	0.548751
1.7	0.541846
1.8	0.535032
1.9	0.528307
2	0.521667
2.1	0.515106
2.2	0.508623
2.3	0.502222
2.4	0.495907
2.5	0.489669
2.6	0.483504
2.7	0.477413
2.8	0.471397
2.9	0.465453
3	0.459584
3.1	0.453792
3.2	0.448078
3.3	0.442439
3.4	0.436869
3.5	0.431371
3.6	0.425942
3.7	0.42058
3.8	0.415292
3.9	0.410076
4	0.404928
4.1	0.399847
4.2	0.394827
4.3	0.389869
4.4	0.384973
4.5	0.380139
4.6	0.375363
4.7	0.370644
4.8	0.365985
4.9	0.361386
5	0.356844
5.1	0.35236
5.2	0.347934
5.3	0.343563
5.4	0.339242
5.5	0.334971
5.6	0.330754
5.7	0.326587
5.8	0.322475
5.9	0.318414
6	0.314405
6.1	0.31045
6.2	0.306552
6.3	0.302713
6.4	0.298927
6.5	0.295189
6.6	0.291499
6.7	0.287849
6.8	0.284241
6.9	0.28068
7	0.277165
7.1	0.273694
7.2	0.270266
7.3	0.266879
7.4	0.263528
7.5	0.260222
7.6	0.256957
7.7	0.253739
7.8	0.250559
7.9	0.247418
8	0.24432
8.1	0.241259
8.2	0.23823
8.3	0.235229
8.4	0.232266
8.5	0.229339
8.6	0.226447
8.7	0.223591
8.8	0.220773
8.9	0.217991
9	0.215242
9.1	0.212527
9.2	0.209845
9.3	0.207197
9.4	0.204582
9.5	0.202003
9.6	0.199461
9.7	0.196953
9.8	0.194477
9.9	0.19203
10	0.189612
10.1	0.187229
10.2	0.184879
10.3	0.182563
10.4	0.180279
10.5	0.178024
10.6	0.175799
10.7	0.173604
10.8	0.171431
10.9	0.169283
11	0.167156
11.1	0.165049
11.2	0.162967
11.3	0.160913
11.4	0.158884
11.5	0.156879
11.6	0.154895
11.7	0.152934
11.8	0.150998
11.9	0.149083
12	0.147193
12.1	0.145327
12.2	0.143489
12.3	0.141681
12.4	0.139898
12.5	0.138134
12.6	0.136389
12.7	0.134668
12.8	0.132971
12.9	0.131297
13	0.129644
13.1	0.128017
13.2	0.126413
13.3	0.124828
13.4	0.123261
13.5	0.121717
13.6	0.120196
13.7	0.118696
13.8	0.117215
13.9	0.115756
14	0.114316
14.1	0.112888
14.2	0.111482
14.3	0.110095
14.4	0.108727
14.5	0.107372
14.6	0.106035
14.7	0.104717
14.8	0.103416
14.9	0.10213
15	0.100851
15.1	0.099587
15.2	0.0983379
15.3	0.0971027
15.4	0.0958872
15.5	0.0946931
15.6	0.0935193
15.7	0.0923623
15.8	0.0912201
15.9	0.0900868
16	0.0889687
16.1	0.0878705
16.2	0.0867913
16.3	0.0857263
16.4	0.0846769
16.5	0.0836398
16.6	0.0826151
16.7	0.0816044
16.8	0.0806125
16.9	0.0796335
17	0.0786591
17.1	0.0776903
17.2	0.0767282
17.3	0.0757812
17.4	0.0748458
17.5	0.0739197
17.6	0.0730023
17.7	0.072098
17.8	0.0712049
17.9	0.070323
18	0.0694494
18.1	0.0685895
18.2	0.0677461
18.3	0.0669126
18.4	0.0660871
18.5	0.0652723
18.6	0.0644668
18.7	0.0636713
18.8	0.0628806
18.9	0.0620948
19	0.0613166
19.1	0.0605474
19.2	0.0597915
19.3	0.0590457
19.4	0.0583092
19.5	0.0575829
19.6	0.0568695
19.7	0.0561665
19.8	0.0554717
19.9	0.0547858
20	0.0541071
20.1	0.0534368
20.2	0.0527754
20.3	0.052124
20.4	0.0514825
20.5	0.0508518
20.6	0.0502305
20.7	0.0496214
20.8	0.0490178
20.9	0.0484206
21	0.0478272
21.1	0.0472363
21.2	0.0466457
21.3	0.0460576
21.4	0.0454761
21.5	0.0449004
21.6	0.044335
21.7	0.0437753
21.8	0.0432224
21.9	0.0426812
22	0.0421478
22.1	0.0416192
22.2	0.0411001
22.3	0.0405845
22.4	0.0400739
22.5	0.0395673
22.6	0.0390704
22.7	0.0385896
22.8	0.0381195
22.9	0.0376568
23	0.0372018
23.1	0.0367532
23.2	0.036309
23.3	0.0358648
23.4	0.0354274
23.5	0.0349962
23.6	0.0345723
23.7	0.0341508
23.8	0.0337359
23.9	0.0333305
24	0.0329352
24.1	0.032552
24.2	0.0321805
24.3	0.0318127
24.4	0.0314461
24.5	0.0310772
24.6	0.0307066
24.7	0.0303364
24.8	0.0299704
24.9	0.0296119
25	0.0292599
25.1	0.0289124
25.2	0.0285671
25.3	0.0282251
25.4	0.0278893
25.5	0.0275591
25.6	0.0272323
25.7	0.0269073
25.8	0.0265846
25.9	0.0262614
26	0.0259401
26.1	0.0256218
26.2	0.0253065
26.3	0.0249958
26.4	0.0246917
26.5	0.0243904
26.6	0.0240919
26.7	0.0238033
26.8	0.023522
26.9	0.0232443
27	0.0229724
27.1	0.0227085
27.2	0.0224506
27.3	0.0221976
27.4	0.0219438
27.5	0.0216934
27.6	0.0214472
27.7	0.0212066
27.8	0.0209707
27.9	0.0207365
28	0.0205003
28.1	0.0202651
28.2	0.0200281
28.3	0.0197925
28.4	0.0195584
28.5	0.0193216
28.6	0.0190828
28.7	0.0188447
28.8	0.018611
28.9	0.0183837
29	0.0181601
29.1	0.0179458
29.2	0.0177359
29.3	0.0175268
29.4	0.0173226
29.5	0.0171237
29.6	0.0169271
29.7	0.0167356
29.8	0.0165477
29.9	0.0163631
30	0.0161827
30.1	0.0160058
30.2	0.0158286
30.3	0.0156539
30.4	0.0154773
30.5	0.0153002
30.6	0.0151243
30.7	0.0149495
30.8	0.0147784
30.9	0.0146089
31	0.0144414
31.1	0.0142779
31.2	0.0141129
31.3	0.0139508
31.4	0.0137931
31.5	0.0136368
31.6	0.0134833
31.7	0.0133308
31.8	0.0131805
31.9	0.0130339
32	0.0128886
32.1	0.0127453
32.2	0.0126074
32.3	0.012472
32.4	0.0123416
32.5	0.0122187
32.6	0.0121015
32.7	0.0119883
32.8	0.0118745
32.9	0.0117564
33	0.0116368
33.1	0.0115138
33.2	0.0113925
33.3	0.0112711
33.4	0.0111482
33.5	0.0110273
33.6	0.0109081
33.7	0.0107902
33.8	0.0106682
33.9	0.0105401
34	0.0104057
34.1	0.0102705
34.2	0.010133
34.3	0.0099927
34.4	0.00985291
34.5	0.00971348
34.6	0.00957138
34.7	0.00942622
34.8	0.00928222
34.9	0.00914009
35	0.00899781
35.1	0.00885901
35.2	0.00871805
35.3	0.00857864
35.4	0.00844373
35.5	0.00830908
35.6	0.00817204
35.7	0.0080344
35.8	0.00789932
35.9	0.00776901
36	0.00764223
36.1	0.00752066
36.2	0.00740272
36.3	0.00728971
36.4	0.00717831
36.5	0.0070671
36.6	0.0069589
36.7	0.0068583
36.8	0.0067671
36.9	0.00667911
37	0.00658836
37.1	0.00650011
37.2	0.0064121
37.3	0.00632703
37.4	0.0062434
37.5	0.00616368
37.6	0.0060893
37.7	0.00602061
37.8	0.00595919
37.9	0.00590066
38	0.00583706
38.1	0.00577245
38.2	0.00571332
38.3	0.00565545
38.4	0.00559811
38.5	0.00554371
38.6	0.00549116
38.7	0.00544127
38.8	0.00539483
38.9	0.0053481
39	0.00529605
39.1	0.00524125
39.2	0.00518388
39.3	0.00512404
39.4	0.0050652
39.5	0.00500303
39.6	0.0049411
39.7	0.00488171
39.8	0.00481833
39.9	0.00475091
40	0.00468668
40.1	0.00462413
40.2	0.00456726
40.3	0.00450993
40.4	0.0044532
40.5	0.00439695
40.6	0.00434518
40.7	0.00429993
40.8	0.00425712
40.9	0.00421358
41	0.00416789
41.1	0.00411948
41.2	0.00407325
41.3	0.00402813
41.4	0.00398714
41.5	0.00394271
41.6	0.0038962
41.7	0.00385038
41.8	0.00380254
41.9	0.00375113
42	0.00369917
42.1	0.00364799
42.2	0.00359415
42.3	0.00353569
42.4	0.00347627
42.5	0.00341326
42.6	0.00334284
42.7	0.0032612
42.8	0.00317182
42.9	0.00308073
43	0.00298578
43.1	0.00288769
43.2	0.00278358
43.3	0.00268154
43.4	0.00258188
43.5	0.00248358
43.6	0.00238295
43.7	0.00228096
43.8	0.00218536
43.9	0.0020926
44	0.00200247
44.1	0.00191709
44.2	0.00183401
44.3	0.00175117
44.4	0.00167341
44.5	0.00160176
44.6	0.0015382
44.7	0.00147904
44.8	0.00142265
44.9	0.00137115
45	0.00132309
45.1	0.00127719
45.2	0.00123562
45.3	0.00119202
45.4	0.00115258
45.5	0.00111968
45.6	0.00109058
45.7	0.00106399
45.8	0.00104185
45.9	0.00102245
46	0.00100067
46.1	0.000978937
46.2	0.000955062
46.3	0.00093371
46.4	0.000915596
46.5	0.00089658
46.6	0.000865929
46.7	0.000830052
46.8	0.000790982
46.9	0.000754945
47	0.000719251
47.1	0.000682824
47.2	0.000645409
47.3	0.00060564
47.4	0.00056191
47.5	0.000520363
47.6	0.000475455
47.7	0.000424507
47.8	0.000366633
47.9	0.000308435
48	0.000253635
48.1	0.000205079
48.2	0.000158667
48.3	0.000115307
48.4	7.40891e-05
48.5	3.41181e-05
48.6	-5.83646e-06
48.7	-3.85262e-05
48.8	-6.60327e-05
48.9	-9.35689e-05
49	-0.000119365
49.1	-0.000145838
49.2	-0.000169305
49.3	-0.0001976
49.4	-0.000230463
49.5	-0.000267241
49.6	-0.000309669
49.7	-0.000352401
49.8	-0.000391398
49.9	-0.00042647
50	-0.000461698
50.1	-0.000501164
50.2	-0.000547567
50.3	-0.000599261
50.4	-0.000646009
50.5	-0.000687706
50.6	-0.000723472
50.7	-0.000758383
50.8	-0.000796139
50.9	-0.000835371
51	-0.000873987
51.1	-0.000916881
51.2	-0.000959593
51.3	-0.000998096
51.4	-0.00103485
51.5	-0.00107342
51.6	-0.00111113
51.7	-0.00114782
51.8	-0.00118249
51.9	-0.00121313
52	-0.00124414
52.1	-0.00128177
52.2	-0.00131992
52.3	-0.00135844
52.4	-0.00139786
52.5	-0.00143977
52.6	-0.00147583
52.7	-0.00151253
52.8	-0.00155218
52.9	-0.00159702
53	-0.00164603
53.1	-0.00169387
53.2	-0.00174078
53.3	-0.001783
53.4	-0.00181761
53.5	-0.00184919
53.6	-0.00187534
53.7	-0.0018996
53.8	-0.00191941
53.9	-0.00193808
54	-0.00196362
54.1	-0.0019895
54.2	-0.00201734
54.3	-0.0020488
54.4	-0.00208205
54.5	-0.00212151
54.6	-0.00216524
54.7	-0.00221398
54.8	-0.00225979
54.9	-0.00230571
55	-0.0023568
55.1	-0.0024062
55.2	-0.00245456
55.3	-0.00249925
55.4	-0.00254255
55.5	-0.00258517
55.6	-0.00262901
55.7	-0.00267357
55.8	-0.00271858
55.9	-0.0027673
56	-0.00281243
56.1	-0.00285795
56.2	-0.00290411
56.3	-0.0029527
56.4	-0.00300057
56.5	-0.00304804
56.6	-0.00309334
56.7	-0.00313943
56.8	-0.0031894
56.9	-0.0032384
57	-0.00328212
57.1	-0.00331791
57.2	-0.00334634
57.3	-0.00336985
57.4	-0.00339569
57.5	-0.00342144
57.6	-0.00344425
57.7	-0.00346689
57.8	-0.00348558
57.9	-0.00350936
58	-0.00353567
58.1	-0.00356461
58.2	-0.00360011
58.3	-0.00363752
58.4	-0.00367489
58.5	-0.00371491
58.6	-0.00375698
58.7	-0.00379711
58.8	-0.00383188
58.9	-0.0038598
59	-0.00387535
59.1	-0.00388553
59.2	-0.00389142
59.3	-0.00389362
59.4	-0.00389677
59.5	-0.00389783
59.6	-0.00389573
59.7	-0.00389514
59.8	-0.00389439
59.9	-0.00388973
60	-0.00387953
60.1	-0.00386511
60.2	-0.00384938
60.3	-0.00383312
60.4	-0.00381816
60.5	-0.00380233
60.6	-0.00378244
60.7	-0.00375842
60.8	-0.00373241
60.9	-0.00370713
61	-0.0036883
61.1	-0.00367233
61.2	-0.00365823
61.3	-0.00364074
61.4	-0.00361979
61.5	-0.0035976
61.6	-0.00357318
61.7	-0.00354853
61.8	-0.00352249
61.9	-0.00349746
62	-0.00347491
62.1	-0.00345372
62.2	-0.00343532
62.3	-0.00341986
62.4	-0.00340556
62.5	-0.00338956
62.6	-0.0033741
62.7	-0.00336275
62.8	-0.00335447
62.9	-0.00334784
63	-0.00334328
63.1	-0.00333951
63.2	-0.00333456
63.3	-0.00332505
63.4	-0.00330989
63.5	-0.00329834
63.6	-0.0032814
63.7	-0.00326264
63.8	-0.00323891
63.9	-0.00321661
64	-0.00318908
64.1	-0.00315527
64.2	-0.0031177
64.3	-0.00308135
64.4	-0.00304083
64.5	-0.0029976
64.6	-0.00295837
64.7	-0.00291965
64.8	-0.00287827
64.9	-0.00283746
65	-0.00279625
65.1	-0.00275619
65.2	-0.00271308
65.3	-0.00267033
65.4	-0.00262898
65.5	-0.00258703
65.6	-0.002541
65.7	-0.00249031
65.8	-0.00243459
65.9	-0.0023721
66	-0.00230689
66.1	-0.00224221
66.2	-0.00218504
66.3	-0.00213446
66.4	-0.00208807
66.5	-0.00204509
66.6	-0.00200229
66.7	-0.00196423
66.8	-0.0019265
66.9	-0.00188909
67	-0.00185405
67.1	-0.00182395
67.2	-0.00179701
67.3	-0.00176889
67.4	-0.00174294
67.5	-0.00171718
67.6	-0.00169279
67.7	-0.00167395
67.8	-0.00166335
67.9	-0.00165828
68	-0.00165434
68.1	-0.00164718
68.2	-0.00163653
68.3	-0.00162392
68.4	-0.00160863
68.5	-0.00159257
68.6	-0.00157262
68.7	-0.0015489
68.8	-0.0015215
68.9	-0.00149068
69	-0.00145053
69.1	-0.00140536
69.2	-0.00135366
69.3	-0.00130382
69.4	-0.00125254
69.5	-0.0012005
69.6	-0.0011421
69.7	-0.00108287
69.8	-0.00102721
69.9	-0.000974617
70	-0.000925772
70.1	-0.00088159
70.2	-0.000841497
70.3	-0.000801693
70.4	-0.000758725
70.5	-0.000717597
70.6	-0.000677556
70.7	-0.00063573
70.8	-0.000589506
70.9	-0.000546971
71	-0.000505776
71.1	-0.000471304
71.2	-0.0004419
71.3	-0.000415429
71.4	-0.000386847
71.5	-0.00035863
71.6	-0.000328977
71.7	-0.000297332
71.8	-0.000260285
71.9	-0.000217605
72	-0.000174036
72.1	-0.000129704
72.2	-8.32047e-05
72.3	-3.3149e-05
72.4	1.73894e-05
72.5	7.05946e-05
72.6	0.000126441
72.7	0.000178725
72.8	0.000227516
72.9	0.000274613
73	0.000323161
73.1	0.000371568
73.2	0.000422378
73.3	0.000471611
73.4	0.000514532
73.5	0.000551402
73.6	0.000578259
73.7	0.000602519
73.8	0.000628191
73.9	0.000650522
74	0.00067308
74.1	0.000697731
74.2	0.000726016
74.3	0.000756458
74.4	0.00078186
74.5	0.00080507
74.6	0.00082589
74.7	0.000842651
74.8	0.000856866
74.9	0.000869644
75	0.00087616
75.1	0.000878279
75.2	0.00088048
75.3	0.000885839
75.4	0.000895713
75.5	0.000915029
75.6	0.000938543
75.7	0.000963572
75.8	0.000986496
75.9	0.00100841
76	0.00103002
76.1	0.00105428
76.2	0.00107381
76.3	0.00109046
76.4	0.00110645
76.5	0.00112423
76.6	0.00114211
76.7	0.00116147
76.8	0.00118732
76.9	0.00121497
77	0.00125053
77.1	0.00129173
77.2	0.00133349
77.3	0.00137318
77.4	0.00140977
77.5	0.00144257
77.6	0.00147543
77.7	0.00150833
77.8	0.00154233
77.9	0.00157767
78	0.00161135
78.1	0.00164538
78.2	0.00167722
78.3	0.00170885
78.4	0.00174808
78.5	0.00178922
78.6	0.00182754
78.7	0.00186229
78.8	0.00189459
78.9	0.0019255
79	0.001953
79.1	0.00197693
79.2	0.00200096
79.3	0.00202642
79.4	0.00205161
79.5	0.00207138
79.6	0.00208869
79.7	0.00210869
79.8	0.00212995
79.9	0.00214714
80	0.00215963
80.1	0.00217031
80.2	0.00217668
80.3	0.00217911
80.4	0.00218101
80.5	0.00218114
80.6	0.00217828
80.7	0.00217298
80.8	0.00216469
80.9	0.00215535
81	0.00214454
81.1	0.00213408
81.2	0.00212207
81.3	0.00210751
81.4	0.00209405
81.5	0.0020821
81.6	0.00206842
81.7	0.00204955
81.8	0.0020215
81.9	0.0019884
82	0.00195442
82.1	0.00191443
82.2	0.00187342
82.3	0.00182874
82.4	0.00178271
82.5	0.00174129
82.6	0.00170708
82.7	0.00167835
82.8	0.00165265
82.9	0.00163116
83	0.00161016
83.1	0.00158706
83.2	0.00156159
83.3	0.00153737
83.4	0.00151487
83.5	0.00149228
83.6	0.0014651
83.7	0.00143469
83.8	0.00140054
83.9	0.00137243
84	0.00134763
84.1	0.00132587
84.2	0.00130742
84.3	0.0012941
84.4	0.00128335
84.5	0.00128005
84.6	0.00128331
84.7	0.00129309
84.8	0.00129868
84.9	0.00130815
85	0.00132122
85.1	0.00133778
85.2	0.00135917
85.3	0.00138182
85.4	0.00140799
85.5	0.00143237
85.6	0.00145652
85.7	0.00148032
85.8	0.001498
85.9	0.00151121
86	0.00152963
86.1	0.00155419
86.2	0.00158032
86.3	0.00160448
86.4	0.00162279
86.5	0.00163609
86.6	0.00164892
86.7	0.00166311
86.8	0.00167526
86.9	0.00168669
87	0.00169609
87.1	0.00170031
87.2	0.00170277
87.3	0.00170446
87.4	0.00170423
87.5	0.00171091
87.6	0.00171913
87.7	0.00172779
87.8	0.00174229
87.9	0.00176383
88	0.00178981
88.1	0.00182069
88.2	0.00185642
88.3	0.00189476
88.4	0.00193177
88.5	0.00196706
88.6	0.0020032
88.7	0.00203204
88.8	0.00205434
88.9	0.00207437
89	0.00209159
89.1	0.00210395
89.2	0.00211479
89.3	0.00212576
89.4	0.00213392
89.5	0.00213633
89.6	0.00213758
89.7	0.00214569
89.8	0.00215839
89.9	0.00217432
90	0.00219154
90.1	0.00220942
90.2	0.00222626
90.3	0.00223967
90.4	0.00225362
90.5	0.00226632
90.6	0.00227899
90.7	0.00229703
90.8	0.00231536
90.9	0.00232992
91	0.00234765
91.1	0.00236483
91.2	0.00238077
91.3	0.00239547
91.4	0.00240794
91.5	0.00242516
91.6	0.00244239
91.7	0.00245896
91.8	0.00247902
91.9	0.00249993
92	0.00252149
92.1	0.00254203
92.2	0.00256277
92.3	0.00258547
92.4	0.00260628
92.5	0.00261964
92.6	0.00263038
92.7	0.00263635
92.8	0.00264356
92.9	0.0026479
93	0.00264299
93.1	0.00263206
93.2	0.00261869
93.3	0.00260183
93.4	0.00258243
93.5	0.00257022
93.6	0.00255837
93.7	0.00255005
93.8	0.00253697
93.9	0.00252301
94	0.00251286
94.1	0.00249817
94.2	0.00248267
94.3	0.00246693
94.4	0.0024522
94.5	0.00243483
94.6	0.00241822
94.7	0.00240891
94.8	0.00240057
94.9	0.0023925
95	0.00238836
95.1	0.00238856
95.2	0.00238608
95.3	0.00238372
95.4	0.00237898
95.5	0.00237431
95.6	0.00236975
95.7	0.00236437
95.8	0.00235904
95.9	0.00235041
96	0.002343
96.1	0.00233282
96.2	0.00232246
96.3	0.00231025
96.4	0.00229623
96.5	0.00227931
96.6	0.00226107
96.7	0.00223838
96.8	0.00221437
96.9	0.00219087
97	0.00216767
97.1	0.00214368
97.2	0.00212094
97.3	0.00210124
97.4	0.00208023
97.5	0.00206009
97.6	0.00204026
97.7	0.0020179
97.8	0.00199641
97.9	0.00197694
98	0.00195603
98.1	0.00193616
98.2	0.00191683
98.3	0.00189658
98.4	0.00187922
98.5	0.00186347
98.6	0.00184345
98.7	0.00181638
98.8	0.00178833
98.9	0.00176574
99	0.00174091
99.1	0.00171591
99.2	0.0016892
99.3	0.0016636
99.4	0.00163915
99.5	0.00162016
99.6	0.00160492
99.7	0.00159201
99.8	0.00158343
99.9	0.00157455
100	0.0015668
100.1	0.00155727
100.2	0.00154718
100.3	0.00153699
100.4	0.00152512
100.5	0.00151318
100.6	0.00150389
100.7	0.00149331
100.8	0.00148789
100.9	0.00148132
101	0.00146902
101.1	0.00145525
101.2	0.00144385
101.3	0.00143493
101.4	0.00143013
101.5	0.00142831
101.6	0.00142431
101.7	0.00141354
101.8	0.00139731
101.9	0.00137791
102	0.00135907
102.1	0.00134024
102.2	0.00132534
102.3	0.00131345
102.4	0.00129922
102.5	0.00128429
102.6	0.0012697
102.7	0.00125795
102.8	0.00124525
102.9	0.00123025
103	0.00120812
103.1	0.00118411
103.2	0.00116093
103.3	0.00113894
103.4	0.00112184
103.5	0.00110471
103.6	0.00108801
103.7	0.00107063
103.8	0.00104914
103.9	0.00103005
104	0.00101388
104.1	0.00100296
104.2	0.000991418
104.3	0.000973209
104.4	0.000954938
104.5	0.00093622
104.6	0.000921942
104.7	0.000908842
104.8	0.000895662
104.9	0.000883872
105	0.000873994
105.1	0.000864309
105.2	0.000856249
105.3	0.000852823
105.4	0.000849764
105.5	0.000842503
105.6	0.000838775
105.7	0.000838698
105.8	0.000840341
105.9	0.0008344
106	0.000819417
106.1	0.000801245
106.2	0.0007797
106.3	0.000758305
106.4	0.000745013
106.5	0.000736675
106.6	0.000732908
106.7	0.000730192
106.8	0.000728395
106.9	0.000725853
107	0.000725102
107.1	0.000725471
107.2	0.000731292
107.3	0.000740477
107.4	0.000747691
107.5	0.000751235
107.6	0.000752441
107.7	0.000756836
107.8	0.000761493
107.9	0.000765425
108	0.000769441
108.1	0.000776261
108.2	0.000781528
108.3	0.000789775
108.4	0.000801745
108.5	0.000817393
108.6	0.000834657
108.7	0.000853209
108.8	0.000870049
108.9	0.000887143
109	0.000898224
109.1	0.000905837
109.2	0.000911256
109.3	0.000917158
109.4	0.000925496
109.5	0.000933133
109.6	0.00093806
109.7	0.000941972
109.8	0.000940881
109.9	0.000938503
110	0.000934204
110.1	0.0009343
110.2	0.000934666
110.3	0.000935026
110.4	0.00093312
110.5	0.000935682
110.6	0.000936174
110.7	0.000940416
110.8	0.000948702
110.9	0.000954374
111	0.00095566
111.1	0.00095636
111.2	0.000958355
111.3	0.000958752
111.4	0.000962963
111.5	0.000971944
111.6	0.000980722
111.7	0.000986249
111.8	0.000990909
111.9	0.000992158
112	0.000987885
112.1	0.000976992
112.2	0.000963012
112.3	0.000943397
112.4	0.000918885
112.5	0.000887923
112.6	0.000851171
112.7	0.000811782
112.8	0.000770123
112.9	0.000731677
113	0.00069374
113.1	0.000658855
113.2	0.000626318
113.3	0.000597092
113.4	0.000575317
113.5	0.000553681
113.6	0.000531089
113.7	0.000505534
113.8	0.000480144
113.9	0.00045933
114	0.000443156
114.1	0.000428921
114.2	0.000415804
114.3	0.000402564
114.4	0.000384505
114.5	0.000363911
114.6	0.00034444
114.7	0.000327102
114.8	0.000309467
114.9	0.000286986
115	0.000258245
115.1	0.000231126
115.2	0.00020911
115.3	0.000192432
115.4	0.000180092
115.5	0.000167199
115.6	0.000154028
115.7	0.000140584
115.8	0.000126013
115.9	0.000112313
116	9.78868e-05
116.1	8.61534e-05
116.2	7.42307e-05
116.3	5.84194e-05
116.4	4.22722e-05
116.5	2.29381e-05
116.6	3.43893e-06
116.7	-1.74197e-05
116.8	-3.72838e-05
116.9	-4.92735e-05
117	-6.20845e-05
117.1	-8.1076e-05
117.2	-0.000106304
117.3	-0.00013123
117.4	-0.00015543
117.5	-0.000179283
117.6	-0.000205151
117.7	-0.000232166
117.8	-0.000259989
117.9	-0.000282404
118	-0.000300399
118.1	-0.00031852
118.2	-0.000337621
118.3	-0.0003581
118.4	-0.000383258
118.5	-0.000409348
118.6	-0.000435151
118.7	-0.000466331
118.8	-0.000503532
118.9	-0.000539572
119	-0.000572379
119.1	-0.000605911
119.2	-0.000642794
119.3	-0.000684099
119.4	-0.000730182
119.5	-0.000774743
119.6	-0.000811945
119.7	-0.000848951
119.8	-0.000885142
119.9	-0.000917853
120	-0.000944991
120.1	-0.000968172
120.2	-0.000984925
120.3	-0.000997
120.4	-0.00100742
120.5	-0.00102236
120.6	-0.00104002
120.7	-0.00105761
120.8	-0.00107712
120.9	-0.00109949
121	-0.00111935
121.1	-0.00113621
121.2	-0.00114964
121.3	-0.00115667
121.4	-0.00116091
121.5	-0.0011635
121.6	-0.00116228
121.7	-0.00116438
121.8	-0.00117578
121.9	-0.00118726
122	-0.00119741
122.1	-0.00120398
122.2	-0.00121207
122.3	-0.00122319
122.4	-0.00123907
122.5	-0.00125499
122.6	-0.00126999
122.7	-0.0012838
122.8	-0.00129193
122.9	-0.00129524
123	-0.0012952
123.1	-0.00129102
123.2	-0.00128091
123.3	-0.00126657
123.4	-0.00124947
123.5	-0.00122918
123.6	-0.00120728
123.7	-0.00118561
123.8	-0.00116121
123.9	-0.00113301
124	-0.00110333
124.1	-0.00107382
124.2	-0.00104662
124.3	-0.00102118
124.4	-0.000997943
124.5	-0.00097762
124.6	-0.000962428
124.7	-0.000947158
124.8	-0.000934552
124.9	-0.000923407
125	-0.000915763
125.1	-0.000907695
125.2	-0.000903213
125.3	-0.000897764
125.4	-0.000892586
125.5	-0.000882549
125.6	-0.000870717
125.7	-0.000858453
125.8	-0.000848013
125.9	-0.000837141
126	-0.000827364
126.1	-0.000818781
126.2	-0.000812043
126.3	-0.000808912
126.4	-0.000807937
126.5	-0.000806022
126.6	-0.000799702
126.7	-0.000788236
126.8	-0.000774342
126.9	-0.000758107
127	-0.000742505
127.1	-0.000723486
127.2	-0.000700326
127.3	-0.000669884
127.4	-0.000641321
127.5	-0.000616616
127.6	-0.000592072
127.7	-0.000569768
127.8	-0.000549472
127.9	-0.000531392
128	-0.000512009
128.1	-0.000493593
128.2	-0.00047841
128.3	-0.000463924
128.4	-0.000450068
128.5	-0.000427797
128.6	-0.000401639
128.7	-0.000376751
128.8	-0.000353407
128.9	-0.000329373
129	-0.000307778
129.1	-0.000290768
129.2	-0.000276754
129.3	-0.000260226
129.4	-0.000242822
129.5	-0.000225448
129.6	-0.000210308
129.7	-0.000196517
129.8	-0.000185869
129.9	-0.000176344
130	-0.000170755
130.1	-0.000165648
130.2	-0.000160015
130.3	-0.000154348
130.4	-0.000151894
130.5	-0.000146454
130.6	-0.000143943
130.7	-0.000137432
130.8	-0.000127229
130.9	-0.000115239
131	-9.96826e-05
131.1	-7.9266e-05
131.2	-5.69832e-05
131.3	-3.55281e-05
131.4	-1.93552e-05
131.5	-6.11033e-06
131.6	1.27031e-05
131.7	3.20805e-05
131.8	5.10142e-05
131.9	7.33458e-05
132	9.97138e-05
132.1	0.00013152
132.2	0.000167502
132.3	0.000202541
132.4	0.000243455
132.5	0.000284978
132.6	0.000326624
132.7	0.000369468
132.8	0.000408558
132.9	0.000444669
133	0.000475317
133.1	0.000502692
133.2	0.000525016
133.3	0.00054184
133.4	0.000557778
133.5	0.000574122
133.6	0.000592965
133.7	0.000612691
133.8	0.000634156
133.9	0.000654886
134	0.000677424
134.1	0.000701342
134.2	0.000729007
134.3	0.000762963
134.4	0.000797574
134.5	0.000833259
134.6	0.00086937
134.7	0.000911195
134.8	0.000954451
134.9	0.000997739
135	0.00103905
135.1	0.00107394
135.2	0.0011063
135.3	0.00113976
135.4	0.00117462
135.5	0.00121243
135.6	0.00125545
135.7	0.00129789
135.8	0.00133896
135.9	0.0013785
136	0.00141502
136.1	0.00144903
136.2	0.00147301
136.3	0.001492
136.4	0.00151258
136.5	0.00153287
136.6	0.00155311
136.7	0.00157385
136.8	0.00159256
136.9	0.0016058
137	0.00161218
137.1	0.00161756
137.2	0.00162094
137.3	0.00162587
137.4	0.00163325
137.5	0.00164235
137.6	0.00165315
137.7	0.00166547
137.8	0.00167394
137.9	0.0016839
138	0.00169446
138.1	0.00170901
138.2	0.00172163
138.3	0.00173424
138.4	0.00174794
138.5	0.0017611
138.6	0.00177399
138.7	0.00178781
138.8	0.0018001
138.9	0.00181062
139	0.00182057
139.1	0.0018291
139.2	0.00183644
139.3	0.00184355
139.4	0.00184637
139.5	0.00184932
139.6	0.00185399
139.7	0.00185873
139.8	0.00186249
139.9	0.00186885
140	0.00187419
140.1	0.00187894
140.2	0.00188051
140.3	0.00188028
140.4	0.00188043
140.5	0.00188269
140.6	0.00188759
140.7	0.00189558
140.8	0.00190086
140.9	0.00190074
141	0.00189576
141.1	0.00188721
141.2	0.00187566
141.3	0.00186044
141.4	0.00184285
141.5	0.00182612
141.6	0.00180982
141.7	0.00179258
141.8	0.00177488
141.9	0.00175564
142	0.0017341
142.1	0.00171446
142.2	0.00169819
142.3	0.00168104
142.4	0.00166194
142.5	0.00164412
142.6	0.00162386
142.7	0.00160344
142.8	0.00158137
142.9	0.00156046
143	0.00154865
143.1	0.00154262
143.2	0.0015436
143.3	0.0015452
143.4	0.00154405
143.5	0.00154405
143.6	0.00154868
143.7	0.00155422
143.8	0.00155777
143.9	0.00155912
144	0.00155896
144.1	0.00155688
144.2	0.00155445
144.3	0.00154753
144.4	0.00153596
144.5	0.00152436
144.6	0.00151144
144.7	0.00149728
144.8	0.00148133
144.9	0.00146458
145	0.00145386
145.1	0.00144778
145.2	0.00144181
145.3	0.00143324
145.4	0.00142605
145.5	0.00141376
145.6	0.0014026
145.7	0.00139758
145.8	0.00139935
145.9	0.00140687
146	0.00141659
146.1	0.00142696
146.2	0.00143701
146.3	0.00144602
146.4	0.00145584
146.5	0.00146879
146.6	0.00148302
146.7	0.00149925
146.8	0.00151737
146.9	0.00153611
147	0.00155587
147.1	0.00158037
147.2	0.0016093
147.3	0.00164114
147.4	0.00167025
147.5	0.00170024
147.6	0.00173029
147.7	0.0017614
147.8	0.00178974
147.9	0.00180969
148	0.0018257
148.1	0.00183822
148.2	0.00184565
148.3	0.00184992
148.4	0.00185651
148.5	0.00186392
148.6	0.00187131
148.7	0.00187861
148.8	0.00189118
148.9	0.00191342
149	0.00194078
149.1	0.00197261
149.2	0.00200638
149.3	0.00203769
149.4	0.00206672
149.5	0.0020926
149.6	0.00211255
149.7	0.00213309
149.8	0.00215503
149.9	0.00217606
150	0.00219812
150.1	0.00221467
150.2	0.00222259
150.3	0.00222193
150.4	0.00221243
150.5	0.00220031
150.6	0.00218389
150.7	0.00216912
150.8	0.00215514
150.9	0.00214425
151	0.00213426
151.1	0.00211604
151.2	0.00209508
151.3	0.00207238
151.4	0.00204443
151.5	0.00201591
151.6	0.00199264
151.7	0.00197067
151.8	0.00194738
151.9	0.00192042
152	0.00188554
152.1	0.00184876
152.2	0.00180985
152.3	0.0017631
152.4	0.00171633
152.5	0.00166755
152.6	0.00161957
152.7	0.00157664
152.8	0.00153932
152.9	0.00150414
153	0.00147118
153.1	0.00143471
153.2	0.00140051
153.3	0.00136569
153.4	0.00132231
153.5	0.00127773
153.6	0.00123647
153.7	0.00119762
153.8	0.00115695
153.9	0.00111114
154	0.00106251
154.1	0.0010125
154.2	0.000961479
154.3	0.00090435
154.4	0.000842602
154.5	0.000778264
154.6	0.0007075
154.7	0.000633862
154.8	0.000561894
154.9	0.000491873
155	0.000422173
155.1	0.000355191
155.2	0.000289469
155.3	0.000226469
155.4	0.000169948
155.5	0.000119737
155.6	6.92982e-05
155.7	2.0308e-05
155.8	-2.78278e-05
155.9	-7.84172e-05
156	-0.000128642
156.1	-0.000176156
156.2	-0.000221561
156.3	-0.00026569
156.4	-0.000303106
156.5	-0.000337585
156.6	-0.000372987
156.7	-0.000405236
156.8	-0.000434209
156.9	-0.000460433
157	-0.000488382
157.1	-0.000516124
157.2	-0.000543573
157.3	-0.000569684
157.4	-0.000591762
157.5	-0.000609959
157.6	-0.000628951
157.7	-0.000642721
157.8	-0.000654035
157.9	-0.000668862
158	-0.000683929
158.1	-0.000698001
158.2	-0.000708966
158.3	-0.00072121
158.4	-0.000732891
158.5	-0.000746045
158.6	-0.000761133
158.7	-0.000777815
158.8	-0.000796657
158.9	-0.000817949
159	-0.000838547
159.1	-0.000857548
159.2	-0.000875191
159.3	-0.000893123
159.4	-0.000908606
159.5	-0.000924091
159.6	-0.000937979
159.7	-0.000945968
159.8	-0.000953471
159.9	-0.000964949
160	-0.000983872
160.1	-0.0010031
160.2	-0.00102042
160.3	-0.00103532
160.4	-0.0010484
160.5	-0.00105604
160.6	-0.0010567
160.7	-0.00105231
160.8	-0.00104943
160.9	-0.00104776
161	-0.00104785
161.1	-0.00105367
161.2	-0.00106027
161.3	-0.0010644
161.4	-0.00106741
161.5	-0.00106691
161.6	-0.00106149
161.7	-0.00105214
161.8	-0.00104761
161.9	-0.00104388
162	-0.00103919
162.1	-0.00102998
162.2	-0.00101758
162.3	-0.00100427
162.4	-0.000992678
162.5	-0.000984321
162.6	-0.000977732
162.7	-0.000980294
162.8	-0.000982814
162.9	-0.000981008
163	-0.000976804
163.1	-0.000973056
163.2	-0.000967572
163.3	-0.000965444
163.4	-0.000967258
163.5	-0.000969655
163.6	-0.000969863
163.7	-0.00097496
163.8	-0.000978219
163.9	-0.000975122
164	-0.000966599
164.1	-0.000954646
164.2	-0.000944916
164.3	-0.000936485
164.4	-0.000926376
164.5	-0.000918471
164.6	-0.000914179
164.7	-0.000907251
164.8	-0.000894618
164.9	-0.000871847
165	-0.000842795
165.1	-0.000808825
165.2	-0.000768815
165.3	-0.000726999
165.4	-0.000688205
165.5	-0.000648056
165.6	-0.00060628
165.7	-0.000567926
165.8	-0.000534107
165.9	-0.000496079
166	-0.000455698
166.1	-0.000412636
166.2	-0.000374918
166.3	-0.000340142
166.4	-0.000304929
166.5	-0.00026967
166.6	-0.000232089
166.7	-0.000194098
166.8	-0.000152462
166.9	-0.000114233
167	-7.61439e-05
167.1	-3.5472e-05
167.2	-9.29072e-07
167.3	3.26822e-05
167.4	6.01729e-05
167.5	8.51351e-05
167.6	0.000108675
167.7	0.000128973
167.8	0.000146285
167.9	0.000161273
168	0.000171607
168.1	0.00017524
168.2	0.000176707
168.3	0.000180473
168.4	0.000183199
168.5	0.000193837
168.6	0.00020606
168.7	0.000215099
168.8	0.000219634
168.9	0.000215663
169	0.000205045
169.1	0.000192246
169.2	0.000186161
169.3	0.00018692
169.4	0.000197466
169.5	0.000211499
169.6	0.000225942
169.7	0.000239642
169.8	0.000256473
169.9	0.000269899
170	0.000279232
170.1	0.000285873
170.2	0.000292108
170.3	0.000298602
170.4	0.000302086
170.5	0.000302503
170.6	0.000302678
170.7	0.000304584
170.8	0.000309424
170.9	0.000320213
171	0.000337172
171.1	0.000356499
171.2	0.000376738
171.3	0.000398971
171.4	0.000425424
171.5	0.000444394
171.6	0.000460093
171.7	0.000476423
171.8	0.000490644
171.9	0.000498743
172	0.000505321
172.1	0.000512316
172.2	0.000518821
172.3	0.000518476
172.4	0.000510781
172.5	0.000502995
172.6	0.000497167
172.7	0.000489137
172.8	0.000479395
172.9	0.000468521
173	0.000455809
173.1	0.000442001
173.2	0.000428153
173.3	0.000413753
173.4	0.000403399
173.5	0.000398672
173.6	0.000401182
173.7	0.000410147
173.8	0.000425251
173.9	0.000442388
174	0.000461313
174.1	0.000482687
174.2	0.00050381
174.3	0.000520429
174.4	0.000531669
174.5	0.000542344
174.6	0.000555257
174.7	0.000571839
174.8	0.000589469
174.9	0.000608225
175	0.000621795
175.1	0.00062981
175.2	0.000630627
175.3	0.00062612
175.4	0.000620132
175.5	0.000611715
175.6	0.000602995
175.7	0.00059591
175.8	0.000587489
175.9	0.000579749
176	0.000568776
176.1	0.000556057
176.2	0.000540237
176.3	0.000524609
176.4	0.000515479
176.5	0.000513078
176.6	0.000513511
176.7	0.000515766
176.8	0.000514736
176.9	0.000509291
177	0.000499616
177.1	0.000488837
177.2	0.000476305
177.3	0.000460043
177.4	0.000440333
177.5	0.000421178
177.6	0.000403195
177.7	0.000389402
177.8	0.000377618
177.9	0.000370524
178	0.000367544
178.1	0.000365216
178.2	0.000360918
178.3	0.000352892
178.4	0.000342917
178.5	0.000331902
178.6	0.000316459
178.7	0.000303409
178.8	0.000290513
178.9	0.0002764
179	0.000260879
179.1	0.000244844
179.2	0.000228203
179.3	0.000205882
179.4	0.000182776
179.5	0.000162926
179.6	0.000147547
179.7	0.000135987
179.8	0.000124355
179.9	0.000110717
180	9.9292e-05
180.1	8.7737e-05
180.2	7.56142e-05
180.3	6.29259e-05
180.4	5.11466e-05
180.5	4.47648e-05
180.6	4.84117e-05
180.7	5.76948e-05
180.8	7.03779e-05
180.9	8.5102e-05
181	0.000102004
181.1	0.00011654
181.2	0.000129012
181.3	0.00013965
181.4	0.000149152
181.5	0.000155946
181.6	0.000163178
181.7	0.000171766
181.8	0.000176752
181.9	0.000181196
182	0.00018534
182.1	0.000187531
182.2	0.000188653
182.3	0.000184705
182.4	0.000177282
182.5	0.000175004
182.6	0.000177968
182.7	0.000187029
182.8	0.000202192
182.9	0.000222613
183	0.000245194
183.1	0.000270191
183.2	0.000294591
183.3	0.000319932
183.4	0.000348537
183.5	0.000376605
183.6	0.000407481
183.7	0.000435221
183.8	0.000458594
183.9	0.000478281
184	0.000495638
184.1	0.000510593
184.2	0.000525471
184.3	0.000539981
184.4	0.000558041
184.5	0.0005767
184.6	0.00059593
184.7	0.000614596
184.8	0.000631862
184.9	0.000645587
185	0.000658546
185.1	0.0006694
185.2	0.00067981
185.3	0.000693134
185.4	0.000702214
185.5	0.000707042
185.6	0.000710007
185.7	0.000712818
185.8	0.00070841
185.9	0.000697961
186	0.000686823
186.1	0.000674677
186.2	0.000660127
186.3	0.000647553
186.4	0.000636041
186.5	0.000628665
186.6	0.000620019
186.7	0.00061249
186.8	0.000605748
186.9	0.000598187
187	0.000590863
187.1	0.000580824
187.2	0.000569367
187.3	0.000554048
187.4	0.000539386
187.5	0.000522576
187.6	0.000509575
187.7	0.000505402
187.8	0.000510087
187.9	0.000518844
188	0.000530431
188.1	0.000545419
188.2	0.000567064
188.3	0.000590516
188.4	0.000614169
188.5	0.000637704
188.6	0.000657108
188.7	0.000667996
188.8	0.000674185
188.9	0.000677836
189	0.000679038
189.1	0.000676045
189.2	0.000668988
189.3	0.00065753
189.4	0.000637892
189.5	0.000613538
189.6	0.00058981
189.7	0.000563996
189.8	0.000541113
189.9	0.000517816
190	0.000499895
190.1	0.000488366
190.2	0.000480212
190.3	0.000472531
190.4	0.000468688
190.5	0.000466701
190.6	0.000466452
190.7	0.000468252
190.8	0.000476115
190.9	0.000485632
191	0.000495538
191.1	0.000508381
191.2	0.000526389
191.3	0.000546737
191.4	0.000569036
191.5	0.00059007
191.6	0.000607553
191.7	0.000624888
191.8	0.00064459
191.9	0.000664356
192	0.000680623
192.1	0.000691692
192.2	0.000698337
192.3	0.000695602
192.4	0.000686697
192.5	0.000680763
192.6	0.000674773
192.7	0.000667471
192.8	0.000663189
192.9	0.000658374
193	0.000651867
193.1	0.000640294
193.2	0.000626297
193.3	0.000612093
193.4	0.000593994
193.5	0.000569045
193.6	0.000541411
193.7	0.000511762
193.8	0.000484405
193.9	0.000458871
194	0.000433365
194.1	0.000409468
194.2	0.00038831
194.3	0.000367482
194.4	0.000346131
194.5	0.000323439
194.6	0.000301114
194.7	0.000280201
194.8	0.000263805
194.9	0.000247264
195	0.000230555
195.1	0.000215868
195.2	0.000201286
195.3	0.000185134
195.4	0.000171715
195.5	0.000158824
195.6	0.000142306
195.7	0.000126178
195.8	0.000109494
195.9	8.73426e-05
196	6.61569e-05
196.1	4.20118e-05
196.2	1.61242e-05
196.3	-7.27494e-06
196.4	-3.30532e-05
196.5	-6.59872e-05
196.6	-9.71423e-05
196.7	-0.000125293
196.8	-0.00014889
196.9	-0.000163741
197	-0.000168821
197.1	-0.000165377
197.2	-0.00015784
197.3	-0.000154482
197.4	-0.000155262
197.5	-0.000157551
197.6	-0.000161702
197.7	-0.00016911
197.8	-0.000175087
197.9	-0.000180787
198	-0.000183837
198.1	-0.000186663
198.2	-0.000191957
198.3	-0.000190567
198.4	-0.000183725
198.5	-0.000181868
198.6	-0.000180806
198.7	-0.000181545
198.8	-0.000181554
198.9	-0.000177489
199	-0.000171029
199.1	-0.000166024
199.2	-0.000158594
199.3	-0.000147218
199.4	-0.000129658
199.5	-0.000109582
199.6	-8.22976e-05
199.7	-5.20742e-05
199.8	-1.75921e-05
199.9	1.92454e-05
200	5.11654e-05
200.1	8.03772e-05
200.2	0.0001065
200.3	0.000126856
200.4	0.000149605
200.5	0.00017539
200.6	0.000206422
200.7	0.000240965
200.8	0.000278163
200.9	0.00031887
201	0.000362667
201.1	0.000409066
201.2	0.000453915
201.3	0.000496198
201.4	0.000543497
201.5	0.000597219
201.6	0.000653941
201.7	0.000712167
201.8	0.000770352
201.9	0.000832529
202	0.000894573
202.1	0.000952036
202.2	0.00100843
202.3	0.00106768
202.4	0.00112802
202.5	0.00119036
202.6	0.00125324
202.7	0.00131131
202.8	0.00136475
202.9	0.00141281
203	0.00146243
203.1	0.00151365
203.2	0.00156761
203.3	0.00162369
203.4	0.00168167
203.5	0.00174339
203.6	0.00180418
203.7	0.00186231
203.8	0.00191668
203.9	0.00197507
204	0.00203867
204.1	0.00209639
204.2	0.00215508
204.3	0.00221804
204.4	0.00228514
204.5	0.00235327
204.6	0.00242149
204.7	0.00248437
204.8	0.00254458
204.9	0.00260179
205	0.00265433
205.1	0.00270432
205.2	0.00275502
205.3	0.00281053
205.4	0.0028659
205.5	0.00291554
205.6	0.00296258
205.7	0.00301016
205.8	0.00305319
205.9	0.00309227
206	0.00313165
206.1	0.00317268
206.2	0.00321537
206.3	0.00326361
206.4	0.00330836
206.5	0.00334775
206.6	0.0033805
206.7	0.00340878
206.8	0.00343421
206.9	0.00346006
207	0.00348545
207.1	0.00350965
207.2	0.00352606
207.3	0.00353767
207.4	0.00354641
207.5	0.00355801
207.6	0.0035688
207.7	0.00357796
207.8	0.00358899
207.9	0.0036016
208	0.00361281
208.1	0.0036214
208.2	0.00362214
208.3	0.00361877
208.4	0.00361269
208.5	0.00360622
208.6	0.00359772
208.7	0.00358705
208.8	0.00357846
208.9	0.00356572
209	0.00355795
209.1	0.00355473
209.2	0.00355297
209.3	0.00354957
209.4	0.00354527
209.5	0.0035379
209.6	0.0035339
209.7	0.00352858
209.8	0.00352241
209.9	0.00351584
210	0.00351168
210.1	0.00350841
210.2	0.00350163
210.3	0.00349436
210.4	0.00348538
210.5	0.00347392
210.6	0.00346316
210.7	0.00345363
210.8	0.0034442
210.9	0.00343306
211	0.00341703
211.1	0.00339508
211.2	0.00337098
211.3	0.00334402
211.4	0.00331186
211.5	0.00327379
211.6	0.00323315
211.7	0.00319199
211.8	0.00315083
211.9	0.00310765
212	0.00306634
212.1	0.00302468
212.2	0.00298775
212.3	0.00295754
212.4	0.00293084
212.5	0.00290526
212.6	0.00287782
212.7	0.00284847
212.8	0.00282509
212.9	0.0028085
213	0.00279546
213.1	0.00278074
213.2	0.00276847
213.3	0.00275869
213.4	0.0027514
213.5	0.00274531
213.6	0.00274266
213.7	0.00274155
213.8	0.00273896
213.9	0.00273694
214	0.00273167
214.1	0.00272728
214.2	0.0027234
214.3	0.00271756
214.4	0.00270737
214.5	0.00269435
214.6	0.00267914
214.7	0.00266192
214.8	0.00264365
214.9	0.00262713
215	0.00260956
215.1	0.00259897
215.2	0.00259109
215.3	0.00258623
215.4	0.0025827
215.5	0.00257452
215.6	0.0025619
215.7	0.00254431
215.8	0.00252296
215.9	0.00249817
216	0.00247358
216.1	0.00245002
216.2	0.00242474
216.3	0.00239944
216.4	0.00237808
216.5	0.00235813
216.6	0.00234067
216.7	0.00232589
216.8	0.00230938
216.9	0.00229052
217	0.00227214
217.1	0.00225393
217.2	0.00223466
217.3	0.00221615
217.4	0.00219654
217.5	0.00217766
217.6	0.0021592
217.7	0.00214105
217.8	0.00212259
217.9	0.00210406
218	0.00208507
218.1	0.00206607
218.2	0.00204728
218.3	0.00202744
218.4	0.00200808
218.5	0.00198733
218.6	0.00197305
218.7	0.00196306
218.8	0.00195165
218.9	0.00194082
219	0.00193256
219.1	0.0019213
219.2	0.00190859
219.3	0.00189187
219.4	0.0018723
219.5	0.00184745
219.6	0.0018166
219.7	0.00178087
219.8	0.00174953
219.9	0.00171596
220	0.00168178
220.1	0.0016445
220.2	0.00160545
220.3	0.00156672
220.4	0.00152833
220.5	0.00148762
220.6	0.00144625
220.7	0.00140514
220.8	0.00136881
220.9	0.00133962
221	0.0013089
221.1	0.00127485
221.2	0.00123508
221.3	0.00119219
221.4	0.00114963
221.5	0.00110789
221.6	0.00106899
221.7	0.00103044
221.8	0.000994387
221.9	0.000957034
222	0.000918606
222.1	0.000881173
222.2	0.000843874
222.3	0.00080392
222.4	0.000766179
222.5	0.000727834
222.6	0.000686776
222.7	0.000649035
222.8	0.000614283
222.9	0.000580869
223	0.000545538
223.1	0.000510654
223.2	0.000477744
223.3	0.00043769
223.4	0.000391348
223.5	0.000341445
223.6	0.000291812
223.7	0.000241526
223.8	0.000193942
223.9	0.000145032
224	9.45447e-05
224.1	4.21976e-05
224.2	-4.85197e-06
224.3	-4.90453e-05
224.4	-9.33433e-05
224.5	-0.000137541
224.6	-0.000178475
224.7	-0.000221599
224.8	-0.000266168
224.9	-0.000313107
225	-0.000367651
225.1	-0.00042683
225.2	-0.000485653
225.3	-0.000543897
225.4	-0.000604417
225.5	-0.00066439
225.6	-0.000726431
225.7	-0.000784058
225.8	-0.000833184
225.9	-0.000882009
226	-0.000931355
226.1	-0.000980812
226.2	-0.0010337
226.3	-0.0010903
226.4	-0.00114791
226.5	-0.00120359
226.6	-0.00125705
226.7	-0.00130433
226.8	-0.00134571
226.9	-0.00138615
227	-0.00142477
227.1	-0.00146117
227.2	-0.00149338
227.3	-0.00152257
227.4	-0.00155089
227.5	-0.00157717
227.6	-0.00159869
227.7	-0.0016194
227.8	-0.00164567
227.9	-0.00166974
228	-0.00169521
228.1	-0.00171956
228.2	-0.00174631
228.3	-0.00178138
228.4	-0.00182175
228.5	-0.00185988
228.6	-0.00189425
228.7	-0.00192412
228.8	-0.00195066
228.9	-0.00197148
229	-0.00198925
229.1	-0.00200306
229.2	-0.00201287
229.3	-0.00202365
229.4	-0.00203316
229.5	-0.00203953
229.6	-0.00203947
229.7	-0.00203397
229.8	-0.0020243
229.9	-0.00201471
230	-0.00200555
230.1	-0.0019967
230.2	-0.00198682
230.3	-0.00197661
230.4	-0.00196267
230.5	-0.00194039
230.6	-0.00191474
230.7	-0.0018879
230.8	-0.00186364
230.9	-0.00183699
231	-0.00180733
231.1	-0.00177818
231.2	-0.00175028
231.3	-0.00172759
231.4	-0.00171024
231.5	-0.00169419
231.6	-0.00167453
231.7	-0.00165809
231.8	-0.0016433
231.9	-0.00162932
232	-0.00161214
232.1	-0.00159224
232.2	-0.00156862
232.3	-0.00154371
232.4	-0.00151797
232.5	-0.00149551
232.6	-0.00147612
232.7	-0.00146115
232.8	-0.00145204
232.9	-0.0014489
233	-0.00145034
233.1	-0.00145172
233.2	-0.00145012
233.3	-0.0014511
233.4	-0.00145758
233.5	-0.00146544
233.6	-0.00147244
233.7	-0.00147504
233.8	-0.00147523
233.9	-0.00147464
234	-0.00147357
234.1	-0.00147691
234.2	-0.00147772
234.3	-0.00147533
234.4	-0.00146894
234.5	-0.00146274
234.6	-0.00146119
234.7	-0.00146571
234.8	-0.00147335
234.9	-0.00147846
235	-0.00147976
235.1	-0.00148055
235.2	-0.00148571
235.3	-0.00149151
235.4	-0.00149896
235.5	-0.00150502
235.6	-0.00151014
235.7	-0.00151329
235.8	-0.00151238
235.9	-0.00150826
236	-0.00150772
236.1	-0.0015126
236.2	-0.00151595
236.3	-0.00152192
236.4	-0.00152811
236.5	-0.00153637
236.6	-0.00154429
236.7	-0.00154805
236.8	-0.00155498
236.9	-0.00156793
237	-0.0015859
237.1	-0.00160316
237.2	-0.00161993
237.3	-0.00163526
237.4	-0.00164835
237.5	-0.00165912
237.6	-0.00166528
237.7	-0.00166442
237.8	-0.00166082
237.9	-0.00165835
238	-0.00165784
238.1	-0.00165847
238.2	-0.00165704
238.3	-0.00165367
238.4	-0.0016572
238.5	-0.00166708
238.6	-0.00167695
238.7	-0.00168856
238.8	-0.00170224
238.9	-0.0017089
239	-0.00170956
239.1	-0.00170841
239.2	-0.00170564
239.3	-0.0016974
239.4	-0.00168464
239.5	-0.00167064
239.6	-0.00165715
239.7	-0.00164471
239.8	-0.00163032
239.9	-0.00161114
240	-0.00159073
240.1	-0.00156922
240.2	-0.00154845
240.3	-0.0015269
240.4	-0.00151007
240.5	-0.00149159
240.6	-0.00147082
240.7	-0.00144883
240.8	-0.00142823
240.9	-0.00140926
241	-0.00138758
241.1	-0.00135967
241.2	-0.0013334
241.3	-0.00130891
241.4	-0.00128669
241.5	-0.00127023
241.6	-0.00125546
241.7	-0.00124355
241.8	-0.0012342
241.9	-0.00122692
242	-0.00122165
242.1	-0.00121911
242.2	-0.00121612
242.3	-0.00121433
242.4	-0.00121584
242.5	-0.00121884
242.6	-0.00122077
242.7	-0.00122245
242.8	-0.00122233
242.9	-0.00121712
243	-0.00121053
243.1	-0.00120509
243.2	-0.00119916
243.3	-0.00119347
243.4	-0.00118632
243.5	-0.0011775
243.6	-0.00116902
243.7	-0.00116047
243.8	-0.00115311
243.9	-0.00114561
244	-0.00113183
244.1	-0.00111364
244.2	-0.00109096
244.3	-0.00107162
244.4	-0.00105732
244.5	-0.00104711
244.6	-0.00103986
244.7	-0.00103291
244.8	-0.00103125
244.9	-0.00103079
245	-0.00103002
245.1	-0.00102867
245.2	-0.00102601
245.3	-0.00102932
245.4	-0.0010399
245.5	-0.00105196
245.6	-0.00105897
245.7	-0.00106312
245.8	-0.00106602
245.9	-0.00106851
246	-0.00106725
246.1	-0.00106033
246.2	-0.00104789
246.3	-0.00103114
246.4	-0.00101423
246.5	-0.000998055
246.6	-0.00097994
246.7	-0.000963145
246.8	-0.000949706
246.9	-0.000936287
247	-0.000920464
247.1	-0.00090136
247.2	-0.000889388
247.3	-0.000878388
247.4	-0.000867292
247.5	-0.000854715
247.6	-0.00084327
247.7	-0.000825645
247.8	-0.0008074
247.9	-0.000784122
248	-0.000758789
248.1	-0.000733006
248.2	-0.000707364
248.3	-0.000686235
248.4	-0.000666329
248.5	-0.000644189
248.6	-0.000622196
248.7	-0.000599922
248.8	-0.000577832
248.9	-0.000555093
249	-0.000536974
249.1	-0.000517781
249.2	-0.000496894
249.3	-0.000476816
249.4	-0.000456156
249.5	-0.000437218
249.6	-0.000417612
249.7	-0.000399875
249.8	-0.00038147
249.9	-0.000361199
250	-0.000338534
250.1	-0.000318592
250.2	-0.00029765
250.3	-0.000277929
250.4	-0.000259163
250.5	-0.000240859
250.6	-0.000221966
250.7	-0.000199011
250.8	-0.000175364
250.9	-0.000152806
251	-0.00012862
251.1	-0.000101169
251.2	-7.8528e-05
251.3	-5.57987e-05
251.4	-3.50248e-05
251.5	-1.64451e-05
251.6	-4.35893e-06
251.7	2.53256e-06
251.8	9.46587e-06
251.9	2.17267e-05
252	3.88003e-05
252.1	5.83691e-05
252.2	7.4969e-05
252.3	8.98288e-05
252.4	0.000101255
252.5	0.000110508
252.6	0.000119584
252.7	0.000126005
252.8	0.000128011
252.9	0.00012801
253	0.000128224
253.1	0.000129225
253.2	0.00013379
253.3	0.000144157
253.4	0.000156706
253.5	0.000166265
253.6	0.000176714
253.7	0.00019226
253.8	0.00021109
253.9	0.000237803
254	0.000267563
254.1	0.000301921
254.2	0.000337664
254.3	0.000369962
254.4	0.000399231
254.5	0.000431999
254.6	0.000473411
254.7	0.00052193
254.8	0.000573409
254.9	0.000625305
255	0.000674987
255.1	0.000722889
255.2	0.000773065
255.3	0.00082666
255.4	0.000881212
255.5	0.00093172
255.6	0.000977068
255.7	0.00101592
255.8	0.00105277
255.9	0.00108728
256	0.00111791
256.1	0.0011468
256.2	0.0011747
256.3	0.0012028
256.4	0.00122661
256.5	0.00125337
256.6	0.00127858
256.7	0.00130471
256.8	0.00132672
256.9	0.00134935
257	0.00137478
257.1	0.0013983
257.2	0.00142666
257.3	0.00145648
257.4	0.00148465
257.5	0.00151053
257.6	0.00153147
257.7	0.00154624
257.8	0.00155576
257.9	0.00156734
258	0.0015818
258.1	0.00159795
258.2	0.00161378
258.3	0.00162626
258.4	0.0016365
258.5	0.00164644
258.6	0.00166039
258.7	0.00167857
258.8	0.00170043
258.9	0.00171858
259	0.00173508
259.1	0.00175353
259.2	0.00177524
259.3	0.00179287
259.4	0.00180678
259.5	0.00181763
259.6	0.00182773
259.7	0.00183381
259.8	0.00184076
259.9	0.00185002
260	0.00185627
260.1	0.00186086
260.2	0.00186393
260.3	0.00187438
260.4	0.00188331
260.5	0.00189144
260.6	0.00189682
260.7	0.00190052
260.8	0.00190325
260.9	0.00190538
261	0.00190968
261.1	0.00191942
261.2	0.00193011
261.3	0.00193322
261.4	0.00193403
261.5	0.0019326
261.6	0.00193107
261.7	0.00192975
261.8	0.0019342
261.9	0.0019414
262	0.00195143
262.1	0.00196121
262.2	0.00197314
262.3	0.0019875
262.4	0.0019992
262.5	0.00201142
262.6	0.0020218
262.7	0.00202796
262.8	0.00203105
262.9	0.00203509
263	0.00204109
263.1	0.00205294
263.2	0.00206589
263.3	0.0020777
263.4	0.00208655
263.5	0.00208488
263.6	0.00207895
263.7	0.00206823
263.8	0.0020589
263.9	0.0020494
264	0.00204079
264.1	0.00203217
264.2	0.00203008
264.3	0.00203714
264.4	0.00205154
264.5	0.00206694
264.6	0.00208537
264.7	0.00210698
264.8	0.0021313
264.9	0.00215877
265	0.00219259
265.1	0.00222597
265.2	0.00226054
265.3	0.00229243
265.4	0.00232161
265.5	0.00234661
265.6	0.00236466
265.7	0.00238538
265.8	0.00240366
265.9	0.00242066
266	0.00243045
266.1	0.00243365
266.2	0.00243059
266.3	0.00242535
266.4	0.0024171
266.5	0.00240559
266.6	0.0023898
266.7	0.00237267
266.8	0.00235329
266.9	0.00233462
267	0.00231944
267.1	0.00230904
267.2	0.00230029
267.3	0.0022964
267.4	0.0022904
267.5	0.00228488
267.6	0.00228072
267.7	0.00228051
267.8	0.00228403
267.9	0.00229606
268	0.00230937
268.1	0.00232269
268.2	0.00233938
268.3	0.0023587
268.4	0.00237867
268.5	0.00239705
268.6	0.00241441
268.7	0.00242945
268.8	0.00244074
268.9	0.00244689
269	0.00245605
269.1	0.00246345
269.2	0.00246424
269.3	0.00246309
269.4	0.0024606
269.5	0.0024585
269.6	0.00245798
269.7	0.00245928
269.8	0.00246162
269.9	0.0024655
270	0.00247204
270.1	0.00247861
270.2	0.00248616
270.3	0.0024954
270.4	0.00250284
270.5	0.00250753
270.6	0.00251143
270.7	0.00251216
270.8	0.00251421
270.9	0.00251747
271	0.00251876
271.1	0.00251766
271.2	0.00251269
271.3	0.00250341
271.4	0.00249934
271.5	0.00249748
271.6	0.00249948
271.7	0.00249771
271.8	0.00249398
271.9	0.0024911
272	0.00249424
272.1	0.00250335
272.2	0.00251247
272.3	0.0025184
272.4	0.00252054
272.5	0.00252149
272.6	0.00252432
272.7	0.00253001
272.8	0.002538
272.9	0.00254745
273	0.00255274
273.1	0.00255608
273.2	0.0025607
273.3	0.00256343
273.4	0.00256257
273.5	0.00255982
273.6	0.00255609
273.7	0.00254902
273.8	0.00253833
273.9	0.00252901
274	0.00252054
274.1	0.00250648
274.2	0.00249095
274.3	0.00247545
274.4	0.00245899
274.5	0.00244303
274.6	0.00242861
274.7	0.00241751
274.8	0.00241364
274.9	0.0024141
275	0.00241825
275.1	0.00242441
275.2	0.00243348
275.3	0.002444
275.4	0.00245732
275.5	0.00247084
275.6	0.00248652
275.7	0.002507
275.8	0.0025327
275.9	0.0025587
276	0.00257737
276.1	0.00259523
276.2	0.00261414
276.3	0.00263063
276.4	0.00264428
276.5	0.00265497
276.6	0.00266492
276.7	0.00267997
276.8	0.00269771
276.9	0.00271259
277	0.00272794
277.1	0.00273944
277.2	0.00275021
277.3	0.00275733
277.4	0.00276663
277.5	0.00277514
277.6	0.00277949
277.7	0.00278488
277.8	0.00278838
277.9	0.00278958
278	0.00278979
278.1	0.00279048
278.2	0.00278733
278.3	0.00278142
278.4	0.00277212
278.5	0.00275433
278.6	0.00273356
278.7	0.00271077
278.8	0.00268773
278.9	0.00266166
279	0.00263527
279.1	0.00260998
279.2	0.00258857
279.3	0.00257013
279.4	0.00255241
279.5	0.00253661
279.6	0.00252369
279.7	0.00251515
279.8	0.0025061
279.9	0.00249869
280	0.00249613
280.1	0.00249597
280.2	0.00249847
280.3	0.0025039
280.4	0.00250568
280.5	0.00250061
280.6	0.00249091
280.7	0.00248315
280.8	0.0024809
280.9	0.0024806
281	0.00247859
281.1	0.00247391
281.2	0.00246657
281.3	0.0024553
281.4	0.00243929
281.5	0.00242548
281.6	0.0024131
281.7	0.00239979
281.8	0.00238783
281.9	0.00238309
282	0.00238081
282.1	0.00238152
282.2	0.00237939
282.3	0.00237614
282.4	0.0023689
282.5	0.00235902
282.6	0.00235188
282.7	0.00235121
282.8	0.0023545
282.9	0.00235627
283	0.00235628
283.1	0.00235173
283.2	0.00234695
283.3	0.00234455
283.4	0.00234123
283.5	0.00233665
283.6	0.00233092
283.7	0.00232209
283.8	0.00231465
283.9	0.00231019
284	0.00230556
284.1	0.00229853
284.2	0.00229278
284.3	0.00228456
284.4	0.00227449
284.5	0.00226969
284.6	0.00226492
284.7	0.00225801
284.8	0.00224685
284.9	0.00223699
285	0.00222836
285.1	0.00222038
285.2	0.00221462
285.3	0.00221117
285.4	0.00220801
285.5	0.00220592
285.6	0.00220603
285.7	0.00220624
285.8	0.00220129
285.9	0.00219653
286	0.00219124
286.1	0.00218531
286.2	0.00217876
286.3	0.00217232
286.4	0.00216549
286.5	0.00216107
286.6	0.00215857
286.7	0.00215262
286.8	0.0021452
286.9	0.00213858
287	0.00213799
287.1	0.00213924
287.2	0.00214091
287.3	0.00213656
287.4	0.00213019
287.5	0.00212262
287.6	0.00211108
287.7	0.00209633
287.8	0.00207911
287.9	0.0020604
288	0.00204073
288.1	0.00201508
288.2	0.00198502
288.3	0.00195466
288.4	0.00193027
288.5	0.00190855
288.6	0.00188858
288.7	0.00187206
288.8	0.00185519
288.9	0.00183564
289	0.0018108
289.1	0.00178925
289.2	0.00176539
289.3	0.00173739
289.4	0.00170388
289.5	0.00166328
289.6	0.00161917
289.7	0.00157199
289.8	0.00152797
289.9	0.0014837
290	0.00144022
290.1	0.00139589
290.2	0.00134993
290.3	0.00130242
290.4	0.001257
290.5	0.00121574
290.6	0.00117424
290.7	0.00113117
290.8	0.00108716
290.9	0.00104237
291	0.000998962
291.1	0.000956986
291.2	0.000912001
291.3	0.000864928
291.4	0.000821159
291.5	0.00077888
291.6	0.00073361
291.7	0.000685686
291.8	0.000641957
291.9	0.000602983
292	0.00057073
292.1	0.000540602
292.2	0.000514214
292.3	0.0004981
292.4	0.000482526
292.5	0.000465388
292.6	0.000446391
292.7	0.0004284
292.8	0.000416126
292.9	0.000405799
293	0.00039076
293.1	0.000378387
293.2	0.000370277
293.3	0.000368428
293.4	0.000372473
293.5	0.000377629
293.6	0.00038515
293.7	0.000402525
293.8	0.000421115
293.9	0.000444163
294	0.000466435
294.1	0.000489933
294.2	0.000514624
294.3	0.000540354
294.4	0.000568827
294.5	0.000600344
294.6	0.00063036
294.7	0.000659024
294.8	0.000685886
294.9	0.000708495
295	0.000731994
295.1	0.000752247
295.2	0.000767892
295.3	0.000781433
295.4	0.000797532
295.5	0.00081475
295.6	0.000831662
295.7	0.000842962
295.8	0.000846458
295.9	0.000849556
296	0.00085448
296.1	0.000858716
296.2	0.000864139
296.3	0.000870358
296.4	0.000877849
296.5	0.000880578
296.6	0.000883283
296.7	0.000884926
296.8	0.00088535
296.9	0.000886881
297	0.000884581
297.1	0.00088044
297.2	0.000875537
297.3	0.000871146
297.4	0.000868645
297.5	0.00086992
297.6	0.000873127
297.7	0.000876335
297.8	0.000874308
297.9	0.000871019
298	0.000862715
298.1	0.000848961
298.2	0.000831149
298.3	0.000815202
298.4	0.000802552
298.5	0.000792482
298.6	0.000783094
298.7	0.000773817
298.8	0.000762168
298.9	0.0007458
299	0.000724396
299.1	0.000708327
299.2	0.000693613
299.3	0.000675815
299.4	0.000656949
299.5	0.000641431
299.6	0.000620503
299.7	0.00060108
299.8	0.000581257
299.9	0.000559347
300	0.000531428
300.1	0.000501679
300.2	0.000475055
300.3	0.000453462
300.4	0.000434966
300.5	0.000419037
300.6	0.000406147
300.7	0.000392407
300.8	0.000377559
300.9	0.0003674
301	0.000365295
301.1	0.000365585
301.2	0.000368692
301.3	0.000372927
301.4	0.000379647
301.5	0.000388276
301.6	0.000395766
301.7	0.00040421
301.8	0.000411521
301.9	0.000420025
302	0.000427273
302.1	0.000429679
302.2	0.000430011
302.3	0.000427808
302.4	0.00042849
302.5	0.000430961
302.6	0.000435295
302.7	0.000438763
302.8	0.000437464
302.9	0.000437588
303	0.000442323
303.1	0.000449618
303.2	0.000456089
303.3	0.000460835
303.4	0.000461539
303.5	0.000459857
303.6	0.000463634
303.7	0.000466072
303.8	0.000468382
303.9	0.000473917
304	0.000479994
304.1	0.000486187
304.2	0.000491448
304.3	0.000494836
304.4	0.00050133
304.5	0.000510673
304.6	0.000522629
304.7	0.000536022
304.8	0.000550795
304.9	0.000564186
305	0.000573775
305.1	0.00057975
305.2	0.000583138
305.3	0.000582553
305.4	0.000582886
305.5	0.000581894
305.6	0.000578675
305.7	0.000573823
305.8	0.000565346
305.9	0.000556637
306	0.000550294
306.1	0.00053857
306.2	0.000523462
306.3	0.000507315
306.4	0.000497775
306.5	0.000490444
306.6	0.000480586
306.7	0.000467118
306.8	0.000446509
306.9	0.000425538
307	0.00040299
307.1	0.000379871
307.2	0.000356888
307.3	0.000334546
307.4	0.00031064
307.5	0.000281913
307.6	0.000247719
307.7	0.00021505
307.8	0.000188243
307.9	0.000164459
308	0.000141563
308.1	0.000121471
308.2	0.00010601
308.3	9.24828e-05
308.4	8.21283e-05
308.5	8.16054e-05
308.6	8.85205e-05
308.7	0.000104384
308.8	0.00012035
308.9	0.000132164
309	0.00014152
309.1	0.00015042
309.2	0.000159588
309.3	0.000164797
309.4	0.000164472
309.5	0.000167276
309.6	0.000165795
309.7	0.000162293
309.8	0.000154158
309.9	0.000144673
310	0.00013409
310.1	0.000120355
310.2	0.00010087
310.3	7.24819e-05
310.4	4.16072e-05
310.5	1.2085e-05
310.6	-1.7128e-05
310.7	-4.83648e-05
310.8	-7.9054e-05
310.9	-0.000108991
311	-0.000137532
311.1	-0.000165509
311.2	-0.000199327
311.3	-0.000234596
311.4	-0.000271542
311.5	-0.000310309
311.6	-0.000349167
311.7	-0.000390433
311.8	-0.000428174
311.9	-0.000461831
312	-0.000492715
312.1	-0.000520645
312.2	-0.000549138
312.3	-0.000574632
312.4	-0.000596733
312.5	-0.000617269
312.6	-0.000639857
312.7	-0.00066126
312.8	-0.00067509
312.9	-0.000684491
313	-0.000695521
313.1	-0.000708348
313.2	-0.000721328
313.3	-0.000732244
313.4	-0.00073868
313.5	-0.000747043
313.6	-0.000764073
313.7	-0.000791928
313.8	-0.000824982
313.9	-0.000862741
314	-0.000903901
314.1	-0.000943307
314.2	-0.000980294
314.3	-0.00101248
314.4	-0.00103886
314.5	-0.00105671
314.6	-0.00107355
314.7	-0.00108393
314.8	-0.0010963
314.9	-0.00111098
315	-0.00113025
315.1	-0.00114954
315.2	-0.00116569
315.3	-0.00118161
315.4	-0.00119715
315.5	-0.00121788
315.6	-0.00124221
315.7	-0.00126616
315.8	-0.00128459
315.9	-0.00129723
316	-0.00130212
316.1	-0.00130383
316.2	-0.00130045
316.3	-0.0012924
316.4	-0.00128593
316.5	-0.00128459
316.6	-0.00128339
316.7	-0.00128023
316.8	-0.00127839
316.9	-0.00128215
317	-0.0012865
317.1	-0.00128923
317.2	-0.00129519
317.3	-0.00129931
317.4	-0.00130264
317.5	-0.00130497
317.6	-0.00130493
317.7	-0.00130577
317.8	-0.00130784
317.9	-0.00131096
318	-0.00131647
318.1	-0.00132078
318.2	-0.00132209
318.3	-0.00132492
318.4	-0.00132957
318.5	-0.00133405
318.6	-0.00133599
318.7	-0.00133647
318.8	-0.00133574
318.9	-0.00133112
319	-0.0013224
319.1	-0.00131304
319.2	-0.00130611
319.3	-0.00129961
319.4	-0.00129376
319.5	-0.00129119
319.6	-0.00129224
319.7	-0.00129427
319.8	-0.00130114
319.9	-0.00131256
320	-0.00132401
320.1	-0.001335
320.2	-0.00134692
320.3	-0.00135901
320.4	-0.00137703
320.5	-0.00139955
320.6	-0.00142197
320.7	-0.00144057
320.8	-0.00145582
320.9	-0.00146759
321	-0.00147986
321.1	-0.00148984
321.2	-0.0014971
321.3	-0.00149834
321.4	-0.00150086
321.5	-0.0015029
321.6	-0.00150915
321.7	-0.00151632
321.8	-0.00151683
321.9	-0.00151497
322	-0.00151277
322.1	-0.00151079
322.2	-0.00151062
322.3	-0.00151729
322.4	-0.00152556
322.5	-0.00153458
322.6	-0.00154767
322.7	-0.00155979
322.8	-0.00156621
322.9	-0.00157108
323	-0.00158178
323.1	-0.0015975
323.2	-0.00161307
323.3	-0.00162848
323.4	-0.00164793
323.5	-0.00167109
323.6	-0.00169538
323.7	-0.0017216
323.8	-0.00175146
323.9	-0.00178697
324	-0.00182077
324.1	-0.0018494
324.2	-0.00187992
324.3	-0.00191378
324.4	-0.00194451
324.5	-0.00197376
324.6	-0.00200252
324.7	-0.00203222
324.8	-0.00205762
324.9	-0.00208214
325	-0.0021105
325.1	-0.00214248
325.2	-0.00217777
325.3	-0.00221518
325.4	-0.0022578
325.5	-0.00229982
325.6	-0.00234186
325.7	-0.00238121
325.8	-0.00241561
325.9	-0.00244956
326	-0.00248221
326.1	-0.00251383
326.2	-0.00254695
326.3	-0.00258492
326.4	-0.0026254
326.5	-0.00266363
326.6	-0.00269867
326.7	-0.00273298
326.8	-0.00276201
326.9	-0.00278568
327	-0.00280433
327.1	-0.00281874
327.2	-0.00283139
327.3	-0.00284297
327.4	-0.00285055
327.5	-0.0028556
327.6	-0.00285674
327.7	-0.0028493
327.8	-0.00284289
327.9	-0.00283181
328	-0.00282053
328.1	-0.00281029
328.2	-0.00279684
328.3	-0.00278245
328.4	-0.0027701
328.5	-0.00275912
328.6	-0.00275203
328.7	-0.00274831
328.8	-0.00274788
328.9	-0.00274633
329	-0.00274501
329.1	-0.00273922
329.2	-0.00272784
329.3	-0.00271555
329.4	-0.00270152
329.5	-0.00268678
329.6	-0.00267638
329.7	-0.00266584
329.8	-0.00265479
329.9	-0.00264452
330	-0.00263107
330.1	-0.00261845
330.2	-0.00260267
330.3	-0.00258268
330.4	-0.00256658
330.5	-0.00255529
330.6	-0.00254979
330.7	-0.00254872
330.8	-0.00255045
330.9	-0.00255169
331	-0.00255118
331.1	-0.00254618
331.2	-0.00253656
331.3	-0.00252303
331.4	-0.00250964
331.5	-0.00249526
331.6	-0.00247903
331.7	-0.00246015
331.8	-0.00243912
331.9	-0.00241391
332	-0.00238889
332.1	-0.00236349
332.2	-0.00233601
332.3	-0.00231453
332.4	-0.00229653
332.5	-0.0022834
332.6	-0.00227554
332.7	-0.0022731
332.8	-0.00227522
332.9	-0.00228083
333	-0.00228691
333.1	-0.00229119
333.2	-0.00229271
333.3	-0.00228994
333.4	-0.00229305
333.5	-0.00229649
333.6	-0.00230001
333.7	-0.00230104
333.8	-0.00230665
333.9	-0.00231451
334	-0.00232999
334.1	-0.0023455
334.2	-0.0023611
334.3	-0.00237933
334.4	-0.00239915
334.5	-0.00241753
334.6	-0.00243217
334.7	-0.00244515
334.8	-0.00245382
334.9	-0.00245745
335	-0.0024594
335.1	-0.00246138
335.2	-0.00245953
335.3	-0.00245534
335.4	-0.00244806
335.5	-0.00244138
335.6	-0.0024331
335.7	-0.0024236
335.8	-0.00241352
335.9	-0.00240116
336	-0.00238948
336.1	-0.00237533
336.2	-0.00236679
336.3	-0.00236048
336.4	-0.00235065
336.5	-0.00233919
336.6	-0.00232496
336.7	-0.00231187
336.8	-0.00230197
336.9	-0.00229549
337	-0.00229232
337.1	-0.00229206
337.2	-0.00229451
337.3	-0.00229727
337.4	-0.00230197
337.5	-0.00231257
337.6	-0.00232579
337.7	-0.00234691
337.8	-0.00237343
337.9	-0.00240473
338	-0.00243871
338.1	-0.00247373
338.2	-0.00250749
338.3	-0.0025414
338.4	-0.00257567
338.5	-0.00260758
338.6	-0.00263665
338.7	-0.00265587
338.8	-0.00266963
338.9	-0.0026836
339	-0.00269785
339.1	-0.00271174
339.2	-0.00272231
339.3	-0.00272402
339.4	-0.00272323
339.5	-0.00272114
339.6	-0.00271638
339.7	-0.00270774
339.8	-0.00269335
339.9	-0.002672
340	-0.00265049
340.1	-0.00262786
340.2	-0.00260333
340.3	-0.00257266
340.4	-0.00254317
340.5	-0.00251686
340.6	-0.00249704
340.7	-0.00247975
340.8	-0.00246242
340.9	-0.00244514
341	-0.00242403
341.1	-0.00240188
341.2	-0.00238316
341.3	-0.00236978
341.4	-0.00235704
341.5	-0.00234541
341.6	-0.00233701
341.7	-0.00232942
341.8	-0.00232022
341.9	-0.0023101
342	-0.00230348
342.1	-0.00229536
342.2	-0.00228958
342.3	-0.00228714
342.4	-0.00228857
342.5	-0.00228628
342.6	-0.00228171
342.7	-0.00227598
342.8	-0.00227186
342.9	-0.00227099
343	-0.00227112
343.1	-0.00227173
343.2	-0.00227422
343.3	-0.00227187
343.4	-0.00226817
343.5	-0.00226383
343.6	-0.00225869
343.7	-0.00224879
343.8	-0.002238
343.9	-0.00222676
344	-0.00221987
344.1	-0.00221455
344.2	-0.00221587
344.3	-0.00222013
344.4	-0.00222024
344.5	-0.00221014
344.6	-0.00219897
344.7	-0.0021882
344.8	-0.00217903
344.9	-0.0021687
345	-0.00215607
345.1	-0.00214302
345.2	-0.0021352
345.3	-0.0021296
345.4	-0.00212407
345.5	-0.00211586
345.6	-0.0021086
345.7	-0.00210343
345.8	-0.00209747
345.9	-0.00209013
346	-0.00208492
346.1	-0.00207784
346.2	-0.00207024
346.3	-0.00206014
346.4	-0.00204764
346.5	-0.00203594
346.6	-0.00202453
346.7	-0.00201403
346.8	-0.00200954
346.9	-0.00200524
347	-0.00200268
347.1	-0.00200534
347.2	-0.00200791
347.3	-0.00201018
347.4	-0.00200913
347.5	-0.00200652
347.6	-0.00200081
347.7	-0.00199643
347.8	-0.00199528
347.9	-0.00199506
348	-0.00199799
348.1	-0.00200535
348.2	-0.0020168
348.3	-0.00203243
348.4	-0.00204541
348.5	-0.00205987
348.6	-0.00207955
348.7	-0.00210127
348.8	-0.0021207
348.9	-0.00213877
349	-0.0021513
349.1	-0.00216083
349.2	-0.00216997
349.3	-0.00218104
349.4	-0.00219406
349.5	-0.00220853
349.6	-0.00222418
349.7	-0.00224352
349.8	-0.00226724
349.9	-0.00229248
350	-0.00232179
350.1	-0.00235258
350.2	-0.00237781
350.3	-0.00239674
350.4	-0.00241297
350.5	-0.00242969
350.6	-0.00245035
350.7	-0.00247511
350.8	-0.00249576
350.9	-0.0025133
351	-0.00252842
351.1	-0.00254603
351.2	-0.00256456
351.3	-0.00257504
351.4	-0.00258162
351.5	-0.00258547
351.6	-0.00259002
351.7	-0.00259617
351.8	-0.002608
351.9	-0.00261986
352	-0.00262583
352.1	-0.0026246
352.2	-0.00261894
352.3	-0.00261102
352.4	-0.00260673
352.5	-0.00260789
352.6	-0.00260853
352.7	-0.00260688
352.8	-0.00260419
352.9	-0.00259942
353	-0.00258885
353.1	-0.00257818
353.2	-0.00256634
353.3	-0.00255726
353.4	-0.00254783
353.5	-0.00253615
353.6	-0.002525
353.7	-0.00251279
353.8	-0.00250416
353.9	-0.00249605
354	-0.00249169
354.1	-0.00249117
354.2	-0.00249581
354.3	-0.00250401
354.4	-0.00251346
354.5	-0.00252551
354.6	-0.00254172
354.7	-0.00255623
354.8	-0.00256664
354.9	-0.00257504
355	-0.00258314
355.1	-0.00259077
355.2	-0.00259557
355.3	-0.00259978
355.4	-0.0026035
355.5	-0.00260051
355.6	-0.00259332
355.7	-0.00258052
355.8	-0.00257092
355.9	-0.00256175
356	-0.00255043
356.1	-0.00253712
356.2	-0.00252438
356.3	-0.00251506
356.4	-0.00250276
356.5	-0.00248625
356.6	-0.00246703
356.7	-0.00244806
356.8	-0.00243167
356.9	-0.0024122
357	-0.00239307
357.1	-0.0023732
357.2	-0.00235475
357.3	-0.00233832
357.4	-0.00232312
357.5	-0.00230941
357.6	-0.00230223
357.7	-0.00229428
357.8	-0.00228719
357.9	-0.00227911
358	-0.00227071
358.1	-0.00225707
358.2	-0.00223748
358.3	-0.00221515
358.4	-0.00219166
358.5	-0.00216686
358.6	-0.0021409
358.7	-0.00211749
358.8	-0.00209411
358.9	-0.00206688
359	-0.00203786
359.1	-0.00200866
359.2	-0.0019818
359.3	-0.00195414
359.4	-0.00192516
359.5	-0.00189743
359.6	-0.0018716
359.7	-0.00184726
359.8	-0.00182024
359.9	-0.00179137
360	-0.00176583
360.1	-0.00174007
360.2	-0.00171355
360.3	-0.00168575
360.4	-0.00165444
360.5	-0.00162396
360.6	-0.00159512
360.7	-0.00156685
360.8	-0.00154068
360.9	-0.00151837
361	-0.00150071
361.1	-0.0014886
361.2	-0.00147959
361.3	-0.00147122
361.4	-0.00146358
361.5	-0.00145413
361.6	-0.00144686
361.7	-0.00144583
361.8	-0.00144951
361.9	-0.00145339
362	-0.00145965
362.1	-0.00146483
362.2	-0.00146708
362.3	-0.00147004
362.4	-0.00146958
362.5	-0.00147108
362.6	-0.00147159
362.7	-0.00147228
362.8	-0.00147813
362.9	-0.00148177
363	-0.0014831
363.1	-0.00148542
363.2	-0.00148763
363.3	-0.00149062
363.4	-0.00149051
363.5	-0.00148636
363.6	-0.00148004
363.7	-0.00147532
363.8	-0.00146942
363.9	-0.00146045
364	-0.00144867
364.1	-0.00143237
364.2	-0.00141498
364.3	-0.00139825
364.4	-0.0013881
364.5	-0.00138395
364.6	-0.00138222
364.7	-0.00137926
364.8	-0.00137368
364.9	-0.00136823
365	-0.00135568
365.1	-0.0013356
365.2	-0.00130664
365.3	-0.00127759
365.4	-0.00125184
365.5	-0.00122533
365.6	-0.00119945
365.7	-0.00117274
365.8	-0.00113911
365.9	-0.00110051
366	-0.0010663
366.1	-0.00104305
366.2	-0.00102422
366.3	-0.00100849
366.4	-0.000992647
366.5	-0.000977065
366.6	-0.000958765
366.7	-0.000936471
366.8	-0.000909447
366.9	-0.000884737
367	-0.000863788
367.1	-0.000843255
367.2	-0.000826187
367.3	-0.000810985
367.4	-0.000794944
367.5	-0.000778948
367.6	-0.000765127
367.7	-0.000752518
367.8	-0.000738234
367.9	-0.000722562
368	-0.000705499
368.1	-0.000689589
368.2	-0.000678227
368.3	-0.000667444
368.4	-0.000655143
368.5	-0.000640557
368.6	-0.000625947
368.7	-0.000611106
368.8	-0.00059349
368.9	-0.000575409
369	-0.000551073
369.1	-0.000524029
369.2	-0.000497203
369.3	-0.000475307
369.4	-0.0004595
369.5	-0.000449158
369.6	-0.000437481
369.7	-0.000423023
369.8	-0.000411729
369.9	-0.000399314
370	-0.00038855
370.1	-0.000381941
370.2	-0.000376018
370.3	-0.000373168
370.4	-0.000373203
370.5	-0.000368926
370.6	-0.000358153
370.7	-0.000341164
370.8	-0.000321638
370.9	-0.00030277
371	-0.000284492
371.1	-0.000265964
371.2	-0.000248808
371.3	-0.000230131
371.4	-0.000211316
371.5	-0.000195994
371.6	-0.000182123
371.7	-0.000170067
371.8	-0.000161773
371.9	-0.000154538
372	-0.00014438
372.1	-0.000134848
372.2	-0.000119908
372.3	-0.000105197
372.4	-9.12648e-05
372.5	-8.09741e-05
372.6	-7.15127e-05
372.7	-6.3629e-05
372.8	-5.31835e-05
372.9	-4.20825e-05
373	-3.0833e-05
373.1	-2.10145e-05
373.2	-9.85676e-06
373.3	3.23122e-07
373.4	6.01231e-06
373.5	5.60903e-06
373.6	2.7117e-06
373.7	-3.83892e-06
373.8	-1.43763e-05
373.9	-2.54074e-05
374	-4.04944e-05
374.1	-5.87427e-05
374.2	-7.99063e-05
374.3	-0.000104867
374.4	-0.000134556
374.5	-0.000165269
374.6	-0.000190224
374.7	-0.000207925
374.8	-0.0002238
374.9	-0.00024172
375	-0.000255041
375.1	-0.000270067
375.2	-0.000288114
375.3	-0.000304663
375.4	-0.000323003
375.5	-0.000346784
375.6	-0.000374092
375.7	-0.000400447
375.8	-0.000428623
375.9	-0.000456038
376	-0.000478442
376.1	-0.000497791
376.2	-0.000516389
376.3	-0.000541604
376.4	-0.000568748
376.5	-0.000597382
376.6	-0.000624106
376.7	-0.000647729
376.8	-0.000669199
376.9	-0.000687928
377	-0.000701461
377.1	-0.000714784
377.2	-0.000727924
377.3	-0.000740425
377.4	-0.000753937
377.5	-0.000771954
377.6	-0.000787549
377.7	-0.000810601
377.8	-0.000834154
377.9	-0.000858464
378	-0.000883179
378.1	-0.000910245
378.2	-0.000939276
378.3	-0.00097317
378.4	-0.00101017
378.5	-0.00104485
378.6	-0.00107932
378.7	-0.00111736
378.8	-0.00115817
378.9	-0.00120324
379	-0.00124859
379.1	-0.00129515
379.2	-0.0013353
379.3	-0.00137492
379.4	-0.00141435
379.5	-0.0014563
379.6	-0.00149897
379.7	-0.00154587
379.8	-0.00159786
379.9	-0.00165063
380	-0.00170187
380.1	-0.00175425
380.2	-0.00180889
380.3	-0.0018624
380.4	-0.00191797
380.5	-0.00197509
380.6	-0.00202801
380.7	-0.00207586
380.8	-0.00212376
380.9	-0.00217399
381	-0.00222781
381.1	-0.00227921
381.2	-0.00233224
381.3	-0.0023827
381.4	-0.00243084
381.5	-0.00247006
381.6	-0.00250462
381.7	-0.00253216
381.8	-0.00255826
381.9	-0.00258577
382	-0.00260738
382.1	-0.00262841
382.2	-0.00264728
382.3	-0.00266404
382.4	-0.00268092
382.5	-0.00269993
382.6	-0.00271773
382.7	-0.00273543
382.8	-0.00275196
382.9	-0.00276823
383	-0.00278444
383.1	-0.00279485
383.2	-0.00280649
383.3	-0.00282439
383.4	-0.0028487
383.5	-0.00287879
383.6	-0.00290515
383.7	-0.00292365
383.8	-0.00293905
383.9	-0.00295144
384	-0.00296749
384.1	-0.00298701
384.2	-0.00300481
384.3	-0.00302353
384.4	-0.00304176
384.5	-0.003063
384.6	-0.00308553
384.7	-0.00310888
384.8	-0.00313026
384.9	-0.00315077
385	-0.0031669
385.1	-0.00317704
385.2	-0.0031883
385.3	-0.0032002
385.4	-0.0032078
385.5	-0.00320861
385.6	-0.00319862
385.7	-0.00318566
385.8	-0.00317215
385.9	-0.0031588
386	-0.00314295
386.1	-0.00312904
386.2	-0.00311749
386.3	-0.00310908
386.4	-0.00310351
386.5	-0.00309254
386.6	-0.00308753
386.7	-0.00308372
386.8	-0.00308383
386.9	-0.0030855
387	-0.00308555
387.1	-0.00307871
387.2	-0.00306518
387.3	-0.00305164
387.4	-0.00303582
387.5	-0.0030228
387.6	-0.00301104
387.7	-0.00300327
387.8	-0.00299594
387.9	-0.00298784
388	-0.00298011
388.1	-0.00297298
388.2	-0.00296504
388.3	-0.00295527
388.4	-0.00294505
388.5	-0.00292864
388.6	-0.00290839
388.7	-0.00288538
388.8	-0.00285978
388.9	-0.00283712
389	-0.0028189
389.1	-0.00280175
389.2	-0.0027842
389.3	-0.00276802
389.4	-0.0027537
389.5	-0.00274335
389.6	-0.00273661
389.7	-0.00273002
389.8	-0.00271623
389.9	-0.00269668
390	-0.00267215
390.1	-0.0026423
390.2	-0.00260797
390.3	-0.00257203
390.4	-0.00253355
390.5	-0.00249432
390.6	-0.00245778
390.7	-0.00242623
390.8	-0.00240306
390.9	-0.00238837
391	-0.00237793
391.1	-0.0023698
391.2	-0.00235253
391.3	-0.00232542
391.4	-0.00229425
391.5	-0.0022638
391.6	-0.00224187
391.7	-0.00222518
391.8	-0.00221401
391.9	-0.0022037
392	-0.00219421
392.1	-0.00218301
392.2	-0.00217357
392.3	-0.00216612
392.4	-0.00215884
392.5	-0.00215129
392.6	-0.0021412
392.7	-0.00212977
392.8	-0.00211672
392.9	-0.00210306
393	-0.00208991
393.1	-0.00207605
393.2	-0.00206144
393.3	-0.00204641
393.4	-0.00202872
393.5	-0.00201775
393.6	-0.00201215
393.7	-0.00201189
393.8	-0.00201302
393.9	-0.00201774
394	-0.0020267
394.1	-0.00203346
394.2	-0.00204319
394.3	-0.00205335
394.4	-0.00205816
394.5	-0.00206365
394.6	-0.00207345
394.7	-0.00208142
394.8	-0.00208861
394.9	-0.00209298
395	-0.00208773
395.1	-0.00207781
395.2	-0.00206574
395.3	-0.00205225
395.4	-0.00204208
395.5	-0.00203167
395.6	-0.00201729
395.7	-0.00200188
395.8	-0.00198808
395.9	-0.00197626
396	-0.00196449
396.1	-0.00195116
396.2	-0.00193744
396.3	-0.00192481
396.4	-0.00191326
396.5	-0.00189981
396.6	-0.00189151
396.7	-0.00188189
396.8	-0.00187382
396.9	-0.00187042
397	-0.00187585
397.1	-0.00188896
397.2	-0.0018998
397.3	-0.0019082
397.4	-0.00191548
397.5	-0.00191626
397.6	-0.00191663
397.7	-0.00191245
397.8	-0.00190994
397.9	-0.00190036
398	-0.00188739
398.1	-0.00187296
398.2	-0.00185835
398.3	-0.00184204
398.4	-0.00182653
398.5	-0.00181049
398.6	-0.00179367
398.7	-0.00177706
398.8	-0.00176396
398.9	-0.00174711
399	-0.00172396
399.1	-0.00169778
399.2	-0.00167092
399.3	-0.00164612
399.4	-0.0016201
399.5	-0.00158626
399.6	-0.00154369
399.7	-0.0014957
399.8	-0.0014464
399.9	-0.0013944
400	-0.0013458
400.1	-0.00129792
400.2	-0.00124665
400.3	-0.00119103
400.4	-0.00113219
400.5	-0.00106969
400.6	-0.00100886
400.7	-0.000949354
400.8	-0.000893164
400.9	-0.000833356
401	-0.000770179
401.1	-0.000709623
401.2	-0.000653497
401.3	-0.000599507
401.4	-0.000550116
401.5	-0.000501635
401.6	-0.000459258
401.7	-0.000420678
401.8	-0.00038438
401.9	-0.00034746
402	-0.000307131
402.1	-0.000270103
402.2	-0.000238234
402.3	-0.000209375
402.4	-0.000181215
402.5	-0.000154023
402.6	-0.000120589
402.7	-8.38398e-05
402.8	-4.26398e-05
402.9	4.10281e-06
403	4.90339e-05
403.1	9.19298e-05
403.2	0.000127642
403.3	0.000156748
403.4	0.0001841
403.5	0.00021042
403.6	0.000233774
403.7	0.000255454
403.8	0.000272197
403.9	0.000284289
404	0.000298343
404.1	0.000308871
404.2	0.000321441
404.3	0.000337324
404.4	0.000349273
404.5	0.00036479
404.6	0.000383225
404.7	0.000395279
404.8	0.000401098
404.9	0.000403639
405	0.000402585
405.1	0.000397789
405.2	0.000390172
405.3	0.000378887
405.4	0.000369048
405.5	0.000361378
405.6	0.000355411
405.7	0.000347107
405.8	0.000338589
405.9	0.0003259
406	0.000314007
406.1	0.00029955
406.2	0.000287813
406.3	0.000279221
406.4	0.000272195
406.5	0.000268578
406.6	0.000266549
406.7	0.000268669
406.8	0.000271791
406.9	0.000274619
407	0.000278983
407.1	0.000280494
407.2	0.000276508
407.3	0.000271797
407.4	0.000264598
407.5	0.000251483
407.6	0.00024468
407.7	0.00024275
407.8	0.000242384
407.9	0.000244463
408	0.000244582
408.1	0.000248484
408.2	0.000255384
408.3	0.000268854
408.4	0.000287507
408.5	0.000309169
408.6	0.000328864
408.7	0.000348779
408.8	0.000369587
408.9	0.000385467
409	0.000399918
409.1	0.000409429
409.2	0.000416273
409.3	0.000427398
409.4	0.000440485
409.5	0.000450911
409.6	0.000457878
409.7	0.000464199
409.8	0.000470202
409.9	0.000476795
410	0.000478067
410.1	0.000477446
410.2	0.000478768
410.3	0.000480794
410.4	0.000489129
410.5	0.000500321
410.6	0.000512595
410.7	0.000527113
410.8	0.000537829
410.9	0.000543373
411	0.000543751
411.1	0.000547207
411.2	0.000557469
411.3	0.00056806
411.4	0.000572398
411.5	0.000577552
411.6	0.000579406
411.7	0.000576485
411.8	0.000573346
411.9	0.000572207
412	0.000571587
412.1	0.000572573
412.2	0.000577809
412.3	0.000586282
412.4	0.000596987
412.5	0.000605526
412.6	0.000612119
412.7	0.000615445
412.8	0.000613245
412.9	0.000607193
413	0.000597744
413.1	0.000586224
413.2	0.000575245
413.3	0.000563566
413.4	0.000553717
413.5	0.000541112
413.6	0.00052338
413.7	0.000507893
413.8	0.000496395
413.9	0.00048703
414	0.000476435
414.1	0.000468825
414.2	0.00046043
414.3	0.000452959
414.4	0.000445538
414.5	0.000439531
414.6	0.000430776
414.7	0.000419652
414.8	0.000406783
414.9	0.000390763
415	0.000378153
415.1	0.000370884
415.2	0.000362668
415.3	0.000353138
415.4	0.000340365
415.5	0.000325499
415.6	0.000311611
415.7	0.000300921
415.8	0.000291405
415.9	0.000282486
416	0.000268961
416.1	0.000249663
416.2	0.000227884
416.3	0.000206643
416.4	0.000183968
416.5	0.000157597
416.6	0.000132998
416.7	0.000108617
416.8	8.89844e-05
416.9	6.91339e-05
417	4.79232e-05
417.1	2.79199e-05
417.2	1.04338e-05
417.3	-3.66526e-06
417.4	-1.94056e-05
417.5	-3.88579e-05
417.6	-5.99759e-05
417.7	-8.00004e-05
417.8	-9.6697e-05
417.9	-0.000107135
418	-0.000114558
418.1	-0.000119243
418.2	-0.000121343
418.3	-0.000122267
418.4	-0.000121815
418.5	-0.000117312
418.6	-0.000111125
418.7	-0.000111712
418.8	-0.00012068
418.9	-0.000141088
419	-0.00016736
419.1	-0.000200476
419.2	-0.000231048
419.3	-0.000260818
419.4	-0.000291818
419.5	-0.000328832
419.6	-0.000363872
419.7	-0.000401744
419.8	-0.000439288
419.9	-0.000477437
420	-0.000511672
420.1	-0.000544815
420.2	-0.000575143
420.3	-0.000602921
420.4	-0.000624728
420.5	-0.000640772
420.6	-0.000653615
420.7	-0.000669821
420.8	-0.000685892
420.9	-0.000698419
421	-0.000709765
421.1	-0.000722451
421.2	-0.000735297
421.3	-0.000750879
421.4	-0.000769252
421.5	-0.000792934
421.6	-0.000818873
421.7	-0.000838029
421.8	-0.000849261
421.9	-0.000858664
422	-0.000867765
422.1	-0.000877841
422.2	-0.000890667
422.3	-0.000904638
422.4	-0.000922951
422.5	-0.000942344
422.6	-0.000964257
422.7	-0.000987304
422.8	-0.00101147
422.9	-0.00103246
423	-0.00105374
423.1	-0.00107088
423.2	-0.00108352
423.3	-0.00109091
423.4	-0.00109032
423.5	-0.00108943
423.6	-0.00108513
423.7	-0.00107564
423.8	-0.00106811
423.9	-0.00105895
424	-0.0010475
424.1	-0.00103875
424.2	-0.00103175
424.3	-0.0010258
424.4	-0.00102051
424.5	-0.0010165
424.6	-0.00101468
424.7	-0.00101031
424.8	-0.00100609
424.9	-0.00100509
425	-0.0010017
425.1	-0.000999361
425.2	-0.00100004
425.3	-0.000994875
425.4	-0.000987052
425.5	-0.000975909
425.6	-0.000964241
425.7	-0.000951338
425.8	-0.000937494
425.9	-0.000923481
426	-0.00090933
426.1	-0.000895671
426.2	-0.000878377
426.3	-0.000861804
426.4	-0.000848292
426.5	-0.000829998
426.6	-0.000807616
426.7	-0.000786284
426.8	-0.000760468
426.9	-0.000730821
427	-0.000703737
427.1	-0.000677716
427.2	-0.000652369
427.3	-0.000632388
427.4	-0.000614781
427.5	-0.000602973
427.6	-0.000595023
427.7	-0.000589575
427.8	-0.000584995
427.9	-0.000578232
428	-0.000568897
428.1	-0.000559013
428.2	-0.000552084
428.3	-0.000550451
428.4	-0.000548783
428.5	-0.000552507
428.6	-0.000558286
428.7	-0.000563856
428.8	-0.000572775
428.9	-0.000584213
429	-0.000597242
429.1	-0.00060836
429.2	-0.000615397
429.3	-0.000622249
429.4	-0.000626243
429.5	-0.000629945
429.6	-0.000633872
429.7	-0.000642732
429.8	-0.000658495
429.9	-0.000680273
430	-0.000704586
430.1	-0.000727216
430.2	-0.000747076
430.3	-0.000761106
430.4	-0.000774959
430.5	-0.000788689
430.6	-0.000804581
430.7	-0.00082293
430.8	-0.00084121
430.9	-0.000857758
431	-0.000871824
431.1	-0.000877814
431.2	-0.00087897
431.3	-0.000877968
431.4	-0.000872894
431.5	-0.000864041
431.6	-0.000856668
431.7	-0.000848239
431.8	-0.000839611
431.9	-0.000836571
432	-0.000839243
432.1	-0.000841552
432.2	-0.00085008
432.3	-0.000861283
432.4	-0.000869625
432.5	-0.000878726
432.6	-0.000883847
432.7	-0.000891446
432.8	-0.000899912
432.9	-0.000907175
433	-0.000916978
433.1	-0.00092637
433.2	-0.000936908
433.3	-0.000949272
433.4	-0.00096069
433.5	-0.000970144
433.6	-0.000976324
433.7	-0.000980894
433.8	-0.000986515
433.9	-0.000990214
434	-0.000994172
434.1	-0.0010013
434.2	-0.00101442
434.3	-0.00103044
434.4	-0.00105027
434.5	-0.00106497
434.6	-0.00107691
434.7	-0.00108916
434.8	-0.0011008
434.9	-0.00110947
435	-0.00111417
435.1	-0.00111497
435.2	-0.00110966
435.3	-0.00110089
435.4	-0.00109724
435.5	-0.00109682
435.6	-0.00109986
435.7	-0.00110512
435.8	-0.00110957
435.9	-0.00110944
436	-0.00110544
436.1	-0.00110015
436.2	-0.00109874
436.3	-0.00110349
436.4	-0.00111207
436.5	-0.00111943
436.6	-0.00112677
436.7	-0.00112814
436.8	-0.00112552
436.9	-0.00112113
437	-0.00112062
437.1	-0.00112569
437.2	-0.00113297
437.3	-0.00113924
437.4	-0.00114203
437.5	-0.00114249
437.6	-0.00113973
437.7	-0.00113884
437.8	-0.00113915
437.9	-0.00113771
438	-0.0011407
438.1	-0.0011476
438.2	-0.00115196
438.3	-0.00115609
438.4	-0.00116248
438.5	-0.00117452
438.6	-0.00119112
438.7	-0.00121152
438.8	-0.00123376
438.9	-0.00125491
439	-0.00127003
439.1	-0.00127859
439.2	-0.00129066
439.3	-0.00130093
439.4	-0.00131264
439.5	-0.00132588
439.6	-0.0013422
439.7	-0.00135767
439.8	-0.00136524
439.9	-0.00136399
440	-0.0013576
440.1	-0.0013454
440.2	-0.00132712
440.3	-0.00130422
440.4	-0.00128195
440.5	-0.00126378
440.6	-0.00124976
440.7	-0.00123522
440.8	-0.00121967
440.9	-0.00120305
441	-0.00118677
441.1	-0.00117185
441.2	-0.00115888
441.3	-0.00114574
441.4	-0.00113359
441.5	-0.00112112
441.6	-0.00110718
441.7	-0.00109036
441.8	-0.00107647
441.9	-0.00106585
442	-0.00105722
442.1	-0.00104881
442.2	-0.00103577
442.3	-0.00101803
442.4	-0.00100292
442.5	-0.000993471
442.6	-0.000981358
442.7	-0.000964914
442.8	-0.000942061
442.9	-0.00091659
443	-0.000885101
443.1	-0.000850129
443.2	-0.00081318
443.3	-0.000777723
443.4	-0.000741164
443.5	-0.000708512
443.6	-0.000676528
443.7	-0.000642245
443.8	-0.000607341
443.9	-0.000567545
444	-0.000526131
444.1	-0.000487882
444.2	-0.000452962
444.3	-0.000417836
444.4	-0.000383711
444.5	-0.000351824
444.6	-0.000318514
444.7	-0.000278804
444.8	-0.000237674
444.9	-0.000188729
445	-0.000134506
445.1	-8.10751e-05
445.2	-2.63694e-05
445.3	2.97068e-05
445.4	8.76375e-05
445.5	0.000148181
445.6	0.000213217
445.7	0.000276338
445.8	0.000336462
445.9	0.000395123
446	0.000451793
446.1	0.000506294
446.2	0.000559557
446.3	0.000611278
446.4	0.0006637
446.5	0.000713811
446.6	0.000759399
446.7	0.0008086
446.8	0.000857754
446.9	0.00090357
447	0.000942426
447.1	0.00097144
447.2	0.000997114
447.3	0.00101879
447.4	0.00103464
447.5	0.00104715
447.6	0.00106182
447.7	0.00107499
447.8	0.00108647
447.9	0.00109831
448	0.00111277
448.1	0.00112853
448.2	0.00114236
448.3	0.0011536
448.4	0.00115968
448.5	0.00116099
448.6	0.00115982
448.7	0.00116232
448.8	0.0011643
448.9	0.00116851
449	0.00117394
449.1	0.00118079
449.2	0.00118866
449.3	0.00119529
449.4	0.00120054
449.5	0.00121058
449.6	0.00122407
449.7	0.00123888
449.8	0.00125395
449.9	0.00126448
450	0.00126966
450.1	0.00127145
450.2	0.00127218
450.3	0.00127393
450.4	0.00127321
450.5	0.00127248
450.6	0.00127069
450.7	0.00126457
450.8	0.00125391
450.9	0.00124733
451	0.00124016
451.1	0.00122811
451.2	0.00121598
451.3	0.00120574
451.4	0.00119438
451.5	0.00117959
451.6	0.00116484
451.7	0.00114824
451.8	0.0011318
451.9	0.00111863
452	0.0011126
452.1	0.00110923
452.2	0.00110865
452.3	0.00110803
452.4	0.00110497
452.5	0.00109392
452.6	0.00108001
452.7	0.00106636
452.8	0.00105213
452.9	0.0010358
453	0.00102005
453.1	0.00100559
453.2	0.000988273
453.3	0.000968321
453.4	0.000945219
453.5	0.000923299
453.6	0.0009006
453.7	0.000874795
453.8	0.000849475
453.9	0.000825299
454	0.000804162
454.1	0.000787907
454.2	0.000777456
454.3	0.000773382
454.4	0.000769151
454.5	0.000758778
454.6	0.000749527
454.7	0.00074321
454.8	0.000738828
454.9	0.000731149
455	0.000719527
455.1	0.000703237
455.2	0.000683443
455.3	0.000657053
455.4	0.000626533
455.5	0.000591571
455.6	0.000558007
455.7	0.000519311
455.8	0.000481125
455.9	0.000443648
456	0.000406827
456.1	0.000375935
456.2	0.000347021
456.3	0.000320582
456.4	0.000290918
456.5	0.000262672
456.6	0.000237371
456.7	0.000212923
456.8	0.000192644
456.9	0.000174765
457	0.000160566
457.1	0.000149553
457.2	0.000142277
457.3	0.000131752
457.4	0.000119772
457.5	0.000109236
457.6	9.45717e-05
457.7	7.50701e-05
457.8	5.00082e-05
457.9	1.93778e-05
458	-1.07758e-05
458.1	-3.78056e-05
458.2	-6.57725e-05
458.3	-9.57298e-05
458.4	-0.000127794
458.5	-0.000159798
458.6	-0.000194382
458.7	-0.000231472
458.8	-0.000270585
458.9	-0.000303442
459	-0.000336829
459.1	-0.000369381
459.2	-0.000404961
459.3	-0.000441734
459.4	-0.000472786
459.5	-0.000501188
459.6	-0.000528157
459.7	-0.000552925
459.8	-0.000573582
459.9	-0.000591176
460	-0.000605382
460.1	-0.000619591
460.2	-0.00063117
460.3	-0.000637534
460.4	-0.000641824
460.5	-0.000647473
460.6	-0.000656196
460.7	-0.000665005
460.8	-0.000668519
460.9	-0.000665733
461	-0.000660662
461.1	-0.000657833
461.2	-0.000655466
461.3	-0.000649309
461.4	-0.000639207
461.5	-0.000625369
461.6	-0.000606633
461.7	-0.000586407
461.8	-0.000557421
461.9	-0.000520763
462	-0.000482574
462.1	-0.000446029
462.2	-0.000410279
462.3	-0.000376174
462.4	-0.000345417
462.5	-0.000314931
462.6	-0.000284027
462.7	-0.000253096
462.8	-0.000224736
462.9	-0.000192904
463	-0.000159521
463.1	-0.000130092
463.2	-0.000105573
463.3	-7.8736e-05
463.4	-5.122e-05
463.5	-2.34581e-05
463.6	3.00072e-06
463.7	2.87411e-05
463.8	5.79143e-05
463.9	9.19333e-05
464	0.000129065
464.1	0.000168273
464.2	0.000211982
464.3	0.000252611
464.4	0.000288505
464.5	0.00032108
464.6	0.000349008
464.7	0.000371548
464.8	0.000389922
464.9	0.000404651
465	0.00041839
465.1	0.000429485
465.2	0.000438422
465.3	0.000443423
465.4	0.000443762
465.5	0.000434903
465.6	0.000421794
465.7	0.000419298
465.8	0.000418192
465.9	0.000418498
466	0.00042092
466.1	0.000422136
466.2	0.000421789
466.3	0.000422356
466.4	0.000420945
466.5	0.000422465
466.6	0.000418358
466.7	0.000406911
466.8	0.000394106
466.9	0.00037998
467	0.000364249
467.1	0.000350809
467.2	0.000342079
467.3	0.000338936
467.4	0.000334281
467.5	0.000328705
467.6	0.000326924
467.7	0.000329931
467.8	0.00033668
467.9	0.000345236
468	0.000356161
468.1	0.000370209
468.2	0.000383031
468.3	0.000391805
468.4	0.000398856
468.5	0.000403215
468.6	0.000404933
468.7	0.000406419
468.8	0.000405779
468.9	0.000405049
469	0.000403274
469.1	0.000400291
469.2	0.000394654
469.3	0.000390216
469.4	0.000383857
469.5	0.000375369
469.6	0.000370565
469.7	0.000366375
469.8	0.000364293
469.9	0.000365761
470	0.000366503
470.1	0.000370308
470.2	0.000376009
470.3	0.000380794
470.4	0.000384028
470.5	0.000389923
470.6	0.00039611
470.7	0.000404297
470.8	0.000411358
470.9	0.000414873
471	0.000417527
471.1	0.000421866
471.2	0.000427321
471.3	0.000433233
471.4	0.000438951
471.5	0.000445989
471.6	0.000448411
471.7	0.000444383
471.8	0.000436277
471.9	0.000424847
472	0.000411137
472.1	0.000396789
472.2	0.000380133
472.3	0.00036354
472.4	0.000347679
472.5	0.00033479
472.6	0.000325346
472.7	0.000317384
472.8	0.000308469
472.9	0.000298606
473	0.000287351
473.1	0.000274733
473.2	0.000263901
473.3	0.000252539
473.4	0.000245406
473.5	0.000239112
473.6	0.000229113
473.7	0.00021466
473.8	0.000201022
473.9	0.000189247
474	0.000181156
474.1	0.000171106
474.2	0.000161168
474.3	0.000147112
474.4	0.000135123
474.5	0.000129697
474.6	0.000132372
474.7	0.000141287
474.8	0.000152387
474.9	0.000162978
475	0.000174555
475.1	0.000190508
475.2	0.000204487
475.3	0.000214575
475.4	0.000221216
475.5	0.00022554
475.6	0.000229733
475.7	0.000230914
475.8	0.000235435
475.9	0.000242308
476	0.000252026
476.1	0.000265194
476.2	0.000276758
476.3	0.00028949
476.4	0.000308914
476.5	0.000332552
476.6	0.000360651
476.7	0.000392775
476.8	0.00042196
476.9	0.000448954
477	0.000474853
477.1	0.000499014
477.2	0.000526379
477.3	0.000556755
477.4	0.00058836
477.5	0.000620189
477.6	0.000649863
477.7	0.000678372
477.8	0.000706042
477.9	0.000731575
478	0.000755823
478.1	0.000783566
478.2	0.000813481
478.3	0.000838394
478.4	0.000858715
478.5	0.00087327
478.6	0.000885548
478.7	0.000896917
478.8	0.000909287
478.9	0.000920826
479	0.000929235
479.1	0.00093328
479.2	0.000937665
479.3	0.000941312
479.4	0.000946692
479.5	0.000956559
479.6	0.000969674
479.7	0.0009784
479.8	0.000985856
479.9	0.000990252
480	0.000993446
480.1	0.00099665
480.2	0.00100336
480.3	0.00101115
480.4	0.00101996
480.5	0.00103327
480.6	0.00104604
480.7	0.00105714
480.8	0.00106875
480.9	0.00107607
481	0.00107781
481.1	0.00107624
481.2	0.00107256
481.3	0.00106664
481.4	0.00106185
481.5	0.00105571
481.6	0.00105279
481.7	0.001051
481.8	0.00105243
481.9	0.00105326
482	0.00105149
482.1	0.00104755
482.2	0.00104695
482.3	0.00105066
482.4	0.00105241
482.5	0.00105417
482.6	0.0010535
482.7	0.00104913
482.8	0.00104405
482.9	0.00103429
483	0.0010275
483.1	0.00102269
483.2	0.00102087
483.3	0.00102078
483.4	0.00101691
483.5	0.00100959
483.6	0.000998712
483.7	0.0009865
483.8	0.000973585
483.9	0.000962429
484	0.000948752
484.1	0.000935779
484.2	0.000918795
484.3	0.000895592
484.4	0.000872267
484.5	0.000854902
484.6	0.000843876
484.7	0.000833856
484.8	0.000828065
484.9	0.000826228
485	0.000821754
485.1	0.000811812
485.2	0.000801037
485.3	0.000787415
485.4	0.000771497
485.5	0.00075628
485.6	0.000738847
485.7	0.000718696
485.8	0.000698336
485.9	0.000678124
486	0.000662644
486.1	0.000653385
486.2	0.000647339
486.3	0.000640874
486.4	0.000633088
486.5	0.000629944
486.6	0.000628149
486.7	0.000625233
486.8	0.000623079
486.9	0.000625019
487	0.000629872
487.1	0.000636316
487.2	0.000642717
487.3	0.000651492
487.4	0.000658108
487.5	0.000663091
487.6	0.000672567
487.7	0.000678375
487.8	0.000680108
487.9	0.000674012
488	0.000665405
488.1	0.000653934
488.2	0.00064022
488.3	0.000624793
488.4	0.000610359
488.5	0.000595261
488.6	0.000572759
488.7	0.000546677
488.8	0.000520298
488.9	0.000494632
489	0.000470038
489.1	0.000447396
489.2	0.000424145
489.3	0.000404406
489.4	0.000389193
489.5	0.000379585
489.6	0.000370387
489.7	0.000363468
489.8	0.000358406
489.9	0.000352812
490	0.000349152
490.1	0.000346791
490.2	0.000348264
490.3	0.000353013
490.4	0.000362783
490.5	0.00037551
490.6	0.000392361
490.7	0.000410443
490.8	0.00043274
490.9	0.000457902
491	0.000489066
491.1	0.000525843
491.2	0.000564277
491.3	0.000604146
491.4	0.000642137
491.5	0.000671767
491.6	0.00069947
491.7	0.000726407
491.8	0.000750045
491.9	0.000768816
492	0.000783299
492.1	0.000798169
492.2	0.000814602
492.3	0.00083043
492.4	0.000841338
492.5	0.000850006
492.6	0.000857925
492.7	0.000865845
492.8	0.000872823
492.9	0.00087851
493	0.000879661
493.1	0.000875234
493.2	0.000868167
493.3	0.000860811
493.4	0.000856999
493.5	0.00085527
493.6	0.000856747
493.7	0.000861145
493.8	0.000869976
493.9	0.000878126
494	0.00088266
494.1	0.000887211
494.2	0.00089112
494.3	0.000887577
494.4	0.000882751
494.5	0.000879733
494.6	0.000885738
494.7	0.000903429
494.8	0.000920988
494.9	0.000937926
495	0.000950912
495.1	0.000961114
495.2	0.000967908
495.3	0.000974115
495.4	0.000979685
495.5	0.000982146
495.6	0.000985255
495.7	0.000990354
495.8	0.000998111
495.9	0.00100951
496	0.00102608
496.1	0.00104786
496.2	0.00107328
496.3	0.0010961
496.4	0.00111156
496.5	0.00112876
496.6	0.0011484
496.7	0.00117038
496.8	0.00119655
496.9	0.00122454
497	0.00126007
497.1	0.00129775
497.2	0.00133643
497.3	0.00137325
497.4	0.00141109
497.5	0.00144488
497.6	0.00147714
497.7	0.00151055
497.8	0.00154308
497.9	0.0015724
498	0.00159466
498.1	0.00161101
498.2	0.00162274
498.3	0.00163197
498.4	0.00164204
498.5	0.00165187
498.6	0.00166512
498.7	0.00167992
498.8	0.00169502
498.9	0.00170953
499	0.00172004
499.1	0.00173168
499.2	0.00174217
499.3	0.00174703
499.4	0.00174249
499.5	0.00172898
499.6	0.00171288
499.7	0.00169655
499.8	0.00168022
499.9	0.00166245
500	0.00163908
