LagTime	Correlation

0	0.672953
0.1	0.667935
0.2	0.660453
0.3	0.652424
0.4	0.644332
0.5	0.636302
0.6	0.628358
0.7	0.620507
0.8	0.612746
0.9	0.605077
1	0.597504
1.1	0.59003
1.2	0.582656
1.3	0.575376
1.4	0.568189
1.5	0.56109
1.6	0.554079
1.7	0.547156
1.8	0.540319
1.9	0.533567
2	0.526903
2.1	0.520323
2.2	0.513825
2.3	0.507402
2.4	0.501053
2.5	0.494776
2.6	0.488571
2.7	0.482439
2.8	0.47638
2.9	0.4704
3	0.464491
3.1	0.45865
3.2	0.452882
3.3	0.447185
3.4	0.44156
3.5	0.436015
3.6	0.430544
3.7	0.425149
3.8	0.419825
3.9	0.414571
4	0.40938
4.1	0.404251
4.2	0.399183
4.3	0.394178
4.4	0.389238
4.5	0.38436
4.6	0.37954
4.7	0.374781
4.8	0.370083
4.9	0.365445
5	0.360865
5.1	0.356346
5.2	0.351881
5.3	0.34747
5.4	0.343115
5.5	0.338821
5.6	0.334584
5.7	0.330398
5.8	0.326262
5.9	0.322175
6	0.318132
6.1	0.314136
6.2	0.310188
6.3	0.306289
6.4	0.302437
6.5	0.29863
6.6	0.294868
6.7	0.291156
6.8	0.287493
6.9	0.283877
7	0.280304
7.1	0.276775
7.2	0.273285
7.3	0.269833
7.4	0.266418
7.5	0.263045
7.6	0.259715
7.7	0.256425
7.8	0.253181
7.9	0.249981
8	0.246821
8.1	0.243706
8.2	0.240634
8.3	0.237598
8.4	0.2346
8.5	0.231638
8.6	0.228713
8.7	0.225824
8.8	0.222968
8.9	0.220145
9	0.217357
9.1	0.214604
9.2	0.211894
9.3	0.209223
9.4	0.206588
9.5	0.203987
9.6	0.201419
9.7	0.198886
9.8	0.196384
9.9	0.193916
10	0.191475
10.1	0.189067
10.2	0.186692
10.3	0.184348
10.4	0.182039
10.5	0.179763
10.6	0.177516
10.7	0.175293
10.8	0.173091
10.9	0.170913
11	0.168762
11.1	0.166636
11.2	0.164541
11.3	0.162474
11.4	0.16043
11.5	0.158407
11.6	0.156407
11.7	0.154424
11.8	0.152459
11.9	0.150515
12	0.148599
12.1	0.14671
12.2	0.144844
12.3	0.143004
12.4	0.141189
12.5	0.139401
12.6	0.137638
12.7	0.135892
12.8	0.134164
12.9	0.132457
13	0.130771
13.1	0.129097
13.2	0.127443
13.3	0.125812
13.4	0.124203
13.5	0.122622
13.6	0.121064
13.7	0.119524
13.8	0.118005
13.9	0.116504
14	0.115026
14.1	0.113566
14.2	0.112121
14.3	0.110689
14.4	0.109276
14.5	0.107872
14.6	0.106485
14.7	0.105118
14.8	0.103766
14.9	0.102429
15	0.101111
15.1	0.0998078
15.2	0.0985219
15.3	0.0972528
15.4	0.0959948
15.5	0.094751
15.6	0.0935258
15.7	0.0923166
15.8	0.091125
15.9	0.0899527
16	0.0888012
16.1	0.0876679
16.2	0.0865491
16.3	0.0854446
16.4	0.0843533
16.5	0.0832775
16.6	0.0822215
16.7	0.0811829
16.8	0.0801605
16.9	0.0791507
17	0.0781498
17.1	0.0771564
17.2	0.0761755
17.3	0.0752072
17.4	0.074257
17.5	0.073323
17.6	0.072404
17.7	0.0714996
17.8	0.0706071
17.9	0.0697238
18	0.0688543
18.1	0.0679961
18.2	0.0671443
18.3	0.0662991
18.4	0.0654599
18.5	0.0646282
18.6	0.0638141
18.7	0.0630161
18.8	0.0622318
18.9	0.0614618
19	0.0607052
19.1	0.0599557
19.2	0.0592103
19.3	0.0584733
19.4	0.0577444
19.5	0.0570302
19.6	0.0563274
19.7	0.0556297
19.8	0.05494
19.9	0.0542617
20	0.0535943
20.1	0.0529377
20.2	0.0522887
20.3	0.0516442
20.4	0.0510075
20.5	0.0503797
20.6	0.0497594
20.7	0.0491438
20.8	0.0485359
20.9	0.0479378
21	0.0473476
21.1	0.0467688
21.2	0.0462015
21.3	0.0456423
21.4	0.0450893
21.5	0.0445426
21.6	0.044
21.7	0.0434584
21.8	0.0429177
21.9	0.0423785
22	0.0418428
22.1	0.0413152
22.2	0.0408016
22.3	0.0402961
22.4	0.0397976
22.5	0.0393015
22.6	0.0388051
22.7	0.0383101
22.8	0.0378135
22.9	0.037325
23	0.0368423
23.1	0.0363623
23.2	0.0358905
23.3	0.0354269
23.4	0.0349644
23.5	0.0345062
23.6	0.0340539
23.7	0.0336055
23.8	0.0331635
23.9	0.0327271
24	0.0323025
24.1	0.0318866
24.2	0.0314773
24.3	0.0310737
24.4	0.0306771
24.5	0.0302838
24.6	0.0298889
24.7	0.0294963
24.8	0.0291073
24.9	0.0287242
25	0.02835
25.1	0.0279822
25.2	0.0276289
25.3	0.0272833
25.4	0.026942
25.5	0.026606
25.6	0.0262722
25.7	0.025938
25.8	0.0256109
25.9	0.0252915
26	0.0249768
26.1	0.0246679
26.2	0.0243663
26.3	0.0240704
26.4	0.0237751
26.5	0.0234864
26.6	0.0232033
26.7	0.0229272
26.8	0.0226613
26.9	0.0223997
27	0.0221424
27.1	0.0218855
27.2	0.021627
27.3	0.02137
27.4	0.0211159
27.5	0.0208611
27.6	0.0206099
27.7	0.0203631
27.8	0.0201202
27.9	0.01988
28	0.0196442
28.1	0.0194093
28.2	0.0191786
28.3	0.0189532
28.4	0.0187328
28.5	0.0185177
28.6	0.0183087
28.7	0.0180976
28.8	0.0178879
28.9	0.0176816
29	0.0174795
29.1	0.0172851
29.2	0.0170995
29.3	0.0169189
29.4	0.0167428
29.5	0.0165672
29.6	0.0163964
29.7	0.0162318
29.8	0.016071
29.9	0.0159079
30	0.0157412
30.1	0.0155723
30.2	0.015401
30.3	0.015231
30.4	0.0150644
30.5	0.0149006
30.6	0.0147379
30.7	0.014578
30.8	0.014419
30.9	0.0142601
31	0.0141015
31.1	0.0139465
31.2	0.0137975
31.3	0.0136579
31.4	0.0135218
31.5	0.0133898
31.6	0.0132588
31.7	0.0131206
31.8	0.012981
31.9	0.0128424
32	0.012707
32.1	0.0125735
32.2	0.0124443
32.3	0.0123187
32.4	0.0121936
32.5	0.0120651
32.6	0.0119357
32.7	0.0118107
32.8	0.0116879
32.9	0.0115694
33	0.0114495
33.1	0.0113316
33.2	0.011211
33.3	0.0110919
33.4	0.0109777
33.5	0.0108665
33.6	0.010755
33.7	0.0106431
33.8	0.0105302
33.9	0.0104205
34	0.0103133
34.1	0.0102137
34.2	0.0101195
34.3	0.0100309
34.4	0.00994495
34.5	0.00986106
34.6	0.00977626
34.7	0.00968917
34.8	0.0096048
34.9	0.00952051
35	0.00943652
35.1	0.00935255
35.2	0.00926677
35.3	0.00917926
35.4	0.00909019
35.5	0.00899666
35.6	0.00890592
35.7	0.00881864
35.8	0.00873024
35.9	0.00864179
36	0.00855069
36.1	0.00846162
36.2	0.00837695
36.3	0.00829888
36.4	0.00822331
36.5	0.00814789
36.6	0.00807047
36.7	0.00799449
36.8	0.00791633
36.9	0.00783402
37	0.00774647
37.1	0.00765733
37.2	0.00757029
37.3	0.00748256
37.4	0.007392
37.5	0.00731018
37.6	0.0072289
37.7	0.00714896
37.8	0.00706914
37.9	0.00699505
38	0.00692477
38.1	0.00685051
38.2	0.00677402
38.3	0.00669557
38.4	0.00661464
38.5	0.00653465
38.6	0.00645301
38.7	0.00636749
38.8	0.00627875
38.9	0.00618907
39	0.00609813
39.1	0.0060085
39.2	0.00591478
39.3	0.0058207
39.4	0.00572988
39.5	0.00564066
39.6	0.00554879
39.7	0.0054539
39.8	0.00536173
39.9	0.00527153
40	0.00518093
40.1	0.00509359
40.2	0.00501226
40.3	0.00493966
40.4	0.00486973
40.5	0.00480427
40.6	0.00474109
40.7	0.00467607
40.8	0.00461127
40.9	0.00455091
41	0.00449481
41.1	0.00443753
41.2	0.00437876
41.3	0.00431609
41.4	0.00424931
41.5	0.0041814
41.6	0.00411388
41.7	0.00404826
41.8	0.00398589
41.9	0.00392547
42	0.00387069
42.1	0.0038233
42.2	0.00378273
42.3	0.00374506
42.4	0.00370958
42.5	0.00367747
42.6	0.00364653
42.7	0.00361741
42.8	0.00358261
42.9	0.00354111
43	0.00349619
43.1	0.0034507
43.2	0.00340688
43.3	0.00336399
43.4	0.00332476
43.5	0.00329004
43.6	0.00325904
43.7	0.0032318
43.8	0.0032105
43.9	0.00319017
44	0.0031714
44.1	0.00315046
44.2	0.00312325
44.3	0.00309007
44.4	0.00305422
44.5	0.00302556
44.6	0.00300304
44.7	0.00298598
44.8	0.00297276
44.9	0.00296144
45	0.00294397
45.1	0.00292095
45.2	0.00289819
45.3	0.00287281
45.4	0.00284643
45.5	0.00282469
45.6	0.00280329
45.7	0.00278374
45.8	0.00276229
45.9	0.00274101
46	0.00271898
46.1	0.00269448
46.2	0.00267064
46.3	0.00264767
46.4	0.00262209
46.5	0.00259811
46.6	0.00257239
46.7	0.00254425
46.8	0.00251628
46.9	0.00248892
47	0.00246005
47.1	0.00243112
47.2	0.00239836
47.3	0.0023665
47.4	0.00233117
47.5	0.00229702
47.6	0.00226313
47.7	0.00222934
47.8	0.00219054
47.9	0.00214747
48	0.00210513
48.1	0.00206207
48.2	0.00202012
48.3	0.00197902
48.4	0.00193826
48.5	0.00189659
48.6	0.00185636
48.7	0.00181929
48.8	0.00178657
48.9	0.00175316
49	0.0017168
49.1	0.0016774
49.2	0.00163547
49.3	0.00159516
49.4	0.0015559
49.5	0.00152416
49.6	0.0014955
49.7	0.0014729
49.8	0.00145668
49.9	0.00144924
50	0.00144829
50.1	0.00145424
50.2	0.0014599
50.3	0.00146088
50.4	0.00145734
50.5	0.00145002
50.6	0.00143852
50.7	0.00142313
50.8	0.00140503
50.9	0.00139001
51	0.00137684
51.1	0.00136081
51.2	0.00134691
51.3	0.00133124
51.4	0.00130975
51.5	0.00128571
51.6	0.00126109
51.7	0.00123856
51.8	0.00121402
51.9	0.00118919
52	0.00117092
52.1	0.00115912
52.2	0.0011469
52.3	0.00113542
52.4	0.00112567
52.5	0.0011168
52.6	0.00110638
52.7	0.00109135
52.8	0.00107293
52.9	0.00105132
53	0.00102292
53.1	0.000993542
53.2	0.000969463
53.3	0.000944633
53.4	0.000914993
53.5	0.000888287
53.6	0.000862191
53.7	0.000835202
53.8	0.000810545
53.9	0.000784354
54	0.000760101
54.1	0.000737301
54.2	0.000712153
54.3	0.000687814
54.4	0.000665558
54.5	0.000644882
54.6	0.000630217
54.7	0.000617602
54.8	0.000607082
54.9	0.000599377
55	0.000593793
55.1	0.000587512
55.2	0.000577873
55.3	0.000569672
55.4	0.000564604
55.5	0.000558618
55.6	0.000549236
55.7	0.000532369
55.8	0.000511335
55.9	0.000486771
56	0.000463135
56.1	0.000443592
56.2	0.000427432
56.3	0.000416693
56.4	0.000409253
56.5	0.000399598
56.6	0.000386147
56.7	0.000372909
56.8	0.000357342
56.9	0.000344504
57	0.000332693
57.1	0.000319425
57.2	0.000305216
57.3	0.000290796
57.4	0.000278128
57.5	0.000266359
57.6	0.000258348
57.7	0.000253962
57.8	0.000253681
57.9	0.000254995
58	0.000257178
58.1	0.000257459
58.2	0.000254908
58.3	0.000256874
58.4	0.000262626
58.5	0.00026643
58.6	0.000265145
58.7	0.000259015
58.8	0.00024749
58.9	0.00023808
59	0.000226716
59.1	0.000209704
59.2	0.000190305
59.3	0.000165661
59.4	0.00013609
59.5	9.99661e-05
59.6	6.28524e-05
59.7	2.64228e-05
59.8	-5.49573e-06
59.9	-3.28842e-05
60	-5.24092e-05
60.1	-6.55577e-05
60.2	-6.79064e-05
60.3	-6.34228e-05
60.4	-5.22472e-05
60.5	-3.73752e-05
60.6	-2.0164e-05
60.7	-5.22031e-06
60.8	1.00912e-05
60.9	2.76004e-05
61	5.11589e-05
61.1	7.71458e-05
61.2	0.000105603
61.3	0.000134283
61.4	0.000160495
61.5	0.000183329
61.6	0.000204431
61.7	0.000221702
61.8	0.000241575
61.9	0.000262664
62	0.000291049
62.1	0.000318792
62.2	0.000345147
62.3	0.000373002
62.4	0.000404287
62.5	0.000435783
62.6	0.000467701
62.7	0.000500874
62.8	0.000530509
62.9	0.000556173
63	0.000577188
63.1	0.000594084
63.2	0.000609514
63.3	0.000624691
63.4	0.000648141
63.5	0.000674127
63.6	0.000698851
63.7	0.000723355
63.8	0.000749551
63.9	0.000780195
64	0.000809703
64.1	0.000837614
64.2	0.000864802
64.3	0.000890119
64.4	0.000914993
64.5	0.000942569
64.6	0.000975504
64.7	0.00101029
64.8	0.00104838
64.9	0.00108407
65	0.00112069
65.1	0.00115925
65.2	0.00119499
65.3	0.00122758
65.4	0.00126117
65.5	0.00129346
65.6	0.00132168
65.7	0.0013469
65.8	0.0013721
65.9	0.00139369
66	0.00141061
66.1	0.00142625
66.2	0.00144197
66.3	0.0014593
66.4	0.00147642
66.5	0.00149447
66.6	0.00150968
66.7	0.00151948
66.8	0.00152606
66.9	0.00153097
67	0.00153903
67.1	0.00155974
67.2	0.00157977
67.3	0.0015991
67.4	0.0016158
67.5	0.00162636
67.6	0.00163677
67.7	0.00164735
67.8	0.00165604
67.9	0.00166335
68	0.00166825
68.1	0.00167087
68.2	0.00167851
68.3	0.00169046
68.4	0.00170229
68.5	0.00171502
68.6	0.00173113
68.7	0.00174743
68.8	0.00176623
68.9	0.00178601
69	0.00180523
69.1	0.00182132
69.2	0.00183207
69.3	0.00183655
69.4	0.00184076
69.5	0.00184551
69.6	0.00185645
69.7	0.00187402
69.8	0.00189678
69.9	0.00192453
70	0.00195947
70.1	0.00199911
70.2	0.00203645
70.3	0.00206813
70.4	0.00209377
70.5	0.00211692
70.6	0.00214387
70.7	0.00217105
70.8	0.00219715
70.9	0.00221959
71	0.00224118
71.1	0.00225887
71.2	0.00226764
71.3	0.00227212
71.4	0.00227889
71.5	0.00228283
71.6	0.00228141
71.7	0.00227954
71.8	0.00227725
71.9	0.00227619
72	0.00227309
72.1	0.00226661
72.2	0.0022597
72.3	0.00224805
72.4	0.00223671
72.5	0.00222691
72.6	0.00222791
72.7	0.00223876
72.8	0.00225328
72.9	0.00226795
73	0.00228026
73.1	0.00228748
73.2	0.00229517
73.3	0.00230459
73.4	0.0023151
73.5	0.00232864
73.6	0.00234479
73.7	0.00236307
73.8	0.00238058
73.9	0.00239417
74	0.002405
74.1	0.0024149
74.2	0.00242162
74.3	0.00243018
74.4	0.00243748
74.5	0.00244257
74.6	0.00244452
74.7	0.00243886
74.8	0.00243297
74.9	0.00242423
75	0.00241088
75.1	0.00240142
75.2	0.00239374
75.3	0.00238806
75.4	0.00238228
75.5	0.0023777
75.6	0.00237252
75.7	0.00237001
75.8	0.00236301
75.9	0.00235871
76	0.00235455
76.1	0.00234749
76.2	0.00233478
76.3	0.00232117
76.4	0.00230766
76.5	0.00229646
76.6	0.00228511
76.7	0.00227686
76.8	0.00227104
76.9	0.00226686
77	0.00226317
77.1	0.0022587
77.2	0.00225686
77.3	0.00225522
77.4	0.00225243
77.5	0.00225074
77.6	0.00224411
77.7	0.00223346
77.8	0.00222788
77.9	0.00221954
78	0.00220416
78.1	0.00217993
78.2	0.0021523
78.3	0.00212178
78.4	0.00209505
78.5	0.00207639
78.6	0.00206217
78.7	0.00205019
78.8	0.00203558
78.9	0.00202183
79	0.0020098
79.1	0.00199856
79.2	0.00199231
79.3	0.00198289
79.4	0.0019794
79.5	0.00197973
79.6	0.0019836
79.7	0.00198626
79.8	0.00198809
79.9	0.00199087
80	0.0020005
80.1	0.00201047
80.2	0.00201525
80.3	0.00202288
80.4	0.00203523
80.5	0.00204953
80.6	0.00206768
80.7	0.00208822
80.8	0.00210606
80.9	0.00212011
81	0.00213543
81.1	0.00215396
81.2	0.00217322
81.3	0.00219605
81.4	0.00221309
81.5	0.0022293
81.6	0.00224462
81.7	0.00226125
81.8	0.00228235
81.9	0.00230411
82	0.00232208
82.1	0.00233277
82.2	0.00233656
82.3	0.00233602
82.4	0.00233702
82.5	0.00233939
82.6	0.00234255
82.7	0.00234467
82.8	0.0023469
82.9	0.00235293
83	0.00236466
83.1	0.00237181
83.2	0.00237783
83.3	0.00238448
83.4	0.00239333
83.5	0.00240297
83.6	0.00241331
83.7	0.00242902
83.8	0.00244973
83.9	0.00247643
84	0.0025035
84.1	0.00253014
84.2	0.00255977
84.3	0.00258801
84.4	0.00261296
84.5	0.0026379
84.6	0.00266756
84.7	0.00269651
84.8	0.00273089
84.9	0.00276597
85	0.00279305
85.1	0.00281281
85.2	0.00283039
85.3	0.00284928
85.4	0.00286846
85.5	0.00288445
85.6	0.00290107
85.7	0.00291556
85.8	0.00292774
85.9	0.0029412
86	0.00295571
86.1	0.00297387
86.2	0.00299204
86.3	0.00300471
86.4	0.0030109
86.5	0.00301481
86.6	0.00302003
86.7	0.00302614
86.8	0.00302854
86.9	0.00302752
87	0.0030234
87.1	0.00301561
87.2	0.00300864
87.3	0.00300125
87.4	0.00299189
87.5	0.00298587
87.6	0.0029838
87.7	0.00298458
87.8	0.00298468
87.9	0.00298681
88	0.00299186
88.1	0.00299594
88.2	0.00299222
88.3	0.00298386
88.4	0.00297047
88.5	0.00295473
88.6	0.00293859
88.7	0.00292384
88.8	0.00290776
88.9	0.00289497
89	0.00288531
89.1	0.00287788
89.2	0.0028785
89.3	0.00288831
89.4	0.00290111
89.5	0.00291415
89.6	0.00292184
89.7	0.00292342
89.8	0.00292441
89.9	0.00291779
90	0.00289861
90.1	0.00287614
90.2	0.00284921
90.3	0.00281707
90.4	0.00278205
90.5	0.00274491
90.6	0.00270451
90.7	0.00266299
90.8	0.00262039
90.9	0.00257711
91	0.00252775
91.1	0.0024785
91.2	0.00243073
91.3	0.00237866
91.4	0.00232543
91.5	0.00227146
91.6	0.00222006
91.7	0.00217186
91.8	0.00212426
91.9	0.0020793
92	0.00203777
92.1	0.00200399
92.2	0.00197464
92.3	0.00194301
92.4	0.00190949
92.5	0.00187301
92.6	0.00183464
92.7	0.00179385
92.8	0.00175201
92.9	0.00170916
93	0.00166595
93.1	0.00161929
93.2	0.00156949
93.3	0.00151895
93.4	0.00146855
93.5	0.00141857
93.6	0.00136589
93.7	0.00131035
93.8	0.00125332
93.9	0.0011968
94	0.00114343
94.1	0.00109002
94.2	0.00103245
94.3	0.000969813
94.4	0.000908356
94.5	0.000843487
94.6	0.000772166
94.7	0.000697679
94.8	0.000623386
94.9	0.000547486
95	0.000470826
95.1	0.00040297
95.2	0.000338848
95.3	0.000276995
95.4	0.000213178
95.5	0.000143377
95.6	6.52326e-05
95.7	-1.65269e-05
95.8	-9.94832e-05
95.9	-0.000181923
96	-0.000261033
96.1	-0.000333291
96.2	-0.000400466
96.3	-0.000463431
96.4	-0.000520806
96.5	-0.000581799
96.6	-0.000642508
96.7	-0.000706754
96.8	-0.000770849
96.9	-0.000830516
97	-0.000889169
97.1	-0.000948668
97.2	-0.00100984
97.3	-0.00107362
97.4	-0.00113548
97.5	-0.00119428
97.6	-0.00125349
97.7	-0.00131048
97.8	-0.00136761
97.9	-0.00142168
98	-0.00147271
98.1	-0.0015228
98.2	-0.00157229
98.3	-0.0016253
98.4	-0.00167467
98.5	-0.00171633
98.6	-0.00174925
98.7	-0.00178091
98.8	-0.00181504
98.9	-0.00184659
99	-0.00187715
99.1	-0.00190825
99.2	-0.00194161
99.3	-0.00197485
99.4	-0.00200971
99.5	-0.00204186
99.6	-0.00207227
99.7	-0.00209576
99.8	-0.00211631
99.9	-0.00213529
100	-0.00214842
100.1	-0.00216042
100.2	-0.00217113
100.3	-0.00217858
100.4	-0.00218148
100.5	-0.00218514
100.6	-0.00219324
100.7	-0.00220001
100.8	-0.00220116
100.9	-0.00220251
101	-0.0022071
101.1	-0.00220556
101.2	-0.00220324
101.3	-0.00220277
101.4	-0.00220112
101.5	-0.00219674
101.6	-0.00218695
101.7	-0.00218353
101.8	-0.00218805
101.9	-0.00220148
102	-0.00221824
102.1	-0.00223402
102.2	-0.00224529
102.3	-0.00225974
102.4	-0.00227905
102.5	-0.00229747
102.6	-0.00231534
102.7	-0.00233378
102.8	-0.00234871
102.9	-0.00236496
103	-0.00238116
103.1	-0.00239221
103.2	-0.00240263
103.3	-0.00241428
103.4	-0.00242743
103.5	-0.0024396
103.6	-0.00245064
103.7	-0.00245982
103.8	-0.00246976
103.9	-0.00247511
104	-0.00247501
104.1	-0.00247114
104.2	-0.00246852
104.3	-0.00246753
104.4	-0.00246328
104.5	-0.00245916
104.6	-0.0024568
104.7	-0.0024562
104.8	-0.00245508
104.9	-0.00245444
105	-0.00245637
105.1	-0.00246176
105.2	-0.00247175
105.3	-0.00248264
105.4	-0.00249586
105.5	-0.00250654
105.6	-0.00251766
105.7	-0.00252998
105.8	-0.00253859
105.9	-0.00255281
106	-0.0025686
106.1	-0.0025821
106.2	-0.00258935
106.3	-0.00259523
106.4	-0.00259531
106.5	-0.00259885
106.6	-0.00260705
106.7	-0.00261618
106.8	-0.00262533
106.9	-0.00263457
107	-0.00264303
107.1	-0.00264759
107.2	-0.00265667
107.3	-0.00266818
107.4	-0.00268206
107.5	-0.00269741
107.6	-0.00271159
107.7	-0.00272224
107.8	-0.00273324
107.9	-0.00275003
108	-0.00277307
108.1	-0.00280152
108.2	-0.00283088
108.3	-0.00286326
108.4	-0.00289339
108.5	-0.00292163
108.6	-0.00294372
108.7	-0.00296169
108.8	-0.00297859
108.9	-0.00299792
109	-0.00301621
109.1	-0.00302831
109.2	-0.00303871
109.3	-0.00304893
109.4	-0.00305728
109.5	-0.0030658
109.6	-0.00307247
109.7	-0.00307733
109.8	-0.00307916
109.9	-0.00308214
110	-0.00309271
110.1	-0.00310667
110.2	-0.00312768
110.3	-0.00314871
110.4	-0.00316446
110.5	-0.00317461
110.6	-0.00318344
110.7	-0.00318859
110.8	-0.00318948
110.9	-0.00319099
111	-0.00319783
111.1	-0.00321101
111.2	-0.0032275
111.3	-0.00324182
111.4	-0.00324551
111.5	-0.00324142
111.6	-0.00323856
111.7	-0.00323804
111.8	-0.0032413
111.9	-0.00324304
112	-0.00324448
112.1	-0.00324484
112.2	-0.00324178
112.3	-0.00323444
112.4	-0.00322473
112.5	-0.0032104
112.6	-0.00319283
112.7	-0.00317265
112.8	-0.00315374
112.9	-0.00313826
113	-0.00311871
113.1	-0.00310141
113.2	-0.00308354
113.3	-0.00306715
113.4	-0.00305265
113.5	-0.00303191
113.6	-0.00301563
113.7	-0.00300043
113.8	-0.00298249
113.9	-0.00296651
114	-0.00295446
114.1	-0.00294103
114.2	-0.00292671
114.3	-0.00291752
114.4	-0.00291511
114.5	-0.00291863
114.6	-0.0029235
114.7	-0.00292821
114.8	-0.00293451
114.9	-0.00294345
115	-0.00295398
115.1	-0.00296395
115.2	-0.00297066
115.3	-0.00297599
115.4	-0.00298153
115.5	-0.00298455
115.6	-0.00298869
115.7	-0.00299603
115.8	-0.00300211
115.9	-0.00300385
116	-0.00300601
116.1	-0.00300696
116.2	-0.00300315
116.3	-0.0029984
116.4	-0.0029931
116.5	-0.00298554
116.6	-0.0029775
116.7	-0.00296504
116.8	-0.00295119
116.9	-0.00293631
117	-0.00291779
117.1	-0.00290069
117.2	-0.00288485
117.3	-0.00287046
117.4	-0.00285775
117.5	-0.00284284
117.6	-0.00282613
117.7	-0.00281075
117.8	-0.00279647
117.9	-0.00278561
118	-0.00277873
118.1	-0.00277721
118.2	-0.00277549
118.3	-0.00276877
118.4	-0.0027575
118.5	-0.00273745
118.6	-0.00270958
118.7	-0.00267513
118.8	-0.00263501
118.9	-0.00259009
119	-0.00254738
119.1	-0.00250234
119.2	-0.00245207
119.3	-0.00239969
119.4	-0.00234614
119.5	-0.0022909
119.6	-0.00223614
119.7	-0.00218488
119.8	-0.0021356
119.9	-0.00208913
120	-0.00204233
120.1	-0.00199508
120.2	-0.00194637
120.3	-0.00189692
120.4	-0.00184795
120.5	-0.00179877
120.6	-0.00175159
120.7	-0.00170432
120.8	-0.00166271
120.9	-0.00162174
121	-0.00158394
121.1	-0.00154877
121.2	-0.00151605
121.3	-0.00148615
121.4	-0.00145444
121.5	-0.00141917
121.6	-0.00138103
121.7	-0.00134197
121.8	-0.00130248
121.9	-0.00126327
122	-0.00122859
122.1	-0.00120007
122.2	-0.00117365
122.3	-0.00114946
122.4	-0.00112978
122.5	-0.00111123
122.6	-0.00109205
122.7	-0.0010734
122.8	-0.00105884
122.9	-0.00104587
123	-0.00103645
123.1	-0.00102635
123.2	-0.00101569
123.3	-0.00100608
123.4	-0.00100088
123.5	-0.000997025
123.6	-0.000998261
123.7	-0.00100777
123.8	-0.00101626
123.9	-0.00102326
124	-0.00103041
124.1	-0.00103566
124.2	-0.00104489
124.3	-0.0010524
124.4	-0.00106198
124.5	-0.00107688
124.6	-0.00109119
124.7	-0.00110721
124.8	-0.00112087
124.9	-0.00113361
125	-0.00114863
125.1	-0.00116616
125.2	-0.00118169
125.3	-0.00119595
125.4	-0.00120708
125.5	-0.00122007
125.6	-0.00123795
125.7	-0.00126217
125.8	-0.0012949
125.9	-0.00133125
126	-0.00136472
126.1	-0.00139131
126.2	-0.00141399
126.3	-0.00143469
126.4	-0.00145988
126.5	-0.00148505
126.6	-0.00151157
126.7	-0.00153247
126.8	-0.00155339
126.9	-0.00157133
127	-0.00158478
127.1	-0.0015936
127.2	-0.00159952
127.3	-0.00160539
127.4	-0.00161405
127.5	-0.00162134
127.6	-0.0016245
127.7	-0.00161993
127.8	-0.00161275
127.9	-0.00160251
128	-0.00158733
128.1	-0.00157152
128.2	-0.00155773
128.3	-0.0015461
128.4	-0.00153164
128.5	-0.00151975
128.6	-0.00150879
128.7	-0.00149814
128.8	-0.00148613
128.9	-0.00147001
129	-0.00145152
129.1	-0.00142934
129.2	-0.00140332
129.3	-0.00137528
129.4	-0.00134651
129.5	-0.00131434
129.6	-0.00128052
129.7	-0.00124992
129.8	-0.00122505
129.9	-0.00120325
130	-0.00117986
130.1	-0.00115512
130.2	-0.00113122
130.3	-0.00110529
130.4	-0.0010825
130.5	-0.00106197
130.6	-0.00104181
130.7	-0.00102913
130.8	-0.00102149
130.9	-0.00101321
131	-0.00100175
131.1	-0.000988041
131.2	-0.000973795
131.3	-0.00096086
131.4	-0.000948289
131.5	-0.000934299
131.6	-0.000915742
131.7	-0.000894785
131.8	-0.000869889
131.9	-0.000845413
132	-0.00082025
132.1	-0.000799875
132.2	-0.00077576
132.3	-0.000749633
132.4	-0.000727135
132.5	-0.000701163
132.6	-0.000675184
132.7	-0.000642874
132.8	-0.000607329
132.9	-0.000568308
133	-0.000533929
133.1	-0.000506644
133.2	-0.000480399
133.3	-0.000453328
133.4	-0.000425816
133.5	-0.000397689
133.6	-0.000367693
133.7	-0.000338314
133.8	-0.000304154
133.9	-0.000264225
134	-0.000223548
134.1	-0.00017907
134.2	-0.000130751
134.3	-8.1669e-05
134.4	-3.20163e-05
134.5	2.04505e-05
134.6	7.80553e-05
134.7	0.000136715
134.8	0.000193759
134.9	0.00024752
135	0.00030159
135.1	0.000354584
135.2	0.000405644
135.3	0.000454078
135.4	0.000499229
135.5	0.000543408
135.6	0.000591029
135.7	0.000640616
135.8	0.000692828
135.9	0.000749969
136	0.000813487
136.1	0.000877312
136.2	0.000943428
136.3	0.00100674
136.4	0.0010732
136.5	0.00114128
136.6	0.00120692
136.7	0.00126898
136.8	0.00132484
136.9	0.00137644
137	0.00142462
137.1	0.00147099
137.2	0.00152223
137.3	0.00157816
137.4	0.00164109
137.5	0.00170751
137.6	0.00177345
137.7	0.00183035
137.8	0.00188015
137.9	0.00192429
138	0.0019657
138.1	0.00200385
138.2	0.00204383
138.3	0.00208148
138.4	0.00211438
138.5	0.0021459
138.6	0.00217426
138.7	0.00220185
138.8	0.00222601
138.9	0.00224895
139	0.00226698
139.1	0.00228614
139.2	0.00230187
139.3	0.00231587
139.4	0.00232366
139.5	0.00232585
139.6	0.00233108
139.7	0.0023366
139.8	0.00234147
139.9	0.00234369
140	0.00234292
140.1	0.00234144
140.2	0.00234062
140.3	0.00233872
140.4	0.00233261
140.5	0.00232832
140.6	0.00232233
140.7	0.00232142
140.8	0.00232966
140.9	0.00234455
141	0.00235833
141.1	0.00237176
141.2	0.00238432
141.3	0.00239544
141.4	0.00240736
141.5	0.00241637
141.6	0.00242095
141.7	0.00242355
141.8	0.00241897
141.9	0.00241203
142	0.00241056
142.1	0.00240843
142.2	0.00240739
142.3	0.00241088
142.4	0.00241351
142.5	0.0024145
142.6	0.00241751
142.7	0.00242557
142.8	0.00243682
142.9	0.00244596
143	0.00245258
143.1	0.00245649
143.2	0.00246269
143.3	0.00247315
143.4	0.00248921
143.5	0.00250703
143.6	0.00252615
143.7	0.00254796
143.8	0.00256471
143.9	0.00257713
144	0.00258757
144.1	0.00259592
144.2	0.00260095
144.3	0.0026067
144.4	0.00261702
144.5	0.00263232
144.6	0.00264958
144.7	0.00266919
144.8	0.00269108
144.9	0.00270867
145	0.00272028
145.1	0.00272456
145.2	0.00272579
145.3	0.00272108
145.4	0.00271108
145.5	0.00270016
145.6	0.00268824
145.7	0.00267496
145.8	0.00266078
145.9	0.00264648
146	0.00263328
146.1	0.00261889
146.2	0.00259988
146.3	0.00258121
146.4	0.00256098
146.5	0.00254687
146.6	0.00253337
146.7	0.00251654
146.8	0.00250167
146.9	0.0024853
147	0.00246633
147.1	0.00244982
147.2	0.00243937
147.3	0.00242635
147.4	0.00241389
147.5	0.00240225
147.6	0.00238759
147.7	0.00236721
147.8	0.00233849
147.9	0.00230515
148	0.00227448
148.1	0.00225017
148.2	0.00223123
148.3	0.00221572
148.4	0.00220146
148.5	0.0021868
148.6	0.00217347
148.7	0.00215998
148.8	0.00214175
148.9	0.00212654
149	0.00211399
149.1	0.00210176
149.2	0.00208921
149.3	0.00207385
149.4	0.00206053
149.5	0.00205342
149.6	0.00205198
149.7	0.00205227
149.8	0.00205511
149.9	0.002061
150	0.0020683
150.1	0.00207691
150.2	0.00208802
150.3	0.00210207
150.4	0.00211651
150.5	0.00213004
150.6	0.00214005
150.7	0.00214607
150.8	0.0021506
150.9	0.002155
151	0.00216218
151.1	0.00216859
151.2	0.00217218
151.3	0.00217653
151.4	0.00218389
151.5	0.00219946
151.6	0.00221725
151.7	0.0022348
151.8	0.00225423
151.9	0.00227021
152	0.00228561
152.1	0.00230631
152.2	0.00232095
152.3	0.0023347
152.4	0.00234308
152.5	0.00234988
152.6	0.00235899
152.7	0.00237134
152.8	0.00238553
152.9	0.00240242
153	0.00241561
153.1	0.00242486
153.2	0.00243091
153.3	0.00243678
153.4	0.00244182
153.5	0.00244502
153.6	0.00244863
153.7	0.00245305
153.8	0.00245343
153.9	0.00244924
154	0.00244429
154.1	0.00243816
154.2	0.0024342
154.3	0.00243213
154.4	0.00243034
154.5	0.00242251
154.6	0.0024147
154.7	0.00240458
154.8	0.00239237
154.9	0.00237832
155	0.0023697
155.1	0.00236527
155.2	0.0023646
155.3	0.00236959
155.4	0.0023749
155.5	0.0023813
155.6	0.00238924
155.7	0.00239929
155.8	0.00240963
155.9	0.00241878
156	0.00242406
156.1	0.00242088
156.2	0.00241961
156.3	0.00241739
156.4	0.00241516
156.5	0.00240757
156.6	0.00239633
156.7	0.00238539
156.8	0.00237751
156.9	0.00237091
157	0.00236632
157.1	0.00235547
157.2	0.00234279
157.3	0.00233188
157.4	0.00232339
157.5	0.00231779
157.6	0.00231017
157.7	0.00230545
157.8	0.00230128
157.9	0.00229936
158	0.00229815
158.1	0.00230036
158.2	0.00230457
158.3	0.0023135
158.4	0.00232681
158.5	0.00233911
158.6	0.002347
158.7	0.002351
158.8	0.00235139
158.9	0.00235277
159	0.00235555
159.1	0.002363
159.2	0.00236965
159.3	0.00237552
159.4	0.00238335
159.5	0.0023946
159.6	0.00240944
159.7	0.00242831
159.8	0.00244758
159.9	0.00247099
160	0.00249548
160.1	0.00252286
160.2	0.00254926
160.3	0.00257412
160.4	0.00259944
160.5	0.00262524
160.6	0.00265498
160.7	0.00268803
160.8	0.00272678
160.9	0.00276712
161	0.00280722
161.1	0.00285101
161.2	0.00289823
161.3	0.00294093
161.4	0.00298266
161.5	0.00301953
161.6	0.00305199
161.7	0.00307746
161.8	0.00309732
161.9	0.00311492
162	0.00312397
162.1	0.00312939
162.2	0.00313609
162.3	0.003144
162.4	0.00314944
162.5	0.00315607
162.6	0.00316563
162.7	0.00317717
162.8	0.00318707
162.9	0.00319145
163	0.00319611
163.1	0.00320411
163.2	0.00321277
163.3	0.00322698
163.4	0.00324639
163.5	0.0032706
163.6	0.00329391
163.7	0.00331378
163.8	0.00333371
163.9	0.00335559
164	0.00337754
164.1	0.00339728
164.2	0.00342137
164.3	0.0034475
164.4	0.00347442
164.5	0.00350147
164.6	0.00353179
164.7	0.00356259
164.8	0.00359558
164.9	0.00363269
165	0.00367061
165.1	0.00370404
165.2	0.00373552
165.3	0.00376206
165.4	0.00378659
165.5	0.00381283
165.6	0.00383844
165.7	0.00386586
165.8	0.00389184
165.9	0.00391556
166	0.00394472
166.1	0.00397833
166.2	0.00401596
166.3	0.00405381
166.4	0.00409567
166.5	0.00414223
166.6	0.00419218
166.7	0.00424031
166.8	0.00429033
166.9	0.00433668
167	0.00438451
167.1	0.0044281
167.2	0.00446931
167.3	0.00450715
167.4	0.00454
167.5	0.00456864
167.6	0.00459287
167.7	0.00461682
167.8	0.00464067
167.9	0.00466178
168	0.00467936
168.1	0.00469349
168.2	0.00470424
168.3	0.00471231
168.4	0.00471923
168.5	0.00472349
168.6	0.00472588
168.7	0.00472736
168.8	0.00472847
168.9	0.0047319
169	0.00472968
169.1	0.00472661
169.2	0.00472519
169.3	0.00473043
169.4	0.0047416
169.5	0.00475824
169.6	0.00477627
169.7	0.00479829
169.8	0.00481991
169.9	0.00484358
170	0.00486696
170.1	0.00488618
170.2	0.00490403
170.3	0.00492002
170.4	0.00492696
170.5	0.0049263
170.6	0.00492062
170.7	0.0049111
170.8	0.00489667
170.9	0.00487999
171	0.00486192
171.1	0.00484443
171.2	0.00482636
171.3	0.00480419
171.4	0.00477783
171.5	0.00475354
171.6	0.00473499
171.7	0.00471296
171.8	0.00468559
171.9	0.00465507
172	0.00462492
172.1	0.00459242
172.2	0.00455946
172.3	0.00452812
172.4	0.00449459
172.5	0.00445461
172.6	0.00441149
172.7	0.00436398
172.8	0.00430965
172.9	0.00425575
173	0.00420032
173.1	0.00414929
173.2	0.00410146
173.3	0.0040542
173.4	0.00400521
173.5	0.00395767
173.6	0.00391358
173.7	0.0038654
173.8	0.00381468
173.9	0.00376208
174	0.00370888
174.1	0.00365919
174.2	0.00361064
174.3	0.00356599
174.4	0.00352177
174.5	0.0034774
174.6	0.00343443
174.7	0.00338976
174.8	0.00334489
174.9	0.00330508
175	0.00326519
175.1	0.00322983
175.2	0.00319172
175.3	0.00315065
175.4	0.00311035
175.5	0.00307006
175.6	0.00302937
175.7	0.00299186
175.8	0.00295597
175.9	0.00292252
176	0.00288528
176.1	0.00284769
176.2	0.00280751
176.3	0.00276899
176.4	0.00273253
176.5	0.00269742
176.6	0.00266885
176.7	0.00264396
176.8	0.00261614
176.9	0.00258511
177	0.00255007
177.1	0.00251441
177.2	0.00248292
177.3	0.0024509
177.4	0.00241172
177.5	0.00236888
177.6	0.00232272
177.7	0.00227467
177.8	0.00222561
177.9	0.00217413
178	0.00211967
178.1	0.00206141
178.2	0.00200027
178.3	0.00194007
178.4	0.0018808
178.5	0.00181897
178.6	0.0017537
178.7	0.00168793
178.8	0.00162499
178.9	0.00156883
179	0.00151457
179.1	0.0014667
179.2	0.0014218
179.3	0.00137446
179.4	0.00132311
179.5	0.00127081
179.6	0.00121493
179.7	0.00115651
179.8	0.00109682
179.9	0.00103492
180	0.000972794
180.1	0.000909106
180.2	0.000841525
180.3	0.00077432
180.4	0.000710923
180.5	0.000655285
180.6	0.000602291
180.7	0.000553707
180.8	0.000507458
180.9	0.0004634
181	0.000423445
181.1	0.00038566
181.2	0.000348264
181.3	0.000311919
181.4	0.000277009
181.5	0.000247463
181.6	0.000218011
181.7	0.000192592
181.8	0.000170676
181.9	0.000148697
182	0.000124621
182.1	0.000103596
182.2	8.76235e-05
182.3	7.28557e-05
182.4	5.28761e-05
182.5	2.78978e-05
182.6	-2.09342e-06
182.7	-4.03926e-05
182.8	-7.87995e-05
182.9	-0.000110351
183	-0.00014009
183.1	-0.000170351
183.2	-0.000202811
183.3	-0.000239303
183.4	-0.000279307
183.5	-0.000325162
183.6	-0.000370974
183.7	-0.000412491
183.8	-0.000452756
183.9	-0.000493405
184	-0.000531062
184.1	-0.000569219
184.2	-0.000608607
184.3	-0.000644967
184.4	-0.000677365
184.5	-0.000710008
184.6	-0.000738102
184.7	-0.000765547
184.8	-0.000802798
184.9	-0.000844635
185	-0.000885705
185.1	-0.00092781
185.2	-0.000969141
185.3	-0.00100427
185.4	-0.00103731
185.5	-0.00106689
185.6	-0.00109303
185.7	-0.001114
185.8	-0.00113433
185.9	-0.00115955
186	-0.00118677
186.1	-0.00120978
186.2	-0.00122754
186.3	-0.00124576
186.4	-0.0012645
186.5	-0.00128602
186.6	-0.00130508
186.7	-0.00132505
186.8	-0.00134923
186.9	-0.00137985
187	-0.00141671
187.1	-0.0014559
187.2	-0.00149665
187.3	-0.00153207
187.4	-0.00156037
187.5	-0.00158372
187.6	-0.0016058
187.7	-0.00162432
187.8	-0.00164325
187.9	-0.00166151
188	-0.00167309
188.1	-0.00167887
188.2	-0.00168297
188.3	-0.0016871
188.4	-0.0016937
188.5	-0.00170559
188.6	-0.00171914
188.7	-0.00173176
188.8	-0.00174262
188.9	-0.00174816
189	-0.001754
189.1	-0.0017584
189.2	-0.00175913
189.3	-0.00175768
189.4	-0.00175984
189.5	-0.00176306
189.6	-0.00176835
189.7	-0.00177334
189.8	-0.00177888
189.9	-0.00178543
190	-0.00179388
190.1	-0.00179874
190.2	-0.00180685
190.3	-0.00181889
190.4	-0.00182476
190.5	-0.00182492
190.6	-0.00182015
190.7	-0.00181133
190.8	-0.00180412
190.9	-0.00179885
191	-0.001794
191.1	-0.00179464
191.2	-0.00180109
191.3	-0.00180729
191.4	-0.00180892
191.5	-0.00180789
191.6	-0.00180395
191.7	-0.00179765
191.8	-0.00178894
191.9	-0.0017855
192	-0.00178276
192.1	-0.00177552
192.2	-0.00176501
192.3	-0.00175139
192.4	-0.00173622
192.5	-0.00172382
192.6	-0.00171109
192.7	-0.00169885
192.8	-0.00168755
192.9	-0.00167727
193	-0.00166567
193.1	-0.001652
193.2	-0.00163656
193.3	-0.00162454
193.4	-0.00161553
193.5	-0.00160466
193.6	-0.00159228
193.7	-0.00158381
193.8	-0.00158132
193.9	-0.00157703
194	-0.00157012
194.1	-0.00156126
194.2	-0.0015533
194.3	-0.00154348
194.4	-0.00153087
194.5	-0.00151429
194.6	-0.00149521
194.7	-0.00147653
194.8	-0.00145574
194.9	-0.00143514
195	-0.0014116
195.1	-0.00138531
195.2	-0.00135772
195.3	-0.00133149
195.4	-0.0013025
195.5	-0.00127385
195.6	-0.00124281
195.7	-0.00120874
195.8	-0.00117658
195.9	-0.00114936
196	-0.00112532
196.1	-0.00110284
196.2	-0.0010851
196.3	-0.00106861
196.4	-0.00105429
196.5	-0.00104563
196.6	-0.00104139
196.7	-0.00104048
196.8	-0.00104415
196.9	-0.00105103
197	-0.00105966
197.1	-0.00106688
197.2	-0.00106902
197.3	-0.0010683
197.4	-0.00106555
197.5	-0.0010582
197.6	-0.00104215
197.7	-0.00101451
197.8	-0.000983239
197.9	-0.000955025
198	-0.000930111
198.1	-0.000902716
198.2	-0.000876922
198.3	-0.000852579
198.4	-0.000825531
198.5	-0.000799187
198.6	-0.000774757
198.7	-0.000749753
198.8	-0.000730106
198.9	-0.000714052
199	-0.000698447
199.1	-0.000685716
199.2	-0.000670944
199.3	-0.000648418
199.4	-0.000624797
199.5	-0.000606637
199.6	-0.000594325
199.7	-0.000587566
199.8	-0.00058389
199.9	-0.000578399
200	-0.000567145
200.1	-0.000554703
200.2	-0.000542448
200.3	-0.000525315
200.4	-0.000507987
200.5	-0.000493538
200.6	-0.000480884
200.7	-0.000472509
200.8	-0.000462362
200.9	-0.000454675
201	-0.000442513
201.1	-0.000426966
201.2	-0.000411052
201.3	-0.000392397
201.4	-0.000371831
201.5	-0.000349727
201.6	-0.000328561
201.7	-0.000309337
201.8	-0.000297645
201.9	-0.000294026
202	-0.000293267
202.1	-0.000295823
202.2	-0.000296324
202.3	-0.000297278
202.4	-0.000293877
202.5	-0.000289811
202.6	-0.000281797
202.7	-0.000273587
202.8	-0.00026019
202.9	-0.000247385
203	-0.000234663
203.1	-0.000224857
203.2	-0.000217496
203.3	-0.000211417
203.4	-0.000208379
203.5	-0.000204969
203.6	-0.000204394
203.7	-0.000205852
203.8	-0.000209436
203.9	-0.000212302
204	-0.00021731
204.1	-0.000220588
204.2	-0.000220087
204.3	-0.000220396
204.4	-0.00022125
204.5	-0.000221667
204.6	-0.000220863
204.7	-0.000221069
204.8	-0.000223838
204.9	-0.00022723
205	-0.000231137
205.1	-0.000232216
205.2	-0.00023268
205.3	-0.00023235
205.4	-0.000231568
205.5	-0.000232318
205.6	-0.000234542
205.7	-0.00023935
205.8	-0.000240075
205.9	-0.000238631
206	-0.000232742
206.1	-0.000221771
206.2	-0.000212685
206.3	-0.000202876
206.4	-0.000192102
206.5	-0.00018223
206.6	-0.000170837
206.7	-0.000161041
206.8	-0.000152378
206.9	-0.000139688
207	-0.00013403
207.1	-0.000133182
207.2	-0.000131794
207.3	-0.000127534
207.4	-0.00012707
207.5	-0.000124208
207.6	-0.000119201
207.7	-0.000113064
207.8	-0.000111383
207.9	-0.000117588
208	-0.000126344
208.1	-0.000135487
208.2	-0.000138344
208.3	-0.000137212
208.4	-0.000134114
208.5	-0.000130231
208.6	-0.000129806
208.7	-0.000128587
208.8	-0.000131313
208.9	-0.000132582
209	-0.000126481
209.1	-0.000116644
209.2	-9.85093e-05
209.3	-6.96812e-05
209.4	-3.79594e-05
209.5	-4.43027e-06
209.6	2.78964e-05
209.7	5.74204e-05
209.8	8.41505e-05
209.9	0.000106486
210	0.000127248
210.1	0.000147536
210.2	0.00016534
210.3	0.000183388
210.4	0.000201437
210.5	0.000218242
210.6	0.000231048
210.7	0.000239825
210.8	0.000246717
210.9	0.000252427
211	0.000258898
211.1	0.000265374
211.2	0.000269542
211.3	0.000273674
211.4	0.000276675
211.5	0.000277013
211.6	0.000275382
211.7	0.000273131
211.8	0.000271815
211.9	0.000271007
212	0.000270539
212.1	0.000268256
212.2	0.000262149
212.3	0.000256013
212.4	0.000251462
212.5	0.000242755
212.6	0.000230559
212.7	0.000218825
212.8	0.000209821
212.9	0.000202285
213	0.000198974
213.1	0.000200353
213.2	0.000205781
213.3	0.000217688
213.4	0.000229356
213.5	0.000243649
213.6	0.000260401
213.7	0.000278951
213.8	0.000295992
213.9	0.000310055
214	0.000323998
214.1	0.000337572
214.2	0.000348716
214.3	0.000351653
214.4	0.000350764
214.5	0.000351894
214.6	0.0003557
214.7	0.000362102
214.8	0.000366889
214.9	0.000369708
215	0.000374863
215.1	0.000378592
215.2	0.000379594
215.3	0.000374873
215.4	0.000365444
215.5	0.000354129
215.6	0.00034493
215.7	0.000334338
215.8	0.000314443
215.9	0.000296249
216	0.000279501
216.1	0.000262438
216.2	0.000243015
216.3	0.000224037
216.4	0.000204475
216.5	0.000182708
216.6	0.000158453
216.7	0.000137715
216.8	0.000120533
216.9	0.000107877
217	9.84815e-05
217.1	8.9435e-05
217.2	7.87844e-05
217.3	6.68904e-05
217.4	5.64427e-05
217.5	4.09414e-05
217.6	1.97089e-05
217.7	-5.15016e-06
217.8	-3.56437e-05
217.9	-6.96313e-05
218	-0.000108381
218.1	-0.000146485
218.2	-0.00018136
218.3	-0.000212111
218.4	-0.000246491
218.5	-0.000281033
218.6	-0.000310266
218.7	-0.000336433
218.8	-0.000361391
218.9	-0.000382471
219	-0.000404123
219.1	-0.000429928
219.2	-0.000460997
219.3	-0.00050285
219.4	-0.000549023
219.5	-0.000592434
219.6	-0.000631661
219.7	-0.000668853
219.8	-0.000704826
219.9	-0.000739326
220	-0.000770942
220.1	-0.000796297
220.2	-0.00081788
220.3	-0.000835796
220.4	-0.000852112
220.5	-0.000870134
220.6	-0.000887359
220.7	-0.000904476
220.8	-0.00091959
220.9	-0.000930749
221	-0.000938137
221.1	-0.000943045
221.2	-0.000946129
221.3	-0.000943795
221.4	-0.000941662
221.5	-0.00094057
221.6	-0.000942011
221.7	-0.000940946
221.8	-0.000939295
221.9	-0.000939329
222	-0.000944137
222.1	-0.000950781
222.2	-0.000960448
222.3	-0.000971575
222.4	-0.000986895
222.5	-0.000999893
222.6	-0.00101438
222.7	-0.00103036
222.8	-0.00105027
222.9	-0.00107696
223	-0.00110204
223.1	-0.00112372
223.2	-0.00114152
223.3	-0.00116205
223.4	-0.00118572
223.5	-0.00120862
223.6	-0.0012324
223.7	-0.00125693
223.8	-0.00127865
223.9	-0.00129525
224	-0.00131201
224.1	-0.00133152
224.2	-0.00134856
224.3	-0.00136424
224.4	-0.00138136
224.5	-0.00139912
224.6	-0.00141565
224.7	-0.0014304
224.8	-0.00144622
224.9	-0.00146341
225	-0.00148005
225.1	-0.00149998
225.2	-0.00152263
225.3	-0.00154834
225.4	-0.00157725
225.5	-0.00160682
225.6	-0.00164075
225.7	-0.0016771
225.8	-0.00171779
225.9	-0.00176014
226	-0.00180249
226.1	-0.00184269
226.2	-0.00188033
226.3	-0.00191338
226.4	-0.00193819
226.5	-0.00196048
226.6	-0.00197772
226.7	-0.00199412
226.8	-0.00201343
226.9	-0.00203098
227	-0.00205197
227.1	-0.00207311
227.2	-0.00209325
227.3	-0.00211497
227.4	-0.00213926
227.5	-0.00216437
227.6	-0.00219074
227.7	-0.00221809
227.8	-0.00224861
227.9	-0.0022775
228	-0.00230445
228.1	-0.00233102
228.2	-0.00236237
228.3	-0.00239711
228.4	-0.00243332
228.5	-0.00247026
228.6	-0.0025081
228.7	-0.00254346
228.8	-0.0025791
228.9	-0.00261337
229	-0.00264828
229.1	-0.00268316
229.2	-0.0027193
229.3	-0.0027586
229.4	-0.00279721
229.5	-0.00283556
229.6	-0.0028696
229.7	-0.0029005
229.8	-0.00292843
229.9	-0.00294546
230	-0.00295867
230.1	-0.00297169
230.2	-0.00298774
230.3	-0.00300499
230.4	-0.00302324
230.5	-0.00303847
230.6	-0.00305463
230.7	-0.00307165
230.8	-0.00308896
230.9	-0.00310622
231	-0.00312449
231.1	-0.00314792
231.2	-0.00317356
231.3	-0.00319994
231.4	-0.00322894
231.5	-0.00325764
231.6	-0.00328301
231.7	-0.00330493
231.8	-0.00332179
231.9	-0.00333247
232	-0.00334794
232.1	-0.0033646
232.2	-0.00338317
232.3	-0.00340384
232.4	-0.00342476
232.5	-0.00345049
232.6	-0.00347713
232.7	-0.00350589
232.8	-0.00353489
232.9	-0.00355891
233	-0.00358124
233.1	-0.00360654
233.2	-0.00363429
233.3	-0.00366196
233.4	-0.00368783
233.5	-0.00371448
233.6	-0.00374176
233.7	-0.0037725
233.8	-0.00380182
233.9	-0.00382755
234	-0.00384948
234.1	-0.00386767
234.2	-0.00388739
234.3	-0.00390342
234.4	-0.0039099
234.5	-0.00390339
234.6	-0.00388207
234.7	-0.00385393
234.8	-0.00382165
234.9	-0.00378912
235	-0.00375692
235.1	-0.00372185
235.2	-0.00368639
235.3	-0.00365424
235.4	-0.00362645
235.5	-0.00360024
235.6	-0.00357216
235.7	-0.00354687
235.8	-0.00352604
235.9	-0.00349935
236	-0.00347274
236.1	-0.00344411
236.2	-0.00341746
236.3	-0.00338712
236.4	-0.00335832
236.5	-0.00333221
236.6	-0.00331023
236.7	-0.00329616
236.8	-0.00328579
236.9	-0.00328077
237	-0.00327715
237.1	-0.00326565
237.2	-0.00325227
237.3	-0.00323988
237.4	-0.0032314
237.5	-0.00322312
237.6	-0.00321571
237.7	-0.00321259
237.8	-0.00321902
237.9	-0.00322897
238	-0.00323789
238.1	-0.0032453
238.2	-0.00325699
238.3	-0.00326901
238.4	-0.00327976
238.5	-0.0032921
238.6	-0.00330406
238.7	-0.00331328
238.8	-0.00332328
238.9	-0.00332943
239	-0.00333903
239.1	-0.0033446
239.2	-0.00334023
239.3	-0.00332811
239.4	-0.00330937
239.5	-0.0032879
239.6	-0.00327007
239.7	-0.00325607
239.8	-0.00324603
239.9	-0.00323479
240	-0.00322792
240.1	-0.00322005
240.2	-0.00320636
240.3	-0.00318833
240.4	-0.00316737
240.5	-0.00314231
240.6	-0.00311375
240.7	-0.00308461
240.8	-0.00305239
240.9	-0.00301733
241	-0.00298545
241.1	-0.00295369
241.2	-0.00292074
241.3	-0.00288553
241.4	-0.00284847
241.5	-0.00280845
241.6	-0.00276374
241.7	-0.00271917
241.8	-0.0026729
241.9	-0.00262702
242	-0.00258385
242.1	-0.00254715
242.2	-0.00251547
242.3	-0.00248907
242.4	-0.00246207
242.5	-0.00243409
242.6	-0.0024068
242.7	-0.00238077
242.8	-0.00235565
242.9	-0.00233219
243	-0.00230839
243.1	-0.00228741
243.2	-0.00226173
243.3	-0.00223782
243.4	-0.0022143
243.5	-0.00218936
243.6	-0.00216379
243.7	-0.00214022
243.8	-0.00211585
243.9	-0.00208611
244	-0.00205354
244.1	-0.00201988
244.2	-0.00197837
244.3	-0.00193024
244.4	-0.00188372
244.5	-0.00183956
244.6	-0.00179749
244.7	-0.00174898
244.8	-0.0017045
244.9	-0.00166643
245	-0.00163044
245.1	-0.00159638
245.2	-0.00156538
245.3	-0.00153886
245.4	-0.00151454
245.5	-0.00149025
245.6	-0.00146192
245.7	-0.00143052
245.8	-0.00139626
245.9	-0.00135491
246	-0.00131443
246.1	-0.001276
246.2	-0.00124055
246.3	-0.00120435
246.4	-0.00116874
246.5	-0.00113673
246.6	-0.00111077
246.7	-0.00108282
246.8	-0.0010531
246.9	-0.00102075
247	-0.000990143
247.1	-0.000958702
247.2	-0.000928068
247.3	-0.000897577
247.4	-0.00086555
247.5	-0.000835709
247.6	-0.00081033
247.7	-0.000790366
247.8	-0.00077498
247.9	-0.000760304
248	-0.000748104
248.1	-0.000736276
248.2	-0.000718625
248.3	-0.00069854
248.4	-0.000684014
248.5	-0.000672405
248.6	-0.000661901
248.7	-0.00064958
248.8	-0.000641447
248.9	-0.000638858
249	-0.000640989
249.1	-0.000647298
249.2	-0.000652896
249.3	-0.000655384
249.4	-0.000657667
249.5	-0.000657387
249.6	-0.000654299
249.7	-0.000652667
249.8	-0.000651178
249.9	-0.000650261
250	-0.00064755
250.1	-0.000648443
250.2	-0.000650869
250.3	-0.000652361
250.4	-0.000652792
250.5	-0.000653786
250.6	-0.000653016
250.7	-0.000654139
250.8	-0.000657811
250.9	-0.000658792
251	-0.000659813
251.1	-0.000656499
251.2	-0.000650309
251.3	-0.000646018
251.4	-0.000649091
251.5	-0.000656321
251.6	-0.000664059
251.7	-0.000674198
251.8	-0.000683818
251.9	-0.00069279
252	-0.000697002
252.1	-0.000699906
252.2	-0.000704148
252.3	-0.000714155
252.4	-0.000723568
252.5	-0.00073039
252.6	-0.000736995
252.7	-0.000741313
252.8	-0.000743687
252.9	-0.000747198
253	-0.000751839
253.1	-0.000752927
253.2	-0.000756123
253.3	-0.000761034
253.4	-0.000771663
253.5	-0.000779499
253.6	-0.000782471
253.7	-0.000781766
253.8	-0.000775737
253.9	-0.000765146
254	-0.000752533
254.1	-0.000735163
254.2	-0.000718665
254.3	-0.000699453
254.4	-0.000683764
254.5	-0.000670069
254.6	-0.000650827
254.7	-0.000628474
254.8	-0.000611494
254.9	-0.000596289
255	-0.000582343
255.1	-0.000565493
255.2	-0.000547185
255.3	-0.000527454
255.4	-0.000506281
255.5	-0.000486067
255.6	-0.000460623
255.7	-0.000433159
255.8	-0.00040398
255.9	-0.000376886
256	-0.000349855
256.1	-0.00032155
256.2	-0.000295897
256.3	-0.000270448
256.4	-0.000243222
256.5	-0.000212533
256.6	-0.000180666
256.7	-0.000149458
256.8	-0.000117149
256.9	-8.16606e-05
257	-4.57508e-05
257.1	-9.07432e-06
257.2	2.51878e-05
257.3	6.22422e-05
257.4	0.000100593
257.5	0.000141919
257.6	0.000184668
257.7	0.000228134
257.8	0.000266755
257.9	0.000303461
258	0.000341636
258.1	0.000382495
258.2	0.000424173
258.3	0.000464831
258.4	0.000506934
258.5	0.000551946
258.6	0.000600604
258.7	0.000652585
258.8	0.000707736
258.9	0.000768138
259	0.000833766
259.1	0.000898056
259.2	0.000960613
259.3	0.00101917
259.4	0.00107449
259.5	0.00112675
259.6	0.00117595
259.7	0.00121881
259.8	0.00125984
259.9	0.00130349
260	0.001344
260.1	0.00138694
260.2	0.00142815
260.3	0.00146733
260.4	0.00150289
260.5	0.00153519
260.6	0.00156364
260.7	0.00158797
260.8	0.00161022
260.9	0.00162734
261	0.00164459
261.1	0.00166369
261.2	0.00168406
261.3	0.00170263
261.4	0.00172453
261.5	0.00174841
261.6	0.00177273
261.7	0.00179879
261.8	0.00182168
261.9	0.00184078
262	0.00185463
262.1	0.00186035
262.2	0.00185795
262.3	0.00185433
262.4	0.00184866
262.5	0.0018463
262.6	0.00184877
262.7	0.00185234
262.8	0.00185158
262.9	0.00184365
263	0.00183377
263.1	0.00182124
263.2	0.00180629
263.3	0.00178657
263.4	0.00176796
263.5	0.00174856
263.6	0.00172293
263.7	0.00169249
263.8	0.00166328
263.9	0.00163627
264	0.00161279
264.1	0.00159124
264.2	0.00157104
264.3	0.00155047
264.4	0.00152552
264.5	0.00150454
264.6	0.00149329
264.7	0.00148584
264.8	0.00147913
264.9	0.00147041
265	0.00146016
265.1	0.00144929
265.2	0.00143724
265.3	0.00142078
265.4	0.00140039
265.5	0.00138004
265.6	0.00136181
265.7	0.00134279
265.8	0.00131411
265.9	0.00128195
266	0.0012473
266.1	0.00121394
266.2	0.00118251
266.3	0.00115523
266.4	0.00113347
266.5	0.00111829
266.6	0.00110164
266.7	0.00108315
266.8	0.00106276
266.9	0.00104272
267	0.00101797
267.1	0.000990665
267.2	0.000962047
267.3	0.000930462
267.4	0.000898346
267.5	0.000866457
267.6	0.000834707
267.7	0.000800001
267.8	0.000761059
267.9	0.000721584
268	0.000681485
268.1	0.000641718
268.2	0.000603615
268.3	0.000570155
268.4	0.00054276
268.5	0.00052266
268.6	0.000509629
268.7	0.000499854
268.8	0.000489289
268.9	0.000479104
269	0.000463665
269.1	0.00044837
269.2	0.000434741
269.3	0.000423059
269.4	0.000408379
269.5	0.000396962
269.6	0.000387513
269.7	0.000379354
269.8	0.000367012
269.9	0.00035721
270	0.000349821
270.1	0.000343187
270.2	0.000336386
270.3	0.00033024
270.4	0.000324878
270.5	0.000323529
270.6	0.000322969
270.7	0.000329277
270.8	0.000336086
270.9	0.00034717
271	0.000363943
271.1	0.000383977
271.2	0.000407741
271.3	0.000430379
271.4	0.000452518
271.5	0.000473353
271.6	0.000495832
271.7	0.000518942
271.8	0.0005378
271.9	0.000552893
272	0.000562048
272.1	0.000568336
272.2	0.000571286
272.3	0.000576247
272.4	0.000579375
272.5	0.000584692
272.6	0.000594736
272.7	0.000605796
272.8	0.000620482
272.9	0.000638126
273	0.000653151
273.1	0.000667932
273.2	0.000687227
273.3	0.000704238
273.4	0.000725972
273.5	0.000747671
273.6	0.000771295
273.7	0.000801948
273.8	0.000833594
273.9	0.000861087
274	0.000889643
274.1	0.0009209
274.2	0.00095273
274.3	0.000985627
274.4	0.00101999
274.5	0.00105795
274.6	0.00109904
274.7	0.00114471
274.8	0.00119611
274.9	0.00124728
275	0.00129722
275.1	0.00134719
275.2	0.00139733
275.3	0.00144626
275.4	0.00149296
275.5	0.00153781
275.6	0.00158102
275.7	0.00161965
275.8	0.00165735
275.9	0.00169231
276	0.00172328
276.1	0.00175009
276.2	0.00177183
276.3	0.0017888
276.4	0.00180292
276.5	0.00181411
276.6	0.00182651
276.7	0.00183899
276.8	0.00185427
276.9	0.00187205
277	0.00188941
277.1	0.00190487
277.2	0.00191894
277.3	0.00192684
277.4	0.00192348
277.5	0.00191655
277.6	0.00190967
277.7	0.00190192
277.8	0.00189661
277.9	0.00189081
278	0.00188354
278.1	0.00187017
278.2	0.00185534
278.3	0.00183649
278.4	0.00181771
278.5	0.00180108
278.6	0.0017791
278.7	0.00175244
278.8	0.00172062
278.9	0.00168591
279	0.0016475
279.1	0.00160855
279.2	0.00157011
279.3	0.00153094
279.4	0.00149182
279.5	0.00145035
279.6	0.00140899
279.7	0.00137563
279.8	0.00135107
279.9	0.0013278
280	0.0013088
280.1	0.00128901
280.2	0.0012681
280.3	0.00124932
280.4	0.00122743
280.5	0.00120647
280.6	0.00118823
280.7	0.00117203
280.8	0.00115758
280.9	0.00114539
281	0.00113403
281.1	0.00112672
281.2	0.00111912
281.3	0.00111028
281.4	0.00110321
281.5	0.00110022
281.6	0.00109815
281.7	0.00109673
281.8	0.00109224
281.9	0.00108701
282	0.00108041
282.1	0.00107258
282.2	0.00106551
282.3	0.00105987
282.4	0.00105339
282.5	0.00104514
282.6	0.00103515
282.7	0.0010256
282.8	0.00101918
282.9	0.00101498
283	0.00100672
283.1	0.000994973
283.2	0.000976193
283.3	0.000956824
283.4	0.000940392
283.5	0.000928691
283.6	0.000926722
283.7	0.000929425
283.8	0.000937802
283.9	0.000946271
284	0.000954628
284.1	0.000959816
284.2	0.000961464
284.3	0.000963025
284.4	0.000967616
284.5	0.000973226
284.6	0.000981375
284.7	0.000985543
284.8	0.000989797
284.9	0.000988388
285	0.000983425
285.1	0.000977555
285.2	0.000972632
285.3	0.000964367
285.4	0.000953889
285.5	0.000941721
285.6	0.000928776
285.7	0.00092355
285.8	0.000922818
285.9	0.000926405
286	0.000927991
286.1	0.000931325
286.2	0.000933524
286.3	0.000937544
286.4	0.000941506
286.5	0.0009443
286.6	0.000944569
286.7	0.000943088
286.8	0.000935127
286.9	0.000921715
287	0.000909369
287.1	0.000896865
287.2	0.000886666
287.3	0.000878498
287.4	0.000866592
287.5	0.000857304
287.6	0.000852907
287.7	0.000850128
287.8	0.000848742
287.9	0.000849564
288	0.000852183
288.1	0.000852819
288.2	0.000850782
288.3	0.000846509
288.4	0.000841944
288.5	0.000834449
288.6	0.00082408
288.7	0.000810941
288.8	0.000796776
288.9	0.000790769
289	0.00079109
289.1	0.000795054
289.2	0.000798692
289.3	0.000801559
289.4	0.000807516
289.5	0.000819803
289.6	0.000837885
289.7	0.000860508
289.8	0.000880522
289.9	0.000900407
290	0.000914959
290.1	0.000925684
290.2	0.000935641
290.3	0.000940075
290.4	0.000940621
290.5	0.000937933
290.6	0.000929348
290.7	0.000915299
290.8	0.000897126
290.9	0.000885272
291	0.000879127
291.1	0.000871446
291.2	0.000861314
291.3	0.000849081
291.4	0.000831566
291.5	0.000812339
291.6	0.000792387
291.7	0.000770199
291.8	0.000750131
291.9	0.000738422
292	0.000730708
292.1	0.000722542
292.2	0.000717975
292.3	0.000714298
292.4	0.000713574
292.5	0.000711065
292.6	0.000700821
292.7	0.000688003
292.8	0.000674297
292.9	0.000658945
293	0.000643129
293.1	0.000624207
293.2	0.000604161
293.3	0.00057914
293.4	0.000555249
293.5	0.000535813
293.6	0.000522919
293.7	0.000513466
293.8	0.000507789
293.9	0.000507897
294	0.000508245
294.1	0.000508931
294.2	0.000507921
294.3	0.000505339
294.4	0.000498971
294.5	0.000493864
294.6	0.000485799
294.7	0.00047986
294.8	0.000476206
294.9	0.00047278
295	0.000464637
295.1	0.000453564
295.2	0.000436431
295.3	0.000411619
295.4	0.000382481
295.5	0.000353326
295.6	0.000326335
295.7	0.000305356
295.8	0.000290131
295.9	0.000274665
296	0.000256682
296.1	0.00023339
296.2	0.000210654
296.3	0.000189129
296.4	0.000171184
296.5	0.000157529
296.6	0.00014611
296.7	0.00014003
296.8	0.000141086
296.9	0.000143235
297	0.000144978
297.1	0.000148676
297.2	0.000152915
297.3	0.000152035
297.4	0.000152983
297.5	0.000152341
297.6	0.000148471
297.7	0.000140152
297.8	0.000128664
297.9	0.000113004
298	9.1364e-05
298.1	6.85894e-05
298.2	4.80626e-05
298.3	2.88439e-05
298.4	7.73184e-06
298.5	-1.47325e-05
298.6	-3.73164e-05
298.7	-5.91239e-05
298.8	-7.88093e-05
298.9	-0.000101048
299	-0.000124184
299.1	-0.000146635
299.2	-0.000165222
299.3	-0.000177145
299.4	-0.00018683
299.5	-0.000192301
299.6	-0.000191904
299.7	-0.00018759
299.8	-0.000184138
299.9	-0.000180716
300	-0.000174628
300.1	-0.000170302
300.2	-0.000165087
300.3	-0.000158333
300.4	-0.000150774
300.5	-0.000140404
300.6	-0.000127145
300.7	-0.000110369
300.8	-9.56776e-05
300.9	-8.35591e-05
301	-7.42814e-05
301.1	-6.84278e-05
301.2	-6.70568e-05
301.3	-6.80604e-05
301.4	-6.94684e-05
301.5	-7.28231e-05
301.6	-7.67907e-05
301.7	-7.74102e-05
301.8	-7.24019e-05
301.9	-6.68161e-05
302	-5.83379e-05
302.1	-4.87989e-05
302.2	-3.36724e-05
302.3	-1.88412e-05
302.4	-3.06187e-06
302.5	1.4552e-05
302.6	3.40601e-05
302.7	5.67923e-05
302.8	7.87559e-05
302.9	9.74882e-05
303	0.000116586
303.1	0.00013707
303.2	0.000163472
303.3	0.000192342
303.4	0.000225775
303.5	0.000257685
303.6	0.00028962
303.7	0.000316412
303.8	0.000341992
303.9	0.000371321
304	0.000406295
304.1	0.000439836
304.2	0.000472226
304.3	0.000498977
304.4	0.000521942
304.5	0.000542343
304.6	0.000562594
304.7	0.000583753
304.8	0.000604033
304.9	0.000625621
305	0.000646635
305.1	0.000665807
305.2	0.000683512
305.3	0.000703645
305.4	0.000726002
305.5	0.000752793
305.6	0.000780374
305.7	0.00081014
305.8	0.00084256
305.9	0.000875068
306	0.000911838
306.1	0.000947916
306.2	0.000984775
306.3	0.00102476
306.4	0.00107287
306.5	0.00112589
306.6	0.00117758
306.7	0.00123118
306.8	0.00128642
306.9	0.00134239
307	0.00139641
307.1	0.00145223
307.2	0.00150994
307.3	0.00156717
307.4	0.001626
307.5	0.00168373
307.6	0.00174371
307.7	0.00179886
307.8	0.00185192
307.9	0.00190438
308	0.00194997
308.1	0.0019919
308.2	0.00203443
308.3	0.00208058
308.4	0.00212513
308.5	0.00216417
308.6	0.00219827
308.7	0.00222947
308.8	0.00226316
308.9	0.00230062
309	0.0023415
309.1	0.00238478
309.2	0.00242643
309.3	0.00246627
309.4	0.00250584
309.5	0.00254631
309.6	0.00258598
309.7	0.00262378
309.8	0.00265633
309.9	0.00268641
310	0.00271949
310.1	0.00274818
310.2	0.00277745
310.3	0.00280918
310.4	0.00284343
310.5	0.00287653
310.6	0.00291099
310.7	0.00294566
310.8	0.0029818
310.9	0.00301916
311	0.00305996
311.1	0.00310499
311.2	0.00314983
311.3	0.003196
311.4	0.00324145
311.5	0.00328914
311.6	0.00334118
311.7	0.00339501
311.8	0.00344456
311.9	0.0034907
312	0.00353688
312.1	0.00358199
312.2	0.0036251
312.3	0.00366795
312.4	0.0037078
312.5	0.00374399
312.6	0.00377577
312.7	0.003802
312.8	0.00382886
312.9	0.00385678
313	0.00388569
313.1	0.00391691
313.2	0.00395022
313.3	0.00398148
313.4	0.00400822
313.5	0.00403469
313.6	0.00406493
313.7	0.00409234
313.8	0.00411884
313.9	0.00414369
314	0.0041661
314.1	0.00418781
314.2	0.00421301
314.3	0.00423235
314.4	0.00425023
314.5	0.00426246
314.6	0.00426995
314.7	0.00428331
314.8	0.00429863
314.9	0.00431691
315	0.00433648
315.1	0.00435184
315.2	0.00436373
315.3	0.00437195
315.4	0.00437775
315.5	0.00438444
315.6	0.00439221
315.7	0.00440146
315.8	0.00441347
315.9	0.00442794
316	0.00444065
316.1	0.00445054
316.2	0.00445698
316.3	0.00446372
316.4	0.00447367
316.5	0.00448292
316.6	0.0044831
316.7	0.00447833
316.8	0.00446765
316.9	0.00444875
317	0.00442602
317.1	0.00440187
317.2	0.004377
317.3	0.00435255
317.4	0.00432631
317.5	0.00430099
317.6	0.00427627
317.7	0.00424828
317.8	0.00421336
317.9	0.00417478
318	0.00413792
318.1	0.00410085
318.2	0.0040623
318.3	0.00402375
318.4	0.00398289
318.5	0.00393945
318.6	0.00389521
318.7	0.00385202
318.8	0.00380688
318.9	0.00375828
319	0.00370303
319.1	0.00364542
319.2	0.00358214
319.3	0.0035122
319.4	0.003438
319.5	0.00336811
319.6	0.00329887
319.7	0.00323075
319.8	0.0031678
319.9	0.00311284
320	0.00305985
320.1	0.00300471
320.2	0.00294593
320.3	0.00288594
320.4	0.00282604
320.5	0.00276752
320.6	0.00270585
320.7	0.00264462
320.8	0.00258602
320.9	0.00253452
321	0.00248884
321.1	0.00244575
321.2	0.00240491
321.3	0.00236701
321.4	0.00233297
321.5	0.00229995
321.6	0.00226783
321.7	0.00224033
321.8	0.00221792
321.9	0.00220026
322	0.00218422
322.1	0.00217114
322.2	0.00216163
322.3	0.00215331
322.4	0.00214926
322.5	0.00215024
322.6	0.00215775
322.7	0.00216839
322.8	0.00217995
322.9	0.00219
323	0.00219474
323.1	0.00219122
323.2	0.00218456
323.3	0.00217667
323.4	0.00216976
323.5	0.00216557
323.6	0.00216351
323.7	0.00216478
323.8	0.00216833
323.9	0.00217035
324	0.00217487
324.1	0.00218522
324.2	0.00221019
324.3	0.00224317
324.4	0.00227937
324.5	0.00231606
324.6	0.00235283
324.7	0.0023886
324.8	0.00242397
324.9	0.00246424
325	0.00250708
325.1	0.00255
325.2	0.00258807
325.3	0.00262353
325.4	0.0026559
325.5	0.00268363
325.6	0.00270624
325.7	0.00272729
325.8	0.00274669
325.9	0.00276527
326	0.00278195
326.1	0.00278915
326.2	0.00278727
326.3	0.00278606
326.4	0.00279114
326.5	0.00279528
326.6	0.00279955
326.7	0.00280531
326.8	0.00281056
326.9	0.00281568
327	0.0028198
327.1	0.00282938
327.2	0.00284068
327.3	0.00284951
327.4	0.00285597
327.5	0.00285995
327.6	0.00286191
327.7	0.00286423
327.8	0.00286266
327.9	0.00285858
328	0.00285021
328.1	0.00283827
328.2	0.0028258
328.3	0.00281728
328.4	0.00281406
328.5	0.00281075
328.6	0.00280634
328.7	0.00280264
328.8	0.00279758
328.9	0.00278812
329	0.00277836
329.1	0.00277355
329.2	0.00276821
329.3	0.00276089
329.4	0.00275409
329.5	0.00274437
329.6	0.00273458
329.7	0.00272462
329.8	0.00270989
329.9	0.0026946
330	0.00267825
330.1	0.0026585
330.2	0.00263532
330.3	0.00261242
330.4	0.00258616
330.5	0.00255457
330.6	0.00251963
330.7	0.00248628
330.8	0.00245639
330.9	0.00242625
331	0.0023946
331.1	0.00235691
331.2	0.00231203
331.3	0.00226658
331.4	0.00222187
331.5	0.00217878
331.6	0.00213796
331.7	0.00210258
331.8	0.00207495
331.9	0.00205155
332	0.00203576
332.1	0.00202359
332.2	0.00201872
332.3	0.00201421
332.4	0.00200558
332.5	0.00199074
332.6	0.00197608
332.7	0.00196366
332.8	0.0019548
332.9	0.00194496
333	0.00193203
333.1	0.00191792
333.2	0.00190314
333.3	0.00188593
333.4	0.00186621
333.5	0.0018482
333.6	0.00182687
333.7	0.00180719
333.8	0.00178977
333.9	0.00177138
334	0.00175656
334.1	0.00174886
334.2	0.00174099
334.3	0.00173305
334.4	0.00172555
334.5	0.00172191
334.6	0.00171855
334.7	0.00171664
334.8	0.00171301
334.9	0.00170645
335	0.00169674
335.1	0.00168316
335.2	0.00166803
335.3	0.00165257
335.4	0.00163835
335.5	0.00162812
335.6	0.00162685
335.7	0.00162869
335.8	0.00163027
335.9	0.00163049
336	0.0016355
336.1	0.00164302
336.2	0.00164811
336.3	0.00165274
336.4	0.00165859
336.5	0.00166471
336.6	0.00166964
336.7	0.00167743
336.8	0.00168859
336.9	0.00169912
337	0.0017151
337.1	0.00172892
337.2	0.00173981
337.3	0.00174495
337.4	0.00174517
337.5	0.00174273
337.6	0.00173833
337.7	0.00173298
337.8	0.00172703
337.9	0.00172399
338	0.00172286
338.1	0.00172018
338.2	0.00172088
338.3	0.00172679
338.4	0.00173632
338.5	0.0017461
338.6	0.00175937
338.7	0.0017797
338.8	0.0018027
338.9	0.00182321
339	0.00183846
339.1	0.00184969
339.2	0.00185589
339.3	0.00185572
339.4	0.00185542
339.5	0.00185236
339.6	0.00184663
339.7	0.00184338
339.8	0.00183773
339.9	0.00183067
340	0.00182071
340.1	0.00181012
340.2	0.00179967
340.3	0.00178747
340.4	0.00176997
340.5	0.00174673
340.6	0.00171584
340.7	0.00168318
340.8	0.00165503
340.9	0.0016255
341	0.00159622
341.1	0.00156599
341.2	0.00153663
341.3	0.00150952
341.4	0.00148384
341.5	0.00146398
341.6	0.00145248
341.7	0.00144256
341.8	0.00143158
341.9	0.0014229
342	0.00141751
342.1	0.00141767
342.2	0.00142857
342.3	0.00144455
342.4	0.00145803
342.5	0.00147252
342.6	0.00148927
342.7	0.00150221
342.8	0.00151003
342.9	0.00151249
343	0.00151323
343.1	0.00151406
343.2	0.00151802
343.3	0.00152362
343.4	0.00153386
343.5	0.00154448
343.6	0.00155641
343.7	0.00157318
343.8	0.00159011
343.9	0.00160655
344	0.00162306
344.1	0.00163967
344.2	0.00165246
344.3	0.00166359
344.4	0.00167228
344.5	0.00167862
344.6	0.00168856
344.7	0.00170265
344.8	0.00171977
344.9	0.0017396
345	0.00176218
345.1	0.00178958
345.2	0.00182152
345.3	0.00186259
345.4	0.00190267
345.5	0.00194033
345.6	0.00197578
345.7	0.00200966
345.8	0.00204378
345.9	0.00207786
346	0.00210715
346.1	0.00213202
346.2	0.00215745
346.3	0.00218139
346.4	0.00220263
346.5	0.00221856
346.6	0.00223025
346.7	0.00223488
346.8	0.00223696
346.9	0.00224079
347	0.00224909
347.1	0.00225502
347.2	0.00225709
347.3	0.00225928
347.4	0.00225934
347.5	0.00225461
347.6	0.00224713
347.7	0.00223778
347.8	0.00222703
347.9	0.00221889
348	0.0022162
348.1	0.00221665
348.2	0.00221505
348.3	0.00221448
348.4	0.0022135
348.5	0.00220975
348.6	0.00220141
348.7	0.0021931
348.8	0.00218523
348.9	0.00218261
349	0.00218031
349.1	0.00217455
349.2	0.00216854
349.3	0.0021666
349.4	0.00216484
349.5	0.00216355
349.6	0.002167
349.7	0.00217699
349.8	0.00219059
349.9	0.00220522
350	0.00221815
350.1	0.00222999
350.2	0.0022415
350.3	0.00225445
350.4	0.00226993
350.5	0.00228535
350.6	0.00230005
350.7	0.00231623
350.8	0.00233458
350.9	0.00235893
351	0.00238533
351.1	0.00241704
351.2	0.00244825
351.3	0.00248518
351.4	0.0025237
351.5	0.00256905
351.6	0.00261599
351.7	0.00265966
351.8	0.00270635
351.9	0.00275573
352	0.00280654
352.1	0.00285808
352.2	0.00290586
352.3	0.00294947
352.4	0.00298219
352.5	0.00301064
352.6	0.00303285
352.7	0.00304942
352.8	0.00306325
352.9	0.00307494
353	0.00308392
353.1	0.00309045
353.2	0.00309708
353.3	0.00310441
353.4	0.00311203
353.5	0.00311954
353.6	0.0031291
353.7	0.00313235
353.8	0.00313421
353.9	0.0031314
354	0.00312362
354.1	0.00311197
354.2	0.00309538
354.3	0.00307675
354.4	0.00305813
354.5	0.00304253
354.6	0.00302545
354.7	0.00301146
354.8	0.00300292
354.9	0.00299495
355	0.00298475
355.1	0.0029715
355.2	0.00295461
355.3	0.00293122
355.4	0.00290582
355.5	0.00288229
355.6	0.00286239
355.7	0.00285016
355.8	0.00284181
355.9	0.00283457
356	0.00283023
356.1	0.00282246
356.2	0.00281238
356.3	0.0028012
356.4	0.00279049
356.5	0.00277785
356.6	0.00276445
356.7	0.00274493
356.8	0.00272174
356.9	0.00269668
357	0.00267239
357.1	0.00265107
357.2	0.00263139
357.3	0.00261389
357.4	0.0025948
357.5	0.00257254
357.6	0.00255263
357.7	0.00253204
357.8	0.00251088
357.9	0.00249138
358	0.0024746
358.1	0.00245809
358.2	0.00243925
358.3	0.00241763
358.4	0.00239349
358.5	0.00236642
358.6	0.00233945
358.7	0.00230733
358.8	0.00226909
358.9	0.00222897
359	0.00218277
359.1	0.00212827
359.2	0.0020669
359.3	0.00200114
359.4	0.00193396
359.5	0.00186693
359.6	0.00180127
359.7	0.00173597
359.8	0.00167121
359.9	0.00161027
360	0.00155024
360.1	0.00149208
360.2	0.00142907
360.3	0.00137072
360.4	0.00131777
360.5	0.0012679
360.6	0.00122222
360.7	0.00118411
360.8	0.00115059
360.9	0.00111742
361	0.00108163
361.1	0.00104597
361.2	0.00101202
361.3	0.000974681
361.4	0.00093329
361.5	0.000893317
361.6	0.000854771
361.7	0.000823039
361.8	0.000792891
361.9	0.000760401
362	0.00072581
362.1	0.000692928
362.2	0.00066371
362.3	0.000633494
362.4	0.000608
362.5	0.000582768
362.6	0.000553271
362.7	0.0005225
362.8	0.000489053
362.9	0.000459224
363	0.00042727
363.1	0.000398895
363.2	0.000369513
363.3	0.000345264
363.4	0.000328046
363.5	0.000314935
363.6	0.000303047
363.7	0.000294976
363.8	0.000287132
363.9	0.00028031
364	0.000283812
364.1	0.00029037
364.2	0.000291029
364.3	0.000292338
364.4	0.000295369
364.5	0.00030075
364.6	0.000308238
364.7	0.000318352
364.8	0.000325151
364.9	0.000326108
365	0.000324922
365.1	0.000320475
365.2	0.000314364
365.3	0.000308261
365.4	0.000302338
365.5	0.00029325
365.6	0.000281375
365.7	0.000265269
365.8	0.000246336
365.9	0.000224602
366	0.000204185
366.1	0.000189929
366.2	0.000173508
366.3	0.000157717
366.4	0.000138526
366.5	0.000116748
366.6	9.34793e-05
366.7	6.61204e-05
366.8	3.91532e-05
366.9	1.34102e-05
367	-1.41859e-05
367.1	-3.81664e-05
367.2	-5.51184e-05
367.3	-7.20417e-05
367.4	-8.97788e-05
367.5	-0.00011116
367.6	-0.000133979
367.7	-0.000158357
367.8	-0.000182654
367.9	-0.000204513
368	-0.00022557
368.1	-0.000241066
368.2	-0.00024827
368.3	-0.000249637
368.4	-0.00024369
368.5	-0.000234701
368.6	-0.000220535
368.7	-0.000204587
368.8	-0.000188657
368.9	-0.000177014
369	-0.00017006
369.1	-0.000163264
369.2	-0.000155828
369.3	-0.000148344
369.4	-0.000140337
369.5	-0.000136756
369.6	-0.000134133
369.7	-0.000125205
369.8	-0.000111451
369.9	-0.000100343
370	-9.61029e-05
370.1	-9.96017e-05
370.2	-0.00010474
370.3	-0.000114131
370.4	-0.000123637
370.5	-0.000130146
370.6	-0.000141048
370.7	-0.000154067
370.8	-0.000167228
370.9	-0.000179875
371	-0.000189202
371.1	-0.000192783
371.2	-0.000190772
371.3	-0.000182874
371.4	-0.000175859
371.5	-0.000171579
371.6	-0.00016377
371.7	-0.000158605
371.8	-0.000156831
371.9	-0.000149184
372	-0.000137314
372.1	-0.000123827
372.2	-0.000113076
372.3	-9.98843e-05
372.4	-8.85845e-05
372.5	-7.78671e-05
372.6	-6.5258e-05
372.7	-4.53531e-05
372.8	-1.90308e-05
372.9	1.10353e-05
373	3.90281e-05
373.1	6.42703e-05
373.2	8.89614e-05
373.3	0.000113643
373.4	0.000140865
373.5	0.000172845
373.6	0.000206493
373.7	0.000237817
373.8	0.000269284
373.9	0.000302189
374	0.000336806
374.1	0.000374186
374.2	0.000415078
374.3	0.00045841
374.4	0.000501924
374.5	0.000549762
374.6	0.000598977
374.7	0.000645717
374.8	0.000685473
374.9	0.000719858
375	0.000752007
375.1	0.000783926
375.2	0.000815976
375.3	0.000843827
375.4	0.00086795
375.5	0.000891579
375.6	0.000920011
375.7	0.000947222
375.8	0.000981823
375.9	0.00102006
376	0.00105698
376.1	0.00110046
376.2	0.00114614
376.3	0.00119125
376.4	0.00123477
376.5	0.00127867
376.6	0.0013195
376.7	0.00136058
376.8	0.0014001
376.9	0.00143847
377	0.00147589
377.1	0.00151668
377.2	0.00155132
377.3	0.00158362
377.4	0.00161572
377.5	0.00164771
377.6	0.00167878
377.7	0.0017133
377.8	0.00175459
377.9	0.00179824
378	0.00184124
378.1	0.00187918
378.2	0.00191279
378.3	0.0019461
378.4	0.00197568
378.5	0.00200284
378.6	0.00202432
378.7	0.00203847
378.8	0.00204664
378.9	0.00205297
379	0.0020624
379.1	0.00206836
379.2	0.00207222
379.3	0.00207403
379.4	0.00207363
379.5	0.00206803
379.6	0.00205775
379.7	0.00203992
379.8	0.00202191
379.9	0.00201094
380	0.00200411
380.1	0.00199738
380.2	0.00198778
380.3	0.00197247
380.4	0.00195179
380.5	0.00193016
380.6	0.0019107
380.7	0.00189171
380.8	0.00187583
380.9	0.00186282
381	0.00185493
381.1	0.00184709
381.2	0.00184179
381.3	0.00184372
381.4	0.00184643
381.5	0.00184955
381.6	0.00185494
381.7	0.00185903
381.8	0.00186821
381.9	0.00187761
382	0.00188271
382.1	0.00188839
382.2	0.00190067
382.3	0.00191722
382.4	0.00193487
382.5	0.00195011
382.6	0.00196801
382.7	0.00198675
382.8	0.0020099
382.9	0.00203136
383	0.00205278
383.1	0.00207354
383.2	0.00209354
383.3	0.00211082
383.4	0.00213074
383.5	0.00215349
383.6	0.00217532
383.7	0.00220172
383.8	0.00222975
383.9	0.00225681
384	0.00228241
384.1	0.00230794
384.2	0.00232936
384.3	0.00235114
384.4	0.00236751
384.5	0.00237478
384.6	0.00237404
384.7	0.00236965
384.8	0.00236185
384.9	0.00235514
385	0.0023496
385.1	0.00234704
385.2	0.00234408
385.3	0.00233994
385.4	0.00233775
385.5	0.00233284
385.6	0.00232683
385.7	0.00232351
385.8	0.00232211
385.9	0.00231912
386	0.00231279
386.1	0.00230441
386.2	0.00229757
386.3	0.00229238
386.4	0.00228633
386.5	0.00227704
386.6	0.00227048
386.7	0.00226299
386.8	0.00225447
386.9	0.00224601
387	0.00223743
387.1	0.00223243
387.2	0.00223032
387.3	0.00223163
387.4	0.00223175
387.5	0.00223172
387.6	0.00223159
387.7	0.00223364
387.8	0.00223561
387.9	0.00223951
388	0.00223904
388.1	0.00223285
388.2	0.00222303
388.3	0.00221015
388.4	0.0021924
388.5	0.00217255
388.6	0.00215854
388.7	0.00214847
388.8	0.00213874
388.9	0.00212996
389	0.00211882
389.1	0.00210171
389.2	0.00207969
389.3	0.00205911
389.4	0.00204046
389.5	0.0020229
389.6	0.00200648
389.7	0.00199289
389.8	0.00197891
389.9	0.00196113
390	0.00193561
390.1	0.00190841
390.2	0.00187954
390.3	0.00185471
390.4	0.00183524
390.5	0.00181774
390.6	0.00180017
390.7	0.00178323
390.8	0.00176673
390.9	0.00175067
391	0.00173137
391.1	0.00171227
391.2	0.00169259
391.3	0.00166896
391.4	0.00164589
391.5	0.00162265
391.6	0.00159327
391.7	0.00156071
391.8	0.00152665
391.9	0.00149195
392	0.00145455
392.1	0.00141541
392.2	0.00138116
392.3	0.00134928
392.4	0.0013151
392.5	0.00128172
392.6	0.00124386
392.7	0.00120246
392.8	0.00116
392.9	0.00111765
393	0.00107846
393.1	0.00103821
393.2	0.000996171
393.3	0.000950492
393.4	0.000903722
393.5	0.000857917
393.6	0.000810155
393.7	0.000756702
393.8	0.000700294
393.9	0.000644968
394	0.000591403
394.1	0.000536956
394.2	0.000484298
394.3	0.000432958
394.4	0.000383208
394.5	0.000337471
394.6	0.00029401
394.7	0.000257039
394.8	0.000221035
394.9	0.000188006
395	0.000158214
395.1	0.000132405
395.2	0.000106502
395.3	7.69514e-05
395.4	3.98635e-05
395.5	-3.27135e-07
395.6	-4.20137e-05
395.7	-8.55743e-05
395.8	-0.000128422
395.9	-0.00017059
396	-0.000210715
396.1	-0.000247314
396.2	-0.000280525
396.3	-0.000314084
396.4	-0.000348517
396.5	-0.000379978
396.6	-0.000409645
396.7	-0.000441186
396.8	-0.000473203
396.9	-0.000503281
397	-0.000533416
397.1	-0.0005639
397.2	-0.000594148
397.3	-0.000618964
397.4	-0.000641045
397.5	-0.000664822
397.6	-0.000689319
397.7	-0.000712868
397.8	-0.000734931
397.9	-0.000755538
398	-0.000772098
398.1	-0.000783898
398.2	-0.000792451
398.3	-0.000799553
398.4	-0.000804786
398.5	-0.000810204
398.6	-0.000817486
398.7	-0.000825188
398.8	-0.00083125
398.9	-0.000834162
399	-0.000838295
399.1	-0.000844808
399.2	-0.000855535
399.3	-0.000864489
399.4	-0.000875286
399.5	-0.000887159
399.6	-0.000898408
399.7	-0.000910945
399.8	-0.000923912
399.9	-0.000937074
400	-0.000954412
400.1	-0.000974883
400.2	-0.000993151
400.3	-0.00100872
400.4	-0.00101988
400.5	-0.00103483
400.6	-0.00105191
400.7	-0.00107021
400.8	-0.00109011
400.9	-0.00111005
401	-0.00112376
401.1	-0.00113035
401.2	-0.00113433
401.3	-0.00113494
401.4	-0.00113371
401.5	-0.00113263
401.6	-0.00112867
401.7	-0.00112102
401.8	-0.00111103
401.9	-0.00109903
402	-0.00108858
402.1	-0.00107876
402.2	-0.0010665
402.3	-0.00105756
402.4	-0.00104906
402.5	-0.00103837
402.6	-0.00102176
402.7	-0.00100428
402.8	-0.000988273
402.9	-0.000968245
403	-0.000944512
403.1	-0.000924666
403.2	-0.000908258
403.3	-0.000894343
403.4	-0.000876536
403.5	-0.000857313
403.6	-0.000839201
403.7	-0.000821983
403.8	-0.00080429
403.9	-0.000783993
404	-0.000763231
404.1	-0.000744133
404.2	-0.000726719
404.3	-0.000717032
404.4	-0.000705926
404.5	-0.000697238
404.6	-0.000692476
404.7	-0.000691373
404.8	-0.000692055
404.9	-0.000698437
405	-0.000705514
405.1	-0.0007097
405.2	-0.000715216
405.3	-0.000717843
405.4	-0.00072021
405.5	-0.000727646
405.6	-0.000743888
405.7	-0.00076779
405.8	-0.000797494
405.9	-0.000827197
406	-0.000855227
406.1	-0.000885323
406.2	-0.000915878
406.3	-0.000941668
406.4	-0.000963863
406.5	-0.000986849
406.6	-0.00100787
406.7	-0.00103176
406.8	-0.00105395
406.9	-0.00107759
407	-0.00110751
407.1	-0.0011413
407.2	-0.0011739
407.3	-0.00119626
407.4	-0.0012117
407.5	-0.00122311
407.6	-0.00123535
407.7	-0.00124194
407.8	-0.00124635
407.9	-0.00125154
408	-0.00125225
408.1	-0.00125392
408.2	-0.00125367
408.3	-0.00125048
408.4	-0.00124526
408.5	-0.00124324
408.6	-0.00124011
408.7	-0.00123422
408.8	-0.00122584
408.9	-0.00121451
409	-0.00120505
409.1	-0.00119455
409.2	-0.00118203
409.3	-0.00117149
409.4	-0.00115779
409.5	-0.0011404
409.6	-0.00112705
409.7	-0.00111299
409.8	-0.00110126
409.9	-0.00108663
410	-0.00107104
410.1	-0.00105753
410.2	-0.0010402
410.3	-0.00102331
410.4	-0.00101035
410.5	-0.000996541
410.6	-0.000982545
410.7	-0.000968191
410.8	-0.000952514
410.9	-0.000941422
411	-0.000927157
411.1	-0.000908379
411.2	-0.000888004
411.3	-0.000857816
411.4	-0.000819875
411.5	-0.000780156
411.6	-0.000742644
411.7	-0.000708223
411.8	-0.000676992
411.9	-0.000644668
412	-0.000609056
412.1	-0.00057026
412.2	-0.000525226
412.3	-0.000476126
412.4	-0.000424973
412.5	-0.000370858
412.6	-0.000320087
412.7	-0.000270806
412.8	-0.000219995
412.9	-0.000164409
413	-0.000111336
413.1	-6.10039e-05
413.2	-1.24014e-05
413.3	3.88927e-05
413.4	9.3902e-05
413.5	0.000147446
413.6	0.000195108
413.7	0.000238733
413.8	0.000281089
413.9	0.000319377
414	0.000354939
414.1	0.000385674
414.2	0.00041254
414.3	0.000437067
414.4	0.000458229
414.5	0.000479661
414.6	0.000501649
414.7	0.000521532
414.8	0.000541389
414.9	0.000560089
415	0.00057974
415.1	0.000597489
415.2	0.000618092
415.3	0.000640785
415.4	0.000663505
415.5	0.000683703
415.6	0.000700198
415.7	0.000711588
415.8	0.00071675
415.9	0.000718705
416	0.000716221
416.1	0.000711116
416.2	0.000701708
416.3	0.000685868
416.4	0.000672592
416.5	0.000661863
416.6	0.000652635
416.7	0.000646337
416.8	0.000638924
416.9	0.000631933
417	0.000621781
417.1	0.000612167
417.2	0.00059983
417.3	0.000582813
417.4	0.000565224
417.5	0.000547898
417.6	0.000534158
417.7	0.000520286
417.8	0.000502331
417.9	0.000475468
418	0.000445231
418.1	0.000412811
418.2	0.000385184
418.3	0.000354417
418.4	0.000324895
418.5	0.000296948
418.6	0.000266401
418.7	0.000235661
418.8	0.000208
418.9	0.000182594
419	0.000157305
419.1	0.000132026
419.2	0.000103652
419.3	6.95446e-05
419.4	3.63692e-05
419.5	2.9422e-06
419.6	-3.17877e-05
419.7	-6.92457e-05
419.8	-0.000109876
419.9	-0.000149011
420	-0.000182984
420.1	-0.000213031
420.2	-0.000242029
420.3	-0.000271621
420.4	-0.000299572
420.5	-0.000326885
420.6	-0.00035116
420.7	-0.000374855
420.8	-0.000401518
420.9	-0.000427983
421	-0.000457975
421.1	-0.000486114
421.2	-0.000508956
421.3	-0.00053063
421.4	-0.00054975
421.5	-0.000567916
421.6	-0.000588172
421.7	-0.000608929
421.8	-0.000627632
421.9	-0.000645536
422	-0.000657644
422.1	-0.000665798
422.2	-0.000668471
422.3	-0.000668575
422.4	-0.000665293
422.5	-0.000660385
422.6	-0.000657452
422.7	-0.000656871
422.8	-0.000656628
422.9	-0.000657243
423	-0.000658157
423.1	-0.000665735
423.2	-0.000677841
423.3	-0.000691316
423.4	-0.00070102
423.5	-0.000711776
423.6	-0.00072573
423.7	-0.000744817
423.8	-0.000762108
423.9	-0.000772227
424	-0.000777117
424.1	-0.000775714
424.2	-0.000770893
424.3	-0.000768427
424.4	-0.000771285
424.5	-0.00078062
424.6	-0.000795992
424.7	-0.000813724
424.8	-0.000829117
424.9	-0.000846524
425	-0.000860526
425.1	-0.000873063
425.2	-0.000882807
425.3	-0.000889811
425.4	-0.000900535
425.5	-0.000911686
425.6	-0.000917644
425.7	-0.000924252
425.8	-0.000932151
425.9	-0.000936477
426	-0.0009342
426.1	-0.000935171
426.2	-0.000940272
426.3	-0.000948635
426.4	-0.000960756
426.5	-0.000978416
426.6	-0.00100003
426.7	-0.00102246
426.8	-0.00104446
426.9	-0.00106708
427	-0.00109514
427.1	-0.00112821
427.2	-0.00116695
427.3	-0.00120948
427.4	-0.00124931
427.5	-0.00128174
427.6	-0.00130812
427.7	-0.0013311
427.8	-0.00135148
427.9	-0.00137513
428	-0.00139409
428.1	-0.00140927
428.2	-0.00141871
428.3	-0.00142401
428.4	-0.00142541
428.5	-0.0014241
428.6	-0.00142124
428.7	-0.00141979
428.8	-0.0014209
428.9	-0.00142038
429	-0.00141796
429.1	-0.00141207
429.2	-0.00141272
429.3	-0.00141533
429.4	-0.00142077
429.5	-0.00142851
429.6	-0.00143606
429.7	-0.00144075
429.8	-0.0014416
429.9	-0.00144066
430	-0.00143606
430.1	-0.0014312
430.2	-0.00142388
430.3	-0.00141466
430.4	-0.00140813
430.5	-0.00141119
430.6	-0.00142144
430.7	-0.00143441
430.8	-0.00145114
430.9	-0.0014656
431	-0.00147435
431.1	-0.00147554
431.2	-0.00147496
431.3	-0.0014747
431.4	-0.00147053
431.5	-0.00146525
431.6	-0.00145639
431.7	-0.00144622
431.8	-0.00143573
431.9	-0.00142228
432	-0.00140314
432.1	-0.00138066
432.2	-0.00136226
432.3	-0.00134576
432.4	-0.00132464
432.5	-0.00130323
432.6	-0.00128596
432.7	-0.00127082
432.8	-0.00125828
432.9	-0.0012469
433	-0.00123292
433.1	-0.00121616
433.2	-0.00119509
433.3	-0.00117516
433.4	-0.00116377
433.5	-0.00116031
433.6	-0.00115752
433.7	-0.00114704
433.8	-0.00113153
433.9	-0.00110974
434	-0.00108804
434.1	-0.00106718
434.2	-0.00104442
434.3	-0.00102134
434.4	-0.00100141
434.5	-0.000982991
434.6	-0.000961514
434.7	-0.000936164
434.8	-0.000905597
434.9	-0.00087544
435	-0.000845018
435.1	-0.000819534
435.2	-0.000796828
435.3	-0.000778765
435.4	-0.000766925
435.5	-0.000758255
435.6	-0.00075851
435.7	-0.000759862
435.8	-0.000765976
435.9	-0.000777655
436	-0.000792824
436.1	-0.000807103
436.2	-0.000819421
436.3	-0.000827411
436.4	-0.000833715
436.5	-0.000841207
436.6	-0.000849431
436.7	-0.000855671
436.8	-0.000863135
436.9	-0.000867778
437	-0.000874009
437.1	-0.000877731
437.2	-0.000880737
437.3	-0.000881604
437.4	-0.00088321
437.5	-0.000891039
437.6	-0.00089673
437.7	-0.000907108
437.8	-0.000927548
437.9	-0.000952133
438	-0.000975353
438.1	-0.000999992
438.2	-0.0010228
438.3	-0.0010477
438.4	-0.00107751
438.5	-0.00110838
438.6	-0.00114194
438.7	-0.00117931
438.8	-0.00121721
438.9	-0.00125374
439	-0.00129147
439.1	-0.00133328
439.2	-0.00137469
439.3	-0.00142001
439.4	-0.00146539
439.5	-0.00150939
439.6	-0.00155372
439.7	-0.00159661
439.8	-0.0016372
439.9	-0.00167376
440	-0.00171251
440.1	-0.00175192
440.2	-0.00179649
440.3	-0.0018461
440.4	-0.001899
440.5	-0.00195135
440.6	-0.00200578
440.7	-0.00206149
440.8	-0.0021155
440.9	-0.00217007
441	-0.00222306
441.1	-0.0022759
441.2	-0.00232911
441.3	-0.00238189
441.4	-0.00243024
441.5	-0.00247794
441.6	-0.00252287
441.7	-0.00256685
441.8	-0.00260911
441.9	-0.00264906
442	-0.00268441
442.1	-0.00271563
442.2	-0.00274193
442.3	-0.00276285
442.4	-0.002781
442.5	-0.00279583
442.6	-0.00281037
442.7	-0.00282647
442.8	-0.00284278
442.9	-0.00286362
443	-0.00288132
443.1	-0.00289965
443.2	-0.00291537
443.3	-0.00293397
443.4	-0.00295261
443.5	-0.00297127
443.6	-0.00299985
443.7	-0.00303083
443.8	-0.00306677
443.9	-0.0031038
444	-0.00314188
444.1	-0.00317978
444.2	-0.00321687
444.3	-0.00325086
444.4	-0.00327761
444.5	-0.00330096
444.6	-0.00332123
444.7	-0.00333979
444.8	-0.00335518
444.9	-0.00336864
445	-0.00337914
445.1	-0.00338804
445.2	-0.003391
445.3	-0.003388
445.4	-0.00338604
445.5	-0.00338852
445.6	-0.00339283
445.7	-0.0034034
445.8	-0.00340764
445.9	-0.00340794
446	-0.0034049
446.1	-0.00339948
446.2	-0.00338723
446.3	-0.00337025
446.4	-0.00335608
446.5	-0.00334757
446.6	-0.00334549
446.7	-0.00334463
446.8	-0.00334611
446.9	-0.00335329
447	-0.0033591
447.1	-0.00336772
447.2	-0.0033719
447.3	-0.00336898
447.4	-0.00336609
447.5	-0.00336562
447.6	-0.00336532
447.7	-0.00336492
447.8	-0.00336252
447.9	-0.00335695
448	-0.00335208
448.1	-0.00334709
448.2	-0.00334057
448.3	-0.00332916
448.4	-0.00331667
448.5	-0.00330473
448.6	-0.00328798
448.7	-0.00327134
448.8	-0.00324467
448.9	-0.00321353
449	-0.00318041
449.1	-0.00314629
449.2	-0.00310962
449.3	-0.00307199
449.4	-0.00303215
449.5	-0.00299631
449.6	-0.00296805
449.7	-0.00294635
449.8	-0.0029229
449.9	-0.00289389
450	-0.00285954
450.1	-0.0028243
450.2	-0.00279048
450.3	-0.00276285
450.4	-0.00273935
450.5	-0.00271618
450.6	-0.00269354
450.7	-0.00267406
450.8	-0.00265596
450.9	-0.00262956
451	-0.0026014
451.1	-0.00257344
451.2	-0.00254766
451.3	-0.00252204
451.4	-0.00249962
451.5	-0.00247919
451.6	-0.00246035
451.7	-0.00244437
451.8	-0.00243104
451.9	-0.00242008
452	-0.00241692
452.1	-0.00241455
452.2	-0.00241163
452.3	-0.00240558
452.4	-0.00239508
452.5	-0.00238532
452.6	-0.00237536
452.7	-0.00236899
452.8	-0.00236178
452.9	-0.00235651
453	-0.00235386
453.1	-0.00235229
453.2	-0.00235009
453.3	-0.00235028
453.4	-0.00235158
453.5	-0.00235021
453.6	-0.00234971
453.7	-0.00234756
453.8	-0.00234331
453.9	-0.00233931
454	-0.00233526
454.1	-0.00232409
454.2	-0.00230979
454.3	-0.00229442
454.4	-0.00227899
454.5	-0.00226709
454.6	-0.00225898
454.7	-0.00225344
454.8	-0.00225027
454.9	-0.00224689
455	-0.00224345
455.1	-0.00224631
455.2	-0.00225172
455.3	-0.00226447
455.4	-0.00227835
455.5	-0.00229179
455.6	-0.00230424
455.7	-0.00231713
455.8	-0.00232828
455.9	-0.00234169
456	-0.00235939
456.1	-0.00237687
456.2	-0.00239619
456.3	-0.00242074
456.4	-0.00244839
456.5	-0.00247193
456.6	-0.00249494
456.7	-0.00252106
456.8	-0.00254769
456.9	-0.00256898
457	-0.00258886
457.1	-0.00261187
457.2	-0.0026325
457.3	-0.00265399
457.4	-0.00267869
457.5	-0.00270531
457.6	-0.00272773
457.7	-0.00274911
457.8	-0.00276981
457.9	-0.00278599
458	-0.00280385
458.1	-0.00281529
458.2	-0.00282896
458.3	-0.00284523
458.4	-0.00286348
458.5	-0.002882
458.6	-0.00289775
458.7	-0.00291152
458.8	-0.00292401
458.9	-0.00293127
459	-0.00293747
459.1	-0.00294679
459.2	-0.00295868
459.3	-0.00297
459.4	-0.00298245
459.5	-0.00299822
459.6	-0.00300871
459.7	-0.0030198
459.8	-0.0030347
459.9	-0.00304975
460	-0.00306323
460.1	-0.00307865
460.2	-0.00309527
460.3	-0.00311461
460.4	-0.00313668
460.5	-0.00315381
460.6	-0.00316917
460.7	-0.00318625
460.8	-0.00320968
460.9	-0.00323636
461	-0.00326316
461.1	-0.00328808
461.2	-0.00331561
461.3	-0.00333819
461.4	-0.00335563
461.5	-0.00336786
461.6	-0.00337599
461.7	-0.00338496
461.8	-0.00339146
461.9	-0.00339472
462	-0.00339377
462.1	-0.00339247
462.2	-0.00338919
462.3	-0.00338075
462.4	-0.00336628
462.5	-0.00334816
462.6	-0.00332989
462.7	-0.0033121
462.8	-0.00330196
462.9	-0.00329574
463	-0.00328929
463.1	-0.00328471
463.2	-0.00328488
463.3	-0.00328294
463.4	-0.00327857
463.5	-0.00327282
463.6	-0.00326429
463.7	-0.00325077
463.8	-0.00323536
463.9	-0.0032177
464	-0.0031992
464.1	-0.00317859
464.2	-0.00315419
464.3	-0.00313212
464.4	-0.00311069
464.5	-0.00309117
464.6	-0.00307462
464.7	-0.00305631
464.8	-0.00303489
464.9	-0.00301215
465	-0.00298822
465.1	-0.00296228
465.2	-0.00293379
465.3	-0.00290762
465.4	-0.00288244
465.5	-0.00286043
465.6	-0.00284209
465.7	-0.00282821
465.8	-0.00281376
465.9	-0.00279883
466	-0.00278618
466.1	-0.00277462
466.2	-0.00276317
466.3	-0.00274949
466.4	-0.00273612
466.5	-0.0027281
466.6	-0.00272629
466.7	-0.00272955
466.8	-0.00272874
466.9	-0.00272529
467	-0.00271948
467.1	-0.0027107
467.2	-0.00269985
467.3	-0.00269003
467.4	-0.00267794
467.5	-0.00266607
467.6	-0.00265799
467.7	-0.00265189
467.8	-0.00264742
467.9	-0.0026472
468	-0.00264708
468.1	-0.00264735
468.2	-0.00265014
468.3	-0.00265104
468.4	-0.00265307
468.5	-0.00265705
468.6	-0.002664
468.7	-0.00267684
468.8	-0.00268814
468.9	-0.00269481
469	-0.00269685
469.1	-0.00269589
469.2	-0.00269392
469.3	-0.00269119
469.4	-0.00268132
469.5	-0.0026641
469.6	-0.00264351
469.7	-0.00262201
469.8	-0.00259902
469.9	-0.00257588
470	-0.00255306
470.1	-0.00253207
470.2	-0.00250852
470.3	-0.00248169
470.4	-0.00245165
470.5	-0.00242186
470.6	-0.00239426
470.7	-0.00236465
470.8	-0.00233088
470.9	-0.00229027
471	-0.00224992
471.1	-0.00220738
471.2	-0.00217091
471.3	-0.00213802
471.4	-0.00210408
471.5	-0.00207263
471.6	-0.00204284
471.7	-0.0020146
471.8	-0.00198747
471.9	-0.0019611
472	-0.00193264
472.1	-0.00190629
472.2	-0.00187846
472.3	-0.00184868
472.4	-0.00181485
472.5	-0.00177665
472.6	-0.00173645
472.7	-0.00169603
472.8	-0.00165129
472.9	-0.0016025
473	-0.00155268
473.1	-0.00150215
473.2	-0.00144877
473.3	-0.00138925
473.4	-0.00132738
473.5	-0.00126912
473.6	-0.00121498
473.7	-0.00116036
473.8	-0.00111032
473.9	-0.00105958
474	-0.00101297
474.1	-0.000972757
474.2	-0.000935033
474.3	-0.000897812
474.4	-0.000862121
474.5	-0.00082591
474.6	-0.000788506
474.7	-0.000753768
474.8	-0.000714258
474.9	-0.000674044
475	-0.000629989
475.1	-0.00058429
475.2	-0.000533966
475.3	-0.000482279
475.4	-0.000433318
475.5	-0.000390048
475.6	-0.000350062
475.7	-0.000307532
475.8	-0.000262095
475.9	-0.000218728
476	-0.000177919
476.1	-0.000141288
476.2	-0.000104866
476.3	-6.95121e-05
476.4	-3.68725e-05
476.5	3.64781e-07
476.6	4.02758e-05
476.7	7.81832e-05
476.8	0.000113361
476.9	0.000146506
477	0.000182583
477.1	0.000223773
477.2	0.000264371
477.3	0.000305149
477.4	0.000346522
477.5	0.000382962
477.6	0.000413578
477.7	0.000444579
477.8	0.000474134
477.9	0.000501053
478	0.000530295
478.1	0.000559654
478.2	0.000583919
478.3	0.000606412
478.4	0.000627827
478.5	0.000651808
478.6	0.000673014
478.7	0.000699829
478.8	0.000730295
478.9	0.000765408
479	0.000800086
479.1	0.000836493
479.2	0.000875874
479.3	0.00092304
479.4	0.000969522
479.5	0.00101083
479.6	0.00104994
479.7	0.00108195
479.8	0.00111056
479.9	0.00113607
480	0.00115816
480.1	0.00117454
480.2	0.00118748
480.3	0.00119313
480.4	0.00119378
480.5	0.00119184
480.6	0.00119134
480.7	0.00118927
480.8	0.00118612
480.9	0.00117478
481	0.00116181
481.1	0.00114927
481.2	0.00113179
481.3	0.00111636
481.4	0.00110351
481.5	0.00108904
481.6	0.00107372
481.7	0.00105288
481.8	0.00102773
481.9	0.000999861
482	0.000975135
482.1	0.000953741
482.2	0.000935807
482.3	0.000918833
482.4	0.000902643
482.5	0.000888213
482.6	0.000871566
482.7	0.000854106
482.8	0.000838554
482.9	0.000827466
483	0.000817724
483.1	0.00080438
483.2	0.000787935
483.3	0.000776307
483.4	0.000766851
483.5	0.000760178
483.6	0.000756254
483.7	0.000750549
483.8	0.00074749
483.9	0.000746914
484	0.000747785
484.1	0.000747731
484.2	0.000745791
484.3	0.000741916
484.4	0.000738946
484.5	0.000737935
484.6	0.000737071
484.7	0.000737258
484.8	0.000740149
484.9	0.000752992
485	0.000768416
485.1	0.000782355
485.2	0.000795612
485.3	0.000808253
485.4	0.000818991
485.5	0.000835854
485.6	0.000862664
485.7	0.000890547
485.8	0.000916804
485.9	0.0009407
486	0.000961432
486.1	0.000977358
486.2	0.000993823
486.3	0.00101105
486.4	0.0010258
486.5	0.00104156
486.6	0.00105497
486.7	0.00107041
486.8	0.0010868
486.9	0.00110401
487	0.00112026
487.1	0.00113641
487.2	0.00115181
487.3	0.00116686
487.4	0.00118361
487.5	0.00120407
487.6	0.00122888
487.7	0.00125795
487.8	0.00129012
487.9	0.00132217
488	0.00135266
488.1	0.00138121
488.2	0.00140823
488.3	0.00143572
488.4	0.00147127
488.5	0.00151235
488.6	0.00155691
488.7	0.00160637
488.8	0.00166099
488.9	0.00171239
489	0.00176527
489.1	0.00181352
489.2	0.00186211
489.3	0.00190826
489.4	0.00195189
489.5	0.00199692
489.6	0.00203625
489.7	0.00207248
489.8	0.00211072
489.9	0.00214974
490	0.00218503
490.1	0.00221854
490.2	0.00225054
490.3	0.00228159
490.4	0.0023085
490.5	0.00233603
490.6	0.00236241
490.7	0.00238442
490.8	0.00241117
490.9	0.0024385
491	0.00246429
491.1	0.00248941
491.2	0.00251572
491.3	0.00254221
491.4	0.00256671
491.5	0.00258817
491.6	0.00260753
491.7	0.00262715
491.8	0.00264212
491.9	0.00265565
492	0.00266796
492.1	0.00268061
492.2	0.00269461
492.3	0.00270985
492.4	0.00272544
492.5	0.00273909
492.6	0.00274753
492.7	0.00275666
492.8	0.00277094
492.9	0.00278618
493	0.00280152
493.1	0.00281929
493.2	0.0028406
493.3	0.00286747
493.4	0.00289958
493.5	0.00293584
493.6	0.00297309
493.7	0.00300735
493.8	0.00303939
493.9	0.00306905
494	0.00309926
494.1	0.00313386
494.2	0.00317369
494.3	0.00321186
494.4	0.00325141
494.5	0.00329281
494.6	0.00333047
494.7	0.00336587
494.8	0.0033982
494.9	0.00343231
495	0.0034704
495.1	0.00350788
495.2	0.00354131
495.3	0.00357273
495.4	0.0036031
495.5	0.00362922
495.6	0.00365123
495.7	0.00367336
495.8	0.00369109
495.9	0.00370354
496	0.00371432
496.1	0.00372008
496.2	0.00372727
496.3	0.00373185
496.4	0.0037368
496.5	0.0037391
496.6	0.00373735
496.7	0.00373517
496.8	0.00373271
496.9	0.00372901
497	0.00372527
497.1	0.00372141
497.2	0.00371495
497.3	0.0037047
497.4	0.00369189
497.5	0.0036787
497.6	0.00366394
497.7	0.00364963
497.8	0.00362612
497.9	0.00360153
498	0.00357321
498.1	0.00354546
498.2	0.00352132
498.3	0.00349776
498.4	0.00347557
498.5	0.0034501
498.6	0.00342705
498.7	0.00340734
498.8	0.00338733
498.9	0.00336748
499	0.00334444
499.1	0.00332405
499.2	0.00330534
499.3	0.00328543
499.4	0.00326942
499.5	0.00325031
499.6	0.00322718
499.7	0.00319968
499.8	0.00316981
499.9	0.00314044
500	0.00311411
